[64, 256, 128]
0,0,0,0,0,0,0,0,0,0,0,0,0,0,0,0,0,0,0,0,0,0,0,0,0,0,0,0,0,0,0,0,0,0,0,0,0,0,0,0,0,0,0,0,0,0,0,0,0,0,0,0,0,0,0,0,0,0,0,0,0,0,0,0,0,0,0,0,0,0,0,0,0,0,0,0,0,0,0,0,0,0,0,0,0,0,0,0,0,0,0,0,0,0,0,0,0,0,0,0,0,0,0,0,0,0,0,0,0,0,0,0,0,0,0,0,0,0,0,0,0,0,0,0,0,0,0,0,0,0,0,0,0,0,0,0,0,0,0,0,0,0,0,0,0,0,0,0,0,0,0,0,0,0,0,0,0,0,0,0,0,0,0,0,0,0,0,0,0,0,0,0,0,0,0,0,0,0,0,0,0,0,0,0,0,0,0,0,0,0,0,0,0,0,0,0,0,0,0,0,0,0,0,0,0,0,0,0,0,0,0,0,0,0,0,0,0,0,0,0,0,0,0,0,0,0,0,0,0,0,0,0,0,0,0,0,0,0,0,0,0,0,0,0,0,0,0,0,0,0,0,0,0,0,0,0,
0,0,0,0,0,0,0,0,0,0,0,0,0,0,0,0,0,0,0,0,0,0,0,0,0,0,0,0,0,0,0,0,0,0,0,0,0,0,0,0,0,0,0,0,0,0,0,0,0,0,0,0,0,0,0,0,0,0,0,0,0,0,0,0,0,0,0,0,0,0,0,0,0,0,0,0,0,0,0,0,0,0,0,0,0,0,0,0,0,0,0,0,0,0,0,0,0,0,0,0,0,0,0,0,0,0,0,0,0,0,0,0,0,0,0,0,0,0,0,0,0,0,0,0,0,0,0,0,0,0,0,0,0,0,0,0,0,0,0,0,0,0,0,0,0,0,0,0,0,0,0,0,0,0,0,0,0,0,0,0,0,0,0,0,0,0,0,0,0,0,0,0,0,0,0,0,0,0,0,0,0,0,0,0,0,0,0,0,0,0,0,0,0,0,0,0,0,0,0,0,0,0,0,0,0,0,0,0,0,0,0,0,0,0,0,0,0,0,0,0,0,0,0,0,0,0,0,0,0,0,0,0,0,0,0,0,0,0,0,0,0,0,0,0,0,0,0,0,0,0,0,0,0,0,0,0,
0,0,0,0,0,0,0,0,0,0,0,0,0,0,0,0,0,0,0,0,0,0,0,0,0,0,0,0,0,0,0,0,0,0,0,0,0,0,0,0,0,0,0,0,0,0,0,0,0,0,0,0,0,0,0,0,0,0,0,0,0,0,0,0,0,0,0,0,0,0,0,0,0,0,0,0,0,0,0,0,0,0,0,0,0,0,0,0,0,0,0,0,0,0,0,0,0,0,0,0,0,0,0,0,0,0,0,0,0,0,0,0,0,0,0,0,0,0,0,0,0,0,0,0,0,0,0,0,0,0,0,0,0,0,0,0,0,0,0,0,0,0,0,0,0,0,0,0,0,0,0,0,0,0,0,0,0,0,0,0,0,0,0,0,0,0,0,0,0,0,0,0,0,0,0,0,0,0,0,0,0,0,0,0,0,0,0,0,0,0,0,0,0,0,0,0,0,0,0,0,0,0,0,0,0,0,0,0,0,0,0,0,0,0,0,0,0,0,0,0,0,0,0,0,0,0,0,0,0,0,0,0,0,0,0,0,0,0,0,0,0,0,0,0,0,0,0,0,0,0,0,0,0,0,0,0,
0,0,0,0,0,0,0,0,0,0,0,0,0,0,0,0,0,0,0,0,0,0,0,0,0,0,0,0,0,0,0,0,0,0,0,0,0,0,0,0,0,0,0,0,0,0,0,0,0,0,0,0,0,0,0,0,0,0,0,0,0,0,0,0,0,0,0,0,0,0,0,0,0,0,0,0,0,0,0,0,0,0,0,0,0,0,0,0,0,0,0,0,0,0,0,0,0,0,0,0,0,0,0,0,0,0,0,0,0,0,0,0,0,0,0,0,0,0,0,0,0,0,0,0,0,0,0,0,0,0,0,0,0,0,0,0,0,0,0,0,0,0,0,0,0,0,0,0,0,0,0,0,0,0,0,0,0,0,0,0,0,0,0,0,0,0,0,0,0,0,0,0,0,0,0,0,0,0,0,0,0,0,0,0,0,0,0,0,0,0,0,0,0,0,0,0,0,0,0,0,0,0,0,0,0,0,0,0,0,0,0,0,0,0,0,0,0,0,0,0,0,0,0,0,0,0,0,0,0,0,0,0,0,0,0,0,0,0,0,0,0,0,0,0,0,0,0,0,0,0,0,0,0,0,0,0,
0,0,0,0,0,0,0,0,0,0,0,0,0,0,0,0,0,0,0,0,0,0,0,0,0,0,0,0,0,0,0,0,0,0,0,0,0,0,0,0,0,0,0,0,0,0,0,0,0,0,0,0,0,0,0,0,0,0,0,0,0,0,0,0,0,0,0,0,0,0,0,0,0,0,0,0,0,0,0,0,0,0,0,0,0,0,0,0,0,0,0,0,0,0,0,0,0,0,0,0,0,0,0,0,0,0,0,0,0,0,0,0,0,0,0,0,0,0,0,0,0,0,0,0,0,0,0,0,0,0,0,0,0,0,0,0,0,0,0,0,0,0,0,0,0,0,0,0,0,0,0,0,0,0,0,0,0,0,0,0,0,0,0,0,0,0,0,0,0,0,0,0,0,0,0,0,0,0,0,0,0,0,0,0,0,0,0,0,0,0,0,0,0,0,0,0,0,0,0,0,0,0,0,0,0,0,0,0,0,0,0,0,0,0,0,0,0,0,0,0,0,0,0,0,0,0,0,0,0,0,0,0,0,0,0,0,0,0,0,0,0,0,0,0,0,0,0,0,0,0,0,0,0,0,0,0,
0,0,0,0,0,0,0,0,0,0,0,0,0,0,0,0,0,0,0,0,0,0,0,0,0,0,0,0,0,0,0,0,0,0,0,0,0,0,0,0,0,0,0,0,0,0,0,0,0,0,0,0,0,0,0,0,0,0,0,0,0,0,0,0,0,0,0,0,0,0,0,0,0,0,0,0,0,0,0,0,0,0,0,0,0,0,0,0,0,0,0,0,0,0,0,0,0,0,0,0,0,0,0,0,0,0,0,0,0,0,0,0,0,0,0,0,0,0,0,0,0,0,0,0,0,0,0,0,0,0,0,0,0,0,0,0,0,0,0,0,0,0,0,0,0,0,0,0,0,0,0,0,0,0,0,0,0,0,0,0,0,0,0,0,0,0,0,0,0,0,0,0,0,0,0,0,0,0,0,0,0,0,0,0,0,0,0,0,0,0,0,0,0,0,0,0,0,0,0,0,0,0,0,0,0,0,0,0,0,0,0,0,0,0,0,0,0,0,0,0,0,0,0,0,0,0,0,0,0,0,0,0,0,0,0,0,0,0,0,0,0,0,0,0,0,0,0,0,0,0,0,0,0,0,0,0,
0,0,0,0,0,0,0,0,0,0,0,0,0,0,0,0,0,0,0,0,0,0,0,0,0,0,0,0,0,0,0,0,0,0,0,0,0,0,0,0,0,0,0,0,0,0,0,0,0,0,0,0,0,0,0,0,0,0,0,0,0,0,0,0,0,0,0,0,0,0,0,0,0,0,0,0,0,0,0,0,0,0,0,0,0,0,0,0,0,0,0,0,0,0,0,0,0,0,0,0,0,0,0,0,0,0,0,0,0,0,0,0,0,0,0,0,0,0,0,0,0,0,0,0,0,0,0,0,0,0,0,0,0,0,0,0,0,0,0,0,0,0,0,0,0,0,0,0,0,0,0,0,0,0,0,0,0,0,0,0,0,0,0,0,0,0,0,0,0,0,0,0,0,0,0,0,0,0,0,0,0,0,0,0,0,0,0,0,0,0,0,0,0,0,0,0,0,0,0,0,0,0,0,0,0,0,0,0,0,0,0,0,0,0,0,0,0,0,0,0,0,0,0,0,0,0,0,0,0,0,0,0,0,0,0,0,0,0,0,0,0,0,0,0,0,0,0,0,0,0,0,0,0,0,0,0,
0,0,0,0,0,0,0,0,0,0,0,0,0,0,0,0,0,0,0,0,0,0,0,0,0,0,0,0,0,0,0,0,0,0,0,0,0,0,0,0,0,0,0,0,0,0,0,0,0,0,0,0,0,0,0,0,0,0,0,0,0,0,0,0,0,0,0,0,0,0,0,0,0,0,0,0,0,0,0,0,0,0,0,0,0,0,0,0,0,0,0,0,0,0,0,0,0,0,0,0,0,0,0,0,0,0,0,0,0,0,0,0,0,0,0,0,0,0,0,0,0,0,0,0,0,0,0,0,0,0,0,0,0,0,0,0,0,0,0,0,0,0,0,0,0,0,0,0,0,0,0,0,0,0,0,0,0,0,0,0,0,0,0,0,0,0,0,0,0,0,0,0,0,0,0,0,0,0,0,0,0,0,0,0,0,0,0,0,0,0,0,0,0,0,0,0,0,0,0,0,0,0,0,0,0,0,0,0,0,0,0,0,0,0,0,0,0,0,0,0,0,0,0,0,0,0,0,0,0,0,0,0,0,0,0,0,0,0,0,0,0,0,0,0,0,0,0,0,0,0,0,0,0,0,0,0,
0,0,0,0,0,0,0,0,0,0,0,0,0,0,0,0,0,0,0,0,0,0,0,0,0,0,0,0,0,0,0,0,0,0,0,0,0,0,0,0,0,0,0,0,0,0,0,0,0,0,0,0,0,0,0,0,0,0,0,0,0,0,0,0,0,0,0,0,0,0,0,0,0,0,0,0,0,0,0,0,0,0,0,0,0,0,0,0,0,0,0,0,0,0,0,0,0,0,0,0,0,0,0,0,0,0,0,0,0,0,0,0,0,0,0,0,0,0,0,0,0,0,0,0,0,0,0,0,0,0,0,0,0,0,0,0,0,0,0,0,0,0,0,0,0,0,0,0,0,0,0,0,0,0,0,0,0,0,0,0,0,0,0,0,0,0,0,0,0,0,0,0,0,0,0,0,0,0,0,0,0,0,0,0,0,0,0,0,0,0,0,0,0,0,0,0,0,0,0,0,0,0,0,0,0,0,0,0,0,0,0,0,0,0,0,0,0,0,0,0,0,0,0,0,0,0,0,0,0,0,0,0,0,0,0,0,0,0,0,0,0,0,0,0,0,0,0,0,0,0,0,0,0,0,0,0,
0,0,0,0,0,0,0,0,0,0,0,0,0,0,0,0,0,0,0,0,0,0,0,0,0,0,0,0,0,0,0,0,0,0,0,0,0,0,0,0,0,0,0,0,0,0,0,0,0,0,0,0,0,0,0,0,0,0,0,0,0,0,0,0,0,0,0,0,0,0,0,0,0,0,0,0,0,0,0,0,0,0,0,0,0,0,0,0,0,0,0,0,0,0,0,0,0,0,0,0,0,0,0,0,0,0,0,0,0,0,0,0,0,0,0,0,0,0,0,0,0,0,0,0,0,0,0,0,0,0,0,0,0,0,0,0,0,0,0,0,0,0,0,0,0,0,0,0,0,0,0,0,0,0,0,0,0,0,0,0,0,0,0,0,0,0,0,0,0,0,0,0,0,0,0,0,0,0,0,0,0,0,0,0,0,0,0,0,0,0,0,0,0,0,0,0,0,0,0,0,0,0,0,0,0,0,0,0,0,0,0,0,0,0,0,0,0,0,0,0,0,0,0,0,0,0,0,0,0,0,0,0,0,0,0,0,0,0,0,0,0,0,0,0,0,0,0,0,0,0,0,0,0,0,0,0,
0,0,0,0,0,0,0,0,0,0,0,0,0,0,0,0,0,0,0,0,0,0,0,0,0,0,0,0,0,0,0,0,0,0,0,0,0,0,0,0,0,0,0,0,0,0,0,0,0,0,0,0,0,0,0,0,0,0,0,0,0,0,0,0,0,0,0,0,0,0,0,0,0,0,0,0,0,0,0,0,0,0,0,0,0,0,0,0,0,0,0,0,0,0,0,0,0,0,0,0,0,0,0,0,0,0,0,0,0,0,0,0,0,0,0,0,0,0,0,0,0,0,0,0,0,0,0,0,0,0,0,0,0,0,0,0,0,0,0,0,0,0,0,0,0,0,0,0,0,0,0,0,0,0,0,0,0,0,0,0,0,0,0,0,0,0,0,0,0,0,0,0,0,0,0,0,0,0,0,0,0,0,0,0,0,0,0,0,0,0,0,0,0,0,0,0,0,0,0,0,0,0,0,0,0,0,0,0,0,0,0,0,0,0,0,0,0,0,0,0,0,0,0,0,0,0,0,0,0,0,0,0,0,0,0,0,0,0,0,0,0,0,0,0,0,0,0,0,0,0,0,0,0,0,0,0,
0,0,0,0,0,0,0,0,0,0,0,0,0,0,0,0,0,0,0,0,0,0,0,0,0,0,0,0,0,0,0,0,0,0,0,0,0,0,0,0,0,0,0,0,0,0,0,0,0,0,0,0,0,0,0,0,0,0,0,0,0,0,0,0,0,0,0,0,0,0,0,0,0,0,0,0,0,0,0,0,0,0,0,0,0,0,0,0,0,0,0,0,0,0,0,0,0,0,0,0,0,0,0,0,0,0,0,0,0,0,0,0,0,0,0,0,0,0,0,0,0,0,0,0,0,0,0,0,0,0,0,0,0,0,0,0,0,0,0,0,0,0,0,0,0,0,0,0,0,0,0,0,0,0,0,0,0,0,0,0,0,0,0,0,0,0,0,0,0,0,0,0,0,0,0,0,0,0,0,0,0,0,0,0,0,0,0,0,0,0,0,0,0,0,0,0,0,0,0,0,0,0,0,0,0,0,0,0,0,0,0,0,0,0,0,0,0,0,0,0,0,0,0,0,0,0,0,0,0,0,0,0,0,0,0,0,0,0,0,0,0,0,0,0,0,0,0,0,0,0,0,0,0,0,0,0,
0,0,0,0,0,0,0,0,0,0,0,0,0,0,0,0,0,0,0,0,0,0,0,0,0,0,0,0,0,0,0,0,0,0,0,0,0,0,0,0,0,0,0,0,0,0,0,0,0,0,0,0,0,0,0,0,0,0,0,0,0,0,0,0,0,0,0,0,0,0,0,0,0,0,0,0,0,0,0,0,0,0,0,0,0,0,0,0,0,0,0,0,0,0,0,0,0,0,0,0,0,0,0,0,0,0,0,0,0,0,0,0,0,0,0,0,0,0,0,0,0,0,0,0,0,0,0,0,0,0,0,0,0,0,0,0,0,0,0,0,0,0,0,0,0,0,0,0,0,0,0,0,0,0,0,0,0,0,0,0,0,0,0,0,0,0,0,0,0,0,0,0,0,0,0,0,0,0,0,0,0,0,0,0,0,0,0,0,0,0,0,0,0,0,0,0,0,0,0,0,0,0,0,0,0,0,0,0,0,0,0,0,0,0,0,0,0,0,0,0,0,0,0,0,0,0,0,0,0,0,0,0,0,0,0,0,0,0,0,0,0,0,0,0,0,0,0,0,0,0,0,0,0,0,0,0,
0,0,0,0,0,0,0,0,0,0,0,0,0,0,0,0,0,0,0,0,0,0,0,0,0,0,0,0,0,0,0,0,0,0,0,0,0,0,0,0,0,0,0,0,0,0,0,0,0,0,0,0,0,0,0,0,0,0,0,0,0,0,0,0,0,0,0,0,0,0,0,0,0,0,0,0,0,0,0,0,0,0,0,0,0,0,0,0,0,0,0,0,0,0,0,0,0,0,0,0,0,0,0,0,0,0,0,0,0,0,0,0,0,0,0,0,0,0,0,0,0,0,0,0,0,0,0,0,0,0,0,0,0,0,0,0,0,0,0,0,0,0,0,0,0,0,0,0,0,0,0,0,0,0,0,0,0,0,0,0,0,0,0,0,0,0,0,0,0,0,0,0,0,0,0,0,0,0,0,0,0,0,0,0,0,0,0,0,0,0,0,0,0,0,0,0,0,0,0,0,0,0,0,0,0,0,0,0,0,0,0,0,0,0,0,0,0,0,0,0,0,0,0,0,0,0,0,0,0,0,0,0,0,0,0,0,0,0,0,0,0,0,0,0,0,0,0,0,0,0,0,0,0,0,0,0,
0,0,0,0,0,0,0,0,0,0,0,0,0,0,0,0,0,0,0,0,0,0,0,0,0,0,0,0,0,0,0,0,0,0,0,0,0,0,0,0,0,0,0,0,0,0,0,0,0,0,0,0,0,0,0,0,0,0,0,0,0,0,0,0,0,0,0,0,0,0,0,0,0,0,0,0,0,0,0,0,0,0,0,0,0,0,0,0,0,0,0,0,0,0,0,0,0,0,0,0,0,0,0,0,0,0,0,0,0,0,0,0,0,0,0,0,0,0,0,0,0,0,0,0,0,0,0,0,0,0,0,0,0,0,0,0,0,0,0,0,0,0,0,0,0,0,0,0,0,0,0,0,0,0,0,0,0,0,0,0,0,0,0,0,0,0,0,0,0,0,0,0,0,0,0,0,0,0,0,0,0,0,0,0,0,0,0,0,0,0,0,0,0,0,0,0,0,0,0,0,0,0,0,0,0,0,0,0,0,0,0,0,0,0,0,0,0,0,0,0,0,0,0,0,0,0,0,0,0,0,0,0,0,0,0,0,0,0,0,0,0,0,0,0,0,0,0,0,0,0,0,0,0,0,0,0,
0,0,0,0,0,0,0,0,0,0,0,0,0,0,0,0,0,0,0,0,0,0,0,0,0,0,0,0,0,0,0,0,0,0,0,0,0,0,0,0,0,0,0,0,0,0,0,0,0,0,0,0,0,0,0,0,0,0,0,0,0,0,0,0,0,0,0,0,0,0,0,0,0,0,0,0,0,0,0,0,0,0,0,0,0,0,0,0,0,0,0,0,0,0,0,0,0,0,0,0,0,0,0,0,0,0,0,0,0,0,0,0,0,0,0,0,0,0,0,0,0,0,0,0,0,0,0,0,0,0,0,0,0,0,0,0,0,0,0,0,0,0,0,0,0,0,0,0,0,0,0,0,0,0,0,0,0,0,0,0,0,0,0,0,0,0,0,0,0,0,0,0,0,0,0,0,0,0,0,0,0,0,0,0,0,0,0,0,0,0,0,0,0,0,0,0,0,0,0,0,0,0,0,0,0,0,0,0,0,0,0,0,0,0,0,0,0,0,0,0,0,0,0,0,0,0,0,0,0,0,0,0,0,0,0,0,0,0,0,0,0,0,0,0,0,0,0,0,0,0,0,0,0,0,0,0,
0,0,0,0,0,0,0,0,0,0,0,0,0,0,0,0,0,0,0,0,0,0,0,0,0,0,0,0,0,0,0,0,0,0,0,0,0,0,0,0,0,0,0,0,0,0,0,0,0,0,0,0,0,0,0,0,0,0,0,0,0,0,0,0,0,0,0,0,0,0,0,0,0,0,0,0,0,0,0,0,0,0,0,0,0,0,0,0,0,0,0,0,0,0,0,0,0,0,0,0,0,0,0,0,0,0,0,0,0,0,0,0,0,0,0,0,0,0,0,0,0,0,0,0,0,0,0,0,0,0,0,0,0,0,0,0,0,0,0,0,0,0,0,0,0,0,0,0,0,0,0,0,0,0,0,0,0,0,0,0,0,0,0,0,0,0,0,0,0,0,0,0,0,0,0,0,0,0,0,0,0,0,0,0,0,0,0,0,0,0,0,0,0,0,0,0,0,0,0,0,0,0,0,0,0,0,0,0,0,0,0,0,0,0,0,0,0,0,0,0,0,0,0,0,0,0,0,0,0,0,0,0,0,0,0,0,0,0,0,0,0,0,0,0,0,0,0,0,0,0,0,0,0,0,0,0,
0,0,0,0,0,0,0,0,0,0,0,0,0,0,0,0,0,0,0,0,0,0,0,0,0,0,0,0,0,0,0,0,0,0,0,0,0,0,0,0,0,0,0,0,0,0,0,0,0,0,0,0,0,0,0,0,0,0,0,0,0,0,0,0,0,0,0,0,0,0,0,0,0,0,0,0,0,0,0,0,0,0,0,0,0,0,0,0,0,0,0,0,0,0,0,0,0,0,0,0,0,0,0,0,0,0,0,0,0,0,0,0,0,0,0,0,0,0,0,0,0,0,0,0,0,0,0,0,0,0,0,0,0,0,0,0,0,0,0,0,0,0,0,0,0,0,0,0,0,0,0,0,0,0,0,0,0,0,0,0,0,0,0,0,0,0,0,0,0,0,0,0,0,0,0,0,0,0,0,0,0,0,0,0,0,0,0,0,0,0,0,0,0,0,0,0,0,0,0,0,0,0,0,0,0,0,0,0,0,0,0,0,0,0,0,0,0,0,0,0,0,0,0,0,0,0,0,0,0,0,0,0,0,0,0,0,0,0,0,0,0,0,0,0,0,0,0,0,0,0,0,0,0,0,0,0,
0,0,0,0,0,0,0,0,0,0,0,0,0,0,0,0,0,0,0,0,0,0,0,0,0,0,0,0,0,0,0,0,0,0,0,0,0,0,0,0,0,0,0,0,0,0,0,0,0,0,0,0,0,0,0,0,0,0,0,0,0,0,0,0,0,0,0,0,0,0,0,0,0,0,0,0,0,0,0,0,0,0,0,0,0,0,0,0,0,0,0,0,0,0,0,0,0,0,0,0,0,0,0,0,0,0,0,0,0,0,0,0,0,0,0,0,0,0,0,0,0,0,0,0,0,0,0,0,0,0,0,0,0,0,0,0,0,0,0,0,0,0,0,0,0,0,0,0,0,0,0,0,0,0,0,0,0,0,0,0,0,0,0,0,0,0,0,0,0,0,0,0,0,0,0,0,0,0,0,0,0,0,0,0,0,0,0,0,0,0,0,0,0,0,0,0,0,0,0,0,0,0,0,0,0,0,0,0,0,0,0,0,0,0,0,0,0,0,0,0,0,0,0,0,0,0,0,0,0,0,0,0,0,0,0,0,0,0,0,0,0,0,0,0,0,0,0,0,0,0,0,0,0,0,0,0,
0,0,0,0,0,0,0,0,0,0,0,0,0,0,0,0,0,0,0,0,0,0,0,0,0,0,0,0,0,0,0,0,0,0,0,0,0,0,0,0,0,0,0,0,0,0,0,0,0,0,0,0,0,0,0,0,0,0,0,0,0,0,0,0,0,0,0,0,0,0,0,0,0,0,0,0,0,0,0,0,0,0,0,0,0,0,0,0,0,0,0,0,0,0,0,0,0,0,0,0,0,0,0,0,0,0,0,0,0,0,0,0,0,0,0,0,0,0,0,0,0,0,0,0,0,0,0,0,0,0,0,0,0,0,0,0,0,0,0,0,0,0,0,0,0,0,0,0,0,0,0,0,0,0,0,0,0,0,0,0,0,0,0,0,0,0,0,0,0,0,0,0,0,0,0,0,0,0,0,0,0,0,0,0,0,0,0,0,0,0,0,0,0,0,0,0,0,0,0,0,0,0,0,0,0,0,0,0,0,0,0,0,0,0,0,0,0,0,0,0,0,0,0,0,0,0,0,0,0,0,0,0,0,0,0,0,0,0,0,0,0,0,0,0,0,0,0,0,0,0,0,0,0,0,0,0,
0,0,0,0,0,0,0,0,0,0,0,0,0,0,0,0,0,0,0,0,0,0,0,0,0,0,0,0,0,0,0,0,0,0,0,0,0,0,0,0,0,0,0,0,0,0,0,0,0,0,0,0,0,0,0,0,0,0,0,0,0,0,0,0,0,0,0,0,0,0,0,0,0,0,0,0,0,0,0,0,0,0,0,0,0,0,0,0,0,0,0,0,0,0,0,0,0,0,0,0,0,0,0,0,0,0,0,0,0,0,0,0,0,0,0,0,0,0,0,0,0,0,0,0,0,0,0,0,0,0,0,0,0,0,0,0,0,0,0,0,0,0,0,0,0,0,0,0,0,0,0,0,0,0,0,0,0,0,0,0,0,0,0,0,0,0,0,0,0,0,0,0,0,0,0,0,0,0,0,0,0,0,0,0,0,0,0,0,0,0,0,0,0,0,0,0,0,0,0,0,0,0,0,0,0,0,0,0,0,0,0,0,0,0,0,0,0,0,0,0,0,0,0,0,0,0,0,0,0,0,0,0,0,0,0,0,0,0,0,0,0,0,0,0,0,0,0,0,0,0,0,0,0,0,0,0,
0,0,0,0,0,0,0,0,0,0,0,0,0,0,0,0,0,0,0,0,0,0,0,0,0,0,0,0,0,0,0,0,0,0,0,0,0,0,0,0,0,0,0,0,0,0,0,0,0,0,0,0,0,0,0,0,0,0,0,0,0,0,0,0,0,0,0,0,0,0,0,0,0,0,0,0,0,0,0,0,0,0,0,0,0,0,0,0,0,0,0,0,0,0,0,0,0,0,0,0,0,0,0,0,0,0,0,0,0,0,0,0,0,0,0,0,0,0,0,0,0,0,0,0,0,0,0,0,0,0,0,0,0,0,0,0,0,0,0,0,0,0,0,0,0,0,0,0,0,0,0,0,0,0,0,0,0,0,0,0,0,0,0,0,0,0,0,0,0,0,0,0,0,0,0,0,0,0,0,0,0,0,0,0,0,0,0,0,0,0,0,0,0,0,0,0,0,0,0,0,0,0,0,0,0,0,0,0,0,0,0,0,0,0,0,0,0,0,0,0,0,0,0,0,0,0,0,0,0,0,0,0,0,0,0,0,0,0,0,0,0,0,0,0,0,0,0,0,0,0,0,0,0,0,0,0,
0,0,0,0,0,0,0,0,0,0,0,0,0,0,0,0,0,0,0,0,0,0,0,0,0,0,0,0,0,0,0,0,0,0,0,0,0,0,0,0,0,0,0,0,0,0,0,0,0,0,0,0,0,0,0,0,0,0,0,0,0,0,0,0,0,0,0,0,0,0,0,0,0,0,0,0,0,0,0,0,0,0,0,0,0,0,0,0,0,0,0,0,0,0,0,0,0,0,0,0,0,0,0,0,0,0,0,0,0,0,0,0,0,0,0,0,0,0,0,0,0,0,0,0,0,0,0,0,0,0,0,0,0,0,0,0,0,0,0,0,0,0,0,0,0,0,0,0,0,0,0,0,0,0,0,0,0,0,0,0,0,0,0,0,0,0,0,0,0,0,0,0,0,0,0,0,0,0,0,0,0,0,0,0,0,0,0,0,0,0,0,0,0,0,0,0,0,0,0,0,0,0,0,0,0,0,0,0,0,0,0,0,0,0,0,0,0,0,0,0,0,0,0,0,0,0,0,0,0,0,0,0,0,0,0,0,0,0,0,0,0,0,0,0,0,0,0,0,0,0,0,0,0,0,0,0,
0,0,0,0,0,0,0,0,0,0,0,0,0,0,0,0,0,0,0,0,0,0,0,0,0,0,0,0,0,0,0,0,0,0,0,0,0,0,0,0,0,0,0,0,0,0,0,0,0,0,0,0,0,0,0,0,0,0,0,0,0,0,0,0,0,0,0,0,0,0,0,0,0,0,0,0,0,0,0,0,0,0,0,0,0,0,0,0,0,0,0,0,0,0,0,0,0,0,0,0,0,0,0,0,0,0,0,0,0,0,0,0,0,0,0,0,0,0,0,0,0,0,0,0,0,0,0,0,0,0,0,0,0,0,0,0,0,0,0,0,0,0,0,0,0,0,0,0,0,0,0,0,0,0,0,0,0,0,0,0,0,0,0,0,0,0,0,0,0,0,0,0,0,0,0,0,0,0,0,0,0,0,0,0,0,0,0,0,0,0,0,0,0,0,0,0,0,0,0,0,0,0,0,0,0,0,0,0,0,0,0,0,0,0,0,0,0,0,0,0,0,0,0,0,0,0,0,0,0,0,0,0,0,0,0,0,0,0,0,0,0,0,0,0,0,0,0,0,0,0,0,0,0,0,0,0,
0,0,0,0,0,0,0,0,0,0,0,0,0,0,0,0,0,0,0,0,0,0,0,0,0,0,0,0,0,0,0,0,0,0,0,0,0,0,0,0,0,0,0,0,0,0,0,0,0,0,0,0,0,0,0,0,0,0,0,0,0,0,0,0,0,0,0,0,0,0,0,0,0,0,0,0,0,0,0,0,0,0,0,0,0,0,0,0,0,0,0,0,0,0,0,0,0,0,0,0,0,0,0,0,0,0,0,0,0,0,0,0,0,0,0,0,0,0,0,0,0,0,0,0,0,0,0,0,0,0,0,0,0,0,0,0,0,0,0,0,0,0,0,0,0,0,0,0,0,0,0,0,0,0,0,0,0,0,0,0,0,0,0,0,0,0,0,0,0,0,0,0,0,0,0,0,0,0,0,0,0,0,0,0,0,0,0,0,0,0,0,0,0,0,0,0,0,0,0,0,0,0,0,0,0,0,0,0,0,0,0,0,0,0,0,0,0,0,0,0,0,0,0,0,0,0,0,0,0,0,0,0,0,0,0,0,0,0,0,0,0,0,0,0,0,0,0,0,0,0,0,0,0,0,0,0,
0,0,0,0,0,0,0,0,0,0,0,0,0,0,0,0,0,0,0,0,0,0,0,0,0,0,0,0,0,0,0,0,0,0,0,0,0,0,0,0,0,0,0,0,0,0,0,0,0,0,0,0,0,0,0,0,0,0,0,0,0,0,0,0,0,0,0,0,0,0,0,0,0,0,0,0,0,0,0,0,0,0,0,0,0,0,0,0,0,0,0,0,0,0,0,0,0,0,0,0,0,0,0,0,0,0,0,0,0,0,0,0,0,0,0,0,0,0,0,0,0,0,0,0,0,0,0,0,0,0,0,0,0,0,0,0,0,0,0,0,0,0,0,0,0,0,0,0,0,0,0,0,0,0,0,0,0,0,0,0,0,0,0,0,0,0,0,0,0,0,0,0,0,0,0,0,0,0,0,0,0,0,0,0,0,0,0,0,0,0,0,0,0,0,0,0,0,0,0,0,0,0,0,0,0,0,0,0,0,0,0,0,0,0,0,0,0,0,0,0,0,0,0,0,0,0,0,0,0,0,0,0,0,0,0,0,0,0,0,0,0,0,0,0,0,0,0,0,0,0,0,0,0,0,0,0,
0,0,0,0,0,0,0,0,0,0,0,0,0,0,0,0,0,0,0,0,0,0,0,0,0,0,0,0,0,0,0,0,0,0,0,0,0,0,0,0,0,0,0,0,0,0,0,0,0,0,0,0,0,0,0,0,0,0,0,0,0,0,0,0,0,0,0,0,0,0,0,0,0,0,0,0,0,0,0,0,0,0,0,0,0,0,0,0,0,0,0,0,0,0,0,0,0,0,0,0,0,0,0,0,0,0,0,0,0,0,0,0,0,0,0,0,0,0,0,0,0,0,0,0,0,0,0,0,0,0,0,0,0,0,0,0,0,0,0,0,0,0,0,0,0,0,0,0,0,0,0,0,0,0,0,0,0,0,0,0,0,0,0,0,0,0,0,0,0,0,0,0,0,0,0,0,0,0,0,0,0,0,0,0,0,0,0,0,0,0,0,0,0,0,0,0,0,0,0,0,0,0,0,0,0,0,0,0,0,0,0,0,0,0,0,0,0,0,0,0,0,0,0,0,0,0,0,0,0,0,0,0,0,0,0,0,0,0,0,0,0,0,0,0,0,0,0,0,0,0,0,0,0,0,0,0,
0,0,0,0,0,0,0,0,0,0,0,0,0,0,0,0,0,0,0,0,0,0,0,0,0,0,0,0,0,0,0,0,0,0,0,0,0,0,0,0,0,0,0,0,0,0,0,0,0,0,0,0,0,0,0,0,0,0,0,0,0,0,0,0,0,0,0,0,0,0,0,0,0,0,0,0,0,0,0,0,0,0,0,0,0,0,0,0,0,0,0,0,0,0,0,0,0,0,0,0,0,0,0,0,0,0,0,0,0,0,0,0,0,0,0,0,0,0,0,0,0,0,0,0,0,0,0,0,0,0,0,0,0,0,0,0,0,0,0,0,0,0,0,0,0,0,0,0,0,0,0,0,0,0,0,0,0,0,0,0,0,0,0,0,0,0,0,0,0,0,0,0,0,0,0,0,0,0,0,0,0,0,0,0,0,0,0,0,0,0,0,0,0,0,0,0,0,0,0,0,0,0,0,0,0,0,0,0,0,0,0,0,0,0,0,0,0,0,0,0,0,0,0,0,0,0,0,0,0,0,0,0,0,0,0,0,0,0,0,0,0,0,0,0,0,0,0,0,0,0,0,0,0,0,0,0,
0,0,0,0,0,0,0,0,0,0,0,0,0,0,0,0,0,0,0,0,0,0,0,0,0,0,0,0,0,0,0,0,0,0,0,0,0,0,0,0,0,0,0,0,0,0,0,0,0,0,0,0,0,0,0,0,0,0,0,0,0,0,0,0,0,0,0,0,0,0,0,0,0,0,0,0,0,0,0,0,0,0,0,0,0,0,0,0,0,0,0,0,0,0,0,0,0,0,0,0,0,0,0,0,0,0,0,0,0,0,0,0,0,0,0,0,0,0,0,0,0,0,0,0,0,0,0,0,0,0,0,0,0,0,0,0,0,0,0,0,0,0,0,0,0,0,0,0,0,0,0,0,0,0,0,0,0,0,0,0,0,0,0,0,0,0,0,0,0,0,0,0,0,0,0,0,0,0,0,0,0,0,0,0,0,0,0,0,0,0,0,0,0,0,0,0,0,0,0,0,0,0,0,0,0,0,0,0,0,0,0,0,0,0,0,0,0,0,0,0,0,0,0,0,0,0,0,0,0,0,0,0,0,0,0,0,0,0,0,0,0,0,0,0,0,0,0,0,0,0,0,0,0,0,0,0,
0,0,0,0,0,0,0,0,0,0,0,0,0,0,0,0,0,0,0,0,0,0,0,0,0,0,0,0,0,0,0,0,0,0,0,0,0,0,0,0,0,0,0,0,0,0,0,0,0,0,0,0,0,0,0,0,0,0,0,0,0,0,0,0,0,0,0,0,0,0,0,0,0,0,0,0,0,0,0,0,0,0,0,0,0,0,0,0,0,0,0,0,0,0,0,0,0,0,0,0,0,0,0,0,0,0,0,0,0,0,0,0,0,0,0,0,0,0,0,0,0,0,0,0,0,0,0,0,0,0,0,0,0,0,0,0,0,0,0,0,0,0,0,0,0,0,0,0,0,0,0,0,0,0,0,0,0,0,0,0,0,0,0,0,0,0,0,0,0,0,0,0,0,0,0,0,0,0,0,0,0,0,0,0,0,0,0,0,0,0,0,0,0,0,0,0,0,0,0,0,0,0,0,0,0,0,0,0,0,0,0,0,0,0,0,0,0,0,0,0,0,0,0,0,0,0,0,0,0,0,0,0,0,0,0,0,0,0,0,0,0,0,0,0,0,0,0,0,0,0,0,0,0,0,0,0,
0,0,0,0,0,0,0,0,0,0,0,0,0,0,0,0,0,0,0,0,0,0,0,0,0,0,0,0,0,0,0,0,0,0,0,0,0,0,0,0,0,0,0,0,0,0,0,0,0,0,0,0,0,0,0,0,0,0,0,0,0,0,0,0,0,0,0,0,0,0,0,0,0,0,0,0,0,0,0,0,0,0,0,0,0,0,0,0,0,0,0,0,0,0,0,0,0,0,0,0,0,0,0,0,0,0,0,0,0,0,0,0,0,0,0,0,0,0,0,0,0,0,0,0,0,0,0,0,0,0,0,0,0,0,0,0,0,0,0,0,0,0,0,0,0,0,0,0,0,0,0,0,0,0,0,0,0,0,0,0,0,0,0,0,0,0,0,0,0,0,0,0,0,0,0,0,0,0,0,0,0,0,0,0,0,0,0,0,0,0,0,0,0,0,0,0,0,0,0,0,0,0,0,0,0,0,0,0,0,0,0,0,0,0,0,0,0,0,0,0,0,0,0,0,0,0,0,0,0,0,0,0,0,0,0,0,0,0,0,0,0,0,0,0,0,0,0,0,0,0,0,0,0,0,0,0,
0,0,0,0,0,0,0,0,0,0,0,0,0,0,0,0,0,0,0,0,0,0,0,0,0,0,0,0,0,0,0,0,0,0,0,0,0,0,0,0,0,0,0,0,0,0,0,0,0,0,0,0,0,0,0,0,0,0,0,0,0,0,0,0,0,0,0,0,0,0,0,0,0,0,0,0,0,0,0,0,0,0,0,0,0,0,0,0,0,0,0,0,0,0,0,0,0,0,0,0,0,0,0,0,0,0,0,0,0,0,0,0,0,0,0,0,0,0,0,0,0,0,0,0,0,0,0,0,0,0,0,0,0,0,0,0,0,0,0,0,0,0,0,0,0,0,0,0,0,0,0,0,0,0,0,0,0,0,0,0,0,0,0,0,0,0,0,0,0,0,0,0,0,0,0,0,0,0,0,0,0,0,0,0,0,0,0,0,0,0,0,0,0,0,0,0,0,0,0,0,0,0,0,0,0,0,0,0,0,0,0,0,0,0,0,0,0,0,0,0,0,0,0,0,0,0,0,0,0,0,0,0,0,0,0,0,0,0,0,0,0,0,0,0,0,0,0,0,0,0,0,0,0,0,0,0,
0,0,0,0,0,0,0,0,0,0,0,0,0,0,0,0,0,0,0,0,0,0,0,0,0,0,0,0,0,0,0,0,0,0,0,0,0,0,0,0,0,0,0,0,0,0,0,0,0,0,0,0,0,0,0,0,0,0,0,0,0,0,0,0,0,0,0,0,0,0,0,0,0,0,0,0,0,0,0,0,0,0,0,0,0,0,0,0,0,0,0,0,0,0,0,0,0,0,0,0,0,0,0,0,0,0,0,0,0,0,0,0,0,0,0,0,0,0,0,0,0,0,0,0,0,0,0,0,0,0,0,0,0,0,0,0,0,0,0,0,0,0,0,0,0,0,0,0,0,0,0,0,0,0,0,0,0,0,0,0,0,0,0,0,0,0,0,0,0,0,0,0,0,0,0,0,0,0,0,0,0,0,0,0,0,0,0,0,0,0,0,0,0,0,0,0,0,0,0,0,0,0,0,0,0,0,0,0,0,0,0,0,0,0,0,0,0,0,0,0,0,0,0,0,0,0,0,0,0,0,0,0,0,0,0,0,0,0,0,0,0,0,0,0,0,0,0,0,0,0,0,0,0,0,0,0,
0,0,0,0,0,0,0,0,0,0,0,0,0,0,0,0,0,0,0,0,0,0,0,0,0,0,0,0,0,0,0,0,0,0,0,0,0,0,0,0,0,0,0,0,0,0,0,0,0,0,0,0,0,0,0,0,0,0,0,0,0,0,0,0,0,0,0,0,0,0,0,0,0,0,0,0,0,0,0,0,0,0,0,0,0,0,0,0,0,0,0,0,0,0,0,0,0,0,0,0,0,0,0,0,0,0,0,0,0,0,0,0,0,0,0,0,0,0,0,0,0,0,0,0,0,0,0,0,0,0,0,0,0,0,0,0,0,0,0,0,0,0,0,0,0,0,0,0,0,0,0,0,0,0,0,0,0,0,0,0,0,0,0,0,0,0,0,0,0,0,0,0,0,0,0,0,0,0,0,0,0,0,0,0,0,0,0,0,0,0,0,0,0,0,0,0,0,0,0,0,0,0,0,0,0,0,0,0,0,0,0,0,0,0,0,0,0,0,0,0,0,0,0,0,0,0,0,0,0,0,0,0,0,0,0,0,0,0,0,0,0,0,0,0,0,0,0,0,0,0,0,0,0,0,0,0,
0,0,0,0,0,0,0,0,0,0,0,0,0,0,0,0,0,0,0,0,0,0,0,0,0,0,0,0,0,0,0,0,0,0,0,0,0,0,0,0,0,0,0,0,0,0,0,0,0,0,0,0,0,0,0,0,0,0,0,0,0,0,0,0,0,0,0,0,0,0,0,0,0,0,0,0,0,0,0,0,0,0,0,0,0,0,0,0,0,0,0,0,0,0,0,0,0,0,0,0,0,0,0,0,0,0,0,0,0,0,0,0,0,0,0,0,0,0,0,0,0,0,0,0,0,0,0,0,0,0,0,0,0,0,0,0,0,0,0,0,0,0,0,0,0,0,0,0,0,0,0,0,0,0,0,0,0,0,0,0,0,0,0,0,0,0,0,0,0,0,0,0,0,0,0,0,0,0,0,0,0,0,0,0,0,0,0,0,0,0,0,0,0,0,0,0,0,0,0,0,0,0,0,0,0,0,0,0,0,0,0,0,0,0,0,0,0,0,0,0,0,0,0,0,0,0,0,0,0,0,0,0,0,0,0,0,0,0,0,0,0,0,0,0,0,0,0,0,0,0,0,0,0,0,0,0,
0,0,0,0,0,0,0,0,0,0,0,0,0,0,0,0,0,0,0,0,0,0,0,0,0,0,0,0,0,0,0,0,0,0,0,0,0,0,0,0,0,0,0,0,0,0,0,0,0,0,0,0,0,0,0,0,0,0,0,0,0,0,0,0,0,0,0,0,0,0,0,0,0,0,0,0,0,0,0,0,0,0,0,0,0,0,0,0,0,0,0,0,0,0,0,0,0,0,0,0,0,0,0,0,0,0,0,0,0,0,0,0,0,0,0,0,0,0,0,0,0,0,0,0,0,0,0,0,0,0,0,0,0,0,0,0,0,0,0,0,0,0,0,0,0,0,0,0,0,0,0,0,0,0,0,0,0,0,0,0,0,0,0,0,0,0,0,0,0,0,0,0,0,0,0,0,0,0,0,0,0,0,0,0,0,0,0,0,0,0,0,0,0,0,0,0,0,0,0,0,0,0,0,0,0,0,0,0,0,0,0,0,0,0,0,0,0,0,0,0,0,0,0,0,0,0,0,0,0,0,0,0,0,0,0,0,0,0,0,0,0,0,0,0,0,0,0,0,0,0,0,0,0,0,0,0,
0,0,0,0,0,0,0,0,0,0,0,0,0,0,0,0,0,0,0,0,0,0,0,0,0,0,0,0,0,0,0,0,0,0,0,0,0,0,0,0,0,0,0,0,0,0,0,0,0,0,0,0,0,0,0,0,0,0,0,0,0,0,0,0,0,0,0,0,0,0,0,0,0,0,0,0,0,0,0,0,0,0,0,0,0,0,0,0,0,0,0,0,0,0,0,0,0,0,0,0,0,0,0,0,0,0,0,0,0,0,0,0,0,0,0,0,0,0,0,0,0,0,0,0,0,0,0,0,0,0,0,0,0,0,0,0,0,0,0,0,0,0,0,0,0,0,0,0,0,0,0,0,0,0,0,0,0,0,0,0,0,0,0,0,0,0,0,0,0,0,0,0,0,0,0,0,0,0,0,0,0,0,0,0,0,0,0,0,0,5,0,0,0,0,0,0,0,0,0,0,0,0,0,0,0,0,0,0,0,0,0,0,0,0,0,0,0,0,0,0,0,0,0,0,0,0,0,0,0,0,0,0,0,0,0,0,0,0,0,0,0,0,0,0,0,0,0,0,0,0,0,0,0,0,0,0,
0,0,0,0,0,0,0,0,0,0,0,0,0,0,0,0,0,0,0,0,0,0,0,0,0,0,0,0,0,0,0,0,0,0,0,0,0,0,0,0,0,0,0,0,0,0,0,0,0,0,0,0,0,0,0,0,0,0,0,0,0,0,0,0,0,0,0,0,0,0,0,0,0,0,0,0,0,0,0,0,0,0,0,0,0,0,0,0,0,0,0,0,0,0,0,0,0,0,0,0,0,0,0,0,0,0,0,0,0,0,0,0,0,0,0,0,0,0,0,0,0,0,0,0,0,0,0,0,0,0,0,0,0,0,0,0,0,0,0,0,0,0,0,0,0,0,0,0,0,0,0,0,0,0,0,0,0,0,0,0,0,0,0,0,0,0,0,0,0,0,0,0,0,0,0,0,0,0,0,0,0,0,0,0,0,0,0,0,0,0,4,0,0,0,0,0,0,0,0,0,0,0,0,0,0,0,0,0,0,0,0,15,0,11,0,0,0,0,0,0,0,0,0,0,0,0,0,0,0,0,0,0,0,0,0,0,0,0,0,0,0,0,0,0,0,0,0,0,0,0,0,0,0,0,0,0,
0,0,0,0,0,0,0,0,0,0,0,0,0,0,0,0,0,0,0,0,0,0,0,0,0,0,0,0,0,0,0,0,0,0,0,0,0,0,0,0,0,0,0,0,0,0,0,0,0,0,0,0,0,0,0,0,0,0,0,0,0,0,0,0,0,0,0,0,0,0,0,0,0,0,0,0,0,0,0,0,0,0,0,0,0,0,0,0,0,0,0,0,0,0,0,0,0,0,0,0,0,0,0,0,0,0,0,0,0,0,0,0,0,0,0,0,0,0,0,0,0,0,0,0,0,0,0,0,0,0,0,0,0,0,0,0,0,0,0,0,0,0,0,0,0,0,0,0,0,0,0,0,0,0,0,0,0,0,0,0,0,0,0,0,0,0,0,0,0,0,0,0,0,0,0,0,0,0,0,0,0,0,0,0,0,0,0,0,0,0,0,0,0,0,0,3,3,0,0,0,0,0,0,0,0,0,0,0,0,0,0,0,0,0,0,0,0,0,0,0,0,0,0,0,15,0,0,0,0,0,0,0,0,0,0,0,0,0,0,0,0,0,0,0,0,0,0,0,0,0,0,0,0,0,0,0,
0,0,0,0,0,0,0,0,0,0,0,0,0,0,0,1,0,0,0,0,0,0,0,0,0,0,0,0,0,0,0,0,0,0,0,0,0,0,0,0,0,0,0,0,0,0,0,0,0,0,0,0,0,0,0,0,0,0,0,0,0,0,0,0,0,0,0,0,0,0,0,0,0,0,0,0,0,0,0,0,0,0,0,0,0,0,0,0,0,0,0,0,0,0,0,0,0,2,0,0,0,0,0,0,0,0,0,0,0,0,0,0,0,0,0,0,0,0,0,0,0,0,0,0,0,0,0,0,0,0,0,0,0,0,0,0,0,0,0,0,0,0,0,0,0,0,0,0,0,0,0,0,0,0,0,0,0,0,0,0,0,0,0,0,0,0,0,0,0,0,0,0,0,0,0,0,0,0,0,0,0,0,0,0,0,0,0,0,0,0,3,0,0,0,0,4,0,4,0,0,0,0,0,0,0,0,0,0,0,0,0,0,0,0,0,0,0,0,0,0,0,0,0,0,0,0,0,0,0,0,14,0,0,0,0,0,0,0,0,0,0,0,0,0,0,0,0,0,0,0,0,0,0,0,0,0,
0,0,0,0,0,0,0,0,0,0,0,0,0,0,0,0,0,0,0,0,0,0,0,0,0,0,0,0,0,0,0,0,0,0,0,0,0,0,0,0,0,0,0,0,0,0,0,0,0,0,0,0,0,0,0,0,0,0,0,0,0,0,0,0,0,0,0,0,0,0,0,0,0,0,0,0,0,0,0,0,0,0,0,0,0,0,0,0,0,0,0,0,0,0,0,0,0,2,3,0,0,0,0,0,0,0,0,0,0,0,0,0,0,0,0,0,0,0,0,0,0,0,0,0,0,0,0,0,0,0,0,0,0,0,0,0,0,0,0,0,0,0,0,0,0,0,0,0,0,0,0,0,0,0,0,0,0,0,0,0,0,0,0,0,0,0,0,0,0,0,0,0,0,0,0,0,0,0,0,0,0,0,0,0,0,0,0,0,0,0,0,3,7,0,0,0,0,0,0,0,0,0,0,0,0,0,0,0,0,0,0,0,9,14,6,0,0,0,0,0,0,0,0,0,0,17,0,0,0,14,0,0,17,0,0,0,0,0,0,0,0,0,0,0,0,0,0,0,0,0,0,0,0,0,0,0,
0,0,0,0,0,0,0,0,0,0,0,0,0,0,0,1,0,0,0,3,0,0,0,0,0,0,0,0,0,0,0,0,0,0,0,0,0,0,0,0,0,0,0,0,0,0,0,0,0,0,0,0,13,0,0,0,0,0,0,0,0,0,0,0,0,0,0,0,0,0,0,0,0,0,0,0,0,0,0,0,0,0,0,0,0,0,0,0,0,0,0,0,0,0,0,0,0,0,3,2,0,0,0,0,0,0,0,0,0,0,0,0,0,0,0,0,0,0,0,0,0,0,0,0,0,0,0,0,0,0,0,0,0,0,0,0,0,0,0,0,0,0,0,0,0,0,0,0,0,0,0,0,0,0,0,4,0,6,0,0,0,0,0,0,0,0,0,0,0,0,0,0,0,0,0,0,0,0,0,0,0,0,0,0,0,0,0,0,0,0,0,5,0,0,0,0,5,0,0,0,0,0,0,0,0,0,0,0,0,0,0,11,10,0,9,8,0,0,0,0,0,0,0,0,15,0,0,0,0,0,0,0,0,17,0,0,0,0,0,0,0,0,0,0,0,0,0,0,0,0,0,0,0,0,0,0,
0,0,0,0,0,0,0,0,0,0,0,0,0,0,0,0,0,1,0,0,0,0,0,0,0,0,0,0,0,14,0,0,0,0,0,0,0,0,0,0,0,0,0,0,0,0,0,0,0,0,0,9,0,12,0,0,0,0,0,0,0,0,0,0,0,0,0,0,0,0,0,0,0,0,0,0,0,0,0,0,0,0,0,0,0,0,0,0,0,0,0,0,0,0,0,0,0,0,4,3,0,0,0,0,0,0,0,0,0,0,0,0,0,0,0,0,0,9,0,0,0,0,0,0,0,0,0,0,0,0,0,0,0,0,0,0,0,0,0,0,0,0,0,0,0,0,0,0,0,0,0,0,0,0,6,5,0,0,0,0,0,0,0,0,0,0,0,0,0,0,0,6,0,0,0,0,0,0,0,0,0,0,0,0,0,0,0,0,0,0,1,0,7,5,0,5,4,0,0,0,0,0,0,0,0,5,0,0,0,0,0,0,12,0,9,9,0,0,0,0,0,0,0,0,0,16,17,0,0,0,0,0,17,17,0,0,0,0,0,0,0,0,0,0,0,0,0,0,0,0,0,0,0,0,0,0,
0,0,0,0,0,0,0,0,0,0,0,0,0,0,0,0,0,0,0,0,0,0,0,0,0,10,0,0,0,0,14,3,0,0,0,0,0,0,0,0,0,0,0,13,0,0,0,0,0,0,18,11,0,0,12,0,0,0,0,0,0,0,0,0,0,0,0,0,0,0,0,0,0,0,0,0,0,0,0,0,0,0,0,0,0,0,0,0,0,0,0,0,0,0,0,0,0,0,0,0,0,0,0,0,0,0,0,0,0,0,0,0,0,0,0,0,8,0,0,7,0,0,0,0,0,0,0,0,0,0,0,0,0,0,0,0,0,0,0,0,0,0,0,0,0,0,0,0,0,0,0,0,0,0,0,0,0,0,0,6,0,0,0,0,0,0,0,0,0,0,0,7,0,0,0,0,0,0,0,0,0,0,0,0,0,0,0,7,0,0,0,2,6,5,4,0,5,0,0,0,0,0,0,0,7,6,0,6,0,0,0,0,0,0,0,9,8,0,0,0,0,0,0,0,0,0,17,0,0,0,0,0,0,14,0,16,0,0,0,0,0,0,0,0,0,0,0,0,0,0,0,0,0,0,0,0,
16,0,0,0,0,0,0,0,0,0,0,0,0,0,0,0,0,0,0,0,0,0,0,0,0,10,0,0,0,17,0,0,0,0,0,0,0,0,10,0,0,0,0,0,13,0,0,0,0,0,7,0,0,8,0,0,10,0,3,0,0,0,0,0,0,6,5,0,0,0,0,0,0,0,0,0,0,0,0,0,0,0,0,0,0,0,0,0,0,0,0,0,0,0,0,0,0,0,0,0,0,0,0,0,0,0,0,8,0,0,8,0,0,7,7,0,0,0,8,9,8,0,0,0,0,0,0,0,0,0,0,0,0,0,0,0,0,0,0,0,0,0,0,0,0,0,0,0,0,0,0,0,4,0,0,0,0,0,0,9,0,0,0,0,0,8,0,9,0,0,0,0,0,0,0,0,0,0,0,6,0,0,0,0,0,0,0,0,0,0,8,7,8,0,4,2,0,0,0,0,0,0,0,0,0,9,8,0,6,0,0,0,0,12,0,0,0,0,0,0,0,0,20,0,20,0,0,0,0,0,14,0,0,0,18,16,0,0,0,0,0,0,0,0,0,0,0,0,0,0,0,0,0,0,0,0,
17,0,0,0,0,0,0,0,0,0,0,0,0,0,0,0,0,0,0,0,0,7,8,0,0,0,7,9,0,0,0,15,0,0,0,13,0,17,0,11,13,10,0,15,14,0,0,0,0,0,13,8,0,11,0,0,0,0,0,0,0,0,0,0,0,7,7,5,0,0,0,0,0,0,0,18,0,21,0,0,0,0,0,0,0,0,0,0,0,0,0,0,0,0,0,0,0,0,0,0,0,0,0,0,0,0,6,8,0,0,9,0,6,9,7,8,6,0,0,0,10,0,0,0,0,0,0,0,0,0,0,0,0,0,0,0,0,13,0,0,0,9,0,0,0,0,0,0,0,0,0,0,0,5,6,9,0,0,0,0,9,0,0,0,0,6,0,7,8,0,0,0,10,3,3,0,0,6,0,0,0,0,0,0,0,0,0,0,0,14,10,8,8,9,9,0,0,0,0,0,0,0,0,0,9,0,9,7,0,0,0,0,0,0,0,0,0,0,0,0,0,0,0,21,21,0,0,0,0,0,0,0,0,0,0,18,0,0,0,0,0,0,0,0,0,0,0,0,0,0,0,0,0,0,0,0,
0,0,0,0,0,5,0,0,0,0,6,0,0,0,0,0,0,4,0,9,10,0,6,0,20,0,0,0,0,17,13,0,0,16,0,0,18,17,12,13,0,11,0,0,15,0,0,0,13,0,13,0,14,12,0,0,0,0,0,0,0,0,0,0,0,0,13,5,0,15,0,0,8,12,0,13,20,21,5,0,0,0,0,0,0,0,0,0,0,0,0,0,0,0,0,0,0,0,0,0,8,0,0,0,0,0,0,5,5,4,9,8,7,0,7,7,0,0,0,0,0,0,0,0,0,0,0,0,0,0,0,0,0,13,0,0,0,13,0,0,0,0,15,0,0,0,0,0,0,0,0,0,0,6,6,7,0,7,8,11,9,10,0,0,0,0,0,7,8,0,0,0,9,4,4,10,8,7,0,0,0,0,0,13,0,0,0,10,9,14,5,10,9,13,10,9,9,9,0,0,6,14,0,4,0,11,0,7,0,9,0,0,0,21,0,0,0,0,10,0,0,11,0,21,22,0,20,0,13,0,0,0,0,0,0,0,0,0,0,0,0,0,0,0,0,0,0,0,0,0,0,0,0,0,0,0,
13,0,3,0,5,5,11,0,0,18,8,0,0,0,0,0,0,0,5,9,10,0,0,0,19,0,0,18,19,0,13,0,0,16,0,19,11,19,17,13,0,19,0,13,15,16,0,16,14,14,18,0,0,16,19,0,0,0,0,0,0,0,0,0,0,16,13,6,0,6,16,0,9,8,15,14,16,22,16,6,7,7,6,0,0,0,0,0,0,10,0,0,10,9,0,0,0,0,0,0,0,0,0,0,0,0,0,0,7,0,5,17,0,0,0,9,9,0,0,0,0,0,0,0,0,0,0,0,0,12,0,0,0,0,13,14,5,12,0,0,0,15,0,0,0,0,0,0,9,0,0,0,0,0,0,11,0,8,9,9,0,12,0,0,0,0,0,0,0,0,7,0,0,10,12,0,8,9,8,0,0,0,12,14,0,12,0,11,10,9,13,18,18,8,0,12,10,0,8,0,0,0,10,5,13,10,11,8,9,9,0,3,0,0,0,0,12,0,0,0,0,6,10,21,0,0,0,22,0,10,14,0,0,0,0,0,15,0,0,0,0,0,0,0,0,0,0,0,0,0,0,0,0,0,0,0,
0,11,6,3,12,0,7,15,0,0,0,0,0,0,0,0,0,11,6,8,8,18,13,2,5,0,0,0,0,19,21,14,16,13,16,16,14,22,11,0,0,20,0,9,11,0,17,9,12,15,18,11,16,0,10,0,0,0,0,0,0,10,0,0,0,0,5,15,13,19,7,17,23,10,9,17,9,20,19,15,16,12,0,7,0,0,23,0,5,11,0,0,11,10,13,0,0,0,0,0,0,0,0,0,0,0,8,0,0,0,14,18,21,18,12,7,9,9,0,0,0,0,0,0,0,0,0,0,0,0,0,0,0,0,0,13,5,5,4,0,0,15,16,15,0,0,15,11,8,10,0,0,0,0,10,12,11,10,8,10,0,13,6,0,0,0,7,6,0,11,0,5,11,12,12,0,11,0,9,8,10,0,0,6,12,12,12,13,15,10,10,11,8,12,12,13,13,0,9,12,0,0,15,10,13,8,12,15,9,9,9,19,19,19,20,21,0,13,0,13,12,6,13,10,12,0,17,22,0,0,21,0,0,0,0,15,0,0,0,0,0,0,0,0,0,0,0,0,0,0,0,0,0,0,0,0,
2,15,7,8,4,12,0,17,16,0,13,15,11,0,17,0,12,0,10,8,9,18,2,3,4,7,10,0,9,22,22,16,13,14,24,17,17,12,12,18,12,0,0,10,16,16,17,0,15,14,12,17,12,6,11,10,0,0,0,0,0,10,11,12,13,0,8,15,0,19,21,20,12,23,10,10,18,17,17,0,15,5,0,0,0,22,0,0,5,12,13,17,16,11,0,0,0,17,0,0,0,0,0,0,0,0,0,0,0,0,4,15,15,13,13,0,13,0,0,0,0,0,0,13,0,12,0,0,9,0,0,9,0,0,7,9,7,5,4,5,8,16,16,0,16,0,9,13,14,12,7,9,12,7,10,11,13,13,13,13,0,8,0,0,0,2,6,6,7,8,12,5,0,8,0,0,0,11,0,12,10,10,0,10,13,12,12,13,14,13,10,12,14,10,9,11,16,14,10,10,0,0,13,12,8,13,12,13,15,7,10,8,20,19,19,19,13,0,0,14,0,14,7,17,0,16,0,23,0,0,19,0,0,0,0,0,0,0,0,0,0,0,0,0,0,0,0,0,0,0,0,0,0,0,0,0,
16,3,17,17,5,12,0,0,16,15,11,17,13,0,16,17,8,11,15,9,15,13,17,23,6,8,9,16,10,12,22,17,18,17,18,24,23,13,0,0,20,0,11,15,13,16,17,17,14,15,13,16,17,12,14,11,0,0,0,0,22,11,13,10,13,0,14,11,9,10,21,20,15,23,24,15,16,17,10,0,17,0,0,0,0,0,0,0,0,4,16,12,10,16,11,0,0,0,18,0,17,0,0,0,0,0,0,0,0,16,0,16,7,13,0,0,14,0,0,0,12,0,12,14,12,12,0,0,9,10,0,14,0,0,0,9,9,21,9,5,6,16,7,12,0,0,8,7,16,13,10,10,12,8,8,11,11,12,14,11,8,9,10,14,8,10,7,7,3,7,9,8,9,8,0,0,0,12,11,13,10,10,10,12,9,13,14,15,17,16,14,13,8,11,8,12,16,13,15,14,15,17,17,13,14,14,13,13,16,14,14,14,21,22,12,19,0,21,0,18,0,15,16,13,16,15,0,0,0,15,20,16,0,16,0,0,10,11,10,0,0,0,0,0,0,0,0,0,0,0,0,0,0,0,0,0,
16,14,16,17,7,12,11,0,18,16,12,12,12,12,17,18,8,13,12,11,9,14,14,3,19,6,7,10,11,17,22,20,18,18,18,22,22,0,0,9,12,20,12,19,12,14,12,18,12,14,14,13,17,13,13,15,14,0,0,0,25,21,11,13,10,0,14,14,10,11,13,22,21,11,16,15,18,18,11,18,16,12,0,1,0,12,0,0,0,0,15,13,13,13,11,11,13,0,18,18,21,18,6,0,7,14,12,0,0,18,5,6,0,18,19,17,15,12,13,16,0,0,13,15,13,13,0,13,0,14,10,9,10,9,0,11,10,13,9,10,12,17,12,12,0,11,5,8,17,7,11,11,11,13,9,8,8,12,14,13,13,13,8,10,7,11,1,16,5,6,8,8,10,9,10,0,10,23,10,14,11,15,11,13,8,15,15,15,17,16,15,15,9,9,11,12,23,17,14,16,15,16,17,18,16,14,13,13,12,14,15,14,15,14,13,20,14,14,21,19,25,16,18,14,16,16,16,9,0,13,16,10,0,15,17,16,0,12,7,11,19,19,19,0,0,0,0,0,0,0,0,0,0,0,0,0,
7,18,17,5,18,7,18,15,12,18,18,14,13,13,13,18,16,15,14,16,16,19,16,14,20,9,8,19,25,16,18,15,20,11,19,22,23,15,18,20,8,21,24,19,11,11,19,13,12,18,15,11,17,13,14,15,0,15,0,0,0,0,7,16,23,0,0,0,16,11,17,7,12,15,19,15,17,20,15,14,16,14,16,8,9,0,12,22,0,12,20,17,12,14,15,13,17,16,18,17,20,21,10,7,14,0,0,0,12,0,19,6,20,0,19,0,14,14,13,24,0,23,0,16,15,14,14,14,14,16,10,10,18,16,13,12,11,14,13,9,12,12,22,16,11,12,6,9,8,8,15,12,11,13,11,9,0,8,13,13,8,13,8,9,8,17,16,9,5,8,9,8,10,9,11,10,15,22,14,9,12,8,15,12,10,14,16,16,15,16,15,16,13,10,11,11,13,22,22,23,17,16,14,16,16,15,14,13,12,16,15,15,14,15,15,15,15,19,21,22,18,19,17,14,18,17,13,16,22,15,17,16,13,17,18,16,0,9,12,8,20,20,19,0,0,0,0,0,0,0,0,0,0,0,0,0,
8,9,17,7,13,12,19,0,0,20,19,18,19,18,17,19,13,18,17,18,18,18,16,15,17,16,9,20,11,16,16,16,16,14,14,15,14,15,18,19,19,22,24,24,26,14,16,23,20,18,15,12,18,14,15,14,8,0,0,14,14,17,8,22,23,24,15,16,12,12,13,8,15,13,14,19,18,20,15,13,13,15,9,9,14,18,13,13,24,13,21,17,10,12,7,9,18,18,14,13,14,11,10,11,14,16,9,14,13,0,18,20,20,20,0,0,14,25,15,16,24,23,0,0,15,0,18,0,15,11,17,19,17,17,15,18,14,14,9,10,14,14,15,23,19,12,14,7,8,9,15,19,14,14,15,12,0,10,14,10,7,8,14,9,5,13,12,11,13,9,4,16,17,11,10,11,13,14,11,10,20,10,16,16,18,13,17,16,14,8,16,16,10,12,10,11,14,10,23,19,19,15,14,16,9,14,14,8,20,21,15,18,18,15,15,19,22,18,20,16,18,22,23,20,14,15,15,17,17,10,16,17,18,16,16,13,13,20,15,10,12,0,0,20,0,0,0,0,0,0,0,0,0,0,0,0,
9,16,16,16,11,15,13,0,15,18,19,19,20,21,15,19,20,8,18,19,18,18,18,10,17,16,18,20,18,12,10,5,13,15,12,16,10,13,15,20,12,24,14,13,15,16,15,24,14,22,20,14,19,21,15,20,15,14,0,16,15,22,16,10,22,17,12,16,15,17,11,14,20,14,14,20,12,21,17,15,15,13,13,14,13,12,13,18,15,14,13,15,17,13,8,7,16,10,15,14,13,19,11,11,11,15,10,14,0,0,13,12,20,11,16,0,0,18,0,17,13,0,0,0,0,16,0,0,15,19,16,19,18,14,18,15,11,17,14,7,15,17,16,23,22,14,15,8,14,9,14,13,21,14,12,12,13,11,14,11,14,8,13,10,8,13,13,12,10,8,5,12,17,17,20,11,14,13,14,15,15,18,11,24,19,18,17,21,13,14,18,11,11,11,18,11,12,11,11,10,9,20,9,9,15,15,10,19,20,0,21,19,0,18,16,16,22,19,19,22,21,20,15,14,15,16,13,18,18,8,16,16,15,17,15,13,14,15,14,11,20,0,0,0,0,0,0,0,0,0,0,0,0,0,0,0,
18,16,15,10,11,11,13,13,19,13,19,18,18,21,21,19,16,20,11,11,17,19,19,13,20,13,19,19,14,16,11,14,6,10,14,13,16,15,18,16,14,13,15,12,13,14,16,16,14,17,21,16,15,14,24,23,20,16,15,16,12,21,18,20,11,11,14,14,17,15,9,15,13,21,12,20,12,13,15,15,14,14,14,16,15,15,13,19,14,23,14,14,17,17,16,16,16,11,6,20,20,17,13,15,17,12,17,13,16,16,14,13,13,17,18,17,18,18,0,0,12,13,13,14,22,0,16,0,0,0,16,20,21,19,19,19,14,14,14,14,9,17,19,23,24,25,14,21,17,13,15,13,14,16,17,13,16,15,14,15,13,15,14,11,8,8,9,12,11,11,10,12,19,22,20,25,19,15,14,15,17,17,20,19,18,19,18,19,14,19,19,12,9,12,16,17,11,12,20,11,12,8,11,9,11,15,10,10,14,0,0,22,0,19,0,17,23,18,16,21,21,16,21,21,15,18,14,14,12,15,10,13,17,15,14,14,13,17,16,14,18,0,0,0,0,0,0,0,0,0,0,0,0,0,0,0,
10,10,11,11,21,19,14,12,19,23,16,19,18,19,19,20,16,15,14,12,18,12,12,19,13,19,23,20,16,19,14,12,10,15,11,20,18,15,19,17,18,15,16,16,14,16,15,16,20,23,22,17,15,19,26,25,24,16,17,18,18,13,11,19,11,12,14,13,16,17,10,11,20,12,15,14,18,12,22,24,11,16,15,17,15,16,12,15,22,15,24,13,16,16,16,16,9,9,10,8,7,15,14,12,16,13,13,14,16,13,14,11,15,18,17,18,20,15,15,0,14,18,0,14,23,13,14,16,0,0,21,20,21,16,19,20,22,14,15,17,7,10,10,24,18,23,22,12,12,10,12,14,17,19,18,18,16,25,16,21,16,13,14,14,18,16,8,8,13,14,11,13,19,20,19,24,17,17,16,15,18,17,19,26,24,22,21,16,21,16,14,15,10,14,16,12,18,16,14,13,13,13,15,12,17,11,15,10,14,17,16,0,15,13,0,24,18,17,22,22,21,17,17,25,21,20,17,20,13,13,10,11,16,21,16,15,14,19,23,18,23,16,20,21,0,0,0,0,0,0,0,0,0,0,0,0,
10,10,12,12,22,22,13,12,21,22,13,21,17,17,17,19,17,16,15,22,15,14,14,13,13,21,12,23,19,16,17,13,12,7,10,16,20,18,19,19,18,21,16,18,16,16,17,17,21,26,22,24,23,23,28,27,18,14,17,16,17,17,14,12,13,10,13,13,18,14,18,14,21,13,17,15,22,23,23,14,19,17,15,16,14,18,16,21,24,22,17,16,16,17,14,14,10,10,11,12,11,12,18,14,15,15,19,14,15,15,21,14,12,15,22,18,20,22,18,17,16,15,12,0,0,14,16,14,17,18,18,15,19,16,18,19,22,17,15,19,18,8,8,20,24,24,11,12,12,14,13,14,13,18,24,16,17,20,25,23,16,20,17,14,19,17,14,10,20,20,20,17,20,17,20,24,24,17,19,18,19,19,18,20,18,18,20,22,14,17,9,14,12,16,12,19,13,17,17,11,10,13,15,15,16,18,19,17,21,20,17,15,15,18,13,16,18,18,17,19,23,22,20,25,25,25,18,20,20,20,16,17,13,11,17,15,18,19,23,16,23,17,21,20,0,0,0,0,0,0,0,0,0,0,0,0,
10,12,21,13,17,13,13,17,21,15,15,15,22,17,17,18,18,15,23,23,22,14,14,15,14,16,15,13,14,20,20,14,15,8,16,11,21,12,19,21,22,15,21,18,17,22,16,17,17,26,23,23,21,28,16,19,19,17,16,17,17,18,15,13,14,15,16,21,14,19,13,20,13,13,22,17,25,24,24,15,17,18,16,17,18,16,21,21,23,23,12,14,17,17,19,19,14,19,15,12,15,17,23,19,15,26,25,13,14,21,22,14,22,20,13,23,21,21,19,16,16,16,13,16,0,15,16,18,18,18,17,21,16,16,20,15,25,24,20,19,20,21,14,15,19,19,20,18,14,13,14,13,19,19,26,21,25,17,21,21,20,15,14,15,19,18,15,17,20,18,22,18,17,20,21,22,25,20,20,19,19,20,18,18,16,19,21,16,22,15,13,14,12,12,12,18,14,14,13,20,12,14,12,18,15,17,19,17,19,20,20,18,17,14,19,17,24,19,25,21,18,20,25,19,18,26,16,20,15,21,16,15,19,11,10,18,23,16,19,20,16,18,21,20,26,0,0,16,0,0,0,0,0,0,0,17,
11,23,12,20,20,17,16,15,19,21,15,22,20,21,16,30,23,16,17,24,28,28,18,16,17,16,16,14,21,20,20,14,16,8,24,11,17,13,16,22,20,25,24,21,18,19,17,15,25,26,26,28,22,28,18,21,18,18,16,16,17,18,20,14,14,16,16,13,18,13,11,22,14,24,14,23,23,24,25,23,19,19,19,17,19,20,21,21,22,21,12,9,21,18,21,20,17,19,18,13,16,17,16,15,16,16,26,22,15,14,16,15,23,21,22,20,22,19,13,16,20,17,16,0,16,16,17,20,18,16,17,18,18,17,25,16,24,24,24,22,21,21,10,20,20,20,20,19,21,13,13,13,11,15,20,21,26,23,21,21,12,12,21,21,18,19,17,21,19,19,19,17,20,20,21,19,23,25,18,18,18,16,21,17,22,20,18,18,16,15,16,14,15,14,14,14,15,15,15,13,13,12,17,16,19,15,17,17,21,16,19,17,20,17,15,23,17,19,15,16,18,19,21,24,19,17,15,16,20,15,18,16,17,18,15,11,13,20,17,18,21,19,21,21,22,18,0,18,17,17,0,19,17,17,0,20,
20,24,22,21,23,18,16,14,20,21,16,30,22,21,32,32,23,17,16,22,25,29,19,22,24,17,16,17,24,23,13,17,17,17,18,23,12,12,16,23,25,26,21,18,19,20,18,26,24,24,24,25,20,21,18,20,19,18,13,18,14,19,20,21,20,14,17,11,18,20,15,13,25,26,25,17,24,25,24,23,18,24,20,18,15,16,21,15,23,22,22,10,21,14,26,20,20,21,18,16,13,17,17,15,14,16,26,24,22,17,16,19,22,23,22,21,22,20,22,17,17,21,17,18,19,19,19,17,18,18,20,20,19,19,18,26,26,24,27,21,27,21,18,19,20,18,24,20,18,20,16,14,14,17,22,21,22,18,24,24,23,20,21,21,23,20,18,18,16,20,19,19,16,18,22,22,20,20,22,22,18,20,18,16,18,22,20,19,18,15,19,15,17,15,16,16,15,15,14,17,14,13,15,16,15,15,21,18,16,21,16,18,19,18,16,22,18,20,16,20,16,18,21,21,24,22,22,16,14,22,22,14,20,22,21,19,18,18,15,23,21,21,20,20,23,21,19,18,20,18,19,19,20,0,19,20,
20,24,25,22,19,19,19,16,15,21,17,21,31,31,22,31,33,34,25,16,23,26,19,18,26,28,17,15,24,23,15,18,20,17,18,19,23,13,22,13,20,26,25,18,21,23,16,18,15,17,25,14,21,18,21,20,17,17,15,16,14,15,19,15,15,15,12,21,13,14,15,14,21,25,27,23,24,25,18,24,22,20,25,19,22,19,17,23,24,22,22,15,15,21,15,23,23,21,19,17,18,22,18,18,20,14,27,22,22,20,18,19,18,23,25,26,22,23,25,20,18,22,19,19,20,19,20,20,19,22,22,17,21,21,19,27,15,26,27,19,23,19,20,19,20,21,25,19,21,21,16,15,15,15,17,21,22,21,23,25,21,22,22,21,23,17,23,19,19,18,19,20,19,16,19,29,21,23,25,23,20,22,24,18,17,18,18,19,15,17,14,19,18,17,17,17,15,15,14,16,15,14,16,18,15,21,15,21,17,17,16,16,17,20,18,18,25,20,16,17,23,19,23,21,26,24,15,14,15,15,23,22,20,24,23,20,19,19,15,24,15,22,21,21,22,21,20,22,18,19,19,19,18,21,20,20,
29,14,24,24,18,19,22,18,17,18,24,20,22,23,32,33,20,16,17,15,24,17,14,19,17,27,27,16,27,24,16,23,21,28,18,20,20,19,18,15,22,21,20,22,22,26,24,18,19,17,19,26,20,20,23,21,17,18,21,15,17,27,19,16,16,18,21,20,21,13,13,22,19,22,27,24,16,26,23,20,19,23,17,20,21,19,24,20,25,20,20,18,16,19,12,21,23,14,19,19,19,20,20,13,18,19,16,23,21,21,20,21,20,18,23,20,23,25,24,24,20,22,20,22,20,21,20,16,20,21,17,18,17,20,22,28,29,30,22,23,20,19,20,21,19,21,20,22,22,22,21,13,15,22,17,24,23,22,19,23,23,18,23,20,22,20,25,27,18,18,27,20,20,22,18,23,24,28,24,27,22,22,23,21,18,21,29,24,16,19,15,19,20,16,17,18,20,25,15,16,13,14,21,21,23,17,20,22,22,24,17,16,22,20,18,20,18,17,19,17,22,18,19,25,25,16,16,18,17,19,18,19,18,19,15,19,20,26,18,16,16,19,22,22,23,23,21,19,20,19,20,18,21,20,21,20,
24,16,14,21,24,18,25,18,21,19,26,27,17,23,23,32,25,22,17,16,16,18,24,15,16,23,20,22,17,18,18,31,24,21,22,21,21,21,19,18,23,23,17,20,22,27,25,28,23,24,22,15,21,21,21,17,18,22,24,18,20,28,19,22,27,29,21,21,18,21,21,23,27,26,23,25,23,23,23,19,21,27,20,19,19,20,26,21,24,23,23,21,23,20,14,23,24,21,25,21,19,20,21,26,16,19,17,18,18,16,20,21,12,21,12,20,20,27,31,26,26,24,18,15,19,21,15,20,17,25,19,18,18,16,15,23,22,17,22,17,28,28,27,21,23,22,22,23,19,22,21,21,15,21,20,18,19,23,19,23,24,19,19,22,20,21,26,24,25,19,25,27,22,22,25,23,24,21,29,28,21,23,28,27,22,22,17,21,26,21,19,19,20,16,17,27,20,27,16,22,15,20,22,20,22,22,19,21,22,22,18,17,17,19,28,20,19,19,26,18,18,21,25,25,19,26,17,18,16,17,20,19,19,18,16,16,20,20,22,18,19,21,21,23,21,24,22,21,22,21,19,18,19,22,21,20,
25,17,25,22,26,23,26,25,23,21,20,25,26,18,25,22,26,20,26,20,20,25,19,25,27,27,23,21,25,23,20,22,25,19,22,23,22,25,18,19,25,26,18,31,30,13,26,22,22,23,25,22,21,21,23,18,23,24,26,19,25,31,23,23,29,21,26,13,22,18,25,25,30,27,26,19,30,24,24,24,26,27,26,23,19,22,19,24,25,22,21,24,25,23,21,20,28,22,26,21,22,20,19,19,20,14,17,18,18,16,19,22,21,22,25,18,17,22,20,26,19,25,18,17,19,19,18,16,21,21,17,20,20,22,21,18,16,22,18,20,21,18,20,19,17,23,22,21,21,21,21,20,30,22,22,20,16,19,19,23,24,20,20,31,24,21,26,21,26,26,26,28,29,21,19,26,24,25,21,29,26,29,24,31,22,26,29,29,21,30,21,20,26,17,18,20,27,26,28,24,22,18,21,21,21,21,17,20,20,19,28,29,19,19,28,29,23,23,19,17,19,19,25,17,27,20,18,28,21,18,21,19,19,24,21,24,21,21,21,20,28,21,27,21,24,25,27,22,22,26,29,25,20,20,19,22,
25,21,26,22,23,24,24,25,20,22,22,21,19,22,27,19,22,27,22,22,21,21,19,27,27,21,25,23,25,17,24,21,23,25,25,23,24,17,26,21,23,20,19,19,29,14,14,16,23,21,24,19,21,22,25,22,24,24,26,26,16,26,26,24,24,27,27,15,17,31,22,25,27,27,27,25,20,26,26,25,26,24,27,24,24,21,22,26,21,22,26,21,27,25,21,21,27,20,27,18,22,23,26,17,19,18,15,22,21,17,20,19,21,22,21,24,23,23,30,24,22,17,24,18,19,25,25,26,23,22,22,31,21,23,21,21,22,23,26,20,22,19,20,22,24,18,23,20,23,22,22,26,32,20,21,21,21,21,20,24,23,20,21,32,24,14,25,15,15,27,26,31,27,29,24,27,28,26,26,23,20,27,29,24,30,27,24,23,19,22,22,21,17,22,24,26,25,19,25,25,25,24,19,22,23,22,17,19,18,20,30,25,22,25,23,22,23,29,24,30,19,24,19,25,17,16,16,19,19,21,21,22,20,22,22,23,30,17,24,21,18,22,25,21,27,25,25,25,27,27,25,25,22,22,22,22,
25,22,18,26,23,25,19,22,26,21,23,24,24,21,20,22,22,23,23,23,22,24,28,28,22,23,23,26,24,22,25,25,24,26,27,27,24,21,24,22,21,21,22,31,20,30,22,25,24,24,25,19,20,22,27,23,23,25,27,26,18,25,28,24,25,16,28,18,18,23,23,33,27,28,26,27,30,24,26,27,26,23,25,24,24,22,26,26,23,21,25,27,27,26,26,22,28,27,27,19,23,24,21,20,21,19,29,20,24,21,22,20,25,23,24,20,24,24,23,24,19,19,22,25,25,23,27,26,27,32,23,33,21,23,21,24,21,26,27,16,17,24,28,21,20,20,24,20,23,15,23,26,33,21,20,21,19,20,20,22,20,20,23,23,24,25,26,16,16,26,27,27,32,28,24,25,26,24,24,20,28,28,27,30,25,31,25,25,26,28,22,21,18,21,28,27,19,22,18,20,19,24,21,23,23,21,18,20,20,20,31,24,25,23,21,24,33,27,30,31,31,29,25,20,25,28,19,19,19,28,23,23,20,24,24,23,26,24,28,20,19,19,19,22,25,26,24,26,25,30,29,25,23,25,22,23,
23,28,22,21,25,26,23,23,22,25,31,22,22,24,25,23,23,22,21,24,25,24,29,22,24,23,21,17,24,23,18,20,21,25,28,20,24,22,25,25,26,23,23,22,24,21,24,22,25,20,19,20,19,20,25,28,24,31,28,17,21,26,27,25,27,23,16,16,17,23,28,34,28,30,27,32,31,30,25,30,28,22,24,24,26,19,22,25,24,25,25,22,29,26,24,28,29,29,20,20,20,19,21,22,21,28,22,20,20,22,24,27,25,23,23,21,23,24,25,24,25,23,20,23,24,24,23,28,28,25,27,26,31,27,24,25,23,25,26,25,23,27,29,22,22,22,22,19,19,22,20,27,33,22,22,21,24,22,22,22,22,18,20,24,24,26,18,26,16,28,29,27,31,28,28,29,25,24,26,25,28,29,21,27,19,30,24,25,26,22,30,21,21,22,22,27,17,19,21,21,23,18,24,22,22,25,24,25,23,19,21,23,31,24,27,22,24,34,26,32,31,18,22,21,20,27,15,27,19,25,27,23,20,26,24,24,25,25,28,29,29,24,21,28,27,26,26,25,26,29,30,28,24,29,28,28,
21,25,23,22,26,24,23,23,26,30,24,31,22,27,25,25,26,37,22,24,25,26,29,27,22,23,23,23,23,24,19,22,26,25,28,27,24,27,23,29,24,23,24,23,25,26,25,31,25,31,20,23,23,20,21,20,20,24,30,30,21,21,23,22,28,27,24,30,18,23,30,26,28,31,30,25,31,26,22,29,22,22,26,25,26,21,26,22,25,25,27,22,23,25,28,26,28,29,31,21,29,25,20,22,21,21,22,21,22,23,18,27,23,23,24,24,21,24,26,20,25,26,23,23,20,25,24,24,23,26,27,28,32,32,30,23,23,21,30,26,28,28,28,21,23,21,21,20,20,26,24,19,34,19,23,23,25,25,23,24,20,19,18,25,22,26,26,25,33,20,30,30,22,34,29,23,26,25,27,23,29,28,29,22,20,31,25,28,27,23,23,22,22,25,23,27,18,20,20,23,22,24,25,23,23,24,27,26,28,28,25,29,28,32,32,29,28,26,27,25,26,31,36,25,21,17,16,29,21,26,24,25,22,23,22,24,26,25,29,28,31,21,21,25,28,26,28,27,28,27,29,24,25,30,28,28,
23,21,24,22,26,26,24,23,23,28,23,32,21,28,28,26,27,24,37,39,28,27,28,27,23,27,25,23,23,23,19,24,30,26,28,27,26,26,24,24,29,24,23,24,26,26,26,19,31,26,23,18,22,22,21,21,20,27,31,30,26,26,31,25,22,27,22,32,26,19,25,30,32,32,26,24,33,26,23,31,30,24,26,23,26,27,26,27,27,26,24,23,24,22,26,28,27,22,28,26,29,21,27,28,22,28,27,22,20,27,23,26,27,23,25,24,25,25,21,25,20,19,24,22,24,21,30,24,26,23,28,27,31,31,30,29,23,26,23,30,26,28,22,21,25,24,24,20,19,26,23,23,24,19,23,24,25,23,22,25,22,23,23,19,23,23,24,25,18,35,34,26,32,24,35,33,37,26,27,26,23,24,31,24,28,31,31,28,27,31,30,32,23,19,26,28,25,22,21,21,24,23,26,24,24,25,25,23,29,23,25,28,20,33,32,33,24,29,23,26,25,26,34,27,24,18,26,24,28,21,30,24,24,27,24,32,27,27,28,22,30,31,22,31,31,31,27,30,30,29,30,30,29,29,29,30,
27,27,30,26,26,27,30,25,26,31,24,28,22,32,28,31,24,27,25,26,28,29,30,27,24,28,28,26,26,24,25,24,18,18,30,28,21,29,27,23,26,23,26,22,26,22,26,26,20,24,23,19,23,23,23,22,27,20,28,31,24,28,31,27,29,28,32,26,27,27,19,29,27,28,26,24,25,26,32,28,31,26,25,27,25,27,33,32,29,34,24,26,25,27,28,29,25,23,30,28,24,24,22,28,29,20,26,22,21,28,27,27,28,25,25,25,22,22,22,22,22,20,25,26,22,25,25,24,27,24,22,27,26,32,30,27,28,34,33,33,19,30,24,23,26,25,22,25,21,29,28,27,26,25,28,26,25,26,22,22,22,21,22,23,24,25,28,27,25,35,29,26,33,34,30,27,36,26,28,25,31,24,30,28,29,27,28,28,27,30,27,32,33,31,28,25,25,26,23,34,21,25,29,23,24,24,29,30,24,29,25,30,29,30,33,35,25,31,30,26,26,18,34,29,29,25,18,23,24,29,22,23,24,31,29,29,25,24,24,29,26,26,23,32,32,29,28,27,27,31,30,25,30,25,30,30,
28,26,30,29,31,26,28,27,26,28,25,33,29,33,32,23,28,25,26,28,25,29,28,30,27,26,26,25,25,25,26,32,25,19,30,30,31,21,33,26,25,26,24,26,23,26,27,24,29,26,24,28,23,24,23,24,23,21,29,31,24,27,28,27,28,29,32,32,24,26,20,27,25,27,29,32,32,25,28,26,31,27,26,26,33,27,35,33,33,34,27,28,26,28,28,27,26,27,25,21,21,25,21,21,21,28,27,19,24,23,23,28,28,25,24,24,25,24,23,24,29,35,25,21,26,25,28,30,28,28,20,28,20,21,22,31,30,32,26,33,31,30,24,24,30,27,25,26,30,29,27,29,29,30,27,28,26,29,26,23,22,23,22,23,24,24,25,24,27,31,32,26,25,34,22,31,33,37,26,28,29,20,25,28,19,30,30,29,27,30,32,32,33,32,30,26,26,24,24,35,22,22,27,24,25,26,25,30,30,32,31,27,31,31,35,25,26,31,26,29,25,26,21,29,28,26,19,19,26,23,22,27,24,26,31,30,29,25,24,27,27,26,23,33,35,31,28,29,26,31,31,31,26,27,25,31,
28,29,27,31,22,32,31,30,27,26,27,29,27,22,32,25,28,23,26,22,29,28,29,24,28,27,25,23,28,28,30,29,25,28,25,31,32,31,33,31,25,27,24,27,27,25,27,23,23,30,29,24,26,32,25,27,26,25,26,24,29,25,27,31,32,27,32,32,31,28,27,26,25,32,34,32,31,28,28,27,31,28,27,26,27,27,34,34,34,33,34,30,29,27,29,26,28,25,27,26,24,23,22,23,23,24,20,29,23,24,32,35,26,26,25,26,29,25,28,36,30,24,37,29,22,23,27,29,25,31,29,20,21,22,22,22,23,27,33,27,31,32,26,27,24,30,24,26,26,26,28,28,27,27,28,28,28,27,28,26,23,23,23,24,26,23,26,23,24,32,32,32,31,26,24,28,33,24,27,31,28,24,19,23,27,26,31,29,28,34,30,32,33,32,31,29,26,29,25,26,22,27,27,27,26,21,26,25,31,33,32,32,27,27,27,37,27,27,27,29,29,29,21,19,23,25,18,18,25,27,28,26,32,25,27,27,27,27,24,31,31,24,27,28,34,32,32,31,23,27,32,31,30,27,26,25,
29,29,27,28,29,35,32,33,23,22,23,28,29,23,24,24,21,27,31,26,22,29,27,31,25,27,25,23,29,29,27,29,28,28,30,31,32,30,36,24,25,26,27,29,26,26,26,26,27,24,29,30,27,26,33,26,34,26,24,31,30,30,27,30,30,33,28,33,32,31,25,29,30,29,28,27,34,25,28,34,28,31,29,27,29,27,30,35,34,34,27,25,31,29,30,30,30,29,24,27,29,23,24,29,23,23,23,36,24,34,33,29,27,27,30,27,26,26,28,29,30,26,37,27,26,26,29,31,29,27,28,29,24,33,26,23,22,32,34,35,33,32,27,31,26,33,26,26,26,25,29,29,28,27,31,29,30,28,28,26,26,26,26,24,23,31,24,24,22,33,32,30,26,32,24,25,28,28,25,28,28,30,29,31,24,30,25,26,35,33,32,32,32,27,28,32,26,27,29,26,26,30,25,26,28,23,22,34,32,31,34,33,30,28,34,34,28,32,33,28,31,30,29,22,23,18,19,17,18,28,26,31,32,26,28,27,29,29,28,31,32,32,32,28,28,26,32,32,26,25,27,29,26,31,27,29,
25,31,28,30,33,35,30,30,24,24,23,28,26,21,24,24,30,26,31,30,26,28,32,31,31,30,28,31,34,29,27,27,29,31,29,31,31,33,23,33,30,27,30,29,30,30,27,28,27,28,27,31,31,23,34,33,33,30,28,31,30,23,28,31,31,32,33,35,30,29,29,26,30,31,31,32,27,25,25,30,29,29,25,34,26,27,31,27,26,24,28,28,28,29,30,30,31,30,34,28,29,30,30,28,28,28,22,22,21,36,35,34,26,28,29,29,26,26,29,32,32,27,29,27,28,26,28,29,26,27,33,29,25,26,31,21,23,35,32,28,30,31,33,31,31,34,32,27,25,27,25,28,24,30,31,31,28,34,34,34,25,27,25,26,31,24,28,30,29,27,34,27,33,26,29,25,35,26,30,31,31,31,32,25,28,31,28,26,26,34,35,30,33,27,34,23,27,27,26,27,28,26,25,31,27,29,23,27,28,31,35,35,33,34,32,31,32,29,28,28,29,26,26,23,25,23,29,19,18,28,33,28,31,33,29,28,34,29,28,28,32,31,32,25,29,31,32,30,33,24,26,30,31,31,29,30,
34,30,34,33,34,33,29,31,31,24,24,24,22,20,25,30,31,26,27,26,26,25,29,30,31,30,31,34,30,34,28,32,30,32,30,30,32,33,27,24,33,30,28,28,27,29,25,28,31,29,28,31,33,32,37,37,35,27,27,31,33,24,24,29,32,34,34,35,32,30,30,31,36,27,31,31,28,28,29,25,23,30,30,34,28,27,27,27,27,28,29,29,29,29,30,33,31,33,28,28,32,30,31,29,29,25,24,23,22,32,31,35,35,36,38,29,26,30,30,29,36,33,30,29,29,29,29,28,27,28,33,35,26,27,26,22,22,29,30,31,30,32,32,32,32,30,32,32,24,25,28,30,30,31,30,30,30,27,35,31,34,28,26,25,26,31,29,29,21,23,22,27,28,27,32,32,31,26,26,27,32,29,30,34,26,28,29,29,32,27,22,24,30,30,29,24,30,27,31,28,31,29,26,30,29,28,26,27,34,30,32,36,30,34,34,33,32,33,30,27,30,32,27,24,28,26,31,20,33,20,31,27,33,36,34,29,29,32,29,27,27,27,32,30,24,33,25,31,25,25,29,29,31,30,30,30,
37,37,34,26,34,34,31,33,33,32,28,28,30,26,23,21,32,27,25,27,29,31,30,27,32,31,32,32,27,31,34,28,32,36,30,33,33,33,31,25,29,34,32,30,28,33,30,25,33,32,26,29,28,29,29,23,22,32,26,31,28,27,29,24,30,31,31,35,32,30,31,34,35,29,28,29,28,29,30,35,31,24,32,23,34,30,28,30,27,28,24,24,24,29,31,29,33,28,34,28,26,31,30,31,24,25,34,34,32,23,32,31,36,37,27,38,27,30,29,32,32,29,31,31,30,30,28,29,30,28,35,36,31,28,27,35,26,29,35,32,28,34,34,30,30,33,32,35,34,28,32,31,31,31,37,30,35,28,31,31,36,28,29,31,26,29,31,31,24,30,27,29,27,29,29,32,36,32,30,31,28,31,30,27,34,32,28,24,28,29,24,23,32,28,32,31,30,28,28,34,31,32,30,31,28,30,26,34,35,32,29,33,31,35,35,32,32,34,34,31,27,26,28,27,30,28,25,35,32,37,26,27,34,35,34,33,31,28,33,32,33,28,30,31,31,25,30,26,24,26,29,29,29,31,29,31,
35,36,35,31,34,35,31,35,34,34,27,30,27,28,23,22,31,33,26,27,26,32,30,30,31,32,35,33,26,26,28,35,29,31,32,30,34,33,28,32,29,33,31,32,31,31,30,29,35,29,26,28,29,29,31,25,23,24,35,27,26,29,26,28,29,27,32,27,34,32,31,33,35,29,29,29,33,32,30,33,32,32,32,32,28,29,30,29,27,27,29,28,26,24,25,31,29,29,31,34,34,32,24,33,28,26,25,26,34,33,32,31,26,37,28,35,31,31,31,31,32,32,33,32,32,33,31,29,32,25,34,29,34,27,23,35,35,29,30,35,31,34,34,34,31,32,27,35,33,32,32,33,31,31,36,37,28,29,27,32,36,25,29,37,31,31,31,28,36,31,32,29,28,30,32,30,30,27,30,29,32,32,33,31,32,33,29,30,27,31,25,23,26,34,30,29,31,33,28,35,33,31,34,31,29,32,32,29,27,31,34,30,27,32,28,33,34,33,34,31,25,28,27,29,25,27,30,31,33,35,38,37,35,33,36,31,28,34,34,34,35,29,31,30,30,32,25,25,28,27,30,32,29,29,30,30,
36,37,38,36,28,33,34,36,31,29,27,30,29,31,29,28,32,35,31,28,26,30,28,31,30,40,31,36,28,31,29,30,27,35,31,30,33,32,28,33,33,34,34,32,35,35,33,31,30,30,30,28,30,30,31,26,28,25,35,28,30,29,27,29,29,29,33,34,32,32,31,35,35,30,34,35,32,34,31,33,34,35,30,34,27,34,34,30,30,27,30,29,26,30,24,29,30,31,31,35,35,25,26,26,29,29,30,30,29,35,32,32,32,27,30,29,34,32,32,31,31,33,32,33,32,34,31,32,27,26,26,32,27,27,24,36,29,31,30,32,32,30,35,35,36,33,32,26,36,34,32,30,33,32,30,38,32,33,34,28,30,26,30,27,38,31,31,29,36,36,36,31,32,31,32,30,34,28,30,31,30,31,32,31,35,34,30,27,33,32,26,32,35,37,31,34,29,35,25,35,28,28,31,35,35,32,29,29,28,34,26,26,30,29,29,27,33,30,34,35,33,28,28,29,31,28,29,32,34,31,36,34,38,37,37,31,32,28,29,28,34,34,32,29,35,31,30,33,30,29,33,31,33,31,30,31,
24,37,33,37,38,35,35,36,27,35,25,28,32,28,29,34,29,28,31,31,31,33,32,28,27,36,40,32,41,30,30,30,34,32,29,32,33,39,33,41,33,35,35,36,35,36,33,34,35,28,28,30,31,31,29,27,28,32,26,26,31,31,31,29,30,29,31,28,35,32,32,29,36,36,36,32,33,30,35,33,27,31,32,28,30,36,37,32,31,31,30,27,29,26,30,30,30,30,31,32,27,26,26,29,30,29,30,30,34,34,31,30,35,33,36,29,35,35,34,32,36,31,32,34,35,34,34,33,31,28,27,28,36,26,25,26,30,33,32,35,32,31,32,36,36,36,31,30,28,34,34,33,37,29,31,32,33,35,32,33,29,30,34,28,29,31,32,32,37,37,31,28,30,30,31,36,35,27,35,26,35,29,29,31,34,35,31,35,38,31,27,31,34,35,32,33,35,34,35,35,29,28,32,31,36,36,33,34,30,32,34,31,31,30,29,28,28,29,30,32,33,29,34,35,29,29,30,30,34,34,34,31,29,34,38,32,33,33,31,28,29,27,28,33,35,33,29,32,32,28,33,32,30,31,32,32,
38,38,25,34,34,34,35,27,34,35,35,26,33,39,26,35,30,37,30,32,32,32,32,28,32,32,37,41,39,41,34,32,34,32,30,30,31,34,34,40,35,38,27,36,38,39,35,35,35,30,37,33,30,32,32,30,33,33,34,27,32,31,32,32,31,30,32,30,34,32,36,30,30,36,37,36,36,36,36,34,33,32,31,29,32,36,32,35,34,35,28,32,38,27,31,36,32,28,30,30,27,32,33,29,31,30,30,47,28,30,36,33,35,36,33,35,34,36,37,37,31,34,32,33,34,35,38,36,33,32,35,33,34,37,39,26,34,32,28,34,35,30,30,36,37,33,32,31,29,32,32,34,33,30,34,32,33,32,33,29,30,33,33,30,33,27,30,30,29,35,29,29,31,35,35,34,30,35,34,35,35,30,31,31,36,34,37,35,38,34,33,33,33,34,37,33,32,34,37,27,36,35,29,32,28,29,32,33,34,36,31,29,32,35,30,28,32,28,30,31,34,30,33,31,31,30,31,31,30,29,35,31,38,27,35,35,35,34,34,28,30,28,35,34,34,34,32,33,30,29,32,32,34,34,34,32,
39,39,26,24,38,31,32,27,34,28,28,28,38,40,27,31,29,32,33,32,33,35,33,33,29,31,41,39,39,40,42,33,29,33,31,31,31,37,35,41,37,40,34,28,37,40,38,32,32,34,31,35,32,35,33,33,33,34,33,39,33,34,32,32,34,33,29,31,34,34,35,28,35,38,42,37,34,36,37,32,33,33,32,31,35,32,33,35,36,37,39,32,36,39,39,33,37,39,26,32,35,33,33,29,29,31,31,48,29,30,38,32,36,37,35,33,32,35,38,35,32,32,35,35,34,35,38,39,40,37,38,35,33,40,31,38,34,34,32,29,34,28,29,37,29,37,29,35,30,36,37,35,30,31,35,33,34,29,32,33,33,34,35,32,31,28,31,31,37,38,34,30,34,35,33,35,32,35,35,33,34,34,32,33,34,31,36,37,37,41,37,33,34,35,37,36,33,26,34,34,32,30,30,34,33,26,29,33,33,35,37,39,29,33,30,34,33,34,31,34,33,35,38,33,33,31,30,30,30,31,35,30,38,35,26,33,35,34,33,35,34,29,31,31,31,34,31,34,32,31,32,33,36,35,31,34,
38,37,27,40,29,35,32,34,39,28,29,35,39,39,29,31,32,33,33,33,32,33,33,30,29,31,31,38,32,41,36,38,30,29,36,32,31,35,33,32,38,30,41,35,37,29,33,36,35,34,36,35,32,36,35,33,38,33,37,37,35,32,37,35,34,28,29,35,36,35,34,31,36,38,37,37,36,38,38,35,30,33,36,36,36,35,37,36,42,39,39,32,33,37,38,35,35,35,39,28,30,31,34,36,30,28,31,32,32,48,33,38,34,31,32,35,35,35,37,36,38,36,35,33,36,35,36,39,40,39,36,35,35,33,39,39,35,39,32,38,35,30,30,30,31,31,29,37,31,35,36,38,33,37,31,37,34,36,37,34,34,34,36,34,33,32,35,34,36,30,35,36,37,34,32,34,33,33,32,34,34,31,34,33,35,35,37,30,36,34,40,31,29,35,35,28,31,39,27,31,34,31,31,35,32,37,34,34,35,36,38,30,30,29,28,35,33,35,36,32,34,33,30,33,38,31,32,31,30,31,32,30,30,38,36,36,31,35,35,35,39,35,40,32,30,34,34,32,32,32,32,32,36,31,32,32,
36,35,33,39,41,31,31,32,36,40,36,36,35,39,39,40,37,33,33,35,37,33,34,36,30,31,31,30,38,43,36,34,30,30,31,32,33,35,36,35,39,31,37,38,42,30,37,36,33,35,36,37,33,36,37,30,34,38,34,42,41,36,34,38,37,38,28,34,36,36,38,31,34,39,38,38,37,37,38,35,36,34,32,35,35,34,36,35,32,39,42,34,33,34,41,36,35,40,29,29,30,41,32,32,28,29,39,28,30,31,35,34,32,31,36,36,36,36,32,37,39,33,36,35,36,40,36,37,39,34,37,35,33,35,36,39,35,35,36,33,33,36,36,36,38,31,37,29,32,37,38,32,32,41,33,38,37,35,34,38,38,35,34,35,34,34,33,32,37,31,36,37,36,34,37,33,35,35,34,33,36,33,32,37,34,33,34,39,35,34,32,32,30,36,35,36,34,36,39,36,36,32,32,34,39,37,37,34,35,34,39,40,29,29,31,35,36,34,35,26,33,33,35,34,39,38,36,38,36,32,37,28,31,37,39,34,32,34,36,35,34,30,39,40,33,39,32,33,32,32,33,34,33,33,32,32,
40,35,34,35,42,32,32,39,32,37,40,37,34,43,41,41,36,35,36,36,34,32,33,37,37,31,32,39,34,33,43,32,34,35,34,35,32,32,32,35,38,39,32,38,38,40,38,37,37,36,36,37,38,37,35,34,35,38,36,31,38,41,43,34,32,31,37,32,34,34,38,38,35,34,36,39,38,41,32,40,35,35,35,36,36,34,43,33,37,40,36,42,39,34,40,37,36,41,36,39,30,31,33,33,39,39,39,31,38,34,35,36,35,35,32,29,37,34,31,31,39,34,34,36,36,40,32,36,40,40,35,34,31,37,37,40,35,33,40,34,33,38,32,36,34,37,33,33,33,37,38,33,42,33,40,34,34,34,34,35,34,34,35,34,40,35,27,30,32,30,37,36,35,34,38,34,34,38,35,35,37,36,36,34,38,40,33,35,34,34,35,35,35,34,34,36,34,33,39,38,35,36,37,35,34,38,38,34,38,39,39,36,42,31,38,35,36,30,36,27,30,31,36,38,35,36,36,29,35,32,35,39,35,30,38,38,33,34,35,33,35,35,40,34,33,35,33,31,32,33,31,33,35,34,34,33,
35,44,35,35,39,37,33,43,40,40,36,41,41,40,43,42,41,30,36,36,35,35,34,40,37,33,32,36,40,40,44,44,35,37,36,34,33,33,34,36,38,39,37,37,38,37,41,36,36,36,35,38,38,40,38,37,39,30,33,32,39,32,42,44,31,33,32,39,32,37,36,37,36,38,36,36,33,42,33,39,38,39,38,37,36,34,35,37,39,35,36,33,42,37,36,38,37,30,30,39,41,31,30,34,32,33,32,33,34,35,37,35,35,34,36,35,35,36,31,34,37,33,36,36,38,39,34,37,37,33,39,34,34,38,37,31,38,41,30,34,34,37,37,34,35,38,35,41,40,38,32,34,32,30,31,40,43,35,35,38,38,34,34,33,40,40,40,31,30,29,36,37,37,36,39,39,36,39,36,35,37,36,36,37,35,41,36,36,34,37,33,34,31,34,35,38,36,37,36,37,37,39,38,37,35,34,35,38,33,38,34,36,35,32,38,37,32,29,34,27,33,32,33,37,35,36,32,30,36,36,36,39,37,31,39,38,34,34,34,38,35,35,34,34,39,34,35,35,32,34,32,36,36,35,37,34,
35,44,40,36,39,36,33,38,38,40,40,43,42,44,41,42,36,41,41,39,39,36,36,35,36,37,35,41,37,40,40,43,33,40,35,37,33,34,39,38,36,39,40,39,37,42,42,40,40,38,37,35,35,39,41,40,36,39,35,40,40,38,35,42,34,32,33,39,36,36,35,38,40,39,31,32,34,32,33,34,34,39,38,39,33,37,36,44,45,44,35,36,42,40,37,38,39,35,41,31,42,32,41,39,34,34,39,36,34,37,35,35,37,34,35,33,33,32,38,36,38,33,35,36,36,39,40,38,37,39,40,33,36,42,38,38,36,34,36,31,32,32,32,36,35,36,34,34,42,40,38,35,32,30,32,31,43,44,36,37,39,40,35,41,40,39,40,39,32,30,32,39,38,36,36,38,38,39,38,36,36,39,36,38,35,36,33,35,37,37,33,37,37,32,37,39,36,37,39,40,34,40,40,35,34,35,39,36,39,31,41,35,38,32,37,38,33,30,34,34,30,32,34,38,38,40,37,33,37,37,36,35,39,37,38,36,34,34,35,34,41,35,37,41,37,36,35,37,35,37,33,40,36,36,34,37,
44,42,44,40,40,37,33,33,40,38,37,41,40,45,43,41,43,36,35,42,42,30,35,40,37,42,38,42,42,40,40,40,36,33,33,37,37,34,37,39,39,38,37,40,40,41,35,37,38,38,36,38,36,40,39,37,41,37,36,32,38,37,33,37,39,34,33,33,40,36,36,38,36,40,32,41,35,34,38,34,42,39,40,39,41,36,37,38,45,46,38,36,35,39,37,39,40,39,42,38,46,34,43,40,37,35,40,37,41,35,34,37,38,37,36,38,33,40,40,38,37,39,45,38,37,38,39,39,38,35,35,34,36,42,34,39,39,37,38,37,36,33,34,43,35,38,34,35,39,41,38,43,36,39,32,33,33,34,33,33,34,39,37,35,39,40,40,31,37,32,31,30,40,40,38,34,38,35,35,41,40,40,40,39,38,33,35,33,43,43,37,38,36,37,38,38,39,36,40,36,36,35,39,37,35,36,40,37,40,33,33,36,37,36,39,34,34,36,35,38,36,33,32,33,37,38,37,39,39,42,38,40,39,37,37,42,37,36,38,41,35,39,44,45,41,37,38,34,36,39,38,38,40,38,36,37,
39,43,43,37,42,39,40,40,41,40,38,38,42,37,44,44,42,42,41,42,35,34,38,39,39,42,44,40,44,41,41,41,36,37,37,33,37,36,37,37,39,39,38,38,42,36,35,39,37,41,40,38,38,38,39,41,42,37,40,37,40,42,40,37,39,39,34,34,41,41,34,41,39,36,34,33,40,37,38,38,41,42,39,40,37,41,39,37,40,45,39,38,40,40,37,36,34,39,39,44,44,42,45,44,37,39,41,40,41,42,35,37,37,37,40,39,32,42,41,34,42,40,45,44,42,40,39,39,40,37,41,40,37,36,36,35,36,36,38,36,38,38,34,44,37,39,38,42,41,33,37,39,39,32,36,32,33,34,32,37,38,35,38,37,39,40,31,32,31,37,37,34,31,37,38,36,35,38,38,44,42,42,41,40,40,43,36,44,34,45,42,37,38,38,40,38,40,38,33,40,36,36,39,36,37,36,35,40,34,34,33,42,38,36,40,39,35,39,35,37,37,37,33,31,35,37,40,40,46,42,38,35,40,39,39,46,44,36,37,35,38,36,41,45,39,39,39,35,38,37,37,38,39,39,37,37,
39,39,40,40,41,43,41,40,42,41,39,40,43,39,43,39,39,44,38,36,33,36,35,36,40,40,38,35,41,45,41,41,42,38,38,38,38,37,39,39,39,40,38,39,39,43,36,38,39,36,42,40,38,35,39,39,40,36,41,38,41,42,38,34,37,42,36,36,37,36,34,40,40,40,36,34,42,37,38,38,39,40,38,41,37,42,40,40,41,37,37,39,37,37,37,37,39,35,39,40,44,45,43,39,45,40,40,39,35,41,43,41,37,38,35,40,34,37,42,41,41,36,46,36,38,39,37,43,41,38,40,39,39,38,38,40,36,36,35,37,32,39,41,42,37,36,42,42,40,34,34,44,39,36,38,33,43,36,42,34,35,39,35,36,38,39,40,33,36,34,36,36,37,37,39,39,39,41,38,38,39,45,41,39,41,43,39,37,40,35,42,43,43,42,42,44,38,43,37,34,37,37,37,40,40,40,40,40,40,39,34,42,40,41,40,38,40,36,36,38,38,38,35,32,38,39,38,39,40,41,43,35,36,36,40,35,43,44,46,43,40,41,37,36,41,38,40,35,40,36,37,39,40,39,38,38,
40,40,41,42,41,39,40,42,41,37,34,38,40,40,36,33,41,44,42,37,36,40,40,37,43,39,38,39,35,37,42,42,40,37,37,39,37,38,39,38,41,41,41,39,41,43,44,40,39,37,42,42,43,38,43,39,36,36,42,34,39,42,42,38,38,43,38,39,43,37,36,40,40,41,37,37,42,39,38,40,45,41,37,39,40,43,40,43,40,42,38,40,38,38,37,38,39,37,40,37,45,46,39,45,35,41,41,41,38,40,44,40,42,41,38,42,40,42,42,37,40,41,41,36,38,42,40,44,43,43,41,37,37,39,36,38,36,37,37,36,38,33,33,32,38,36,35,43,37,35,35,35,39,45,37,38,37,37,37,36,36,36,35,34,37,38,41,42,38,36,35,38,37,42,38,40,37,37,37,41,45,46,45,42,40,44,44,44,41,36,43,36,35,42,45,43,42,40,41,37,44,46,46,40,41,37,40,40,40,43,40,41,43,42,41,39,39,40,37,42,39,39,39,37,39,38,40,42,41,39,44,43,38,36,36,37,42,43,45,42,43,44,39,42,41,40,42,36,35,40,37,41,39,38,41,39,
42,40,41,41,42,42,41,41,38,38,39,35,41,39,43,37,39,41,42,42,37,40,40,41,41,38,39,40,36,42,43,39,41,39,39,38,38,40,40,38,41,42,42,41,40,44,41,45,46,43,39,40,42,39,40,40,40,37,39,35,34,35,39,39,44,38,39,39,42,39,37,41,41,42,43,38,39,41,39,38,40,39,40,37,37,43,43,40,41,39,42,40,40,38,40,39,38,40,41,40,43,39,39,39,42,35,38,38,41,44,45,43,40,42,43,41,41,40,42,38,41,43,41,38,40,43,46,46,46,48,42,39,39,37,38,42,39,37,40,36,42,38,35,39,43,38,43,42,40,35,41,39,37,37,40,38,39,38,44,43,39,43,38,35,38,39,41,41,45,44,37,36,40,40,43,42,37,38,39,42,40,44,47,39,41,43,45,41,43,37,37,41,36,42,36,40,36,39,41,39,44,40,40,47,45,42,38,41,39,42,41,37,40,37,43,43,42,41,40,42,43,45,41,42,44,42,40,42,43,40,44,44,42,36,39,37,44,43,46,38,43,45,38,42,42,44,42,42,41,37,39,38,39,39,39,40,
41,41,44,42,40,37,41,40,41,38,42,36,37,45,40,40,43,42,42,42,46,40,41,42,42,42,44,40,34,41,40,43,39,41,41,39,39,37,41,41,43,42,43,44,43,40,39,42,42,40,39,35,38,43,38,41,41,38,37,40,38,41,40,41,42,42,41,43,44,36,40,49,41,43,39,38,37,40,42,40,45,42,37,38,37,37,42,44,43,45,39,42,41,41,40,40,43,44,41,43,42,41,41,42,42,39,41,38,41,40,40,39,40,39,43,39,37,44,44,42,41,40,41,36,37,42,42,37,44,47,38,45,39,39,42,43,38,43,39,36,42,39,36,44,39,42,43,44,35,36,37,39,39,37,37,40,38,43,44,43,43,45,43,38,40,37,42,42,42,44,38,40,39,42,41,42,38,39,39,40,40,45,48,40,42,40,39,38,44,37,37,42,42,37,37,40,37,39,41,42,42,41,41,40,46,40,42,42,43,43,44,42,43,39,39,44,43,38,42,43,44,43,42,43,43,42,43,43,43,42,41,44,42,37,38,39,44,42,47,40,38,37,41,39,41,45,37,44,38,40,38,39,39,38,40,41,
39,42,47,38,42,44,40,40,41,37,40,36,44,45,40,40,41,42,42,44,41,42,39,45,42,45,45,45,37,36,40,41,40,43,38,42,43,41,40,41,37,39,44,44,43,43,37,37,43,41,41,42,38,43,44,38,38,41,44,40,46,45,41,36,42,41,42,44,44,40,42,45,44,43,38,39,39,49,41,42,45,43,42,38,38,37,37,43,44,43,44,43,43,40,40,44,46,44,43,43,42,44,43,40,37,42,42,39,41,41,41,39,39,39,44,42,44,44,41,41,41,41,35,43,38,36,37,45,39,46,38,47,43,40,41,45,44,47,42,38,42,38,37,40,43,46,42,46,42,45,39,40,37,42,41,40,39,41,43,44,43,36,38,46,41,39,42,43,43,40,45,43,42,43,41,43,43,41,40,40,42,42,42,37,45,41,40,41,43,43,39,39,44,38,37,38,41,40,41,42,42,40,41,42,43,42,42,43,43,43,46,42,38,40,41,41,44,36,43,40,43,44,43,44,43,43,42,47,44,45,43,44,43,39,37,36,45,45,44,41,42,40,39,43,42,40,42,38,43,39,36,39,35,39,39,40,
39,39,38,40,47,46,42,40,41,39,39,37,37,44,41,43,43,42,40,40,42,36,40,43,42,45,39,44,37,42,41,41,41,42,34,34,39,43,40,41,39,41,39,44,44,42,38,45,41,42,45,41,47,38,39,46,43,42,43,42,42,46,40,42,42,39,43,42,43,43,44,50,52,45,48,39,43,36,43,42,42,40,42,42,39,41,41,46,43,43,44,43,41,42,44,44,46,46,46,39,42,38,44,34,40,38,40,40,41,42,44,40,41,42,40,42,43,42,45,40,42,44,36,36,45,40,45,37,38,46,47,47,42,44,43,46,43,47,43,39,40,42,38,40,45,45,43,44,46,43,39,41,40,44,41,40,40,44,42,44,45,37,42,47,43,43,41,44,45,44,41,39,42,42,40,41,41,42,42,39,42,42,44,42,36,42,46,42,43,42,41,39,40,43,38,43,43,41,40,44,44,41,41,40,43,42,43,39,43,44,40,43,49,49,43,43,42,43,41,41,42,42,46,46,45,43,43,49,49,45,43,44,44,36,38,45,42,45,45,40,43,41,40,43,43,39,43,42,44,37,40,36,40,39,39,41,
40,40,40,39,47,49,46,46,40,39,41,41,40,46,46,45,45,43,40,41,44,43,45,45,45,44,40,46,45,40,44,42,38,44,41,39,40,46,40,40,41,39,41,40,44,42,43,45,37,42,38,47,41,46,44,45,43,43,44,42,40,40,44,39,49,39,43,47,47,42,43,44,41,51,50,41,40,51,36,43,42,44,43,39,36,42,41,42,44,46,44,44,43,43,41,43,47,47,46,46,45,40,40,43,36,39,35,42,45,45,47,42,43,39,40,44,43,42,45,40,46,44,41,46,46,45,46,45,38,39,46,48,42,39,44,44,41,43,43,40,39,46,42,44,40,46,39,47,45,43,45,40,43,41,41,44,41,44,39,42,44,38,38,43,47,44,44,45,44,45,42,45,39,39,40,42,40,44,43,42,43,45,44,43,41,43,44,46,42,39,43,45,41,44,42,40,42,44,41,45,41,44,42,42,43,40,43,42,44,44,41,43,44,44,41,44,44,41,44,43,45,40,47,41,42,45,40,50,44,46,47,40,43,40,36,36,42,44,44,42,43,41,44,42,40,41,41,39,44,39,37,38,40,39,40,41,
39,40,41,42,43,49,46,39,40,44,42,42,41,46,47,47,47,42,43,41,41,38,45,38,39,44,45,46,42,41,41,44,40,43,42,40,47,47,48,43,47,41,46,41,45,52,44,43,42,38,40,43,42,48,45,41,43,43,46,44,41,40,41,45,47,41,48,47,41,43,42,43,43,51,42,41,41,51,43,45,44,41,36,40,37,42,43,45,49,47,44,45,43,45,43,47,46,48,49,44,46,45,39,41,41,36,41,42,42,46,48,43,43,45,40,44,43,45,40,46,45,39,43,45,47,39,41,47,41,46,39,47,47,43,42,43,42,42,43,40,38,43,45,41,46,47,43,43,47,46,42,40,44,41,41,40,43,41,46,44,40,46,45,37,44,43,44,46,41,45,44,45,40,40,48,43,41,45,44,44,41,43,40,48,42,42,47,47,43,38,40,45,47,41,43,48,42,43,43,45,46,41,44,43,43,43,41,43,43,41,45,44,43,40,46,45,44,46,44,44,41,42,42,41,42,41,39,40,50,45,43,45,44,43,41,38,46,45,43,43,44,43,45,45,40,41,42,42,41,42,40,42,41,42,41,41,
44,44,40,44,43,44,40,47,40,43,46,45,45,41,43,48,48,42,43,48,42,38,39,42,45,45,47,38,43,40,43,44,44,38,43,41,45,45,47,46,41,41,47,42,50,40,50,41,38,41,41,49,48,47,46,42,43,44,46,45,41,41,44,45,42,48,45,48,41,41,47,47,44,45,48,39,45,52,45,43,49,49,42,47,45,40,43,44,43,50,45,43,46,45,43,45,47,46,45,49,42,42,42,41,40,42,37,42,43,43,45,45,44,45,44,43,46,46,44,41,43,41,40,44,49,40,40,48,41,41,46,50,50,48,42,43,45,43,41,44,44,44,44,44,43,46,44,40,44,44,45,45,46,48,42,47,47,47,47,44,42,44,41,44,46,44,45,41,45,42,45,42,41,41,48,46,44,45,45,45,42,43,45,48,46,41,47,47,47,39,47,47,45,46,45,49,48,43,45,40,47,46,42,44,44,43,42,41,42,42,43,43,41,41,46,46,45,46,46,43,41,41,43,46,40,42,42,40,48,46,45,46,46,39,42,43,42,46,44,44,45,45,45,45,43,41,41,42,41,43,40,41,42,42,45,41,
47,48,41,42,44,46,45,43,44,46,46,47,43,45,40,44,47,43,43,43,42,41,41,42,41,43,47,39,43,40,44,44,47,40,44,43,45,42,47,48,45,47,47,50,51,42,41,45,42,39,50,49,43,43,47,46,43,43,45,49,49,46,42,44,49,39,44,44,41,48,48,45,45,49,48,44,42,45,46,46,47,43,44,44,44,42,43,45,46,47,43,44,44,44,47,46,44,44,48,46,49,42,42,41,42,44,42,45,43,43,42,44,46,46,44,43,44,43,45,45,44,47,46,41,49,48,40,50,40,41,47,49,51,45,49,44,42,43,44,44,45,44,48,45,43,44,45,41,48,45,45,46,47,42,49,47,42,48,46,45,45,49,46,42,45,44,45,46,41,47,46,44,43,46,48,46,47,48,46,47,44,44,44,49,45,42,42,48,48,48,43,47,47,46,46,45,44,43,44,41,44,45,46,47,48,43,45,44,45,45,42,46,45,41,46,45,45,44,47,47,45,43,44,43,41,43,43,46,50,47,42,44,47,46,45,41,42,41,45,43,44,46,46,45,44,43,42,42,43,42,41,40,43,41,45,41,
47,44,43,42,43,43,42,43,45,43,47,47,49,52,43,44,48,41,44,47,43,42,44,46,42,42,46,40,41,41,40,44,42,46,45,44,44,45,45,42,45,43,40,48,41,44,43,41,42,46,46,49,50,51,46,45,43,43,50,41,41,47,46,41,48,40,41,42,49,47,49,49,46,51,46,45,44,44,46,47,49,44,49,50,48,43,47,46,43,44,44,44,46,45,45,40,44,46,49,43,50,42,42,44,48,46,45,42,46,47,44,49,44,44,47,44,44,42,44,45,45,47,48,42,42,47,49,43,47,42,47,48,49,49,47,47,46,44,46,49,46,45,46,46,48,50,46,46,50,49,46,39,46,47,45,45,49,48,46,46,47,45,46,46,44,44,48,43,42,46,47,42,43,44,48,49,46,45,47,46,45,45,45,48,47,47,43,49,45,42,43,41,48,46,47,47,48,45,41,44,45,45,45,46,42,44,48,44,45,46,43,44,49,42,49,42,41,45,43,48,45,44,43,43,42,44,44,47,48,47,50,45,50,47,46,41,46,43,49,42,48,47,44,45,46,48,43,44,50,47,42,41,43,43,42,42,
49,48,45,45,44,46,43,44,44,45,44,48,49,48,47,49,47,42,42,45,47,48,49,46,46,41,47,47,41,48,45,45,44,47,46,45,47,49,46,43,43,44,49,44,50,42,40,43,39,41,48,51,49,52,51,47,44,44,47,51,44,49,48,49,50,43,41,43,42,45,50,43,48,51,51,47,47,46,48,45,45,50,45,51,45,49,49,49,43,44,43,45,47,46,40,45,39,45,46,40,49,43,43,44,51,50,44,47,47,47,47,48,44,44,48,46,44,45,46,46,44,45,47,48,41,48,45,43,44,49,47,52,48,47,47,47,47,46,48,49,49,47,48,46,45,45,43,46,43,44,47,41,53,48,45,48,48,45,44,42,47,47,48,46,48,48,45,48,43,46,43,48,45,45,46,49,46,46,46,46,46,44,49,49,49,47,47,41,43,44,43,45,46,47,49,48,49,43,42,47,45,46,51,46,44,48,47,45,45,46,44,45,44,48,44,44,43,46,50,43,45,44,45,43,43,44,44,48,47,46,50,47,49,51,49,47,42,49,50,45,48,48,45,47,47,46,46,44,45,44,47,47,44,49,50,45,
46,49,50,45,45,45,44,47,45,45,49,48,49,47,49,49,51,43,43,47,42,44,49,50,46,46,47,43,49,47,48,50,49,47,46,48,45,49,47,47,44,47,50,44,48,49,49,45,46,44,39,49,50,53,49,45,47,46,46,47,44,48,48,47,49,51,49,44,44,44,51,49,44,44,49,48,48,48,48,46,44,51,44,49,51,47,46,43,45,48,45,46,46,50,45,46,45,42,42,47,50,51,44,48,45,51,47,46,48,48,49,48,52,46,45,49,46,45,50,47,44,50,45,48,52,50,44,45,46,49,49,50,47,50,47,48,49,49,46,48,46,47,48,49,46,45,43,45,44,44,48,42,53,43,41,49,47,46,48,43,50,46,45,46,48,45,45,48,47,44,45,48,48,46,48,50,42,44,46,46,50,46,47,47,51,46,44,44,43,42,48,45,48,48,44,48,40,40,44,50,46,45,50,47,48,49,44,46,46,44,46,48,45,51,46,51,49,46,52,46,43,48,46,45,44,47,45,45,48,48,48,47,50,50,51,43,43,43,46,46,46,46,47,46,47,49,46,48,45,44,46,48,47,46,46,46,
44,47,48,47,45,44,45,49,47,46,50,46,45,47,49,51,49,49,44,50,48,47,50,50,51,44,47,49,47,48,50,50,51,49,47,48,48,49,49,47,50,50,48,49,45,44,48,45,46,44,47,45,46,44,46,50,46,49,47,47,46,48,45,47,46,49,51,51,46,49,45,49,45,43,50,49,51,48,47,48,51,44,50,50,49,50,50,45,46,46,47,47,48,49,46,51,52,47,52,47,50,48,45,45,51,47,48,47,46,47,50,50,48,45,46,48,49,50,51,50,49,45,46,43,48,44,45,44,46,47,48,47,47,50,48,48,49,46,48,48,47,46,46,47,46,47,47,48,45,44,48,52,43,43,48,50,51,47,49,43,52,52,49,48,48,49,46,49,50,48,48,48,45,48,51,49,43,42,47,46,51,46,47,47,46,46,45,45,44,44,44,48,50,45,45,43,40,41,41,43,47,46,45,47,44,48,45,44,47,48,49,49,44,52,47,47,46,45,52,43,50,49,48,47,44,45,45,48,47,50,48,48,46,53,51,49,49,50,50,48,48,47,45,48,49,49,48,48,46,45,47,48,48,48,47,47,
48,47,47,45,51,46,47,45,48,48,45,49,49,49,45,46,46,46,47,49,51,47,53,53,51,44,52,50,50,50,53,48,48,49,50,49,47,47,49,51,51,51,51,49,49,48,51,47,46,46,46,48,46,48,49,51,47,51,50,48,54,49,48,47,51,51,51,46,46,47,51,46,51,50,50,45,48,50,47,47,48,45,45,50,46,49,50,45,46,45,45,51,48,48,50,46,47,47,50,49,50,49,45,45,45,51,49,47,48,49,49,50,51,47,47,48,49,49,50,50,49,48,44,46,44,44,45,46,47,48,45,49,51,48,51,48,49,48,48,49,48,48,48,45,45,53,48,46,44,46,43,52,46,49,50,47,46,51,44,44,46,54,47,49,49,45,45,51,48,48,48,50,53,50,50,48,44,47,44,47,46,51,49,48,48,47,47,45,53,48,48,49,47,50,47,46,44,50,42,48,44,50,48,46,48,45,46,46,56,49,49,51,50,49,45,48,46,48,43,43,49,47,50,46,48,46,48,48,49,49,48,50,49,49,51,50,46,49,49,47,49,49,50,46,47,49,47,50,49,49,46,51,51,50,49,48,
45,48,49,47,46,50,47,50,48,46,46,51,50,49,48,53,52,49,48,48,48,50,51,50,51,45,45,49,47,51,46,47,48,47,50,53,48,50,47,51,53,52,52,48,50,47,47,50,47,50,46,49,47,47,51,48,51,48,52,53,53,55,45,45,48,45,47,47,47,50,53,50,46,50,50,45,44,49,44,45,50,46,50,51,53,52,46,51,51,49,50,50,52,47,48,47,48,47,48,49,46,50,48,51,46,52,51,49,50,48,48,48,48,49,49,48,49,50,51,47,46,47,47,46,47,46,46,45,51,46,46,49,47,50,48,49,48,48,48,49,52,45,49,46,45,48,50,47,52,51,45,45,45,50,49,50,49,49,51,48,51,47,47,48,48,46,49,50,51,50,48,50,48,50,46,51,49,50,44,45,45,45,46,48,50,48,51,48,47,50,49,50,48,48,46,45,45,45,49,46,51,49,51,46,52,50,49,53,49,53,56,54,50,53,47,49,47,50,44,49,50,46,50,49,49,48,48,50,46,49,48,50,48,50,48,49,49,49,50,50,48,50,48,47,48,48,50,47,47,48,44,50,49,50,50,52,
55,45,49,48,49,50,46,51,46,49,50,50,50,51,51,50,52,52,49,51,49,51,51,52,53,47,54,47,49,47,47,48,48,48,51,48,54,52,49,48,49,51,50,49,48,49,47,54,49,51,50,50,48,50,50,53,50,49,51,53,51,52,46,51,49,46,46,46,49,50,51,50,50,49,52,51,45,49,50,52,50,52,52,51,52,52,53,49,50,48,50,49,49,46,47,50,49,49,53,52,49,51,47,48,50,51,52,47,49,51,53,51,49,52,51,50,53,51,48,48,46,47,46,49,51,48,47,46,47,47,47,46,52,49,49,50,50,49,49,49,54,49,49,47,47,48,50,49,52,52,49,50,45,52,52,51,51,50,49,52,51,51,49,49,48,48,49,50,52,47,49,49,48,47,46,51,47,50,54,45,50,46,48,51,50,51,51,51,51,45,50,52,51,48,49,51,46,49,49,49,51,44,46,51,53,51,51,50,53,47,56,51,51,52,53,54,48,48,45,45,51,47,48,49,48,48,48,53,51,52,51,51,45,49,45,52,50,49,48,50,47,49,48,49,50,48,52,51,47,49,52,52,47,50,50,46,
55,50,51,50,49,50,51,50,50,47,49,49,51,51,49,51,51,53,48,52,51,49,51,48,51,50,54,53,49,49,48,50,47,52,48,52,52,52,48,49,52,48,49,51,50,49,51,49,54,47,48,51,49,46,50,53,50,53,52,50,54,55,55,50,52,48,50,49,48,47,51,53,51,48,52,46,46,49,47,53,47,54,56,52,51,52,53,49,53,49,50,49,51,47,48,50,48,49,51,51,53,53,52,45,50,48,50,48,51,48,54,54,53,49,49,52,53,49,49,46,48,48,47,48,47,48,52,50,48,45,47,47,48,50,49,48,48,50,49,49,51,51,49,46,48,49,52,50,50,47,49,50,54,49,49,53,50,49,52,50,54,51,51,53,49,50,49,50,50,50,48,50,48,49,49,52,48,48,49,54,48,51,49,51,51,50,53,52,52,51,46,51,49,52,49,49,48,48,48,52,52,50,48,52,51,49,51,52,53,56,51,50,49,52,52,53,53,54,48,50,51,50,48,50,55,49,49,49,48,47,53,52,52,50,47,46,48,48,48,50,48,49,49,50,51,49,53,46,49,49,51,49,48,47,47,47,
48,51,50,53,52,55,48,51,47,48,50,49,50,52,50,49,49,52,51,51,52,54,52,49,52,55,50,51,50,53,51,51,49,53,49,53,49,53,51,50,50,48,55,52,53,55,49,48,48,48,48,53,50,51,51,51,52,54,52,53,50,56,50,51,52,50,50,50,50,54,51,54,53,50,52,52,50,50,48,47,55,48,49,56,49,50,50,50,50,51,52,49,52,50,47,47,51,49,49,47,52,54,53,49,46,49,48,50,51,49,51,53,48,49,52,48,50,57,50,52,49,49,48,47,47,48,53,53,49,49,49,48,50,49,49,48,49,49,48,50,50,52,50,50,51,47,48,48,51,48,48,49,52,50,53,50,52,50,54,51,53,52,52,53,49,54,50,50,49,50,49,48,49,55,51,50,53,49,49,48,49,47,48,52,52,51,56,53,53,51,52,50,49,50,52,51,52,52,48,50,49,50,49,56,49,51,51,51,53,53,51,51,50,51,50,53,50,51,55,53,51,48,51,49,50,53,47,49,49,47,49,48,53,49,52,47,48,48,49,51,48,49,52,49,50,50,53,48,52,49,51,50,52,48,48,45,
52,53,51,54,57,53,54,48,53,51,52,49,51,51,52,49,51,52,52,52,49,50,53,50,50,52,51,51,51,50,51,52,51,52,53,49,48,48,51,51,53,52,56,51,50,52,49,52,51,51,48,53,52,54,52,52,53,54,53,53,53,48,50,51,52,54,51,50,52,51,51,52,54,50,51,52,52,48,48,55,50,51,54,55,51,53,55,54,50,52,51,52,53,50,48,50,48,50,52,51,52,52,55,54,54,52,49,50,51,51,50,53,51,48,53,50,51,50,53,51,49,53,49,51,54,52,56,55,51,49,50,52,49,50,52,53,55,49,51,50,51,52,51,51,51,52,52,50,52,51,54,50,55,54,51,52,51,51,51,55,55,56,52,50,52,55,52,54,50,51,49,51,54,53,51,51,52,51,51,50,50,48,48,49,53,52,53,57,53,55,54,50,51,56,53,50,51,51,50,51,53,50,55,56,50,53,52,50,55,53,54,52,53,55,52,53,49,52,51,51,50,49,52,48,54,52,53,57,53,48,50,52,50,49,52,53,50,50,49,52,52,51,52,50,50,53,49,55,53,52,52,50,50,51,47,46,
54,52,55,54,53,51,53,55,52,52,53,52,51,50,51,52,52,55,52,52,53,49,51,51,51,53,53,53,52,52,52,51,52,53,54,49,52,49,55,53,52,52,52,55,51,49,50,49,52,53,49,54,53,53,53,53,51,52,54,54,52,49,52,51,53,52,54,50,53,52,52,51,54,50,50,53,51,53,56,54,51,53,49,54,51,57,54,55,53,49,48,53,52,53,51,54,51,52,52,53,52,52,56,55,50,55,53,49,52,52,52,51,50,49,50,52,50,51,51,52,54,54,53,49,56,55,54,52,51,49,51,54,53,49,53,53,54,52,50,48,52,51,52,57,51,50,52,51,52,53,52,52,51,56,52,54,50,52,51,56,56,52,53,52,50,53,54,52,51,53,52,52,53,52,54,54,52,52,55,51,53,50,49,48,50,51,53,52,57,51,55,56,51,49,50,51,51,50,52,50,52,53,54,49,51,49,49,49,51,56,53,54,50,54,53,52,48,52,52,51,54,49,48,49,54,53,53,55,58,49,51,50,53,50,49,52,51,52,51,50,52,52,51,54,51,52,50,51,55,55,51,50,51,52,52,52,
54,54,52,55,52,54,55,54,55,53,54,54,49,50,53,50,53,55,55,53,55,51,52,50,52,52,51,53,52,55,53,54,53,53,52,55,53,52,52,55,53,54,49,51,55,54,54,51,50,53,52,50,52,56,53,50,52,55,53,53,52,49,50,49,54,53,51,51,50,52,52,50,54,52,53,52,52,52,53,56,53,51,50,55,51,55,51,56,55,50,56,53,55,54,51,52,54,54,55,54,48,52,54,54,51,51,51,50,54,53,50,53,50,51,51,51,51,51,54,50,56,50,50,50,56,57,55,52,52,52,52,54,50,51,50,53,50,53,55,49,57,51,51,53,50,51,51,51,53,53,53,53,53,54,53,55,54,51,52,53,53,53,55,52,53,56,56,57,50,50,52,53,53,53,55,55,56,53,54,53,53,54,51,49,53,50,52,54,54,54,53,51,52,50,57,50,50,50,51,52,51,54,54,51,52,51,52,55,51,55,50,51,51,53,52,52,50,53,54,55,55,54,52,50,55,53,52,52,52,50,50,54,53,54,53,52,54,54,52,51,55,52,53,53,55,52,55,55,51,56,53,52,53,52,52,52,
54,54,55,53,55,54,55,57,54,54,55,55,56,51,53,53,53,52,51,52,54,54,54,50,50,53,52,54,53,54,51,54,54,54,53,56,53,53,53,54,54,54,49,56,53,53,54,51,54,51,51,52,57,57,53,53,53,54,54,54,52,53,52,53,53,53,53,52,54,53,53,53,56,53,55,51,54,56,54,53,53,51,51,56,56,52,56,53,56,57,52,56,56,53,51,52,52,54,54,56,49,50,52,51,55,51,54,53,51,52,51,51,53,58,52,52,53,51,53,51,55,54,51,54,52,56,57,54,53,51,53,52,53,51,54,55,53,50,57,52,52,57,51,52,53,54,55,53,55,53,54,53,53,55,53,53,53,52,52,53,52,55,53,52,53,53,53,57,55,54,51,54,53,55,55,53,54,53,51,53,53,53,57,51,50,54,50,51,56,52,52,55,52,53,58,51,54,51,51,52,50,53,55,54,55,52,52,55,57,54,51,51,52,54,54,54,49,51,50,53,50,53,50,54,55,54,52,52,54,55,57,52,52,51,53,49,55,49,55,52,53,53,56,52,51,56,53,56,54,52,54,54,58,53,53,55,
52,54,54,54,55,58,56,57,50,54,51,56,50,52,55,54,56,54,52,53,54,53,54,52,54,52,53,55,54,56,56,55,56,53,55,56,56,51,54,54,54,54,52,55,55,50,54,55,52,55,51,54,53,54,54,55,55,54,54,55,56,52,53,54,55,54,55,54,55,55,54,53,53,51,56,52,53,52,57,55,52,52,53,56,54,53,57,52,52,56,56,54,56,54,52,52,52,51,55,55,53,54,53,51,54,54,54,56,52,53,53,54,53,53,53,55,52,52,52,53,53,53,53,52,56,57,55,54,53,52,52,54,52,54,54,55,52,50,53,52,53,55,58,58,53,53,50,52,53,54,56,54,56,51,54,54,53,54,54,52,56,52,55,53,53,54,54,55,55,54,51,53,55,56,53,53,53,54,52,56,58,53,54,52,53,55,53,53,51,55,52,52,55,53,52,51,54,51,52,57,51,57,54,57,56,56,53,53,53,54,53,55,55,53,55,56,51,50,52,52,55,52,53,50,54,53,51,52,54,54,56,53,54,58,52,53,55,54,50,59,54,51,55,55,54,54,51,55,49,53,51,55,54,57,54,54,
54,53,53,53,56,55,55,55,55,55,53,54,51,53,53,56,57,54,56,56,54,53,54,53,54,53,56,56,56,57,54,56,55,54,57,54,56,52,54,54,55,54,52,52,54,53,51,52,56,52,52,53,54,53,59,56,56,55,55,56,58,55,52,55,54,54,55,56,57,53,53,54,55,52,55,56,53,55,56,55,55,53,56,57,57,54,53,55,56,55,55,54,52,55,52,53,53,52,53,56,54,53,55,51,51,56,54,57,54,55,53,54,56,55,56,57,54,53,56,53,57,51,53,56,52,54,56,54,56,54,53,52,53,53,55,56,55,54,53,53,54,56,56,54,54,54,51,52,53,54,56,55,55,56,53,55,55,55,53,55,55,52,55,55,54,55,56,56,56,55,55,54,57,55,55,54,52,53,58,58,56,53,54,55,55,55,54,53,52,55,55,54,52,55,53,52,56,55,52,55,56,57,55,55,52,55,53,54,54,57,57,53,56,52,56,55,56,51,52,53,55,55,53,51,55,52,54,54,57,55,55,56,57,54,53,54,56,52,51,58,57,53,60,58,56,57,52,57,55,56,52,54,53,58,58,55,
55,55,53,54,52,57,56,56,56,57,54,55,53,54,54,56,58,55,54,56,54,54,56,54,53,56,53,56,54,57,57,54,53,55,57,55,53,54,57,55,53,57,56,53,54,55,56,52,56,57,53,54,55,54,55,56,57,57,55,56,59,58,56,56,55,57,53,56,54,53,58,57,54,53,53,53,54,55,53,53,56,56,56,56,56,54,54,54,57,57,55,56,58,56,54,54,55,54,52,56,57,57,55,52,53,54,54,54,55,56,54,54,52,54,56,57,57,54,55,56,54,57,57,57,55,55,58,54,57,57,54,53,58,54,54,57,55,54,54,53,55,54,55,58,54,56,53,52,56,53,55,56,53,52,55,55,53,55,56,55,56,55,55,54,57,56,55,56,57,59,53,55,57,55,56,54,53,53,54,56,57,56,55,55,54,56,57,57,53,57,57,59,53,54,54,56,55,56,56,56,55,57,58,58,58,54,56,55,56,57,57,54,57,59,54,53,52,58,58,54,57,56,54,52,56,57,54,55,58,60,58,54,55,55,54,57,54,55,53,55,57,57,53,59,60,58,59,55,56,57,53,52,57,54,59,58,
55,55,55,53,56,58,55,57,57,56,54,56,53,58,56,57,55,56,58,54,55,55,56,56,55,55,57,55,55,57,57,55,53,57,58,56,55,54,56,55,56,56,58,58,56,54,59,57,56,56,58,56,54,56,56,58,57,56,54,55,58,58,57,57,57,58,56,56,54,55,55,56,60,59,52,54,55,59,54,54,55,56,55,56,54,56,54,56,57,57,56,55,55,59,58,54,54,54,53,55,57,55,57,54,57,58,54,59,55,55,56,55,55,58,56,57,55,58,54,56,55,54,57,53,56,55,58,55,55,56,55,58,59,57,56,58,58,56,55,52,56,55,58,58,58,58,54,54,55,54,56,59,57,53,56,54,54,54,55,55,56,56,56,55,56,57,57,59,58,54,54,54,57,57,56,56,56,54,58,56,58,59,53,55,54,57,58,56,56,55,57,53,58,54,56,55,56,55,55,54,56,56,57,59,58,57,55,56,57,57,56,56,57,55,53,54,54,56,58,59,56,56,57,56,56,56,53,59,59,58,56,57,57,56,56,57,55,55,55,58,55,58,58,57,59,56,53,56,55,58,57,56,54,58,55,59,
56,56,58,54,57,58,56,59,58,55,56,55,57,60,57,55,57,55,55,59,57,56,56,55,57,56,57,58,56,58,57,58,56,58,57,59,55,57,56,57,54,56,57,55,57,59,60,60,57,62,59,58,57,56,60,59,59,56,57,57,57,57,58,56,58,58,57,54,58,56,56,60,61,57,55,56,57,57,55,55,55,54,57,56,56,56,57,58,58,57,57,56,55,54,60,59,55,55,55,54,56,56,55,56,57,59,57,59,57,54,55,54,57,56,60,60,60,57,57,55,55,54,56,54,56,57,55,56,54,57,58,56,58,56,56,57,55,55,56,59,56,57,57,59,58,56,57,55,55,56,59,59,59,55,57,57,56,59,59,57,57,57,56,56,55,57,55,60,57,58,56,54,56,56,56,57,58,58,58,57,56,60,54,54,54,57,57,56,58,57,55,56,57,55,58,55,56,55,55,57,55,55,60,58,57,58,57,60,55,59,57,56,56,55,56,54,56,57,58,57,56,59,56,59,56,55,56,56,59,58,57,56,56,57,57,58,55,55,55,55,57,56,56,59,57,58,55,56,56,58,57,57,58,55,56,60,
57,57,59,59,58,58,56,56,59,58,56,56,60,60,59,56,57,58,57,55,58,59,56,58,60,56,58,58,58,57,59,57,57,59,58,58,61,58,56,57,57,57,58,57,55,59,58,59,62,54,59,59,55,57,59,56,59,57,58,57,58,59,58,54,60,58,58,57,59,59,57,56,56,55,57,55,56,58,60,56,54,57,57,56,57,56,57,58,60,58,57,57,57,56,55,59,60,60,58,57,56,56,56,57,57,57,61,58,58,58,57,55,54,57,60,59,60,58,58,56,56,57,58,57,58,58,56,55,59,56,56,56,57,57,57,56,57,56,58,59,58,58,56,58,60,58,58,59,56,55,56,56,59,59,56,55,58,59,59,56,56,58,60,58,55,60,56,56,58,58,58,59,56,60,59,58,58,58,57,58,58,57,56,56,58,55,58,57,58,58,58,57,57,59,56,57,55,56,56,56,55,56,58,56,59,60,58,60,60,60,58,58,57,55,58,56,55,58,58,57,58,59,58,57,54,55,56,59,58,57,57,57,57,57,58,57,56,56,59,57,57,58,59,58,58,59,57,57,56,56,58,57,58,57,56,58,
57,57,57,58,60,60,58,57,57,57,57,57,59,61,60,57,58,58,56,56,56,58,56,58,60,59,56,58,59,58,60,56,55,58,58,58,60,56,57,57,56,57,57,58,58,56,59,60,60,61,59,61,58,58,59,57,57,60,59,58,58,57,59,57,60,58,57,58,60,59,60,57,57,55,58,58,56,56,57,61,58,60,58,58,56,56,57,58,57,59,56,59,59,58,57,59,56,60,59,61,58,56,57,57,56,62,58,61,58,59,57,56,60,58,59,57,59,60,57,60,57,59,59,57,59,57,57,58,60,56,58,58,58,58,59,57,57,59,57,58,59,60,57,61,58,59,59,59,59,55,57,58,55,56,59,60,57,58,59,59,58,57,58,58,59,57,57,56,59,59,57,58,57,58,58,61,56,60,59,59,58,57,56,60,59,59,56,58,59,58,59,58,57,57,60,56,56,56,56,57,58,61,58,58,59,59,59,58,61,56,58,58,58,55,58,58,58,59,58,57,59,60,60,58,58,55,61,57,58,59,59,58,57,57,58,59,58,57,59,60,57,61,60,59,57,57,59,57,58,57,57,60,59,59,56,58,
58,58,60,59,59,60,61,58,58,58,58,58,57,59,59,60,58,59,59,59,56,59,59,57,60,58,57,59,58,59,59,59,56,59,58,58,60,58,58,59,57,58,58,57,58,58,60,59,59,61,57,61,59,58,60,60,60,58,59,61,58,59,57,58,58,58,58,59,59,59,59,58,57,57,57,57,58,59,57,58,58,60,59,59,58,57,58,57,58,59,56,56,61,59,59,57,58,59,60,63,58,57,57,58,58,63,59,60,60,57,61,58,56,59,59,57,58,60,62,57,59,60,59,59,58,60,57,60,58,58,59,59,58,58,58,58,57,56,60,57,57,61,59,60,62,59,60,60,60,58,61,57,56,58,60,60,58,57,59,60,60,59,59,59,60,61,58,58,58,58,58,58,56,57,61,57,58,57,59,60,59,57,57,57,59,57,59,56,57,58,58,59,59,60,59,60,58,57,57,57,59,57,57,60,61,59,57,57,59,59,59,59,59,59,56,61,59,60,60,60,60,60,60,59,59,56,59,59,59,58,61,59,57,57,58,59,59,60,57,60,58,58,58,60,57,57,61,59,58,59,58,58,60,58,57,58,
59,59,60,59,59,59,62,58,61,59,60,58,59,59,62,60,59,59,59,59,58,60,61,59,59,60,59,59,58,59,59,57,57,60,59,58,59,59,61,60,61,60,58,58,61,59,58,58,61,59,61,58,58,59,61,59,60,58,61,61,59,59,58,58,58,60,60,59,60,60,61,62,58,58,58,60,58,58,57,62,58,60,58,59,59,61,59,58,60,61,58,57,57,60,60,60,58,60,59,60,58,58,62,58,59,59,60,60,60,61,58,59,59,61,60,60,58,61,62,58,58,59,60,59,62,60,60,60,60,60,58,60,60,57,58,60,58,59,57,58,58,60,61,62,59,61,59,59,58,58,59,59,59,58,59,60,61,57,60,60,59,58,60,59,60,61,61,59,61,59,60,57,57,62,61,57,57,60,63,58,58,59,58,60,60,61,58,59,59,59,59,59,60,60,58,59,59,59,59,58,59,59,58,61,61,60,58,59,59,59,59,59,58,60,59,60,59,60,57,59,60,59,60,60,59,58,59,61,57,58,62,61,61,59,58,59,59,60,61,57,58,58,58,59,58,60,59,58,59,60,59,62,59,61,61,60,
61,60,59,59,59,60,60,60,59,59,62,60,60,59,61,58,60,60,59,60,59,61,59,61,60,60,58,59,61,60,59,58,59,61,59,59,59,59,61,61,60,60,60,61,61,62,59,60,61,58,58,60,61,61,59,59,60,60,60,61,60,59,58,59,59,59,59,60,60,60,59,60,62,59,58,61,61,58,62,58,64,60,60,61,60,60,59,61,60,61,59,58,58,61,61,61,61,60,61,58,60,59,58,60,59,60,59,60,62,60,61,62,60,60,61,60,59,59,60,62,60,60,59,61,60,59,60,62,60,60,61,60,60,61,58,60,61,62,59,62,59,61,60,59,62,62,58,61,61,60,62,60,61,59,58,58,61,60,59,59,60,59,60,60,59,61,60,60,59,59,60,59,58,58,59,58,58,60,64,60,59,59,61,60,62,60,59,59,60,59,59,59,60,60,59,59,60,61,60,61,59,59,59,60,60,60,59,61,59,61,59,60,60,60,59,61,60,60,62,61,60,60,59,62,60,59,62,62,61,59,59,61,61,60,61,61,61,61,61,62,60,59,61,60,60,60,58,59,59,60,61,60,62,60,62,60,
60,61,60,61,61,59,59,60,61,60,61,61,60,61,62,60,61,61,62,61,59,60,60,60,63,61,62,60,62,61,61,60,61,59,60,60,59,61,62,60,60,60,60,61,62,60,60,60,61,59,60,60,62,61,61,62,61,62,60,61,59,59,59,60,60,61,61,60,61,60,59,60,63,60,60,62,60,60,62,62,61,60,61,62,60,63,59,59,62,62,60,60,60,60,61,61,61,62,60,59,62,59,59,59,59,59,60,62,62,62,60,62,61,60,61,60,61,61,62,61,60,59,62,62,61,62,60,61,61,61,62,61,61,59,62,60,61,61,60,63,63,61,60,60,60,61,62,59,62,61,60,60,62,63,60,60,59,60,61,62,59,60,60,61,60,60,60,61,62,60,61,61,60,59,60,59,60,61,60,59,60,60,62,62,62,62,62,61,61,60,63,59,61,62,62,59,61,59,62,61,61,60,61,60,60,59,60,60,61,61,62,59,61,60,60,59,62,61,62,59,60,61,62,63,60,62,60,62,63,59,60,59,59,60,61,62,60,61,60,61,61,61,62,60,61,60,61,60,60,59,61,61,60,61,63,61,
61,60,61,61,62,61,61,60,61,62,62,62,62,63,62,63,61,63,60,62,61,60,60,62,61,62,61,63,63,61,61,61,61,62,60,62,63,61,60,62,60,60,62,61,62,61,63,61,61,61,60,60,62,61,62,60,62,62,62,61,60,63,60,60,63,61,60,60,61,62,60,62,61,61,61,62,61,60,62,61,62,61,61,62,62,60,62,61,62,61,62,61,61,61,62,62,60,62,62,61,61,60,60,61,61,61,60,62,62,61,61,62,60,62,61,61,61,61,62,60,61,62,62,61,61,60,61,63,61,61,60,63,61,62,60,60,60,61,63,62,60,61,60,60,62,60,61,62,63,63,60,62,63,63,62,61,61,61,62,61,61,61,60,61,61,60,60,61,61,61,61,63,62,62,61,61,61,62,60,62,63,60,60,62,63,61,61,61,61,62,62,60,62,62,60,61,61,61,60,60,62,62,61,61,60,60,61,62,63,61,60,61,61,61,60,60,61,62,61,62,60,62,63,63,61,62,61,61,62,62,60,60,60,60,62,61,61,61,61,60,61,61,62,62,62,60,62,60,60,60,60,61,61,61,63,62,
61,62,61,62,63,62,61,62,62,61,62,62,62,62,63,63,63,63,61,63,61,61,61,62,62,62,63,63,62,61,61,62,63,63,61,62,62,62,61,62,61,62,61,62,62,62,63,62,63,62,62,62,61,62,61,62,63,63,61,61,64,63,62,63,62,62,62,62,63,61,63,62,62,62,61,61,62,61,62,62,61,61,62,61,62,62,63,62,62,62,62,64,61,62,63,62,63,61,63,63,62,62,61,61,62,62,61,61,62,61,63,61,64,63,64,61,63,61,63,61,62,63,63,62,64,63,62,63,61,62,61,62,62,61,62,62,62,62,64,63,62,61,61,63,63,61,61,63,62,63,64,62,62,62,62,63,61,62,62,61,61,62,62,63,62,63,64,62,63,61,64,63,62,61,63,61,62,62,62,61,61,62,61,62,63,61,62,63,62,63,62,63,62,63,62,62,62,62,62,61,62,62,62,62,62,63,62,62,63,61,62,61,62,61,62,62,62,62,63,63,62,63,62,62,62,61,62,63,63,62,61,61,62,61,62,62,63,62,62,63,62,62,61,61,61,62,62,61,62,61,62,62,61,62,61,63,
63,62,62,63,63,63,63,62,63,62,63,62,63,63,62,62,63,62,63,62,62,62,62,63,63,62,62,63,62,62,64,63,62,63,63,62,63,63,62,63,64,63,62,62,62,63,62,62,63,63,62,63,63,63,63,62,63,64,62,63,62,63,63,62,64,62,62,62,62,63,62,63,62,62,62,63,62,62,62,62,63,62,63,62,63,62,63,62,63,64,63,63,62,63,63,62,63,63,62,64,63,62,63,62,63,62,62,62,63,63,63,63,62,62,64,64,63,63,63,62,62,62,64,63,63,63,63,64,63,63,64,63,62,63,62,62,62,64,64,63,63,63,63,62,62,63,64,63,63,62,63,62,62,63,63,63,62,62,63,64,63,63,64,63,63,63,62,62,63,62,63,62,63,64,63,62,64,62,62,62,62,64,62,62,64,62,62,63,63,63,62,62,62,63,63,63,62,62,64,62,64,62,63,62,62,62,62,63,62,63,63,63,64,62,62,63,63,63,63,62,62,63,62,62,62,63,62,63,64,63,63,62,63,63,62,63,63,63,62,62,63,64,63,63,62,62,63,63,63,62,63,62,63,62,63,62,
63,64,63,63,63,63,63,64,63,63,63,63,63,63,64,64,63,64,64,64,63,64,64,63,63,63,63,63,63,63,63,63,63,64,64,63,63,63,63,63,63,64,64,64,63,63,64,64,64,64,64,63,64,64,63,64,63,63,63,64,63,64,64,63,63,64,63,64,64,63,63,63,63,63,63,63,63,63,63,63,63,64,64,63,64,63,64,63,63,64,64,63,64,63,64,63,63,63,63,63,63,63,63,63,63,64,63,63,63,63,63,63,63,64,63,64,64,64,63,63,63,63,63,64,63,64,63,64,64,64,64,63,63,63,64,64,64,63,64,63,64,64,63,63,63,63,63,64,64,64,64,63,63,63,63,63,64,63,64,64,63,63,63,63,64,64,63,63,63,63,63,63,63,64,63,63,63,64,63,63,63,64,63,63,63,63,63,63,63,64,63,63,63,63,64,63,63,63,64,64,63,64,64,63,63,63,63,64,64,63,63,63,64,63,63,63,64,63,63,63,63,64,63,63,64,64,63,63,64,63,63,63,64,64,64,64,63,64,64,63,63,64,63,63,63,63,63,63,64,64,63,63,63,63,63,63,
64,64,64,64,64,64,64,64,64,64,64,64,64,64,64,64,64,64,64,64,64,64,64,64,64,64,64,64,64,64,64,64,64,64,64,64,64,64,64,64,64,64,64,64,64,64,64,64,64,64,64,64,64,64,64,64,64,64,64,64,64,64,64,64,64,64,64,64,64,64,64,64,64,64,64,64,64,64,64,64,64,64,64,64,64,64,64,64,64,64,64,64,64,64,64,64,64,64,64,64,64,64,64,64,64,64,64,64,64,64,64,64,64,64,64,64,64,64,64,64,64,64,64,64,64,64,64,64,64,64,64,64,64,64,64,64,64,64,64,64,64,64,64,64,64,64,64,64,64,64,64,64,64,64,64,64,64,64,64,64,64,64,64,64,64,64,64,64,64,64,64,64,64,64,64,64,64,64,64,64,64,64,64,64,64,64,64,64,64,64,64,64,64,64,64,64,64,64,64,64,64,64,64,64,64,64,64,64,64,64,64,64,64,64,64,64,64,64,64,64,64,64,64,64,64,64,64,64,64,64,64,64,64,64,64,64,64,64,64,64,64,64,64,64,64,64,64,64,64,64,64,64,64,64,64,64,