[64, 256, 128]
0,0,0,0,0,0,0,0,0,0,0,0,0,0,0,0,0,0,0,0,0,0,0,0,0,0,0,0,0,0,0,0,0,0,0,0,0,0,0,0,0,0,0,0,0,0,0,0,0,0,0,0,0,0,0,0,0,0,0,0,0,0,0,0,0,0,0,0,0,0,0,0,0,0,0,0,0,0,0,0,0,0,0,0,0,0,0,0,0,0,0,0,0,0,0,0,0,0,0,0,0,0,0,0,0,0,0,0,0,0,0,0,0,0,0,0,0,0,0,0,0,0,0,0,0,0,0,0,0,0,0,0,0,0,0,0,0,0,0,0,0,0,0,0,0,0,0,0,0,0,0,0,0,0,0,0,0,0,0,0,0,0,0,0,0,0,0,0,0,0,0,0,0,0,0,0,0,0,0,0,0,0,0,0,0,0,0,0,0,0,0,0,0,0,0,0,0,0,0,0,0,0,0,0,0,0,0,0,0,0,0,0,0,0,0,0,0,0,0,0,0,0,0,0,0,0,0,0,0,0,0,0,0,0,0,0,0,0,0,0,0,0,0,0,0,0,0,0,0,0,0,0,0,0,0,0,
0,0,0,0,0,0,0,0,0,0,0,0,0,0,0,0,0,0,0,0,0,0,0,0,0,0,0,0,0,0,0,0,0,0,0,0,0,0,0,0,0,0,0,0,0,0,0,0,0,0,0,0,0,0,0,0,0,0,0,0,0,0,0,0,0,0,0,0,0,0,0,0,0,0,0,0,0,0,0,0,0,0,0,0,0,0,0,0,0,0,0,0,0,0,0,0,0,0,0,0,0,0,0,0,0,0,0,0,0,0,0,0,0,0,0,0,0,0,0,0,0,0,0,0,0,0,0,0,0,0,0,0,0,0,0,0,0,0,0,0,0,0,0,0,0,0,0,0,0,0,0,0,0,0,0,0,0,0,0,0,0,0,0,0,0,0,0,0,0,0,0,0,0,0,0,0,0,0,0,0,0,0,0,0,0,0,0,0,0,0,0,0,0,0,0,0,0,0,0,0,0,0,0,0,0,0,0,0,0,0,0,0,0,0,0,0,0,0,0,0,0,0,0,0,0,0,0,0,0,0,0,0,0,0,0,0,0,0,0,0,0,0,0,0,0,0,0,0,0,0,0,0,0,0,0,0,
0,0,0,0,0,0,0,0,0,0,0,0,0,0,0,0,0,0,0,0,0,0,0,0,0,0,0,0,0,0,0,0,0,0,0,0,0,0,0,0,0,0,0,0,0,0,0,0,0,0,0,0,0,0,0,0,0,0,0,0,0,0,0,0,0,0,0,0,0,0,0,0,0,0,0,0,0,0,0,0,0,0,0,0,0,0,0,0,0,0,0,0,0,0,0,0,0,0,0,0,0,0,0,0,0,0,0,0,0,0,0,0,0,0,0,0,0,0,0,0,0,0,0,0,0,0,0,0,0,0,0,0,0,0,0,0,0,0,0,0,0,0,0,0,0,0,0,0,0,0,0,0,0,0,0,0,0,0,0,0,0,0,0,0,0,0,0,0,0,0,0,0,0,0,0,0,0,0,0,0,0,0,0,0,0,0,0,0,0,0,0,0,0,0,0,0,0,0,0,0,0,0,0,0,0,0,0,0,0,0,0,0,0,0,0,0,0,0,0,0,0,0,0,0,0,0,0,0,0,0,0,0,0,0,0,0,0,0,0,0,0,0,0,0,0,0,0,0,0,0,0,0,0,0,0,0,
0,0,0,0,0,0,0,0,0,0,0,0,0,0,0,0,0,0,0,0,0,0,0,0,0,0,0,0,0,0,0,0,0,0,0,0,0,0,0,0,0,0,0,0,0,0,0,0,0,0,0,0,0,0,0,0,0,0,0,0,0,0,0,0,0,0,0,0,0,0,0,0,0,0,0,0,0,0,0,0,0,0,0,0,0,0,0,0,0,0,0,0,0,0,0,0,0,0,0,0,0,0,0,0,0,0,0,0,0,0,0,0,0,0,0,0,0,0,0,0,0,0,0,0,0,0,0,0,0,0,0,0,0,0,0,0,0,0,0,0,0,0,0,0,0,0,0,0,0,0,0,0,0,0,0,0,0,0,0,0,0,0,0,0,0,0,0,0,0,0,0,0,0,0,0,0,0,0,0,0,0,0,0,0,0,0,0,0,0,0,0,0,0,0,0,0,0,0,0,0,0,0,0,0,0,0,0,0,0,0,0,0,0,0,0,0,0,0,0,0,0,0,0,0,0,0,0,0,0,0,0,0,0,0,0,0,0,0,0,0,0,0,0,0,0,0,0,0,0,0,0,0,0,0,0,0,
0,0,0,0,0,0,0,0,0,0,0,0,0,0,0,0,0,0,0,0,0,0,0,0,0,0,0,0,0,0,0,0,0,0,0,0,0,0,0,0,0,0,0,0,0,0,0,0,0,0,0,0,0,0,0,0,0,0,0,0,0,0,0,0,0,0,0,0,0,0,0,0,0,0,0,0,0,0,0,0,0,0,0,0,0,0,0,0,0,0,0,0,0,0,0,0,0,0,0,0,0,0,0,0,0,0,0,0,0,0,0,0,0,0,0,0,0,0,0,0,0,0,0,0,0,0,0,0,0,0,0,0,0,0,0,0,0,0,0,0,0,0,0,0,0,0,0,0,0,0,0,0,0,0,0,0,0,0,0,0,0,0,0,0,0,0,0,0,0,0,0,0,0,0,0,0,0,0,0,0,0,0,0,0,0,0,0,0,0,0,0,0,0,0,0,0,0,0,0,0,0,0,0,0,0,0,0,0,0,0,0,0,0,0,0,0,0,0,0,0,0,0,0,0,0,0,0,0,0,0,0,0,0,0,0,0,0,0,0,0,0,0,0,0,0,0,0,0,0,0,0,0,0,0,0,0,
0,0,0,0,0,0,0,0,0,0,0,0,0,0,0,0,0,0,0,0,0,0,0,0,0,0,0,0,0,0,0,0,0,0,0,0,0,0,0,0,0,0,0,0,0,0,0,0,0,0,0,0,0,0,0,0,0,0,0,0,0,0,0,0,0,0,0,0,0,0,0,0,0,0,0,0,0,0,0,0,0,0,0,0,0,0,0,0,0,0,0,0,0,0,0,0,0,0,0,0,0,0,0,0,0,0,0,0,0,0,0,0,0,0,0,0,0,0,0,0,0,0,0,0,0,0,0,0,0,0,0,0,0,0,0,0,0,0,0,0,0,0,0,0,0,0,0,0,0,0,0,0,0,0,0,0,0,0,0,0,0,0,0,0,0,0,0,0,0,0,0,0,0,0,0,0,0,0,0,0,0,0,0,0,0,0,0,0,0,0,0,0,0,0,0,0,0,0,0,0,0,0,0,0,0,0,0,0,0,0,0,0,0,0,0,0,0,0,0,0,0,0,0,0,0,0,0,0,0,0,0,0,0,0,0,0,0,0,0,0,0,0,0,0,0,0,0,0,0,0,0,0,0,0,0,0,
0,0,0,0,0,0,0,0,0,0,0,0,0,0,0,0,0,0,0,0,0,0,0,0,0,0,0,0,0,0,0,0,0,0,0,0,0,0,0,0,0,0,0,0,0,0,0,0,0,0,0,0,0,0,0,0,0,0,0,0,0,0,0,0,0,0,0,0,0,0,0,0,0,0,0,0,0,0,0,0,0,0,0,0,0,0,0,0,0,0,0,0,0,0,0,0,0,0,0,0,0,0,0,0,0,0,0,0,0,0,0,0,0,0,0,0,0,0,0,0,0,0,0,0,0,0,0,0,0,0,0,0,0,0,0,0,0,0,0,0,0,0,0,0,0,0,0,0,0,0,0,0,0,0,0,0,0,0,0,0,0,0,0,0,0,0,0,0,0,0,0,0,0,0,0,0,0,0,0,0,0,0,0,0,0,0,0,0,0,0,0,0,0,0,0,0,0,0,0,0,0,0,0,0,0,0,0,0,0,0,0,0,0,0,0,0,0,0,0,0,0,0,0,0,0,0,0,0,0,0,0,0,0,0,0,0,0,0,0,0,0,0,0,0,0,0,0,0,0,0,0,0,0,0,0,0,
0,0,0,0,0,0,0,0,0,0,0,0,0,0,0,0,0,0,0,0,0,0,0,0,0,0,0,0,0,0,0,0,0,0,0,0,0,0,0,0,0,0,0,0,0,0,0,0,0,0,0,0,0,0,0,0,0,0,0,0,0,0,0,0,0,0,0,0,0,0,0,0,0,0,0,0,0,0,0,0,0,0,0,0,0,0,0,0,0,0,0,0,0,0,0,0,0,0,0,0,0,0,0,0,0,0,0,0,0,0,0,0,0,0,0,0,0,0,0,0,0,0,0,0,0,0,0,0,0,0,0,0,0,0,0,0,0,0,0,0,0,0,0,0,0,0,0,0,0,0,0,0,0,0,0,0,0,0,0,0,0,0,0,0,0,0,0,0,0,0,0,0,0,0,0,0,0,0,0,0,0,0,0,0,0,0,0,0,0,0,0,0,0,0,0,0,0,0,0,0,0,0,0,0,0,0,0,0,0,0,0,0,0,0,0,0,0,0,0,0,0,0,0,0,0,0,0,0,0,0,0,0,0,0,0,0,0,0,0,0,0,0,0,0,0,0,0,0,0,0,0,0,0,0,0,0,
0,0,0,0,0,0,0,0,0,0,0,0,0,0,0,0,0,0,0,0,0,0,0,0,0,0,0,0,0,0,0,0,0,0,0,0,0,0,0,0,0,0,0,0,0,0,0,0,0,0,0,0,0,0,0,0,0,0,0,0,0,0,0,0,0,0,0,0,0,0,0,0,0,0,0,0,0,0,0,0,0,0,0,0,0,0,0,0,0,0,0,0,0,0,0,0,0,0,0,0,0,0,0,0,0,0,0,0,0,0,0,0,0,0,0,0,0,0,0,0,0,0,0,0,0,0,0,0,0,0,0,0,0,0,0,0,0,0,0,0,0,0,0,0,0,0,0,0,0,0,0,0,0,0,0,0,0,0,0,0,0,0,0,0,0,0,0,0,0,0,0,0,0,0,0,0,0,0,0,0,0,0,0,0,0,0,0,0,0,0,0,0,0,0,0,0,0,0,0,0,0,0,0,0,0,0,0,0,0,0,0,0,0,0,0,0,0,0,0,0,0,0,0,0,0,0,0,0,0,0,0,0,0,0,0,0,0,0,0,0,0,0,0,0,0,0,0,0,0,0,0,0,0,0,0,0,
0,0,0,0,0,0,0,0,0,0,0,0,0,0,0,0,0,0,0,0,0,0,0,0,0,0,0,0,0,0,0,0,0,0,0,0,0,0,0,0,0,0,0,0,0,0,0,0,0,0,0,0,0,0,0,0,0,0,0,0,0,0,0,0,0,0,0,0,0,0,0,0,0,0,0,0,0,0,0,0,0,0,0,0,0,0,0,0,0,0,0,0,0,0,0,0,0,0,0,0,0,0,0,0,0,0,0,0,0,0,0,0,0,0,0,0,0,0,0,0,0,0,0,0,0,0,0,0,0,0,0,0,0,0,0,0,0,0,0,0,0,0,0,0,0,0,0,0,0,0,0,0,0,0,0,0,0,0,0,0,0,0,0,0,0,0,0,0,0,0,0,0,0,0,0,0,0,0,0,0,0,0,0,0,0,0,0,0,0,0,0,0,0,0,0,0,0,0,0,0,0,0,0,0,0,0,0,0,0,0,0,0,0,0,0,0,0,0,0,0,0,0,0,0,0,0,0,0,0,0,0,0,0,0,0,0,0,0,0,0,0,0,0,0,0,0,0,0,0,0,0,0,0,0,0,0,
0,0,0,0,0,0,0,0,0,0,0,0,0,0,0,0,0,0,0,0,0,0,0,0,0,0,0,0,0,0,0,0,0,0,0,0,0,0,0,0,0,0,0,0,0,0,0,0,0,0,0,0,0,0,0,0,0,0,0,0,0,0,0,0,0,0,0,0,0,0,0,0,0,0,0,0,0,0,0,0,0,0,0,0,0,0,0,0,0,0,0,0,0,0,0,0,0,0,0,0,0,0,0,0,0,0,0,0,0,0,0,0,0,0,0,0,0,0,0,0,0,0,0,0,0,0,0,0,0,0,0,0,0,0,0,0,0,0,0,0,0,0,0,0,0,0,0,0,0,0,0,0,0,0,0,0,0,0,0,0,0,0,0,0,0,0,0,0,0,0,0,0,0,0,0,0,0,0,0,0,0,0,0,0,0,0,0,0,0,0,0,0,0,0,0,0,0,0,0,0,0,0,0,0,0,0,0,0,0,0,0,0,0,0,0,0,0,0,0,0,0,0,0,0,0,0,0,0,0,0,0,0,0,0,0,0,0,0,0,0,0,0,0,0,0,0,0,0,0,0,0,0,0,0,0,0,
0,0,0,0,0,0,0,0,0,0,0,0,0,0,0,0,0,0,0,0,0,0,0,0,0,0,0,0,0,0,0,0,0,0,0,0,0,0,0,0,0,0,0,0,0,0,0,0,0,0,0,0,0,0,0,0,0,0,0,0,0,0,0,0,0,0,0,0,0,0,0,0,0,0,0,0,0,0,0,0,0,0,0,0,0,0,0,0,0,0,0,0,0,0,0,0,0,0,0,0,0,0,0,0,0,0,0,0,0,0,0,0,0,0,0,0,0,0,0,0,0,0,0,0,0,0,0,0,0,0,0,0,0,0,0,0,0,0,0,0,0,0,0,0,0,0,0,0,0,0,0,0,0,0,0,0,0,0,0,0,0,0,0,0,0,0,0,0,0,0,0,0,0,0,0,0,0,0,0,0,0,0,0,0,0,0,0,0,0,0,0,0,0,0,0,0,0,0,0,0,0,0,0,0,0,0,0,0,0,0,0,0,0,0,0,0,0,0,0,0,0,0,0,0,0,0,0,0,0,0,0,0,0,0,0,0,0,0,0,0,0,0,0,0,0,0,0,0,0,0,0,0,0,0,0,0,
0,0,0,0,0,0,0,0,0,0,0,0,0,0,0,0,0,0,0,0,0,0,0,0,0,0,0,0,0,0,0,0,0,0,0,0,0,0,0,0,0,0,0,0,0,0,0,0,0,0,0,0,0,0,0,0,0,0,0,0,0,0,0,0,0,0,0,0,0,0,0,0,0,0,0,0,0,0,0,0,0,0,0,0,0,0,0,0,0,0,0,0,0,0,0,0,0,0,0,0,0,0,0,0,0,0,0,0,0,0,0,0,0,0,0,0,0,0,0,0,0,0,0,0,0,0,0,0,0,0,0,0,0,0,0,0,0,0,0,0,0,0,0,0,0,0,0,0,0,0,0,0,0,0,0,0,0,0,0,0,0,0,0,0,0,0,0,0,0,0,0,0,0,0,0,0,0,0,0,0,0,0,0,0,0,0,0,0,0,0,0,0,0,0,0,0,0,0,0,0,0,0,0,0,0,0,0,0,0,0,0,0,0,0,0,0,0,0,0,0,0,0,0,0,0,0,0,0,0,0,0,0,0,0,0,0,0,0,0,0,0,0,0,0,0,0,0,0,0,0,0,0,0,0,0,0,
0,0,0,0,0,0,0,0,0,0,0,0,0,0,0,0,0,0,0,0,0,0,0,0,0,0,0,0,0,0,0,0,0,0,0,0,0,0,0,0,0,0,0,0,0,0,0,0,0,0,0,0,0,0,0,0,0,0,0,0,0,0,0,0,0,0,0,0,0,0,0,0,0,0,0,0,0,0,0,0,0,0,0,0,0,0,0,0,0,0,0,0,0,0,0,0,0,0,0,0,0,0,0,0,0,0,0,0,0,0,0,0,0,0,0,0,0,0,0,0,0,0,0,0,0,0,0,0,0,0,0,0,0,0,0,0,0,0,0,0,0,0,0,0,0,0,0,0,0,0,0,0,0,0,0,0,0,0,0,0,0,0,0,0,0,0,0,0,0,0,0,0,0,0,0,0,0,0,0,0,0,0,0,0,0,0,0,0,0,0,0,0,0,0,0,0,0,0,0,0,0,0,0,0,0,0,0,0,0,0,0,0,0,0,0,0,0,0,0,0,0,0,0,0,0,0,0,0,0,0,0,0,0,0,0,0,0,0,0,0,0,0,0,0,0,0,0,0,0,0,0,0,0,0,0,0,
0,0,0,0,0,0,0,0,0,0,0,0,0,0,0,0,0,0,0,0,0,0,0,0,0,0,0,0,0,0,0,0,0,0,0,0,0,0,0,0,0,0,0,0,0,0,0,0,0,0,0,0,0,0,0,0,0,0,0,0,0,0,0,0,0,0,0,0,0,0,0,0,0,0,0,0,0,0,0,0,0,0,0,0,0,0,0,0,0,0,0,0,0,0,0,0,0,0,0,0,0,0,0,0,0,0,0,0,0,0,0,0,0,0,0,0,0,0,0,0,0,0,0,0,0,0,0,0,0,0,0,0,0,0,0,0,0,0,0,0,0,0,0,0,0,0,0,0,0,0,0,0,0,0,0,0,0,0,0,0,0,0,0,0,0,0,0,0,0,0,0,0,0,0,0,0,0,0,0,0,0,0,0,0,0,0,0,0,0,0,0,0,0,0,0,0,0,0,0,0,0,0,0,0,0,0,0,0,0,0,0,0,0,0,0,0,0,0,0,0,0,0,0,0,0,0,0,0,0,0,0,0,0,0,0,0,0,0,0,0,0,0,0,0,0,0,0,0,0,0,0,0,0,0,0,0,
0,0,0,0,0,0,0,0,0,0,0,0,0,0,0,0,0,0,0,0,0,0,0,0,0,0,0,0,0,0,0,0,0,0,0,0,0,0,0,0,0,0,0,0,0,0,0,0,0,0,0,0,0,0,0,0,0,0,0,0,0,0,0,0,0,0,0,0,0,0,0,0,0,0,0,0,0,0,0,0,0,0,0,0,0,0,0,0,0,0,0,0,0,0,0,0,0,0,0,0,0,0,0,0,0,0,0,0,0,0,0,0,0,0,0,0,0,0,0,0,0,0,0,0,0,0,0,0,0,0,0,0,0,0,0,0,0,0,0,0,0,0,0,0,0,0,0,0,0,0,0,0,0,0,0,0,0,0,0,0,0,0,0,0,0,0,0,0,0,0,0,0,0,0,0,0,0,0,0,0,0,0,0,0,0,0,0,0,0,0,0,0,0,0,0,0,0,0,0,0,0,0,0,0,0,0,0,0,0,0,0,0,0,0,0,0,0,0,0,0,0,0,0,0,0,0,0,0,0,0,0,0,0,0,0,0,0,0,0,0,0,0,0,0,0,0,0,0,0,0,0,0,0,0,0,0,
0,0,0,0,0,0,0,0,0,0,0,0,0,0,0,0,0,0,0,0,0,0,0,0,0,0,0,0,0,0,0,0,0,0,0,0,0,0,0,0,0,0,0,0,0,0,0,0,0,0,0,0,0,0,0,0,0,0,0,0,0,0,0,0,0,0,0,0,0,0,0,0,0,0,0,0,0,0,0,0,0,0,0,0,0,0,0,0,0,0,0,0,0,0,0,0,0,0,0,0,0,0,0,0,0,0,0,0,0,0,0,0,0,0,0,0,0,0,0,0,0,0,0,0,0,0,0,0,0,0,0,0,0,0,0,0,0,0,0,0,0,0,0,0,0,0,0,0,0,0,0,0,0,0,0,0,0,0,0,0,0,0,0,0,0,0,0,0,0,0,0,0,0,0,0,0,0,0,0,0,0,0,0,0,0,0,0,0,0,0,0,0,0,0,0,0,0,0,0,0,0,0,0,0,0,0,0,0,0,0,0,0,0,0,0,0,0,0,0,0,0,0,0,0,0,0,0,0,0,0,0,0,0,0,0,0,0,0,0,0,0,0,0,0,0,0,0,0,0,0,0,0,0,0,0,0,
0,0,0,0,0,0,0,0,0,0,0,0,0,0,0,0,0,0,0,0,0,0,0,0,0,0,0,0,0,0,0,0,0,0,0,0,0,0,0,0,0,0,0,0,0,0,0,0,0,0,0,0,0,0,0,0,0,0,0,0,0,0,0,0,0,0,0,0,0,0,0,0,0,0,0,0,0,0,0,0,0,0,0,0,0,0,0,0,0,0,0,0,0,0,0,0,0,0,0,0,0,0,0,0,0,0,0,0,0,0,0,0,0,0,0,0,0,0,0,0,0,0,0,0,0,0,0,0,0,0,0,0,0,0,0,0,0,0,0,0,0,0,0,0,0,0,0,0,0,0,0,0,0,0,0,0,0,0,0,0,0,0,0,0,0,0,0,0,0,0,0,0,0,0,0,0,0,0,0,0,0,0,0,0,0,0,0,0,0,0,0,0,0,0,0,0,0,0,0,0,0,0,0,0,0,0,0,0,0,0,0,0,0,0,0,0,0,0,0,0,0,0,0,0,0,0,0,0,0,0,0,0,0,0,0,0,0,0,0,0,0,0,0,0,0,0,0,0,0,0,0,0,0,0,0,0,
0,0,0,0,0,0,0,0,0,0,0,0,0,0,0,0,0,0,0,0,0,0,0,0,0,0,0,0,0,0,0,0,0,0,0,0,0,0,0,0,0,0,0,0,0,0,0,0,0,0,0,0,0,0,0,0,0,0,0,0,0,0,0,0,0,0,0,0,0,0,0,0,0,0,0,0,0,0,0,0,0,0,0,0,0,0,0,0,0,0,0,0,0,0,0,0,0,0,0,0,0,0,0,0,0,0,0,0,0,0,0,0,0,0,0,0,0,0,0,0,0,0,0,0,0,0,0,0,0,0,0,0,0,0,0,0,0,0,0,0,0,0,0,0,0,0,0,0,0,0,0,0,0,0,0,0,0,0,0,0,0,0,0,0,0,0,0,0,0,0,0,0,0,0,0,0,0,0,0,0,0,0,0,0,0,0,0,0,0,0,0,0,0,0,0,0,0,0,0,0,0,0,0,0,0,0,0,0,0,0,0,0,0,0,0,0,0,0,0,0,0,0,0,0,0,0,0,0,0,0,0,0,0,0,0,0,0,0,0,0,0,0,0,0,0,0,0,0,0,0,0,0,0,0,0,0,
0,0,0,0,0,0,0,0,0,0,0,0,0,0,0,0,0,0,0,0,0,0,0,0,0,0,0,0,0,0,0,0,0,0,0,0,0,0,0,0,0,0,0,0,0,0,0,0,0,0,0,0,0,0,0,0,0,0,0,0,0,0,0,0,0,0,0,0,0,0,0,0,0,0,0,0,0,0,0,0,0,0,0,0,0,0,0,0,0,0,0,0,0,0,0,0,0,0,0,0,0,0,0,0,0,0,0,0,0,0,0,0,0,0,0,0,0,0,0,0,0,0,0,0,0,0,0,0,0,0,0,0,0,0,0,0,0,0,0,0,0,0,0,0,0,0,0,0,0,0,0,0,0,0,0,0,0,0,0,0,0,0,0,0,0,0,0,0,0,0,0,0,0,0,0,0,0,0,0,0,0,0,0,0,0,0,0,0,0,0,0,0,0,0,0,0,0,0,0,0,0,0,0,0,0,0,0,0,0,0,0,0,0,0,0,0,0,0,0,0,0,0,0,0,0,0,0,0,0,0,0,0,0,0,0,0,0,0,0,0,0,0,0,0,0,0,0,0,0,0,0,0,0,0,0,0,
0,0,0,0,0,0,0,0,0,0,0,0,0,0,0,0,0,0,0,0,0,0,0,0,0,0,0,0,0,0,0,0,0,0,0,0,0,0,0,0,0,0,0,0,0,0,0,0,0,0,0,0,0,0,0,0,0,0,0,0,0,0,0,0,0,0,0,0,0,0,0,0,0,0,0,0,0,0,0,0,0,0,0,0,0,0,0,0,0,0,0,0,0,0,0,0,0,0,0,0,0,0,0,0,0,0,0,0,0,0,0,0,0,0,0,0,0,0,0,0,0,0,0,0,0,0,0,0,0,0,0,0,0,0,0,0,0,0,0,0,0,0,0,0,0,0,0,0,0,0,0,0,0,0,0,0,0,0,0,0,0,0,0,0,0,0,0,0,0,0,0,0,0,0,0,0,0,0,0,0,0,0,0,0,0,0,0,0,0,0,0,0,0,0,0,0,0,0,0,0,0,0,0,0,0,0,0,0,0,0,0,0,0,0,0,0,0,0,0,0,0,0,0,0,0,0,0,0,0,0,0,0,0,0,0,0,0,0,0,0,0,0,0,0,0,0,0,0,0,0,0,0,0,0,0,0,
0,0,0,0,0,0,0,0,0,0,0,0,0,0,0,0,0,0,0,0,0,0,0,0,0,0,0,0,0,0,0,0,0,0,0,0,0,0,0,0,0,0,0,0,0,0,0,0,0,0,0,0,0,0,0,0,0,0,0,0,0,0,0,0,0,0,0,0,0,0,0,0,0,0,0,0,0,0,0,0,0,0,0,0,0,0,0,0,0,0,0,0,0,0,0,0,0,0,0,0,0,0,0,0,0,0,0,0,0,0,0,0,0,0,0,0,0,0,0,0,0,0,0,0,0,0,0,0,0,0,0,0,0,0,0,0,0,0,0,0,0,0,0,0,0,0,0,0,0,0,0,0,0,0,0,0,0,0,0,0,0,0,0,0,0,0,0,0,0,0,0,0,0,0,0,0,0,0,0,0,0,0,0,0,0,0,0,0,0,0,0,0,0,0,0,0,0,0,0,0,0,0,0,0,0,0,0,0,0,0,0,0,0,0,0,0,0,0,0,0,0,0,0,0,0,0,0,0,0,0,0,0,0,0,0,0,0,0,0,0,0,0,0,0,0,0,0,0,0,0,0,0,0,0,0,0,
0,0,0,0,0,0,0,0,0,0,0,0,0,0,0,0,0,0,0,0,0,0,0,0,0,0,0,0,0,0,0,0,0,0,0,0,0,0,0,0,0,0,0,0,0,0,0,0,0,0,0,0,0,0,0,0,0,0,0,0,0,0,0,0,0,0,0,0,0,0,0,0,0,0,0,0,0,0,0,0,0,0,0,0,0,0,0,0,0,0,0,0,0,0,0,0,0,0,0,0,0,0,0,0,0,0,0,0,0,0,0,0,0,0,0,0,0,0,0,0,0,0,0,0,0,0,0,0,0,0,0,0,0,0,0,0,0,0,0,0,0,0,0,0,0,0,0,0,0,0,0,0,0,0,0,0,0,0,0,0,0,0,0,0,0,0,0,0,0,0,0,0,0,0,0,0,0,0,0,0,0,0,0,0,0,0,0,0,0,0,0,0,0,0,0,0,0,0,0,0,0,0,0,0,0,0,0,0,0,0,0,0,0,0,0,0,0,0,0,0,0,0,0,0,0,0,0,0,0,0,0,0,0,0,0,0,0,0,0,0,0,0,0,0,0,0,0,0,0,0,0,0,0,0,0,0,
0,0,0,0,0,0,0,0,0,0,0,0,0,0,0,0,0,0,0,0,0,0,0,0,0,0,0,0,0,0,0,0,0,0,0,0,0,0,0,0,0,0,0,0,0,0,0,0,0,0,0,0,0,0,0,0,0,0,0,0,0,0,0,0,0,0,0,0,0,0,0,0,0,0,0,0,0,0,0,0,0,0,0,0,0,0,0,0,0,0,0,0,0,0,0,0,0,0,0,0,0,0,0,0,0,0,0,0,0,0,0,0,0,0,0,0,0,0,0,0,0,0,0,0,0,0,0,0,0,0,0,0,0,0,0,0,0,0,0,0,0,0,0,0,0,0,0,0,0,0,0,0,0,0,0,0,0,0,0,0,0,0,0,0,0,0,0,0,0,0,0,0,0,0,0,0,0,0,0,0,0,0,0,0,0,0,0,0,0,0,0,0,0,0,0,0,0,0,0,0,0,0,0,0,0,0,0,0,0,0,0,0,0,0,0,0,0,0,0,0,0,0,0,0,0,0,0,0,0,0,0,0,0,0,0,0,0,0,0,0,0,0,0,0,0,0,0,0,0,0,0,0,0,0,0,0,
0,0,0,0,0,0,0,0,0,0,0,0,0,0,0,0,0,0,0,0,0,0,0,0,0,0,0,0,0,0,0,0,0,0,0,0,0,0,0,0,0,0,0,0,0,0,0,0,0,0,0,0,0,0,0,0,0,0,0,0,0,0,0,0,0,0,0,0,0,0,0,0,0,0,0,0,0,0,0,0,0,0,0,0,0,0,0,0,0,0,0,0,0,0,0,0,0,0,0,0,0,0,0,0,0,0,0,0,0,0,0,0,0,0,0,0,0,0,0,0,0,0,0,0,0,0,0,0,0,0,0,0,0,0,0,0,0,0,0,0,0,0,0,0,0,0,0,0,0,0,0,0,0,0,0,0,0,0,0,0,0,0,0,0,0,0,0,0,0,0,0,0,0,0,0,0,0,0,0,0,0,0,0,0,0,0,0,0,0,0,0,0,0,0,0,0,0,0,0,0,0,0,0,0,0,0,0,0,0,0,0,0,0,0,0,0,0,0,0,0,0,0,0,0,0,0,0,0,0,0,0,0,0,0,0,0,0,0,0,0,0,0,0,0,0,0,0,0,0,0,0,0,0,0,0,0,
0,0,0,0,0,0,0,0,0,0,0,0,0,0,0,0,0,0,0,0,0,0,0,0,0,0,0,0,0,0,0,0,0,0,0,0,0,0,0,0,0,0,0,0,0,0,0,0,0,0,0,0,0,0,0,0,0,0,0,0,0,0,0,0,0,0,0,0,0,0,0,0,0,0,0,0,0,0,0,0,0,0,0,0,0,0,0,0,0,0,0,0,0,0,0,0,0,0,0,0,0,0,0,0,0,0,0,0,0,0,0,0,0,0,0,0,0,0,0,0,0,0,0,0,0,0,0,0,0,0,0,0,0,0,0,0,0,0,0,0,0,0,0,0,0,0,0,0,0,0,0,0,0,0,0,0,0,0,0,0,0,0,0,0,0,0,0,0,0,0,0,0,0,0,0,0,0,0,0,0,0,0,0,0,0,0,0,0,0,0,0,0,0,0,0,0,0,0,0,0,0,0,0,0,0,0,0,0,0,0,0,0,0,0,0,0,0,0,0,0,0,0,0,0,0,0,0,0,0,0,0,0,0,0,0,0,0,0,0,0,0,0,0,0,0,0,0,0,0,0,0,0,0,0,0,0,
0,0,0,0,0,0,0,0,0,0,0,0,0,0,0,0,0,0,0,0,0,0,0,0,0,0,0,0,0,0,0,0,0,0,0,0,0,0,0,0,0,0,0,0,0,0,0,0,0,0,0,0,0,0,0,0,0,0,0,0,0,0,0,0,0,0,0,0,0,0,0,0,0,0,0,0,0,0,0,0,0,0,0,0,0,0,0,0,0,0,0,0,0,0,0,0,0,0,0,0,0,0,0,0,0,0,0,0,0,0,0,0,0,0,0,0,0,0,0,0,0,0,0,0,0,0,0,0,0,0,0,0,0,0,0,0,0,0,0,0,0,0,0,0,0,0,0,0,0,0,0,0,0,0,0,0,0,0,0,0,0,0,0,0,0,0,0,0,0,0,0,0,0,0,0,0,0,0,0,0,0,0,0,0,0,0,0,0,0,0,0,0,0,0,0,0,0,0,0,0,0,0,0,0,0,0,0,0,0,0,0,0,0,0,0,0,0,0,0,0,0,0,0,0,0,0,0,0,0,0,0,0,0,0,0,0,0,0,0,0,0,0,0,0,0,0,0,0,0,0,0,0,0,0,0,0,
0,0,0,0,0,0,0,0,0,0,0,0,0,0,0,0,0,0,0,0,0,0,0,0,0,0,0,0,0,0,0,0,0,0,0,0,0,0,0,0,0,0,0,0,0,0,0,0,0,0,0,0,0,0,0,0,0,0,0,0,0,0,0,0,0,0,0,0,0,0,0,0,0,0,0,0,0,0,0,0,0,0,0,0,0,0,0,0,0,0,0,0,0,0,0,0,0,0,0,0,0,0,0,0,0,0,0,0,0,0,0,0,0,0,0,0,0,0,0,0,0,0,0,0,0,0,0,0,0,0,0,0,0,0,0,0,0,0,0,0,0,0,0,0,0,0,0,0,0,0,0,0,0,0,0,0,0,0,0,0,0,0,0,0,0,0,0,0,0,0,0,0,0,0,0,0,0,0,0,0,0,0,0,0,0,0,0,0,0,0,0,0,0,0,0,0,0,0,0,0,0,0,0,0,0,0,0,0,0,0,0,0,0,0,0,0,0,0,0,0,0,0,0,0,0,0,0,0,0,0,0,0,0,0,0,0,0,0,0,0,0,0,0,0,0,0,0,0,0,0,0,0,0,0,0,0,
0,0,0,0,0,0,0,0,0,0,0,0,0,0,0,0,0,0,0,0,0,0,0,0,0,0,0,0,0,0,0,0,0,0,0,0,0,0,0,0,0,0,0,0,0,0,0,0,0,0,0,0,0,0,0,0,0,0,0,0,0,0,0,0,0,0,0,0,0,0,0,0,0,0,0,0,0,0,0,0,0,0,0,0,0,0,0,0,0,0,0,0,0,0,0,0,0,0,0,0,0,0,0,0,0,0,0,0,0,0,0,0,0,0,0,0,0,0,0,0,0,0,0,0,0,0,0,0,0,0,0,0,0,0,0,0,0,0,0,0,0,0,0,0,0,0,0,0,0,0,0,0,0,0,0,0,0,0,0,0,0,0,0,0,0,0,0,0,0,0,0,0,0,0,0,0,0,0,0,0,0,0,0,0,0,0,0,0,0,0,0,0,0,0,0,0,0,0,0,0,0,0,0,0,0,0,0,0,0,0,0,0,0,0,0,0,0,0,0,0,0,0,0,0,0,0,0,0,0,0,0,0,0,0,0,0,0,0,0,0,0,0,0,0,0,0,0,0,0,0,0,0,0,0,0,0,
0,0,0,0,0,0,0,0,0,0,0,0,0,0,0,0,0,0,0,0,0,0,0,0,0,0,0,0,0,0,0,0,0,0,0,0,0,0,0,0,0,0,0,0,0,0,0,0,0,0,0,0,0,0,0,0,0,0,0,0,0,0,0,0,0,0,0,0,0,0,0,0,0,0,0,0,0,0,0,0,0,0,0,0,0,0,0,0,0,0,0,0,0,0,0,0,0,0,0,0,0,0,0,0,0,0,0,0,0,0,0,0,0,0,0,0,0,0,0,0,0,0,0,0,0,0,0,0,0,0,0,0,0,0,0,0,0,0,0,0,0,0,0,0,0,0,0,0,0,0,0,0,0,0,0,0,0,0,0,0,0,0,0,0,0,0,0,0,0,0,0,0,0,0,0,0,0,0,0,0,0,0,0,0,0,0,0,0,0,0,0,0,0,0,0,0,0,0,0,0,0,0,0,0,0,0,0,0,0,0,0,0,0,0,0,0,0,0,0,0,0,0,0,0,0,0,0,0,0,0,0,0,0,0,0,0,0,0,0,0,0,0,0,0,0,0,0,0,0,0,0,0,0,0,0,0,
0,0,0,0,0,0,0,0,0,0,0,0,0,0,0,0,0,0,0,0,0,0,0,0,0,0,0,0,0,0,0,0,0,0,0,0,0,0,0,0,0,0,0,0,0,0,0,0,0,0,0,0,0,0,0,0,0,0,0,0,0,0,0,0,0,0,0,0,0,0,0,0,0,0,0,0,0,0,0,0,0,0,0,0,0,0,0,0,0,0,0,0,0,0,0,0,0,0,0,0,0,0,0,0,0,0,0,0,0,0,0,0,0,0,0,0,0,0,0,0,0,0,0,0,0,0,0,0,0,0,0,0,0,0,0,0,0,0,0,0,0,0,0,0,0,0,0,0,0,0,0,0,0,0,0,0,0,0,0,0,0,0,0,0,0,0,0,0,0,0,0,0,0,0,0,0,0,0,0,0,0,0,0,0,0,0,0,0,0,0,0,0,0,0,0,0,0,0,0,0,0,0,0,0,0,0,0,0,0,0,0,0,0,0,0,0,0,0,0,0,0,0,0,0,0,0,0,0,0,0,0,0,0,0,0,0,0,0,0,0,0,0,0,0,0,0,0,0,0,0,0,0,0,0,0,0,
0,0,0,0,0,0,0,0,0,0,0,0,0,0,0,0,0,0,0,0,0,0,0,0,0,0,0,0,0,0,0,0,0,0,0,0,0,0,0,0,0,0,0,0,0,0,0,0,0,0,0,0,0,0,0,0,0,0,0,0,0,0,0,0,0,0,0,0,0,0,0,0,0,0,0,0,0,0,0,0,0,0,0,0,0,0,0,0,0,0,0,0,0,0,0,0,0,0,0,0,0,0,0,0,0,0,0,0,0,0,0,0,0,0,0,0,0,0,0,0,0,0,0,0,0,0,0,0,0,0,0,0,0,0,0,0,0,0,0,0,0,0,0,0,0,0,0,0,0,0,0,0,0,0,0,0,0,0,0,0,0,0,0,0,0,0,0,0,0,0,0,0,0,0,0,0,0,0,0,0,0,0,0,0,0,0,0,0,0,0,0,0,0,0,0,0,0,0,0,0,0,0,0,0,0,0,0,0,0,0,0,0,0,0,0,0,0,0,0,0,0,0,0,0,0,0,0,0,0,0,0,0,0,0,0,0,0,0,0,0,0,0,0,0,0,0,0,0,0,0,0,0,0,0,0,0,
0,0,0,0,0,0,0,0,0,0,0,0,0,0,0,0,0,0,0,0,0,0,0,0,0,0,0,0,0,0,0,0,0,0,0,0,0,0,0,0,0,0,0,0,0,0,0,0,0,0,0,0,0,0,0,0,0,0,0,0,0,0,0,0,0,0,0,0,0,0,0,0,0,0,0,0,0,0,0,0,0,0,0,0,0,0,0,0,0,0,0,0,0,0,0,0,0,0,0,0,0,0,0,0,0,0,0,0,0,0,0,0,0,0,0,0,0,0,0,0,0,0,0,0,0,0,0,0,0,0,0,0,0,0,0,0,0,0,0,0,0,0,0,0,0,0,0,0,0,0,0,0,0,0,0,0,0,0,0,0,0,0,0,0,0,0,0,0,0,0,0,0,0,0,0,0,0,0,0,0,0,0,0,0,0,0,0,0,0,0,0,0,0,0,0,0,0,0,0,0,0,0,0,0,0,0,0,0,0,0,0,0,0,0,0,0,0,0,0,0,0,0,0,0,0,0,0,0,0,0,0,0,0,0,0,0,0,0,0,0,0,0,0,0,0,0,0,0,0,0,0,0,0,0,0,0,
0,0,0,0,0,0,0,0,0,0,0,0,0,0,0,0,0,0,0,0,0,0,0,0,0,0,0,0,0,0,0,0,0,0,0,0,0,0,0,0,0,0,0,0,0,0,0,0,0,0,0,0,0,0,0,0,0,0,0,0,0,0,0,0,0,0,0,0,0,0,0,0,0,0,0,0,0,0,0,0,0,0,0,0,0,0,0,0,0,0,0,0,0,0,0,0,0,0,0,0,0,0,0,0,0,0,0,0,0,0,0,0,0,0,0,0,0,0,0,0,0,0,0,0,0,0,0,0,0,0,0,0,0,0,0,0,0,0,0,0,0,0,0,0,0,0,0,0,0,0,0,0,0,0,0,0,0,0,0,0,0,0,0,0,0,0,0,0,0,0,0,0,0,0,0,0,0,0,0,0,0,0,0,0,0,0,0,0,0,0,0,0,0,0,0,0,0,0,0,0,0,0,0,0,0,0,0,0,0,0,0,0,0,0,0,0,0,0,0,0,0,0,0,0,0,0,0,0,0,0,0,0,0,0,0,0,0,0,0,0,0,0,0,0,0,0,0,0,0,0,0,0,0,0,0,0,
0,0,0,0,0,0,0,0,0,0,0,0,0,0,0,0,0,0,0,0,0,0,0,0,0,0,0,0,0,0,0,0,0,0,0,0,0,0,0,0,0,0,0,0,0,0,0,0,0,0,0,0,0,0,0,0,0,0,0,0,0,0,0,0,0,0,0,0,0,0,0,0,0,0,0,0,0,0,0,0,0,0,0,0,0,0,0,0,0,0,0,0,0,0,0,0,0,0,0,0,0,0,0,0,0,0,0,0,0,0,0,0,0,0,0,0,0,0,0,0,0,0,0,0,0,0,0,0,0,0,0,0,0,0,0,0,0,0,0,0,0,0,0,0,0,0,0,0,0,0,0,0,0,0,0,0,0,0,0,0,0,0,0,0,0,0,0,0,0,0,0,0,0,0,0,0,0,0,0,0,0,0,0,0,0,0,0,0,0,0,0,0,0,0,0,0,0,0,0,0,0,0,0,0,0,0,0,0,0,0,0,0,0,0,0,0,0,0,0,0,0,0,0,0,0,0,0,0,0,0,0,0,0,0,0,0,0,0,0,0,0,0,0,0,0,0,0,0,0,0,0,0,0,0,0,0,
0,0,0,0,0,0,0,0,0,0,0,0,0,0,0,0,0,0,0,0,0,0,0,0,0,0,0,0,0,0,0,0,0,0,0,0,0,0,0,0,0,0,0,0,0,0,0,0,0,0,0,0,0,0,0,0,0,0,0,0,0,0,0,0,0,0,0,0,0,0,0,0,0,0,0,0,0,0,0,0,0,0,0,0,0,0,0,0,0,0,0,0,0,0,0,0,0,0,0,0,0,0,0,0,0,0,0,0,0,0,0,0,0,0,0,0,0,0,0,0,0,0,0,0,0,0,0,0,0,0,0,0,0,0,0,0,0,0,0,0,0,0,0,0,0,0,0,0,0,0,0,0,0,0,0,0,0,0,0,0,0,0,0,0,0,0,0,0,0,0,0,0,0,0,0,0,0,0,0,0,0,0,0,0,0,0,0,0,0,2,0,0,0,0,0,0,0,0,0,0,0,0,0,0,0,0,0,0,0,0,0,0,0,0,0,0,0,0,0,0,0,0,0,0,0,0,0,0,0,0,0,0,0,0,0,0,0,0,0,0,0,0,0,0,0,0,0,0,0,0,0,0,0,0,0,0,
0,0,0,0,0,0,0,0,0,0,0,0,0,0,0,0,0,0,0,0,0,0,0,0,0,0,0,0,0,0,0,0,0,0,0,0,0,0,0,0,0,0,0,0,0,0,0,0,0,0,0,0,0,0,0,0,0,0,0,0,0,0,0,0,0,0,0,0,0,0,0,0,0,0,0,0,0,0,0,0,0,0,0,0,0,0,0,0,0,0,0,0,0,0,0,0,0,0,0,0,0,0,0,0,0,0,0,0,0,0,0,0,0,0,0,0,0,0,0,0,0,0,0,0,0,0,0,0,0,0,0,0,0,0,0,0,0,0,0,0,0,0,0,0,0,0,0,0,0,0,0,0,0,0,0,0,0,0,0,0,0,0,0,0,0,0,0,0,0,0,0,0,0,0,0,0,0,0,0,0,0,0,0,0,0,0,0,0,0,0,0,0,0,0,0,2,0,0,0,0,0,0,0,0,0,0,0,0,0,0,0,0,0,0,0,0,0,0,0,0,0,0,0,0,0,0,0,0,0,0,0,0,0,0,0,0,0,0,0,0,0,0,0,0,0,0,0,0,0,0,0,0,0,0,0,0,
0,0,0,0,0,0,0,0,0,0,0,0,0,0,0,0,0,0,0,0,0,0,0,0,0,0,0,0,0,0,0,0,0,0,0,0,0,0,0,0,0,0,0,0,0,0,0,0,0,0,0,0,0,0,0,0,0,0,0,0,0,0,0,0,0,0,0,0,0,0,0,0,0,0,0,0,0,0,0,0,0,0,0,0,0,0,0,0,0,0,0,0,0,0,0,0,0,0,0,0,0,0,0,0,0,0,0,0,0,0,0,0,0,0,0,0,0,0,0,0,0,0,0,0,0,0,0,0,0,0,0,0,0,0,0,0,0,0,0,0,0,0,0,0,0,0,0,0,0,0,0,0,0,0,0,0,0,0,0,0,0,0,0,0,0,0,0,0,0,0,0,0,0,0,0,0,0,0,0,0,0,0,0,0,0,0,0,0,0,0,0,0,0,0,0,3,0,0,0,0,0,0,0,0,0,0,0,0,0,0,0,0,0,0,0,0,0,0,0,0,0,0,0,0,0,0,0,0,0,0,12,0,0,0,0,0,0,0,0,0,0,0,0,0,0,0,0,0,0,0,0,0,0,0,0,0,
0,0,0,0,0,0,0,0,0,0,0,0,0,0,0,0,0,0,0,0,0,0,0,0,0,0,0,0,0,0,0,0,0,0,0,0,0,0,0,0,0,0,0,0,0,0,0,0,0,0,0,0,0,0,0,0,0,0,0,0,0,0,0,0,0,0,0,0,0,0,0,0,0,0,0,0,0,0,0,0,0,0,0,0,0,0,0,0,0,0,0,0,0,0,0,0,1,0,0,0,0,0,0,0,0,0,0,0,0,0,0,0,0,0,0,0,0,0,0,0,0,0,0,0,0,0,0,0,0,0,0,0,0,0,0,0,0,0,0,0,0,0,0,0,0,0,0,0,0,0,0,0,0,0,0,0,0,0,0,0,0,0,0,0,0,0,0,0,0,0,0,0,0,0,0,0,0,0,0,0,0,0,0,0,0,0,0,0,0,0,5,0,0,0,0,4,0,0,0,0,0,0,0,0,0,0,0,0,0,0,0,8,0,5,0,0,0,0,0,0,0,0,0,0,0,0,0,0,12,0,13,17,0,0,0,0,0,0,0,0,0,0,0,0,0,0,0,0,0,0,0,0,0,0,0,0,
0,0,0,0,0,0,0,0,0,0,0,0,0,0,0,0,0,0,0,1,0,0,0,0,0,0,0,0,0,0,0,0,0,0,0,0,0,0,0,0,0,0,0,0,0,0,0,0,0,0,0,0,12,0,0,0,0,0,0,0,0,0,0,0,0,0,0,0,0,0,0,0,0,0,0,0,0,0,0,0,0,0,0,0,0,0,0,0,0,0,0,0,0,0,0,0,0,0,1,0,0,0,0,0,0,0,0,0,0,0,0,0,0,0,0,0,0,0,0,0,0,0,0,0,0,0,0,0,0,0,0,0,0,0,0,0,0,0,0,0,0,0,0,0,0,0,0,0,0,0,0,0,0,0,3,0,6,0,0,0,0,0,0,0,0,0,0,0,0,0,0,0,0,0,0,0,0,0,0,0,0,0,0,0,0,0,0,0,0,0,0,0,0,0,0,0,3,0,0,0,0,0,0,0,0,0,0,0,0,0,9,9,0,7,6,0,0,0,0,0,0,0,0,0,0,0,0,0,0,13,0,0,0,0,0,0,0,0,0,0,0,0,0,0,0,0,0,0,0,0,0,0,0,0,0,0,
0,0,0,0,0,0,0,0,0,0,0,0,0,0,0,0,0,0,0,0,0,0,0,0,0,0,0,0,13,0,0,0,0,0,0,0,0,0,0,0,0,0,0,0,0,0,0,0,0,0,0,0,11,0,0,0,0,0,0,0,0,0,0,0,0,0,0,0,0,0,0,0,0,0,0,0,0,0,0,0,0,0,0,0,0,0,0,0,0,0,0,0,0,0,0,0,3,2,2,0,0,0,0,0,0,0,0,0,0,0,0,0,0,0,0,7,0,0,0,0,0,0,0,0,0,0,0,0,0,0,0,0,0,0,0,0,0,0,0,0,0,0,0,0,0,0,0,0,0,0,0,0,0,3,0,3,0,0,0,0,0,0,0,0,0,0,0,0,0,0,4,0,0,0,0,0,0,0,0,0,0,0,0,0,0,0,0,0,0,0,0,0,0,0,0,2,0,0,0,0,0,0,0,0,0,4,0,0,0,0,10,10,9,9,0,7,0,0,0,0,0,0,0,0,0,16,0,0,0,0,0,0,16,16,0,0,0,0,0,0,0,0,0,0,0,0,0,0,0,0,0,0,0,0,0,0,
0,0,0,0,0,0,0,0,0,0,0,0,0,0,0,0,0,0,0,0,0,0,0,0,0,0,0,0,12,14,0,3,0,0,0,0,0,0,0,0,0,0,12,0,0,0,0,0,16,0,10,0,0,11,11,0,0,0,0,0,0,0,0,0,0,0,0,0,0,0,0,0,0,0,0,0,0,0,0,0,0,0,0,0,0,0,0,0,0,0,0,0,0,0,0,0,0,0,0,0,0,0,0,0,0,0,0,0,0,0,0,0,0,0,0,7,0,0,0,0,0,0,0,0,0,0,0,0,0,0,0,0,0,0,0,0,0,0,0,0,0,0,0,0,0,0,0,0,0,0,0,0,0,0,4,0,0,0,0,0,0,0,0,0,0,0,0,0,0,6,0,0,0,0,0,0,0,0,0,0,0,0,0,0,0,0,0,0,0,0,1,0,4,0,0,0,0,0,0,0,0,0,0,0,5,4,0,0,0,0,0,11,0,0,8,6,0,0,0,0,0,0,0,0,16,0,0,0,0,0,0,0,16,12,0,0,0,0,0,0,0,0,0,0,0,0,0,0,0,0,0,0,0,0,0,0,
0,0,0,0,0,0,0,0,0,0,0,0,0,0,0,0,0,0,0,0,0,0,0,0,0,8,0,0,0,13,0,3,0,0,0,0,0,8,0,0,0,0,0,13,0,0,0,0,0,0,11,6,0,0,0,8,0,0,0,0,0,0,0,5,0,3,0,0,0,0,0,0,0,0,0,0,0,0,0,0,0,0,0,0,0,0,0,0,0,0,0,0,0,0,0,0,0,0,0,3,0,0,0,0,0,0,7,0,0,0,6,0,5,0,0,0,0,6,0,7,6,0,0,0,0,0,0,0,0,0,0,0,0,0,0,0,0,0,0,0,0,0,0,0,0,0,0,0,0,0,0,0,3,0,0,0,0,0,0,5,0,0,0,0,0,0,0,0,0,0,0,0,0,0,0,0,0,0,0,5,0,0,0,0,0,0,0,0,0,0,7,1,7,0,0,5,0,0,0,0,0,0,0,0,0,0,0,0,4,0,0,0,0,0,8,8,0,0,0,0,0,0,0,0,18,0,0,0,0,12,0,0,0,17,15,15,0,0,0,0,0,0,0,0,0,0,0,0,0,0,0,0,0,0,0,0,
16,0,0,0,0,0,0,0,0,0,0,0,0,0,0,0,0,0,0,0,0,6,6,0,0,9,6,0,0,0,13,0,0,0,12,0,0,16,0,12,0,8,14,0,0,0,0,0,0,11,0,6,0,0,0,0,0,0,2,0,0,0,0,0,5,0,5,0,0,0,0,0,0,0,0,16,19,0,0,0,0,0,0,0,0,0,0,0,0,0,0,0,0,0,0,0,0,0,0,0,0,0,0,0,0,0,7,0,0,0,7,0,6,6,6,6,0,0,0,7,7,0,0,0,0,0,0,0,0,0,0,0,0,0,0,0,0,0,0,0,9,0,0,0,0,0,0,0,0,0,0,0,5,7,0,0,0,0,0,0,0,0,0,0,0,5,0,0,0,0,0,0,8,1,1,0,0,5,0,5,0,0,0,0,0,0,0,0,0,9,7,7,7,0,0,0,0,0,0,0,0,0,0,0,7,0,5,0,0,0,0,0,0,0,0,0,0,0,0,0,0,0,0,19,0,0,0,0,0,0,13,0,0,17,18,0,0,0,0,0,0,0,0,0,0,0,0,0,0,0,0,0,0,0,0,0,
0,0,0,0,0,0,0,0,0,0,0,0,0,0,0,0,3,0,8,0,8,0,4,18,0,0,0,0,0,11,0,0,0,16,13,16,16,17,12,0,10,0,0,0,14,0,0,0,12,13,12,0,0,0,0,0,0,0,0,0,0,0,0,0,0,11,3,4,14,0,0,7,0,12,17,17,18,19,3,0,0,0,0,0,0,0,0,0,0,0,0,0,0,0,0,0,0,0,0,0,0,0,0,0,0,0,5,2,0,9,0,5,0,7,6,5,5,0,0,0,0,0,0,0,0,0,0,0,0,0,0,0,0,0,0,12,12,0,0,0,0,0,0,0,0,0,0,0,0,0,0,0,0,5,5,6,0,10,8,0,8,8,0,0,0,5,0,7,0,0,0,0,7,2,2,0,0,0,0,0,0,0,0,0,0,0,7,0,0,8,10,8,9,8,8,0,0,0,0,0,5,12,2,0,8,0,6,0,0,0,0,0,0,19,0,0,0,0,0,0,9,0,21,20,0,0,11,0,0,0,14,0,0,0,18,0,0,0,0,0,0,0,0,0,0,0,0,0,0,0,0,0,0,0,0,0,
0,2,0,5,0,10,0,0,0,7,0,0,0,0,0,0,0,3,9,0,0,0,18,19,0,0,17,0,0,11,0,0,16,0,17,13,17,17,12,0,18,12,0,13,15,0,15,0,12,13,18,14,12,17,0,0,0,0,0,0,0,0,0,0,14,12,4,5,4,15,14,7,6,12,13,13,15,20,14,4,6,4,0,0,0,0,0,0,0,0,9,0,0,0,0,0,0,0,0,0,0,0,0,0,0,0,6,5,4,0,16,7,0,0,7,8,7,0,0,0,0,0,0,0,0,0,0,0,0,0,0,0,0,12,0,5,12,0,0,14,0,0,0,0,0,0,0,7,0,0,0,0,0,0,5,10,7,6,7,0,10,9,0,0,0,0,0,0,0,0,0,0,3,0,10,7,0,7,0,0,0,0,12,0,0,0,0,9,0,7,11,16,17,7,0,11,0,0,0,5,5,3,3,4,10,0,6,8,0,0,2,0,0,20,0,0,0,0,0,0,5,19,21,21,0,0,20,12,0,13,0,0,0,0,0,0,0,0,0,0,0,0,0,0,0,0,0,0,0,0,0,0,0,0,0,0,
0,10,1,10,5,0,13,0,0,0,0,0,0,0,0,0,9,4,5,7,0,11,0,0,0,0,0,0,0,18,20,0,16,15,15,12,19,0,12,0,0,0,8,0,14,8,0,16,10,16,17,0,15,0,0,0,0,0,0,0,8,0,0,0,3,15,12,14,12,7,15,8,8,7,16,13,7,17,15,15,10,6,0,6,22,0,0,4,0,0,0,10,9,8,0,0,0,0,0,0,0,0,0,0,0,7,0,0,0,0,16,8,0,0,5,9,7,0,0,0,0,0,0,0,0,0,0,0,0,0,0,0,0,11,13,5,5,0,0,15,15,15,15,0,0,13,10,0,8,0,0,0,0,11,6,10,9,9,8,0,0,4,0,0,0,0,6,0,0,10,5,0,10,11,10,10,7,0,7,8,0,12,13,10,12,11,11,9,9,8,12,9,11,12,0,11,8,0,11,0,0,14,4,9,7,11,13,8,8,8,17,2,18,18,20,0,0,12,0,12,4,8,10,21,0,21,0,21,0,19,13,0,0,0,14,0,14,0,0,0,0,0,0,0,0,0,0,0,0,0,0,0,0,0,0,0,
5,11,5,6,10,0,6,15,0,15,0,0,0,0,0,10,8,10,7,7,16,1,12,6,0,0,0,20,18,19,21,11,22,16,15,15,13,17,0,0,0,19,9,14,14,17,0,13,11,12,17,16,11,0,10,9,0,0,0,0,9,10,0,10,0,4,6,14,20,7,16,22,9,8,8,17,16,17,18,13,3,0,0,0,0,22,0,10,11,0,16,0,0,9,12,0,0,15,0,0,0,0,0,0,0,0,0,0,0,3,14,17,12,17,11,12,8,0,0,0,0,0,0,0,0,0,0,7,0,0,0,7,0,6,12,6,4,4,0,4,14,15,15,14,0,7,11,0,10,0,5,8,12,8,13,12,10,11,7,13,7,0,5,0,1,5,4,5,7,11,12,6,0,11,0,10,0,0,10,9,9,9,0,9,12,12,12,12,10,9,11,13,12,9,11,10,14,12,9,0,11,10,15,6,11,12,13,14,14,5,18,17,18,18,17,11,0,0,0,12,0,12,9,0,12,14,21,0,0,0,0,0,0,0,0,0,0,0,0,0,0,0,0,0,0,0,0,0,0,0,0,0,0,0,0,0,
2,15,16,8,5,0,17,13,15,0,9,15,11,15,7,11,14,9,9,15,17,11,16,4,6,8,10,0,11,20,21,17,12,16,23,17,16,12,0,20,11,9,0,11,15,17,0,13,14,12,15,17,11,13,9,10,0,0,21,0,11,8,0,11,12,0,13,0,0,19,19,19,21,9,9,15,17,16,8,0,0,0,0,0,0,0,0,3,11,12,11,8,10,9,13,0,0,0,16,0,17,0,0,0,0,0,0,0,0,14,0,15,6,0,0,13,0,0,11,0,0,0,11,13,0,0,0,9,8,9,0,0,0,9,7,9,19,3,4,4,14,7,16,10,0,0,6,6,11,9,6,11,6,9,7,9,13,9,8,13,7,8,13,0,8,8,5,5,5,7,8,7,0,12,0,0,10,0,9,10,8,10,8,12,13,12,11,13,13,12,11,12,6,10,11,12,13,13,9,15,0,0,15,12,12,12,12,12,14,13,13,12,20,21,10,18,0,21,0,17,15,15,12,0,14,0,23,14,0,0,18,16,0,14,0,0,8,11,0,0,0,0,0,0,0,0,0,0,0,0,0,0,0,0,0,0,
2,15,16,6,5,10,9,15,14,10,11,16,11,15,15,17,6,10,10,8,9,13,12,2,4,7,11,10,9,15,19,16,13,16,24,22,17,0,0,11,20,10,10,10,15,11,16,10,14,13,15,16,16,13,11,0,0,0,0,23,0,12,9,10,0,12,14,9,0,9,20,20,14,9,14,16,18,17,9,17,15,11,0,11,0,0,0,0,4,4,11,12,9,10,9,0,0,17,17,0,20,5,0,0,14,10,0,0,3,0,0,17,6,18,16,0,11,0,11,15,0,0,12,12,11,0,0,9,8,8,0,7,8,8,11,9,11,20,10,10,8,11,10,12,9,0,6,6,6,12,9,9,12,7,7,10,10,11,13,11,7,9,8,13,10,9,4,6,2,6,6,7,10,8,9,9,0,21,10,11,10,9,9,7,13,14,14,14,15,13,13,12,7,7,12,11,22,14,13,15,16,15,16,17,12,13,12,10,16,13,15,21,20,12,19,13,0,17,17,15,16,14,16,13,15,0,7,0,12,15,0,16,16,15,14,0,11,11,11,18,0,0,17,0,0,0,0,0,0,0,0,0,0,0,0,0,
17,4,15,5,11,11,18,14,10,18,17,14,11,12,16,13,7,13,13,14,18,14,18,2,7,17,6,24,15,16,14,11,17,17,18,21,13,0,18,8,6,19,10,18,17,11,12,16,13,14,9,12,12,13,0,11,0,0,0,0,0,6,10,14,0,0,13,9,9,11,16,10,13,10,14,15,16,19,14,15,15,14,0,8,0,0,10,11,0,0,18,16,10,13,10,0,16,16,17,19,21,6,0,6,0,13,0,10,18,4,5,18,17,0,0,16,13,12,11,0,0,22,15,14,14,12,12,13,14,14,8,15,9,9,12,10,12,12,10,9,10,21,15,12,11,7,7,7,6,13,11,10,10,9,8,0,12,12,13,13,6,6,7,7,7,8,1,16,9,7,7,7,8,9,10,22,0,22,13,7,14,15,11,12,8,13,15,14,14,13,14,14,13,9,12,12,22,13,15,16,15,15,14,17,16,14,12,11,11,14,14,13,15,13,19,15,17,20,20,20,17,12,16,15,15,14,0,0,0,15,11,0,0,15,15,0,0,7,11,18,19,19,0,0,0,0,0,0,0,0,0,0,0,0,0,0,
17,16,16,11,11,18,0,11,11,18,17,19,15,12,12,18,17,14,16,16,17,17,14,13,15,8,18,10,14,16,15,14,13,18,13,13,13,17,17,18,17,23,18,10,25,13,22,13,16,13,15,10,14,13,13,13,0,0,0,12,16,0,16,15,22,0,14,14,11,12,6,6,14,12,12,18,16,14,14,15,15,15,0,8,12,17,12,23,11,20,8,11,11,8,13,11,16,11,17,20,14,9,6,11,12,0,0,13,0,17,5,18,19,18,0,17,14,13,12,22,0,23,0,13,14,17,0,14,10,14,17,17,16,14,13,13,10,8,8,13,11,22,15,17,11,12,6,8,7,17,12,11,13,14,0,0,8,12,13,9,7,12,7,8,16,16,11,16,8,9,2,14,9,11,10,13,12,9,14,20,9,15,11,13,15,13,12,15,15,14,8,13,13,10,9,11,8,21,22,17,14,13,13,8,12,14,12,7,18,20,15,17,13,14,18,22,19,20,21,17,18,16,13,18,13,12,15,15,21,16,16,15,14,16,14,12,11,14,10,19,0,0,18,0,0,0,0,0,0,0,0,0,0,0,0,0,
7,15,9,12,11,18,19,0,12,16,17,18,18,13,18,19,18,7,17,17,17,18,17,14,16,18,8,12,15,15,8,4,10,15,8,13,12,15,14,18,22,12,24,11,15,14,12,20,17,13,15,19,14,19,14,13,13,16,0,20,17,8,21,15,22,24,14,13,9,12,19,7,13,13,18,19,11,19,15,12,15,11,13,8,11,18,12,23,12,12,20,14,17,11,6,15,17,13,12,13,9,11,9,11,14,8,0,0,0,0,12,18,19,9,14,16,24,16,13,15,11,0,0,14,0,17,17,0,13,14,16,17,12,16,17,14,10,6,13,9,16,16,15,23,13,13,13,13,8,8,12,11,13,10,15,11,0,10,12,7,7,6,12,10,13,17,11,10,5,7,10,16,10,10,11,13,13,11,13,14,10,16,16,17,17,16,16,11,7,12,17,10,11,17,10,11,10,9,22,19,8,14,8,16,13,13,13,18,20,21,14,0,14,15,15,18,22,18,20,19,18,22,13,19,14,12,16,16,16,15,17,15,17,15,12,12,12,13,9,18,0,20,0,0,0,0,0,0,0,0,0,0,0,0,0,0,
15,16,13,9,13,10,12,0,18,17,18,18,20,20,14,17,7,7,10,15,18,17,19,9,17,17,14,20,10,12,9,4,13,11,11,12,14,13,14,11,24,13,13,12,13,16,15,13,17,21,19,13,12,14,20,18,15,15,16,16,10,17,18,9,9,13,11,15,16,10,8,12,20,10,11,11,12,16,14,15,14,14,14,14,13,14,12,13,22,13,21,12,16,13,14,14,15,9,19,14,19,15,12,10,14,12,15,15,13,0,14,11,11,15,15,0,16,17,0,16,10,11,0,21,0,0,14,0,14,15,15,19,18,17,17,12,10,12,13,12,15,18,23,23,22,13,14,19,12,14,13,20,15,13,12,11,13,10,11,12,13,7,6,10,7,7,11,9,10,8,11,10,18,20,24,18,14,12,15,17,14,19,16,17,17,18,17,12,19,17,11,11,10,12,15,11,10,11,9,19,10,9,7,11,14,9,14,0,0,20,15,21,19,16,16,21,16,18,18,20,14,19,14,13,14,13,13,17,14,12,16,16,15,14,12,13,14,13,13,12,0,0,0,0,0,0,0,0,0,0,0,0,0,0,0,0,
15,8,9,19,17,11,13,10,21,18,17,18,19,21,18,13,19,14,10,17,18,11,19,17,17,20,18,18,14,12,12,8,5,15,19,12,19,13,17,14,12,24,15,16,14,13,16,21,14,20,16,16,14,25,23,24,16,15,17,11,9,18,17,10,13,10,13,11,15,17,18,14,11,13,11,17,12,11,21,9,16,13,13,14,10,14,20,14,13,22,13,13,15,14,15,15,7,7,6,19,12,16,11,15,11,12,13,11,15,10,12,12,13,16,16,16,20,14,14,0,12,0,0,14,12,0,15,0,0,0,20,19,21,18,19,18,21,14,15,13,9,8,16,24,25,25,11,9,10,14,14,12,17,16,17,17,24,11,15,14,12,13,14,7,8,8,7,12,12,10,9,18,20,21,23,24,15,13,13,18,18,25,19,18,24,14,18,19,18,19,12,14,8,15,16,10,18,14,13,12,11,10,10,11,10,15,9,9,13,16,0,14,12,0,16,22,17,15,19,21,21,15,23,20,19,17,15,19,13,14,12,16,19,13,13,13,17,15,16,21,17,15,20,0,0,0,0,0,0,0,0,0,0,0,0,0,
8,9,11,21,21,13,13,11,21,13,15,17,15,18,15,19,14,14,15,14,18,12,14,12,20,18,12,18,15,15,11,12,10,6,8,16,17,14,17,16,18,16,14,16,16,15,17,20,24,21,16,17,21,26,24,25,13,16,15,15,14,10,10,10,8,11,14,16,16,16,10,19,15,13,12,22,18,21,22,13,13,16,15,14,16,16,14,21,17,23,14,13,16,15,14,8,8,9,7,10,17,14,12,14,17,12,12,14,13,15,20,12,14,17,17,17,19,20,15,15,13,14,11,0,13,13,14,16,0,20,18,20,15,18,16,20,16,14,14,17,10,9,19,23,23,9,11,12,11,11,11,12,18,22,18,14,18,16,21,20,14,15,14,17,17,13,9,20,13,10,20,19,18,22,18,17,16,17,17,16,17,18,20,19,17,17,19,12,20,8,13,15,14,11,11,17,18,16,10,8,13,13,13,13,10,11,17,21,19,17,15,13,14,11,18,23,17,16,18,21,21,19,16,23,24,19,18,19,18,15,9,15,11,15,15,17,14,21,22,15,21,19,21,20,0,0,0,0,0,0,0,0,0,0,0,0,
12,10,19,11,21,21,16,19,22,14,15,16,15,16,16,16,13,15,21,21,12,13,13,12,13,14,13,11,13,18,13,13,15,6,9,20,19,17,21,13,18,20,16,15,21,15,16,16,20,24,22,20,23,27,18,17,17,15,16,16,17,14,13,12,9,15,20,13,13,17,13,12,11,20,15,14,25,22,22,15,16,14,15,16,18,16,21,15,22,11,14,15,17,17,17,9,17,9,11,11,15,17,14,18,24,23,18,20,14,20,21,14,21,12,21,19,20,18,18,15,15,12,11,0,13,16,15,17,16,19,21,14,15,16,14,24,18,16,18,18,19,7,12,15,19,24,18,12,12,12,12,12,17,17,24,15,19,21,18,22,15,13,18,18,19,13,13,20,16,14,16,15,18,17,20,24,23,18,18,17,18,17,17,17,15,19,19,15,22,12,14,14,12,11,16,12,18,12,12,10,13,13,10,16,18,16,18,18,19,16,16,17,12,18,19,16,19,18,16,20,22,23,19,18,24,24,18,13,19,15,13,16,9,16,9,22,17,15,17,19,19,17,20,0,0,0,0,0,0,0,0,0,0,0,15,0,
10,22,18,12,19,14,17,12,17,19,14,19,17,14,16,18,14,16,16,27,17,13,14,14,16,15,13,12,20,18,14,12,6,16,22,9,12,11,15,18,24,20,20,18,16,18,17,16,25,24,27,23,26,18,16,16,17,16,15,16,17,17,12,12,13,14,15,17,14,12,11,21,23,21,21,21,23,23,18,15,17,18,18,18,19,20,21,23,23,20,10,20,17,20,18,18,17,10,15,15,16,22,16,19,25,24,21,13,13,15,14,23,19,12,22,18,20,15,18,15,18,15,15,15,15,15,18,14,14,17,17,16,17,16,14,15,22,22,18,19,20,8,13,18,18,24,17,12,20,13,12,13,9,15,18,20,25,19,21,11,16,19,13,17,17,18,17,19,18,17,18,19,16,19,19,22,24,24,18,19,17,19,21,17,19,18,16,14,14,12,12,14,12,14,12,14,13,14,13,11,10,14,18,17,17,18,17,19,14,20,18,15,16,13,14,21,18,18,15,18,19,24,23,17,18,14,19,14,14,15,16,14,16,14,9,11,22,16,18,21,15,20,21,19,20,17,0,17,16,17,0,15,0,0,19,0,
20,19,19,19,18,16,13,19,19,14,20,20,21,20,31,22,18,17,17,24,28,21,14,15,23,14,15,16,23,21,11,16,16,7,11,10,10,15,15,25,19,18,20,18,18,16,15,24,26,26,27,23,20,16,17,17,16,12,15,14,19,19,18,13,14,13,16,13,19,13,21,24,13,25,24,23,22,23,16,19,19,19,19,14,19,19,21,14,21,21,12,8,19,12,25,19,19,16,15,11,15,16,15,12,16,25,22,23,14,13,15,23,23,20,20,22,19,21,21,19,19,16,15,18,18,16,15,19,16,19,16,17,18,17,25,24,23,20,23,26,20,19,16,16,19,23,18,20,18,20,12,13,10,20,21,21,16,22,24,20,11,20,20,20,17,17,17,20,14,19,17,16,20,20,20,20,24,24,21,17,16,15,16,17,20,19,17,17,15,14,14,15,14,14,14,13,13,15,17,12,11,13,14,18,19,16,19,21,19,20,15,16,17,21,14,22,18,19,18,17,18,20,20,21,16,15,15,12,19,21,13,21,17,17,17,11,14,19,16,20,19,20,20,21,21,19,0,20,17,17,17,17,0,0,19,19,
24,23,18,18,18,17,17,15,14,16,21,21,29,21,29,32,32,15,15,24,28,25,18,24,24,13,16,16,22,13,17,16,16,8,21,11,12,16,13,22,25,25,20,21,21,20,16,23,24,26,23,16,20,20,19,19,17,14,16,13,13,18,13,19,14,11,16,12,13,13,14,12,19,25,25,21,25,18,21,17,19,20,19,18,21,21,20,22,21,21,13,20,20,13,21,19,21,17,15,21,16,17,17,17,19,25,25,20,22,18,16,19,17,22,24,21,21,19,16,16,16,20,17,18,18,19,19,18,20,20,20,19,18,20,17,25,25,27,21,19,21,17,18,18,20,19,24,17,19,15,15,13,15,16,15,20,20,21,22,20,22,12,19,20,16,22,17,18,15,17,18,18,19,27,21,21,20,21,21,21,20,23,18,17,17,16,15,18,15,15,13,18,16,16,14,15,12,13,13,14,14,15,16,15,13,19,15,16,21,15,14,15,18,16,23,23,17,15,19,15,17,19,20,20,23,15,12,14,15,21,22,20,23,22,22,18,17,14,17,22,14,21,22,21,22,20,0,16,17,18,17,16,20,20,20,19,
12,22,24,23,17,19,21,16,17,16,22,20,30,31,30,32,15,24,16,23,22,12,17,17,25,25,14,14,25,15,14,20,26,17,19,18,18,18,17,21,20,26,18,21,25,23,18,17,16,24,17,24,19,17,22,19,17,15,19,13,15,25,14,16,17,12,20,12,12,11,15,17,20,25,26,22,14,22,18,21,18,23,16,18,20,24,19,15,23,21,15,17,17,14,19,22,12,21,18,18,20,17,17,17,18,26,15,19,19,20,18,16,22,23,19,21,21,24,20,17,19,20,20,18,21,18,14,19,19,21,16,16,18,21,21,26,28,24,22,21,18,20,20,17,19,19,19,20,20,15,14,14,14,16,23,21,21,21,18,22,21,16,22,21,19,17,26,18,16,17,25,20,15,15,21,28,27,22,22,20,21,21,19,18,17,17,18,15,15,18,17,18,16,16,16,18,14,14,16,12,14,12,20,19,22,15,22,16,17,15,15,22,19,19,18,17,17,17,16,21,18,18,22,15,24,23,17,14,15,16,23,19,17,13,22,19,19,24,14,24,20,21,21,21,21,18,19,17,18,18,18,20,20,20,19,20,
23,13,20,16,23,16,21,17,24,25,23,20,16,32,32,24,21,16,14,15,15,16,15,18,16,22,21,15,16,17,17,29,22,22,17,19,19,19,18,22,22,20,18,21,25,25,28,17,23,22,14,26,19,19,19,16,23,16,14,14,27,26,17,25,15,27,17,21,13,19,13,22,25,23,27,23,23,22,19,20,22,19,17,19,18,25,19,22,24,20,18,17,22,11,11,22,22,19,18,18,17,20,19,14,17,17,16,22,15,19,10,19,20,10,22,23,22,25,25,25,17,13,22,17,14,20,15,15,20,23,17,17,15,19,13,21,16,21,15,27,27,19,20,21,20,21,21,19,21,22,19,21,15,20,17,23,22,18,18,22,24,20,20,21,21,22,27,17,18,17,24,20,25,16,17,22,24,26,23,26,21,21,27,20,20,22,19,23,25,17,18,19,14,27,17,20,25,26,20,15,13,18,19,20,22,19,18,19,21,17,16,15,17,26,19,17,17,24,16,16,16,19,23,25,16,16,14,18,16,16,18,19,18,17,14,18,20,17,15,16,19,21,21,20,24,22,20,19,20,18,19,20,19,20,19,20,
24,15,24,20,18,24,23,23,20,19,26,24,16,22,24,21,24,25,18,15,18,23,15,26,15,20,23,16,22,20,17,23,23,21,20,20,22,23,18,22,23,17,29,22,25,24,28,20,23,21,15,19,21,20,18,17,22,26,24,15,19,19,21,26,20,25,20,12,17,24,22,23,26,22,25,19,23,23,24,22,26,27,21,19,21,18,25,24,24,20,20,22,22,20,12,19,26,25,22,19,19,21,18,19,16,16,16,23,17,15,21,11,20,20,16,19,19,21,24,25,17,16,17,17,18,18,20,15,19,24,16,21,15,16,22,15,17,16,20,28,27,18,19,21,21,21,22,18,19,21,20,14,15,21,21,15,17,22,23,22,23,19,30,19,22,19,25,25,24,25,24,27,20,18,25,24,19,28,28,28,22,29,27,26,20,27,20,25,28,18,20,18,16,16,18,26,27,27,22,15,16,19,20,20,20,15,19,18,21,22,27,16,17,27,27,27,22,18,25,17,20,23,24,25,18,18,16,26,19,16,17,18,17,24,23,16,20,21,17,21,18,20,26,20,20,21,21,20,28,19,24,19,21,18,17,20,
16,19,21,21,22,26,25,21,20,21,19,26,26,24,19,22,21,21,20,16,20,18,24,25,27,19,25,22,23,23,22,21,23,19,21,21,22,16,19,18,18,17,17,29,13,12,21,21,19,23,23,20,24,22,22,23,24,25,24,25,14,25,25,29,26,26,16,12,29,17,21,25,29,25,26,24,19,25,24,24,24,25,23,22,19,20,18,25,20,21,20,23,22,20,19,20,26,25,25,21,22,20,25,18,16,16,13,20,15,19,18,19,20,20,22,18,29,21,21,19,15,17,16,17,19,23,24,21,20,20,17,20,19,16,20,19,22,21,19,20,20,20,19,22,17,22,21,18,20,20,24,20,15,21,20,16,18,18,24,23,20,19,31,12,20,20,15,13,25,26,24,30,27,19,26,26,24,20,22,28,19,28,23,21,27,26,21,18,26,20,20,19,15,22,25,17,26,25,24,24,24,18,20,23,15,20,17,19,18,22,28,24,21,23,22,21,23,23,18,28,22,18,16,16,19,14,17,27,20,19,18,20,18,23,28,20,22,20,20,19,20,20,23,23,21,23,22,25,26,25,25,19,21,20,21,21,
24,20,17,25,24,23,17,20,22,21,21,23,21,18,25,21,26,22,22,21,20,23,28,27,22,25,25,24,16,23,24,22,24,27,23,22,23,23,26,20,20,18,30,18,13,21,23,22,23,24,18,21,21,25,22,22,23,26,25,25,17,24,22,23,29,27,26,17,30,30,22,26,27,26,29,24,20,25,25,25,23,23,22,21,21,20,25,23,21,25,21,25,25,20,21,20,27,26,26,21,22,22,20,16,19,18,27,22,21,20,19,23,21,24,20,19,23,23,17,22,17,21,23,25,22,24,25,25,22,21,21,20,20,20,21,24,21,27,25,16,18,20,26,19,23,18,23,22,15,21,25,31,20,19,22,18,18,19,21,24,22,21,31,23,13,24,15,15,15,24,25,31,26,23,26,27,23,25,22,28,26,29,29,29,24,30,24,22,27,21,19,17,16,19,27,19,20,26,17,19,19,21,21,22,20,21,17,18,19,19,22,21,21,24,23,21,26,29,29,18,23,19,25,26,17,15,18,18,18,26,22,19,21,21,22,24,21,24,17,17,22,21,18,24,26,24,24,25,30,26,22,25,21,20,21,22,
24,26,19,23,24,24,22,21,30,20,22,23,23,22,20,21,22,21,22,23,21,27,28,23,21,19,25,24,23,22,18,20,23,27,27,18,20,25,24,24,23,21,22,19,22,19,23,23,23,24,25,18,20,19,23,22,23,16,25,26,20,23,27,21,24,14,15,18,17,26,33,26,30,25,31,30,30,26,26,26,22,22,23,24,21,22,24,25,22,24,23,20,28,22,25,29,27,29,18,18,17,24,20,20,19,27,19,22,21,22,25,24,23,21,21,24,22,24,23,24,21,22,24,24,24,26,26,25,27,23,27,25,25,21,23,23,26,25,21,25,24,23,28,20,21,23,24,19,18,21,26,20,20,20,20,18,20,21,20,21,18,23,23,22,24,24,17,24,27,29,25,30,26,27,23,26,25,23,20,19,28,21,26,18,24,25,25,23,25,20,20,18,17,20,21,25,16,17,21,19,19,17,22,23,20,23,23,19,21,19,23,25,23,25,22,33,27,27,30,29,31,16,19,25,19,14,18,24,28,27,26,22,19,25,24,23,24,29,20,18,23,18,27,25,24,23,25,27,28,27,29,27,22,26,22,26,
23,22,20,21,21,21,22,22,25,30,22,27,23,24,24,36,22,21,20,25,22,28,26,23,21,23,21,22,17,23,25,20,24,26,26,19,22,25,25,23,22,23,23,24,23,30,25,24,29,18,22,19,23,21,24,24,23,23,29,17,21,21,24,21,27,25,17,16,16,22,28,25,29,30,24,31,30,25,21,28,21,24,23,21,25,18,24,23,23,26,21,21,25,24,26,27,28,30,28,19,25,24,20,20,20,19,19,22,22,21,25,26,22,23,23,22,24,23,24,20,25,22,18,25,23,23,27,23,22,27,27,32,31,23,23,22,19,24,26,26,27,24,27,21,21,19,18,19,19,25,32,33,17,21,21,23,21,21,24,18,21,24,24,23,23,18,32,18,15,27,28,28,28,27,28,25,26,23,27,20,27,27,28,20,24,24,25,24,21,21,21,20,24,22,26,26,18,18,18,22,22,18,24,21,23,24,24,26,22,24,26,23,31,24,26,23,33,26,24,31,31,34,21,24,17,26,28,26,25,28,23,21,20,21,22,22,23,27,27,29,19,20,21,26,25,27,25,27,26,25,23,27,27,28,27,27,
20,22,25,22,26,21,22,22,25,27,21,30,21,26,24,23,37,36,37,24,26,29,25,26,25,22,24,22,21,18,22,21,26,25,25,26,23,22,28,22,26,21,23,23,25,25,24,18,22,19,16,22,20,21,19,19,18,31,30,17,25,21,24,27,20,26,29,18,23,23,30,25,30,30,33,25,30,26,21,29,24,25,21,25,27,20,26,22,25,25,23,22,22,21,26,27,20,31,26,25,28,21,26,20,21,26,26,19,22,25,24,26,25,21,23,24,23,23,23,20,24,18,21,22,19,29,23,22,25,26,27,25,31,31,22,22,21,29,25,29,27,28,20,24,22,23,20,19,24,26,22,23,17,22,22,25,24,20,23,24,20,22,17,22,21,22,23,17,32,28,30,24,31,33,28,32,35,24,24,23,28,22,30,19,19,29,31,26,29,31,21,21,24,22,26,26,20,20,21,22,25,22,24,22,23,25,22,28,27,24,29,27,31,32,24,27,27,22,27,23,25,32,26,22,17,16,22,28,19,30,23,25,23,22,23,23,24,26,28,28,20,29,20,29,30,25,27,30,29,28,28,24,27,27,27,29,
26,23,23,25,24,23,22,22,29,28,26,31,26,28,22,25,26,37,26,38,28,25,26,26,22,27,25,25,23,22,23,22,16,16,29,26,29,23,26,29,21,22,24,23,24,26,25,24,19,22,23,17,22,21,20,20,26,27,29,30,27,29,25,28,27,26,31,25,18,17,24,28,26,26,24,23,23,26,30,29,29,25,26,22,31,21,28,22,26,33,24,24,21,22,26,27,24,28,27,24,28,22,27,20,28,27,25,19,19,26,25,28,23,24,24,23,20,21,22,24,18,18,21,23,22,23,23,27,22,27,20,25,30,28,26,23,27,32,18,29,29,23,20,26,24,23,20,24,20,26,22,25,18,27,25,23,25,23,20,21,22,23,22,24,22,27,25,23,17,29,30,24,32,32,25,35,27,25,29,23,23,23,28,28,20,25,25,27,26,29,31,22,22,30,27,23,24,24,21,33,19,28,23,23,23,27,28,22,27,25,27,29,32,31,31,24,23,29,27,26,25,16,33,28,28,22,23,22,27,22,30,22,29,23,23,24,26,25,22,27,24,22,21,28,31,26,25,29,26,28,29,28,25,29,28,29,
25,29,27,24,25,26,25,23,26,32,27,21,32,31,22,23,26,25,25,28,28,29,26,28,26,25,23,25,24,23,23,18,30,17,28,29,20,26,24,24,22,24,21,25,24,21,23,25,20,23,18,23,21,24,22,23,21,28,31,23,23,28,26,26,27,28,30,32,23,25,18,28,27,27,30,23,24,26,28,30,30,26,25,26,26,34,31,28,31,32,26,26,27,26,25,28,22,30,23,20,24,24,20,28,20,18,26,23,23,27,27,27,28,24,23,25,22,25,27,22,21,33,24,24,22,24,26,28,26,23,28,19,20,31,29,29,27,30,32,18,23,28,23,29,23,21,25,29,21,25,28,27,30,25,27,27,24,24,21,22,21,21,21,22,23,25,28,22,26,29,31,25,32,33,21,29,25,27,26,30,18,24,19,28,29,29,29,26,30,27,27,30,29,31,25,24,25,33,22,34,20,24,26,22,23,29,29,30,28,28,30,28,30,29,24,34,31,30,25,27,23,24,28,28,26,25,17,21,28,25,22,23,24,30,28,24,27,24,25,28,26,26,22,33,29,27,26,24,30,29,24,29,25,26,29,29,
27,30,29,30,25,25,26,26,25,25,28,26,29,31,24,21,24,25,21,27,28,29,23,29,27,24,21,26,25,25,25,27,18,24,29,29,30,21,30,26,25,22,24,27,22,24,23,22,28,22,28,25,23,23,24,24,22,23,23,30,28,24,25,31,27,30,29,23,26,26,27,25,24,31,31,31,26,24,26,30,26,26,26,26,32,26,34,32,32,29,27,27,26,27,27,25,26,24,24,20,22,24,21,20,20,27,22,22,22,31,28,25,28,24,24,25,28,23,24,28,28,36,28,22,26,25,27,24,28,27,28,19,20,20,20,21,31,31,29,31,30,24,26,24,23,30,24,25,25,26,26,25,28,27,28,27,26,25,25,22,21,21,22,24,22,24,28,23,31,30,31,30,24,22,26,30,31,26,25,30,17,24,23,19,24,29,30,27,26,32,27,31,32,31,24,25,27,24,24,34,26,22,25,23,25,25,29,29,32,29,32,30,25,25,35,25,31,26,27,28,24,25,19,22,25,26,18,18,25,27,24,23,30,27,30,26,28,25,22,29,22,25,28,32,34,30,27,21,25,30,29,26,26,26,24,30,
28,27,25,27,27,30,32,23,20,26,29,27,21,31,24,23,20,30,26,29,27,30,28,23,27,26,21,27,28,30,27,28,27,30,25,31,30,24,31,26,24,26,23,26,23,25,24,22,26,29,28,28,32,24,25,32,23,30,24,29,29,29,28,31,31,31,32,30,24,29,23,27,27,31,26,24,27,25,27,26,31,30,25,28,25,33,34,33,33,25,34,27,28,26,29,28,28,27,23,22,21,22,22,22,23,21,28,36,24,34,31,27,25,25,26,25,25,27,36,27,37,25,28,24,22,26,28,29,26,28,27,28,24,21,22,22,22,33,33,31,31,32,26,30,32,29,24,24,30,29,28,27,26,27,28,27,29,27,26,24,25,22,24,21,25,22,25,22,31,29,32,32,31,25,23,27,23,24,26,26,29,28,18,29,28,26,25,33,32,30,32,31,25,30,25,25,26,26,28,28,26,27,24,24,21,26,33,30,32,32,31,31,28,33,27,36,30,31,27,29,28,28,20,20,22,17,18,18,26,26,30,25,30,24,26,25,27,26,31,30,23,30,26,24,33,31,31,26,24,26,30,31,26,25,24,28,
28,26,26,30,28,32,31,23,22,21,25,28,19,23,24,25,26,29,26,25,21,26,31,30,28,26,26,33,28,25,26,27,27,28,30,30,33,30,31,29,26,25,29,27,28,29,26,25,26,26,29,31,32,31,32,25,32,28,30,21,30,26,30,29,32,30,32,32,29,28,24,28,28,30,26,26,25,23,23,27,28,27,24,26,27,30,29,25,25,26,34,26,28,29,28,29,29,27,24,26,27,29,23,27,22,22,21,34,24,33,29,28,25,28,29,24,24,25,32,28,26,37,25,29,27,27,29,26,28,31,28,25,30,25,23,21,33,33,29,34,29,32,29,31,26,33,30,25,25,28,28,27,30,31,26,29,34,27,34,26,23,24,29,22,26,23,23,28,26,32,26,32,32,25,25,25,35,25,29,27,31,28,19,24,26,30,24,25,25,34,29,31,32,32,31,21,25,26,25,25,25,30,25,27,27,26,21,33,26,33,34,32,33,29,34,33,30,27,26,27,24,29,22,21,29,18,17,18,27,32,27,26,30,27,27,33,28,27,27,31,31,31,28,24,29,31,31,31,25,23,24,30,30,27,27,28,
24,30,33,32,31,27,32,22,22,23,22,20,18,23,28,24,25,27,26,29,28,28,31,29,29,27,30,33,28,26,30,31,28,31,28,29,30,32,32,32,29,30,26,28,27,23,27,28,28,26,33,31,23,33,35,36,25,29,26,31,22,23,27,30,31,32,34,30,29,28,28,25,29,30,30,29,27,28,23,28,21,29,26,25,25,27,30,27,26,28,28,27,28,28,29,32,31,29,26,27,30,29,30,24,27,21,22,20,29,35,34,29,27,36,26,25,28,25,31,31,31,26,26,28,28,25,28,28,27,27,34,26,25,30,20,27,34,34,29,29,33,31,33,30,30,30,26,26,23,24,26,28,30,29,29,27,26,34,34,34,26,23,24,25,30,30,27,19,22,21,33,25,26,31,29,30,35,25,25,31,28,33,29,25,27,28,25,25,26,34,20,24,28,26,28,22,30,30,26,26,25,26,25,29,28,26,25,34,33,31,34,34,33,33,30,30,30,28,27,28,25,26,23,23,25,29,19,19,31,18,29,25,32,28,27,28,34,26,28,31,26,26,30,24,29,31,24,24,32,25,29,30,29,30,29,29,
35,33,26,32,33,32,32,32,23,30,26,27,22,19,19,29,23,26,27,30,30,28,28,32,31,29,31,33,30,32,31,27,31,34,29,33,32,29,23,32,27,31,29,27,32,29,28,32,28,30,26,28,27,21,36,36,20,25,30,26,25,23,28,29,30,34,34,33,30,29,29,34,26,27,30,26,27,28,29,23,29,22,34,27,28,26,27,25,27,26,22,23,28,30,30,33,27,32,32,26,30,30,29,22,25,32,34,21,30,31,30,34,35,26,37,36,28,29,28,32,29,27,30,28,29,26,28,27,28,35,31,29,25,26,25,22,33,30,30,30,26,32,28,29,31,31,30,26,31,24,29,29,30,30,36,29,28,27,34,34,33,27,28,25,29,28,30,20,29,22,25,26,27,32,31,31,29,26,28,26,30,28,32,25,28,27,29,26,32,22,21,22,32,27,30,23,29,31,26,33,32,30,29,30,24,27,26,33,34,31,31,36,33,31,33,30,32,32,28,30,24,26,28,23,27,27,34,36,25,19,31,32,34,33,33,28,27,29,32,28,26,28,30,29,24,23,29,23,25,28,29,27,30,29,29,29,
34,30,25,26,33,30,31,34,33,26,27,25,22,20,20,31,25,26,27,25,30,29,29,32,29,30,33,33,24,26,33,33,27,30,28,34,32,27,30,24,29,32,30,29,29,28,29,33,32,24,25,28,28,29,28,23,21,35,25,25,27,29,28,23,26,31,31,31,30,31,33,28,34,27,27,27,30,28,29,31,30,30,26,34,29,28,27,26,27,27,23,27,23,29,30,28,27,31,33,30,23,29,31,31,27,25,25,32,32,32,29,24,27,27,34,30,30,29,30,31,29,30,30,32,30,31,29,28,24,27,28,25,22,33,26,35,28,34,34,31,29,32,29,29,29,31,27,34,30,32,30,31,30,29,36,34,27,27,26,35,35,23,27,29,30,31,29,34,29,23,26,26,27,32,31,29,26,30,26,28,32,33,30,31,32,28,29,27,30,28,22,26,32,28,31,30,26,27,33,34,31,29,31,28,31,25,33,33,30,32,28,26,30,34,27,32,32,29,30,24,30,27,26,25,26,25,35,31,32,36,33,31,33,34,26,33,32,32,33,31,34,30,31,29,30,31,24,23,28,28,29,27,30,29,30,30,
34,35,31,30,26,31,34,29,34,28,28,27,26,31,26,30,32,31,25,26,28,31,29,29,30,38,30,30,25,28,34,29,27,31,29,33,32,33,28,31,34,30,30,34,30,31,30,28,29,25,29,28,29,28,26,27,22,23,34,27,29,25,27,28,29,31,32,30,33,30,32,34,33,28,32,33,32,30,29,32,28,32,32,27,28,29,29,28,29,25,29,24,23,29,22,29,29,29,34,33,23,24,30,27,27,28,28,33,33,30,31,30,25,28,27,31,30,30,30,29,32,32,31,30,31,32,27,29,32,24,26,33,26,26,24,34,30,28,30,34,32,28,33,35,31,31,31,36,32,30,31,31,30,30,29,37,31,28,31,36,29,25,25,36,30,29,31,34,34,30,30,29,31,30,29,30,26,27,28,30,28,29,30,34,28,32,25,33,26,24,33,23,25,30,29,33,27,34,34,34,31,34,33,32,28,32,27,28,26,33,24,28,27,31,27,31,28,32,33,31,32,27,28,28,27,29,31,33,33,29,35,36,36,32,35,31,31,26,27,33,32,30,30,28,29,31,33,29,27,31,30,29,29,31,29,30,
36,36,37,27,27,33,35,25,31,24,26,31,28,27,28,27,27,31,31,27,32,29,26,30,39,39,38,31,40,29,28,28,30,27,32,31,31,40,28,32,33,34,33,34,31,32,31,33,26,30,29,27,29,29,27,25,26,30,25,27,29,29,28,28,29,30,32,27,34,30,32,35,34,36,33,31,34,34,30,26,30,29,27,34,36,29,29,29,29,26,26,24,29,29,28,28,28,31,30,24,34,24,25,28,28,28,30,33,34,30,31,34,26,32,34,27,34,34,30,35,30,31,33,33,32,33,30,27,26,25,28,25,34,23,24,24,28,31,30,35,30,29,34,34,32,33,29,30,27,33,32,36,28,31,32,37,35,30,27,28,29,34,30,27,31,31,30,35,35,36,27,30,29,30,34,29,25,27,24,27,31,27,30,29,33,29,30,35,25,25,26,33,26,33,34,33,32,34,33,35,28,28,29,34,34,33,28,29,32,34,30,25,30,28,28,26,30,29,28,32,28,32,27,34,27,28,28,33,33,34,32,29,36,33,30,32,31,32,28,27,27,32,31,33,30,32,33,30,30,32,30,30,31,29,29,31,
24,37,36,37,32,32,33,27,31,33,25,27,31,34,33,33,28,31,30,31,31,31,27,31,35,30,35,40,40,30,32,31,31,35,32,31,32,38,33,39,33,36,26,34,37,32,34,34,29,35,30,31,28,30,26,26,31,34,30,26,30,30,29,30,28,31,32,28,34,35,28,28,35,35,32,31,36,35,32,27,31,29,32,28,34,31,31,30,30,32,26,38,26,34,29,26,28,31,30,29,27,31,27,29,30,30,30,46,30,32,32,29,34,32,31,33,34,34,35,34,31,32,32,34,34,37,34,34,30,33,27,35,25,25,37,32,29,32,31,34,28,29,35,35,32,30,31,30,28,32,31,32,31,32,30,32,30,28,31,32,31,34,28,28,31,25,28,27,35,27,30,34,30,35,35,29,33,32,25,33,34,30,35,33,33,36,30,33,37,32,32,31,32,34,35,32,30,32,36,25,33,27,27,27,31,32,32,34,34,33,30,28,33,26,29,26,28,29,29,31,29,33,33,29,29,30,29,29,29,28,34,25,33,33,34,32,33,33,33,28,26,35,27,33,33,31,28,29,28,30,30,29,34,32,30,31,
24,24,34,23,37,31,34,32,26,35,27,25,38,38,30,34,31,29,30,32,31,31,32,31,30,31,39,38,41,41,33,31,29,32,31,30,35,33,33,39,39,37,27,35,38,38,35,35,30,33,31,32,32,31,33,31,31,32,32,33,31,31,30,31,31,32,28,32,34,33,26,33,35,36,36,32,32,35,32,33,31,30,30,28,33,32,32,35,34,34,30,35,37,31,35,35,25,29,29,32,27,33,26,28,28,30,29,46,27,28,34,30,35,33,33,30,33,34,36,33,30,35,33,33,35,34,36,35,39,37,34,32,38,29,33,26,34,34,28,32,29,27,36,36,32,28,31,33,34,36,35,32,32,34,33,33,28,30,31,33,33,33,31,29,32,28,36,28,28,37,28,34,34,32,35,32,34,31,33,35,33,31,31,30,34,34,37,37,38,35,33,31,33,35,36,32,31,24,31,26,36,29,28,32,27,31,32,34,35,38,29,28,31,29,29,33,32,30,32,32,36,29,33,30,30,29,30,30,30,29,30,31,34,24,35,31,33,32,34,33,27,27,29,31,34,33,33,29,30,29,31,31,34,30,33,32,
39,25,38,24,28,33,26,33,39,28,27,33,37,28,30,31,33,32,32,31,31,33,29,29,31,30,40,39,38,34,33,28,28,35,31,30,36,35,30,37,37,34,27,27,36,28,33,31,33,33,34,31,35,33,33,31,31,34,35,33,32,36,31,33,33,27,35,30,34,34,31,35,37,36,42,33,33,37,28,32,32,32,35,31,34,32,32,38,36,32,31,31,36,36,32,33,37,25,26,27,29,32,29,28,28,27,30,31,32,37,38,36,36,34,31,34,34,35,34,34,31,31,34,34,36,34,34,39,34,37,34,32,39,37,30,38,39,31,37,28,33,30,36,28,28,37,29,30,35,35,35,31,36,30,35,33,33,32,33,32,33,33,33,32,31,31,33,29,29,34,29,37,34,32,31,32,35,35,31,32,30,33,31,34,33,35,34,36,38,29,36,33,34,26,36,35,25,25,34,34,32,29,33,36,25,28,33,32,34,36,39,28,28,26,34,32,33,31,34,33,29,37,37,29,31,30,29,31,30,32,29,29,37,37,35,29,34,33,33,37,28,38,31,30,29,32,30,31,30,29,35,32,30,30,31,34,
31,27,39,29,28,34,31,34,39,39,35,38,38,38,38,31,31,33,33,32,32,33,32,29,31,29,29,38,40,42,35,28,29,29,32,31,35,35,34,37,36,40,34,38,41,29,32,35,34,34,35,35,32,36,30,32,34,32,40,34,34,31,37,34,37,26,32,34,34,34,38,33,36,39,37,37,34,35,36,33,35,35,36,34,34,36,37,33,32,37,31,31,37,33,40,35,34,39,28,28,30,40,28,29,38,27,27,31,30,33,34,30,31,36,31,34,36,35,35,35,32,34,32,34,34,36,37,39,39,33,33,34,32,32,39,34,33,32,32,34,34,29,35,37,37,35,30,30,37,34,36,31,39,36,36,36,35,34,37,35,34,33,33,33,33,32,34,31,29,29,34,34,37,32,32,32,32,33,31,31,31,31,30,32,34,37,33,35,33,33,30,33,29,35,27,31,31,37,36,30,35,31,31,38,37,36,35,32,32,38,38,29,28,27,30,35,33,34,25,34,31,32,32,32,35,31,30,34,31,35,30,36,37,33,35,32,35,32,34,28,34,39,38,38,30,33,30,32,32,32,32,31,36,33,30,31,
34,33,27,41,30,37,30,35,36,38,36,35,42,38,41,39,35,33,35,34,32,31,33,36,35,30,32,37,38,30,36,34,29,33,31,32,35,30,33,36,38,30,36,36,38,29,36,33,34,34,35,37,36,35,32,29,33,36,41,41,39,36,31,37,36,30,33,35,33,36,36,34,35,37,37,37,39,30,39,34,35,33,36,35,35,32,34,35,35,38,42,37,32,33,36,35,34,38,28,29,30,31,31,27,37,39,30,37,29,34,35,36,33,28,36,35,33,30,36,38,33,35,34,34,34,31,37,34,40,33,33,35,29,36,39,34,39,34,32,36,35,35,35,34,37,33,29,33,31,37,37,42,32,31,39,36,36,33,32,38,35,34,34,32,39,28,31,32,29,31,35,34,32,36,32,33,32,37,34,34,33,31,36,38,33,32,32,32,32,33,31,33,33,35,32,31,31,38,34,35,35,32,35,33,36,36,37,36,34,38,38,40,29,36,34,34,34,29,26,30,35,32,35,34,38,35,32,33,33,31,38,29,36,37,36,34,32,33,31,35,34,39,32,33,34,34,32,31,32,32,32,32,34,32,31,33,
42,33,33,34,37,35,39,31,31,35,40,39,41,39,41,39,34,35,36,34,32,32,38,36,35,31,31,38,38,39,42,35,34,34,34,33,32,35,36,37,39,35,36,37,36,40,37,34,34,36,36,37,38,36,33,33,33,37,31,30,37,41,42,29,31,31,31,39,36,36,35,34,37,35,34,32,40,37,32,37,37,34,34,33,36,34,37,35,39,32,41,41,35,33,34,35,36,38,39,39,39,30,29,30,28,32,32,32,37,33,36,34,34,34,31,34,36,35,29,32,35,31,35,37,33,31,31,31,37,33,34,34,37,36,29,39,37,39,33,33,37,35,33,34,37,32,33,38,32,30,31,42,30,38,39,42,33,35,36,37,33,32,35,39,39,39,31,29,28,36,35,35,38,34,37,39,33,38,34,34,36,35,35,37,35,32,32,34,36,34,30,33,33,36,33,36,34,34,35,37,35,35,36,34,37,37,34,37,36,39,34,41,31,37,35,35,27,30,27,31,30,35,35,36,34,28,34,34,34,35,39,36,29,36,37,32,32,33,34,33,35,32,39,34,33,34,30,34,32,34,31,34,34,34,32,32,
33,43,34,38,38,32,33,37,39,40,41,40,40,43,40,39,39,35,35,38,37,35,35,35,37,33,39,35,36,43,43,42,39,36,35,33,33,36,36,37,37,37,36,37,41,40,38,38,39,37,36,37,40,39,40,36,38,33,38,31,38,37,43,30,33,31,38,38,34,36,36,38,39,35,31,33,32,31,34,33,37,38,36,31,36,36,34,43,44,43,35,41,40,37,37,36,37,40,30,30,40,40,38,32,33,33,34,32,34,34,37,35,35,35,35,32,37,30,34,33,37,32,35,35,35,38,33,36,36,40,34,34,42,36,35,38,32,35,33,29,30,36,37,35,35,38,33,41,39,31,30,31,30,30,42,42,43,43,35,36,38,33,32,40,38,39,38,30,29,29,31,39,34,34,38,36,36,34,35,34,36,37,37,33,35,33,35,33,35,34,31,35,34,30,34,36,36,35,38,38,39,38,37,34,34,38,37,34,38,30,34,36,42,35,38,35,33,33,26,30,32,33,33,37,34,31,29,29,35,36,38,39,37,30,35,32,34,34,34,40,34,35,35,35,34,33,36,35,36,33,38,34,34,34,33,36,
42,41,42,36,39,35,32,37,37,40,38,43,43,43,40,42,40,34,40,40,39,40,35,36,36,34,40,41,40,38,42,43,32,31,37,35,33,38,37,37,36,39,39,39,34,42,41,36,39,36,34,34,36,38,35,36,34,34,34,31,31,35,36,32,32,32,39,32,34,35,36,34,40,39,31,31,37,33,34,41,33,37,37,39,34,37,37,43,45,43,36,35,36,37,37,38,39,41,37,44,43,41,38,34,33,34,40,35,34,36,34,36,36,35,34,39,33,39,31,37,37,44,38,37,35,38,39,37,34,33,33,34,35,38,37,37,36,35,36,30,35,32,42,35,37,35,34,40,41,42,37,34,35,30,32,42,43,33,31,36,38,34,40,40,38,40,40,37,31,31,28,38,39,36,36,37,34,37,39,39,37,38,37,37,37,31,31,42,34,36,36,37,35,36,37,37,35,38,34,35,40,35,37,35,35,35,35,38,32,31,36,37,37,36,36,33,34,33,34,35,29,32,30,32,40,39,38,30,41,36,36,38,36,36,35,35,34,33,37,39,34,36,36,39,37,34,33,35,35,37,39,36,39,33,35,37,
43,41,42,40,37,37,40,32,41,36,40,39,44,42,43,40,41,34,33,41,29,29,37,36,40,37,42,39,42,40,40,34,35,35,37,34,35,34,36,38,38,36,39,40,40,34,38,39,40,35,37,36,36,36,40,36,36,37,38,35,39,40,35,38,38,38,32,32,39,32,35,38,35,39,33,39,36,33,36,42,42,38,37,39,40,38,38,36,44,38,35,38,35,35,37,32,37,38,37,42,41,43,44,37,34,34,40,36,41,37,34,37,37,38,35,30,40,39,39,39,38,38,42,38,39,38,38,38,39,37,39,38,37,33,38,34,38,37,37,36,37,32,42,43,35,38,39,34,36,37,43,37,34,32,31,32,32,31,32,37,36,33,38,41,39,39,30,37,35,32,29,35,39,36,37,34,38,37,40,36,42,39,40,40,41,33,35,43,43,36,37,38,37,37,37,38,37,36,35,40,34,38,37,35,33,35,40,36,32,33,31,38,35,35,37,33,39,34,36,35,33,32,31,30,37,38,36,45,40,42,33,39,37,38,43,36,35,34,36,33,36,35,44,44,38,37,39,35,36,38,37,38,37,36,34,35,
37,37,38,36,40,41,40,40,42,40,38,41,36,37,43,37,37,35,40,31,34,30,33,34,39,38,34,39,43,43,40,38,36,36,37,35,35,35,37,38,38,37,37,38,40,41,37,38,34,39,37,37,37,37,41,37,34,37,36,36,39,32,36,39,40,39,35,35,40,40,34,39,40,35,33,32,41,37,38,38,37,37,39,40,40,39,38,40,44,38,37,36,40,39,35,35,39,39,39,43,43,43,38,36,38,39,40,34,41,41,36,36,37,40,32,31,32,41,40,39,35,34,45,36,35,38,40,38,36,37,38,37,36,36,34,35,35,35,34,30,36,41,33,34,41,39,38,39,33,42,39,38,38,34,37,33,42,34,37,37,38,33,34,37,39,37,35,31,32,34,36,34,36,38,38,36,39,37,38,41,44,42,39,39,41,33,35,43,33,44,41,42,41,40,42,38,37,35,39,35,35,35,38,39,38,34,38,33,33,38,33,38,38,39,39,37,40,37,37,36,36,31,32,37,37,36,38,40,46,37,34,34,39,38,33,42,43,43,42,38,37,37,41,36,38,38,39,33,39,34,35,40,39,37,36,36,
39,38,40,37,42,42,41,40,36,41,39,39,39,39,36,33,40,43,40,35,35,40,35,35,43,36,38,35,36,40,40,39,35,37,38,33,37,37,38,39,39,39,41,38,42,43,38,39,36,42,40,38,36,42,38,36,40,35,32,37,37,42,37,36,42,39,37,34,35,35,39,39,38,35,35,40,41,37,38,40,38,39,35,38,41,39,40,41,36,37,39,38,37,37,37,37,37,35,38,44,45,44,38,34,37,40,40,40,37,42,35,36,37,39,38,40,40,40,36,40,39,45,35,36,39,36,43,41,41,37,40,38,37,38,39,36,34,36,36,35,37,32,42,30,37,41,38,41,36,33,38,38,44,35,36,36,43,36,34,37,34,34,32,38,36,38,40,41,34,34,37,36,36,36,38,35,38,37,37,41,46,45,43,39,40,42,43,34,34,36,42,34,41,38,43,43,39,42,35,37,36,44,39,35,40,39,38,39,38,38,41,41,41,41,37,38,40,35,38,40,37,37,38,38,38,37,40,38,38,43,42,34,37,35,35,42,41,43,46,44,40,39,41,40,39,41,39,34,39,39,35,40,40,39,37,38,
40,41,40,40,40,43,39,37,38,39,37,39,39,37,42,35,41,44,36,35,35,38,40,39,43,37,39,35,41,41,37,41,41,37,38,37,39,37,39,39,41,40,40,38,44,40,36,46,38,41,37,41,37,37,39,39,38,34,34,33,37,42,41,38,36,38,39,38,38,36,36,39,39,37,36,36,39,38,37,36,38,40,39,39,41,42,39,39,39,41,39,39,37,38,37,37,38,36,38,44,43,38,39,40,35,36,37,40,40,43,43,41,40,42,38,41,38,41,41,41,39,41,36,35,38,42,45,43,47,43,36,36,36,35,38,37,36,36,38,34,40,35,33,42,36,35,42,34,34,34,36,38,39,38,37,36,37,42,36,37,42,35,38,38,39,39,40,39,42,36,40,36,36,42,39,36,35,38,37,40,46,45,45,38,40,43,44,36,35,35,39,34,43,35,44,36,39,41,38,43,39,47,44,39,41,37,39,39,40,39,41,38,42,41,42,40,39,40,42,41,42,44,41,38,42,41,41,41,43,38,43,38,37,35,35,36,42,44,36,43,44,36,41,41,41,40,40,34,40,36,36,40,37,40,40,38,
39,41,41,41,35,42,38,40,40,37,34,34,36,43,43,39,41,41,41,45,39,39,39,42,41,38,39,32,40,41,42,37,40,40,39,38,37,41,40,39,41,41,43,42,39,41,41,45,45,37,33,39,42,38,38,40,39,36,36,36,34,41,42,39,41,38,38,34,38,39,38,39,41,37,38,36,39,41,38,40,40,39,36,37,36,40,43,40,37,38,40,39,40,39,39,38,42,42,42,41,43,39,41,40,41,37,41,37,40,39,39,38,41,43,43,36,40,43,40,40,40,39,37,34,40,35,46,45,47,37,41,43,39,40,37,38,41,37,34,36,41,35,33,37,37,42,42,43,34,34,38,36,35,39,39,38,37,42,42,38,38,42,37,37,35,40,40,40,40,43,37,40,39,42,42,40,38,39,38,43,39,47,38,38,40,44,42,42,42,35,41,35,35,42,35,39,35,39,39,41,41,40,47,44,39,40,41,42,41,41,42,39,40,38,42,42,37,41,43,42,42,40,40,42,40,41,41,42,42,40,43,35,38,37,36,38,40,45,46,38,37,37,40,40,36,43,43,41,37,36,38,37,37,39,41,40,
40,43,36,42,42,39,39,40,41,36,34,36,44,40,40,40,42,41,41,45,41,39,44,42,40,44,43,37,40,39,42,38,38,37,40,39,42,40,35,40,37,43,43,43,36,39,39,41,40,40,39,37,42,42,43,36,37,37,38,39,40,41,39,40,44,42,39,42,39,39,43,40,43,36,38,37,36,47,40,40,40,39,37,37,36,35,43,42,42,43,38,38,38,40,39,42,43,41,43,43,41,40,42,35,38,41,38,37,39,40,38,38,37,38,39,37,44,39,44,40,40,33,40,42,34,36,41,39,36,37,42,41,38,38,42,42,39,38,35,36,41,36,43,43,42,41,43,40,35,37,36,39,40,36,40,38,37,40,42,36,44,43,44,38,38,36,42,41,39,45,37,41,40,41,40,42,39,38,39,38,40,44,44,39,42,39,42,43,43,36,38,41,37,36,36,37,39,41,40,41,42,39,41,41,41,41,41,41,42,41,41,42,36,38,39,40,34,38,39,42,42,42,42,42,42,42,42,45,41,41,43,37,36,36,34,45,43,43,46,41,38,37,42,41,38,37,41,38,37,38,33,38,38,38,38,39,
37,37,39,46,41,41,39,40,39,37,36,36,35,40,39,41,41,39,40,40,34,41,41,40,41,37,45,43,36,41,39,39,41,32,33,41,42,39,39,36,38,38,38,43,40,36,44,40,40,40,40,42,45,44,43,38,41,43,43,45,39,41,42,41,41,40,43,41,43,41,48,44,44,42,46,34,38,48,41,41,38,42,38,40,38,39,40,41,43,41,42,42,44,43,40,44,44,45,42,41,43,41,42,32,38,38,42,40,41,40,39,39,40,41,40,41,42,38,40,41,42,40,44,42,38,43,37,45,38,45,38,45,43,40,42,43,41,41,38,40,37,38,39,44,43,43,44,45,42,41,39,39,44,39,39,39,40,42,43,44,42,45,47,45,41,38,42,42,40,40,45,37,40,40,42,42,41,39,42,41,42,40,41,36,42,44,40,40,42,37,38,40,42,37,37,42,42,38,41,41,41,39,38,43,42,41,37,41,42,43,38,41,48,42,41,41,35,42,41,39,41,42,43,45,41,47,43,47,47,44,41,43,42,44,35,45,44,44,38,41,39,38,42,42,43,42,41,40,43,36,38,39,38,40,39,40,
39,38,37,46,44,45,39,40,38,38,40,40,36,44,43,44,39,40,40,43,41,39,42,43,41,44,40,44,39,41,42,40,43,39,38,33,39,39,39,38,38,40,43,44,43,41,44,36,41,37,44,39,44,39,43,45,42,42,41,39,45,38,42,41,42,38,42,46,40,42,44,51,50,49,47,40,49,34,42,43,40,42,38,41,41,40,43,42,44,43,42,43,39,43,43,45,46,46,44,46,38,43,39,42,35,40,39,44,41,41,44,40,38,38,42,42,42,38,40,42,43,35,36,45,43,39,44,44,39,46,42,46,43,40,40,42,41,42,42,39,41,41,42,40,44,44,47,45,41,43,39,42,44,42,40,43,40,37,41,44,43,36,41,42,46,41,43,44,41,41,45,38,41,41,40,43,40,42,40,43,42,43,41,41,44,41,45,40,38,43,44,40,42,40,38,41,42,43,41,40,42,42,39,39,41,42,41,38,41,44,42,42,48,48,43,42,41,43,42,43,41,39,39,41,44,42,48,48,43,45,42,42,44,39,34,36,42,45,44,42,41,40,40,42,42,39,42,44,37,37,35,38,40,37,40,40,
39,39,42,38,44,45,37,38,43,40,40,40,37,44,45,44,40,39,41,44,36,44,36,45,37,42,40,45,39,44,43,43,39,38,45,38,39,46,41,46,45,39,40,52,44,44,43,41,40,41,45,47,47,43,39,44,41,42,44,41,39,39,38,46,42,46,46,46,41,40,44,40,52,39,40,50,50,35,41,43,41,42,43,40,42,44,40,48,43,44,44,43,41,43,41,47,46,47,45,46,45,38,40,39,35,39,41,40,44,46,42,41,44,43,39,43,41,44,38,45,44,37,41,44,38,40,39,44,37,37,46,47,38,43,42,42,42,38,36,39,38,43,38,45,39,41,42,46,43,44,39,40,40,40,43,41,44,43,42,39,44,43,42,43,43,43,39,44,43,42,43,44,38,38,41,45,41,43,43,42,43,47,42,41,42,45,46,41,38,39,42,44,46,41,39,40,43,40,44,40,40,42,42,41,43,42,41,42,39,41,45,41,39,49,45,45,42,43,43,41,42,40,41,46,41,39,49,49,43,46,46,44,43,39,35,37,44,42,44,41,42,41,44,39,43,40,43,41,44,39,38,39,41,39,39,39,
40,43,39,42,43,49,38,40,39,45,43,40,40,45,41,48,41,41,42,47,40,37,40,44,38,46,37,39,40,42,44,42,39,36,42,44,40,46,45,42,39,45,48,40,38,52,48,41,41,47,43,46,47,46,45,42,43,43,44,43,39,39,43,40,48,47,45,40,40,39,45,43,41,47,41,43,41,51,41,44,48,40,43,39,39,42,42,43,49,43,44,46,42,44,43,46,46,43,49,48,40,44,38,38,36,40,41,42,43,43,47,43,43,43,44,44,42,42,39,45,44,39,44,45,38,38,40,39,46,45,44,49,41,41,44,43,43,42,42,43,39,42,43,40,46,43,43,39,43,43,44,43,45,42,41,46,40,45,45,40,43,39,38,46,43,43,45,39,43,43,41,45,39,39,46,43,43,44,45,44,41,45,46,44,41,45,44,37,37,37,45,44,45,41,46,40,42,42,44,46,41,43,43,42,40,42,40,40,42,40,39,42,44,44,46,43,45,45,44,40,41,41,41,45,41,38,40,39,43,43,42,46,43,37,41,38,45,42,43,42,44,43,44,44,40,41,40,40,39,39,40,38,40,40,44,40,
44,43,41,42,45,39,39,43,45,42,42,44,40,39,43,42,41,42,41,47,39,37,40,45,45,41,46,42,40,42,43,43,38,37,43,45,41,46,47,44,40,46,49,49,49,40,49,44,41,38,49,48,47,45,45,42,43,45,48,44,48,44,42,49,38,48,42,47,40,47,43,43,47,47,44,41,43,52,45,44,47,41,42,42,37,41,42,43,49,42,43,45,44,47,44,45,43,46,48,46,40,41,40,40,40,41,43,42,42,44,41,42,46,45,42,41,44,42,43,46,45,41,45,40,47,40,39,48,39,41,48,50,43,41,47,41,42,41,42,43,47,44,42,43,42,47,41,48,44,44,44,45,41,48,41,46,47,46,45,42,44,47,45,43,45,44,40,40,45,43,44,42,47,40,45,46,46,46,42,44,42,43,48,47,41,41,40,46,46,41,45,46,45,44,43,42,43,43,45,40,42,44,46,44,41,44,43,41,41,42,44,40,41,40,45,45,46,45,45,45,42,42,46,45,42,41,45,39,46,44,42,45,44,38,43,39,44,45,41,43,45,45,43,41,43,40,43,41,41,42,39,41,42,43,44,39,
45,44,42,41,41,40,40,41,41,46,48,42,51,45,43,44,46,39,42,42,42,42,46,41,40,41,38,38,39,40,44,44,41,43,43,42,43,44,47,44,42,47,39,46,43,42,41,41,39,38,50,43,50,44,44,42,42,48,46,40,48,44,40,43,40,40,41,47,41,47,47,44,48,48,43,43,44,44,45,46,48,44,49,43,46,42,45,41,43,50,43,44,44,44,38,42,44,46,41,42,49,41,42,42,41,40,45,42,43,45,43,42,46,44,43,42,40,43,45,43,47,45,42,48,47,46,48,42,40,46,48,47,50,49,45,42,41,45,44,44,44,47,44,48,44,43,48,47,48,45,45,44,41,45,49,41,47,46,45,45,43,48,45,42,43,46,46,40,41,44,45,42,42,42,46,48,43,46,45,46,44,43,48,48,42,42,47,47,41,41,46,47,47,46,44,46,40,42,44,40,43,44,47,47,42,47,44,44,41,41,42,44,40,48,40,46,42,47,46,45,45,42,40,46,40,42,45,40,47,43,42,49,46,39,40,40,47,44,45,47,43,43,44,45,42,41,41,43,48,41,39,42,41,41,41,40,
44,44,45,43,42,43,41,42,43,46,48,46,46,45,42,45,40,40,40,43,42,48,44,45,39,41,46,40,46,41,44,43,41,46,46,46,44,44,41,48,48,43,43,47,40,43,39,37,45,40,51,49,52,50,43,43,43,42,47,43,49,45,41,47,42,42,41,41,43,47,49,47,50,46,44,44,44,44,46,44,44,48,49,50,49,43,48,48,42,43,44,46,46,45,45,43,45,48,42,39,42,42,43,48,42,45,45,45,45,45,48,43,42,46,43,44,41,44,43,45,44,46,46,47,49,47,41,42,41,48,46,48,45,48,45,45,42,46,45,47,44,45,44,45,43,41,45,42,45,49,39,52,46,46,46,46,42,43,40,45,45,46,45,48,43,47,42,41,44,45,41,44,44,43,45,45,46,46,45,44,45,48,48,49,47,46,39,42,43,41,42,45,46,48,47,41,48,45,45,44,45,51,42,42,45,47,45,43,45,44,43,43,48,47,43,42,48,42,42,43,45,42,44,42,43,47,46,46,45,45,49,48,50,47,40,41,46,50,47,42,47,45,44,47,46,46,42,44,49,42,42,45,44,47,48,43,
48,48,44,45,43,46,45,44,48,45,43,46,46,48,43,48,50,41,41,46,41,48,48,48,45,44,45,45,46,47,48,44,43,45,46,44,43,47,43,46,42,48,46,48,50,47,43,42,42,37,49,51,48,48,51,43,44,43,46,43,43,47,48,49,49,40,40,44,44,44,49,42,43,50,48,46,45,46,47,43,45,43,47,49,44,44,48,43,43,46,44,46,49,45,43,38,44,40,46,45,43,42,43,50,45,46,45,46,46,46,48,46,43,48,47,45,43,46,45,44,44,45,47,51,48,42,44,43,48,48,49,48,46,49,46,46,48,46,44,48,45,47,47,46,44,42,44,43,43,41,40,51,43,49,47,46,47,43,49,46,46,45,45,46,46,44,47,45,43,46,46,44,45,45,48,40,46,45,46,45,50,47,45,49,43,47,44,43,46,42,42,47,43,48,47,39,49,38,47,46,45,45,47,43,43,45,48,44,45,45,45,44,49,47,45,49,42,44,43,41,45,47,42,42,44,46,44,48,46,45,50,48,48,48,50,41,42,50,45,48,48,45,46,45,47,45,46,42,44,43,47,46,46,49,49,44,
45,45,46,42,44,44,43,47,45,45,47,47,49,48,50,49,48,42,42,41,41,46,49,50,42,46,46,46,46,46,50,49,48,48,46,47,47,47,45,43,48,48,43,43,47,48,45,46,43,45,43,46,44,48,49,45,44,45,46,45,46,47,45,48,50,49,50,49,47,44,49,43,41,49,48,49,47,46,47,50,43,48,45,49,47,48,44,44,46,44,44,46,47,46,44,50,52,45,46,48,50,47,43,44,47,46,46,46,44,45,48,48,47,43,45,46,49,44,48,45,43,49,47,48,50,43,45,45,44,45,50,47,46,46,47,47,48,47,46,45,45,47,46,45,47,43,43,46,43,47,42,43,53,41,49,50,46,47,50,50,47,45,44,46,46,45,48,46,46,47,47,45,49,45,48,49,41,45,49,46,50,45,46,50,45,44,47,43,43,42,43,48,48,43,43,39,49,39,39,45,46,45,43,48,48,47,43,46,47,45,48,44,50,45,50,49,46,45,42,45,47,45,42,43,44,43,43,45,49,48,46,49,49,51,50,47,50,43,47,46,48,44,46,46,48,46,47,44,43,44,47,48,46,45,46,46,
46,46,44,47,49,44,46,47,47,46,44,47,47,45,45,50,44,45,43,50,46,47,51,42,43,51,49,49,48,47,51,46,49,48,48,47,46,45,48,49,49,50,49,48,48,47,44,45,46,43,44,44,45,48,45,50,50,48,46,47,53,46,44,49,49,51,49,46,48,44,45,48,48,42,49,45,48,47,46,45,43,43,44,44,48,48,44,45,45,46,47,46,47,49,44,46,48,46,48,47,47,47,43,44,47,47,48,47,47,46,48,49,47,45,46,48,50,48,50,49,45,43,43,48,43,43,44,45,46,47,47,46,50,50,47,48,48,47,48,47,46,44,46,51,48,47,44,44,44,46,41,45,53,47,49,50,49,46,42,44,50,48,48,43,43,46,45,47,47,47,48,47,53,48,49,48,45,43,44,50,51,49,46,47,45,46,44,44,51,48,43,47,48,47,43,48,41,41,46,42,48,45,46,46,43,44,55,47,47,48,48,49,49,44,45,45,45,47,41,47,49,48,45,47,48,45,44,47,48,47,46,48,47,50,46,48,49,48,47,47,47,44,46,46,47,46,48,48,45,46,51,48,49,46,46,46,
47,47,45,44,50,48,45,50,48,47,49,48,47,52,49,46,47,46,46,48,49,46,48,49,43,44,47,49,45,49,46,47,48,49,51,48,47,48,49,50,51,51,51,47,45,45,51,46,49,45,48,45,45,50,46,50,51,51,49,51,53,43,47,48,46,50,50,46,45,50,53,48,49,49,43,45,42,42,47,48,47,49,45,45,49,45,50,47,45,48,44,50,52,46,45,51,46,49,46,47,44,46,50,50,50,48,49,48,48,47,48,48,50,47,48,48,48,50,51,44,48,47,43,45,44,45,44,49,47,44,44,48,47,51,47,46,47,46,47,50,47,47,47,45,47,49,45,48,51,44,42,43,44,48,49,45,47,50,47,43,53,47,47,48,44,48,46,49,48,47,48,49,48,49,47,48,48,44,43,44,50,47,47,48,48,50,48,47,52,49,50,48,47,43,47,46,44,44,41,49,49,47,44,50,48,48,47,56,53,48,54,52,49,51,47,46,46,49,42,48,50,50,47,47,47,47,45,49,48,47,47,49,48,48,49,46,48,49,48,48,48,45,47,46,48,48,49,47,46,46,49,51,50,50,47,52,
48,47,46,45,48,46,46,50,45,48,48,48,50,49,53,50,51,51,48,50,49,51,50,51,50,44,44,49,46,46,45,46,47,46,53,52,48,47,49,47,52,52,50,46,48,46,46,47,49,48,47,48,46,52,51,50,47,49,52,51,50,44,51,44,47,45,48,46,49,53,53,49,48,49,51,49,48,48,49,48,50,51,49,51,52,52,46,47,46,48,50,44,52,46,50,46,48,48,48,48,49,47,47,48,45,46,51,48,52,50,47,47,48,48,50,52,50,49,46,48,45,47,45,47,45,44,45,46,46,46,45,50,49,47,49,48,47,47,47,49,53,48,48,46,47,48,48,51,51,51,48,45,50,50,51,49,50,48,50,48,50,49,49,46,46,45,48,49,51,45,47,47,46,50,50,45,52,43,44,44,45,44,48,48,49,49,50,45,43,49,50,47,47,45,47,49,44,48,45,51,50,43,49,46,50,48,48,48,46,54,55,50,50,53,47,48,47,50,43,49,45,49,46,48,46,47,48,49,50,48,44,47,47,51,49,48,48,48,48,49,47,47,46,48,47,49,50,47,46,51,49,49,49,45,50,51,
54,48,48,47,48,48,50,48,46,50,50,49,49,50,50,49,51,52,46,50,47,47,51,50,53,52,47,48,47,46,46,47,47,50,47,47,52,46,51,48,47,52,48,48,48,49,49,49,47,49,46,49,48,46,52,49,51,50,50,52,53,53,54,48,48,46,47,48,48,45,52,49,50,44,52,45,49,49,45,51,45,55,51,50,53,50,47,48,47,50,49,49,48,46,46,48,49,48,51,51,52,50,50,45,49,47,49,47,49,46,53,53,51,49,51,50,51,48,45,47,46,45,48,48,45,46,51,47,47,46,47,47,49,47,48,49,49,48,50,54,54,50,44,48,47,48,50,49,52,48,52,47,49,51,52,51,50,51,48,51,52,49,52,50,48,48,48,49,51,46,48,47,46,47,46,51,47,46,53,45,46,49,48,50,49,50,52,51,50,49,51,50,47,47,46,50,48,51,49,48,46,43,46,51,51,47,50,49,54,50,55,48,50,51,51,49,47,53,48,44,50,49,47,47,47,47,48,47,50,51,50,50,49,46,51,45,46,46,49,48,48,48,49,49,52,45,50,50,47,47,47,48,47,45,46,52,
50,49,48,51,51,48,49,45,47,49,48,49,50,50,51,47,49,52,49,51,53,51,47,50,52,49,54,52,49,48,49,46,52,48,51,48,51,49,49,48,52,46,50,52,54,49,47,46,53,46,50,50,49,46,49,50,52,51,51,53,50,55,49,50,49,49,50,48,48,53,52,53,49,51,52,51,47,49,53,52,46,54,55,52,49,49,49,48,50,49,50,49,49,47,47,50,49,48,51,45,50,52,47,45,48,49,47,47,47,47,52,54,51,49,49,49,52,55,48,50,47,48,46,45,47,47,52,48,48,47,47,46,49,47,47,48,47,48,46,48,51,49,45,45,50,47,51,49,48,48,46,50,49,48,52,48,50,51,51,51,50,50,53,52,49,50,49,47,49,48,46,49,53,49,49,52,52,48,48,46,45,50,50,50,49,50,54,52,49,52,50,47,49,48,51,51,47,46,49,51,48,49,48,54,49,50,51,51,51,51,50,48,51,50,48,49,48,53,49,52,46,49,49,55,45,48,48,48,47,45,51,51,52,48,50,47,47,47,46,48,48,48,48,50,49,53,47,51,48,48,49,50,46,46,47,43,
51,50,50,56,52,47,48,51,49,47,50,50,52,49,50,50,51,50,50,51,49,52,48,48,52,50,51,50,49,52,51,51,52,51,47,48,46,46,52,49,49,49,51,51,49,49,48,50,51,46,51,51,50,53,52,52,53,51,52,50,46,55,48,51,50,50,50,48,49,50,51,53,53,52,52,49,50,46,46,48,52,54,48,52,49,49,54,48,50,51,50,50,50,49,49,49,50,51,49,49,50,53,52,48,45,51,47,49,50,48,50,47,46,52,50,47,50,49,49,47,49,48,49,46,53,54,53,50,49,47,48,48,50,52,48,47,48,50,47,51,52,49,49,49,51,50,52,50,50,50,49,48,54,54,49,51,49,49,52,54,56,50,50,53,53,53,50,48,50,47,49,53,48,51,50,50,49,48,48,46,48,47,52,51,51,55,52,51,50,54,53,49,54,52,51,52,51,49,51,52,51,48,48,55,48,51,48,50,52,52,51,50,50,51,51,53,47,50,49,50,47,51,46,52,55,52,55,48,52,48,48,50,47,49,48,47,47,47,51,47,47,50,51,49,47,50,52,51,51,51,51,51,51,46,48,44,
54,50,50,52,49,52,47,54,50,50,51,49,48,52,48,51,51,51,51,51,49,53,50,49,51,50,51,51,52,53,50,51,51,51,54,47,55,47,51,53,50,53,50,48,49,51,47,51,53,50,48,52,51,54,52,53,50,53,53,52,51,50,49,51,52,54,53,49,51,51,51,51,50,50,51,49,50,51,54,53,50,53,48,52,56,53,55,53,50,47,52,51,52,50,50,50,49,50,52,50,51,54,53,53,54,52,51,48,50,50,51,48,48,47,51,48,50,49,51,52,52,49,48,51,56,51,55,54,48,48,49,53,49,51,52,48,48,50,46,49,50,51,50,56,49,50,51,50,51,52,51,50,51,50,50,52,48,51,56,54,52,56,52,50,54,52,50,50,49,52,50,50,53,52,50,50,51,51,53,48,47,47,48,48,49,51,50,56,55,54,53,55,50,49,50,51,49,49,50,51,52,47,55,55,48,48,49,51,53,51,51,48,52,51,51,52,46,51,49,50,48,46,47,52,52,53,53,57,57,49,50,52,49,48,49,50,48,51,51,51,48,53,50,50,52,49,53,53,52,53,49,50,50,50,51,45,
52,50,51,53,52,52,54,53,51,53,52,52,47,52,50,50,53,51,55,53,53,50,50,50,50,51,49,51,51,52,51,52,52,51,54,48,52,50,52,51,52,52,49,53,48,54,48,51,53,52,49,54,50,55,51,51,51,53,52,53,51,49,51,52,51,50,54,50,51,51,48,51,53,49,50,51,50,55,55,50,50,51,49,50,55,50,55,49,49,48,53,52,53,53,50,50,53,51,54,52,46,52,55,50,54,50,52,49,53,51,49,48,49,50,49,49,49,50,48,51,48,48,49,48,55,53,50,51,50,51,53,54,48,50,52,52,53,51,54,48,49,52,48,57,49,50,51,51,52,52,52,51,55,52,52,54,50,50,56,51,55,52,51,51,52,53,54,56,48,48,51,51,53,53,51,52,52,52,53,51,54,49,53,50,50,52,51,56,52,55,52,49,51,55,48,50,49,49,49,51,53,50,50,56,51,50,50,50,51,53,50,50,52,51,50,52,52,51,54,50,53,51,47,48,53,52,51,57,57,48,53,51,50,51,52,51,52,50,49,51,52,51,51,53,52,49,54,53,54,52,53,49,50,50,51,52,
52,54,52,52,53,53,53,53,53,52,55,53,55,49,52,52,50,55,49,51,53,50,52,50,50,50,50,51,51,53,53,53,52,52,52,51,52,52,52,53,53,55,49,52,51,54,53,49,50,51,49,51,55,55,49,51,51,52,52,52,51,51,50,51,52,50,51,51,53,52,51,55,53,52,50,55,51,51,54,52,51,49,49,51,51,50,55,55,55,55,54,53,51,49,51,51,52,54,54,56,51,53,50,53,51,51,51,49,49,49,49,52,57,51,51,51,52,49,53,49,52,49,50,49,56,54,53,51,51,51,51,50,53,49,49,54,52,48,51,49,56,50,51,49,54,50,51,52,55,51,51,52,51,52,51,54,52,50,53,50,52,53,51,52,51,53,54,49,49,50,53,51,53,55,54,52,51,49,53,51,53,56,51,50,53,49,53,50,54,51,54,52,51,58,56,50,50,50,52,51,51,54,54,50,51,50,50,54,53,51,51,51,51,52,51,51,51,52,48,51,54,52,53,49,53,51,51,53,49,49,50,53,53,53,51,47,54,55,52,51,54,51,55,49,52,52,54,55,51,53,51,52,53,51,54,52,
53,54,54,52,56,56,54,52,53,55,55,54,48,53,52,55,52,51,51,52,54,52,50,50,53,51,51,54,53,55,55,52,53,54,54,54,52,50,52,53,53,50,54,51,53,49,53,50,51,53,49,54,51,54,52,54,52,53,53,53,51,51,51,52,53,54,53,54,53,55,51,52,56,55,50,51,55,55,53,50,50,50,53,53,51,56,51,55,55,56,54,54,55,53,50,50,54,54,54,52,49,52,50,51,50,51,54,50,50,52,50,51,52,57,51,53,50,50,52,50,51,53,50,54,55,57,53,52,51,51,53,51,50,54,55,54,51,51,51,49,54,51,56,58,51,48,55,51,52,52,54,55,52,54,53,53,52,52,52,55,51,50,51,51,53,53,54,55,54,49,51,53,54,52,52,54,52,52,56,52,52,51,52,51,53,51,50,52,49,50,54,53,52,51,49,51,51,51,50,56,49,52,55,54,54,55,51,52,53,51,50,53,52,51,53,54,51,53,51,50,55,50,48,53,52,51,52,51,53,55,52,52,51,51,49,48,53,53,50,57,50,53,56,52,49,53,55,47,53,51,51,57,55,53,53,54,
53,54,51,54,54,57,54,49,55,53,51,51,49,51,55,56,55,54,52,53,51,52,51,51,52,54,54,55,56,52,55,54,53,55,54,55,55,53,53,53,53,50,51,55,51,49,51,54,52,52,50,52,52,52,57,54,54,54,54,57,55,50,53,54,54,55,54,54,54,53,52,53,52,54,56,51,53,53,55,53,51,51,55,54,52,54,56,54,51,53,53,51,56,52,51,52,51,50,51,55,52,51,54,53,53,54,55,52,51,54,53,53,52,54,53,55,51,51,55,51,50,53,56,52,51,55,53,55,51,51,53,52,52,54,55,53,52,51,51,52,55,54,53,57,53,50,49,53,54,53,54,55,54,50,53,53,54,51,53,53,56,50,55,54,53,53,54,55,54,54,55,52,55,53,55,53,54,53,56,55,52,53,54,51,53,52,52,50,54,55,52,54,54,54,52,54,53,51,51,54,54,54,53,54,54,52,53,53,52,55,55,51,51,52,54,54,51,50,51,53,54,51,49,54,53,52,52,56,53,54,55,53,53,52,54,54,54,50,50,55,52,59,54,56,55,51,50,56,54,52,51,52,57,53,53,54,
53,53,52,52,52,55,54,54,54,53,52,53,53,53,57,57,56,54,53,55,55,52,53,52,51,54,52,54,52,56,56,53,54,53,55,54,51,56,55,51,53,52,53,54,52,50,50,55,55,52,53,53,52,52,53,55,55,56,54,55,58,54,54,55,55,55,55,56,55,51,56,53,51,51,56,52,53,52,52,54,55,55,55,56,54,54,53,56,52,53,54,56,57,54,53,53,50,51,54,55,55,52,51,51,52,52,53,52,53,54,52,55,50,53,56,56,55,56,52,52,56,55,55,56,53,54,53,55,56,53,52,53,53,54,56,54,53,53,53,52,52,56,57,54,55,50,50,55,53,56,55,51,51,55,52,54,55,55,54,55,55,52,55,55,56,55,53,54,57,55,51,55,54,55,53,54,53,52,54,58,56,53,53,55,55,55,57,55,52,56,54,51,52,55,52,55,54,54,55,54,51,55,56,54,52,55,53,55,55,57,56,56,52,58,51,55,50,53,52,52,53,52,50,51,52,51,57,56,58,53,56,55,54,53,56,54,53,51,52,55,52,53,57,57,56,52,57,54,54,53,51,52,54,57,54,57,
54,54,53,51,54,53,55,56,55,55,54,58,53,55,53,55,54,56,53,56,53,55,54,54,54,54,55,53,56,56,53,53,52,57,56,54,54,55,53,55,55,56,56,54,52,53,54,52,55,54,53,54,55,55,58,56,56,53,55,55,56,55,56,55,56,55,55,53,55,52,58,55,59,58,52,55,53,52,52,56,56,54,53,56,54,52,53,54,57,54,55,53,58,56,53,52,51,51,55,56,54,56,56,56,53,53,58,54,55,55,53,53,54,56,56,56,57,54,56,54,57,55,57,52,54,56,54,53,56,53,57,56,57,53,57,56,58,55,51,53,54,56,58,56,57,52,51,53,52,54,58,52,51,51,54,52,55,54,54,54,56,53,53,55,55,56,57,57,52,55,52,52,55,55,54,56,53,56,55,57,56,54,54,55,55,56,54,55,57,56,55,56,52,54,53,56,54,55,56,55,54,56,57,56,52,54,56,55,55,56,56,56,56,54,52,53,56,58,54,54,55,54,53,55,57,56,51,59,59,56,54,56,55,54,56,54,53,55,52,56,57,56,57,59,58,55,58,54,53,55,53,56,53,59,58,58,
54,57,56,52,57,55,54,57,54,55,55,55,56,56,55,55,55,53,57,56,56,54,55,53,54,56,55,58,54,56,56,54,55,58,53,55,54,55,54,56,55,55,53,57,55,59,56,55,60,55,56,55,55,54,59,56,55,54,55,56,57,57,54,56,56,58,58,54,54,56,59,55,60,52,52,55,55,55,54,53,56,56,54,54,54,56,56,56,56,57,54,53,54,57,57,54,55,54,54,52,55,55,55,54,56,53,59,55,55,53,52,54,56,58,59,57,55,57,56,54,54,55,53,52,56,55,54,54,55,54,57,56,57,54,55,55,54,56,51,52,55,58,56,57,54,56,54,54,53,58,59,58,53,57,56,54,58,56,54,54,56,54,54,54,54,56,59,58,55,56,55,57,54,55,56,54,56,54,55,55,55,58,53,53,56,56,55,57,56,57,54,54,53,55,54,53,55,55,54,55,55,58,56,56,57,55,54,59,58,54,56,56,56,56,52,53,58,56,56,55,58,57,57,52,54,55,57,58,56,58,55,55,56,55,57,54,53,53,57,54,57,57,54,56,57,55,54,54,57,55,55,55,55,57,56,58,
55,56,58,58,58,55,55,59,56,55,59,59,53,59,58,56,56,57,55,54,54,55,56,58,54,55,56,56,57,57,58,57,57,57,58,54,54,56,57,53,56,55,54,54,59,59,60,61,58,58,57,58,55,59,54,59,57,56,56,56,57,58,56,59,57,56,53,57,59,56,56,55,53,56,54,53,54,57,58,52,54,56,56,56,55,55,57,57,57,56,56,55,56,55,59,55,59,57,55,57,55,55,55,56,55,59,57,56,57,56,53,52,59,57,59,59,56,54,57,54,53,57,55,53,57,57,53,55,58,55,58,57,57,56,55,55,56,55,57,57,56,56,56,57,59,58,54,55,54,54,59,58,59,58,55,54,57,58,56,54,55,59,55,58,54,57,59,59,58,57,57,56,57,59,57,56,57,56,58,57,56,56,55,53,58,57,56,57,57,57,55,55,57,55,56,54,54,55,57,56,55,59,54,57,58,58,58,59,54,59,57,55,53,56,53,53,56,55,58,57,56,55,55,55,54,56,55,58,57,57,56,55,56,55,54,55,55,54,56,56,55,58,57,58,57,56,55,54,54,56,56,57,55,58,57,60,
56,56,59,57,58,55,55,55,56,55,55,55,57,61,56,56,56,58,54,54,58,56,55,59,55,57,55,57,56,57,59,54,58,58,58,58,58,56,56,56,54,55,56,57,58,54,59,61,61,58,58,60,57,58,60,56,58,58,58,56,56,58,59,56,59,58,57,58,58,59,56,55,55,56,55,55,55,55,55,60,56,57,57,54,55,55,56,57,60,54,56,59,57,55,55,57,59,60,58,57,55,56,54,56,60,60,57,57,57,56,56,58,54,58,58,57,59,55,58,59,57,58,57,56,58,56,54,54,58,57,56,56,58,57,58,56,57,58,57,57,56,57,55,61,57,58,57,59,57,57,55,53,58,58,59,55,58,58,58,55,55,57,57,58,57,56,55,58,57,55,57,56,56,56,54,57,58,58,56,57,57,56,59,55,55,58,57,56,57,57,57,56,56,55,58,55,55,55,55,57,56,59,56,58,58,59,56,59,54,57,58,56,54,57,56,54,57,57,56,57,59,60,57,56,54,55,57,58,57,58,57,57,56,56,56,57,55,55,57,59,55,60,59,58,56,56,55,56,56,55,56,58,58,58,56,58,
57,57,59,58,59,60,57,57,56,58,55,56,58,61,59,56,56,58,58,58,55,57,58,57,59,59,58,56,58,57,58,55,58,57,59,59,58,58,58,56,56,57,56,57,57,58,57,60,56,58,60,61,58,59,58,57,59,58,60,57,56,58,56,60,58,58,57,58,58,58,55,56,56,55,56,57,56,56,57,58,59,58,58,55,56,57,55,56,57,55,54,59,60,57,56,59,56,59,58,61,55,56,56,55,57,61,57,58,58,58,57,58,54,58,55,57,59,60,58,57,58,58,58,57,58,58,56,57,55,55,58,56,57,57,56,56,56,56,57,57,59,58,60,61,57,59,58,58,58,56,60,55,55,58,59,55,56,58,58,59,56,58,58,58,57,56,56,59,58,57,57,57,58,60,57,56,59,59,59,57,56,57,55,57,58,57,58,57,56,58,58,57,57,58,56,55,55,56,55,57,58,55,58,59,59,57,57,60,58,58,57,57,58,58,54,60,57,59,58,57,60,58,60,57,54,54,57,58,58,57,57,56,57,56,58,59,58,60,60,57,56,56,58,58,56,57,61,57,56,59,57,60,58,55,57,58,
58,59,57,58,58,59,57,60,57,57,58,58,56,58,60,60,57,59,59,58,58,58,59,58,57,57,58,58,57,55,59,55,58,58,57,57,60,57,59,59,56,58,57,60,58,57,58,61,60,57,61,57,57,59,60,57,58,60,58,59,58,56,57,57,59,58,58,58,59,62,57,56,57,56,59,57,57,56,57,56,56,60,59,58,57,58,57,59,57,57,57,55,59,58,57,59,58,59,58,56,58,56,57,57,58,58,59,58,56,60,57,60,58,59,59,57,59,57,61,57,59,59,59,58,61,58,58,60,59,58,58,58,56,58,57,56,57,57,57,56,59,60,60,61,59,59,58,57,59,60,60,57,58,57,59,59,59,58,58,57,58,57,59,59,59,60,57,58,59,57,56,55,56,60,59,55,57,58,60,57,56,56,59,60,56,58,57,58,56,57,59,58,58,59,56,58,57,56,57,59,58,57,58,60,61,56,57,58,59,59,57,58,58,58,55,58,58,56,58,59,59,59,59,57,57,58,58,60,57,61,61,60,58,57,58,60,59,56,56,60,58,59,60,57,56,60,58,58,58,58,58,61,57,59,59,58,
58,59,57,58,58,60,60,57,58,59,58,58,57,57,61,59,58,59,59,59,57,59,61,60,59,58,59,59,57,58,59,57,58,59,57,57,58,60,60,59,58,59,57,60,57,57,58,59,57,58,61,58,59,57,57,58,58,58,60,58,57,57,57,58,58,59,58,59,59,60,58,61,57,57,60,57,58,60,57,57,59,59,58,58,60,57,58,59,60,60,58,57,60,60,60,57,59,60,59,58,57,59,57,58,59,58,57,59,62,59,61,59,60,59,59,60,57,58,58,58,58,58,58,58,59,60,59,60,60,59,59,58,59,56,60,58,61,61,57,58,57,60,58,62,60,60,59,59,58,58,58,59,59,57,56,59,57,60,59,58,59,57,59,58,58,60,59,58,58,59,58,56,57,56,58,56,57,63,57,58,57,57,59,61,57,57,57,57,59,57,58,59,59,57,58,59,60,58,58,57,58,58,58,60,61,59,58,59,57,58,58,58,59,57,58,59,59,58,60,60,59,57,60,59,58,60,59,61,58,62,59,60,59,60,59,59,59,61,60,61,59,57,59,58,57,57,58,59,59,60,61,60,60,60,57,59,
61,59,58,59,57,59,60,58,60,61,61,59,60,58,61,58,60,60,61,59,58,58,59,60,59,60,59,61,60,59,59,59,58,61,57,58,60,58,60,58,59,59,59,60,60,58,59,59,59,58,60,61,59,59,62,59,59,59,59,59,59,58,58,60,58,58,59,59,59,58,59,59,59,60,57,60,59,57,61,58,59,60,60,59,61,58,60,62,58,61,58,58,58,61,60,60,59,60,58,57,62,58,57,58,59,58,59,60,61,58,60,60,59,59,59,59,59,58,60,61,61,59,60,59,60,59,58,60,59,61,60,59,60,57,58,59,60,62,58,62,61,59,58,58,59,61,61,60,61,59,62,62,58,57,60,60,59,59,58,59,58,58,59,58,59,60,58,58,58,59,59,57,57,57,58,57,59,60,64,58,59,58,60,62,62,61,59,58,59,61,58,59,59,58,58,59,59,59,59,58,58,60,58,58,59,58,60,58,59,61,59,61,59,58,59,61,59,60,60,60,60,59,61,62,61,58,58,58,58,58,58,60,60,60,61,58,60,60,60,60,58,61,58,59,60,59,59,59,59,57,59,59,59,61,60,59,
61,58,60,61,59,58,60,59,60,61,60,60,61,62,59,59,60,61,58,59,58,60,59,60,62,61,61,59,62,60,59,62,59,58,61,58,60,58,62,60,59,60,59,61,61,59,61,59,59,58,59,61,60,61,59,62,61,60,59,58,62,59,59,59,59,60,59,59,59,60,61,59,60,59,61,61,59,60,61,62,59,60,61,62,58,63,60,61,62,59,60,59,60,60,61,61,58,61,60,59,59,60,60,60,59,60,60,61,61,60,60,61,61,60,60,59,61,59,60,59,58,60,61,59,60,61,59,59,60,61,60,62,58,61,58,60,58,62,62,59,60,59,59,58,60,60,61,62,58,60,62,61,62,59,58,59,59,59,61,59,59,59,58,59,59,58,59,59,60,60,60,59,58,60,61,60,59,58,64,60,60,58,61,62,60,62,61,60,59,61,60,58,60,61,59,59,60,59,58,61,61,60,59,58,59,59,61,61,61,60,59,58,60,58,59,61,60,60,58,61,60,62,61,59,62,59,61,61,60,59,59,59,58,59,60,60,61,61,60,59,60,59,61,60,61,59,60,59,58,58,60,59,60,60,61,60,
61,59,60,61,61,60,60,60,61,60,61,61,61,61,62,62,62,60,62,60,59,60,60,60,63,60,62,60,62,59,61,62,61,61,60,61,60,59,60,60,60,60,59,62,60,62,62,60,61,61,60,59,60,60,62,62,62,62,60,63,63,62,61,60,60,62,61,60,62,61,59,60,60,61,61,62,61,59,60,62,61,60,60,61,62,63,61,62,61,63,61,61,61,61,61,59,59,61,62,62,61,60,59,61,61,62,60,62,61,63,59,61,61,61,59,60,59,61,62,62,60,61,61,60,62,62,61,61,60,61,60,60,61,60,62,62,62,60,60,59,60,59,59,61,60,59,61,60,63,62,62,61,62,60,60,61,61,60,60,60,60,60,61,60,61,59,61,60,59,62,60,62,61,61,60,60,61,60,59,62,60,59,60,61,61,60,60,62,60,61,62,63,60,60,62,60,61,60,59,60,61,61,60,59,62,60,61,61,61,59,61,60,59,60,59,62,61,62,60,61,62,60,62,59,60,61,61,61,62,60,60,60,59,60,61,61,60,61,60,62,60,59,61,62,61,59,61,60,59,60,61,61,60,61,61,62,
62,61,61,61,62,62,61,62,60,61,62,62,61,62,62,62,63,60,62,62,61,62,61,61,60,62,62,62,63,60,63,63,63,62,61,61,61,62,60,64,60,62,61,62,61,61,61,61,62,60,61,62,61,62,60,61,60,62,61,60,62,63,62,62,62,60,61,61,60,62,60,61,60,60,61,61,61,61,61,61,62,60,60,61,62,62,62,62,63,62,61,61,61,61,60,62,62,60,61,62,62,60,61,62,61,62,60,61,61,61,63,62,61,62,63,62,62,61,60,61,61,64,62,62,62,62,62,62,62,63,61,62,61,62,60,62,62,63,62,61,60,62,62,61,60,63,61,62,63,62,64,60,61,61,61,62,60,61,62,63,63,61,63,61,62,61,61,62,61,60,63,62,62,62,61,61,62,61,61,61,60,62,62,62,60,61,61,63,62,61,61,62,62,61,60,62,62,62,62,61,62,62,62,60,61,61,62,62,62,62,62,64,61,63,61,62,62,61,62,62,61,60,61,61,62,62,61,62,63,61,60,61,62,61,61,61,62,61,61,62,61,60,60,61,62,60,61,60,60,62,61,60,60,61,61,63,
62,61,61,62,62,62,61,64,61,61,62,63,62,62,62,62,63,62,61,62,62,61,61,61,62,61,63,63,62,61,63,61,63,63,62,61,62,61,62,63,62,64,61,61,62,61,61,63,62,62,62,63,62,62,61,63,63,61,62,62,62,62,61,63,63,61,62,63,61,63,63,62,63,61,62,63,61,61,61,62,62,64,63,62,61,62,61,62,63,63,62,62,61,62,62,62,62,61,63,62,61,61,62,62,63,61,62,61,61,62,61,62,62,63,64,63,62,63,63,63,63,62,63,62,62,62,62,62,63,63,63,62,62,62,62,62,62,63,64,64,62,63,62,61,61,61,62,63,62,64,62,62,61,62,62,62,61,61,62,64,61,63,62,63,62,62,61,63,62,63,62,61,62,62,62,63,62,62,62,61,62,62,62,63,62,62,62,63,61,63,61,61,62,63,62,61,62,63,61,62,63,63,61,62,61,61,62,64,63,62,61,61,64,61,63,62,62,62,62,62,62,63,62,63,63,62,63,63,62,63,62,62,63,63,61,63,62,62,62,62,63,63,62,61,63,63,63,62,62,63,61,61,61,62,62,62,
63,63,62,62,62,63,62,64,63,62,63,63,64,62,64,63,63,63,63,62,62,63,62,62,63,62,64,64,62,63,62,63,63,62,62,62,62,63,62,63,63,63,62,63,62,63,63,62,63,63,63,63,63,63,62,63,63,63,63,63,62,63,62,63,62,62,63,63,63,62,62,63,63,62,63,63,62,62,62,62,62,62,63,64,63,62,62,63,63,64,62,63,64,62,63,63,62,62,62,63,63,62,63,64,62,64,62,63,62,63,63,62,63,63,63,63,63,62,63,62,62,62,63,62,63,62,63,64,63,63,63,63,62,63,63,62,63,62,63,62,64,63,62,62,62,62,62,62,63,64,62,62,63,62,64,63,63,63,63,62,62,62,62,64,63,62,63,62,63,62,63,62,63,62,62,63,62,62,64,63,62,63,62,63,63,63,62,62,62,62,62,63,62,62,62,62,62,63,63,63,62,63,62,64,62,62,63,63,63,63,62,62,64,62,62,63,63,63,63,62,63,63,62,63,64,64,63,62,63,63,62,63,62,62,62,63,62,63,63,63,62,62,62,62,62,63,63,64,63,63,62,62,63,63,63,63,
63,63,63,63,63,64,63,63,63,63,63,63,63,63,63,63,63,64,63,63,63,63,63,63,64,63,63,64,63,64,64,63,63,63,64,63,63,64,63,63,63,64,63,63,63,63,64,63,64,63,63,63,64,63,63,63,64,63,64,64,63,64,64,64,63,63,64,63,64,64,64,63,64,63,64,64,64,63,63,63,63,63,63,64,64,63,63,64,63,63,63,63,63,63,63,64,64,63,63,63,64,63,63,63,63,63,63,63,63,64,63,63,63,64,64,64,63,63,64,63,64,63,63,64,64,64,64,64,63,63,64,63,63,64,63,63,63,63,63,63,63,63,63,63,63,64,64,63,64,63,64,63,63,63,63,63,63,63,63,63,63,63,63,63,64,63,63,63,63,63,63,64,64,63,64,63,64,63,63,64,64,64,64,63,63,63,63,63,63,63,63,63,63,64,64,63,63,63,64,63,63,63,63,63,64,63,63,64,64,64,63,63,63,63,63,63,63,63,63,64,63,63,64,64,63,64,64,63,63,63,63,64,63,63,63,64,64,63,64,64,63,64,63,63,63,64,64,64,63,63,63,63,63,63,64,63,
64,64,64,64,64,64,64,64,64,64,64,64,64,64,64,64,64,64,64,64,64,64,64,64,64,64,64,64,64,64,64,64,64,64,64,64,64,64,64,64,64,64,64,64,64,64,64,64,64,64,64,64,64,64,64,64,64,64,64,64,64,64,64,64,64,64,64,64,64,64,64,64,64,64,64,64,64,64,64,64,64,64,64,64,64,64,64,64,64,64,64,64,64,64,64,64,64,64,64,64,64,64,64,64,64,64,64,64,64,64,64,64,64,64,64,64,64,64,64,64,64,64,64,64,64,64,64,64,64,64,64,64,64,64,64,64,64,64,64,64,64,64,64,64,64,64,64,64,64,64,64,64,64,64,64,64,64,64,64,64,64,64,64,64,64,64,64,64,64,64,64,64,64,64,64,64,64,64,64,64,64,64,64,64,64,64,64,64,64,64,64,64,64,64,64,64,64,64,64,64,64,64,64,64,64,64,64,64,64,64,64,64,64,64,64,64,64,64,64,64,64,64,64,64,64,64,64,64,64,64,64,64,64,64,64,64,64,64,64,64,64,64,64,64,64,64,64,64,64,64,64,64,64,64,64,64,