[64, 256, 128]
0,0,0,0,0,0,0,0,0,0,0,0,0,0,0,0,0,0,0,0,0,0,0,0,0,0,0,0,0,0,0,0,0,0,0,0,0,0,0,0,0,0,0,0,0,0,0,0,0,0,0,0,0,0,0,0,0,0,0,0,0,0,0,0,0,0,0,0,0,0,0,0,0,0,0,0,0,0,0,0,0,0,0,0,0,0,0,0,0,0,0,0,0,0,0,0,0,0,0,0,0,0,0,0,0,0,0,0,0,0,0,0,0,0,0,0,0,0,0,0,0,0,0,0,0,0,0,0,0,0,0,0,0,0,0,0,0,0,0,0,0,0,0,0,0,0,0,0,0,0,0,0,0,0,0,0,0,0,0,0,0,0,0,0,0,0,0,0,0,0,0,0,0,0,0,0,0,0,0,0,0,0,0,0,0,0,0,0,0,0,0,0,0,0,0,0,0,0,0,0,0,0,0,0,0,0,0,0,0,0,0,0,0,0,0,0,0,0,0,0,0,0,0,0,0,0,0,0,0,0,0,0,0,0,0,0,0,0,0,0,0,0,0,0,0,0,0,0,0,0,0,0,0,0,0,0,
0,0,0,0,0,0,0,0,0,0,0,0,0,0,0,0,0,0,0,0,0,0,0,0,0,0,0,0,0,0,0,0,0,0,0,0,0,0,0,0,0,0,0,0,0,0,0,0,0,0,0,0,0,0,0,0,0,0,0,0,0,0,0,0,0,0,0,0,0,0,0,0,0,0,0,0,0,0,0,0,0,0,0,0,0,0,0,0,0,0,0,0,0,0,0,0,0,0,0,0,0,0,0,0,0,0,0,0,0,0,0,0,0,0,0,0,0,0,0,0,0,0,0,0,0,0,0,0,0,0,0,0,0,0,0,0,0,0,0,0,0,0,0,0,0,0,0,0,0,0,0,0,0,0,0,0,0,0,0,0,0,0,0,0,0,0,0,0,0,0,0,0,0,0,0,0,0,0,0,0,0,0,0,0,0,0,0,0,0,0,0,0,0,0,0,0,0,0,0,0,0,0,0,0,0,0,0,0,0,0,0,0,0,0,0,0,0,0,0,0,0,0,0,0,0,0,0,0,0,0,0,0,0,0,0,0,0,0,0,0,0,0,0,0,0,0,0,0,0,0,0,0,0,0,0,0,
0,0,0,0,0,0,0,0,0,0,0,0,0,0,0,0,0,0,0,0,0,0,0,0,0,0,0,0,0,0,0,0,0,0,0,0,0,0,0,0,0,0,0,0,0,0,0,0,0,0,0,0,0,0,0,0,0,0,0,0,0,0,0,0,0,0,0,0,0,0,0,0,0,0,0,0,0,0,0,0,0,0,0,0,0,0,0,0,0,0,0,0,0,0,0,0,0,0,0,0,0,0,0,0,0,0,0,0,0,0,0,0,0,0,0,0,0,0,0,0,0,0,0,0,0,0,0,0,0,0,0,0,0,0,0,0,0,0,0,0,0,0,0,0,0,0,0,0,0,0,0,0,0,0,0,0,0,0,0,0,0,0,0,0,0,0,0,0,0,0,0,0,0,0,0,0,0,0,0,0,0,0,0,0,0,0,0,0,0,0,0,0,0,0,0,0,0,0,0,0,0,0,0,0,0,0,0,0,0,0,0,0,0,0,0,0,0,0,0,0,0,0,0,0,0,0,0,0,0,0,0,0,0,0,0,0,0,0,0,0,0,0,0,0,0,0,0,0,0,0,0,0,0,0,0,0,
0,0,0,0,0,0,0,0,0,0,0,0,0,0,0,0,0,0,0,0,0,0,0,0,0,0,0,0,0,0,0,0,0,0,0,0,0,0,0,0,0,0,0,0,0,0,0,0,0,0,0,0,0,0,0,0,0,0,0,0,0,0,0,0,0,0,0,0,0,0,0,0,0,0,0,0,0,0,0,0,0,0,0,0,0,0,0,0,0,0,0,0,0,0,0,0,0,0,0,0,0,0,0,0,0,0,0,0,0,0,0,0,0,0,0,0,0,0,0,0,0,0,0,0,0,0,0,0,0,0,0,0,0,0,0,0,0,0,0,0,0,0,0,0,0,0,0,0,0,0,0,0,0,0,0,0,0,0,0,0,0,0,0,0,0,0,0,0,0,0,0,0,0,0,0,0,0,0,0,0,0,0,0,0,0,0,0,0,0,0,0,0,0,0,0,0,0,0,0,0,0,0,0,0,0,0,0,0,0,0,0,0,0,0,0,0,0,0,0,0,0,0,0,0,0,0,0,0,0,0,0,0,0,0,0,0,0,0,0,0,0,0,0,0,0,0,0,0,0,0,0,0,0,0,0,0,
0,0,0,0,0,0,0,0,0,0,0,0,0,0,0,0,0,0,0,0,0,0,0,0,0,0,0,0,0,0,0,0,0,0,0,0,0,0,0,0,0,0,0,0,0,0,0,0,0,0,0,0,0,0,0,0,0,0,0,0,0,0,0,0,0,0,0,0,0,0,0,0,0,0,0,0,0,0,0,0,0,0,0,0,0,0,0,0,0,0,0,0,0,0,0,0,0,0,0,0,0,0,0,0,0,0,0,0,0,0,0,0,0,0,0,0,0,0,0,0,0,0,0,0,0,0,0,0,0,0,0,0,0,0,0,0,0,0,0,0,0,0,0,0,0,0,0,0,0,0,0,0,0,0,0,0,0,0,0,0,0,0,0,0,0,0,0,0,0,0,0,0,0,0,0,0,0,0,0,0,0,0,0,0,0,0,0,0,0,0,0,0,0,0,0,0,0,0,0,0,0,0,0,0,0,0,0,0,0,0,0,0,0,0,0,0,0,0,0,0,0,0,0,0,0,0,0,0,0,0,0,0,0,0,0,0,0,0,0,0,0,0,0,0,0,0,0,0,0,0,0,0,0,0,0,0,
0,0,0,0,0,0,0,0,0,0,0,0,0,0,0,0,0,0,0,0,0,0,0,0,0,0,0,0,0,0,0,0,0,0,0,0,0,0,0,0,0,0,0,0,0,0,0,0,0,0,0,0,0,0,0,0,0,0,0,0,0,0,0,0,0,0,0,0,0,0,0,0,0,0,0,0,0,0,0,0,0,0,0,0,0,0,0,0,0,0,0,0,0,0,0,0,0,0,0,0,0,0,0,0,0,0,0,0,0,0,0,0,0,0,0,0,0,0,0,0,0,0,0,0,0,0,0,0,0,0,0,0,0,0,0,0,0,0,0,0,0,0,0,0,0,0,0,0,0,0,0,0,0,0,0,0,0,0,0,0,0,0,0,0,0,0,0,0,0,0,0,0,0,0,0,0,0,0,0,0,0,0,0,0,0,0,0,0,0,0,0,0,0,0,0,0,0,0,0,0,0,0,0,0,0,0,0,0,0,0,0,0,0,0,0,0,0,0,0,0,0,0,0,0,0,0,0,0,0,0,0,0,0,0,0,0,0,0,0,0,0,0,0,0,0,0,0,0,0,0,0,0,0,0,0,0,
0,0,0,0,0,0,0,0,0,0,0,0,0,0,0,0,0,0,0,0,0,0,0,0,0,0,0,0,0,0,0,0,0,0,0,0,0,0,0,0,0,0,0,0,0,0,0,0,0,0,0,0,0,0,0,0,0,0,0,0,0,0,0,0,0,0,0,0,0,0,0,0,0,0,0,0,0,0,0,0,0,0,0,0,0,0,0,0,0,0,0,0,0,0,0,0,0,0,0,0,0,0,0,0,0,0,0,0,0,0,0,0,0,0,0,0,0,0,0,0,0,0,0,0,0,0,0,0,0,0,0,0,0,0,0,0,0,0,0,0,0,0,0,0,0,0,0,0,0,0,0,0,0,0,0,0,0,0,0,0,0,0,0,0,0,0,0,0,0,0,0,0,0,0,0,0,0,0,0,0,0,0,0,0,0,0,0,0,0,0,0,0,0,0,0,0,0,0,0,0,0,0,0,0,0,0,0,0,0,0,0,0,0,0,0,0,0,0,0,0,0,0,0,0,0,0,0,0,0,0,0,0,0,0,0,0,0,0,0,0,0,0,0,0,0,0,0,0,0,0,0,0,0,0,0,0,
0,0,0,0,0,0,0,0,0,0,0,0,0,0,0,0,0,0,0,0,0,0,0,0,0,0,0,0,0,0,0,0,0,0,0,0,0,0,0,0,0,0,0,0,0,0,0,0,0,0,0,0,0,0,0,0,0,0,0,0,0,0,0,0,0,0,0,0,0,0,0,0,0,0,0,0,0,0,0,0,0,0,0,0,0,0,0,0,0,0,0,0,0,0,0,0,0,0,0,0,0,0,0,0,0,0,0,0,0,0,0,0,0,0,0,0,0,0,0,0,0,0,0,0,0,0,0,0,0,0,0,0,0,0,0,0,0,0,0,0,0,0,0,0,0,0,0,0,0,0,0,0,0,0,0,0,0,0,0,0,0,0,0,0,0,0,0,0,0,0,0,0,0,0,0,0,0,0,0,0,0,0,0,0,0,0,0,0,0,0,0,0,0,0,0,0,0,0,0,0,0,0,0,0,0,0,0,0,0,0,0,0,0,0,0,0,0,0,0,0,0,0,0,0,0,0,0,0,0,0,0,0,0,0,0,0,0,0,0,0,0,0,0,0,0,0,0,0,0,0,0,0,0,0,0,0,
0,0,0,0,0,0,0,0,0,0,0,0,0,0,0,0,0,0,0,0,0,0,0,0,0,0,0,0,0,0,0,0,0,0,0,0,0,0,0,0,0,0,0,0,0,0,0,0,0,0,0,0,0,0,0,0,0,0,0,0,0,0,0,0,0,0,0,0,0,0,0,0,0,0,0,0,0,0,0,0,0,0,0,0,0,0,0,0,0,0,0,0,0,0,0,0,0,0,0,0,0,0,0,0,0,0,0,0,0,0,0,0,0,0,0,0,0,0,0,0,0,0,0,0,0,0,0,0,0,0,0,0,0,0,0,0,0,0,0,0,0,0,0,0,0,0,0,0,0,0,0,0,0,0,0,0,0,0,0,0,0,0,0,0,0,0,0,0,0,0,0,0,0,0,0,0,0,0,0,0,0,0,0,0,0,0,0,0,0,0,0,0,0,0,0,0,0,0,0,0,0,0,0,0,0,0,0,0,0,0,0,0,0,0,0,0,0,0,0,0,0,0,0,0,0,0,0,0,0,0,0,0,0,0,0,0,0,0,0,0,0,0,0,0,0,0,0,0,0,0,0,0,0,0,0,0,
0,0,0,0,0,0,0,0,0,0,0,0,0,0,0,0,0,0,0,0,0,0,0,0,0,0,0,0,0,0,0,0,0,0,0,0,0,0,0,0,0,0,0,0,0,0,0,0,0,0,0,0,0,0,0,0,0,0,0,0,0,0,0,0,0,0,0,0,0,0,0,0,0,0,0,0,0,0,0,0,0,0,0,0,0,0,0,0,0,0,0,0,0,0,0,0,0,0,0,0,0,0,0,0,0,0,0,0,0,0,0,0,0,0,0,0,0,0,0,0,0,0,0,0,0,0,0,0,0,0,0,0,0,0,0,0,0,0,0,0,0,0,0,0,0,0,0,0,0,0,0,0,0,0,0,0,0,0,0,0,0,0,0,0,0,0,0,0,0,0,0,0,0,0,0,0,0,0,0,0,0,0,0,0,0,0,0,0,0,0,0,0,0,0,0,0,0,0,0,0,0,0,0,0,0,0,0,0,0,0,0,0,0,0,0,0,0,0,0,0,0,0,0,0,0,0,0,0,0,0,0,0,0,0,0,0,0,0,0,0,0,0,0,0,0,0,0,0,0,0,0,0,0,0,0,0,
0,0,0,0,0,0,0,0,0,0,0,0,0,0,0,0,0,0,0,0,0,0,0,0,0,0,0,0,0,0,0,0,0,0,0,0,0,0,0,0,0,0,0,0,0,0,0,0,0,0,0,0,0,0,0,0,0,0,0,0,0,0,0,0,0,0,0,0,0,0,0,0,0,0,0,0,0,0,0,0,0,0,0,0,0,0,0,0,0,0,0,0,0,0,0,0,0,0,0,0,0,0,0,0,0,0,0,0,0,0,0,0,0,0,0,0,0,0,0,0,0,0,0,0,0,0,0,0,0,0,0,0,0,0,0,0,0,0,0,0,0,0,0,0,0,0,0,0,0,0,0,0,0,0,0,0,0,0,0,0,0,0,0,0,0,0,0,0,0,0,0,0,0,0,0,0,0,0,0,0,0,0,0,0,0,0,0,0,0,0,0,0,0,0,0,0,0,0,0,0,0,0,0,0,0,0,0,0,0,0,0,0,0,0,0,0,0,0,0,0,0,0,0,0,0,0,0,0,0,0,0,0,0,0,0,0,0,0,0,0,0,0,0,0,0,0,0,0,0,0,0,0,0,0,0,0,
0,0,0,0,0,0,0,0,0,0,0,0,0,0,0,0,0,0,0,0,0,0,0,0,0,0,0,0,0,0,0,0,0,0,0,0,0,0,0,0,0,0,0,0,0,0,0,0,0,0,0,0,0,0,0,0,0,0,0,0,0,0,0,0,0,0,0,0,0,0,0,0,0,0,0,0,0,0,0,0,0,0,0,0,0,0,0,0,0,0,0,0,0,0,0,0,0,0,0,0,0,0,0,0,0,0,0,0,0,0,0,0,0,0,0,0,0,0,0,0,0,0,0,0,0,0,0,0,0,0,0,0,0,0,0,0,0,0,0,0,0,0,0,0,0,0,0,0,0,0,0,0,0,0,0,0,0,0,0,0,0,0,0,0,0,0,0,0,0,0,0,0,0,0,0,0,0,0,0,0,0,0,0,0,0,0,0,0,0,0,0,0,0,0,0,0,0,0,0,0,0,0,0,0,0,0,0,0,0,0,0,0,0,0,0,0,0,0,0,0,0,0,0,0,0,0,0,0,0,0,0,0,0,0,0,0,0,0,0,0,0,0,0,0,0,0,0,0,0,0,0,0,0,0,0,0,
0,0,0,0,0,0,0,0,0,0,0,0,0,0,0,0,0,0,0,0,0,0,0,0,0,0,0,0,0,0,0,0,0,0,0,0,0,0,0,0,0,0,0,0,0,0,0,0,0,0,0,0,0,0,0,0,0,0,0,0,0,0,0,0,0,0,0,0,0,0,0,0,0,0,0,0,0,0,0,0,0,0,0,0,0,0,0,0,0,0,0,0,0,0,0,0,0,0,0,0,0,0,0,0,0,0,0,0,0,0,0,0,0,0,0,0,0,0,0,0,0,0,0,0,0,0,0,0,0,0,0,0,0,0,0,0,0,0,0,0,0,0,0,0,0,0,0,0,0,0,0,0,0,0,0,0,0,0,0,0,0,0,0,0,0,0,0,0,0,0,0,0,0,0,0,0,0,0,0,0,0,0,0,0,0,0,0,0,0,0,0,0,0,0,0,0,0,0,0,0,0,0,0,0,0,0,0,0,0,0,0,0,0,0,0,0,0,0,0,0,0,0,0,0,0,0,0,0,0,0,0,0,0,0,0,0,0,0,0,0,0,0,0,0,0,0,0,0,0,0,0,0,0,0,0,0,
0,0,0,0,0,0,0,0,0,0,0,0,0,0,0,0,0,0,0,0,0,0,0,0,0,0,0,0,0,0,0,0,0,0,0,0,0,0,0,0,0,0,0,0,0,0,0,0,0,0,0,0,0,0,0,0,0,0,0,0,0,0,0,0,0,0,0,0,0,0,0,0,0,0,0,0,0,0,0,0,0,0,0,0,0,0,0,0,0,0,0,0,0,0,0,0,0,0,0,0,0,0,0,0,0,0,0,0,0,0,0,0,0,0,0,0,0,0,0,0,0,0,0,0,0,0,0,0,0,0,0,0,0,0,0,0,0,0,0,0,0,0,0,0,0,0,0,0,0,0,0,0,0,0,0,0,0,0,0,0,0,0,0,0,0,0,0,0,0,0,0,0,0,0,0,0,0,0,0,0,0,0,0,0,0,0,0,0,0,0,0,0,0,0,0,0,0,0,0,0,0,0,0,0,0,0,0,0,0,0,0,0,0,0,0,0,0,0,0,0,0,0,0,0,0,0,0,0,0,0,0,0,0,0,0,0,0,0,0,0,0,0,0,0,0,0,0,0,0,0,0,0,0,0,0,0,
0,0,0,0,0,0,0,0,0,0,0,0,0,0,0,0,0,0,0,0,0,0,0,0,0,0,0,0,0,0,0,0,0,0,0,0,0,0,0,0,0,0,0,0,0,0,0,0,0,0,0,0,0,0,0,0,0,0,0,0,0,0,0,0,0,0,0,0,0,0,0,0,0,0,0,0,0,0,0,0,0,0,0,0,0,0,0,0,0,0,0,0,0,0,0,0,0,0,0,0,0,0,0,0,0,0,0,0,0,0,0,0,0,0,0,0,0,0,0,0,0,0,0,0,0,0,0,0,0,0,0,0,0,0,0,0,0,0,0,0,0,0,0,0,0,0,0,0,0,0,0,0,0,0,0,0,0,0,0,0,0,0,0,0,0,0,0,0,0,0,0,0,0,0,0,0,0,0,0,0,0,0,0,0,0,0,0,0,0,0,0,0,0,0,0,0,0,0,0,0,0,0,0,0,0,0,0,0,0,0,0,0,0,0,0,0,0,0,0,0,0,0,0,0,0,0,0,0,0,0,0,0,0,0,0,0,0,0,0,0,0,0,0,0,0,0,0,0,0,0,0,0,0,0,0,0,
0,0,0,0,0,0,0,0,0,0,0,0,0,0,0,0,0,0,0,0,0,0,0,0,0,0,0,0,0,0,0,0,0,0,0,0,0,0,0,0,0,0,0,0,0,0,0,0,0,0,0,0,0,0,0,0,0,0,0,0,0,0,0,0,0,0,0,0,0,0,0,0,0,0,0,0,0,0,0,0,0,0,0,0,0,0,0,0,0,0,0,0,0,0,0,0,0,0,0,0,0,0,0,0,0,0,0,0,0,0,0,0,0,0,0,0,0,0,0,0,0,0,0,0,0,0,0,0,0,0,0,0,0,0,0,0,0,0,0,0,0,0,0,0,0,0,0,0,0,0,0,0,0,0,0,0,0,0,0,0,0,0,0,0,0,0,0,0,0,0,0,0,0,0,0,0,0,0,0,0,0,0,0,0,0,0,0,0,0,0,0,0,0,0,0,0,0,0,0,0,0,0,0,0,0,0,0,0,0,0,0,0,0,0,0,0,0,0,0,0,0,0,0,0,0,0,0,0,0,0,0,0,0,0,0,0,0,0,0,0,0,0,0,0,0,0,0,0,0,0,0,0,0,0,0,0,
0,0,0,0,0,0,0,0,0,0,0,0,0,0,0,0,0,0,0,0,0,0,0,0,0,0,0,0,0,0,0,0,0,0,0,0,0,0,0,0,0,0,0,0,0,0,0,0,0,0,0,0,0,0,0,0,0,0,0,0,0,0,0,0,0,0,0,0,0,0,0,0,0,0,0,0,0,0,0,0,0,0,0,0,0,0,0,0,0,0,0,0,0,0,0,0,0,0,0,0,0,0,0,0,0,0,0,0,0,0,0,0,0,0,0,0,0,0,0,0,0,0,0,0,0,0,0,0,0,0,0,0,0,0,0,0,0,0,0,0,0,0,0,0,0,0,0,0,0,0,0,0,0,0,0,0,0,0,0,0,0,0,0,0,0,0,0,0,0,0,0,0,0,0,0,0,0,0,0,0,0,0,0,0,0,0,0,0,0,0,0,0,0,0,0,0,0,0,0,0,0,0,0,0,0,0,0,0,0,0,0,0,0,0,0,0,0,0,0,0,0,0,0,0,0,0,0,0,0,0,0,0,0,0,0,0,0,0,0,0,0,0,0,0,0,0,0,0,0,0,0,0,0,0,0,0,
0,0,0,0,0,0,0,0,0,0,0,0,0,0,0,0,0,0,0,0,0,0,0,0,0,0,0,0,0,0,0,0,0,0,0,0,0,0,0,0,0,0,0,0,0,0,0,0,0,0,0,0,0,0,0,0,0,0,0,0,0,0,0,0,0,0,0,0,0,0,0,0,0,0,0,0,0,0,0,0,0,0,0,0,0,0,0,0,0,0,0,0,0,0,0,0,0,0,0,0,0,0,0,0,0,0,0,0,0,0,0,0,0,0,0,0,0,0,0,0,0,0,0,0,0,0,0,0,0,0,0,0,0,0,0,0,0,0,0,0,0,0,0,0,0,0,0,0,0,0,0,0,0,0,0,0,0,0,0,0,0,0,0,0,0,0,0,0,0,0,0,0,0,0,0,0,0,0,0,0,0,0,0,0,0,0,0,0,0,0,0,0,0,0,0,0,0,0,0,0,0,0,0,0,0,0,0,0,0,0,0,0,0,0,0,0,0,0,0,0,0,0,0,0,0,0,0,0,0,0,0,0,0,0,0,0,0,0,0,0,0,0,0,0,0,0,0,0,0,0,0,0,0,0,0,0,
0,0,0,0,0,0,0,0,0,0,0,0,0,0,0,0,0,0,0,0,0,0,0,0,0,0,0,0,0,0,0,0,0,0,0,0,0,0,0,0,0,0,0,0,0,0,0,0,0,0,0,0,0,0,0,0,0,0,0,0,0,0,0,0,0,0,0,0,0,0,0,0,0,0,0,0,0,0,0,0,0,0,0,0,0,0,0,0,0,0,0,0,0,0,0,0,0,0,0,0,0,0,0,0,0,0,0,0,0,0,0,0,0,0,0,0,0,0,0,0,0,0,0,0,0,0,0,0,0,0,0,0,0,0,0,0,0,0,0,0,0,0,0,0,0,0,0,0,0,0,0,0,0,0,0,0,0,0,0,0,0,0,0,0,0,0,0,0,0,0,0,0,0,0,0,0,0,0,0,0,0,0,0,0,0,0,0,0,0,0,0,0,0,0,0,0,0,0,0,0,0,0,0,0,0,0,0,0,0,0,0,0,0,0,0,0,0,0,0,0,0,0,0,0,0,0,0,0,0,0,0,0,0,0,0,0,0,0,0,0,0,0,0,0,0,0,0,0,0,0,0,0,0,0,0,0,
0,0,0,0,0,0,0,0,0,0,0,0,0,0,0,0,0,0,0,0,0,0,0,0,0,0,0,0,0,0,0,0,0,0,0,0,0,0,0,0,0,0,0,0,0,0,0,0,0,0,0,0,0,0,0,0,0,0,0,0,0,0,0,0,0,0,0,0,0,0,0,0,0,0,0,0,0,0,0,0,0,0,0,0,0,0,0,0,0,0,0,0,0,0,0,0,0,0,0,0,0,0,0,0,0,0,0,0,0,0,0,0,0,0,0,0,0,0,0,0,0,0,0,0,0,0,0,0,0,0,0,0,0,0,0,0,0,0,0,0,0,0,0,0,0,0,0,0,0,0,0,0,0,0,0,0,0,0,0,0,0,0,0,0,0,0,0,0,0,0,0,0,0,0,0,0,0,0,0,0,0,0,0,0,0,0,0,0,0,0,0,0,0,0,0,0,0,0,0,0,0,0,0,0,0,0,0,0,0,0,0,0,0,0,0,0,0,0,0,0,0,0,0,0,0,0,0,0,0,0,0,0,0,0,0,0,0,0,0,0,0,0,0,0,0,0,0,0,0,0,0,0,0,0,0,0,
0,0,0,0,0,0,0,0,0,0,0,0,0,0,0,0,0,0,0,0,0,0,0,0,0,0,0,0,0,0,0,0,0,0,0,0,0,0,0,0,0,0,0,0,0,0,0,0,0,0,0,0,0,0,0,0,0,0,0,0,0,0,0,0,0,0,0,0,0,0,0,0,0,0,0,0,0,0,0,0,0,0,0,0,0,0,0,0,0,0,0,0,0,0,0,0,0,0,0,0,0,0,0,0,0,0,0,0,0,0,0,0,0,0,0,0,0,0,0,0,0,0,0,0,0,0,0,0,0,0,0,0,0,0,0,0,0,0,0,0,0,0,0,0,0,0,0,0,0,0,0,0,0,0,0,0,0,0,0,0,0,0,0,0,0,0,0,0,0,0,0,0,0,0,0,0,0,0,0,0,0,0,0,0,0,0,0,0,0,0,0,0,0,0,0,0,0,0,0,0,0,0,0,0,0,0,0,0,0,0,0,0,0,0,0,0,0,0,0,0,0,0,0,0,0,0,0,0,0,0,0,0,0,0,0,0,0,0,0,0,0,0,0,0,0,0,0,0,0,0,0,0,0,0,0,0,
0,0,0,0,0,0,0,0,0,0,0,0,0,0,0,0,0,0,0,0,0,0,0,0,0,0,0,0,0,0,0,0,0,0,0,0,0,0,0,0,0,0,0,0,0,0,0,0,0,0,0,0,0,0,0,0,0,0,0,0,0,0,0,0,0,0,0,0,0,0,0,0,0,0,0,0,0,0,0,0,0,0,0,0,0,0,0,0,0,0,0,0,0,0,0,0,0,0,0,0,0,0,0,0,0,0,0,0,0,0,0,0,0,0,0,0,0,0,0,0,0,0,0,0,0,0,0,0,0,0,0,0,0,0,0,0,0,0,0,0,0,0,0,0,0,0,0,0,0,0,0,0,0,0,0,0,0,0,0,0,0,0,0,0,0,0,0,0,0,0,0,0,0,0,0,0,0,0,0,0,0,0,0,0,0,0,0,0,0,0,0,0,0,0,0,0,0,0,0,0,0,0,0,0,0,0,0,0,0,0,0,0,0,0,0,0,0,0,0,0,0,0,0,0,0,0,0,0,0,0,0,0,0,0,0,0,0,0,0,0,0,0,0,0,0,0,0,0,0,0,0,0,0,0,0,0,
0,0,0,0,0,0,0,0,0,0,0,0,0,0,0,0,0,0,0,0,0,0,0,0,0,0,0,0,0,0,0,0,0,0,0,0,0,0,0,0,0,0,0,0,0,0,0,0,0,0,0,0,0,0,0,0,0,0,0,0,0,0,0,0,0,0,0,0,0,0,0,0,0,0,0,0,0,0,0,0,0,0,0,0,0,0,0,0,0,0,0,0,0,0,0,0,0,0,0,0,0,0,0,0,0,0,0,0,0,0,0,0,0,0,0,0,0,0,0,0,0,0,0,0,0,0,0,0,0,0,0,0,0,0,0,0,0,0,0,0,0,0,0,0,0,0,0,0,0,0,0,0,0,0,0,0,0,0,0,0,0,0,0,0,0,0,0,0,0,0,0,0,0,0,0,0,0,0,0,0,0,0,0,0,0,0,0,0,0,0,0,0,0,0,0,0,0,0,0,0,0,0,0,0,0,0,0,0,0,0,0,0,0,0,0,0,0,0,0,0,0,0,0,0,0,0,0,0,0,0,0,0,0,0,0,0,0,0,0,0,0,0,0,0,0,0,0,0,0,0,0,0,0,0,0,0,
0,0,0,0,0,0,0,0,0,0,0,0,0,0,0,0,0,0,0,0,0,0,0,0,0,0,0,0,0,0,0,0,0,0,0,0,0,0,0,0,0,0,0,0,0,0,0,0,0,0,0,0,0,0,0,0,0,0,0,0,0,0,0,0,0,0,0,0,0,0,0,0,0,0,0,0,0,0,0,0,0,0,0,0,0,0,0,0,0,0,0,0,0,0,0,0,0,0,0,0,0,0,0,0,0,0,0,0,0,0,0,0,0,0,0,0,0,0,0,0,0,0,0,0,0,0,0,0,0,0,0,0,0,0,0,0,0,0,0,0,0,0,0,0,0,0,0,0,0,0,0,0,0,0,0,0,0,0,0,0,0,0,0,0,0,0,0,0,0,0,0,0,0,0,0,0,0,0,0,0,0,0,0,0,0,0,0,0,0,0,0,0,0,0,0,0,0,0,0,0,0,0,0,0,0,0,0,0,0,0,0,0,0,0,0,0,0,0,0,0,0,0,0,0,0,0,0,0,0,0,0,0,0,0,0,0,0,0,0,0,0,0,0,0,0,0,0,0,0,0,0,0,0,0,0,0,
0,0,0,0,0,0,0,0,0,0,0,0,0,0,0,0,0,0,0,0,0,0,0,0,0,0,0,0,0,0,0,0,0,0,0,0,0,0,0,0,0,0,0,0,0,0,0,0,0,0,0,0,0,0,0,0,0,0,0,0,0,0,0,0,0,0,0,0,0,0,0,0,0,0,0,0,0,0,0,0,0,0,0,0,0,0,0,0,0,0,0,0,0,0,0,0,0,0,0,0,0,0,0,0,0,0,0,0,0,0,0,0,0,0,0,0,0,0,0,0,0,0,0,0,0,0,0,0,0,0,0,0,0,0,0,0,0,0,0,0,0,0,0,0,0,0,0,0,0,0,0,0,0,0,0,0,0,0,0,0,0,0,0,0,0,0,0,0,0,0,0,0,0,0,0,0,0,0,0,0,0,0,0,0,0,0,0,0,0,0,0,0,0,0,0,0,0,0,0,0,0,0,0,0,0,0,0,0,0,0,0,0,0,0,0,0,0,0,0,0,0,0,0,0,0,0,0,0,0,0,0,0,0,0,0,0,0,0,0,0,0,0,0,0,0,0,0,0,0,0,0,0,0,0,0,0,
0,0,0,0,0,0,0,0,0,0,0,0,0,0,0,0,0,0,0,0,0,0,0,0,0,0,0,0,0,0,0,0,0,0,0,0,0,0,0,0,0,0,0,0,0,0,0,0,0,0,0,0,0,0,0,0,0,0,0,0,0,0,0,0,0,0,0,0,0,0,0,0,0,0,0,0,0,0,0,0,0,0,0,0,0,0,0,0,0,0,0,0,0,0,0,0,0,0,0,0,0,0,0,0,0,0,0,0,0,0,0,0,0,0,0,0,0,0,0,0,0,0,0,0,0,0,0,0,0,0,0,0,0,0,0,0,0,0,0,0,0,0,0,0,0,0,0,0,0,0,0,0,0,0,0,0,0,0,0,0,0,0,0,0,0,0,0,0,0,0,0,0,0,0,0,0,0,0,0,0,0,0,0,0,0,0,0,0,0,0,0,0,0,0,0,0,0,0,0,0,0,0,0,0,0,0,0,0,0,0,0,0,0,0,0,0,0,0,0,0,0,0,0,0,0,0,0,0,0,0,0,0,0,0,0,0,0,0,0,0,0,0,0,0,0,0,0,0,0,0,0,0,0,0,0,0,
0,0,0,0,0,0,0,0,0,0,0,0,0,0,0,0,0,0,0,0,0,0,0,0,0,0,0,0,0,0,0,0,0,0,0,0,0,0,0,0,0,0,0,0,0,0,0,0,0,0,0,0,0,0,0,0,0,0,0,0,0,0,0,0,0,0,0,0,0,0,0,0,0,0,0,0,0,0,0,0,0,0,0,0,0,0,0,0,0,0,0,0,0,0,0,0,0,0,0,0,0,0,0,0,0,0,0,0,0,0,0,0,0,0,0,0,0,0,0,0,0,0,0,0,0,0,0,0,0,0,0,0,0,0,0,0,0,0,0,0,0,0,0,0,0,0,0,0,0,0,0,0,0,0,0,0,0,0,0,0,0,0,0,0,0,0,0,0,0,0,0,0,0,0,0,0,0,0,0,0,0,0,0,0,0,0,0,0,0,0,0,0,0,0,0,0,0,0,0,0,0,0,0,0,0,0,0,0,0,0,0,0,0,0,0,0,0,0,0,0,0,0,0,0,0,0,0,0,0,0,0,0,0,0,0,0,0,0,0,0,0,0,0,0,0,0,0,0,0,0,0,0,0,0,0,0,
0,0,0,0,0,0,0,0,0,0,0,0,0,0,0,0,0,0,0,0,0,0,0,0,0,0,0,0,0,0,0,0,0,0,0,0,0,0,0,0,0,0,0,0,0,0,0,0,0,0,0,0,0,0,0,0,0,0,0,0,0,0,0,0,0,0,0,0,0,0,0,0,0,0,0,0,0,0,0,0,0,0,0,0,0,0,0,0,0,0,0,0,0,0,0,0,0,0,0,0,0,0,0,0,0,0,0,0,0,0,0,0,0,0,0,0,0,0,0,0,0,0,0,0,0,0,0,0,0,0,0,0,0,0,0,0,0,0,0,0,0,0,0,0,0,0,0,0,0,0,0,0,0,0,0,0,0,0,0,0,0,0,0,0,0,0,0,0,0,0,0,0,0,0,0,0,0,0,0,0,0,0,0,0,0,0,0,0,0,0,0,0,0,0,0,0,0,0,0,0,0,0,0,0,0,0,0,0,0,0,0,0,0,0,0,0,0,0,0,0,0,0,0,0,0,0,0,0,0,0,0,0,0,0,0,0,0,0,0,0,0,0,0,0,0,0,0,0,0,0,0,0,0,0,0,0,
0,0,0,0,0,0,0,0,0,0,0,0,0,0,0,0,0,0,0,0,0,0,0,0,0,0,0,0,0,0,0,0,0,0,0,0,0,0,0,0,0,0,0,0,0,0,0,0,0,0,0,0,0,0,0,0,0,0,0,0,0,0,0,0,0,0,0,0,0,0,0,0,0,0,0,0,0,0,0,0,0,0,0,0,0,0,0,0,0,0,0,0,0,0,0,0,0,0,0,0,0,0,0,0,0,0,0,0,0,0,0,0,0,0,0,0,0,0,0,0,0,0,0,0,0,0,0,0,0,0,0,0,0,0,0,0,0,0,0,0,0,0,0,0,0,0,0,0,0,0,0,0,0,0,0,0,0,0,0,0,0,0,0,0,0,0,0,0,0,0,0,0,0,0,0,0,0,0,0,0,0,0,0,0,0,0,0,0,0,0,0,0,0,0,0,0,0,0,0,0,0,0,0,0,0,0,0,0,0,0,0,0,0,0,0,0,0,0,0,0,0,0,0,0,0,0,0,0,0,0,0,0,0,0,0,0,0,0,0,0,0,0,0,0,0,0,0,0,0,0,0,0,0,0,0,0,
0,0,0,0,0,0,0,0,0,0,0,0,0,0,0,0,0,0,0,0,0,0,0,0,0,0,0,0,0,0,0,0,0,0,0,0,0,0,0,0,0,0,0,0,0,0,0,0,0,0,0,0,0,0,0,0,0,0,0,0,0,0,0,0,0,0,0,0,0,0,0,0,0,0,0,0,0,0,0,0,0,0,0,0,0,0,0,0,0,0,0,0,0,0,0,0,0,0,0,0,0,0,0,0,0,0,0,0,0,0,0,0,0,0,0,0,0,0,0,0,0,0,0,0,0,0,0,0,0,0,0,0,0,0,0,0,0,0,0,0,0,0,0,0,0,0,0,0,0,0,0,0,0,0,0,0,0,0,0,0,0,0,0,0,0,0,0,0,0,0,0,0,0,0,0,0,0,0,0,0,0,0,0,0,0,0,0,0,0,0,0,0,0,0,0,0,0,0,0,0,0,0,0,0,0,0,0,0,0,0,0,0,0,0,0,0,0,0,0,0,0,0,0,0,0,0,0,0,0,0,0,0,0,0,0,0,0,0,0,0,0,0,0,0,0,0,0,0,0,0,0,0,0,0,0,0,
0,0,0,0,0,0,0,0,0,0,0,0,0,0,0,0,0,0,0,0,0,0,0,0,0,0,0,0,0,0,0,0,0,0,0,0,0,0,0,0,0,0,0,0,0,0,0,0,0,0,0,0,0,0,0,0,0,0,0,0,0,0,0,0,0,0,0,0,0,0,0,0,0,0,0,0,0,0,0,0,0,0,0,0,0,0,0,0,0,0,0,0,0,0,0,0,0,0,0,0,0,0,0,0,0,0,0,0,0,0,0,0,0,0,0,0,0,0,0,0,0,0,0,0,0,0,0,0,0,0,0,0,0,0,0,0,0,0,0,0,0,0,0,0,0,0,0,0,0,0,0,0,0,0,0,0,0,0,0,0,0,0,0,0,0,0,0,0,0,0,0,0,0,0,0,0,0,0,0,0,0,0,0,0,0,0,0,0,0,0,0,0,0,0,0,0,0,0,0,0,0,0,0,0,0,0,0,0,0,0,0,0,0,0,0,0,0,0,0,0,0,0,0,0,0,0,0,0,0,0,0,0,0,0,0,0,0,0,0,0,0,0,0,0,0,0,0,0,0,0,0,0,0,0,0,0,
0,0,0,0,0,0,0,0,0,0,0,0,0,0,0,0,0,0,0,0,0,0,0,0,0,0,0,0,0,0,0,0,0,0,0,0,0,0,0,0,0,0,0,0,0,0,0,0,0,0,0,0,0,0,0,0,0,0,0,0,0,0,0,0,0,0,0,0,0,0,0,0,0,0,0,0,0,0,0,0,0,0,0,0,0,0,0,0,0,0,0,0,0,0,0,0,0,0,0,0,0,0,0,0,0,0,0,0,0,0,0,0,0,0,0,0,0,0,0,0,0,0,0,0,0,0,0,0,0,0,0,0,0,0,0,0,0,0,0,0,0,0,0,0,0,0,0,0,0,0,0,0,0,0,0,0,0,0,0,0,0,0,0,0,0,0,0,0,0,0,0,0,0,0,0,0,0,0,0,0,0,0,0,0,0,0,0,0,0,0,0,0,0,0,0,0,0,0,0,0,0,0,0,0,0,0,0,0,0,0,0,0,0,0,0,0,0,0,0,0,0,0,0,0,0,0,0,0,0,0,0,0,0,0,0,0,0,0,0,0,0,0,0,0,0,0,0,0,0,0,0,0,0,0,0,0,
0,0,0,0,0,0,0,0,0,0,0,0,0,0,0,0,0,0,0,0,0,0,0,0,0,0,0,0,0,0,0,0,0,0,0,0,0,0,0,0,0,0,0,0,0,0,0,0,0,0,0,0,0,0,0,0,0,0,0,0,0,0,0,0,0,0,0,0,0,0,0,0,0,0,0,0,0,0,0,0,0,0,0,0,0,0,0,0,0,0,0,0,0,0,0,0,0,0,0,0,0,0,0,0,0,0,0,0,0,0,0,0,0,0,0,0,0,0,0,0,0,0,0,0,0,0,0,0,0,0,0,0,0,0,0,0,0,0,0,0,0,0,0,0,0,0,0,0,0,0,0,0,0,0,0,0,0,0,0,0,0,0,0,0,0,0,0,0,0,0,0,0,0,0,0,0,0,0,0,0,0,0,0,0,0,0,0,0,0,0,0,0,0,0,0,0,0,0,0,0,0,0,0,0,0,0,0,0,0,0,0,0,0,0,0,0,0,0,0,0,0,0,0,0,0,0,0,0,0,0,0,0,0,0,0,0,0,0,0,0,0,0,0,0,0,0,0,0,0,0,0,0,0,0,0,0,
0,0,0,0,0,0,0,0,0,0,0,0,0,0,0,0,0,0,0,0,0,0,0,0,0,0,0,0,0,0,0,0,0,0,0,0,0,0,0,0,0,0,0,0,0,0,0,0,0,0,0,0,0,0,0,0,0,0,0,0,0,0,0,0,0,0,0,0,0,0,0,0,0,0,0,0,0,0,0,0,0,0,0,0,0,0,0,0,0,0,0,0,0,0,0,0,0,0,0,0,0,0,0,0,0,0,0,0,0,0,0,0,0,0,0,0,0,0,0,0,0,0,0,0,0,0,0,0,0,0,0,0,0,0,0,0,0,0,0,0,0,0,0,0,0,0,0,0,0,0,0,0,0,0,0,0,0,0,0,0,0,0,0,0,0,0,0,0,0,0,0,0,0,0,0,0,0,0,0,0,0,0,0,0,0,0,0,0,0,0,0,0,0,0,0,0,0,0,0,0,0,0,0,0,0,0,0,0,0,0,0,0,0,0,0,0,0,0,0,0,0,0,0,0,0,0,0,0,0,0,0,0,0,0,0,0,0,0,0,0,0,0,0,0,0,0,0,0,0,0,0,0,0,0,0,0,
0,0,0,0,0,0,0,0,0,0,0,0,0,0,0,0,0,0,0,0,0,0,0,0,0,0,0,0,0,0,0,0,0,0,0,0,0,0,0,0,0,0,0,0,0,0,0,0,0,0,0,0,0,0,0,0,0,0,0,0,0,0,0,0,0,0,0,0,0,0,0,0,0,0,0,0,0,0,0,0,0,0,0,0,0,0,0,0,0,0,0,0,0,0,0,0,0,0,0,0,0,0,0,0,0,0,0,0,0,0,0,0,0,0,0,0,0,0,0,0,0,0,0,0,0,0,0,0,0,0,0,0,0,0,0,0,0,0,0,0,0,0,0,0,0,0,0,0,0,0,0,0,0,0,0,0,0,0,0,0,0,0,0,0,0,0,0,0,0,0,0,0,0,0,0,0,0,0,0,0,0,0,0,0,0,0,0,0,1,0,0,0,0,0,0,0,0,0,0,0,0,0,0,0,0,0,0,0,0,0,0,0,0,0,0,0,0,0,0,0,0,0,0,0,0,0,0,0,0,0,0,0,0,0,0,0,0,0,0,0,0,0,0,0,0,0,0,0,0,0,0,0,0,0,0,0,
0,0,0,0,0,0,0,0,0,0,0,0,0,0,0,0,0,0,0,0,0,0,0,0,0,0,0,0,0,0,0,0,0,0,0,0,0,0,0,0,0,0,0,0,0,0,0,0,0,0,0,0,0,0,0,0,0,0,0,0,0,0,0,0,0,0,0,0,0,0,0,0,0,0,0,0,0,0,0,0,0,0,0,0,0,0,0,0,0,0,0,0,0,0,0,0,0,0,0,0,0,0,0,0,0,0,0,0,0,0,0,0,0,0,0,0,0,0,0,0,0,0,0,0,0,0,0,0,0,0,0,0,0,0,0,0,0,0,0,0,0,0,0,0,0,0,0,0,0,0,0,0,0,0,0,0,0,0,0,0,0,0,0,0,0,0,0,0,0,0,0,0,0,0,0,0,0,0,0,0,0,0,0,0,0,0,0,0,0,0,0,0,0,0,2,0,0,0,0,0,0,0,0,0,0,0,0,0,0,0,0,0,0,0,0,0,0,0,0,0,0,0,0,0,0,0,0,0,0,0,0,0,0,0,0,0,0,0,0,0,0,0,0,0,0,0,0,0,0,0,0,0,0,0,0,0,
0,0,0,0,0,0,0,0,0,0,0,0,0,0,0,0,0,0,0,0,0,0,0,0,0,0,0,0,0,0,0,0,0,0,0,0,0,0,0,0,0,0,0,0,0,0,0,0,0,0,0,0,0,0,0,0,0,0,0,0,0,0,0,0,0,0,0,0,0,0,0,0,0,0,0,0,0,0,0,0,0,0,0,0,0,0,0,0,0,0,0,0,0,0,0,0,0,0,0,0,0,0,0,0,0,0,0,0,0,0,0,0,0,0,0,0,0,0,0,0,0,0,0,0,0,0,0,0,0,0,0,0,0,0,0,0,0,0,0,0,0,0,0,0,0,0,0,0,0,0,0,0,0,0,0,0,0,0,0,0,0,0,0,0,0,0,0,0,0,0,0,0,0,0,0,0,0,0,0,0,0,0,0,0,0,0,0,0,0,0,0,0,0,0,0,2,0,0,0,0,0,0,0,0,0,0,0,0,0,0,0,0,0,0,0,0,0,0,0,0,0,0,0,0,0,0,0,0,0,11,0,0,0,0,0,0,0,0,0,0,0,0,0,0,0,0,0,0,0,0,0,0,0,0,0,0,
0,0,0,0,0,0,0,0,0,0,0,0,0,0,0,0,0,0,0,0,0,0,0,0,0,0,0,0,0,0,0,0,0,0,0,0,0,0,0,0,0,0,0,0,0,0,0,0,0,0,0,0,0,0,0,0,0,0,0,0,0,0,0,0,0,0,0,0,0,0,0,0,0,0,0,0,0,0,0,0,0,0,0,0,0,0,0,0,0,0,0,0,0,0,0,0,1,0,0,0,0,0,0,0,0,0,0,0,0,0,0,0,0,0,0,0,0,0,0,0,0,0,0,0,0,0,0,0,0,0,0,0,0,0,0,0,0,0,0,0,0,0,0,0,0,0,0,0,0,0,0,0,0,0,0,0,0,0,0,0,0,0,0,0,0,0,0,0,0,0,0,0,0,0,0,0,0,0,0,0,0,0,0,0,0,0,0,0,0,5,0,0,0,0,0,0,0,0,0,0,0,0,0,0,0,0,0,0,0,0,7,0,4,0,0,0,0,0,0,0,0,0,0,0,0,0,0,11,0,0,17,0,0,0,0,0,0,0,0,0,0,0,0,0,0,0,0,0,0,0,0,0,0,0,0,0,
0,0,0,0,0,0,0,0,0,0,0,0,0,0,0,0,0,0,0,1,0,0,0,0,0,0,0,0,0,0,0,0,0,0,0,0,0,0,0,0,0,0,0,0,0,0,0,0,0,0,0,0,11,0,0,0,0,0,0,0,0,0,0,0,0,0,0,0,0,0,0,0,0,0,0,0,0,0,0,0,0,0,0,0,0,0,0,0,0,0,0,0,0,0,0,0,0,0,0,0,0,0,0,0,0,0,0,0,0,0,0,0,0,0,0,0,0,0,0,0,0,0,0,0,0,0,0,0,0,0,0,0,0,0,0,0,0,0,0,0,0,0,0,0,0,0,0,0,0,0,0,0,0,0,2,0,0,0,0,0,0,0,0,0,0,0,0,0,0,0,0,0,0,0,0,0,0,0,0,0,0,0,0,0,0,0,0,0,0,0,0,0,0,0,0,2,0,0,0,0,0,0,0,0,0,0,0,0,0,8,8,0,0,6,0,0,0,0,0,0,0,0,0,0,0,0,0,0,12,13,0,0,0,0,0,0,0,0,0,0,0,0,0,0,0,0,0,0,0,0,0,0,0,0,0,0,
0,0,0,0,0,0,0,0,0,0,0,0,0,0,0,0,0,0,0,0,0,0,0,0,0,0,0,0,12,0,0,0,0,0,0,0,0,0,0,0,0,0,0,0,0,0,0,0,0,0,0,11,0,0,0,0,0,0,0,0,0,0,0,0,0,0,0,0,0,0,0,0,0,0,0,0,0,0,0,0,0,0,0,0,0,0,0,0,0,0,0,0,0,0,0,0,2,1,1,0,0,0,0,0,0,0,0,0,0,0,0,0,0,0,0,6,0,0,0,0,0,0,0,0,0,0,0,0,0,0,0,0,0,0,0,0,0,0,0,0,0,0,0,0,0,0,0,0,0,0,0,0,0,0,2,0,6,0,0,0,0,0,0,0,0,0,0,0,0,0,4,0,0,0,0,0,0,0,0,0,0,0,0,0,0,0,0,0,0,0,0,0,0,0,2,0,0,0,0,0,0,0,0,0,0,3,0,0,0,9,9,9,8,8,0,0,0,0,0,0,0,0,0,0,0,15,0,0,0,0,0,0,16,15,0,0,0,0,0,0,0,0,0,0,0,0,0,0,0,0,0,0,0,0,0,0,
0,0,0,0,0,0,0,0,0,0,0,0,0,0,0,0,0,0,0,0,0,0,0,0,0,0,0,0,12,13,2,0,0,0,0,0,0,0,0,0,0,0,11,0,0,0,0,16,0,0,10,0,0,10,10,0,0,0,0,0,0,0,0,0,0,0,0,0,0,0,0,0,0,0,0,0,0,0,0,0,0,0,0,0,0,0,0,0,0,0,0,0,0,0,0,0,0,0,2,0,0,0,0,0,0,0,0,0,0,0,0,0,0,0,0,0,0,0,0,0,0,0,0,0,0,0,0,0,0,0,0,0,0,0,0,0,0,0,0,0,0,0,0,0,0,0,0,0,0,0,0,0,0,3,0,0,0,0,0,0,0,0,0,0,0,0,0,0,6,0,0,0,0,0,0,0,0,0,0,0,0,0,0,0,0,0,0,0,0,0,0,0,4,0,0,0,0,0,0,0,0,0,0,0,3,4,0,0,0,0,10,0,9,8,0,5,0,0,0,0,0,0,0,0,15,0,0,0,0,0,0,0,15,11,0,0,0,0,0,0,0,0,0,0,0,0,0,0,0,0,0,0,0,0,0,0,
0,0,0,0,0,0,0,0,0,0,0,0,0,0,0,0,0,0,0,0,0,0,0,0,0,0,0,0,12,14,0,0,0,0,0,0,0,7,0,0,0,0,0,12,0,0,0,0,0,0,11,5,0,0,11,7,0,0,0,0,0,0,0,4,0,2,0,0,0,0,0,0,0,0,0,0,0,0,0,0,0,0,0,0,0,0,0,0,0,0,0,0,0,0,0,0,0,0,2,0,0,0,0,0,0,0,6,0,0,6,0,0,0,0,0,0,0,6,0,5,0,0,0,0,0,0,0,0,0,0,0,0,0,0,0,0,0,0,0,0,0,0,0,0,0,0,0,0,0,0,0,2,0,0,0,0,0,0,4,0,0,0,0,0,0,0,0,0,0,6,0,0,0,0,0,0,0,0,0,5,0,0,0,0,0,0,0,0,0,7,1,0,7,0,0,4,0,0,0,0,0,0,0,0,0,0,0,0,4,0,0,0,0,7,7,6,0,0,0,0,0,0,0,0,18,0,0,0,11,0,0,0,16,14,0,14,0,0,0,0,0,0,0,0,0,0,0,0,0,0,0,0,0,0,0,0,
0,0,0,0,0,0,0,0,0,0,0,0,0,0,0,0,0,0,0,0,0,5,0,0,0,9,0,0,0,13,0,0,0,0,11,0,0,15,11,0,7,0,14,0,0,0,0,0,0,10,0,0,0,0,0,8,0,0,1,0,0,0,0,0,0,3,0,0,0,0,0,0,0,0,0,19,0,0,0,0,0,0,0,0,0,0,0,0,0,0,0,0,0,0,0,0,0,0,0,0,0,0,0,0,0,0,0,0,0,6,6,0,6,0,5,5,0,6,7,7,7,0,0,0,0,0,0,0,0,0,0,0,0,0,0,0,0,0,0,8,0,0,0,0,0,0,0,0,0,0,0,4,6,0,0,0,0,0,0,0,0,0,0,0,4,0,0,0,0,0,0,0,1,0,1,0,4,0,4,5,0,0,0,0,0,0,0,0,0,8,7,7,7,0,0,0,0,0,0,0,0,0,0,6,0,0,4,0,0,0,0,0,0,0,0,0,0,0,0,0,0,0,0,19,0,0,0,0,0,12,0,0,0,17,0,0,0,0,0,0,0,0,0,0,0,0,0,0,0,0,0,0,0,0,0,0,
0,0,0,0,0,0,0,0,0,0,0,0,0,0,0,0,0,7,0,0,0,4,18,0,0,9,0,0,0,0,13,0,0,16,12,16,16,16,11,10,0,0,14,13,0,0,0,0,11,11,0,0,0,0,0,0,0,0,2,0,0,0,0,0,10,0,2,3,13,0,0,6,11,16,16,18,19,19,0,0,0,0,0,0,0,0,0,0,0,0,0,0,0,0,0,0,0,0,0,0,0,0,0,0,0,0,1,0,0,0,5,0,6,5,4,6,4,0,0,0,0,0,0,0,0,0,0,0,0,0,0,0,0,0,0,12,0,0,0,0,0,0,0,0,0,0,0,0,0,0,0,0,5,7,4,6,0,9,7,0,7,0,0,0,4,5,7,0,0,0,0,0,1,1,1,0,0,0,0,0,0,0,0,0,0,0,6,0,7,9,10,8,7,7,7,0,0,0,0,0,4,12,1,7,7,0,6,0,0,0,0,0,0,19,0,0,0,0,0,0,8,0,20,0,0,0,11,0,0,14,13,0,0,17,17,0,0,0,0,0,0,0,0,0,0,0,0,0,0,0,0,0,0,0,0,0,
0,0,4,0,0,0,0,0,0,7,0,0,0,0,0,0,3,2,9,0,8,0,19,18,0,0,17,0,10,0,0,15,0,0,16,12,16,17,11,18,10,11,13,0,14,0,15,11,12,12,13,0,11,17,0,0,0,0,0,0,0,0,0,0,13,12,3,5,3,14,0,6,5,12,17,12,19,14,4,0,4,0,0,0,0,0,0,0,0,8,0,0,0,0,0,0,0,0,0,0,0,0,0,0,0,0,6,4,3,16,0,0,0,6,8,6,0,0,0,0,0,0,0,0,0,0,0,0,0,0,0,0,0,11,0,11,12,0,0,14,0,0,0,0,0,0,6,0,0,0,0,0,0,4,5,9,7,6,0,0,8,8,0,0,0,0,0,7,0,0,0,0,2,9,2,6,7,0,0,0,0,0,0,0,0,0,9,0,6,8,10,15,16,0,8,10,0,0,5,0,5,2,3,9,8,0,6,8,0,0,0,0,0,20,0,0,0,0,0,5,9,18,21,0,0,0,20,0,0,12,0,0,0,0,0,0,0,0,0,0,0,0,0,0,0,0,0,0,0,0,0,0,0,0,0,0,
9,2,1,9,5,12,0,0,0,0,0,0,0,0,0,9,4,4,9,0,0,11,0,0,0,0,0,0,0,18,19,15,15,0,14,11,18,12,0,0,0,0,8,0,13,0,15,15,15,13,16,15,12,0,0,0,0,0,0,0,8,0,0,0,14,12,13,12,4,6,15,7,7,6,16,6,15,14,14,14,10,5,0,5,0,0,0,0,0,0,9,0,8,7,0,0,0,0,0,0,0,0,0,0,0,6,0,0,0,0,15,0,0,0,9,8,7,0,0,0,0,0,0,0,0,0,0,0,0,0,0,0,10,12,4,5,5,0,0,14,0,14,14,0,0,12,9,0,8,0,0,0,0,10,9,10,9,9,0,0,10,4,0,0,0,0,6,0,9,4,0,0,10,0,9,10,0,7,6,8,0,12,9,0,11,10,10,8,8,7,11,8,10,12,10,7,0,10,0,5,0,4,9,7,10,12,6,7,8,17,1,0,18,17,19,0,0,0,11,0,8,19,9,0,0,21,0,0,0,12,0,0,0,13,0,0,13,0,0,0,0,0,0,0,0,0,0,0,0,0,0,0,0,0,0,0,
4,4,1,9,0,0,5,15,0,14,0,0,0,0,0,9,9,4,7,6,0,11,12,6,0,0,19,0,18,20,20,10,15,15,14,12,16,0,0,0,18,0,9,14,14,17,0,12,11,17,17,16,11,0,9,8,0,0,0,0,8,9,9,0,3,4,5,13,19,6,22,8,8,7,7,15,17,17,18,13,0,0,0,0,0,21,0,9,10,0,15,0,0,9,11,0,0,15,0,0,0,0,0,0,0,7,0,0,3,0,13,17,16,10,5,7,0,0,0,0,0,0,0,0,0,0,0,7,0,0,0,7,0,5,5,5,3,3,3,15,13,14,15,13,0,7,10,10,8,0,4,8,11,12,6,9,9,11,13,0,7,5,0,1,0,4,3,5,11,10,6,0,10,0,10,10,0,10,9,8,8,0,8,11,11,11,12,9,9,9,11,12,11,8,10,14,11,0,0,0,9,15,4,11,12,13,13,13,14,4,18,16,18,18,16,0,0,0,11,0,4,11,0,11,0,20,0,0,0,0,0,0,0,0,0,0,0,0,0,0,0,0,0,0,0,0,0,0,0,0,0,0,0,0,0,0,
1,14,16,7,4,0,17,14,0,0,8,15,15,0,10,10,9,10,15,17,16,11,16,3,7,0,9,10,18,19,21,17,11,15,22,15,13,0,19,11,8,0,9,10,14,16,12,13,11,15,17,10,11,12,9,9,0,0,20,11,7,10,0,10,0,4,13,0,0,19,18,19,9,9,8,17,16,16,0,0,0,0,0,0,0,22,2,10,11,11,11,9,0,9,12,0,0,0,16,0,16,0,0,0,0,0,0,0,14,3,0,6,12,0,11,12,0,11,0,0,0,0,12,0,0,0,0,8,0,8,0,0,0,9,6,18,4,3,3,4,13,6,9,0,0,5,11,5,8,5,5,6,8,7,13,8,9,11,12,13,6,7,12,0,7,5,4,5,4,7,7,6,0,0,0,10,0,0,8,7,9,10,11,9,12,12,12,12,12,9,10,12,5,10,12,12,12,9,14,0,11,0,12,12,12,11,13,11,12,13,18,12,21,18,18,11,0,21,0,17,15,15,11,13,0,14,14,0,0,17,15,0,0,13,0,7,0,10,0,0,0,0,0,0,0,0,0,0,0,0,0,0,0,0,0,0,
1,14,15,5,5,8,17,14,13,11,15,15,11,14,14,17,5,9,7,8,17,12,1,4,3,10,10,9,9,14,18,15,13,15,22,17,16,0,0,20,10,9,10,9,14,15,9,13,13,12,15,15,15,12,0,10,0,0,22,0,12,8,10,11,12,0,13,8,8,19,19,19,14,13,9,15,17,17,8,16,15,10,10,0,0,0,0,3,11,4,11,8,9,10,8,0,0,16,16,0,19,5,0,13,0,9,0,0,2,0,16,5,17,0,0,13,10,0,10,15,0,11,11,11,10,0,0,8,7,7,0,7,8,7,10,8,10,10,9,8,14,10,10,12,0,0,5,6,6,11,8,11,7,9,10,9,10,10,13,6,8,8,8,12,10,8,6,5,1,6,8,6,7,12,8,8,0,10,9,10,9,10,8,7,12,13,11,14,12,12,12,6,6,6,11,21,13,12,9,16,0,15,15,16,12,13,12,9,16,12,14,20,20,11,19,13,0,17,16,14,15,14,16,12,15,0,6,11,0,14,0,15,14,14,0,0,11,10,17,0,0,0,0,0,0,0,0,0,0,0,0,0,0,0,0,0,
16,14,4,6,11,17,9,10,17,16,11,14,11,15,12,6,6,12,12,13,13,13,17,1,16,7,23,10,15,13,11,16,17,17,24,12,17,0,17,5,19,10,10,16,15,10,15,10,13,13,8,11,12,12,10,0,0,0,0,0,5,12,10,14,0,13,14,8,8,11,15,10,13,9,14,16,15,18,15,15,14,11,0,0,0,0,10,11,0,0,17,9,9,10,9,0,15,17,18,0,21,5,0,0,14,0,9,0,17,4,0,16,6,0,15,0,12,10,0,0,0,22,13,12,13,12,13,14,8,14,7,15,9,8,11,9,12,9,8,10,20,11,12,12,11,7,6,7,5,12,10,9,9,8,7,0,11,11,12,13,5,6,8,6,7,0,16,6,6,7,6,6,8,9,9,0,0,21,13,6,14,14,10,11,7,15,14,13,14,12,13,13,7,11,11,11,21,14,13,16,14,15,14,15,12,13,11,11,13,13,15,15,20,13,18,15,16,19,19,15,16,15,16,15,14,13,0,0,0,14,10,0,0,15,14,0,0,7,10,19,18,0,0,0,0,0,0,0,0,0,0,0,0,0,0,0,
15,4,15,10,10,0,11,14,10,17,17,19,15,12,11,17,16,13,16,15,17,13,18,14,7,17,17,9,14,15,14,13,12,18,12,12,13,17,18,8,16,17,10,10,25,21,12,12,16,13,14,10,14,12,12,0,0,0,0,11,16,0,15,14,0,0,13,11,9,11,5,13,13,11,14,18,15,13,14,15,15,15,0,11,16,0,12,22,19,0,10,11,8,13,13,10,15,16,19,13,21,8,5,10,11,0,0,12,16,4,4,17,18,0,0,14,13,13,21,0,0,22,0,12,16,0,12,9,14,14,16,16,16,12,12,9,7,7,10,13,10,21,16,10,11,11,5,6,6,11,11,10,13,9,0,0,11,12,12,6,6,11,7,7,15,10,16,16,7,2,14,7,8,11,9,13,11,8,20,7,8,14,10,14,12,11,15,14,14,13,12,14,12,9,8,7,20,13,21,16,13,12,14,7,12,13,7,18,19,14,16,13,15,13,22,15,19,19,20,16,18,16,12,18,11,14,14,15,20,15,15,0,13,16,12,0,14,7,9,18,0,19,0,0,0,0,0,0,0,0,0,0,0,0,0,0,
6,14,8,10,18,18,0,0,12,15,16,18,17,18,18,17,17,17,16,16,17,17,16,15,15,8,18,11,14,14,7,3,9,15,8,11,13,13,17,17,21,11,23,11,14,13,20,13,17,12,18,10,14,19,14,12,15,0,0,17,16,8,14,21,22,23,13,12,8,11,19,6,13,12,18,10,16,18,15,15,10,15,12,10,12,18,11,23,12,19,14,16,11,10,5,14,16,11,12,20,8,10,10,11,14,0,0,13,0,17,12,17,18,8,13,23,14,15,13,15,0,0,0,14,0,17,16,12,10,16,17,16,15,16,13,13,5,8,13,15,11,14,15,22,12,12,13,8,8,11,12,11,12,9,11,0,0,9,6,6,6,12,12,9,12,10,9,16,4,7,9,15,10,10,10,12,12,11,12,9,9,15,15,16,15,15,16,7,15,17,10,10,13,17,11,11,9,8,18,7,13,13,15,8,12,12,17,7,20,20,13,0,13,14,14,17,22,18,19,18,18,12,13,18,14,15,15,15,21,16,16,14,16,15,12,12,11,9,17,0,19,0,0,0,0,0,0,0,0,0,0,0,0,0,0,0,
14,16,8,12,12,9,11,17,17,16,17,18,20,13,18,6,6,7,15,18,17,18,17,8,17,16,20,12,12,15,3,4,12,10,8,11,13,14,14,10,13,12,12,12,15,15,14,12,16,19,15,13,14,19,20,15,14,16,15,9,17,18,21,9,9,11,14,15,9,12,8,11,20,10,10,19,12,13,15,15,13,13,13,8,14,18,12,23,21,12,12,15,17,13,14,15,17,8,18,13,14,11,9,11,14,12,14,14,13,13,12,11,10,14,14,15,24,0,15,15,10,11,20,0,0,13,17,0,15,14,14,18,18,17,16,11,12,12,13,11,14,17,22,22,22,13,18,11,8,12,12,19,12,10,11,12,0,10,10,12,12,6,12,10,7,7,10,9,5,10,10,9,17,19,24,17,13,12,14,13,19,16,15,17,17,17,11,11,17,12,10,11,11,17,14,10,10,9,9,9,8,6,8,10,13,13,13,0,0,19,14,20,16,15,20,16,17,18,20,13,18,18,13,13,14,13,12,14,16,15,15,15,14,14,12,14,12,12,12,12,0,20,0,0,0,0,0,0,0,0,0,0,0,0,0,0,
7,16,8,18,17,10,9,0,18,17,17,17,19,20,17,12,19,13,9,17,10,17,18,17,19,17,17,20,13,12,7,4,4,19,11,11,13,13,13,11,12,23,15,12,13,16,20,14,17,15,16,13,14,24,24,18,14,16,10,16,9,17,10,13,9,10,12,10,14,17,17,10,12,10,10,11,12,10,20,8,12,14,12,13,14,19,12,13,22,22,12,12,14,13,14,6,15,7,18,14,11,10,12,10,11,12,13,10,9,0,11,11,15,15,16,15,19,13,13,0,11,0,14,11,0,14,0,0,0,0,19,18,18,17,18,17,20,14,13,13,8,15,24,23,25,13,10,8,10,13,13,16,15,15,16,11,23,14,13,12,12,7,14,6,7,6,11,11,12,8,11,17,19,23,24,23,13,12,12,18,17,19,16,17,24,13,18,12,17,19,13,11,14,12,15,18,10,14,12,11,10,10,7,11,14,9,8,8,12,0,15,11,0,16,22,21,16,14,20,20,21,15,22,20,19,14,18,17,12,14,16,16,19,12,12,13,14,13,20,12,16,15,19,0,0,0,0,0,0,0,0,0,0,0,0,0,
9,8,10,21,17,12,13,10,21,13,14,17,14,15,18,13,13,14,15,13,12,14,11,17,19,17,11,17,15,11,12,12,9,7,15,12,16,16,17,15,17,13,15,16,16,14,16,19,23,20,17,20,25,25,23,13,15,15,15,14,13,10,17,8,10,14,16,15,15,15,9,18,12,13,21,17,17,20,12,9,13,15,13,14,15,14,20,17,13,22,12,15,15,14,15,7,8,7,6,16,12,13,12,16,11,11,14,11,12,15,19,11,16,16,16,16,19,14,14,0,13,11,0,0,13,12,13,0,0,20,18,19,17,18,19,15,13,14,16,13,9,8,18,23,22,10,12,9,10,14,10,11,17,21,17,13,17,16,20,13,14,13,17,7,12,8,9,19,12,19,18,18,17,21,16,15,15,16,16,18,17,19,19,19,16,16,18,20,18,8,14,14,10,10,16,17,15,10,7,12,13,10,13,12,10,17,20,9,18,17,12,14,14,11,17,17,15,17,19,20,20,15,23,23,23,17,15,17,14,14,8,10,14,15,16,13,13,20,14,21,20,19,20,19,0,0,0,0,0,0,0,0,0,0,0,0,
11,9,18,10,20,13,16,18,21,14,15,16,15,15,15,15,13,21,15,21,12,12,14,11,12,13,12,11,12,17,12,14,10,6,8,19,18,17,21,12,17,20,15,14,20,15,17,15,19,23,19,17,23,27,18,17,13,14,15,15,13,12,10,11,8,19,14,12,12,17,11,19,20,15,14,22,21,21,22,15,13,13,14,17,15,16,20,14,22,13,14,16,16,15,17,9,17,8,10,10,16,14,13,17,23,17,12,14,13,19,21,13,21,11,18,17,19,18,17,14,14,11,0,0,16,13,14,16,19,21,14,20,16,14,16,23,17,15,17,17,18,7,11,18,23,18,11,11,11,12,12,12,17,17,24,14,19,17,21,14,12,15,18,17,12,13,20,16,13,13,15,19,18,19,18,23,17,17,17,17,17,16,16,14,17,18,19,22,20,11,14,13,10,15,11,17,18,11,9,12,13,9,13,15,17,17,17,18,15,17,16,13,17,18,16,23,18,17,15,20,22,23,18,18,24,17,12,18,18,15,12,8,11,15,8,22,17,15,16,18,19,16,20,0,0,0,0,0,0,0,0,0,0,14,0,0,
9,21,18,18,21,13,11,16,22,18,13,18,13,15,18,16,13,16,26,16,12,13,14,14,14,14,12,20,13,13,12,13,15,22,9,9,11,14,18,13,23,19,17,15,21,16,16,15,24,27,23,26,17,15,15,17,16,16,14,16,16,17,11,12,12,14,20,16,12,10,20,12,23,20,20,23,25,22,18,17,16,17,17,16,19,19,22,23,22,9,19,16,17,19,18,9,16,9,14,14,15,15,18,18,25,24,20,13,13,14,22,19,21,11,17,19,19,15,14,15,14,12,15,14,13,14,17,13,13,17,15,14,16,15,14,15,21,21,18,18,20,7,12,17,18,23,11,19,12,12,12,8,14,17,17,24,19,21,20,15,15,12,16,17,19,17,19,18,16,18,18,15,18,17,18,21,23,24,18,16,18,18,20,16,19,17,15,13,11,12,14,14,12,11,16,12,13,12,10,10,9,18,16,16,17,17,18,13,19,17,16,14,15,13,13,18,18,15,18,19,22,24,22,17,17,13,19,13,14,15,16,13,15,9,10,22,15,15,17,21,14,19,20,18,19,0,17,0,15,0,0,14,0,19,15,0,
19,22,18,12,17,15,13,19,19,13,20,20,19,14,31,17,14,17,23,27,21,13,14,23,16,14,13,15,22,10,16,15,6,16,10,9,12,15,15,18,24,17,19,18,16,16,23,16,25,25,26,20,15,18,17,15,17,15,15,18,19,17,12,12,13,12,15,12,18,13,23,12,23,23,21,22,21,22,15,19,19,18,13,18,19,19,20,13,20,21,11,7,18,11,24,18,17,14,11,14,16,15,14,11,15,25,22,13,13,12,15,23,22,19,20,22,18,20,21,18,15,14,15,17,16,15,14,18,19,17,15,17,16,16,23,15,22,19,22,25,19,18,15,18,19,17,19,18,20,20,12,13,9,20,21,20,15,23,21,11,16,20,19,16,17,16,16,19,13,18,15,19,19,19,19,20,23,24,17,19,15,14,16,17,19,18,16,14,13,12,14,14,14,14,13,13,14,14,16,10,10,13,13,17,19,15,21,19,18,19,14,15,16,21,21,21,18,17,16,18,18,20,19,21,15,14,19,19,14,20,12,16,16,14,10,13,19,16,19,18,15,19,20,21,18,17,0,20,16,17,0,16,0,0,19,19,
20,17,17,19,17,16,13,14,19,15,21,29,21,29,31,32,31,14,15,27,28,24,23,15,13,14,15,15,22,12,16,15,15,8,10,10,15,15,12,21,24,24,19,20,20,15,15,22,25,26,15,19,20,20,18,18,13,15,12,12,19,17,18,13,10,13,15,11,12,13,11,18,13,24,25,25,18,21,16,19,19,18,19,17,20,21,21,14,20,20,12,19,19,12,20,18,21,15,21,16,16,17,15,19,16,24,19,23,21,18,18,23,16,21,23,20,19,19,15,16,19,16,15,17,18,16,17,19,16,20,19,17,18,19,16,24,24,21,19,21,17,18,16,17,19,18,23,17,14,20,14,14,10,15,14,19,19,20,19,21,11,19,20,15,17,22,16,14,16,19,18,17,27,20,21,20,19,20,21,20,20,22,18,16,17,16,15,15,14,14,13,17,15,13,14,15,11,12,12,13,11,15,15,14,18,16,15,21,14,20,13,14,18,15,23,22,15,19,18,17,18,18,19,21,14,15,12,14,21,21,13,19,21,17,21,16,14,16,22,13,20,21,20,21,20,19,0,15,18,17,17,19,0,20,19,18,
11,24,18,17,19,17,15,15,15,16,21,20,29,30,31,15,32,15,15,21,28,16,18,17,24,24,14,24,22,14,14,19,26,18,17,11,18,18,16,20,25,17,20,21,23,20,16,23,16,16,23,23,17,20,21,19,16,14,19,12,14,14,15,19,17,11,19,11,11,10,14,17,19,25,21,21,13,21,17,20,17,23,15,19,23,21,19,23,20,21,14,16,16,14,19,12,21,20,17,19,16,17,17,17,25,14,25,18,18,17,16,22,22,22,19,20,24,19,19,17,18,20,17,21,17,19,14,19,20,20,16,16,20,21,17,25,27,23,21,20,19,17,19,19,20,18,24,19,19,14,14,14,15,16,22,20,20,21,21,20,21,15,22,20,16,22,25,18,15,25,18,15,19,15,27,21,26,21,19,21,20,23,18,18,16,16,17,14,14,17,16,18,16,15,17,15,13,15,11,14,11,19,16,19,21,22,15,15,14,14,14,22,19,18,23,16,16,16,15,21,18,17,14,23,23,17,13,14,15,16,23,18,17,13,18,18,17,24,24,22,19,21,21,21,22,17,18,16,17,18,17,20,20,20,18,19,
22,13,20,15,22,15,21,16,24,16,22,15,31,31,31,23,21,14,14,23,14,15,15,17,22,21,14,15,15,17,16,29,21,22,18,18,18,17,22,21,22,18,20,21,24,23,28,17,22,14,25,19,18,17,18,15,23,15,14,13,26,26,16,25,14,17,20,20,18,11,13,25,22,27,22,22,23,18,18,19,21,18,16,18,17,18,19,21,23,18,15,21,17,10,10,22,21,18,17,18,20,17,19,13,16,17,15,21,18,20,9,19,9,21,19,22,21,24,20,24,13,20,21,16,13,20,15,19,22,21,16,14,18,19,12,15,20,14,22,26,18,20,19,20,19,20,18,21,20,21,21,14,20,16,16,22,21,17,21,22,20,16,20,21,22,17,27,16,16,17,20,20,25,16,21,22,25,23,25,20,20,21,19,19,17,19,18,25,15,16,17,13,26,17,19,18,24,26,20,12,17,12,18,20,21,17,22,18,16,15,15,16,19,25,18,17,16,16,15,21,15,18,22,24,16,16,17,14,16,15,17,19,17,13,13,18,20,14,14,15,18,21,21,19,22,18,19,18,17,18,20,19,20,18,19,20,
23,14,23,19,18,22,22,17,18,25,25,23,15,22,20,24,25,16,17,14,22,16,25,15,19,23,21,15,21,16,17,22,21,22,20,22,19,22,22,22,23,17,29,24,23,25,28,19,22,21,14,19,20,19,18,21,23,26,14,14,18,18,21,20,15,25,12,21,16,23,21,25,25,21,19,22,23,22,24,22,25,26,18,20,18,24,23,24,24,20,18,22,21,19,12,25,22,24,18,18,19,20,18,18,15,16,15,22,16,20,10,10,20,20,16,18,22,24,25,24,16,17,22,17,17,19,14,18,23,15,17,20,14,21,13,14,17,15,28,26,17,18,20,20,20,21,21,17,20,22,19,14,14,21,14,16,22,21,22,22,22,29,19,21,22,25,27,24,18,25,24,27,19,25,23,22,18,28,23,27,22,29,25,20,19,26,20,25,28,20,18,17,16,15,18,25,26,22,20,14,15,19,19,19,19,18,18,17,20,21,26,15,26,26,26,22,17,25,16,20,22,19,24,24,17,16,15,18,16,17,17,19,16,23,22,16,20,17,16,21,18,19,20,19,24,20,20,19,19,18,23,18,18,17,19,20,
15,20,24,22,18,25,20,23,21,19,26,25,23,18,24,20,24,20,20,19,17,23,24,26,15,24,22,16,23,21,17,21,22,19,20,20,21,18,18,17,23,17,29,22,11,24,20,18,23,22,22,20,21,22,18,22,23,25,24,24,14,24,21,28,26,15,20,11,29,16,20,28,26,24,25,23,18,24,23,22,24,25,22,19,19,18,18,19,24,20,19,23,22,19,19,19,25,24,20,19,22,19,25,17,15,12,16,19,18,15,18,20,20,21,16,17,28,20,20,15,17,15,16,17,18,23,20,15,20,20,16,18,15,15,19,22,20,16,19,28,19,19,18,21,16,21,18,18,19,23,19,14,15,19,21,15,17,18,22,19,23,18,30,12,20,14,13,24,24,26,23,26,20,19,26,26,19,28,28,28,18,27,22,26,20,20,20,18,26,19,18,18,14,21,25,16,25,24,24,24,16,20,20,23,15,17,19,18,17,21,24,20,17,22,20,27,22,22,17,27,17,23,15,15,18,14,16,20,18,16,17,19,17,23,27,19,22,20,20,19,19,20,22,23,23,21,24,20,25,24,24,18,19,20,17,20,
24,16,24,21,23,23,16,20,21,20,23,26,20,24,19,20,25,22,22,20,20,23,28,22,27,24,24,15,23,23,22,23,23,27,22,21,23,16,25,19,17,30,17,29,20,12,22,21,23,17,23,20,24,21,22,23,22,25,24,24,16,21,22,28,26,26,16,12,29,17,25,27,29,25,23,24,19,24,24,23,24,22,23,20,19,19,25,22,20,24,20,24,24,20,19,20,26,26,25,20,22,21,20,19,16,17,21,20,20,19,19,20,20,23,19,23,29,16,22,19,16,23,16,22,19,24,24,21,21,21,20,19,20,20,24,19,27,25,16,17,20,20,26,19,22,17,22,22,14,21,24,19,18,21,20,17,19,18,20,24,21,21,30,22,12,23,14,15,23,26,24,30,25,23,27,26,25,20,28,28,25,28,28,24,27,23,21,18,26,20,17,19,15,27,25,20,26,17,24,19,24,20,21,23,20,20,17,18,18,22,20,24,23,23,22,26,23,28,28,23,22,18,25,17,14,17,17,18,20,25,18,20,20,22,28,23,20,16,20,16,21,20,17,23,23,23,24,25,29,25,21,20,21,19,21,21,
25,20,19,23,24,21,17,21,19,21,23,23,22,18,19,21,22,21,22,21,26,23,27,23,20,19,24,22,16,17,19,22,22,26,23,17,19,24,24,22,20,20,21,22,19,21,23,23,23,25,18,17,19,18,21,22,23,16,25,20,22,26,22,21,23,13,18,17,16,26,33,25,30,30,29,24,29,25,25,25,21,23,22,20,21,21,25,23,22,22,21,19,27,24,29,20,26,28,17,18,23,22,19,20,26,18,18,21,20,21,24,24,20,24,21,23,23,23,17,23,20,22,24,25,25,24,25,26,22,23,26,24,20,22,21,25,21,24,20,25,23,22,28,20,20,22,18,22,17,25,19,20,19,19,17,20,20,19,20,24,17,23,22,23,13,23,16,23,26,28,25,29,26,23,25,27,22,25,19,27,26,21,26,23,24,25,24,23,24,19,20,17,17,19,24,16,16,26,19,19,18,16,21,20,20,22,22,18,18,19,23,24,22,25,21,32,26,29,29,31,23,19,25,26,13,15,24,27,18,27,26,21,24,21,22,24,28,24,17,22,22,17,26,25,23,24,24,27,28,26,28,21,25,20,25,22,
22,20,19,21,24,20,21,21,24,22,22,23,23,23,23,21,22,20,19,24,21,26,22,23,21,22,20,16,23,22,24,23,23,25,25,21,20,24,24,22,22,21,22,22,22,24,23,24,28,17,22,18,20,19,23,23,22,22,29,16,20,21,21,21,26,24,16,15,16,21,27,29,30,29,23,30,29,24,20,20,22,23,21,24,24,23,24,22,23,26,20,20,24,23,27,29,27,29,27,18,23,24,19,19,18,27,18,21,22,25,25,25,23,23,22,24,23,22,24,24,21,17,24,24,22,26,26,22,26,23,31,30,25,22,23,19,26,24,26,27,24,23,21,20,18,23,18,18,24,21,32,33,16,20,20,22,21,21,23,17,20,23,23,22,18,24,17,24,26,27,27,30,27,27,25,26,23,27,20,26,28,28,19,23,24,25,24,20,25,20,20,20,24,22,25,25,17,17,17,22,18,23,22,20,22,23,23,25,22,25,23,31,23,26,22,23,25,27,24,30,30,20,19,23,25,28,18,25,24,23,26,20,19,21,21,22,22,26,26,28,18,20,20,25,24,26,24,26,25,25,22,26,22,27,26,26,
19,22,22,21,25,20,21,24,25,26,29,27,21,26,23,23,36,35,23,25,25,28,24,25,21,23,21,20,18,23,22,25,24,25,26,23,21,25,21,23,20,23,23,22,24,24,17,24,22,19,15,22,20,19,24,18,17,30,17,17,21,23,24,20,27,25,28,17,22,29,24,29,29,30,24,29,25,25,28,24,24,24,25,26,25,20,21,23,24,23,21,21,20,24,26,26,19,31,24,19,20,24,26,19,20,25,25,18,24,21,25,26,25,21,22,24,22,23,19,24,17,20,18,22,28,23,22,24,22,26,27,24,31,23,21,21,28,25,26,28,27,24,20,24,21,20,18,19,23,25,21,23,16,21,21,24,19,22,24,23,20,21,16,21,21,22,22,16,27,27,29,31,28,27,32,35,26,24,23,22,21,27,18,20,19,28,31,26,28,30,20,20,23,21,25,26,19,20,20,24,22,22,21,21,22,25,28,26,22,23,28,26,31,24,23,26,26,26,24,24,31,34,26,16,17,21,28,27,18,29,22,24,22,21,22,23,25,27,27,19,19,29,28,29,24,27,25,28,26,28,23,26,27,27,26,28,
22,22,23,23,26,23,21,22,28,25,31,30,28,26,21,24,36,36,25,37,28,24,25,21,25,27,24,22,22,21,22,16,26,16,29,26,23,26,29,21,26,22,24,22,24,25,23,19,22,21,17,22,21,19,19,19,26,27,28,29,26,28,25,27,25,26,30,25,16,23,23,28,26,24,33,22,25,26,30,28,29,26,21,25,30,20,27,21,32,25,23,24,22,21,25,23,28,27,23,25,27,21,26,19,27,24,26,19,18,25,27,22,25,24,24,22,20,20,23,17,24,18,22,22,21,22,23,27,21,19,24,25,29,25,22,26,21,32,17,29,23,28,25,24,23,23,19,23,25,26,22,24,17,25,22,22,25,23,20,22,20,22,17,24,27,22,24,22,17,28,24,24,31,24,28,34,24,24,28,22,22,22,27,27,20,25,25,25,29,31,21,21,21,26,22,24,20,23,20,19,25,27,23,23,22,28,21,27,27,26,29,28,32,31,23,27,22,28,26,25,24,16,32,28,28,22,22,26,19,30,21,25,28,22,22,23,26,25,21,26,23,21,21,30,30,25,24,28,28,28,28,24,24,28,27,29,
29,23,26,25,24,25,22,22,31,28,27,20,30,28,22,25,26,24,25,27,27,29,25,27,24,27,25,25,22,22,23,30,16,17,27,28,26,23,23,29,21,20,24,23,21,26,22,24,20,23,17,22,21,23,23,20,21,30,29,22,27,27,25,25,26,29,31,25,23,24,17,27,26,27,22,24,23,25,30,29,29,25,24,25,31,33,27,22,31,31,25,27,26,24,26,27,29,22,19,24,23,23,20,28,18,27,22,22,19,26,27,27,23,23,25,21,24,21,21,24,32,24,23,22,24,23,27,25,22,27,20,18,19,30,29,28,26,29,17,29,22,22,28,26,22,24,28,24,21,24,27,27,29,24,26,23,25,23,20,22,21,20,20,21,23,25,28,22,28,29,30,24,31,32,28,25,27,25,29,29,17,23,27,28,20,28,28,30,26,27,30,22,28,24,27,24,32,24,22,19,19,23,25,21,28,27,28,29,27,29,27,27,28,31,23,33,30,29,24,27,23,16,28,28,24,16,20,22,28,24,22,22,23,29,27,26,26,25,22,27,25,25,32,28,28,27,25,30,26,23,29,24,26,29,28,29,
26,29,30,24,25,26,25,25,24,24,25,29,32,30,23,20,23,21,25,26,28,29,28,27,26,23,20,25,25,24,26,18,18,28,28,29,30,20,25,24,22,21,26,25,22,24,21,25,27,22,24,22,22,24,24,22,21,22,30,23,24,28,24,31,27,29,28,26,25,25,26,23,27,31,31,30,26,26,29,30,25,25,25,31,26,25,31,28,32,29,26,26,25,27,25,25,22,23,19,20,24,24,19,28,27,18,21,22,22,27,25,27,23,24,25,25,28,22,27,22,27,35,27,22,25,24,26,24,26,27,18,19,19,31,20,29,30,28,32,30,29,23,26,24,22,29,25,29,24,26,28,24,27,27,27,25,24,24,21,21,21,21,23,21,23,24,27,30,26,30,29,25,22,33,25,29,31,25,29,30,16,23,19,18,23,28,27,26,26,31,30,30,31,30,24,24,27,24,22,33,25,21,24,22,25,29,28,30,32,31,30,29,25,24,34,25,31,25,26,27,23,24,18,21,24,26,17,24,28,26,24,29,24,27,29,26,27,21,25,29,25,26,31,33,29,30,26,24,30,30,25,26,25,25,23,30,
27,26,25,26,27,31,26,23,25,28,26,21,29,31,23,19,29,25,25,28,29,29,27,26,27,25,20,26,27,29,26,28,26,24,29,30,23,21,31,25,23,26,22,23,22,25,21,22,25,28,28,31,23,23,24,23,30,23,28,28,28,28,31,31,30,31,29,30,23,28,26,26,24,30,25,24,26,24,26,31,26,30,28,26,25,32,34,32,32,25,27,27,25,29,27,27,26,23,24,21,21,24,21,20,22,27,35,24,22,33,30,25,28,25,26,24,28,27,35,36,28,24,27,24,22,25,28,24,25,27,26,28,23,21,21,21,31,32,32,30,31,24,29,31,23,28,24,25,29,29,26,25,26,26,27,29,26,26,25,24,24,22,23,25,21,24,25,21,29,30,31,30,24,25,27,30,23,25,25,28,17,18,28,19,27,25,24,32,31,32,30,31,30,31,24,24,25,25,27,25,26,27,24,23,21,25,32,29,31,29,30,31,27,32,27,35,30,26,27,28,27,25,20,19,22,18,17,18,25,29,24,29,24,27,25,25,26,25,30,29,23,29,25,32,34,30,26,21,25,30,29,30,25,24,23,27,
28,26,25,29,28,31,30,22,21,24,28,27,18,23,24,25,25,29,24,20,27,26,30,27,27,26,25,27,24,25,26,28,26,27,30,31,33,30,31,28,26,24,28,26,27,25,24,22,25,28,28,31,31,32,25,32,28,30,29,21,30,25,29,31,31,30,31,32,29,28,23,27,29,25,25,24,23,25,22,26,27,26,23,26,29,33,24,33,24,33,26,27,27,29,27,28,28,26,24,26,21,29,26,22,23,22,20,33,32,34,28,24,27,28,23,25,24,25,28,25,37,37,28,24,27,27,28,25,28,30,24,29,24,22,21,22,33,33,34,31,28,31,28,30,25,29,24,24,25,28,27,26,30,26,28,28,33,33,26,22,25,23,28,21,23,22,27,22,32,26,32,32,25,25,23,35,23,25,28,31,29,18,23,29,26,29,25,33,24,34,31,31,32,31,31,25,26,26,25,25,26,25,24,26,26,26,20,25,32,32,33,32,28,28,33,29,30,27,26,26,23,28,21,28,22,17,17,17,31,26,26,25,29,26,33,25,27,27,30,30,30,30,27,29,33,30,31,30,24,22,23,30,26,27,28,28,
30,26,31,30,28,31,21,23,22,23,19,28,18,27,24,24,26,26,26,27,21,27,30,28,26,26,30,33,27,30,26,28,30,28,28,29,33,32,31,28,30,25,25,26,28,23,27,25,27,25,30,31,33,31,35,36,28,28,31,21,21,22,26,29,31,32,30,32,27,28,25,28,30,30,29,29,28,22,23,28,28,27,25,25,24,26,29,25,25,27,26,26,27,29,28,30,28,27,26,27,29,29,29,24,27,20,19,29,24,35,29,28,35,25,29,24,27,24,30,30,30,25,25,27,28,25,28,27,27,31,26,25,24,19,26,33,33,33,28,34,30,32,29,31,29,33,25,25,23,23,27,27,29,29,28,26,26,33,33,34,25,22,23,24,30,30,18,28,21,21,24,32,25,30,30,25,34,24,24,28,32,28,19,25,26,27,24,26,33,19,23,27,25,32,28,21,30,25,25,25,24,25,25,28,26,26,24,33,32,33,34,34,32,29,29,30,29,28,26,27,24,22,22,22,25,19,19,18,18,32,29,24,27,27,27,27,34,25,30,31,25,29,28,23,29,23,31,31,24,23,29,29,30,28,27,28,
24,26,33,31,32,31,31,31,22,29,27,20,22,18,28,22,26,26,26,29,29,27,27,30,29,27,31,29,31,26,26,31,30,33,32,29,32,29,22,26,29,31,28,26,32,28,27,31,29,26,26,26,23,20,35,19,24,29,29,24,22,22,27,29,33,33,34,32,29,28,34,25,27,30,25,26,27,28,23,22,28,21,33,27,25,25,24,27,26,26,22,28,28,29,29,33,32,29,32,25,29,29,29,21,25,31,33,20,29,30,29,35,27,36,36,28,28,28,27,32,26,26,27,28,29,25,28,26,35,31,28,26,25,25,24,32,34,29,29,30,26,27,33,30,30,30,26,26,30,24,29,29,30,35,29,28,26,33,33,34,32,26,24,25,29,29,27,20,29,25,33,26,31,31,29,30,28,28,25,29,28,32,25,25,27,27,28,25,32,21,20,31,27,26,23,28,30,30,25,31,25,30,29,23,28,26,25,33,30,31,35,33,33,33,30,29,31,32,30,28,23,27,22,26,27,29,35,25,31,31,31,25,34,32,27,27,27,29,31,28,27,26,29,28,23,28,24,23,28,25,29,29,28,30,28,28,
35,25,26,26,32,30,32,32,23,25,26,21,22,20,19,25,23,26,24,30,28,28,28,32,28,30,33,23,26,32,32,32,27,29,33,33,31,29,23,32,29,31,30,29,28,29,32,32,32,24,24,28,27,27,36,23,34,25,25,24,26,29,27,25,30,31,30,33,30,29,32,27,33,26,30,27,29,27,30,30,29,25,34,28,28,27,26,27,26,26,22,26,22,29,30,27,27,31,29,22,30,31,29,30,27,24,25,32,30,31,23,26,35,27,33,29,28,29,28,30,29,29,32,29,29,30,29,27,23,26,25,29,21,32,25,35,27,33,33,28,26,28,28,28,31,30,26,29,31,32,29,30,29,30,33,29,26,25,34,35,35,26,28,29,31,28,33,29,29,26,25,27,27,32,30,28,25,29,27,31,30,32,31,31,27,28,29,26,29,27,21,31,32,28,30,29,25,32,34,31,32,29,30,27,31,25,32,33,31,27,26,30,34,31,26,32,31,29,30,29,26,26,25,24,26,24,35,30,31,33,31,30,33,26,33,32,32,33,32,33,26,30,30,28,31,23,24,22,27,28,26,29,30,28,30,29,
34,30,25,30,25,30,28,34,27,26,27,27,25,25,29,31,30,26,24,25,31,29,29,28,30,37,29,33,27,26,33,29,27,30,32,34,32,27,30,30,33,30,29,29,29,29,29,28,28,29,28,28,27,29,25,27,22,23,26,28,27,24,26,28,29,30,29,31,32,32,33,32,34,31,27,31,30,29,28,32,31,30,31,27,29,28,27,26,29,25,23,27,23,21,29,28,28,33,33,33,23,29,26,27,27,27,27,32,32,31,29,24,27,27,31,30,30,30,30,28,31,31,30,29,31,31,27,32,24,24,32,25,25,26,23,33,29,27,30,33,32,28,34,30,29,30,27,36,30,32,31,30,30,28,36,37,30,28,30,29,35,24,36,29,29,31,33,34,29,29,26,30,27,28,31,29,25,27,28,28,32,29,33,31,28,32,32,26,24,28,32,22,29,29,33,26,26,33,33,34,31,33,32,31,32,26,33,28,25,32,27,26,26,30,30,27,31,33,30,31,32,27,26,26,28,30,35,32,28,34,35,35,33,32,34,30,31,26,33,31,34,30,31,27,28,30,32,28,30,28,29,29,30,30,28,29,
35,35,26,26,26,34,24,29,30,25,28,27,26,31,27,26,27,30,26,26,31,25,29,38,39,38,38,39,28,27,28,29,30,27,30,33,31,40,31,33,34,33,32,33,30,31,30,32,25,29,28,28,29,29,25,27,25,29,26,28,29,27,27,28,28,31,26,30,34,29,35,34,34,35,32,33,32,29,29,29,29,27,32,35,28,29,29,29,29,25,24,28,28,29,27,27,28,30,34,33,23,24,30,27,27,28,32,33,33,29,30,34,32,34,27,31,33,30,29,34,31,32,31,31,32,29,27,25,24,24,28,24,22,26,24,24,30,28,29,35,28,28,33,33,31,32,28,29,27,33,36,28,30,31,36,35,30,27,31,27,29,29,26,36,30,29,31,34,35,30,27,28,31,29,33,28,24,23,27,30,30,27,28,34,28,32,29,34,24,24,32,25,25,32,33,31,33,34,32,35,27,27,28,33,34,28,28,28,31,33,29,24,27,31,27,30,28,28,27,28,32,26,28,34,27,29,28,32,32,33,29,36,35,32,31,30,31,27,26,33,27,31,32,30,31,33,29,29,31,31,29,29,30,28,30,30,
36,36,37,37,32,33,32,31,32,24,26,31,30,34,33,27,27,30,29,30,31,29,27,34,29,35,38,39,39,31,30,28,34,32,30,31,31,37,38,33,33,35,34,36,31,34,31,33,34,30,30,31,29,25,27,25,30,34,25,29,30,29,28,30,27,30,31,27,33,35,28,27,34,31,33,30,34,31,30,26,28,29,31,27,33,30,29,30,29,32,25,37,33,29,28,25,31,31,28,26,31,26,25,28,30,30,29,46,29,31,31,28,31,32,30,32,33,34,33,35,30,31,33,33,36,33,34,33,32,25,34,25,24,36,32,24,31,30,30,34,29,29,34,34,32,29,30,27,32,33,31,30,28,32,29,30,28,30,27,32,34,27,30,30,25,31,27,26,35,27,34,30,35,35,34,32,31,27,24,33,31,34,32,33,33,35,30,37,25,31,32,30,31,34,32,33,31,36,24,35,33,27,27,30,31,32,28,34,33,32,28,25,32,28,25,28,28,29,28,31,29,32,28,34,29,30,28,28,27,34,25,32,33,33,30,31,32,32,33,25,27,34,32,33,32,30,27,29,29,32,29,28,32,29,31,31,
23,23,33,22,30,34,33,32,35,33,24,38,37,29,33,33,30,28,32,31,30,31,31,30,31,30,38,40,40,40,32,29,31,35,30,31,34,33,38,39,38,36,27,34,37,34,34,30,32,30,31,31,30,33,30,26,30,31,30,33,30,29,29,31,28,31,28,32,34,26,28,33,34,36,31,31,32,35,32,32,30,29,30,27,32,32,32,34,30,29,26,34,31,34,29,24,28,31,31,29,26,32,26,27,30,29,45,26,30,28,33,34,34,33,33,32,34,34,36,32,29,34,32,35,34,33,34,34,36,33,34,31,38,28,32,25,34,33,31,34,28,26,35,36,32,27,30,33,35,32,31,32,34,33,30,33,29,28,30,32,32,34,30,31,31,28,35,27,28,37,27,33,30,35,35,31,34,30,32,34,33,30,29,33,34,36,36,33,38,34,32,30,34,34,31,30,30,30,36,25,35,28,31,27,31,30,33,34,34,38,28,27,31,28,32,26,32,31,29,32,36,28,32,29,29,29,29,29,28,28,30,30,23,34,34,32,31,33,34,27,26,26,31,33,32,31,33,29,28,30,30,34,29,32,32,31,
24,37,34,23,33,31,26,38,26,27,27,33,36,27,31,34,31,29,31,31,31,33,28,28,30,29,38,38,37,32,33,28,35,32,30,30,36,34,30,36,37,33,27,26,27,38,32,30,33,33,33,30,35,32,31,31,30,33,34,33,35,31,31,33,32,26,30,32,34,34,30,34,36,36,41,33,36,35,28,31,32,30,30,28,33,32,37,35,36,30,30,31,35,31,32,32,25,25,29,26,31,29,26,27,28,30,29,31,37,38,36,35,35,34,33,30,33,34,34,33,30,33,33,35,35,33,36,38,33,36,31,32,37,29,38,26,38,30,28,32,32,35,27,36,28,36,29,34,34,36,31,35,32,34,33,32,28,32,32,31,32,32,31,30,31,28,32,28,28,34,29,37,31,32,31,32,34,35,30,29,32,31,31,33,32,34,37,35,37,36,33,32,34,36,36,34,24,33,31,33,32,29,32,35,25,28,32,32,33,39,29,27,31,26,33,33,32,30,33,32,29,36,36,29,29,29,28,30,29,31,29,28,37,24,29,31,32,32,33,37,27,37,29,31,29,31,30,29,29,29,35,32,30,30,33,33,
30,27,39,28,33,33,31,33,38,39,35,38,37,37,30,30,33,32,32,31,32,33,32,31,31,28,40,39,38,42,28,28,29,28,31,34,36,33,30,36,39,34,34,38,28,31,33,35,33,33,34,34,31,36,29,31,33,31,39,34,33,30,36,37,26,27,32,33,34,33,37,32,38,36,36,33,33,35,36,33,34,34,35,34,34,35,36,33,36,32,30,31,36,32,34,33,34,27,26,30,29,27,28,37,28,26,30,29,32,33,38,30,36,31,33,34,35,34,35,34,33,31,31,33,35,34,36,39,39,32,33,32,31,39,33,38,33,31,32,33,28,30,36,28,35,37,29,30,37,33,36,31,38,35,36,35,34,33,35,32,34,32,33,32,31,31,33,30,29,33,29,36,34,32,31,31,35,30,31,32,31,29,31,32,34,36,34,36,33,32,32,33,35,26,30,30,36,25,35,29,35,30,30,38,36,28,34,32,32,38,39,28,27,26,29,32,33,34,24,34,30,31,31,35,30,30,33,30,30,34,35,36,37,35,35,34,34,34,33,33,38,37,31,37,29,32,30,31,32,32,35,31,35,32,31,34,
34,32,40,29,36,34,34,34,35,37,35,34,42,37,40,38,35,32,34,32,31,31,33,35,35,31,29,36,38,30,35,28,29,32,31,31,29,32,34,38,36,30,35,36,37,36,32,35,33,33,37,35,35,31,28,32,36,41,40,40,36,30,37,36,29,26,32,34,32,36,38,33,34,37,37,37,38,29,34,34,32,35,35,34,34,34,37,34,34,38,37,31,37,32,35,33,37,28,28,28,29,30,28,26,37,39,29,37,33,33,35,32,31,27,36,33,36,36,35,32,32,34,34,33,34,30,37,33,40,32,35,29,32,35,33,34,38,32,32,35,34,35,35,36,37,33,28,33,36,37,36,41,32,38,36,36,32,32,38,35,35,33,32,33,38,27,30,28,29,30,34,33,32,35,32,33,36,33,33,31,32,30,37,33,34,31,33,32,33,33,33,33,32,34,31,30,30,33,36,34,35,32,35,33,35,36,37,36,34,37,39,28,28,36,33,33,33,28,30,34,34,31,35,33,37,31,32,34,32,30,37,35,37,36,35,33,31,32,34,28,38,39,31,32,33,33,31,30,32,32,31,33,36,32,32,31,
32,33,33,36,30,39,30,30,30,39,36,38,40,39,41,39,33,35,33,31,32,32,35,34,35,31,30,37,38,41,36,35,33,33,33,33,31,35,33,36,39,36,36,37,36,39,36,33,34,36,35,37,36,32,33,29,37,36,30,29,36,40,41,28,30,30,30,35,35,34,36,37,35,34,33,32,39,32,39,37,35,33,33,33,35,33,34,35,31,38,40,34,32,33,34,34,36,37,38,38,30,28,31,30,28,32,31,31,37,35,33,33,33,30,33,35,34,30,31,38,34,30,35,36,30,30,37,30,36,32,34,33,36,35,39,34,36,38,32,36,35,35,34,34,32,33,32,37,31,29,30,41,30,38,42,36,32,36,32,33,32,34,38,32,39,30,29,32,27,36,34,37,34,36,36,38,37,37,33,36,34,31,37,38,35,31,32,33,33,33,29,33,35,35,33,34,31,33,34,35,35,34,36,34,36,36,33,37,38,38,33,40,36,36,34,34,26,29,30,29,35,35,35,34,27,35,34,33,33,35,35,28,36,37,36,31,33,33,34,33,35,39,34,33,34,34,29,33,34,32,30,34,33,32,31,32,
32,42,33,37,37,32,33,36,39,40,40,40,41,43,39,38,39,35,35,37,36,34,35,35,36,39,31,34,35,42,41,35,35,34,32,33,33,35,35,37,36,36,35,36,39,40,37,39,36,36,36,37,39,38,39,35,37,38,31,30,37,36,42,32,31,37,31,37,36,35,35,37,34,35,31,32,31,34,32,37,38,34,35,30,35,34,34,43,39,34,41,40,40,36,34,35,37,29,39,29,39,37,32,33,28,33,32,33,37,34,36,34,34,34,31,34,37,30,33,36,35,31,35,37,34,32,35,31,39,33,33,41,37,34,38,39,32,35,32,28,29,35,36,35,38,32,33,40,38,31,30,30,30,30,41,42,43,35,35,35,32,32,31,37,38,39,38,29,29,30,35,39,33,33,36,39,36,33,34,34,36,35,32,37,34,32,34,32,33,30,30,35,33,29,33,35,35,38,35,37,37,35,36,34,37,38,36,33,30,39,33,35,34,37,37,33,27,26,27,30,33,35,32,36,30,28,34,28,35,35,38,38,37,34,37,32,34,33,40,33,34,32,34,33,33,35,30,34,36,32,37,33,33,33,33,35,
33,41,41,36,34,32,32,37,39,40,42,40,42,39,42,39,33,35,39,39,39,35,36,35,35,39,39,40,38,43,43,32,39,30,37,32,33,37,36,35,37,38,38,33,41,41,38,36,38,36,33,37,35,34,40,33,33,33,34,30,31,35,36,31,33,31,38,32,34,36,36,33,38,30,31,36,32,32,33,40,33,36,38,33,36,36,34,42,45,43,35,36,36,37,36,38,39,40,36,43,42,40,38,34,32,34,34,32,33,34,37,35,34,35,38,33,38,30,37,33,36,37,35,37,34,37,38,37,34,32,33,34,42,37,36,35,35,35,36,29,34,41,37,35,35,38,34,39,41,41,34,31,35,29,41,42,42,31,36,37,34,33,39,37,40,39,39,31,31,29,27,38,34,36,35,33,36,38,35,36,36,37,37,36,31,33,30,33,35,36,35,35,35,36,34,34,36,38,33,34,39,35,34,35,34,34,37,37,31,30,36,36,36,35,35,34,32,33,35,28,32,32,29,39,38,31,37,41,36,36,35,37,35,35,34,32,33,36,38,40,33,35,35,38,33,33,34,35,34,37,35,38,32,34,35,37,
42,41,42,40,36,39,32,32,40,36,39,39,41,43,39,41,40,33,32,28,39,28,36,35,39,41,40,38,41,40,40,34,32,34,34,34,33,33,36,37,36,36,38,39,34,33,37,40,39,37,34,36,36,35,40,36,36,34,37,34,38,34,36,37,37,31,39,31,31,35,37,34,38,33,31,39,35,32,36,41,42,37,36,40,34,38,37,43,45,37,34,37,34,37,37,32,36,37,37,40,43,43,38,36,33,34,40,40,34,36,33,36,37,35,29,39,39,38,39,38,37,42,37,38,35,38,37,38,38,39,33,38,36,32,37,37,36,36,36,35,32,41,42,42,34,37,33,40,36,42,37,37,33,31,31,42,31,31,36,36,38,32,37,40,38,29,36,37,31,31,28,35,39,35,34,37,36,37,40,36,42,39,37,39,40,32,34,42,42,36,36,37,35,36,37,37,36,35,39,35,34,36,34,35,32,34,39,35,32,32,30,38,35,36,36,32,39,35,34,35,32,31,30,36,40,38,36,40,41,32,36,38,37,43,35,35,33,35,37,35,34,43,43,39,37,36,34,35,37,37,38,36,36,35,34,37,
43,38,35,40,40,40,39,39,42,39,38,40,36,42,42,37,34,34,30,41,33,33,34,38,40,37,34,38,43,39,40,35,35,35,37,34,34,34,37,37,37,36,36,40,40,40,36,33,40,38,36,36,37,36,41,33,36,35,38,39,39,32,36,38,40,39,35,35,39,32,33,39,39,34,32,40,36,37,36,38,36,38,39,40,39,38,37,40,43,37,35,35,39,38,34,39,37,38,39,42,42,42,37,35,37,38,33,36,40,36,35,37,36,40,32,31,41,39,39,39,35,44,42,35,37,39,37,38,35,38,36,35,37,35,33,34,34,34,37,29,35,40,33,33,38,38,38,34,41,37,38,37,34,34,36,33,33,36,37,37,37,32,33,37,38,35,30,31,35,33,35,36,37,36,35,34,38,37,40,44,41,39,40,38,41,33,42,43,32,44,41,41,40,40,41,36,37,38,35,35,34,34,38,35,33,35,37,33,32,37,38,38,37,38,37,33,39,37,36,36,35,31,31,36,35,38,37,40,36,42,34,33,39,32,43,42,35,43,41,38,37,37,41,35,37,37,38,32,33,38,34,39,36,36,34,36,
37,37,40,36,42,41,40,35,42,39,39,39,36,35,43,32,39,43,40,34,34,39,34,34,43,35,37,34,36,40,39,38,35,37,37,36,35,36,37,39,38,41,37,41,40,42,37,38,35,41,40,35,41,37,38,40,34,34,32,36,42,32,35,42,38,39,37,34,40,35,38,39,37,34,34,40,36,37,37,39,37,39,38,40,38,39,40,40,35,36,38,36,37,39,36,37,37,34,43,43,44,43,37,33,40,39,39,34,37,34,36,35,36,38,37,40,39,41,39,38,35,45,35,35,35,38,42,40,40,36,37,37,37,38,34,35,36,35,35,35,32,41,33,36,40,37,40,39,33,42,38,43,38,34,36,35,43,35,33,37,33,33,37,37,37,37,39,40,33,33,37,35,35,38,38,35,37,37,38,40,45,44,42,38,39,41,43,34,35,42,41,40,38,40,42,42,38,41,36,36,35,39,38,35,38,37,38,38,37,38,41,38,40,39,37,39,35,37,37,39,36,38,37,37,36,36,40,37,37,41,34,36,39,35,34,41,43,45,42,43,39,38,39,36,38,41,38,33,38,34,35,40,39,39,36,38,
39,40,40,37,39,43,36,37,36,37,39,39,38,41,34,33,40,44,34,35,34,39,35,43,37,36,35,40,36,41,41,39,40,36,38,36,36,38,38,40,39,39,39,43,40,35,38,45,37,37,40,36,36,38,38,38,38,33,32,32,36,40,37,35,42,38,37,38,36,35,39,39,38,36,35,39,41,37,36,36,37,39,35,38,41,39,38,41,39,41,38,38,37,37,36,37,35,35,37,43,42,37,38,35,35,40,36,39,37,42,42,40,41,39,41,40,37,41,40,40,41,45,34,37,39,41,44,46,41,35,35,38,35,38,36,36,35,36,38,34,40,35,42,30,35,41,38,34,34,36,38,37,39,37,37,35,36,41,37,37,41,38,32,37,39,38,39,41,42,39,37,36,41,36,35,34,37,36,37,39,44,45,44,39,43,42,35,34,34,34,38,34,34,38,43,35,38,38,35,43,38,47,44,41,40,38,38,39,38,38,40,41,41,42,39,38,40,40,41,42,37,44,37,41,40,41,40,41,37,43,42,37,37,35,36,41,41,44,35,42,36,39,41,41,39,41,34,34,36,39,40,40,40,39,37,38,
40,40,40,35,40,41,39,37,36,39,33,39,36,43,42,41,41,41,45,38,38,38,38,41,41,37,31,35,40,41,36,41,39,37,38,37,36,41,39,41,41,42,40,41,39,41,36,44,36,32,37,41,37,37,39,39,38,35,34,36,33,40,42,41,36,38,37,33,37,39,38,39,40,36,35,36,38,40,38,39,39,38,35,36,39,42,43,39,36,39,39,39,39,39,37,38,42,36,40,43,43,39,40,39,40,36,37,40,39,38,38,40,40,43,42,40,38,39,39,41,39,41,36,33,40,35,45,46,47,36,42,36,39,39,37,37,40,33,38,40,40,34,33,37,42,41,42,42,33,34,37,36,38,39,37,36,37,41,36,37,38,42,37,35,39,39,40,39,42,36,39,38,36,41,40,36,37,38,42,40,39,46,37,40,43,43,42,41,35,35,40,34,41,34,39,36,34,38,38,41,39,46,44,38,41,39,41,41,41,39,41,39,42,37,42,42,36,40,42,41,41,39,41,38,40,40,41,42,39,38,42,35,38,37,35,39,42,44,45,37,44,37,40,35,42,40,42,41,36,36,37,36,37,38,41,39,
39,42,35,41,35,39,38,40,35,37,36,34,39,43,39,39,42,40,44,45,39,43,42,42,43,38,42,36,38,41,38,37,40,39,39,41,37,39,35,39,36,42,42,42,39,41,38,41,39,40,36,41,42,42,38,36,36,36,38,39,34,38,42,40,43,42,39,41,38,38,43,42,36,37,37,36,35,40,38,40,39,38,36,37,34,42,43,41,42,37,40,37,40,39,39,42,40,42,42,42,41,41,41,34,40,38,37,37,38,40,37,36,41,37,39,43,40,39,39,40,40,32,40,33,35,35,38,45,35,41,41,37,38,40,41,38,38,37,34,36,41,43,33,41,40,42,39,35,34,36,39,36,39,36,39,36,37,42,42,35,43,42,43,38,38,35,41,40,38,44,36,41,40,40,41,38,38,38,38,37,40,43,43,38,38,44,42,43,36,38,41,40,36,35,35,38,35,40,39,41,38,40,40,40,40,41,40,42,40,41,41,41,37,38,42,39,33,37,38,41,41,40,41,41,41,41,42,41,42,42,36,35,35,37,34,44,42,43,45,38,37,42,40,40,38,40,43,37,37,36,33,38,37,37,38,39,
37,39,45,42,40,39,39,40,37,36,35,36,35,39,40,40,38,39,39,45,33,41,41,40,36,44,42,37,36,41,38,39,40,33,40,39,41,38,35,35,37,37,37,42,39,35,39,41,40,40,40,42,44,42,43,37,40,42,42,44,41,41,41,40,41,39,40,42,39,48,43,43,42,36,45,37,47,47,40,40,37,41,37,40,38,39,43,42,42,40,41,42,42,40,39,43,44,41,41,43,43,42,31,35,37,41,41,41,39,40,39,38,40,38,39,42,44,37,39,41,42,39,41,42,42,36,37,44,37,45,37,44,43,42,42,42,40,37,35,37,41,37,38,43,43,42,43,41,40,37,38,43,40,38,38,39,41,42,42,42,45,43,44,38,40,38,41,40,39,44,37,36,39,41,40,41,40,38,41,38,42,40,40,41,44,39,39,40,36,36,37,39,37,37,36,41,41,38,41,40,40,39,43,41,40,36,41,40,42,43,40,47,36,41,40,40,34,41,41,39,41,41,45,40,46,42,42,46,46,41,43,43,41,43,35,44,43,38,46,39,38,41,42,41,41,40,39,38,35,38,39,38,40,39,38,39,
38,36,45,46,43,44,38,40,37,37,40,36,35,42,39,43,38,39,42,40,34,39,41,42,41,44,39,44,38,40,40,42,41,39,32,38,42,39,39,37,38,43,38,44,42,41,44,35,40,43,40,38,38,43,44,38,41,43,38,45,45,37,40,41,37,41,43,46,40,41,50,44,49,42,46,48,38,33,41,42,39,37,41,40,40,42,42,41,43,41,41,42,39,42,45,45,45,45,45,41,37,43,41,32,39,38,38,41,41,40,39,39,37,41,42,41,38,38,39,41,42,34,45,42,38,38,43,44,45,41,45,42,43,40,39,41,41,41,38,40,41,41,39,43,43,43,46,45,41,39,39,43,44,39,39,43,39,40,43,43,43,41,42,45,45,43,42,44,40,40,37,37,40,40,42,42,39,41,39,42,41,40,41,43,42,41,44,40,37,43,40,40,41,40,40,41,42,42,41,39,41,41,38,39,41,41,40,37,43,43,41,41,48,48,41,40,35,42,41,40,41,38,38,40,43,41,48,47,44,41,41,41,43,38,34,41,44,44,43,40,39,38,39,42,38,42,43,40,36,36,37,39,40,37,39,40,
38,41,37,43,45,45,37,42,38,39,39,39,37,44,43,43,40,38,40,36,43,35,42,36,41,39,40,45,44,42,43,38,43,38,44,37,38,45,41,45,38,40,51,44,44,41,43,40,39,40,44,47,42,39,43,45,41,42,40,39,39,37,42,45,45,46,45,46,40,43,44,40,38,49,39,49,50,35,42,43,41,42,38,39,43,40,40,47,44,43,44,43,41,43,40,46,45,45,44,45,44,38,39,34,38,40,41,39,45,41,40,40,43,38,38,42,40,38,40,45,36,35,40,44,38,38,43,44,36,46,46,37,43,42,42,42,37,36,42,38,41,43,37,39,44,40,41,42,41,43,38,40,39,42,40,43,40,42,41,38,43,36,42,42,43,38,43,43,43,41,42,37,41,41,40,44,40,42,42,43,42,46,41,41,44,44,46,40,37,39,44,40,46,41,38,43,42,44,41,39,40,41,41,40,41,42,40,41,38,41,44,38,48,44,43,44,42,42,42,41,39,40,39,45,38,42,48,42,43,45,46,43,42,38,36,36,43,41,43,40,41,40,38,43,40,42,42,40,43,38,38,40,38,38,38,40,
43,39,38,41,42,48,40,38,38,43,40,39,44,44,48,44,40,39,46,44,39,37,40,43,38,46,39,45,41,43,43,38,39,35,43,39,39,45,41,46,39,47,39,52,38,51,40,41,46,41,42,46,46,46,44,42,43,43,42,38,38,39,42,39,48,45,46,40,40,38,42,40,47,39,41,42,51,35,43,43,47,39,38,39,42,41,42,42,49,43,44,45,43,43,45,47,42,49,47,46,43,37,40,36,35,40,41,41,43,46,43,43,44,42,43,44,41,44,38,44,44,38,44,44,37,38,40,45,37,43,48,47,40,44,42,42,42,42,42,42,39,42,43,39,45,42,42,39,42,43,42,40,44,41,43,39,44,45,42,39,42,37,42,45,43,42,44,38,43,42,40,38,38,45,42,45,42,45,43,40,43,45,45,44,45,45,37,41,37,36,43,44,40,46,39,41,42,44,44,45,40,43,41,41,40,41,39,39,42,39,38,43,39,43,45,44,42,44,43,41,42,40,41,44,37,39,39,39,42,43,45,42,43,37,40,38,45,41,41,43,42,42,44,44,40,40,39,39,38,39,37,39,41,43,39,39,
43,43,42,42,45,38,38,43,42,45,43,39,40,38,42,48,40,41,42,47,39,40,40,45,44,40,45,41,39,41,42,43,37,37,44,44,40,46,43,39,45,45,48,40,48,39,49,43,40,38,49,47,45,46,44,43,44,47,44,43,44,39,41,48,47,47,46,40,40,42,45,42,47,46,43,40,51,45,41,46,40,42,43,41,36,41,42,42,41,43,43,43,42,46,44,45,42,47,49,39,40,40,39,39,40,41,41,42,42,44,40,42,45,44,41,43,42,41,43,45,44,45,39,46,38,40,39,48,41,45,49,49,42,40,46,40,42,40,42,47,39,44,41,42,42,46,40,44,43,43,45,43,40,41,41,45,46,46,44,41,46,39,44,42,43,43,40,39,43,43,41,46,40,39,45,46,43,45,41,41,41,47,46,46,40,41,40,46,41,44,45,44,44,43,42,42,43,42,44,40,42,43,43,42,43,42,42,41,40,43,39,39,40,44,46,45,44,44,44,44,41,41,45,42,41,40,44,38,46,43,41,43,43,37,42,39,43,44,42,42,44,44,43,40,42,39,43,41,39,42,39,41,40,43,39,40,
45,43,41,40,45,39,40,43,46,47,41,44,45,39,44,45,41,41,41,41,41,41,45,41,40,41,37,38,40,43,43,43,41,43,41,43,44,46,47,41,40,46,45,43,49,42,41,40,39,49,42,48,49,43,43,41,41,45,48,47,48,39,42,39,39,48,40,46,40,46,47,47,47,47,42,41,44,44,45,46,43,48,42,42,46,44,40,43,42,49,42,43,43,38,44,41,45,46,41,46,48,41,41,40,40,44,43,42,42,44,42,41,45,42,41,41,42,42,44,46,44,41,42,47,46,40,41,39,39,46,47,46,50,48,44,41,44,41,43,43,47,46,47,43,42,43,46,48,48,44,43,45,40,44,48,40,46,45,44,45,47,45,45,41,43,45,46,39,40,44,42,42,41,40,45,47,45,46,46,44,44,47,48,41,41,41,46,46,40,40,45,46,46,43,43,46,39,41,43,39,43,46,46,42,46,44,43,43,40,41,44,43,40,48,40,41,46,46,45,44,41,42,45,40,41,44,45,39,43,44,49,46,39,38,39,39,46,44,41,46,42,43,43,44,41,41,43,41,48,41,38,42,40,40,44,39,
43,44,44,42,41,40,40,41,43,46,47,45,46,45,41,44,39,40,42,42,41,47,44,44,38,40,46,39,45,41,43,41,41,46,43,45,43,40,47,48,48,42,42,46,39,43,39,37,39,51,50,51,50,50,42,43,41,48,42,48,48,44,47,41,41,41,41,40,46,47,48,46,45,48,43,43,44,43,44,43,48,48,49,43,48,42,47,41,41,43,45,45,44,45,44,42,44,42,39,42,42,43,42,47,41,45,44,45,45,45,47,41,46,46,43,44,41,43,44,43,47,45,42,46,46,40,48,41,41,45,48,48,47,49,45,44,41,44,47,44,43,44,44,42,44,40,44,45,48,38,45,51,45,46,46,46,42,46,44,45,44,46,44,48,42,46,41,43,41,44,40,43,44,44,46,44,45,46,45,44,47,47,48,48,46,38,41,47,40,41,41,44,47,46,46,47,40,45,44,44,51,44,41,44,42,46,45,44,41,44,42,44,46,48,42,41,41,47,41,42,45,42,43,42,47,46,45,44,47,48,47,49,49,40,40,45,49,44,46,41,46,44,44,47,45,41,41,43,48,41,44,42,43,47,47,42,
47,48,43,44,42,46,43,47,44,46,45,45,46,42,42,47,50,41,40,41,47,48,47,44,44,41,44,40,46,47,47,44,42,45,43,46,42,42,41,41,47,43,45,47,49,42,41,37,37,40,51,47,52,50,43,43,43,42,46,42,49,47,49,47,39,42,40,43,43,48,49,42,49,46,47,46,44,45,46,44,44,42,47,48,44,47,43,48,42,45,46,48,46,44,37,43,45,39,46,44,42,42,42,49,45,44,45,45,46,46,47,42,47,46,46,43,45,44,44,44,44,47,51,47,48,42,42,42,47,47,48,47,49,48,45,45,47,45,48,44,44,46,46,45,44,43,45,42,43,40,39,43,46,47,45,46,46,42,49,45,44,44,45,45,43,47,42,45,43,45,41,43,44,45,47,40,46,45,45,50,45,46,44,48,43,46,43,42,41,41,41,47,42,48,46,49,38,47,45,44,45,45,43,42,43,44,43,43,44,44,45,49,47,47,45,41,43,42,40,43,45,46,41,43,45,47,44,48,45,49,49,48,48,47,40,41,42,49,44,47,47,44,44,47,46,46,42,41,42,42,46,45,44,48,48,44,
45,48,41,45,43,43,43,44,45,45,47,48,46,47,49,49,41,42,41,46,40,48,48,41,45,45,45,45,46,46,49,48,47,45,46,46,46,47,42,46,48,42,42,48,46,47,44,46,45,37,46,44,48,48,51,44,44,44,44,45,47,47,44,49,49,49,49,47,44,43,42,42,48,50,49,46,46,46,46,49,43,48,48,49,47,48,44,43,45,43,45,46,45,45,43,52,44,40,47,45,49,43,43,50,45,45,45,43,46,45,48,47,47,45,47,45,43,47,44,44,42,46,47,49,48,42,44,45,43,49,49,46,45,49,46,47,47,46,45,45,45,47,45,45,47,42,44,45,43,47,41,42,52,48,47,45,46,43,49,50,46,43,45,45,45,47,47,45,47,46,46,44,45,48,48,40,46,45,46,45,44,46,45,45,43,43,43,43,41,42,42,48,48,42,43,48,49,39,47,45,45,44,43,47,46,45,43,45,47,48,43,44,50,45,50,48,46,44,41,44,44,47,41,44,43,43,44,49,46,46,50,49,49,50,46,41,50,42,47,47,44,45,45,45,47,45,46,43,44,47,47,46,45,44,46,45,
45,45,43,46,48,43,45,47,47,43,46,47,44,48,45,49,44,42,42,50,46,46,50,42,42,51,48,47,46,50,50,46,48,48,47,47,44,47,47,48,48,50,47,43,47,46,43,44,46,43,43,44,44,47,45,50,44,48,45,47,52,45,43,48,48,50,45,49,48,43,45,48,47,42,48,44,48,47,45,45,42,48,43,43,47,47,44,44,44,46,44,46,47,48,44,45,45,45,47,46,50,47,43,43,46,48,47,46,46,48,48,48,46,45,45,49,47,49,49,45,44,42,47,42,42,43,44,45,46,47,45,49,49,46,47,47,48,46,48,46,45,45,50,45,47,47,43,46,45,47,40,44,52,46,48,49,49,45,42,49,47,45,47,42,45,45,45,46,46,47,47,45,52,49,48,47,42,45,44,49,50,46,46,46,45,44,43,43,47,43,43,46,48,47,42,47,40,45,41,45,44,46,45,43,48,54,43,46,47,47,47,48,49,44,50,44,46,46,46,49,48,45,44,47,47,44,46,47,46,48,47,49,47,49,47,49,50,47,46,46,46,45,46,45,45,47,47,44,45,51,47,47,48,45,46,46,
47,46,43,49,49,47,44,49,46,48,47,47,51,49,45,45,46,46,45,48,48,45,48,48,43,44,47,44,48,47,46,46,47,50,48,46,46,48,49,49,50,50,49,46,45,44,51,45,48,44,47,44,44,49,45,49,51,48,49,52,53,42,46,47,49,51,46,46,44,49,53,48,48,49,42,42,48,41,47,45,47,49,45,48,44,49,44,45,48,46,43,51,47,44,50,45,48,45,47,47,43,46,49,50,47,47,48,48,47,48,48,47,49,47,47,48,49,48,44,47,45,42,43,44,43,44,49,45,44,47,43,47,46,46,46,48,46,46,49,47,46,44,46,44,48,47,45,48,43,46,41,43,43,47,48,46,49,49,46,42,47,48,46,47,43,47,46,47,47,48,48,47,47,49,47,48,44,43,44,49,51,47,47,47,45,50,47,46,52,48,47,47,43,47,46,46,43,41,48,42,49,46,44,47,43,48,47,56,52,47,51,49,48,50,45,45,45,48,41,48,50,46,45,47,48,46,48,47,46,46,46,48,48,48,49,45,48,48,48,48,47,44,46,45,47,49,48,46,45,45,48,50,49,49,46,52,
47,47,44,44,46,48,49,50,44,47,48,48,50,52,49,49,50,48,46,50,48,50,50,49,49,43,48,49,45,44,46,47,48,52,51,47,46,49,49,52,51,49,45,47,45,45,51,46,48,46,48,47,46,52,51,46,49,51,49,50,44,43,50,43,46,45,45,49,52,52,48,48,49,50,43,48,47,47,47,48,50,49,48,51,51,45,47,47,45,49,44,51,45,46,49,45,48,49,47,48,47,46,47,48,44,51,49,48,52,49,47,48,47,47,50,51,49,45,51,47,46,47,46,45,43,45,44,46,45,46,50,49,47,51,47,46,47,46,46,52,47,48,45,47,47,47,45,50,51,47,42,50,44,50,50,48,49,47,49,47,49,48,47,45,45,44,47,49,50,44,47,46,45,50,47,44,51,42,44,45,50,43,47,49,48,48,44,47,42,48,46,47,47,46,48,46,43,47,44,50,49,43,48,46,48,48,48,56,54,54,54,50,49,46,47,46,50,49,42,45,48,50,45,48,45,47,47,50,48,44,47,49,46,50,48,48,47,49,48,48,46,47,47,46,48,49,50,46,45,51,48,48,48,44,50,51,
48,48,46,46,48,48,47,50,49,48,50,48,50,49,53,48,51,45,50,50,46,50,49,51,52,51,48,49,46,45,45,47,47,49,46,46,45,47,51,48,52,52,48,48,47,48,46,49,46,48,45,48,48,45,51,48,49,49,50,51,53,44,53,47,45,45,48,47,49,44,48,49,49,51,45,49,49,48,45,51,54,50,49,49,52,49,47,47,49,48,49,49,47,45,46,48,48,48,50,52,49,50,49,48,45,48,51,47,45,50,53,53,51,48,50,49,50,47,45,46,44,47,48,47,44,45,51,46,46,45,47,46,48,47,48,48,48,48,49,53,50,43,48,47,47,48,49,48,47,51,51,47,48,51,51,51,50,47,50,51,50,48,51,47,46,48,47,48,45,45,46,47,46,50,45,50,46,45,52,44,45,49,47,50,48,52,51,49,43,48,51,50,46,46,46,49,51,48,48,47,45,45,51,46,47,49,48,53,46,49,54,49,50,50,47,48,53,47,43,44,49,48,47,46,46,46,47,49,50,48,50,49,47,45,50,44,46,48,48,49,47,47,48,48,51,44,50,50,47,46,49,46,44,45,45,52,
54,49,50,47,50,48,49,45,46,48,49,49,49,49,47,49,51,49,50,50,53,50,47,51,48,54,51,48,48,48,46,46,52,47,51,47,51,48,49,47,52,45,52,48,49,47,49,52,47,45,50,50,45,48,49,49,50,50,50,52,55,53,48,50,49,46,50,48,48,53,51,52,48,51,52,50,47,48,52,51,45,53,55,51,48,49,48,50,49,50,49,48,48,46,46,49,47,48,44,51,51,50,47,45,49,47,47,47,47,47,53,53,48,49,48,51,51,48,45,49,46,47,46,46,45,46,52,47,47,46,45,47,49,47,46,48,48,45,47,51,54,44,44,44,50,50,50,47,52,45,49,48,48,51,47,49,50,51,50,49,50,49,53,49,48,50,46,49,48,46,46,53,46,48,48,51,47,48,45,44,49,49,48,49,49,53,51,51,51,49,50,46,47,47,50,50,46,48,49,47,48,48,54,49,51,51,50,49,50,50,48,48,49,47,51,49,52,49,48,51,48,49,55,47,44,47,47,47,46,44,50,50,52,49,51,46,46,46,49,47,48,47,47,49,49,53,46,51,47,47,49,49,46,45,42,52,
50,50,49,55,52,48,50,45,46,49,50,50,48,50,49,50,49,50,50,49,53,51,47,51,49,49,49,52,51,51,51,46,52,50,46,48,46,45,51,48,48,50,50,50,48,47,47,50,53,45,50,50,50,52,52,50,52,50,50,53,46,54,47,50,50,49,50,48,49,50,52,53,51,51,52,49,45,49,45,52,46,47,51,52,48,53,49,47,50,49,49,50,49,49,47,49,49,50,48,48,49,52,47,45,45,47,49,47,47,47,49,45,51,49,49,50,49,55,49,47,48,49,45,52,47,53,49,48,49,48,47,49,49,52,47,47,47,49,50,48,49,48,45,48,51,49,51,49,50,49,48,47,53,54,50,48,48,48,53,51,55,49,52,52,53,50,50,47,50,46,49,52,47,51,49,48,47,47,48,45,47,46,51,50,50,55,51,49,49,52,48,54,49,52,51,50,47,48,52,51,47,49,47,48,51,50,50,51,51,52,51,50,51,51,48,53,46,49,50,52,46,50,45,51,55,51,54,47,51,48,47,50,48,48,48,46,46,50,46,46,48,49,51,48,46,49,52,51,50,50,51,50,46,46,43,43,
49,50,50,51,49,51,46,49,49,50,50,48,51,49,47,50,51,50,51,48,53,52,49,48,51,49,50,52,49,49,51,50,52,53,47,55,46,46,51,49,52,49,49,48,49,50,51,52,50,46,51,50,50,53,52,49,53,52,52,51,50,49,48,51,50,54,52,50,50,50,51,50,49,52,50,49,50,46,54,53,52,48,48,55,49,53,52,48,50,46,50,51,50,49,49,49,48,49,51,49,53,53,52,48,52,51,48,49,50,50,50,47,46,47,47,47,50,50,51,51,49,48,49,51,55,54,53,53,48,47,49,48,50,51,48,47,47,50,46,48,49,50,56,49,48,51,49,50,51,50,51,50,51,50,50,51,50,49,55,51,56,51,49,53,51,53,49,49,48,51,50,53,48,51,49,49,50,53,48,46,48,47,47,51,50,55,55,51,54,53,53,54,50,48,51,52,49,48,50,51,52,46,54,55,47,51,48,50,52,50,51,47,50,51,51,45,51,49,49,49,45,51,47,51,53,53,55,56,52,50,51,48,48,49,48,48,51,50,50,47,53,50,49,49,51,48,52,51,51,48,49,51,49,46,44,44,
52,49,52,52,51,52,53,52,50,51,52,49,52,49,49,51,52,50,52,51,52,50,50,49,49,50,49,50,50,51,52,51,51,50,54,48,50,47,50,52,50,52,48,53,53,51,50,52,53,49,48,53,54,50,52,50,50,51,53,51,51,48,51,51,50,50,50,49,50,51,48,53,49,50,51,49,49,55,54,49,50,50,49,52,49,55,55,49,48,52,52,51,52,50,50,49,51,50,53,51,51,54,50,53,54,49,51,48,52,51,49,48,48,49,48,48,50,50,48,50,48,48,48,47,55,52,50,54,49,50,52,47,49,49,51,51,51,50,54,48,51,51,48,48,49,50,51,50,51,52,51,50,55,52,51,53,50,49,55,50,54,50,51,52,54,53,55,50,47,48,50,51,53,53,52,50,51,51,52,53,47,49,49,48,51,51,50,52,54,51,53,48,50,47,50,49,49,49,50,51,50,47,56,50,49,50,49,49,50,52,49,48,52,50,51,52,52,50,54,52,48,51,47,53,51,50,53,56,57,48,51,50,49,51,51,52,48,49,48,50,51,50,52,50,51,48,53,53,51,52,49,49,50,50,51,45,
52,51,52,53,52,52,54,52,52,51,55,53,49,52,51,49,54,49,55,50,52,49,49,49,49,51,51,51,52,52,53,52,52,51,50,48,51,51,52,51,52,48,51,51,48,54,52,49,53,50,49,54,50,49,51,51,50,51,51,53,51,50,51,51,49,50,50,52,51,50,48,54,52,51,49,54,51,51,51,50,50,48,49,51,55,50,54,54,54,54,53,50,53,48,51,50,53,54,55,52,52,52,49,50,50,50,51,48,48,49,48,52,50,50,50,51,49,48,53,49,51,48,49,49,55,54,53,50,50,51,49,54,48,50,49,52,53,47,50,48,55,50,48,53,49,49,52,51,55,50,51,51,50,51,50,52,50,49,53,50,52,52,52,50,52,52,53,48,49,53,51,50,52,55,53,51,49,52,53,50,56,51,53,49,53,49,52,50,54,54,52,49,58,55,49,50,49,49,52,50,53,53,53,50,49,50,53,50,53,50,50,51,50,52,50,51,52,47,54,53,53,51,48,52,53,50,50,48,48,48,52,52,50,52,50,46,53,55,51,50,53,50,55,51,52,52,53,54,50,52,50,51,52,54,51,52,
52,54,53,55,53,55,53,51,55,54,55,47,52,49,51,54,51,50,51,51,53,50,52,49,50,50,51,52,51,54,51,52,52,53,53,51,49,52,53,53,52,49,53,50,52,49,52,50,50,52,53,51,50,53,51,51,51,52,52,53,51,51,50,51,53,53,52,52,55,51,51,55,53,54,50,55,54,55,52,49,50,49,52,51,51,51,55,54,55,56,53,53,55,52,49,53,53,54,51,48,52,53,51,49,50,51,53,50,49,51,50,51,51,56,50,52,49,51,49,49,52,49,50,53,56,54,52,51,50,53,51,50,49,55,49,54,50,48,51,54,56,50,57,49,51,55,51,52,51,53,55,52,51,54,52,51,52,52,53,54,50,49,50,50,52,52,53,54,48,50,53,51,53,51,54,54,51,52,55,51,51,52,51,51,52,49,51,50,48,50,52,51,50,58,50,50,50,50,49,48,51,55,54,53,54,50,50,53,53,50,52,51,50,52,51,53,50,52,51,49,55,49,47,52,51,51,51,53,52,51,50,50,53,51,48,48,52,55,49,49,54,52,55,51,48,52,46,52,51,50,56,52,54,53,54,52,
53,54,54,52,56,56,53,49,52,55,50,48,48,50,54,54,52,53,52,53,52,52,51,50,51,53,54,56,53,52,54,52,52,55,53,55,52,50,52,52,53,49,51,50,53,50,53,51,51,49,49,52,51,56,53,54,53,54,56,55,51,50,53,53,54,54,53,54,53,52,51,53,54,55,50,53,52,55,53,52,50,54,53,53,51,56,51,53,52,56,53,50,55,51,50,51,50,50,54,52,50,52,53,52,50,54,51,50,53,52,52,52,51,53,51,54,50,50,54,50,49,52,51,54,54,52,53,54,50,53,53,52,51,53,54,52,52,51,51,52,55,54,57,58,53,49,52,53,52,53,53,54,52,52,53,53,52,50,52,52,55,49,53,51,52,53,54,54,53,54,51,53,54,52,55,52,53,53,55,54,51,53,51,51,51,51,49,53,49,52,54,53,53,53,53,52,50,51,50,54,53,54,52,53,53,53,52,52,51,54,54,50,51,54,53,54,50,51,51,53,50,48,48,54,53,52,52,55,53,55,54,52,51,52,53,54,54,49,49,51,50,54,56,55,51,53,50,56,54,51,51,57,57,52,53,54,
52,54,52,52,51,53,54,53,55,51,53,51,52,56,55,57,55,53,53,54,54,52,51,51,50,51,54,53,51,55,55,52,53,54,54,55,55,55,53,52,52,52,51,53,51,49,49,54,54,51,53,52,52,53,57,54,55,53,55,57,57,53,54,54,54,54,54,54,54,50,52,50,52,55,52,51,52,51,53,53,54,54,55,53,52,52,55,51,51,53,53,56,56,53,53,52,50,50,53,54,52,51,50,51,51,53,51,53,51,53,51,55,50,55,53,54,51,56,51,51,55,55,56,55,53,52,55,55,55,52,52,52,53,55,53,53,52,53,51,52,52,56,53,53,54,49,49,54,52,56,54,51,54,54,51,53,55,54,53,54,54,51,55,55,54,53,52,57,54,51,55,53,54,53,52,53,52,53,53,55,52,53,54,54,53,57,52,51,54,55,54,52,54,55,52,55,54,53,54,53,54,55,54,54,55,52,52,54,52,56,56,56,57,50,54,54,53,50,51,51,53,52,49,52,53,50,55,56,57,56,55,54,53,52,53,54,52,51,55,55,51,56,56,56,55,57,53,56,53,52,52,53,57,53,53,56,
53,52,51,52,53,53,55,54,55,53,54,57,54,53,55,57,56,54,55,55,54,53,53,54,53,54,55,52,56,53,56,51,54,56,55,54,54,52,54,51,54,55,54,54,51,52,51,55,55,54,52,53,54,52,56,56,55,52,55,55,55,55,54,56,55,55,54,55,55,51,54,58,51,57,51,55,53,51,52,55,53,52,55,56,51,54,52,54,53,53,52,56,58,55,53,52,51,55,54,56,53,56,55,53,52,52,57,54,55,53,52,52,53,55,56,56,53,56,56,56,55,55,56,53,55,53,52,55,55,56,56,56,53,56,56,57,54,53,52,52,53,57,57,55,51,50,52,51,53,54,51,50,51,53,52,54,53,55,53,55,55,53,52,54,56,55,57,54,51,51,51,51,54,54,54,55,52,55,55,56,53,53,53,55,55,55,53,56,52,56,55,56,51,53,53,56,54,55,55,54,53,56,56,56,52,53,56,54,54,55,55,56,55,53,51,52,56,53,52,53,54,53,52,56,52,55,51,59,59,55,53,54,53,53,54,52,53,51,52,56,52,57,57,59,57,54,53,54,52,55,55,52,58,57,57,57,
57,56,51,56,54,53,56,56,53,55,54,56,53,54,53,55,53,56,56,55,53,55,52,54,55,54,54,58,55,56,54,54,52,52,56,55,55,55,55,54,55,54,56,54,55,58,55,52,55,56,53,54,55,53,58,56,54,55,55,55,56,53,56,56,56,58,57,54,55,55,58,59,51,58,52,55,53,55,53,52,55,54,53,56,53,56,53,55,57,56,53,52,54,56,53,54,54,53,51,54,54,56,54,53,55,52,58,55,55,52,52,53,56,58,56,54,57,54,55,53,53,52,57,52,55,53,54,54,54,53,57,55,57,54,54,55,53,55,52,54,54,57,57,54,55,52,53,53,53,58,58,53,56,55,54,53,56,54,54,53,56,54,53,54,54,55,58,57,55,55,54,56,55,56,54,53,55,53,55,54,55,58,52,55,55,55,56,55,56,56,53,52,54,54,53,53,55,54,54,55,57,55,57,55,56,55,54,57,54,55,56,55,55,51,52,52,56,55,54,54,57,56,51,53,54,56,56,57,55,58,54,54,55,56,56,52,53,57,52,56,57,57,53,55,57,54,53,54,57,54,55,56,54,55,57,58,
54,55,58,57,54,55,54,58,54,55,58,59,58,56,58,56,55,56,54,54,54,55,55,57,53,55,55,56,54,57,57,57,56,56,57,53,53,56,57,52,56,55,53,57,58,59,56,57,58,55,56,57,55,58,53,59,55,54,55,56,57,57,58,56,56,56,52,56,59,55,55,55,55,52,53,53,55,56,58,51,53,56,54,55,54,57,56,56,56,55,54,54,55,55,58,54,56,54,56,52,54,55,55,54,59,57,59,56,56,53,52,58,56,56,58,55,55,57,56,52,54,56,54,52,56,53,54,55,57,58,57,56,56,54,55,55,56,55,56,52,55,56,57,57,58,57,53,53,54,59,58,58,58,57,54,54,56,55,54,53,58,54,54,53,54,56,59,58,56,56,56,56,59,55,57,55,56,57,56,55,56,56,52,57,56,57,56,57,56,55,55,54,57,55,55,54,55,56,54,54,58,58,56,56,58,57,57,53,58,58,54,56,52,55,52,53,55,54,58,56,56,55,55,53,55,55,57,58,57,56,55,54,56,54,54,54,53,55,56,54,58,57,56,56,57,56,54,54,56,55,55,54,55,57,56,60,
55,56,56,57,55,54,55,55,55,55,55,59,57,60,55,55,55,58,53,57,54,55,54,59,55,57,54,57,55,57,58,54,58,57,58,57,55,56,55,55,53,56,54,57,59,58,60,61,58,57,57,56,57,59,60,56,57,57,57,55,55,57,58,56,59,56,53,57,58,55,54,55,54,55,55,53,55,54,55,59,57,56,53,55,55,55,56,59,57,53,59,57,56,54,59,56,58,60,57,56,55,53,55,55,59,59,56,56,56,55,55,54,57,58,57,59,54,54,57,56,53,56,55,57,57,53,53,53,57,55,56,57,58,56,55,55,58,55,56,56,57,56,54,57,59,56,54,56,54,54,59,57,59,57,59,54,57,57,57,54,54,57,56,56,54,55,54,56,58,54,57,55,55,55,53,58,58,56,56,56,56,59,55,53,54,57,56,56,57,56,55,56,57,58,56,54,54,54,57,56,59,59,56,58,58,56,58,53,54,57,58,55,57,56,53,53,57,56,56,57,59,56,55,55,53,56,55,58,57,56,56,56,55,55,56,54,54,54,56,55,60,58,57,57,56,55,55,55,56,55,55,57,57,57,55,58,
57,56,57,57,59,55,56,55,56,58,55,55,57,59,56,55,56,57,57,54,55,56,57,59,55,57,55,57,57,58,55,57,58,56,58,58,58,56,57,55,56,56,55,57,57,54,59,61,57,58,60,60,58,58,57,56,58,58,56,56,56,58,55,59,57,57,58,57,57,59,54,55,55,54,56,55,55,55,56,57,58,58,55,56,55,54,56,55,56,53,56,59,57,56,59,57,55,58,57,55,56,55,54,54,56,61,56,57,58,57,56,57,53,57,54,58,59,60,57,58,57,57,56,56,58,56,56,56,55,57,55,57,58,56,55,56,57,55,56,56,59,60,55,60,59,58,57,59,57,55,59,55,54,59,59,55,57,58,57,58,56,57,57,58,56,55,56,57,56,55,56,56,57,59,57,55,58,59,59,56,55,56,57,55,58,57,57,56,58,57,56,56,56,58,56,54,55,55,56,57,58,54,59,58,58,56,59,57,54,56,58,58,58,53,56,59,58,57,56,60,57,60,57,56,54,55,57,58,57,56,56,56,56,56,58,57,55,60,60,55,55,56,57,56,56,57,56,56,55,58,56,59,55,58,56,58,
57,56,58,58,57,58,56,59,56,57,58,56,58,57,59,56,58,58,58,57,57,57,58,58,56,57,57,56,54,57,54,55,57,57,57,60,58,58,58,59,57,57,56,60,57,58,58,60,57,58,56,61,57,59,57,57,57,60,57,57,55,58,56,59,57,58,57,58,61,58,56,55,55,55,59,56,56,55,56,55,60,58,58,56,56,58,59,56,56,55,56,54,57,56,56,57,58,59,58,57,55,56,56,56,57,58,58,56,58,60,59,58,57,58,59,58,59,61,58,56,58,59,57,57,60,58,57,60,59,57,58,56,57,57,56,56,56,56,57,58,59,59,59,59,59,59,57,59,58,60,60,58,56,58,59,59,57,58,57,57,56,58,59,58,57,56,57,59,57,56,57,55,60,60,59,57,59,57,59,56,55,57,59,59,58,57,58,57,56,58,59,58,57,58,56,57,56,56,58,57,57,57,58,60,60,55,57,60,58,58,57,58,57,58,57,58,57,55,58,57,58,59,59,56,57,54,57,57,61,57,59,58,57,58,59,59,59,56,55,57,58,60,58,55,56,57,57,57,56,57,57,61,57,58,58,57,
58,56,57,58,59,60,56,60,58,57,57,56,56,57,61,59,58,59,58,58,56,58,60,59,57,57,58,56,57,58,57,55,58,57,57,57,60,60,59,59,58,58,56,57,58,56,58,59,56,57,58,57,58,56,56,57,58,59,58,56,58,56,57,58,58,58,58,58,59,60,60,56,56,57,56,57,58,60,56,56,58,58,57,57,59,57,57,59,59,58,57,59,59,58,60,56,59,59,58,56,58,56,56,58,58,57,58,58,59,60,58,60,58,58,59,57,59,57,57,57,58,57,59,57,58,58,58,59,60,58,58,58,59,60,57,57,61,56,58,56,59,57,60,61,59,59,58,58,57,60,58,59,58,56,56,56,59,60,58,57,58,57,57,59,57,58,57,58,59,57,57,55,56,60,57,56,57,62,56,57,57,56,59,61,56,56,56,56,58,56,58,58,58,56,57,58,58,58,57,56,57,57,58,59,61,57,57,58,56,57,57,58,58,58,55,59,58,59,59,58,56,59,59,57,59,58,59,57,57,58,61,58,59,58,58,59,61,56,60,60,58,57,58,57,56,57,58,58,60,58,60,61,59,56,59,58,
58,59,57,58,58,60,57,57,61,59,60,58,58,57,61,59,58,60,58,59,58,57,58,60,58,58,60,59,59,58,59,58,57,61,56,57,57,59,58,59,59,59,58,59,59,57,58,58,58,59,61,61,59,58,61,58,58,58,59,58,57,57,59,58,57,57,58,58,59,58,58,58,57,56,59,57,56,60,58,58,59,59,60,58,57,60,58,57,60,61,57,57,61,60,59,59,59,60,56,58,62,57,57,57,58,59,57,59,60,59,61,59,59,59,58,59,57,58,60,58,60,59,59,59,59,59,60,58,60,59,59,58,59,56,57,59,59,61,57,62,58,60,58,57,61,60,60,59,60,58,61,57,56,57,60,59,58,59,58,58,57,57,59,57,59,60,57,57,58,59,58,56,57,58,56,58,60,63,57,59,57,59,59,62,61,60,58,58,61,57,59,59,58,57,58,59,58,59,57,57,59,58,57,58,59,59,58,59,60,58,58,58,59,57,58,61,58,59,60,60,59,61,60,61,57,58,58,58,58,57,58,59,59,60,59,60,59,59,59,61,60,57,58,60,57,59,58,59,58,56,58,59,60,61,59,59,
61,57,60,58,57,58,59,60,60,60,59,59,61,58,58,58,60,58,58,59,57,59,60,62,59,61,59,58,59,59,59,61,58,57,61,60,58,58,59,59,59,59,59,60,60,61,59,59,58,57,58,59,59,60,62,60,60,59,58,58,62,59,59,58,59,58,59,58,60,58,60,58,58,60,60,60,59,57,60,62,59,59,60,61,57,62,60,62,61,59,58,58,60,59,60,60,57,61,59,59,62,59,57,60,58,59,59,60,61,60,59,61,61,60,59,58,60,59,58,61,58,59,60,59,60,58,58,60,59,59,60,57,61,57,59,59,57,61,62,58,59,59,58,57,59,60,60,62,57,60,62,61,62,58,58,60,58,61,58,58,58,57,58,58,59,58,58,60,58,60,59,58,59,61,60,57,58,58,63,60,59,58,60,59,62,60,59,58,60,61,59,57,59,58,58,59,60,58,57,60,60,60,59,58,59,58,61,60,60,58,57,61,57,58,59,60,59,59,57,61,59,61,60,58,58,60,61,58,60,58,58,57,59,59,60,60,60,60,59,59,58,61,61,60,60,59,60,57,59,59,59,59,60,60,59,59,
61,59,60,61,61,59,59,59,60,59,61,60,61,61,61,61,60,59,59,59,60,60,59,60,62,61,60,61,59,60,62,62,60,58,60,58,59,58,60,59,59,60,58,59,62,61,59,60,61,58,59,59,60,62,59,62,61,62,59,63,62,61,61,59,60,60,59,61,59,60,59,59,60,60,61,61,59,58,62,62,61,59,61,61,58,62,60,61,62,59,60,59,61,60,61,59,61,61,61,61,60,60,58,61,62,60,60,61,61,58,60,60,61,60,58,59,61,61,61,59,60,60,60,59,61,60,59,59,60,61,59,60,59,61,62,60,59,62,60,59,59,58,60,58,59,58,61,59,61,60,61,61,61,59,60,61,61,59,59,59,59,59,61,61,59,58,60,60,58,61,61,59,60,60,61,59,60,59,61,60,58,58,59,60,60,59,59,62,59,61,63,58,60,61,62,59,60,59,58,61,60,60,58,61,59,60,60,61,61,60,59,58,59,58,62,61,61,60,60,61,62,59,59,59,59,61,61,60,61,60,59,58,58,60,61,60,59,61,59,61,58,59,60,61,61,58,61,59,59,59,60,60,61,60,60,61,
60,59,60,60,61,60,60,60,61,60,61,61,60,61,61,62,62,60,61,60,60,61,61,61,59,62,61,61,62,59,62,62,62,61,60,61,60,61,59,63,60,61,60,60,60,61,61,61,59,60,61,59,61,60,60,62,60,60,60,59,61,63,61,60,59,62,61,61,59,62,60,59,60,60,61,62,60,60,60,61,61,59,59,60,62,61,62,62,63,60,61,60,60,59,61,61,62,60,62,61,62,60,61,61,60,59,60,60,60,62,62,60,61,62,62,61,60,59,60,62,60,64,61,61,62,62,61,62,60,61,60,61,61,60,60,61,62,62,60,59,59,62,59,59,60,62,60,61,61,63,59,60,61,60,60,59,60,60,63,62,60,60,62,60,61,60,60,60,59,59,62,61,61,62,60,60,61,60,60,62,59,61,62,62,61,60,60,63,61,60,62,63,61,61,59,62,61,60,61,61,62,62,60,59,60,61,61,61,62,61,61,63,61,62,60,61,62,60,62,60,62,61,62,61,61,62,62,61,60,60,61,62,59,60,60,61,60,60,60,61,61,59,60,61,61,60,59,60,59,60,59,61,60,61,62,62,
61,60,61,62,62,61,63,62,60,60,61,63,61,61,61,61,62,60,62,62,62,61,60,61,61,60,63,62,62,60,62,60,63,62,60,61,61,62,61,62,61,64,61,61,61,60,61,62,62,61,61,62,61,61,60,63,62,61,62,60,62,61,60,63,60,60,61,63,62,62,62,61,62,60,62,62,60,60,61,62,62,64,62,60,62,60,62,62,62,62,61,62,61,62,61,61,62,61,62,61,61,62,61,61,62,60,62,60,60,61,61,61,62,64,63,62,62,61,63,63,61,64,61,62,61,61,62,63,62,63,61,61,62,62,61,62,62,63,62,64,62,61,61,61,60,62,63,62,63,61,64,62,60,62,61,60,60,60,61,64,61,62,63,62,62,61,62,61,62,62,63,60,62,61,62,61,61,61,62,61,61,62,61,62,61,61,61,61,62,63,60,62,62,61,60,62,62,60,62,61,62,62,61,60,60,60,61,63,62,61,62,61,60,62,61,61,61,62,62,61,61,62,61,62,62,61,63,61,63,63,61,61,62,60,61,62,61,62,62,63,61,63,61,63,63,63,61,62,62,62,61,60,62,61,61,62,
62,61,61,62,61,62,61,64,62,62,62,62,61,63,63,62,63,63,62,62,62,61,61,62,62,63,63,61,62,62,61,62,62,62,61,61,62,62,61,62,63,61,61,62,62,62,61,62,62,63,62,63,62,61,61,62,62,62,62,63,62,62,62,61,63,61,63,63,61,62,61,62,61,61,62,62,61,61,62,61,61,62,63,63,62,61,62,62,63,61,62,62,62,62,62,62,61,61,62,62,62,62,62,63,62,63,62,62,63,62,61,61,62,62,62,63,62,63,62,62,63,62,63,61,62,62,62,63,62,63,62,62,63,62,62,61,61,63,61,64,62,63,61,61,61,62,62,63,62,64,62,62,61,61,63,62,62,62,62,61,61,61,61,62,61,62,61,61,61,62,61,62,62,61,62,62,61,62,63,62,61,63,62,62,62,62,61,63,62,63,61,62,61,61,61,61,62,62,62,63,61,62,61,64,61,62,62,62,63,62,61,63,64,62,63,63,62,62,62,61,63,63,62,64,63,62,61,63,63,63,62,63,62,63,62,62,62,63,62,62,61,61,62,61,62,63,64,62,62,63,62,62,62,62,62,62,
62,62,62,62,63,64,63,62,62,62,62,62,62,63,62,63,63,63,62,62,62,63,62,62,64,62,63,63,62,63,63,62,62,62,63,62,63,64,62,62,63,64,62,62,62,62,63,62,64,62,63,63,63,62,62,64,63,63,63,63,62,63,62,63,62,62,62,63,63,64,63,63,63,63,63,63,62,62,62,62,62,62,63,63,63,62,62,64,63,62,62,63,62,63,62,63,64,62,62,63,64,63,62,63,62,63,62,63,63,63,62,63,62,63,63,64,62,64,63,63,62,62,63,64,63,63,63,63,62,63,63,62,64,63,62,62,63,62,62,62,62,63,62,62,62,63,64,63,63,62,63,63,63,62,63,63,63,63,62,62,62,62,62,62,64,62,62,62,62,62,62,63,62,62,62,63,64,62,64,63,63,63,63,62,63,63,62,62,63,62,62,63,62,63,64,63,63,63,62,63,62,62,62,63,62,62,63,63,64,63,62,62,62,63,62,62,62,62,63,64,62,63,63,63,62,63,63,62,63,63,63,63,63,63,62,63,62,63,64,63,62,63,62,62,63,64,63,64,63,62,62,62,62,63,63,62,
63,63,63,63,63,64,63,64,63,63,63,64,64,63,63,63,63,64,63,63,63,64,63,63,64,63,63,64,64,63,64,64,63,63,63,63,63,64,63,63,64,63,64,63,63,63,63,63,64,64,63,63,64,63,63,63,64,64,64,64,63,63,63,63,63,64,63,63,63,63,64,63,64,64,64,64,63,63,63,63,63,64,63,64,64,63,63,63,64,63,63,63,63,63,63,63,63,63,63,63,64,63,63,64,63,63,63,64,63,64,63,64,64,63,64,64,63,64,63,63,63,63,63,63,63,63,64,64,63,63,63,63,63,63,64,63,63,64,63,63,64,64,63,63,63,64,63,63,63,63,63,63,63,64,63,64,64,63,63,63,63,63,63,63,63,63,63,63,63,63,63,64,64,64,64,63,63,63,63,63,63,64,63,64,63,63,63,63,63,63,63,63,63,63,63,63,63,63,64,63,63,63,64,63,64,63,63,63,64,63,63,63,64,63,63,64,63,63,63,63,63,64,63,63,63,63,64,64,63,63,63,64,64,64,63,64,63,63,64,64,64,63,63,63,63,64,64,63,64,63,63,63,64,64,63,63,
64,64,64,64,64,64,64,64,64,64,64,64,64,64,64,64,64,64,64,64,64,64,64,64,64,64,64,64,64,64,64,64,64,64,64,64,64,64,64,64,64,64,64,64,64,64,64,64,64,64,64,64,64,64,64,64,64,64,64,64,64,64,64,64,64,64,64,64,64,64,64,64,64,64,64,64,64,64,64,64,64,64,64,64,64,64,64,64,64,64,64,64,64,64,64,64,64,64,64,64,64,64,64,64,64,64,64,64,64,64,64,64,64,64,64,64,64,64,64,64,64,64,64,64,64,64,64,64,64,64,64,64,64,64,64,64,64,64,64,64,64,64,64,64,64,64,64,64,64,64,64,64,64,64,64,64,64,64,64,64,64,64,64,64,64,64,64,64,64,64,64,64,64,64,64,64,64,64,64,64,64,64,64,64,64,64,64,64,64,64,64,64,64,64,64,64,64,64,64,64,64,64,64,64,64,64,64,64,64,64,64,64,64,64,64,64,64,64,64,64,64,64,64,64,64,64,64,64,64,64,64,64,64,64,64,64,64,64,64,64,64,64,64,64,64,64,64,64,64,64,64,64,64,64,64,64,