[64, 256, 128]
0,0,0,0,0,0,0,0,0,0,0,0,0,0,0,0,0,0,0,0,0,0,0,0,0,0,0,0,0,0,0,0,0,0,0,0,0,0,0,0,0,0,0,0,0,0,0,0,0,0,0,0,0,0,0,0,0,0,0,0,0,0,0,0,0,0,0,0,0,0,0,0,0,0,0,0,0,0,0,0,0,0,0,0,0,0,0,0,0,0,0,0,0,0,0,0,0,0,0,0,0,0,0,0,0,0,0,0,0,0,0,0,0,0,0,0,0,0,0,0,0,0,0,0,0,0,0,0,0,0,0,0,0,0,0,0,0,0,0,0,0,0,0,0,0,0,0,0,0,0,0,0,0,0,0,0,0,0,0,0,0,0,0,0,0,0,0,0,0,0,0,0,0,0,0,0,0,0,0,0,0,0,0,0,0,0,0,0,0,0,0,0,0,0,0,0,0,0,0,0,0,0,0,0,0,0,0,0,0,0,0,0,0,0,0,0,0,0,0,0,0,0,0,0,0,0,0,0,0,0,0,0,0,0,0,0,0,0,0,0,0,0,0,0,0,0,0,0,0,0,0,0,0,0,0,0,
0,0,0,0,0,0,0,0,0,0,0,0,0,0,0,0,0,0,0,0,0,0,0,0,0,0,0,0,0,0,0,0,0,0,0,0,0,0,0,0,0,0,0,0,0,0,0,0,0,0,0,0,0,0,0,0,0,0,0,0,0,0,0,0,0,0,0,0,0,0,0,0,0,0,0,0,0,0,0,0,0,0,0,0,0,0,0,0,0,0,0,0,0,0,0,0,0,0,0,0,0,0,0,0,0,0,0,0,0,0,0,0,0,0,0,0,0,0,0,0,0,0,0,0,0,0,0,0,0,0,0,0,0,0,0,0,0,0,0,0,0,0,0,0,0,0,0,0,0,0,0,0,0,0,0,0,0,0,0,0,0,0,0,0,0,0,0,0,0,0,0,0,0,0,0,0,0,0,0,0,0,0,0,0,0,0,0,0,0,0,0,0,0,0,0,0,0,0,0,0,0,0,0,0,0,0,0,0,0,0,0,0,0,0,0,0,0,0,0,0,0,0,0,0,0,0,0,0,0,0,0,0,0,0,0,0,0,0,0,0,0,0,0,0,0,0,0,0,0,0,0,0,0,0,0,0,
0,0,0,0,0,0,0,0,0,0,0,0,0,0,0,0,0,0,0,0,0,0,0,0,0,0,0,0,0,0,0,0,0,0,0,0,0,0,0,0,0,0,0,0,0,0,0,0,0,0,0,0,0,0,0,0,0,0,0,0,0,0,0,0,0,0,0,0,0,0,0,0,0,0,0,0,0,0,0,0,0,0,0,0,0,0,0,0,0,0,0,0,0,0,0,0,0,0,0,0,0,0,0,0,0,0,0,0,0,0,0,0,0,0,0,0,0,0,0,0,0,0,0,0,0,0,0,0,0,0,0,0,0,0,0,0,0,0,0,0,0,0,0,0,0,0,0,0,0,0,0,0,0,0,0,0,0,0,0,0,0,0,0,0,0,0,0,0,0,0,0,0,0,0,0,0,0,0,0,0,0,0,0,0,0,0,0,0,0,0,0,0,0,0,0,0,0,0,0,0,0,0,0,0,0,0,0,0,0,0,0,0,0,0,0,0,0,0,0,0,0,0,0,0,0,0,0,0,0,0,0,0,0,0,0,0,0,0,0,0,0,0,0,0,0,0,0,0,0,0,0,0,0,0,0,0,
0,0,0,0,0,0,0,0,0,0,0,0,0,0,0,0,0,0,0,0,0,0,0,0,0,0,0,0,0,0,0,0,0,0,0,0,0,0,0,0,0,0,0,0,0,0,0,0,0,0,0,0,0,0,0,0,0,0,0,0,0,0,0,0,0,0,0,0,0,0,0,0,0,0,0,0,0,0,0,0,0,0,0,0,0,0,0,0,0,0,0,0,0,0,0,0,0,0,0,0,0,0,0,0,0,0,0,0,0,0,0,0,0,0,0,0,0,0,0,0,0,0,0,0,0,0,0,0,0,0,0,0,0,0,0,0,0,0,0,0,0,0,0,0,0,0,0,0,0,0,0,0,0,0,0,0,0,0,0,0,0,0,0,0,0,0,0,0,0,0,0,0,0,0,0,0,0,0,0,0,0,0,0,0,0,0,0,0,0,0,0,0,0,0,0,0,0,0,0,0,0,0,0,0,0,0,0,0,0,0,0,0,0,0,0,0,0,0,0,0,0,0,0,0,0,0,0,0,0,0,0,0,0,0,0,0,0,0,0,0,0,0,0,0,0,0,0,0,0,0,0,0,0,0,0,0,
0,0,0,0,0,0,0,0,0,0,0,0,0,0,0,0,0,0,0,0,0,0,0,0,0,0,0,0,0,0,0,0,0,0,0,0,0,0,0,0,0,0,0,0,0,0,0,0,0,0,0,0,0,0,0,0,0,0,0,0,0,0,0,0,0,0,0,0,0,0,0,0,0,0,0,0,0,0,0,0,0,0,0,0,0,0,0,0,0,0,0,0,0,0,0,0,0,0,0,0,0,0,0,0,0,0,0,0,0,0,0,0,0,0,0,0,0,0,0,0,0,0,0,0,0,0,0,0,0,0,0,0,0,0,0,0,0,0,0,0,0,0,0,0,0,0,0,0,0,0,0,0,0,0,0,0,0,0,0,0,0,0,0,0,0,0,0,0,0,0,0,0,0,0,0,0,0,0,0,0,0,0,0,0,0,0,0,0,0,0,0,0,0,0,0,0,0,0,0,0,0,0,0,0,0,0,0,0,0,0,0,0,0,0,0,0,0,0,0,0,0,0,0,0,0,0,0,0,0,0,0,0,0,0,0,0,0,0,0,0,0,0,0,0,0,0,0,0,0,0,0,0,0,0,0,0,
0,0,0,0,0,0,0,0,0,0,0,0,0,0,0,0,0,0,0,0,0,0,0,0,0,0,0,0,0,0,0,0,0,0,0,0,0,0,0,0,0,0,0,0,0,0,0,0,0,0,0,0,0,0,0,0,0,0,0,0,0,0,0,0,0,0,0,0,0,0,0,0,0,0,0,0,0,0,0,0,0,0,0,0,0,0,0,0,0,0,0,0,0,0,0,0,0,0,0,0,0,0,0,0,0,0,0,0,0,0,0,0,0,0,0,0,0,0,0,0,0,0,0,0,0,0,0,0,0,0,0,0,0,0,0,0,0,0,0,0,0,0,0,0,0,0,0,0,0,0,0,0,0,0,0,0,0,0,0,0,0,0,0,0,0,0,0,0,0,0,0,0,0,0,0,0,0,0,0,0,0,0,0,0,0,0,0,0,0,0,0,0,0,0,0,0,0,0,0,0,0,0,0,0,0,0,0,0,0,0,0,0,0,0,0,0,0,0,0,0,0,0,0,0,0,0,0,0,0,0,0,0,0,0,0,0,0,0,0,0,0,0,0,0,0,0,0,0,0,0,0,0,0,0,0,0,
0,0,0,0,0,0,0,0,0,0,0,0,0,0,0,0,0,0,0,0,0,0,0,0,0,0,0,0,0,0,0,0,0,0,0,0,0,0,0,0,0,0,0,0,0,0,0,0,0,0,0,0,0,0,0,0,0,0,0,0,0,0,0,0,0,0,0,0,0,0,0,0,0,0,0,0,0,0,0,0,0,0,0,0,0,0,0,0,0,0,0,0,0,0,0,0,0,0,0,0,0,0,0,0,0,0,0,0,0,0,0,0,0,0,0,0,0,0,0,0,0,0,0,0,0,0,0,0,0,0,0,0,0,0,0,0,0,0,0,0,0,0,0,0,0,0,0,0,0,0,0,0,0,0,0,0,0,0,0,0,0,0,0,0,0,0,0,0,0,0,0,0,0,0,0,0,0,0,0,0,0,0,0,0,0,0,0,0,0,0,0,0,0,0,0,0,0,0,0,0,0,0,0,0,0,0,0,0,0,0,0,0,0,0,0,0,0,0,0,0,0,0,0,0,0,0,0,0,0,0,0,0,0,0,0,0,0,0,0,0,0,0,0,0,0,0,0,0,0,0,0,0,0,0,0,0,
0,0,0,0,0,0,0,0,0,0,0,0,0,0,0,0,0,0,0,0,0,0,0,0,0,0,0,0,0,0,0,0,0,0,0,0,0,0,0,0,0,0,0,0,0,0,0,0,0,0,0,0,0,0,0,0,0,0,0,0,0,0,0,0,0,0,0,0,0,0,0,0,0,0,0,0,0,0,0,0,0,0,0,0,0,0,0,0,0,0,0,0,0,0,0,0,0,0,0,0,0,0,0,0,0,0,0,0,0,0,0,0,0,0,0,0,0,0,0,0,0,0,0,0,0,0,0,0,0,0,0,0,0,0,0,0,0,0,0,0,0,0,0,0,0,0,0,0,0,0,0,0,0,0,0,0,0,0,0,0,0,0,0,0,0,0,0,0,0,0,0,0,0,0,0,0,0,0,0,0,0,0,0,0,0,0,0,0,0,0,0,0,0,0,0,0,0,0,0,0,0,0,0,0,0,0,0,0,0,0,0,0,0,0,0,0,0,0,0,0,0,0,0,0,0,0,0,0,0,0,0,0,0,0,0,0,0,0,0,0,0,0,0,0,0,0,0,0,0,0,0,0,0,0,0,0,
0,0,0,0,0,0,0,0,0,0,0,0,0,0,0,0,0,0,0,0,0,0,0,0,0,0,0,0,0,0,0,0,0,0,0,0,0,0,0,0,0,0,0,0,0,0,0,0,0,0,0,0,0,0,0,0,0,0,0,0,0,0,0,0,0,0,0,0,0,0,0,0,0,0,0,0,0,0,0,0,0,0,0,0,0,0,0,0,0,0,0,0,0,0,0,0,0,0,0,0,0,0,0,0,0,0,0,0,0,0,0,0,0,0,0,0,0,0,0,0,0,0,0,0,0,0,0,0,0,0,0,0,0,0,0,0,0,0,0,0,0,0,0,0,0,0,0,0,0,0,0,0,0,0,0,0,0,0,0,0,0,0,0,0,0,0,0,0,0,0,0,0,0,0,0,0,0,0,0,0,0,0,0,0,0,0,0,0,0,0,0,0,0,0,0,0,0,0,0,0,0,0,0,0,0,0,0,0,0,0,0,0,0,0,0,0,0,0,0,0,0,0,0,0,0,0,0,0,0,0,0,0,0,0,0,0,0,0,0,0,0,0,0,0,0,0,0,0,0,0,0,0,0,0,0,0,
0,0,0,0,0,0,0,0,0,0,0,0,0,0,0,0,0,0,0,0,0,0,0,0,0,0,0,0,0,0,0,0,0,0,0,0,0,0,0,0,0,0,0,0,0,0,0,0,0,0,0,0,0,0,0,0,0,0,0,0,0,0,0,0,0,0,0,0,0,0,0,0,0,0,0,0,0,0,0,0,0,0,0,0,0,0,0,0,0,0,0,0,0,0,0,0,0,0,0,0,0,0,0,0,0,0,0,0,0,0,0,0,0,0,0,0,0,0,0,0,0,0,0,0,0,0,0,0,0,0,0,0,0,0,0,0,0,0,0,0,0,0,0,0,0,0,0,0,0,0,0,0,0,0,0,0,0,0,0,0,0,0,0,0,0,0,0,0,0,0,0,0,0,0,0,0,0,0,0,0,0,0,0,0,0,0,0,0,0,0,0,0,0,0,0,0,0,0,0,0,0,0,0,0,0,0,0,0,0,0,0,0,0,0,0,0,0,0,0,0,0,0,0,0,0,0,0,0,0,0,0,0,0,0,0,0,0,0,0,0,0,0,0,0,0,0,0,0,0,0,0,0,0,0,0,0,
0,0,0,0,0,0,0,0,0,0,0,0,0,0,0,0,0,0,0,0,0,0,0,0,0,0,0,0,0,0,0,0,0,0,0,0,0,0,0,0,0,0,0,0,0,0,0,0,0,0,0,0,0,0,0,0,0,0,0,0,0,0,0,0,0,0,0,0,0,0,0,0,0,0,0,0,0,0,0,0,0,0,0,0,0,0,0,0,0,0,0,0,0,0,0,0,0,0,0,0,0,0,0,0,0,0,0,0,0,0,0,0,0,0,0,0,0,0,0,0,0,0,0,0,0,0,0,0,0,0,0,0,0,0,0,0,0,0,0,0,0,0,0,0,0,0,0,0,0,0,0,0,0,0,0,0,0,0,0,0,0,0,0,0,0,0,0,0,0,0,0,0,0,0,0,0,0,0,0,0,0,0,0,0,0,0,0,0,0,0,0,0,0,0,0,0,0,0,0,0,0,0,0,0,0,0,0,0,0,0,0,0,0,0,0,0,0,0,0,0,0,0,0,0,0,0,0,0,0,0,0,0,0,0,0,0,0,0,0,0,0,0,0,0,0,0,0,0,0,0,0,0,0,0,0,0,
0,0,0,0,0,0,0,0,0,0,0,0,0,0,0,0,0,0,0,0,0,0,0,0,0,0,0,0,0,0,0,0,0,0,0,0,0,0,0,0,0,0,0,0,0,0,0,0,0,0,0,0,0,0,0,0,0,0,0,0,0,0,0,0,0,0,0,0,0,0,0,0,0,0,0,0,0,0,0,0,0,0,0,0,0,0,0,0,0,0,0,0,0,0,0,0,0,0,0,0,0,0,0,0,0,0,0,0,0,0,0,0,0,0,0,0,0,0,0,0,0,0,0,0,0,0,0,0,0,0,0,0,0,0,0,0,0,0,0,0,0,0,0,0,0,0,0,0,0,0,0,0,0,0,0,0,0,0,0,0,0,0,0,0,0,0,0,0,0,0,0,0,0,0,0,0,0,0,0,0,0,0,0,0,0,0,0,0,0,0,0,0,0,0,0,0,0,0,0,0,0,0,0,0,0,0,0,0,0,0,0,0,0,0,0,0,0,0,0,0,0,0,0,0,0,0,0,0,0,0,0,0,0,0,0,0,0,0,0,0,0,0,0,0,0,0,0,0,0,0,0,0,0,0,0,0,
0,0,0,0,0,0,0,0,0,0,0,0,0,0,0,0,0,0,0,0,0,0,0,0,0,0,0,0,0,0,0,0,0,0,0,0,0,0,0,0,0,0,0,0,0,0,0,0,0,0,0,0,0,0,0,0,0,0,0,0,0,0,0,0,0,0,0,0,0,0,0,0,0,0,0,0,0,0,0,0,0,0,0,0,0,0,0,0,0,0,0,0,0,0,0,0,0,0,0,0,0,0,0,0,0,0,0,0,0,0,0,0,0,0,0,0,0,0,0,0,0,0,0,0,0,0,0,0,0,0,0,0,0,0,0,0,0,0,0,0,0,0,0,0,0,0,0,0,0,0,0,0,0,0,0,0,0,0,0,0,0,0,0,0,0,0,0,0,0,0,0,0,0,0,0,0,0,0,0,0,0,0,0,0,0,0,0,0,0,0,0,0,0,0,0,0,0,0,0,0,0,0,0,0,0,0,0,0,0,0,0,0,0,0,0,0,0,0,0,0,0,0,0,0,0,0,0,0,0,0,0,0,0,0,0,0,0,0,0,0,0,0,0,0,0,0,0,0,0,0,0,0,0,0,0,0,
0,0,0,0,0,0,0,0,0,0,0,0,0,0,0,0,0,0,0,0,0,0,0,0,0,0,0,0,0,0,0,0,0,0,0,0,0,0,0,0,0,0,0,0,0,0,0,0,0,0,0,0,0,0,0,0,0,0,0,0,0,0,0,0,0,0,0,0,0,0,0,0,0,0,0,0,0,0,0,0,0,0,0,0,0,0,0,0,0,0,0,0,0,0,0,0,0,0,0,0,0,0,0,0,0,0,0,0,0,0,0,0,0,0,0,0,0,0,0,0,0,0,0,0,0,0,0,0,0,0,0,0,0,0,0,0,0,0,0,0,0,0,0,0,0,0,0,0,0,0,0,0,0,0,0,0,0,0,0,0,0,0,0,0,0,0,0,0,0,0,0,0,0,0,0,0,0,0,0,0,0,0,0,0,0,0,0,0,0,0,0,0,0,0,0,0,0,0,0,0,0,0,0,0,0,0,0,0,0,0,0,0,0,0,0,0,0,0,0,0,0,0,0,0,0,0,0,0,0,0,0,0,0,0,0,0,0,0,0,0,0,0,0,0,0,0,0,0,0,0,0,0,0,0,0,0,
0,0,0,0,0,0,0,0,0,0,0,0,0,0,0,0,0,0,0,0,0,0,0,0,0,0,0,0,0,0,0,0,0,0,0,0,0,0,0,0,0,0,0,0,0,0,0,0,0,0,0,0,0,0,0,0,0,0,0,0,0,0,0,0,0,0,0,0,0,0,0,0,0,0,0,0,0,0,0,0,0,0,0,0,0,0,0,0,0,0,0,0,0,0,0,0,0,0,0,0,0,0,0,0,0,0,0,0,0,0,0,0,0,0,0,0,0,0,0,0,0,0,0,0,0,0,0,0,0,0,0,0,0,0,0,0,0,0,0,0,0,0,0,0,0,0,0,0,0,0,0,0,0,0,0,0,0,0,0,0,0,0,0,0,0,0,0,0,0,0,0,0,0,0,0,0,0,0,0,0,0,0,0,0,0,0,0,0,0,0,0,0,0,0,0,0,0,0,0,0,0,0,0,0,0,0,0,0,0,0,0,0,0,0,0,0,0,0,0,0,0,0,0,0,0,0,0,0,0,0,0,0,0,0,0,0,0,0,0,0,0,0,0,0,0,0,0,0,0,0,0,0,0,0,0,0,
0,0,0,0,0,0,0,0,0,0,0,0,0,0,0,0,0,0,0,0,0,0,0,0,0,0,0,0,0,0,0,0,0,0,0,0,0,0,0,0,0,0,0,0,0,0,0,0,0,0,0,0,0,0,0,0,0,0,0,0,0,0,0,0,0,0,0,0,0,0,0,0,0,0,0,0,0,0,0,0,0,0,0,0,0,0,0,0,0,0,0,0,0,0,0,0,0,0,0,0,0,0,0,0,0,0,0,0,0,0,0,0,0,0,0,0,0,0,0,0,0,0,0,0,0,0,0,0,0,0,0,0,0,0,0,0,0,0,0,0,0,0,0,0,0,0,0,0,0,0,0,0,0,0,0,0,0,0,0,0,0,0,0,0,0,0,0,0,0,0,0,0,0,0,0,0,0,0,0,0,0,0,0,0,0,0,0,0,0,0,0,0,0,0,0,0,0,0,0,0,0,0,0,0,0,0,0,0,0,0,0,0,0,0,0,0,0,0,0,0,0,0,0,0,0,0,0,0,0,0,0,0,0,0,0,0,0,0,0,0,0,0,0,0,0,0,0,0,0,0,0,0,0,0,0,0,
0,0,0,0,0,0,0,0,0,0,0,0,0,0,0,0,0,0,0,0,0,0,0,0,0,0,0,0,0,0,0,0,0,0,0,0,0,0,0,0,0,0,0,0,0,0,0,0,0,0,0,0,0,0,0,0,0,0,0,0,0,0,0,0,0,0,0,0,0,0,0,0,0,0,0,0,0,0,0,0,0,0,0,0,0,0,0,0,0,0,0,0,0,0,0,0,0,0,0,0,0,0,0,0,0,0,0,0,0,0,0,0,0,0,0,0,0,0,0,0,0,0,0,0,0,0,0,0,0,0,0,0,0,0,0,0,0,0,0,0,0,0,0,0,0,0,0,0,0,0,0,0,0,0,0,0,0,0,0,0,0,0,0,0,0,0,0,0,0,0,0,0,0,0,0,0,0,0,0,0,0,0,0,0,0,0,0,0,0,0,0,0,0,0,0,0,0,0,0,0,0,0,0,0,0,0,0,0,0,0,0,0,0,0,0,0,0,0,0,0,0,0,0,0,0,0,0,0,0,0,0,0,0,0,0,0,0,0,0,0,0,0,0,0,0,0,0,0,0,0,0,0,0,0,0,0,
0,0,0,0,0,0,0,0,0,0,0,0,0,0,0,0,0,0,0,0,0,0,0,0,0,0,0,0,0,0,0,0,0,0,0,0,0,0,0,0,0,0,0,0,0,0,0,0,0,0,0,0,0,0,0,0,0,0,0,0,0,0,0,0,0,0,0,0,0,0,0,0,0,0,0,0,0,0,0,0,0,0,0,0,0,0,0,0,0,0,0,0,0,0,0,0,0,0,0,0,0,0,0,0,0,0,0,0,0,0,0,0,0,0,0,0,0,0,0,0,0,0,0,0,0,0,0,0,0,0,0,0,0,0,0,0,0,0,0,0,0,0,0,0,0,0,0,0,0,0,0,0,0,0,0,0,0,0,0,0,0,0,0,0,0,0,0,0,0,0,0,0,0,0,0,0,0,0,0,0,0,0,0,0,0,0,0,0,0,0,0,0,0,0,0,0,0,0,0,0,0,0,0,0,0,0,0,0,0,0,0,0,0,0,0,0,0,0,0,0,0,0,0,0,0,0,0,0,0,0,0,0,0,0,0,0,0,0,0,0,0,0,0,0,0,0,0,0,0,0,0,0,0,0,0,0,
0,0,0,0,0,0,0,0,0,0,0,0,0,0,0,0,0,0,0,0,0,0,0,0,0,0,0,0,0,0,0,0,0,0,0,0,0,0,0,0,0,0,0,0,0,0,0,0,0,0,0,0,0,0,0,0,0,0,0,0,0,0,0,0,0,0,0,0,0,0,0,0,0,0,0,0,0,0,0,0,0,0,0,0,0,0,0,0,0,0,0,0,0,0,0,0,0,0,0,0,0,0,0,0,0,0,0,0,0,0,0,0,0,0,0,0,0,0,0,0,0,0,0,0,0,0,0,0,0,0,0,0,0,0,0,0,0,0,0,0,0,0,0,0,0,0,0,0,0,0,0,0,0,0,0,0,0,0,0,0,0,0,0,0,0,0,0,0,0,0,0,0,0,0,0,0,0,0,0,0,0,0,0,0,0,0,0,0,0,0,0,0,0,0,0,0,0,0,0,0,0,0,0,0,0,0,0,0,0,0,0,0,0,0,0,0,0,0,0,0,0,0,0,0,0,0,0,0,0,0,0,0,0,0,0,0,0,0,0,0,0,0,0,0,0,0,0,0,0,0,0,0,0,0,0,0,
0,0,0,0,0,0,0,0,0,0,0,0,0,0,0,0,0,0,0,0,0,0,0,0,0,0,0,0,0,0,0,0,0,0,0,0,0,0,0,0,0,0,0,0,0,0,0,0,0,0,0,0,0,0,0,0,0,0,0,0,0,0,0,0,0,0,0,0,0,0,0,0,0,0,0,0,0,0,0,0,0,0,0,0,0,0,0,0,0,0,0,0,0,0,0,0,0,0,0,0,0,0,0,0,0,0,0,0,0,0,0,0,0,0,0,0,0,0,0,0,0,0,0,0,0,0,0,0,0,0,0,0,0,0,0,0,0,0,0,0,0,0,0,0,0,0,0,0,0,0,0,0,0,0,0,0,0,0,0,0,0,0,0,0,0,0,0,0,0,0,0,0,0,0,0,0,0,0,0,0,0,0,0,0,0,0,0,0,0,0,0,0,0,0,0,0,0,0,0,0,0,0,0,0,0,0,0,0,0,0,0,0,0,0,0,0,0,0,0,0,0,0,0,0,0,0,0,0,0,0,0,0,0,0,0,0,0,0,0,0,0,0,0,0,0,0,0,0,0,0,0,0,0,0,0,0,
0,0,0,0,0,0,0,0,0,0,0,0,0,0,0,0,0,0,0,0,0,0,0,0,0,0,0,0,0,0,0,0,0,0,0,0,0,0,0,0,0,0,0,0,0,0,0,0,0,0,0,0,0,0,0,0,0,0,0,0,0,0,0,0,0,0,0,0,0,0,0,0,0,0,0,0,0,0,0,0,0,0,0,0,0,0,0,0,0,0,0,0,0,0,0,0,0,0,0,0,0,0,0,0,0,0,0,0,0,0,0,0,0,0,0,0,0,0,0,0,0,0,0,0,0,0,0,0,0,0,0,0,0,0,0,0,0,0,0,0,0,0,0,0,0,0,0,0,0,0,0,0,0,0,0,0,0,0,0,0,0,0,0,0,0,0,0,0,0,0,0,0,0,0,0,0,0,0,0,0,0,0,0,0,0,0,0,0,0,0,0,0,0,0,0,0,0,0,0,0,0,0,0,0,0,0,0,0,0,0,0,0,0,0,0,0,0,0,0,0,0,0,0,0,0,0,0,0,0,0,0,0,0,0,0,0,0,0,0,0,0,0,0,0,0,0,0,0,0,0,0,0,0,0,0,0,
0,0,0,0,0,0,0,0,0,0,0,0,0,0,0,0,0,0,0,0,0,0,0,0,0,0,0,0,0,0,0,0,0,0,0,0,0,0,0,0,0,0,0,0,0,0,0,0,0,0,0,0,0,0,0,0,0,0,0,0,0,0,0,0,0,0,0,0,0,0,0,0,0,0,0,0,0,0,0,0,0,0,0,0,0,0,0,0,0,0,0,0,0,0,0,0,0,0,0,0,0,0,0,0,0,0,0,0,0,0,0,0,0,0,0,0,0,0,0,0,0,0,0,0,0,0,0,0,0,0,0,0,0,0,0,0,0,0,0,0,0,0,0,0,0,0,0,0,0,0,0,0,0,0,0,0,0,0,0,0,0,0,0,0,0,0,0,0,0,0,0,0,0,0,0,0,0,0,0,0,0,0,0,0,0,0,0,0,0,0,0,0,0,0,0,0,0,0,0,0,0,0,0,0,0,0,0,0,0,0,0,0,0,0,0,0,0,0,0,0,0,0,0,0,0,0,0,0,0,0,0,0,0,0,0,0,0,0,0,0,0,0,0,0,0,0,0,0,0,0,0,0,0,0,0,0,
0,0,0,0,0,0,0,0,0,0,0,0,0,0,0,0,0,0,0,0,0,0,0,0,0,0,0,0,0,0,0,0,0,0,0,0,0,0,0,0,0,0,0,0,0,0,0,0,0,0,0,0,0,0,0,0,0,0,0,0,0,0,0,0,0,0,0,0,0,0,0,0,0,0,0,0,0,0,0,0,0,0,0,0,0,0,0,0,0,0,0,0,0,0,0,0,0,0,0,0,0,0,0,0,0,0,0,0,0,0,0,0,0,0,0,0,0,0,0,0,0,0,0,0,0,0,0,0,0,0,0,0,0,0,0,0,0,0,0,0,0,0,0,0,0,0,0,0,0,0,0,0,0,0,0,0,0,0,0,0,0,0,0,0,0,0,0,0,0,0,0,0,0,0,0,0,0,0,0,0,0,0,0,0,0,0,0,0,0,0,0,0,0,0,0,0,0,0,0,0,0,0,0,0,0,0,0,0,0,0,0,0,0,0,0,0,0,0,0,0,0,0,0,0,0,0,0,0,0,0,0,0,0,0,0,0,0,0,0,0,0,0,0,0,0,0,0,0,0,0,0,0,0,0,0,0,
0,0,0,0,0,0,0,0,0,0,0,0,0,0,0,0,0,0,0,0,0,0,0,0,0,0,0,0,0,0,0,0,0,0,0,0,0,0,0,0,0,0,0,0,0,0,0,0,0,0,0,0,0,0,0,0,0,0,0,0,0,0,0,0,0,0,0,0,0,0,0,0,0,0,0,0,0,0,0,0,0,0,0,0,0,0,0,0,0,0,0,0,0,0,0,0,0,0,0,0,0,0,0,0,0,0,0,0,0,0,0,0,0,0,0,0,0,0,0,0,0,0,0,0,0,0,0,0,0,0,0,0,0,0,0,0,0,0,0,0,0,0,0,0,0,0,0,0,0,0,0,0,0,0,0,0,0,0,0,0,0,0,0,0,0,0,0,0,0,0,0,0,0,0,0,0,0,0,0,0,0,0,0,0,0,0,0,0,0,0,0,0,0,0,0,0,0,0,0,0,0,0,0,0,0,0,0,0,0,0,0,0,0,0,0,0,0,0,0,0,0,0,0,0,0,0,0,0,0,0,0,0,0,0,0,0,0,0,0,0,0,0,0,0,0,0,0,0,0,0,0,0,0,0,0,0,
0,0,0,0,0,0,0,0,0,0,0,0,0,0,0,0,0,0,0,0,0,0,0,0,0,0,0,0,0,0,0,0,0,0,0,0,0,0,0,0,0,0,0,0,0,0,0,0,0,0,0,0,0,0,0,0,0,0,0,0,0,0,0,0,0,0,0,0,0,0,0,0,0,0,0,0,0,0,0,0,0,0,0,0,0,0,0,0,0,0,0,0,0,0,0,0,0,0,0,0,0,0,0,0,0,0,0,0,0,0,0,0,0,0,0,0,0,0,0,0,0,0,0,0,0,0,0,0,0,0,0,0,0,0,0,0,0,0,0,0,0,0,0,0,0,0,0,0,0,0,0,0,0,0,0,0,0,0,0,0,0,0,0,0,0,0,0,0,0,0,0,0,0,0,0,0,0,0,0,0,0,0,0,0,0,0,0,0,0,0,0,0,0,0,0,0,0,0,0,0,0,0,0,0,0,0,0,0,0,0,0,0,0,0,0,0,0,0,0,0,0,0,0,0,0,0,0,0,0,0,0,0,0,0,0,0,0,0,0,0,0,0,0,0,0,0,0,0,0,0,0,0,0,0,0,0,
0,0,0,0,0,0,0,0,0,0,0,0,0,0,0,0,0,0,0,0,0,0,0,0,0,0,0,0,0,0,0,0,0,0,0,0,0,0,0,0,0,0,0,0,0,0,0,0,0,0,0,0,0,0,0,0,0,0,0,0,0,0,0,0,0,0,0,0,0,0,0,0,0,0,0,0,0,0,0,0,0,0,0,0,0,0,0,0,0,0,0,0,0,0,0,0,0,0,0,0,0,0,0,0,0,0,0,0,0,0,0,0,0,0,0,0,0,0,0,0,0,0,0,0,0,0,0,0,0,0,0,0,0,0,0,0,0,0,0,0,0,0,0,0,0,0,0,0,0,0,0,0,0,0,0,0,0,0,0,0,0,0,0,0,0,0,0,0,0,0,0,0,0,0,0,0,0,0,0,0,0,0,0,0,0,0,0,0,0,0,0,0,0,0,0,0,0,0,0,0,0,0,0,0,0,0,0,0,0,0,0,0,0,0,0,0,0,0,0,0,0,0,0,0,0,0,0,0,0,0,0,0,0,0,0,0,0,0,0,0,0,0,0,0,0,0,0,0,0,0,0,0,0,0,0,0,
0,0,0,0,0,0,0,0,0,0,0,0,0,0,0,0,0,0,0,0,0,0,0,0,0,0,0,0,0,0,0,0,0,0,0,0,0,0,0,0,0,0,0,0,0,0,0,0,0,0,0,0,0,0,0,0,0,0,0,0,0,0,0,0,0,0,0,0,0,0,0,0,0,0,0,0,0,0,0,0,0,0,0,0,0,0,0,0,0,0,0,0,0,0,0,0,0,0,0,0,0,0,0,0,0,0,0,0,0,0,0,0,0,0,0,0,0,0,0,0,0,0,0,0,0,0,0,0,0,0,0,0,0,0,0,0,0,0,0,0,0,0,0,0,0,0,0,0,0,0,0,0,0,0,0,0,0,0,0,0,0,0,0,0,0,0,0,0,0,0,0,0,0,0,0,0,0,0,0,0,0,0,0,0,0,0,0,0,0,0,0,0,0,0,0,0,0,0,0,0,0,0,0,0,0,0,0,0,0,0,0,0,0,0,0,0,0,0,0,0,0,0,0,0,0,0,0,0,0,0,0,0,0,0,0,0,0,0,0,0,0,0,0,0,0,0,0,0,0,0,0,0,0,0,0,0,
0,0,0,0,0,0,0,0,0,0,0,0,0,0,0,0,0,0,0,0,0,0,0,0,0,0,0,0,0,0,0,0,0,0,0,0,0,0,0,0,0,0,0,0,0,0,0,0,0,0,0,0,0,0,0,0,0,0,0,0,0,0,0,0,0,0,0,0,0,0,0,0,0,0,0,0,0,0,0,0,0,0,0,0,0,0,0,0,0,0,0,0,0,0,0,0,0,0,0,0,0,0,0,0,0,0,0,0,0,0,0,0,0,0,0,0,0,0,0,0,0,0,0,0,0,0,0,0,0,0,0,0,0,0,0,0,0,0,0,0,0,0,0,0,0,0,0,0,0,0,0,0,0,0,0,0,0,0,0,0,0,0,0,0,0,0,0,0,0,0,0,0,0,0,0,0,0,0,0,0,0,0,0,0,0,0,0,0,0,0,0,0,0,0,0,0,0,0,0,0,0,0,0,0,0,0,0,0,0,0,0,0,0,0,0,0,0,0,0,0,0,0,0,0,0,0,0,0,0,0,0,0,0,0,0,0,0,0,0,0,0,0,0,0,0,0,0,0,0,0,0,0,0,0,0,0,
0,0,0,0,0,0,0,0,0,0,0,0,0,0,0,0,0,0,0,0,0,0,0,0,0,0,0,0,0,0,0,0,0,0,0,0,0,0,0,0,0,0,0,0,0,0,0,0,0,0,0,0,0,0,0,0,0,0,0,0,0,0,0,0,0,0,0,0,0,0,0,0,0,0,0,0,0,0,0,0,0,0,0,0,0,0,0,0,0,0,0,0,0,0,0,0,0,0,0,0,0,0,0,0,0,0,0,0,0,0,0,0,0,0,0,0,0,0,0,0,0,0,0,0,0,0,0,0,0,0,0,0,0,0,0,0,0,0,0,0,0,0,0,0,0,0,0,0,0,0,0,0,0,0,0,0,0,0,0,0,0,0,0,0,0,0,0,0,0,0,0,0,0,0,0,0,0,0,0,0,0,0,0,0,0,0,0,0,0,0,0,0,0,0,0,0,0,0,0,0,0,0,0,0,0,0,0,0,0,0,0,0,0,0,0,0,0,0,0,0,0,0,0,0,0,0,0,0,0,0,0,0,0,0,0,0,0,0,0,0,0,0,0,0,0,0,0,0,0,0,0,0,0,0,0,0,
0,0,0,0,0,0,0,0,0,0,0,0,0,0,0,0,0,0,0,0,0,0,0,0,0,0,0,0,0,0,0,0,0,0,0,0,0,0,0,0,0,0,0,0,0,0,0,0,0,0,0,0,0,0,0,0,0,0,0,0,0,0,0,0,0,0,0,0,0,0,0,0,0,0,0,0,0,0,0,0,0,0,0,0,0,0,0,0,0,0,0,0,0,0,0,0,0,0,0,0,0,0,0,0,0,0,0,0,0,0,0,0,0,0,0,0,0,0,0,0,0,0,0,0,0,0,0,0,0,0,0,0,0,0,0,0,0,0,0,0,0,0,0,0,0,0,0,0,0,0,0,0,0,0,0,0,0,0,0,0,0,0,0,0,0,0,0,0,0,0,0,0,0,0,0,0,0,0,0,0,0,0,0,0,0,0,0,0,0,0,0,0,0,0,0,0,0,0,0,0,0,0,0,0,0,0,0,0,0,0,0,0,0,0,0,0,0,0,0,0,0,0,0,0,0,0,0,0,0,0,0,0,0,0,0,0,0,0,0,0,0,0,0,0,0,0,0,0,0,0,0,0,0,0,0,0,
0,0,0,0,0,0,0,0,0,0,0,0,0,0,0,0,0,0,0,0,0,0,0,0,0,0,0,0,0,0,0,0,0,0,0,0,0,0,0,0,0,0,0,0,0,0,0,0,0,0,0,0,0,0,0,0,0,0,0,0,0,0,0,0,0,0,0,0,0,0,0,0,0,0,0,0,0,0,0,0,0,0,0,0,0,0,0,0,0,0,0,0,0,0,0,0,0,0,0,0,0,0,0,0,0,0,0,0,0,0,0,0,0,0,0,0,0,0,0,0,0,0,0,0,0,0,0,0,0,0,0,0,0,0,0,0,0,0,0,0,0,0,0,0,0,0,0,0,0,0,0,0,0,0,0,0,0,0,0,0,0,0,0,0,0,0,0,0,0,0,0,0,0,0,0,0,0,0,0,0,0,0,0,0,0,0,0,0,0,0,0,0,0,0,0,0,0,0,0,0,0,0,0,0,0,0,0,0,0,0,0,0,0,0,0,0,0,0,0,0,0,0,0,0,0,0,0,0,0,0,0,0,0,0,0,0,0,0,0,0,0,0,0,0,0,0,0,0,0,0,0,0,0,0,0,0,
0,0,0,0,0,0,0,0,0,0,0,0,0,0,0,0,0,0,0,0,0,0,0,0,0,0,0,0,0,0,0,0,0,0,0,0,0,0,0,0,0,0,0,0,0,0,0,0,0,0,0,0,0,0,0,0,0,0,0,0,0,0,0,0,0,0,0,0,0,0,0,0,0,0,0,0,0,0,0,0,0,0,0,0,0,0,0,0,0,0,0,0,0,0,0,0,0,0,0,0,0,0,0,0,0,0,0,0,0,0,0,0,0,0,0,0,0,0,0,0,0,0,0,0,0,0,0,0,0,0,0,0,0,0,0,0,0,0,0,0,0,0,0,0,0,0,0,0,0,0,0,0,0,0,0,0,0,0,0,0,0,0,0,0,0,0,0,0,0,0,0,0,0,0,0,0,0,0,0,0,0,0,0,0,0,0,0,0,0,0,0,0,0,0,0,0,0,0,0,0,0,0,0,0,0,0,0,0,0,0,0,0,0,0,0,0,0,0,0,0,0,0,0,0,0,0,0,0,0,0,0,0,0,0,0,0,0,0,0,0,0,0,0,0,0,0,0,0,0,0,0,0,0,0,0,0,
0,0,0,0,0,0,0,0,0,0,0,0,0,0,0,0,0,0,0,0,0,0,0,0,0,0,0,0,0,0,0,0,0,0,0,0,0,0,0,0,0,0,0,0,0,0,0,0,0,0,0,0,0,0,0,0,0,0,0,0,0,0,0,0,0,0,0,0,0,0,0,0,0,0,0,0,0,0,0,0,0,0,0,0,0,0,0,0,0,0,0,0,0,0,0,0,0,0,0,0,0,0,0,0,0,0,0,0,0,0,0,0,0,0,0,0,0,0,0,0,0,0,0,0,0,0,0,0,0,0,0,0,0,0,0,0,0,0,0,0,0,0,0,0,0,0,0,0,0,0,0,0,0,0,0,0,0,0,0,0,0,0,0,0,0,0,0,0,0,0,0,0,0,0,0,0,0,0,0,0,0,0,0,0,0,0,0,0,0,0,0,0,0,0,0,0,0,0,0,0,0,0,0,0,0,0,0,0,0,0,0,0,0,0,0,0,0,0,0,0,0,0,0,0,0,0,0,0,0,0,0,0,0,0,0,0,0,0,0,0,0,0,0,0,0,0,0,0,0,0,0,0,0,0,0,0,
0,0,0,0,0,0,0,0,0,0,0,0,0,0,0,0,0,0,0,0,0,0,0,0,0,0,0,0,0,0,0,0,0,0,0,0,0,0,0,0,0,0,0,0,0,0,0,0,0,0,0,0,0,0,0,0,0,0,0,0,0,0,0,0,0,0,0,0,0,0,0,0,0,0,0,0,0,0,0,0,0,0,0,0,0,0,0,0,0,0,0,0,0,0,0,0,0,0,0,0,0,0,0,0,0,0,0,0,0,0,0,0,0,0,0,0,0,0,0,0,0,0,0,0,0,0,0,0,0,0,0,0,0,0,0,0,0,0,0,0,0,0,0,0,0,0,0,0,0,0,0,0,0,0,0,0,0,0,0,0,0,0,0,0,0,0,0,0,0,0,0,0,0,0,0,0,0,0,0,0,0,0,0,0,0,0,0,0,0,0,0,0,0,0,0,0,0,0,0,0,0,0,0,0,0,0,0,0,0,0,0,0,0,0,0,0,0,0,0,0,0,0,0,0,0,0,0,0,0,0,0,0,0,0,0,0,0,0,0,0,0,0,0,0,0,0,0,0,0,0,0,0,0,0,0,0,
0,0,0,0,0,0,0,0,0,0,0,0,0,0,0,0,0,0,0,0,0,0,0,0,0,0,0,0,0,0,0,0,0,0,0,0,0,0,0,0,0,0,0,0,0,0,0,0,0,0,0,0,0,0,0,0,0,0,0,0,0,0,0,0,0,0,0,0,0,0,0,0,0,0,0,0,0,0,0,0,0,0,0,0,0,0,0,0,0,0,0,0,0,0,0,0,0,0,0,0,0,0,0,0,0,0,0,0,0,0,0,0,0,0,0,0,0,0,0,0,0,0,0,0,0,0,0,0,0,0,0,0,0,0,0,0,0,0,0,0,0,0,0,0,0,0,0,0,0,0,0,0,0,0,0,0,0,0,0,0,0,0,0,0,0,0,0,0,0,0,0,0,0,0,0,0,0,0,0,0,0,0,0,0,0,0,0,0,0,0,0,0,0,0,2,1,0,0,0,0,0,0,0,0,0,0,0,0,0,0,0,0,0,0,0,0,0,0,0,0,0,0,0,0,0,0,0,0,0,0,0,0,0,0,0,0,0,0,0,0,0,0,0,0,0,0,0,0,0,0,0,0,0,0,0,0,
0,0,0,0,0,0,0,0,0,0,0,0,0,0,0,0,0,0,0,0,0,0,0,0,0,0,0,0,0,0,0,0,0,0,0,0,0,0,0,0,0,0,0,0,0,0,0,0,0,0,0,0,0,0,0,0,0,0,0,0,0,0,0,0,0,0,0,0,0,0,0,0,0,0,0,0,0,0,0,0,0,0,0,0,0,0,0,0,0,0,0,0,0,0,0,0,0,0,0,0,0,0,0,0,0,0,0,0,0,0,0,0,0,0,0,0,0,0,0,0,0,0,0,0,0,0,0,0,0,0,0,0,0,0,0,0,0,0,0,0,0,0,0,0,0,0,0,0,0,0,0,0,0,0,0,0,0,0,0,0,0,0,0,0,0,0,0,0,0,0,0,0,0,0,0,0,0,0,0,0,0,0,0,0,0,0,0,0,4,0,0,0,0,0,0,0,0,0,0,0,0,0,0,0,0,0,0,0,0,0,0,0,0,0,0,0,0,0,0,0,0,0,0,0,0,9,0,0,10,0,0,0,0,0,0,0,0,0,0,0,0,0,0,0,0,0,0,0,0,0,0,0,0,0,0,0,
0,0,0,0,0,0,0,0,0,0,0,0,0,0,0,0,0,0,0,0,0,0,0,0,0,0,0,0,0,0,0,0,0,0,0,0,0,0,0,0,0,0,0,0,0,0,0,0,0,0,0,0,0,0,0,0,0,0,0,0,0,0,0,0,0,0,0,0,0,0,0,0,0,0,0,0,0,0,0,0,0,0,0,0,0,0,0,0,0,0,0,0,0,0,0,0,0,0,0,0,0,0,0,0,0,0,0,0,0,0,0,0,0,0,0,0,0,0,0,0,0,0,0,0,0,0,0,0,0,0,0,0,0,0,0,0,0,0,0,0,0,0,0,0,0,0,0,0,0,0,0,0,0,1,0,0,0,0,0,0,0,0,0,0,0,0,0,0,0,0,0,0,0,0,0,0,0,0,0,0,0,0,0,0,0,0,0,0,0,4,0,0,0,0,0,0,0,0,0,0,0,0,0,0,0,0,0,0,6,6,0,4,5,0,0,0,0,0,0,0,0,0,0,0,0,0,0,11,11,0,0,0,0,0,0,0,0,0,0,0,0,0,0,0,0,0,0,0,0,0,0,0,0,0,0,0,
0,0,0,0,0,0,0,0,0,0,0,0,0,0,0,0,0,0,0,0,0,0,0,0,0,0,0,10,0,0,0,0,0,0,0,0,0,0,0,0,0,0,0,0,0,0,0,0,0,0,0,0,0,0,0,0,0,0,0,0,0,0,0,0,0,0,0,0,0,0,0,0,0,0,0,0,0,0,0,0,0,0,0,0,0,0,0,0,0,0,0,0,0,0,0,0,0,0,0,0,0,0,0,0,0,0,0,0,0,0,0,0,0,0,0,0,0,0,0,0,0,0,0,0,0,0,0,0,0,0,0,0,0,0,0,0,0,0,0,0,0,0,0,0,0,0,0,0,0,0,0,0,0,0,0,5,0,0,0,0,0,0,0,0,0,0,0,0,0,3,0,0,0,0,0,0,0,0,0,0,0,0,0,0,0,0,0,0,0,0,0,0,0,0,2,0,0,0,0,0,0,0,0,0,2,0,0,0,7,8,7,0,7,8,0,0,0,0,0,0,0,0,0,0,0,14,0,0,0,0,0,0,0,0,0,0,0,0,0,0,0,0,0,0,0,0,0,0,0,0,0,0,0,0,0,0,
0,0,0,0,0,0,0,0,0,0,0,0,0,0,0,0,0,0,0,0,0,0,0,0,0,0,0,0,11,0,0,0,0,0,0,0,0,0,0,0,0,11,0,0,0,0,0,0,0,0,8,0,0,8,0,0,0,0,0,0,0,0,0,0,0,0,0,0,0,0,0,0,0,0,0,0,0,0,0,0,0,0,0,0,0,0,0,0,0,0,0,0,0,0,0,0,0,0,0,0,0,0,0,0,0,0,0,0,0,0,0,0,0,0,5,5,0,0,0,0,0,0,0,0,0,0,0,0,0,0,0,0,0,0,0,0,0,0,0,0,0,0,0,0,0,0,0,0,0,0,0,0,2,0,0,0,6,0,0,0,0,0,0,0,0,0,0,0,5,0,0,0,0,0,0,0,0,0,0,0,0,0,0,0,0,0,0,0,0,0,4,0,0,0,1,0,0,0,0,0,0,0,0,2,2,2,0,0,0,0,9,0,7,7,0,0,0,0,0,0,0,0,0,0,14,0,0,0,0,0,0,0,15,0,0,0,0,0,0,0,0,0,0,0,0,0,0,0,0,0,0,0,0,0,0,0,
0,0,0,0,0,0,0,0,0,0,0,0,0,0,0,0,0,0,0,0,0,0,0,0,0,0,0,0,13,0,0,0,0,0,0,0,0,0,0,0,0,0,11,0,0,0,0,0,0,10,4,0,10,9,0,0,0,0,0,0,0,0,0,0,0,0,0,0,0,0,0,0,0,0,0,0,0,0,0,0,0,0,0,0,0,0,0,0,0,0,0,0,0,0,0,0,0,0,0,0,0,0,0,0,0,0,0,0,4,0,0,0,0,0,0,6,0,4,0,0,0,0,0,0,0,0,0,0,0,0,0,0,0,0,0,0,0,0,0,0,0,0,0,0,0,0,0,0,0,0,0,0,0,2,0,0,0,2,0,0,0,0,0,0,0,0,0,4,0,0,0,0,0,0,0,0,0,0,4,0,0,0,0,0,0,0,0,0,5,0,0,4,6,0,2,3,0,0,0,0,0,0,0,3,0,0,0,4,0,0,9,0,6,8,4,4,0,0,0,0,0,0,0,16,0,0,0,0,10,0,0,15,13,15,0,0,0,0,0,0,0,0,0,0,0,0,0,0,0,0,0,0,0,0,0,0,
0,0,0,0,0,0,0,0,0,0,0,0,0,0,0,0,0,0,0,0,0,3,0,0,0,0,0,0,12,0,0,0,0,0,0,0,14,6,6,0,0,0,13,0,0,0,0,0,0,0,0,5,0,0,0,0,0,0,0,0,0,0,0,1,1,1,0,0,0,0,0,0,0,0,18,0,0,0,0,0,0,0,0,0,0,0,0,0,0,0,0,0,0,0,0,0,0,0,0,0,0,0,0,0,0,6,0,0,0,5,0,4,0,4,3,0,0,5,5,5,0,0,0,0,0,0,0,0,0,0,0,0,0,0,0,0,0,0,6,0,0,0,0,0,0,0,0,0,0,3,0,2,0,0,0,0,0,0,0,0,0,0,0,0,0,0,0,0,5,5,0,0,0,0,3,0,0,2,0,0,0,0,0,0,0,0,0,0,6,5,0,6,0,0,0,3,0,0,0,0,0,0,0,4,3,0,0,0,4,0,0,0,0,7,0,0,0,0,0,0,0,0,18,0,0,0,0,0,0,11,0,15,15,14,0,13,0,0,0,0,0,0,0,0,0,0,0,0,0,0,0,0,0,0,0,0,
0,0,0,0,0,0,0,0,0,0,0,0,0,0,0,6,0,0,0,0,0,0,0,0,8,0,0,0,0,12,12,0,0,15,11,15,14,14,8,0,0,0,11,0,0,0,0,10,0,0,0,0,0,0,0,0,0,0,0,0,0,0,0,0,10,2,0,2,12,0,0,9,0,18,0,18,0,17,0,0,0,0,0,0,0,0,0,0,0,0,0,0,0,0,0,0,0,0,0,0,0,0,0,0,0,0,0,0,0,3,0,3,5,0,3,5,0,5,0,6,0,0,0,0,0,0,0,0,0,0,0,0,0,0,10,0,0,0,0,0,0,0,0,0,0,0,0,0,0,0,4,2,5,3,0,5,0,6,0,5,0,0,0,0,6,0,0,0,0,6,0,0,0,0,0,0,0,0,0,0,0,0,0,0,0,5,0,0,8,9,7,7,5,0,5,0,0,0,0,11,0,0,5,5,0,0,0,0,0,0,0,0,0,0,0,0,0,0,0,6,0,18,0,0,0,0,0,0,0,12,12,0,16,15,0,14,0,0,0,0,0,0,0,0,0,0,0,0,0,0,0,0,0,0,0,0,
0,0,0,0,0,0,0,0,0,0,0,0,0,0,0,2,1,0,9,0,6,0,18,16,16,0,0,10,0,0,13,13,0,15,12,15,16,15,9,0,9,0,12,12,14,14,0,10,11,12,9,16,0,0,0,0,0,0,0,0,0,0,0,11,11,3,2,2,12,4,0,11,16,15,18,10,17,0,0,3,0,0,0,0,0,0,0,0,8,0,0,0,0,0,0,0,0,0,0,0,0,0,0,0,0,0,0,16,0,0,0,0,7,0,4,0,0,0,0,0,0,0,0,0,0,0,0,0,0,0,0,0,0,9,0,10,0,0,13,0,0,0,0,0,0,5,0,0,0,0,0,0,0,4,7,5,5,0,0,7,0,0,0,0,0,4,0,0,0,0,0,0,0,7,4,0,0,0,0,0,0,0,0,0,0,6,0,0,7,15,7,14,6,8,0,0,0,0,0,1,11,11,8,6,6,5,0,0,0,0,0,0,0,0,0,0,0,0,4,8,0,20,19,0,0,0,19,0,0,0,0,0,0,0,0,0,0,0,0,0,0,0,0,0,0,0,0,0,0,0,0,0,0,0,0,0,
7,0,0,3,0,0,0,0,7,0,0,0,0,7,0,2,3,1,0,0,10,0,0,0,0,17,0,0,16,17,0,13,14,0,15,16,16,11,0,0,0,0,0,12,14,13,10,11,12,12,16,14,10,0,0,0,0,0,0,0,0,0,0,0,12,11,3,3,4,13,0,5,11,15,14,11,19,3,0,8,3,0,0,0,0,0,0,0,0,7,0,0,5,0,0,0,0,0,0,0,0,0,0,0,0,0,0,0,15,0,0,0,0,7,8,6,0,0,0,0,0,0,0,0,0,0,0,0,0,0,0,0,10,10,3,4,0,0,13,14,0,12,13,0,11,0,6,0,0,0,0,0,0,9,8,7,0,5,0,0,3,7,0,0,0,0,9,6,3,0,0,9,9,1,1,0,5,0,6,0,0,0,0,0,0,7,0,0,6,5,10,12,15,8,7,0,0,8,3,0,2,9,5,8,7,4,7,0,8,0,0,17,0,15,0,0,0,0,5,4,18,18,0,0,0,19,19,0,0,0,0,0,0,0,0,11,0,0,0,0,0,0,0,0,0,0,0,0,0,0,0,0,0,0,0,0,
2,1,0,0,5,3,13,0,0,12,0,0,0,9,8,7,3,9,0,0,10,11,0,0,0,0,0,0,19,8,14,14,0,14,16,14,17,0,16,0,0,0,8,12,16,14,11,11,15,15,16,10,0,7,0,6,0,0,0,0,7,7,1,0,2,3,19,4,6,14,7,7,6,6,5,13,16,15,0,10,9,0,0,0,0,0,0,0,0,0,8,0,0,0,0,0,0,0,0,0,0,0,0,0,5,0,0,4,0,16,15,0,15,5,8,0,0,0,0,0,0,0,0,0,0,0,0,0,0,6,0,0,3,4,1,1,0,1,0,11,12,11,0,0,11,7,9,9,6,0,3,6,11,4,8,8,9,13,0,3,0,8,0,0,3,1,5,9,0,4,0,9,9,10,9,9,0,8,0,0,12,0,7,10,11,0,9,7,8,10,10,10,12,6,13,0,9,0,0,0,4,9,8,9,12,6,7,13,13,2,15,17,18,15,18,0,0,10,0,5,9,0,0,0,21,18,0,0,0,12,0,0,0,0,0,0,0,0,0,0,0,0,0,0,0,0,0,0,0,0,0,0,0,0,0,0,
0,5,0,8,2,0,15,0,0,6,0,14,0,0,9,8,8,15,14,0,10,14,7,0,7,0,9,17,17,19,9,14,14,20,14,13,13,0,11,7,0,0,10,14,13,10,0,9,16,17,15,10,12,9,8,7,0,0,19,7,8,8,8,2,0,11,4,0,18,16,8,8,6,7,15,14,14,0,0,0,0,0,0,0,20,21,8,9,9,11,8,0,9,8,11,0,0,15,15,0,0,0,0,0,0,0,12,0,1,6,11,16,9,10,11,10,0,10,0,0,0,11,0,0,0,0,0,0,0,0,6,0,7,4,4,2,2,2,2,3,5,0,12,0,3,4,9,10,6,5,4,7,10,12,5,8,8,10,11,12,11,0,0,0,3,4,2,6,10,7,5,0,0,8,0,0,0,9,7,6,7,11,7,10,10,11,10,10,10,8,9,11,9,7,11,10,10,8,9,0,9,14,10,10,12,10,11,13,12,4,17,18,17,16,16,0,19,0,10,14,10,10,10,0,0,12,0,0,16,0,0,0,0,12,0,9,0,0,0,0,0,0,0,0,0,0,0,0,0,0,0,0,0,0,0,0,
13,13,4,3,3,7,15,9,0,0,9,14,0,12,9,4,9,8,7,16,16,10,3,7,1,8,8,8,13,17,20,13,14,16,21,0,0,0,0,7,8,0,8,12,14,8,11,10,13,17,13,10,11,9,0,8,0,21,19,0,10,8,10,10,13,3,6,8,17,18,18,12,7,8,13,15,7,0,15,0,9,0,0,0,0,21,3,4,10,10,8,8,9,6,11,0,14,15,15,0,18,4,0,0,8,0,0,1,2,0,16,0,0,12,11,9,0,8,14,0,0,11,9,0,0,0,0,6,7,8,6,6,0,7,8,5,8,7,2,7,8,14,0,13,0,10,5,10,7,6,4,10,6,9,8,9,8,11,12,5,7,6,0,6,5,4,3,4,4,6,6,4,6,7,9,0,0,8,7,8,8,6,8,10,11,11,14,11,8,9,4,4,6,19,11,11,11,8,13,10,0,13,14,12,12,10,10,7,13,4,18,18,21,18,16,13,0,12,14,16,14,13,13,0,0,4,0,0,12,16,0,13,14,0,0,7,17,0,0,0,0,0,0,0,0,0,0,0,0,0,0,0,0,0,0,0,
14,12,4,4,10,7,16,12,15,13,14,10,15,10,13,5,4,12,8,11,11,15,0,16,7,8,8,14,14,10,15,14,17,23,15,15,16,0,0,3,18,8,8,14,13,8,13,9,11,6,14,11,11,11,9,0,0,0,21,12,11,10,9,13,12,13,7,7,9,18,8,13,7,12,13,16,16,14,0,13,13,9,0,0,0,8,0,10,10,16,7,7,7,7,0,0,13,15,0,0,0,4,0,0,9,7,0,0,15,2,0,0,0,0,10,9,0,9,9,21,10,12,12,11,0,0,7,6,6,0,8,7,7,9,10,7,10,7,8,10,19,9,11,0,5,0,6,5,10,8,7,7,7,0,9,9,9,9,10,8,7,5,6,5,6,5,4,4,5,5,7,6,7,12,0,0,9,11,8,14,13,10,6,11,14,10,13,13,14,12,12,11,5,6,11,13,12,15,14,15,13,12,14,12,11,12,8,8,13,14,14,19,21,11,14,13,17,17,13,15,13,13,13,12,0,0,0,0,13,9,0,14,0,12,0,0,9,16,18,18,0,0,0,0,0,0,0,0,0,0,0,0,0,0,0,0,
15,4,8,10,11,12,8,9,15,18,14,14,11,9,16,6,12,11,15,16,12,12,13,0,16,7,13,9,13,12,18,12,18,10,22,10,11,15,14,4,15,8,8,19,10,14,14,14,12,13,7,8,11,12,0,0,0,0,0,10,0,13,13,13,0,10,8,7,8,11,11,9,9,14,16,14,13,13,13,14,14,13,10,0,11,0,10,17,0,10,8,8,6,12,8,0,15,16,13,8,4,4,9,0,0,0,11,0,2,3,0,16,17,0,11,12,10,10,20,0,0,0,14,0,11,11,10,12,16,6,0,11,8,7,10,7,6,8,7,9,19,11,9,11,9,4,6,10,9,9,12,8,7,0,0,0,11,10,11,4,10,5,7,5,0,14,6,5,1,6,5,7,10,7,8,10,20,19,13,6,10,10,9,12,11,14,12,13,10,12,12,10,6,7,6,6,21,12,12,16,14,11,7,10,11,13,10,18,13,15,14,14,20,12,14,13,17,19,15,17,15,15,16,14,10,12,14,18,0,14,0,14,0,11,14,13,5,9,16,0,0,0,0,0,0,0,0,0,0,0,0,0,0,0,0,0,
4,13,10,9,17,0,0,10,13,16,19,17,12,10,16,17,17,14,16,16,16,12,14,14,16,6,16,10,13,6,13,3,9,15,6,12,12,12,20,16,10,9,10,12,20,19,12,11,10,18,8,12,13,18,13,14,0,0,16,11,0,14,21,14,23,12,11,8,6,10,18,12,10,10,9,17,17,14,8,14,15,14,11,10,11,9,10,18,0,17,16,9,7,4,12,12,14,11,13,13,7,5,8,10,13,0,11,0,11,4,16,17,7,0,22,12,13,10,13,0,0,0,0,0,16,12,14,14,14,16,15,15,14,13,12,13,7,12,8,10,20,14,20,10,10,12,12,6,6,11,10,11,7,0,0,0,7,11,5,11,11,6,11,8,7,15,15,15,2,8,13,9,10,11,9,10,11,11,12,7,7,14,13,14,14,11,15,13,14,15,8,16,10,8,8,20,17,21,20,12,13,7,7,12,12,12,20,18,18,12,0,13,13,16,14,22,18,17,17,15,11,16,11,13,14,13,15,21,0,13,0,12,15,12,9,8,15,6,8,0,18,0,0,0,0,0,0,0,0,0,0,0,0,0,0,0,
12,7,10,10,17,16,0,0,15,14,16,18,18,17,4,4,17,6,17,16,17,16,15,14,15,11,10,10,11,2,2,3,9,14,11,12,13,13,17,8,11,10,10,10,13,19,14,18,11,17,18,18,14,18,13,14,0,15,13,15,7,21,13,8,8,10,14,7,7,6,18,18,8,11,18,15,15,11,14,12,14,11,11,11,12,12,11,20,10,18,15,11,9,12,13,15,15,16,12,13,9,10,8,13,13,0,13,0,0,12,16,8,17,14,23,15,22,13,14,14,0,0,0,13,16,16,15,0,13,12,12,16,16,15,13,10,12,8,12,9,14,15,21,21,12,12,11,7,11,11,10,8,9,10,11,0,9,8,6,11,6,11,8,6,11,10,8,7,3,9,8,14,18,9,22,11,11,10,17,9,8,13,14,15,14,14,10,15,14,9,9,9,12,13,8,8,8,7,7,7,6,15,7,11,12,13,0,0,19,18,19,15,13,13,19,16,22,16,19,12,16,11,12,11,10,14,12,15,15,14,13,14,13,14,10,13,10,11,10,0,18,0,0,0,0,0,0,0,0,0,0,0,0,0,0,0,
15,7,17,11,8,9,17,0,16,15,17,18,19,19,16,11,13,6,10,16,15,16,16,15,16,15,11,11,10,3,2,3,11,18,10,9,11,13,11,10,12,21,11,11,14,14,20,14,18,18,13,12,22,19,19,17,13,14,14,14,7,15,8,11,8,10,10,13,8,9,19,10,11,9,9,10,9,6,14,14,13,11,12,12,12,10,12,21,22,11,10,12,16,4,13,16,17,12,12,11,10,10,9,14,13,10,8,12,13,9,12,13,14,13,14,15,12,12,9,15,9,13,0,9,0,0,0,0,17,13,17,17,16,17,17,15,13,12,10,6,14,16,22,24,8,12,10,11,11,12,15,14,9,14,10,22,9,9,9,6,6,12,9,5,5,5,11,11,5,6,16,8,22,18,22,22,12,11,16,12,16,17,15,16,23,10,15,16,17,11,10,10,14,16,13,17,8,8,10,9,8,5,6,11,6,13,0,6,11,14,9,15,15,14,19,17,12,20,19,13,21,17,19,12,18,18,11,15,12,15,16,14,18,11,10,11,12,12,11,11,14,0,0,0,0,0,0,0,0,0,0,0,0,0,0,0,
16,9,19,15,10,9,12,10,11,16,15,18,18,13,11,11,13,13,11,10,9,9,17,15,15,10,19,15,9,11,11,3,8,11,10,10,14,15,14,13,11,14,14,14,15,19,14,17,15,16,16,18,24,22,20,11,13,14,15,13,8,7,9,8,12,14,14,13,14,16,17,11,10,11,19,16,11,9,8,12,14,12,13,12,15,12,13,13,21,11,11,14,13,6,5,6,7,6,5,11,10,11,16,10,11,10,10,14,13,0,9,14,15,15,15,14,17,13,0,0,10,0,0,11,0,12,0,0,20,17,17,17,16,17,15,16,13,14,14,12,7,17,23,21,11,9,8,10,9,9,13,15,15,19,12,10,19,13,12,13,7,13,6,6,7,11,18,11,5,19,16,17,17,20,14,15,14,15,17,16,17,19,18,24,16,17,11,18,16,13,8,9,14,14,13,17,13,9,10,11,11,6,6,9,13,18,7,8,17,15,10,20,12,16,21,13,16,15,17,18,13,22,23,20,21,13,17,13,12,14,6,15,19,14,11,12,12,12,21,11,18,17,20,17,0,0,0,0,0,0,0,0,0,0,0,0,
7,10,21,12,14,11,13,17,13,17,14,14,19,15,13,12,13,20,14,11,12,10,18,16,10,10,10,10,10,11,11,8,4,14,12,16,21,15,11,14,20,14,14,18,16,13,17,22,23,21,22,19,25,17,23,12,15,15,13,12,13,12,10,7,18,13,12,12,10,17,17,17,13,12,17,20,16,13,9,13,12,12,12,14,15,19,17,21,13,13,12,16,16,13,8,6,6,10,15,15,12,11,11,23,10,10,12,11,11,17,12,11,20,18,18,15,16,14,12,12,10,0,0,0,12,12,12,19,12,17,18,15,12,18,15,22,15,17,15,16,5,10,17,17,25,9,9,9,10,11,10,16,16,17,16,13,20,19,12,11,16,7,16,12,12,19,8,11,13,18,18,18,17,20,17,17,15,17,16,16,17,15,12,19,16,18,18,18,9,13,11,9,14,9,9,16,11,9,7,10,12,12,15,15,14,15,17,15,18,16,16,11,11,17,21,16,17,17,19,19,21,21,22,23,23,10,18,16,13,10,7,8,9,7,16,20,14,19,17,12,18,15,18,0,0,0,0,0,0,0,0,0,14,0,0,0,
7,18,9,17,19,10,13,15,17,12,15,11,14,16,14,11,14,20,26,15,12,11,10,12,11,10,18,10,12,13,12,21,7,5,7,9,18,16,22,15,16,15,14,13,15,16,15,22,25,22,21,26,27,17,16,17,14,15,12,14,16,10,11,11,8,18,14,14,11,10,18,10,19,13,23,17,20,20,14,15,13,16,15,14,22,19,19,22,21,17,13,17,14,17,7,7,15,14,10,14,16,13,23,23,22,16,18,12,14,19,17,12,9,16,16,18,17,14,13,13,12,0,0,0,12,12,13,11,15,13,14,12,15,13,13,21,20,16,17,17,6,11,17,23,23,10,17,9,12,11,11,13,17,24,17,14,19,17,20,13,14,10,14,15,17,15,14,12,16,17,15,14,16,21,17,22,17,23,17,14,15,16,14,19,13,12,18,21,12,13,13,11,11,15,11,12,9,8,8,10,17,14,14,16,16,17,18,11,15,17,14,13,15,17,22,22,13,17,17,22,22,22,16,15,23,18,13,15,14,15,14,12,15,9,8,21,13,13,15,20,17,16,19,18,15,0,0,0,0,0,13,0,0,13,0,0,
8,18,18,10,14,12,18,15,17,11,19,18,30,17,17,15,12,22,26,26,13,12,22,14,13,11,22,19,9,13,12,12,14,8,8,10,15,13,22,22,23,17,16,14,15,22,16,24,26,24,19,13,18,27,16,15,13,16,18,16,15,15,11,11,8,11,15,15,21,10,11,11,22,19,20,24,13,21,18,17,11,17,17,15,18,21,20,19,22,9,18,6,16,17,17,8,10,14,12,14,15,17,11,24,23,21,19,11,14,13,13,21,10,21,18,18,17,19,14,14,13,14,14,15,13,13,13,16,15,14,16,13,15,13,13,14,20,23,18,17,19,13,11,19,17,10,11,19,12,20,12,8,19,16,19,18,21,10,20,15,15,20,18,14,16,15,18,18,17,17,13,17,17,18,18,21,22,22,16,14,18,14,19,19,16,16,14,11,12,13,13,13,12,15,11,12,13,8,10,8,18,15,15,16,16,20,18,18,16,14,14,13,14,19,20,23,17,16,16,20,18,21,17,12,24,12,12,19,15,10,15,14,15,9,10,11,18,14,20,21,18,19,19,15,0,18,0,15,16,0,14,0,0,17,0,18,
9,15,16,11,16,14,17,16,14,12,19,27,28,30,18,29,13,12,25,26,28,13,14,15,13,14,14,22,20,10,15,13,8,9,9,9,13,14,11,23,18,19,18,19,14,15,16,16,25,13,25,18,19,18,16,12,14,13,12,19,16,11,11,9,13,12,15,10,12,22,9,16,11,23,24,17,25,15,18,17,18,15,17,16,18,12,22,13,18,10,11,18,19,10,24,16,13,14,20,16,15,16,15,17,23,22,22,19,16,23,14,15,22,19,19,19,17,18,14,15,17,13,15,15,14,14,16,17,15,18,16,14,17,16,14,22,19,18,18,19,14,14,12,19,18,23,13,19,19,12,9,12,13,20,13,19,18,18,11,19,18,19,20,16,16,15,12,16,13,18,15,18,27,18,19,22,19,18,16,19,13,14,18,14,15,14,15,14,13,12,13,14,14,13,12,13,9,10,11,9,9,14,16,16,18,14,12,18,18,14,13,15,14,20,21,17,18,16,17,17,17,20,12,21,13,13,11,13,19,11,11,18,15,14,15,13,19,16,19,19,19,18,20,20,18,0,19,0,16,15,18,0,0,18,18,18,
16,15,18,18,15,13,14,14,21,14,21,29,30,30,14,31,13,13,21,27,28,14,16,23,12,23,22,14,21,12,17,14,8,9,15,16,14,16,15,16,18,18,18,21,19,14,21,21,15,21,14,15,19,20,19,14,13,13,12,18,13,17,18,12,15,10,18,10,11,12,10,17,23,19,24,12,18,16,15,20,17,22,13,18,19,20,21,13,19,19,13,15,18,18,11,20,19,19,18,15,16,15,23,18,16,24,17,16,20,14,22,20,16,17,22,23,18,18,17,15,19,21,14,17,12,15,16,19,15,19,19,15,15,16,15,27,22,20,19,20,15,17,17,16,19,17,22,12,20,19,13,12,15,21,19,19,20,19,19,19,10,19,20,19,14,24,16,17,14,25,16,17,26,13,24,19,19,19,20,19,20,17,16,15,14,15,13,15,12,15,15,16,14,17,13,12,10,11,12,11,18,14,19,17,13,15,14,12,19,19,13,20,17,15,22,16,14,19,17,17,13,19,20,22,16,14,14,14,14,22,13,15,16,14,16,17,16,21,21,17,20,20,20,21,19,16,14,15,16,16,18,19,19,19,16,18,
12,18,14,20,13,21,14,14,15,21,14,19,30,21,15,20,13,14,13,27,27,14,14,21,20,23,13,15,14,29,18,21,17,8,16,17,17,17,19,22,16,16,19,23,22,21,17,22,21,23,17,23,17,17,20,14,21,14,11,11,25,24,23,19,12,19,19,10,11,9,24,21,24,26,22,12,17,16,16,18,19,15,14,23,22,18,20,22,21,18,14,19,13,19,20,16,20,16,16,15,17,16,16,24,14,24,18,16,17,15,17,8,21,17,19,20,19,22,19,18,17,18,20,11,16,18,14,22,19,15,19,16,20,17,13,19,12,23,18,18,16,17,17,18,19,20,23,19,19,13,14,12,15,22,20,16,20,19,20,20,18,21,20,15,25,24,16,15,25,25,20,23,19,14,26,23,22,23,21,18,18,19,18,16,16,17,14,15,15,11,15,17,17,17,16,16,14,14,18,10,18,18,17,20,20,14,17,15,14,15,14,18,16,22,16,16,14,20,20,14,18,20,19,23,15,15,14,13,15,16,22,19,16,12,17,18,23,23,12,14,16,20,17,21,18,16,17,15,17,17,20,19,17,19,18,19,
13,17,14,17,22,14,15,23,23,22,15,14,21,30,23,15,24,12,14,23,22,15,23,17,22,20,20,14,16,15,16,20,20,19,17,18,17,21,21,20,16,17,22,24,24,18,28,16,19,18,18,17,18,17,17,21,24,12,13,12,17,20,18,15,13,25,14,19,22,19,24,24,20,21,21,22,21,21,21,18,25,17,17,22,23,17,21,23,18,18,21,20,18,9,24,21,20,22,17,16,18,17,14,17,15,14,20,16,20,18,8,19,20,14,16,21,24,19,19,22,15,15,21,15,15,14,14,16,22,18,16,13,19,19,12,15,16,26,25,16,19,19,20,18,19,18,16,18,19,20,13,13,19,13,15,21,16,21,21,19,28,16,19,21,16,25,25,23,16,25,25,19,19,21,22,22,22,21,25,20,24,20,18,18,25,19,24,28,14,18,15,13,25,16,16,23,21,12,19,15,11,19,18,17,17,21,22,19,14,25,14,15,25,25,20,16,15,19,21,15,22,18,23,15,15,17,14,14,16,16,16,17,21,14,12,15,14,16,13,17,17,18,18,22,18,18,19,17,22,16,19,17,17,20,18,19,
19,14,22,18,22,22,18,17,24,24,23,21,15,23,20,19,15,15,18,16,22,22,25,13,19,21,21,15,22,20,17,21,19,21,21,19,21,16,21,16,21,29,28,10,23,28,19,21,22,20,20,18,19,17,20,20,23,23,14,23,23,20,19,24,14,13,28,15,15,20,13,24,22,20,22,22,18,21,22,24,25,22,20,17,23,23,22,18,20,18,21,21,20,17,24,24,23,17,17,17,21,23,16,13,16,15,14,17,13,19,9,19,19,15,15,18,23,25,13,15,13,16,14,15,19,14,15,19,22,14,19,15,13,14,13,15,15,15,27,25,19,18,18,16,19,16,17,23,20,17,18,14,20,14,20,16,22,20,17,21,21,29,10,21,12,11,26,22,22,17,24,24,19,24,22,17,18,27,22,26,21,25,24,19,20,25,18,17,20,19,16,12,14,20,24,23,22,19,14,14,18,19,18,13,19,17,22,16,19,21,22,16,25,25,25,21,21,24,15,26,22,19,18,23,17,14,18,17,16,17,16,21,22,22,26,18,19,20,19,20,19,20,21,19,23,19,18,18,24,22,24,18,17,18,19,18,
22,19,21,19,21,24,22,21,22,26,26,22,18,18,24,18,25,22,20,19,20,20,25,26,25,22,23,13,21,21,23,20,25,20,19,22,22,18,15,29,22,16,21,11,12,20,21,23,22,21,18,19,20,20,18,20,22,23,14,15,14,21,21,27,25,10,20,10,29,24,25,27,24,23,22,18,18,21,24,23,25,20,18,19,17,18,18,18,18,19,22,22,22,18,18,26,24,20,18,20,21,18,17,17,15,11,20,19,17,20,19,18,20,18,15,22,28,20,14,14,16,14,15,22,17,23,14,14,18,20,15,20,23,15,17,14,24,16,15,17,18,18,20,16,15,17,13,17,20,22,23,14,18,20,21,16,17,22,23,19,19,30,28,10,19,22,21,23,23,22,22,23,27,19,26,23,27,27,27,27,24,26,23,27,21,21,24,17,25,18,18,13,13,26,23,18,16,17,20,23,18,19,18,14,19,17,17,16,20,22,23,19,23,21,21,26,21,27,16,17,16,16,13,18,17,13,17,19,18,24,18,18,17,27,27,18,21,19,20,15,20,18,22,21,24,20,27,19,24,23,20,19,18,20,19,21,
16,22,20,22,22,20,19,19,18,21,26,21,16,19,21,19,20,22,21,20,26,22,21,19,26,17,22,20,14,22,20,22,24,26,22,15,22,25,24,18,17,18,17,22,21,12,21,23,22,17,22,15,17,21,21,22,21,18,23,25,16,20,22,11,26,25,11,11,14,24,32,24,29,29,22,24,29,25,25,19,24,20,22,19,19,19,21,20,21,24,20,22,22,20,20,24,26,27,21,19,21,20,19,17,16,20,19,20,18,18,23,18,20,19,16,21,29,16,22,18,17,24,22,23,23,22,21,20,20,22,16,18,19,19,24,26,23,25,16,17,21,27,25,21,16,17,21,21,21,23,18,18,17,16,18,17,18,20,18,22,20,21,21,11,20,21,23,25,28,24,25,24,22,24,26,25,19,27,25,20,28,27,25,23,27,20,21,23,26,19,18,18,14,23,15,19,15,17,18,18,14,20,23,19,19,20,16,17,21,19,23,24,23,20,21,30,28,27,27,31,22,17,24,16,13,17,17,20,25,25,24,22,20,28,23,27,20,22,16,20,25,19,16,21,22,21,23,25,27,24,27,19,23,19,24,20,
20,18,18,22,20,19,20,22,19,23,22,23,18,19,19,20,18,21,24,21,24,27,21,22,18,18,15,21,22,18,22,21,24,23,22,18,22,22,21,19,20,19,21,18,21,22,23,17,25,24,17,18,21,17,20,22,22,24,19,16,19,19,21,24,22,14,14,19,25,25,33,27,29,28,28,29,29,23,22,23,19,22,23,21,22,24,22,20,21,18,21,23,21,29,27,20,26,16,16,17,23,18,19,19,16,27,17,25,20,23,24,19,19,21,21,23,21,20,23,21,19,22,25,20,24,25,25,21,22,22,30,24,20,21,24,25,27,23,25,25,21,27,28,18,21,21,17,22,20,30,18,32,19,19,18,20,19,22,19,16,18,20,22,13,12,22,15,23,25,25,29,26,23,23,25,21,24,27,25,27,28,19,25,23,23,25,23,24,19,19,20,24,20,19,15,15,15,18,15,16,15,21,20,22,19,22,24,18,18,22,21,21,24,23,21,24,25,23,28,28,19,18,21,17,23,16,23,23,26,25,19,17,19,20,19,22,27,24,16,18,21,18,17,25,23,25,24,26,21,24,21,20,24,26,22,21,
25,21,19,20,24,18,24,24,27,21,23,19,25,21,22,34,19,21,24,21,21,22,21,23,19,19,20,18,16,20,22,24,23,25,21,20,24,24,19,18,21,22,22,22,22,22,16,27,17,14,18,17,18,19,16,15,23,28,16,21,21,20,22,19,26,13,15,21,16,23,33,27,23,22,28,24,24,23,27,22,22,23,25,24,21,19,21,21,26,21,20,19,22,24,25,26,23,29,18,18,22,24,18,18,17,23,17,21,19,25,23,23,20,20,22,22,21,24,16,20,18,17,28,21,26,25,22,22,25,22,30,29,24,19,20,18,27,24,25,25,20,23,28,19,22,22,17,21,23,19,31,22,14,20,18,21,20,20,22,16,19,15,21,17,21,23,20,25,28,26,27,26,26,25,34,25,23,27,22,20,28,18,18,26,24,24,24,29,19,20,18,21,21,20,25,16,19,17,21,17,17,21,20,19,21,23,24,24,22,22,24,29,22,25,22,24,25,26,22,22,34,20,26,15,28,26,17,26,17,27,21,21,18,19,21,22,23,26,25,18,26,19,20,22,25,25,24,27,25,24,22,25,26,25,26,25,
20,22,21,20,25,19,21,24,29,28,29,21,25,20,23,23,35,24,25,28,24,23,20,23,21,26,22,20,18,19,20,15,14,25,22,22,20,28,20,24,19,21,22,22,21,23,24,20,28,19,16,19,18,18,24,17,25,29,27,16,26,24,24,23,29,27,23,14,21,23,25,28,22,32,29,20,23,30,27,28,23,19,28,24,27,20,19,22,24,24,21,20,19,25,24,27,25,24,21,19,20,18,25,25,24,25,18,17,18,27,24,24,20,21,21,21,18,17,24,23,16,19,20,20,21,21,23,19,17,26,23,23,21,20,20,27,28,28,25,21,25,20,23,21,21,17,23,18,24,20,32,15,24,20,22,24,21,18,24,22,18,15,26,22,20,23,16,27,26,27,30,27,22,26,27,22,26,27,22,20,20,20,26,26,24,27,25,25,30,20,19,19,20,21,24,18,18,18,17,19,25,22,21,21,27,25,25,26,27,26,25,30,23,30,25,23,20,26,25,23,16,20,26,16,21,25,27,19,17,29,24,21,22,20,22,22,25,19,26,22,19,27,28,29,24,23,24,27,25,27,26,23,27,25,29,27,
21,25,23,24,24,22,20,30,27,30,29,28,27,21,21,25,23,35,26,28,25,23,25,24,23,26,24,23,20,20,21,15,25,15,25,23,21,22,20,25,20,22,23,22,19,20,18,22,21,17,16,22,20,19,18,19,25,29,21,25,25,28,25,24,29,29,29,24,16,22,22,27,26,21,32,24,23,28,30,27,23,23,23,29,30,25,21,21,30,25,25,21,25,25,24,29,21,26,22,27,22,22,18,28,16,20,25,19,18,26,27,24,22,21,23,22,19,19,19,22,17,22,22,22,22,21,25,25,26,16,24,17,28,26,26,21,21,27,27,20,21,27,27,24,20,22,26,22,23,25,29,16,23,21,22,24,25,19,19,20,22,16,18,19,24,20,21,22,28,29,24,30,30,26,24,23,23,27,22,15,21,23,27,18,20,26,30,26,25,29,20,26,21,22,26,20,19,18,19,17,21,23,24,21,26,26,28,25,27,29,25,26,31,29,31,26,27,23,26,15,28,16,31,26,15,21,20,22,19,29,20,21,25,21,21,25,23,26,20,24,30,20,27,29,25,25,27,21,27,28,27,23,26,26,28,28,
26,29,26,23,23,24,21,23,22,23,24,31,29,21,21,18,23,20,24,24,27,24,25,26,23,24,25,24,22,21,25,16,16,26,26,27,18,22,25,20,19,23,22,20,20,23,21,25,22,17,17,21,22,19,21,20,19,28,28,23,27,29,24,27,28,29,25,23,24,24,21,26,25,21,29,25,25,28,30,23,29,25,23,29,23,29,27,22,32,24,25,25,25,24,23,20,22,21,18,18,22,24,26,27,17,26,20,19,25,24,27,21,23,24,24,27,24,22,25,32,23,33,20,22,22,25,22,24,17,19,17,18,29,30,19,29,21,30,29,21,28,22,24,28,21,23,28,23,24,26,22,26,17,26,25,24,23,19,20,21,19,22,19,22,22,23,28,22,28,29,24,20,30,32,27,31,24,27,29,14,16,22,17,27,28,27,26,24,30,28,29,30,30,24,26,26,20,20,24,19,19,23,24,24,27,27,26,28,29,29,27,26,22,30,23,30,28,25,23,26,23,15,23,23,16,15,22,28,25,30,22,28,27,28,22,25,25,24,26,27,30,31,31,27,28,24,30,24,28,22,24,23,21,27,27,28,
26,24,24,29,26,21,25,25,23,20,25,28,29,22,21,18,28,25,27,27,28,27,25,24,23,18,24,26,23,26,25,26,23,27,27,22,29,25,25,23,21,21,21,22,22,24,20,25,27,28,17,30,22,23,22,29,22,30,29,27,27,27,28,25,26,27,28,25,24,24,25,27,23,23,22,22,24,25,29,30,29,24,25,23,25,31,30,27,24,25,27,25,25,26,26,22,21,22,23,19,23,19,19,20,26,33,22,20,19,31,24,27,23,24,25,23,26,26,26,26,23,24,21,21,23,25,23,26,27,18,26,22,20,20,28,29,29,30,29,29,29,22,23,22,26,24,25,23,27,24,23,26,26,26,28,24,24,25,24,22,20,20,21,23,24,24,20,29,28,29,29,29,23,33,25,21,30,24,28,29,26,18,17,18,27,22,30,25,30,28,29,30,31,30,22,23,25,21,25,25,26,24,21,23,28,30,28,29,27,29,30,27,26,33,35,30,29,24,26,27,25,24,20,24,15,16,16,16,27,22,28,26,24,25,29,24,23,20,28,21,24,29,32,28,33,20,25,23,29,30,25,23,24,21,30,29,
23,27,24,25,28,25,21,25,22,27,25,29,22,30,23,28,29,20,27,28,24,28,26,25,26,23,23,22,23,26,25,25,25,29,28,33,30,30,26,25,22,22,25,26,22,24,22,23,28,30,28,30,30,22,24,31,28,27,27,19,24,27,29,29,29,30,29,26,29,27,21,27,24,23,23,23,21,20,30,31,24,22,27,25,26,32,23,31,31,25,25,27,24,28,25,27,25,25,23,20,27,23,23,21,21,21,24,22,32,32,22,27,25,23,25,28,27,27,35,28,27,28,26,26,21,28,27,24,25,25,27,21,21,20,20,22,33,31,30,29,27,27,30,29,23,24,23,25,24,26,25,28,27,26,27,31,25,25,24,24,23,19,22,23,24,21,20,31,25,32,30,32,25,34,26,29,28,24,28,29,28,16,19,18,27,25,23,31,33,29,31,29,30,30,29,23,23,26,24,24,23,25,22,26,25,29,19,25,30,30,31,26,27,26,35,35,26,25,24,24,25,27,18,15,17,17,16,18,24,28,24,29,27,31,24,24,26,29,30,28,29,24,27,32,33,31,28,23,30,22,28,24,23,28,26,26,
24,24,29,27,28,20,22,22,22,28,18,17,22,23,22,24,25,24,26,20,19,28,29,26,25,26,32,23,30,25,25,26,26,26,27,32,33,26,30,28,25,23,24,27,26,25,24,25,24,25,29,31,29,31,33,35,26,29,29,20,24,28,28,28,30,30,31,31,25,27,24,28,28,25,27,24,22,27,25,27,26,25,24,25,24,33,32,32,24,26,24,25,27,26,26,29,24,25,26,21,28,28,28,19,22,21,27,24,22,27,28,34,29,23,24,25,25,24,29,23,28,25,27,26,26,24,26,25,25,24,23,28,24,18,31,22,31,27,34,28,30,27,30,29,31,29,23,23,25,23,26,27,29,27,27,33,31,26,33,24,24,22,28,22,23,29,16,19,23,32,32,24,24,30,35,23,33,22,27,28,28,17,28,19,26,22,25,32,22,34,30,32,31,30,20,28,24,24,23,25,25,24,25,26,25,31,25,25,33,31,33,32,27,27,29,28,26,26,26,23,27,20,20,19,17,19,16,30,25,30,27,24,27,32,26,24,33,30,30,30,29,28,26,22,22,31,29,21,24,29,30,29,27,26,26,27,
26,26,31,32,28,29,31,29,27,22,26,18,21,17,27,24,25,25,28,26,25,27,29,28,25,30,29,29,30,25,28,30,31,31,27,32,27,30,21,24,28,26,31,27,27,27,28,24,25,25,30,19,30,32,33,17,23,28,23,20,22,26,32,28,31,32,31,30,34,28,24,23,25,24,28,29,25,21,28,19,26,27,26,25,26,26,24,24,25,21,27,26,28,28,32,30,27,25,30,27,28,28,29,24,31,19,19,28,30,27,33,28,25,35,28,25,26,26,30,30,24,24,28,27,26,24,27,34,26,27,24,24,23,18,26,31,28,29,34,33,26,31,28,29,29,32,28,24,22,23,26,28,29,28,26,25,33,31,33,30,25,21,24,24,27,26,18,18,28,24,31,31,24,27,30,28,28,23,23,28,31,18,24,26,26,23,25,30,19,23,18,25,24,31,26,28,29,25,29,29,26,22,27,26,27,31,32,33,29,34,32,31,31,28,29,29,31,28,26,26,27,21,21,26,25,27,29,17,29,23,28,23,27,26,27,33,30,30,26,26,30,27,28,23,26,22,22,31,28,28,29,26,26,28,26,27,
25,24,24,31,29,30,31,22,28,25,19,19,17,18,27,22,25,26,29,28,26,26,31,29,27,31,30,21,25,32,30,29,27,32,32,29,32,21,30,25,30,28,27,32,28,27,30,30,22,25,22,25,34,31,34,23,24,28,23,22,22,26,26,32,31,30,31,28,31,33,32,24,25,25,25,25,28,30,28,28,23,20,27,26,24,24,26,24,25,22,20,21,28,28,25,32,29,22,31,29,28,28,27,29,23,24,31,20,22,28,24,34,32,36,36,29,28,26,31,27,28,25,28,27,28,27,25,35,21,24,27,30,25,23,34,32,32,28,31,26,24,26,30,29,30,30,28,25,29,29,28,29,34,34,32,23,26,33,33,31,34,29,24,29,28,27,27,19,28,24,26,26,30,29,27,24,28,24,24,30,29,31,30,29,25,29,24,25,26,20,19,31,26,29,27,28,23,30,30,29,29,30,29,26,23,30,32,29,26,34,24,32,32,29,32,29,28,32,28,25,26,22,24,23,24,34,34,30,18,28,31,24,31,30,27,27,31,30,30,25,26,28,26,28,22,27,21,26,26,28,25,27,28,27,27,27,
24,25,23,24,26,30,31,24,25,25,23,24,19,20,29,30,22,23,23,28,29,27,32,32,36,30,23,22,25,32,31,31,26,28,31,26,32,28,30,29,31,31,28,28,29,28,26,27,31,27,26,26,23,28,24,27,22,29,27,23,23,22,25,29,33,29,29,32,32,31,33,32,32,30,26,29,26,27,32,29,31,34,27,28,26,25,28,27,25,23,26,22,19,29,27,28,26,31,22,22,30,27,26,26,25,26,30,31,31,31,23,26,26,33,28,28,28,29,29,26,31,29,29,28,26,30,28,23,22,26,24,28,25,23,35,32,32,28,32,31,26,27,28,27,29,25,28,29,30,28,30,28,34,33,29,29,26,33,35,35,35,34,29,27,27,31,28,28,27,25,29,25,31,27,27,27,23,26,25,28,31,27,30,30,30,27,28,23,30,27,20,32,27,27,24,29,32,32,31,32,29,32,29,27,25,31,27,32,30,26,25,33,28,30,32,31,29,29,28,25,25,25,26,25,29,32,29,33,30,32,29,32,31,32,31,31,26,32,32,29,28,29,30,25,31,23,24,27,28,27,28,28,30,29,27,28,
25,25,25,32,32,23,28,23,25,27,26,26,29,25,25,29,23,25,30,24,23,28,38,32,36,37,38,32,26,25,26,28,29,29,32,29,39,29,31,33,30,31,31,28,28,28,32,28,28,28,28,27,27,29,26,27,27,23,27,27,23,23,25,30,30,24,30,32,31,27,32,33,34,30,30,31,27,27,27,31,31,30,26,27,27,28,27,24,26,24,26,26,27,25,26,27,28,32,32,31,29,28,27,27,30,24,27,27,31,29,24,32,32,27,29,30,29,29,30,30,30,30,29,31,30,24,31,31,23,22,20,29,25,25,22,28,26,33,27,33,32,34,31,29,31,29,28,31,30,27,29,29,29,34,33,29,29,26,26,29,28,25,35,34,28,32,33,34,34,29,26,27,26,27,31,22,24,25,28,28,28,28,33,31,30,27,32,25,23,31,31,23,31,28,32,29,31,31,34,33,26,33,31,33,32,26,26,31,31,27,28,25,25,25,29,26,31,26,26,26,25,27,25,27,30,27,27,30,27,27,35,30,31,29,33,30,26,25,32,25,31,30,30,30,29,28,28,29,30,29,27,28,30,29,28,29,
34,36,37,31,33,30,31,29,30,28,30,27,29,31,26,26,28,26,26,29,24,29,27,39,35,38,36,38,39,27,27,32,32,30,29,30,36,40,31,33,32,33,34,30,29,32,32,25,28,29,30,28,28,26,24,23,33,28,27,27,27,26,26,28,30,30,25,34,32,26,34,33,29,28,31,32,33,30,28,27,27,32,31,25,29,28,28,32,24,24,36,27,31,26,30,28,28,30,30,32,23,29,26,27,26,28,32,28,28,30,30,26,30,30,29,31,32,33,34,33,30,32,31,34,32,31,33,32,23,23,33,24,35,26,31,31,29,28,32,34,27,28,33,32,31,28,25,36,31,29,28,30,27,31,28,29,30,31,27,27,27,25,36,24,29,25,33,34,25,29,33,30,28,33,32,26,23,23,28,31,29,30,27,31,34,31,36,33,30,31,32,30,29,32,31,30,23,31,31,32,27,26,25,30,27,27,34,31,32,30,26,23,31,26,30,27,31,27,30,27,28,30,27,32,28,27,28,33,28,32,24,31,34,31,29,30,31,31,26,27,26,32,32,28,30,26,27,28,27,28,27,30,28,28,30,29,
21,32,37,29,32,33,30,31,34,32,23,36,29,27,31,29,30,27,28,30,30,25,29,29,28,36,38,39,38,38,30,29,33,29,30,32,30,37,37,37,34,33,26,37,30,32,28,32,31,29,30,28,32,29,25,28,33,30,28,29,29,28,27,31,27,26,30,24,35,34,31,33,30,30,31,35,31,30,31,27,28,29,31,30,30,28,29,33,27,32,29,32,32,28,27,30,28,30,28,31,26,30,28,30,29,28,25,30,29,31,30,32,31,32,32,31,33,34,34,32,31,32,31,33,33,32,33,32,24,24,29,25,30,36,32,33,31,32,30,32,28,29,34,32,31,26,26,26,30,30,30,30,30,28,28,28,29,26,31,27,33,26,29,29,30,27,25,26,26,26,33,31,34,30,33,31,26,29,30,32,27,33,28,32,34,35,33,36,36,31,32,33,33,31,29,29,35,35,34,35,30,26,30,30,30,31,33,34,32,38,27,26,27,31,27,25,30,28,35,31,26,31,30,28,28,28,28,27,26,26,30,21,32,33,31,30,32,32,25,24,25,31,31,31,29,26,28,27,32,29,29,32,27,31,30,29,
36,32,31,22,29,31,36,31,25,26,36,26,30,29,32,27,29,27,29,29,26,31,30,29,27,37,37,37,36,31,31,34,31,31,30,34,31,32,34,38,36,32,25,33,26,29,29,33,32,32,30,30,31,30,31,25,29,31,29,32,34,29,28,32,28,28,27,33,25,30,33,34,35,31,34,31,31,26,32,31,29,29,26,32,31,31,34,34,28,29,34,30,29,31,29,25,30,31,25,28,28,32,24,27,29,29,29,36,38,32,35,33,32,32,32,28,32,31,35,32,33,33,31,33,33,33,34,37,31,34,32,35,29,31,25,36,30,32,31,30,27,34,26,27,32,35,32,27,35,32,29,34,30,32,29,32,27,30,27,32,30,27,29,29,26,32,27,26,32,28,36,30,29,31,29,33,31,30,30,27,29,28,32,33,33,36,35,35,34,31,32,30,33,35,32,30,32,36,36,30,34,28,31,23,31,32,32,30,31,28,27,29,24,32,32,25,29,29,30,27,27,35,28,29,29,28,26,30,27,27,26,30,23,33,29,30,30,32,36,26,37,31,28,29,27,29,29,27,27,31,33,33,30,32,31,32,
37,33,27,32,31,31,30,31,36,37,35,35,30,30,28,34,33,31,31,30,32,27,27,26,29,37,37,40,31,32,26,28,27,31,32,35,32,34,35,35,33,32,25,29,27,37,31,32,33,32,33,30,28,30,31,33,29,39,33,33,32,34,29,25,31,30,28,31,36,30,33,33,35,35,41,35,32,34,27,32,33,32,33,33,31,31,34,34,36,29,30,31,35,30,34,33,25,24,29,29,28,25,26,37,27,28,27,31,30,32,28,34,30,33,34,32,34,34,32,29,33,29,33,35,33,33,38,38,38,32,31,30,36,31,38,32,37,30,27,29,28,35,26,33,28,29,33,31,35,32,37,34,33,34,32,34,31,34,31,32,33,31,31,31,27,29,32,29,32,34,28,36,31,32,29,30,28,29,29,28,31,30,33,35,33,36,32,34,30,31,32,31,28,36,28,33,23,30,34,27,28,28,37,34,26,31,32,32,32,27,28,26,25,24,31,26,32,29,28,31,30,34,29,29,33,28,29,30,30,35,29,33,24,33,29,33,31,32,32,32,35,37,30,27,31,30,28,29,30,34,32,34,29,31,33,32,
29,38,27,34,33,34,34,32,34,38,34,36,41,39,34,34,33,33,32,30,31,30,32,34,29,27,28,34,36,34,28,28,28,30,33,31,35,32,34,38,39,33,37,36,27,30,33,35,31,33,33,29,35,28,30,31,35,40,38,33,34,29,35,28,25,31,31,31,35,37,31,33,36,36,35,37,35,27,33,32,34,33,32,33,32,32,32,36,36,31,29,29,32,31,33,36,27,25,27,27,29,26,27,27,27,29,36,28,34,37,37,31,26,31,33,34,34,35,34,33,32,30,33,32,29,35,39,30,33,32,31,34,37,32,32,33,31,31,33,28,33,34,35,27,35,32,30,37,35,35,40,37,30,38,35,30,32,36,34,35,33,30,32,36,28,30,32,27,27,28,34,31,30,34,32,31,31,30,31,30,29,32,31,32,36,34,35,33,32,31,32,33,25,28,29,29,30,34,34,33,33,29,32,34,28,27,35,31,32,26,26,34,26,26,32,31,27,30,23,32,34,30,34,36,29,32,31,29,29,33,35,28,34,24,30,33,34,32,33,37,37,36,31,31,28,32,30,30,31,31,30,36,34,31,33,33,
32,39,35,28,30,39,30,37,36,34,36,34,38,38,32,35,33,32,30,31,31,34,32,33,30,28,35,35,35,34,28,28,29,32,30,30,30,32,34,34,35,35,34,35,28,32,34,34,32,35,36,35,34,30,31,36,34,40,28,35,35,39,26,29,29,25,28,33,34,37,37,36,33,36,31,37,38,32,36,34,31,34,35,34,33,33,36,35,36,36,33,30,32,33,34,36,36,36,28,29,30,30,27,26,30,29,30,35,32,33,32,32,31,33,33,33,32,29,36,33,31,34,33,28,29,36,30,35,40,33,28,32,35,38,33,33,31,31,30,34,34,33,32,30,32,32,30,29,35,28,40,41,36,34,31,31,31,36,30,33,33,36,32,37,37,28,26,27,29,29,33,32,34,34,31,36,35,32,35,32,32,36,32,29,31,31,31,31,32,27,33,33,31,26,30,33,32,35,32,34,35,33,34,34,35,28,32,36,36,38,27,27,34,35,33,29,27,28,30,34,34,30,34,32,27,33,33,32,33,34,33,26,35,35,30,31,32,33,31,33,39,38,32,33,27,33,30,31,31,29,31,33,31,31,30,34,
31,31,36,36,39,39,31,37,29,38,39,37,42,39,36,32,37,34,33,35,34,31,33,35,34,38,34,40,37,34,35,33,33,30,32,32,33,35,35,35,33,36,36,36,38,36,36,35,34,35,35,37,37,37,32,36,29,35,29,36,35,40,41,30,30,36,35,35,34,33,33,36,33,30,32,31,33,31,37,35,37,28,35,35,33,34,41,34,39,39,39,38,32,32,34,34,35,37,37,38,31,32,28,32,31,30,30,36,34,34,34,33,32,29,30,28,33,30,37,35,30,29,32,29,34,30,37,31,31,34,33,35,33,38,36,30,35,31,26,34,34,34,33,34,37,30,38,30,28,28,28,40,29,28,41,32,32,33,31,31,30,37,30,39,36,29,29,27,28,33,33,32,33,36,38,38,37,33,32,33,30,30,31,30,30,32,31,32,32,29,28,31,35,28,33,38,34,32,35,34,36,33,33,34,36,36,28,36,37,33,39,33,35,36,26,25,24,29,29,34,33,35,34,33,26,33,33,33,33,37,35,32,36,35,31,32,33,32,39,35,38,31,32,34,33,34,29,32,35,37,31,32,33,32,32,33,
33,40,35,37,33,30,36,36,38,38,39,39,41,43,38,34,38,34,39,38,36,33,34,34,35,37,39,33,41,40,42,30,39,30,31,33,35,34,34,36,36,37,32,38,39,37,34,38,35,32,35,33,37,37,34,36,31,30,30,36,35,35,34,32,36,30,30,30,32,31,34,36,30,35,35,31,30,32,31,32,38,37,33,34,34,34,41,35,35,40,40,35,35,34,33,39,36,43,28,39,30,36,33,30,33,33,33,36,33,35,33,33,33,36,31,36,29,37,31,35,34,30,34,36,32,37,37,35,33,32,41,41,35,33,34,31,32,35,27,41,29,35,35,38,37,37,33,37,30,33,29,29,39,29,40,40,42,34,34,35,31,31,37,36,37,30,29,28,29,38,34,39,33,35,31,38,34,34,33,35,35,35,31,29,31,32,32,34,29,34,34,32,35,35,34,37,38,37,31,33,34,35,34,34,32,35,36,31,29,34,34,35,34,36,32,32,35,29,26,31,35,28,36,37,29,28,35,39,35,34,37,36,35,32,31,31,31,34,36,33,33,34,33,37,34,35,33,33,35,31,36,32,30,35,35,34,
41,39,40,36,32,31,37,38,35,39,41,41,41,39,38,33,32,34,26,38,38,35,35,34,40,38,37,40,40,43,30,31,33,29,32,33,34,35,37,34,37,36,37,38,33,35,39,39,37,34,34,35,39,38,33,35,34,32,32,30,34,35,35,35,35,29,31,32,29,33,35,32,37,32,35,30,32,31,39,40,35,38,32,35,35,36,43,44,42,33,41,32,36,36,30,37,36,38,41,41,39,36,31,33,32,38,33,32,32,35,34,33,36,34,37,38,38,37,37,36,40,35,34,37,36,36,37,36,39,32,32,36,36,36,38,34,34,34,36,33,41,36,41,34,37,32,38,40,38,36,34,37,30,29,41,30,29,35,35,34,36,30,36,37,28,35,31,29,29,27,37,39,33,32,32,35,35,37,35,35,40,36,36,38,31,31,40,32,34,30,37,34,34,35,36,33,33,32,33,34,39,33,34,34,31,32,37,34,31,30,37,34,36,30,33,32,31,32,27,32,31,30,38,38,37,34,36,35,35,34,37,36,41,35,35,31,32,33,37,33,33,43,38,37,35,35,33,34,36,32,35,34,31,36,36,36,
38,40,40,39,39,32,37,37,39,36,36,40,34,40,36,39,32,28,31,32,38,32,38,38,40,32,39,41,37,39,43,34,33,33,36,33,33,37,36,36,35,34,38,38,39,32,38,38,38,35,35,35,35,40,34,33,36,33,37,37,34,35,35,39,36,38,35,37,32,33,38,38,37,30,38,36,35,35,34,40,42,39,39,40,38,38,43,42,35,43,39,37,37,37,34,35,38,40,36,41,42,41,35,32,32,33,35,33,33,36,33,34,37,38,31,40,38,38,33,36,43,36,40,35,35,38,35,34,34,36,35,36,35,31,32,33,35,36,36,27,33,38,31,36,36,33,33,39,40,35,34,33,32,36,33,30,34,30,35,37,37,30,31,38,28,28,35,30,32,35,27,34,36,33,37,36,35,36,39,41,42,39,37,39,32,32,43,42,35,35,36,37,41,35,36,35,34,35,39,33,34,32,38,31,32,35,38,30,31,30,36,36,37,36,31,37,36,33,34,34,31,34,29,35,37,38,35,39,41,31,33,32,42,41,35,42,33,41,34,36,36,43,39,35,36,36,30,34,31,38,35,34,34,33,33,35,
42,34,42,40,39,39,39,41,38,36,38,35,35,42,42,41,33,39,34,41,32,33,36,37,43,34,32,39,41,37,39,36,33,36,35,33,33,37,36,36,41,35,39,39,41,36,32,33,38,38,34,40,35,38,39,35,32,32,35,40,38,40,36,37,37,39,39,38,32,36,33,38,32,33,35,36,36,35,38,37,42,37,37,36,38,36,36,34,36,36,34,37,38,36,34,36,36,41,37,42,43,41,34,37,39,38,38,35,40,32,34,35,35,36,39,38,39,38,39,36,35,44,35,36,33,37,39,38,34,35,35,36,32,34,32,33,34,34,33,31,34,31,40,38,38,38,38,40,41,36,41,37,32,34,33,33,33,31,36,36,31,32,36,36,38,35,40,31,32,32,35,36,37,36,34,33,36,37,39,45,43,38,37,41,32,42,43,34,31,40,38,37,36,42,41,37,36,41,34,34,34,39,33,36,34,36,36,35,36,36,37,39,36,37,38,32,35,36,36,36,35,30,35,37,34,37,36,40,36,34,33,35,32,43,39,44,42,41,37,37,39,34,43,34,37,39,36,33,32,35,39,38,38,35,37,35,
36,36,38,36,38,34,35,39,42,36,36,35,39,34,32,31,44,40,32,34,38,33,36,38,42,34,40,35,35,40,39,39,34,34,38,35,36,36,38,37,38,36,38,33,42,36,45,36,36,41,38,35,40,36,38,37,33,33,30,35,39,34,41,41,38,38,37,40,33,37,39,36,37,33,34,35,36,35,36,35,37,34,36,39,39,39,38,38,34,36,35,35,34,38,35,36,34,36,42,41,40,35,35,35,33,35,37,36,37,41,40,39,35,37,40,39,35,39,39,38,44,44,36,37,34,39,40,39,40,35,33,33,37,34,33,35,35,36,34,33,33,40,33,28,33,36,33,32,34,37,36,36,36,34,34,33,39,34,35,40,32,37,37,36,37,38,40,40,33,33,35,40,37,36,32,37,37,36,42,39,43,44,38,37,42,42,33,32,32,37,32,32,37,42,36,42,37,37,36,35,43,39,37,38,37,38,37,37,36,38,40,38,40,38,36,35,39,37,39,38,35,36,31,39,38,40,36,36,35,36,34,35,37,34,33,44,45,33,42,38,39,37,39,37,37,32,32,37,39,38,39,38,38,35,37,37,
39,39,39,39,39,38,35,36,35,38,37,36,37,42,40,40,43,36,34,33,37,36,39,36,30,35,34,39,36,41,41,40,36,37,38,34,36,37,37,41,40,38,39,38,34,43,45,45,34,39,39,36,35,38,37,34,32,33,36,36,32,39,40,35,38,37,36,32,35,37,37,37,37,34,33,40,36,39,38,35,37,34,35,38,41,39,37,37,41,40,39,39,36,39,37,41,35,42,36,42,41,38,37,35,35,35,39,37,37,38,38,40,41,38,41,39,37,40,37,38,40,45,38,37,38,44,45,34,40,34,37,34,37,37,35,36,32,39,37,38,39,31,41,34,40,37,37,40,33,32,35,35,37,36,36,35,39,34,36,38,41,36,31,34,37,38,39,40,35,33,38,41,40,40,35,35,37,37,39,37,43,45,35,39,43,41,41,33,33,34,39,33,33,33,38,33,37,36,36,37,38,46,43,36,39,38,39,38,37,40,40,40,35,41,38,35,38,40,39,39,37,37,36,40,38,38,38,36,36,40,41,33,36,36,40,40,42,34,42,35,35,41,40,33,40,38,33,36,35,38,35,39,39,40,38,37,
39,40,34,38,40,38,36,36,35,35,38,37,38,43,38,41,40,40,44,43,38,42,41,41,36,36,35,39,40,36,37,35,39,38,37,40,38,39,33,37,35,39,41,38,37,39,36,40,38,38,36,41,36,36,38,35,34,37,33,34,41,39,39,41,42,41,40,32,36,38,41,40,35,35,34,33,38,37,39,37,37,36,36,40,41,42,43,39,42,39,39,38,37,38,40,37,41,41,42,41,39,39,38,36,36,36,39,40,36,38,38,36,42,43,41,38,38,38,39,38,30,40,31,32,33,37,44,47,35,40,36,35,38,39,37,37,40,35,39,39,42,32,42,38,35,40,34,32,35,35,36,37,35,38,38,34,40,35,35,37,42,43,37,35,34,40,38,37,35,36,39,37,38,39,39,37,37,36,40,39,41,36,36,37,42,42,42,40,36,39,39,41,34,34,34,37,34,37,41,38,37,38,39,40,39,39,39,40,39,40,38,41,36,42,40,31,35,36,39,40,40,39,38,41,39,40,40,40,41,37,34,35,37,36,32,43,41,44,44,36,43,38,40,37,40,39,41,35,35,39,31,36,40,37,39,39,
38,38,39,35,38,37,37,39,34,34,34,33,37,43,38,42,37,38,38,31,40,43,41,42,42,37,36,35,37,40,38,31,39,38,38,41,36,38,34,36,36,41,36,38,38,35,37,39,39,38,43,41,41,41,35,35,38,41,41,33,33,39,40,42,39,41,39,40,37,41,43,40,35,36,44,45,39,38,39,35,39,35,37,36,42,42,41,41,42,39,41,41,40,39,43,41,43,39,41,41,40,30,40,34,36,39,36,38,38,38,36,40,36,38,40,43,39,35,37,39,39,38,40,35,34,36,35,36,47,43,36,40,38,40,40,37,35,36,39,40,42,43,40,41,42,42,35,38,33,37,41,38,35,36,37,40,40,41,43,42,41,36,43,36,40,40,41,38,43,36,40,34,37,39,39,37,37,41,36,37,39,42,37,38,37,43,37,34,34,40,37,39,36,35,35,37,34,39,39,41,37,40,40,38,41,38,39,41,42,40,45,41,39,38,41,32,39,37,39,40,39,40,43,38,46,40,41,44,42,43,35,39,34,34,33,41,41,37,44,36,40,39,39,39,38,40,37,37,33,33,32,38,37,37,39,37,
39,45,41,42,37,38,38,38,35,35,35,34,41,39,41,36,39,39,38,38,32,40,42,39,37,43,42,42,38,39,37,39,37,39,30,40,37,39,37,34,43,37,42,41,43,35,38,33,38,36,42,38,42,41,36,36,41,41,45,40,41,40,39,36,42,39,39,45,40,39,48,42,40,36,46,36,31,41,41,35,39,40,38,38,38,41,39,41,40,40,38,41,41,44,39,45,45,40,43,42,35,40,30,30,36,40,40,39,39,39,38,36,39,40,41,36,37,38,38,39,39,39,37,41,36,42,43,44,36,43,36,41,42,38,40,39,39,40,40,40,36,39,42,41,42,42,40,39,36,37,42,38,38,42,37,39,39,43,42,42,42,43,43,38,41,43,41,39,38,43,37,38,40,41,41,38,37,41,38,40,39,39,43,43,41,40,43,40,42,35,39,39,39,40,35,41,40,41,40,39,38,38,38,41,40,38,39,36,42,39,47,46,47,40,39,33,33,41,38,40,36,39,40,39,41,39,46,43,39,43,43,42,37,42,39,42,42,46,45,37,37,36,37,40,40,39,42,35,36,38,37,38,39,36,38,38,
39,39,36,43,44,37,41,39,38,38,35,35,36,42,42,37,38,38,39,41,38,41,40,34,43,39,42,44,43,41,40,41,40,36,37,41,39,38,39,44,39,44,43,43,42,42,39,38,39,42,46,42,37,42,41,40,40,40,39,38,35,37,40,40,40,44,45,46,39,43,39,43,38,48,38,33,32,33,40,40,37,40,38,43,39,42,40,42,42,43,42,39,39,38,45,45,43,43,40,42,36,37,33,37,40,38,37,44,39,41,39,42,40,41,41,37,39,39,39,44,35,34,40,36,37,42,42,44,35,45,42,42,43,40,40,37,35,36,37,40,42,40,39,42,43,39,40,41,37,37,38,39,38,43,43,39,40,43,39,35,40,41,40,44,42,41,43,42,39,40,42,35,41,41,38,39,40,41,40,40,42,44,40,42,43,44,44,38,42,39,39,40,40,36,41,41,41,40,37,41,40,39,39,41,40,39,39,37,42,41,40,47,48,42,42,43,41,40,40,37,40,39,39,37,42,42,47,47,44,45,40,42,40,37,35,40,43,42,39,38,37,42,38,41,40,42,43,43,35,36,39,38,37,38,39,39,
41,36,40,44,46,39,36,37,39,37,42,36,36,44,46,44,39,44,35,44,37,36,35,44,38,38,40,43,44,41,42,38,43,37,44,36,37,44,45,45,38,40,37,50,38,49,38,46,38,42,44,41,41,43,42,40,41,40,39,37,38,37,38,48,44,41,44,37,39,42,41,47,38,39,49,48,50,35,43,41,45,36,38,38,41,42,46,48,43,42,42,40,42,43,39,45,45,44,44,41,43,36,38,34,38,39,41,38,44,40,42,41,38,38,41,41,38,36,39,42,36,42,39,42,40,45,43,35,36,45,45,39,43,41,41,41,42,41,37,40,42,40,42,44,39,40,42,40,43,39,39,40,40,41,43,42,41,41,40,39,36,36,42,40,43,42,42,42,43,41,36,40,41,40,39,45,42,41,43,41,43,44,41,42,45,43,39,39,36,43,40,39,45,40,42,41,41,42,42,42,41,40,39,38,40,40,40,37,40,37,36,37,44,43,43,43,42,41,41,41,38,39,39,37,43,38,47,41,44,41,43,35,38,37,38,40,41,40,42,39,42,38,39,42,39,38,37,39,37,38,35,39,42,38,39,40,
41,40,37,41,43,37,37,37,41,38,39,38,41,44,48,38,42,39,46,45,38,38,43,42,39,38,40,41,41,43,42,35,39,34,44,37,45,38,46,45,46,40,46,39,49,40,39,43,38,41,48,43,45,42,41,43,43,43,41,42,43,38,41,45,48,45,39,40,39,40,39,45,38,38,40,50,50,41,38,43,40,37,35,38,41,42,42,47,40,41,42,41,45,42,40,40,47,46,37,45,36,37,35,38,39,41,41,40,45,40,42,44,43,38,41,41,43,40,42,42,36,38,40,36,38,37,45,40,43,47,47,41,43,42,46,38,41,40,42,46,42,41,39,40,44,41,42,38,41,43,42,39,43,43,42,44,44,44,39,44,37,36,42,44,43,40,42,42,43,41,37,37,38,37,43,42,40,43,40,39,46,44,45,39,40,44,40,36,37,42,44,43,41,41,40,40,41,44,39,41,42,41,40,42,41,38,39,39,39,42,42,42,43,44,45,41,44,43,42,42,39,41,40,41,38,38,43,36,45,42,42,41,36,38,38,38,42,41,40,43,42,43,41,41,37,39,41,41,42,38,37,39,42,43,37,39,
42,43,44,37,44,38,42,42,45,44,40,42,37,37,42,40,39,42,39,39,40,39,43,38,44,36,45,41,41,42,42,41,40,35,43,41,47,45,42,44,45,44,45,43,47,40,40,38,40,41,46,41,46,45,40,42,43,46,45,46,40,39,41,37,46,44,40,39,40,46,45,41,45,39,40,41,42,43,40,42,40,46,40,41,44,40,38,48,40,42,43,43,42,37,43,40,47,47,47,46,40,40,38,36,40,41,41,41,41,43,41,44,43,40,41,39,40,43,45,42,43,40,39,45,46,40,38,41,37,46,46,45,49,43,43,39,41,42,42,47,44,44,41,41,45,45,47,46,42,41,42,38,39,42,38,45,45,42,40,45,45,43,40,45,44,40,40,37,42,40,45,41,44,44,44,45,43,45,40,40,47,40,46,39,41,44,39,45,45,44,43,44,42,44,41,39,42,44,37,39,42,44,44,41,46,41,41,40,44,42,41,38,46,46,45,44,43,44,42,40,40,43,41,39,39,43,43,42,42,42,49,44,36,37,37,38,45,42,41,43,42,43,39,39,39,38,39,41,39,39,38,40,39,42,38,37,
42,43,40,39,38,39,39,41,47,40,45,43,44,44,44,39,41,42,39,40,40,46,42,38,39,36,45,40,42,39,39,44,43,42,43,44,38,47,43,40,47,40,44,45,37,41,41,35,38,48,47,49,42,49,40,47,44,44,48,47,38,41,40,40,38,39,45,38,46,45,46,42,43,46,42,42,43,44,43,48,47,47,43,45,44,41,39,42,48,48,44,42,43,38,43,45,46,38,41,45,40,40,39,45,44,41,44,42,41,45,45,40,44,41,42,40,40,41,42,43,43,42,41,45,44,40,39,40,39,44,46,45,47,48,44,43,43,40,45,42,45,46,41,42,39,43,44,47,38,43,43,44,45,43,41,45,46,43,43,45,43,44,46,41,45,40,40,42,41,41,41,41,42,43,43,44,44,44,42,43,46,47,40,40,41,45,45,38,39,40,47,44,46,43,47,39,39,44,43,42,42,39,42,41,44,44,40,40,40,44,42,45,48,48,40,41,45,41,41,40,42,42,45,46,41,44,43,43,47,46,46,49,38,39,38,48,42,45,40,42,43,42,43,40,40,40,42,40,41,42,37,45,40,39,45,41,
45,46,42,42,40,45,40,43,42,46,43,45,45,40,45,44,38,41,42,41,46,43,42,43,40,39,44,39,45,45,40,40,43,42,43,41,43,39,47,47,42,41,43,48,42,38,35,36,38,50,49,47,51,42,43,41,40,45,44,47,47,39,38,40,40,41,43,39,41,48,40,44,44,47,42,44,42,44,43,43,48,45,43,48,42,42,46,40,43,48,44,46,44,42,45,44,38,39,42,46,41,42,41,48,43,42,43,44,46,45,40,41,45,44,43,42,42,42,43,43,42,46,46,46,45,41,41,40,45,46,48,48,43,44,45,44,41,47,46,44,44,45,45,43,41,39,41,48,37,44,44,46,40,46,44,42,47,46,43,43,43,46,43,42,41,46,42,43,41,39,42,44,43,44,43,44,45,45,43,46,47,47,47,48,41,41,40,40,39,40,41,47,46,45,44,38,40,45,42,43,43,41,43,43,43,45,43,41,43,43,42,47,44,41,40,40,46,38,41,41,44,42,45,41,45,45,46,44,47,48,48,46,48,40,39,48,43,47,46,45,43,47,46,44,45,41,40,42,41,43,43,43,47,46,43,42,
44,40,43,43,42,42,46,43,44,43,47,46,42,49,46,46,40,44,41,41,46,48,47,43,44,45,43,44,44,47,45,41,41,43,45,46,41,41,45,40,42,41,44,46,45,41,43,45,39,45,50,52,51,50,42,42,42,46,45,46,48,47,46,38,47,40,39,43,43,42,47,41,47,47,44,45,44,48,45,43,42,47,47,44,43,44,42,44,41,43,48,43,46,44,51,45,43,45,43,44,41,42,41,43,44,44,44,42,47,46,45,46,43,45,45,44,43,42,43,43,41,47,46,47,46,42,42,41,48,47,45,47,49,45,45,46,45,47,43,43,45,45,45,45,44,42,41,45,48,41,45,42,46,43,44,45,41,41,47,45,44,42,44,44,42,45,44,45,45,44,44,43,47,44,45,44,45,43,43,44,45,44,43,48,41,42,41,40,40,40,47,47,47,41,45,49,38,45,45,44,42,43,46,44,44,43,41,44,43,44,42,42,49,44,46,40,46,42,40,43,44,42,43,43,42,43,47,47,44,45,47,49,49,47,45,49,49,45,45,46,43,44,43,43,44,41,41,42,41,46,45,43,43,44,47,43,
44,43,44,44,42,43,44,46,46,41,46,47,46,42,43,47,40,40,45,41,45,47,41,40,42,45,44,44,45,48,47,47,45,44,46,45,46,46,46,45,47,48,43,48,45,46,42,42,44,41,45,47,45,43,43,43,47,43,45,47,44,47,49,49,50,48,43,44,43,46,41,41,49,49,46,42,44,45,43,47,42,42,48,47,44,43,43,42,42,42,44,46,44,44,44,44,44,45,45,50,45,41,42,49,45,46,45,44,46,47,46,45,46,44,43,48,43,43,44,43,41,40,40,40,48,43,45,42,49,49,48,49,49,46,46,46,45,47,45,44,45,44,46,46,45,42,43,43,39,40,40,50,51,47,44,47,44,42,47,49,44,42,41,44,45,46,44,44,46,45,51,44,47,47,47,47,41,49,49,44,44,46,45,43,44,42,42,41,45,42,41,45,41,46,42,38,49,44,44,43,44,44,42,47,46,43,42,46,46,48,43,43,47,42,42,41,45,45,40,49,46,42,40,45,42,43,48,44,45,46,48,48,50,50,49,40,41,45,46,46,44,43,44,43,46,45,47,45,49,47,46,45,44,43,45,44,
45,44,48,48,48,44,45,46,46,45,46,49,44,45,45,48,44,45,44,47,46,43,46,46,42,45,42,45,47,45,44,47,47,46,44,44,46,49,47,48,47,46,45,44,46,43,45,46,45,45,43,43,47,44,47,44,49,48,46,51,44,45,47,49,50,50,44,42,53,42,47,42,46,48,47,40,48,47,44,43,49,47,43,42,47,47,42,43,47,44,50,46,46,44,45,44,43,44,46,46,42,47,42,45,45,45,47,43,46,47,46,47,47,46,48,47,49,48,44,44,42,41,42,41,42,42,47,43,47,49,45,46,45,45,46,47,44,48,47,44,44,44,50,43,46,43,43,42,46,45,42,44,47,47,44,47,49,46,48,41,46,44,46,41,47,45,44,46,46,47,46,45,48,45,47,42,41,43,44,47,51,45,45,44,48,43,51,42,47,47,45,46,46,41,45,41,49,47,40,48,46,43,46,41,47,45,55,50,46,50,47,48,48,43,43,46,46,46,39,47,44,43,45,46,47,47,46,44,45,47,46,46,48,48,43,49,47,42,46,47,46,45,45,45,48,46,44,45,48,46,48,47,44,44,45,45,
45,45,42,47,48,48,49,45,45,47,46,46,49,47,45,45,49,44,44,46,48,49,48,47,44,51,47,47,44,46,45,45,52,50,46,45,49,49,50,48,47,43,45,46,43,49,50,47,47,46,45,43,50,44,48,48,49,48,48,43,41,41,48,45,44,45,52,43,43,47,48,46,47,49,46,45,41,45,45,49,49,47,49,50,44,43,46,46,43,48,44,51,45,43,44,46,47,47,47,46,45,45,48,43,46,48,47,47,45,46,45,47,49,49,51,44,48,50,49,45,46,43,43,43,43,44,44,43,49,47,43,45,46,49,48,47,47,44,48,51,46,47,43,45,45,47,48,47,50,46,40,43,42,49,48,47,48,46,47,46,46,48,46,43,46,45,45,49,48,45,47,46,48,49,47,50,42,43,43,48,48,45,46,46,49,45,47,45,46,46,46,45,43,47,45,45,40,48,50,49,48,42,46,46,46,47,55,46,53,46,52,49,48,44,44,44,47,41,40,43,48,45,44,44,47,47,46,46,43,45,47,47,44,49,46,46,47,47,46,45,43,43,45,45,48,47,49,43,51,46,46,49,42,48,51,49,
46,44,43,45,47,47,45,47,47,48,50,48,49,52,51,50,44,48,49,44,48,49,48,50,49,44,47,48,44,43,44,48,51,50,45,43,51,48,51,50,48,51,47,45,44,45,47,45,48,44,46,44,51,52,49,46,47,48,49,51,43,52,47,43,43,46,48,52,52,46,47,47,47,50,43,47,46,44,49,48,53,49,47,47,50,44,46,46,48,48,46,51,44,46,44,46,46,50,47,47,48,46,48,43,43,46,48,47,44,48,51,47,47,49,48,50,45,44,44,45,46,46,48,46,44,44,45,45,44,43,44,48,46,46,46,47,47,47,53,49,46,44,44,47,47,45,49,47,50,47,49,46,43,50,49,49,48,49,49,47,49,46,46,44,47,47,44,49,49,46,45,46,44,50,49,44,42,41,42,44,44,47,50,47,50,50,42,46,42,47,48,46,44,48,47,42,48,41,50,45,49,42,45,45,45,51,47,45,54,47,53,47,48,45,47,45,49,48,42,43,48,44,44,44,45,47,47,47,43,49,46,46,45,49,47,44,47,47,47,46,45,46,48,47,48,48,48,44,44,47,45,44,44,49,45,51,
47,48,46,45,48,48,44,48,46,47,48,49,48,48,52,49,48,50,49,51,49,49,51,52,52,51,50,46,44,44,45,44,50,45,50,45,46,47,46,50,51,44,52,48,47,48,51,48,47,47,48,47,44,46,47,48,48,48,50,54,52,49,47,46,45,48,48,51,52,43,50,48,50,50,44,45,49,46,50,53,53,50,48,51,48,46,47,48,49,49,48,44,45,45,45,47,47,42,51,49,48,48,45,47,45,45,45,47,46,51,52,50,48,47,49,50,46,43,47,46,46,47,44,44,44,45,46,45,44,44,44,46,46,45,47,47,43,47,49,53,42,44,45,49,49,48,48,46,51,50,47,50,46,45,47,50,50,46,47,50,47,51,51,46,48,44,46,47,47,45,47,45,46,49,45,50,45,43,43,48,44,47,46,48,51,49,44,49,47,50,45,49,46,45,48,50,45,48,47,50,47,54,48,50,49,47,52,49,48,48,46,45,49,49,47,50,47,49,43,50,47,54,46,45,46,45,45,48,49,42,49,49,49,49,48,45,47,47,46,46,47,45,48,48,51,45,49,49,47,48,45,43,48,51,51,52,
49,54,47,51,49,47,43,45,48,47,48,46,49,47,46,48,49,48,49,53,50,45,46,47,53,50,50,49,47,49,45,44,50,44,51,44,45,45,47,49,51,45,47,49,47,49,48,51,52,44,48,49,51,50,48,49,51,48,50,45,53,47,49,49,48,47,49,47,50,53,50,50,50,48,51,49,43,45,44,44,44,49,54,50,52,48,47,45,47,47,49,48,45,48,48,48,48,46,47,50,49,43,44,48,48,46,46,47,45,53,52,43,47,47,47,47,47,53,48,47,46,47,50,45,52,47,52,47,45,48,44,46,46,47,45,45,48,48,47,51,47,44,44,48,49,49,49,46,44,47,51,47,53,48,49,47,51,48,49,48,53,47,52,49,50,49,46,45,48,45,53,49,46,47,46,47,46,48,44,43,46,49,50,49,50,50,47,50,50,48,46,47,46,49,49,45,45,46,50,46,47,47,54,49,48,49,49,49,49,50,49,49,50,46,47,52,46,51,50,50,48,55,44,55,44,53,46,50,47,43,49,49,46,49,44,46,48,48,44,45,50,46,46,48,52,51,45,49,49,51,49,45,45,41,41,42,
49,49,50,48,50,44,49,46,46,46,49,49,50,48,48,49,49,49,49,46,52,46,47,47,48,48,50,47,50,50,50,50,45,50,54,44,45,45,47,48,50,48,49,47,46,47,50,50,46,45,50,48,52,51,49,51,51,49,52,48,48,53,50,49,53,48,47,47,48,49,51,49,50,52,49,49,52,45,51,45,51,54,55,47,52,47,48,46,49,49,48,50,48,46,47,48,48,47,44,48,52,52,46,51,47,46,47,49,46,48,45,44,45,48,47,50,50,50,49,49,47,44,50,51,51,48,48,46,48,46,47,46,48,45,46,46,45,49,47,48,49,55,47,50,48,50,50,49,49,51,47,50,52,48,49,50,47,47,54,54,49,48,47,51,49,50,48,46,49,48,48,47,50,48,47,47,49,47,45,47,46,49,50,49,49,54,51,53,49,52,52,48,47,52,50,48,47,46,49,51,45,48,53,54,47,48,50,51,49,50,51,48,50,49,43,52,47,49,47,51,43,50,45,50,53,50,53,51,50,47,46,46,49,49,46,46,50,48,50,52,50,50,47,50,48,46,50,49,50,47,49,45,43,42,43,42,
51,50,50,51,51,45,51,48,49,50,47,47,47,50,50,49,48,50,51,49,51,49,47,47,48,47,51,49,48,49,50,51,52,48,52,48,45,50,50,48,49,51,46,49,49,50,51,50,51,48,52,49,52,50,48,49,49,51,49,46,48,49,49,50,50,47,49,50,46,49,50,51,51,49,47,49,54,52,53,49,48,48,47,53,52,52,47,47,50,52,49,49,50,49,49,48,49,52,50,48,53,53,47,47,52,49,46,50,50,47,49,47,48,47,46,47,46,50,51,46,48,47,48,55,53,49,49,49,47,51,45,47,48,47,49,49,47,52,47,47,49,50,47,48,47,49,49,48,49,51,48,52,50,49,51,51,49,48,51,52,48,50,50,51,55,48,48,48,46,48,49,51,52,51,49,49,49,51,48,51,47,47,46,50,50,48,54,50,52,46,53,53,48,50,51,48,47,47,50,48,45,54,54,49,48,51,48,47,51,47,51,47,48,49,50,51,50,48,49,44,44,46,51,51,50,51,54,54,55,48,48,47,47,49,48,52,47,49,50,49,49,50,48,48,48,51,51,51,50,48,48,49,49,50,43,44,
51,53,51,52,52,51,52,50,50,53,51,47,51,47,52,51,51,50,50,49,49,49,47,47,49,49,51,49,52,51,50,50,49,48,53,49,49,46,50,49,50,51,47,46,50,50,47,52,52,48,52,53,49,50,50,49,49,51,50,48,47,47,49,48,50,50,51,48,49,47,52,50,49,52,48,50,49,49,49,49,49,48,48,49,54,53,48,52,48,51,48,51,50,49,49,50,50,53,50,51,51,53,49,49,49,50,46,51,48,48,50,50,48,49,47,48,49,47,50,50,49,47,53,55,52,52,49,53,48,50,53,48,48,49,50,50,47,49,47,47,54,49,51,47,48,48,50,49,50,52,50,48,49,48,50,50,51,54,49,52,53,51,49,51,51,52,47,52,47,50,49,52,51,51,51,49,51,52,51,48,50,51,47,47,51,52,53,51,53,52,50,47,54,49,48,49,49,50,49,52,49,51,49,47,48,51,49,48,52,49,48,49,49,49,51,52,51,54,51,48,49,46,47,50,51,49,46,47,47,51,50,51,48,49,48,52,54,49,50,51,50,50,49,50,50,52,48,51,50,49,48,49,53,51,49,51,
52,51,53,52,54,50,52,51,53,52,46,47,52,54,48,50,52,49,49,51,49,51,48,48,48,50,50,50,50,49,50,51,51,49,51,47,50,53,51,50,48,47,51,50,47,48,50,49,49,48,53,49,49,51,49,50,51,50,50,51,50,49,50,52,49,51,51,54,50,50,50,52,52,50,54,51,53,51,50,47,47,47,50,49,49,55,54,54,55,52,49,49,53,47,50,52,52,46,51,52,51,51,49,49,49,50,52,49,49,49,51,51,54,51,51,49,48,51,48,50,48,48,48,55,54,52,51,49,53,50,53,47,49,49,51,52,49,51,53,47,48,50,56,54,48,48,50,49,54,52,55,53,50,50,51,51,51,50,51,49,54,51,52,48,51,51,53,47,46,51,52,51,49,54,52,51,50,54,49,49,50,51,49,50,49,48,50,48,49,53,50,49,49,57,48,49,50,51,48,50,53,53,50,49,49,52,52,51,49,51,49,48,50,49,52,52,49,51,52,48,50,50,47,50,49,52,47,50,47,48,48,51,49,51,47,52,55,47,51,48,51,49,50,50,47,45,51,53,49,48,56,53,51,52,50,51,
53,53,54,54,55,47,50,52,50,48,54,47,46,49,52,52,52,50,51,51,52,50,49,49,51,50,55,51,50,50,51,51,51,52,52,54,51,53,51,47,48,49,52,49,48,49,51,49,48,52,49,54,55,52,51,52,54,52,49,52,50,49,53,53,53,50,52,52,51,52,51,52,54,53,49,52,54,51,51,48,48,53,51,50,50,49,51,54,55,51,50,49,51,48,51,53,49,54,52,49,50,52,53,49,54,51,50,51,50,49,52,52,51,55,49,50,49,53,49,49,47,50,49,52,52,53,51,54,53,52,51,48,51,53,50,52,49,50,51,48,53,56,57,52,48,50,50,52,52,52,53,50,53,51,52,49,52,52,51,54,49,51,52,49,52,52,54,52,49,52,52,53,50,55,51,53,51,54,53,49,50,51,50,50,48,49,48,52,47,53,51,51,52,52,51,50,50,49,48,51,51,53,50,52,51,49,50,51,52,50,52,49,49,53,52,53,49,52,51,48,47,51,51,50,50,51,53,53,51,53,49,50,51,50,51,52,49,47,48,49,54,50,53,50,52,54,52,54,50,49,51,56,51,53,51,52,
54,52,51,49,56,53,53,54,49,55,49,48,54,49,55,53,51,52,53,53,51,51,50,49,50,54,53,56,53,51,54,51,52,53,55,55,51,51,51,51,52,50,52,50,48,49,52,50,49,51,50,50,51,53,51,55,53,52,54,51,51,53,52,53,52,52,53,50,51,51,49,53,53,50,49,51,55,51,51,52,52,52,52,50,53,50,49,52,52,52,56,52,50,52,49,50,49,49,52,52,49,49,53,50,50,50,50,52,51,52,50,53,53,52,52,52,54,51,49,49,53,52,54,51,53,53,54,54,49,51,50,51,50,53,52,51,50,49,51,52,55,52,57,52,48,54,51,53,55,52,53,53,50,54,54,51,49,52,51,54,53,53,55,53,52,56,54,52,53,50,53,54,52,51,50,52,50,53,55,53,50,52,52,52,55,49,52,48,48,55,53,55,53,54,50,52,52,53,52,48,52,54,52,52,54,51,53,52,51,55,53,56,55,52,51,53,49,50,53,49,50,47,51,52,50,51,54,54,56,54,53,51,52,51,52,52,49,49,54,53,49,56,55,51,55,54,55,51,50,50,53,57,51,54,54,52,
53,52,51,52,50,52,54,54,52,53,50,52,51,54,54,56,54,53,54,53,52,54,51,51,51,54,54,55,52,52,52,51,55,54,53,53,53,50,50,52,53,52,50,51,51,50,53,51,54,51,52,50,51,52,54,55,51,52,54,55,53,53,55,55,53,53,53,54,53,52,51,56,56,54,50,52,51,49,51,54,50,54,53,53,53,51,51,52,53,52,54,55,58,51,53,49,54,52,51,53,55,50,54,50,55,51,51,52,51,52,50,53,50,54,54,53,54,55,51,53,54,54,54,52,53,52,54,55,52,51,54,52,55,54,52,53,54,52,50,52,56,55,55,53,49,48,51,51,56,52,50,49,49,50,52,51,54,53,52,53,53,51,51,54,53,54,52,57,49,49,54,50,52,54,55,52,55,53,53,55,51,51,51,53,52,52,52,50,54,53,54,49,52,53,53,52,54,54,53,53,53,55,55,54,55,54,52,52,52,53,55,53,56,51,53,54,51,50,51,53,52,51,54,52,50,54,58,55,58,53,52,52,52,51,53,51,52,51,54,55,55,56,56,55,54,51,53,53,51,53,52,51,56,55,55,56,
55,50,50,52,52,54,54,53,52,54,54,51,52,54,51,52,56,54,54,52,53,50,54,54,52,54,53,55,54,55,52,53,54,54,53,54,53,54,53,53,53,52,54,50,56,54,51,51,55,52,52,52,51,54,56,55,53,51,53,55,52,54,55,55,57,54,56,52,53,59,52,57,57,56,53,51,51,50,52,52,53,52,53,52,54,52,53,57,53,55,50,56,58,54,52,52,51,49,53,53,56,53,54,53,51,57,56,54,55,52,51,53,55,57,55,55,55,53,53,54,50,55,56,53,55,52,55,51,55,56,56,56,55,53,56,56,54,53,51,56,57,56,52,51,50,52,53,54,56,52,50,50,53,51,51,53,55,53,54,56,54,53,52,54,52,57,56,53,50,52,54,50,54,53,52,54,55,52,53,55,52,50,52,55,53,54,55,54,51,52,54,52,54,53,53,53,55,54,54,53,55,56,54,55,54,53,55,57,54,55,53,54,52,50,50,54,53,53,52,52,52,52,50,51,52,55,54,58,59,52,52,53,53,54,54,50,52,51,54,55,52,56,57,53,55,51,54,51,52,54,53,52,54,56,56,56,
56,55,55,53,52,56,55,55,53,53,58,57,54,57,53,53,53,52,55,53,54,54,51,55,55,54,53,52,55,56,53,56,54,56,55,52,55,54,54,51,55,51,55,56,58,57,56,51,54,55,55,54,56,51,57,53,53,54,56,56,56,56,55,55,55,55,50,57,54,54,57,51,51,57,52,54,56,52,52,54,55,53,53,52,56,55,54,56,53,53,53,53,55,55,52,53,52,52,55,50,53,53,53,53,56,59,57,55,52,50,51,55,55,54,53,53,54,56,55,50,52,51,56,51,55,53,52,54,57,52,55,53,57,53,53,54,55,54,54,54,56,55,57,57,52,51,53,53,52,57,53,52,52,54,54,52,55,52,52,56,52,52,54,53,53,58,56,54,54,55,55,55,56,54,53,55,55,56,55,55,57,50,51,55,54,54,56,55,53,52,53,53,55,53,52,53,54,53,54,52,57,55,55,55,55,55,55,57,52,56,51,53,51,51,52,51,52,56,55,55,55,54,51,54,53,56,55,57,55,53,53,54,53,53,55,52,55,51,51,52,57,56,55,56,54,55,53,54,56,54,53,54,54,55,56,58,
55,57,55,53,53,54,54,54,53,55,55,59,57,53,57,53,53,53,53,54,53,55,58,53,55,53,54,55,56,57,56,53,56,57,56,54,56,54,55,51,55,53,56,58,58,58,55,57,54,54,53,56,59,58,56,55,54,53,53,55,53,57,56,54,55,56,51,55,56,53,54,55,52,53,52,53,54,52,58,52,51,55,55,53,55,56,55,58,51,57,56,55,53,56,53,59,54,53,56,54,54,54,53,58,56,55,55,54,53,54,55,56,56,56,56,53,53,55,51,51,54,55,55,52,52,53,51,55,56,54,56,55,53,54,54,57,55,53,55,54,54,52,56,58,55,55,52,53,53,52,58,56,55,57,54,53,55,55,54,53,56,53,53,54,54,53,55,57,56,54,55,55,54,56,57,57,54,57,55,54,54,53,51,52,56,57,55,55,55,54,55,57,56,58,54,53,53,53,58,53,57,57,55,56,56,57,52,55,58,53,56,54,54,52,51,55,54,53,54,58,53,54,54,53,52,54,57,55,54,54,54,54,53,53,54,53,52,54,52,59,57,56,55,56,53,54,53,53,54,55,54,55,55,56,54,57,
56,56,56,57,54,53,54,55,54,55,53,55,57,60,53,54,55,53,54,53,54,55,56,54,56,56,56,56,56,56,53,55,57,55,56,54,55,54,57,55,55,55,55,56,56,57,60,57,57,58,56,56,58,58,54,57,56,54,54,56,54,58,55,56,55,55,58,57,59,54,53,53,53,54,53,53,54,54,54,56,56,57,54,54,55,54,55,55,56,51,55,58,56,58,56,54,60,56,56,53,55,54,55,52,58,59,55,56,56,54,56,55,52,55,59,58,57,56,57,56,55,55,54,57,54,53,54,54,55,54,53,55,56,56,54,55,56,53,56,59,55,55,56,59,57,53,56,57,54,53,53,56,59,57,59,53,55,57,57,53,55,55,56,58,54,54,55,55,53,54,54,55,55,58,54,57,58,55,57,54,54,57,54,53,56,56,55,55,56,57,56,55,55,58,55,53,55,53,57,57,58,52,57,57,54,56,58,53,53,55,57,56,55,55,52,56,55,54,58,55,58,57,55,52,56,55,54,57,55,55,55,56,54,54,55,53,53,53,54,54,55,57,56,54,55,54,54,54,56,58,57,56,58,56,57,58,
55,54,57,55,58,54,56,54,55,55,54,54,55,59,56,55,55,56,57,56,56,55,57,55,54,56,57,56,52,55,52,56,58,56,58,57,56,57,57,58,55,54,56,56,56,57,58,57,58,54,57,60,55,57,56,56,58,56,55,55,57,55,57,58,56,56,57,57,59,55,54,55,54,59,55,55,54,54,57,57,58,56,58,55,54,58,56,54,57,54,52,58,57,54,57,56,58,56,56,54,55,55,55,55,60,54,56,56,57,58,55,57,56,57,57,58,58,56,55,57,56,56,55,55,60,56,58,55,57,55,55,56,55,55,54,55,54,56,56,58,58,57,59,57,56,57,57,57,60,57,54,54,59,57,57,56,58,57,54,56,55,56,57,58,55,54,57,56,54,56,55,53,59,56,56,57,58,55,58,55,54,57,57,57,58,58,57,55,57,57,55,55,57,58,55,55,54,56,55,56,59,59,58,58,58,54,56,59,56,56,57,58,56,53,56,58,57,56,56,56,59,58,55,52,53,56,55,60,55,56,57,57,55,56,59,57,54,54,54,55,59,56,57,54,55,57,55,56,57,55,58,57,54,55,57,57,
57,54,55,57,58,55,59,58,57,56,56,55,56,57,59,57,57,57,57,56,55,56,58,56,55,56,57,55,57,53,53,53,56,57,56,59,58,56,58,57,56,55,55,56,57,57,59,59,56,57,57,55,55,56,56,56,57,57,57,56,54,55,58,57,57,58,56,58,57,55,55,55,55,55,55,56,56,55,54,55,57,57,55,55,57,58,58,55,59,56,56,57,57,58,55,56,58,58,55,55,56,54,57,55,56,57,57,58,57,57,59,56,57,57,57,58,58,55,57,55,57,56,56,56,56,57,58,56,58,56,57,58,56,56,55,55,56,56,57,54,57,59,58,58,58,58,56,56,57,59,57,55,56,56,58,59,58,58,56,56,55,55,57,57,55,55,57,57,57,55,57,53,55,59,55,56,62,56,55,55,54,60,58,57,54,54,57,56,56,54,57,57,55,58,55,57,56,56,54,56,56,56,60,58,56,56,57,57,54,56,58,57,57,53,57,57,54,57,57,54,58,59,57,56,53,53,57,55,60,60,58,56,57,57,56,58,61,58,57,56,55,59,55,54,56,58,56,57,57,59,58,57,57,58,57,58,
57,57,57,59,60,59,56,57,61,57,57,56,56,59,58,58,60,57,58,57,55,57,57,59,58,59,57,56,58,56,54,54,61,57,56,57,55,58,58,57,58,57,56,56,55,55,58,60,57,59,58,56,57,61,56,57,56,56,55,58,55,57,56,56,58,57,57,57,59,60,56,56,55,54,56,54,57,56,56,57,58,59,57,55,58,56,59,59,60,56,56,58,59,59,57,57,58,59,55,56,61,56,57,58,57,56,58,59,58,57,58,58,57,58,55,58,59,59,56,58,58,58,57,59,60,58,58,60,59,57,56,58,57,55,57,56,59,57,60,55,57,57,59,59,58,59,58,58,56,57,61,54,56,59,56,55,58,56,57,56,58,56,57,58,56,57,55,56,57,58,57,55,55,60,56,56,58,62,56,56,58,55,60,61,55,58,55,56,57,56,59,58,57,55,57,58,58,57,55,56,58,57,57,58,60,58,58,58,57,56,57,58,57,58,57,56,58,55,58,58,60,60,56,56,57,57,56,57,56,55,58,58,58,58,58,59,58,59,60,59,58,55,56,58,58,57,58,55,57,58,58,59,55,58,58,58,
60,56,57,56,59,56,59,60,57,58,59,60,57,58,57,59,60,60,58,56,58,57,58,57,59,57,58,56,58,58,58,60,56,57,59,58,58,57,58,59,57,57,58,58,60,59,58,57,57,55,56,59,57,61,61,59,58,57,58,60,56,57,58,57,57,57,58,56,58,58,58,57,57,58,58,55,60,57,59,57,58,58,59,58,61,59,62,57,59,57,56,57,58,59,58,58,56,60,58,60,58,56,55,58,58,59,57,58,59,61,60,58,59,59,59,56,57,57,57,60,56,57,59,57,57,56,58,58,60,56,58,57,58,55,58,56,59,60,57,62,58,58,57,55,58,60,59,61,55,59,61,60,55,56,57,56,59,58,56,57,56,56,58,57,59,56,56,56,57,60,56,60,57,58,57,57,56,58,56,58,57,58,58,61,60,58,56,60,60,56,59,57,57,58,58,57,58,58,55,58,59,59,56,57,61,58,57,59,58,57,55,56,56,58,57,57,58,57,56,57,60,60,59,56,57,57,58,58,57,57,58,58,58,58,59,60,58,59,57,58,59,56,59,58,59,59,58,58,55,58,57,58,57,56,57,58,
59,60,59,60,58,58,58,59,58,59,59,59,61,60,58,59,57,60,60,58,58,59,58,59,58,59,58,59,59,58,61,58,57,60,56,59,58,58,58,59,58,59,57,57,60,57,59,58,56,57,57,59,58,58,62,59,62,57,57,63,61,59,57,58,58,57,58,60,59,59,57,57,59,59,59,59,59,60,59,60,59,59,59,61,62,58,59,61,60,57,57,60,59,60,57,59,59,60,61,59,58,59,56,59,60,58,59,59,60,57,60,60,61,59,58,58,59,58,57,60,57,60,59,59,57,58,57,59,60,58,56,58,57,60,62,59,57,60,58,57,58,59,57,58,59,60,57,62,59,60,59,59,56,58,59,59,57,59,57,58,58,57,60,58,59,56,59,56,57,59,57,57,59,60,58,58,58,58,58,60,56,57,60,59,61,59,61,57,60,62,59,58,59,61,58,59,59,59,56,59,59,57,58,58,58,58,60,59,59,57,56,58,56,58,61,60,58,58,57,60,59,57,58,57,58,59,61,60,60,57,58,58,58,59,58,59,60,59,57,58,57,57,59,59,58,57,56,59,59,56,60,58,60,58,60,59,
57,60,59,59,60,58,58,58,60,59,59,60,61,59,61,60,58,60,58,59,61,59,60,62,58,59,60,61,60,57,61,61,60,60,59,59,59,58,59,59,58,58,57,59,59,60,59,61,58,57,58,58,59,58,62,58,58,59,57,63,61,60,59,59,61,58,58,59,61,58,57,58,59,59,60,59,59,59,60,61,61,57,58,62,60,61,61,60,60,58,59,59,60,59,60,58,58,61,62,60,59,58,59,60,61,59,59,61,60,57,58,59,61,60,59,58,59,59,60,59,59,60,59,58,60,60,61,60,59,61,60,60,60,60,58,60,58,59,59,59,61,57,58,57,59,58,60,60,61,58,58,61,58,59,58,60,58,58,60,59,58,58,59,60,59,58,59,57,58,60,60,59,59,58,61,59,59,58,61,59,57,57,60,58,62,58,59,59,60,60,62,58,59,58,61,61,59,59,60,60,61,57,59,58,59,59,60,60,59,59,62,59,60,58,59,60,59,59,61,58,61,61,58,60,61,61,61,60,60,60,58,60,58,59,61,59,58,59,60,57,58,58,60,60,59,58,59,57,59,57,60,60,61,61,62,61,
60,59,60,60,59,62,59,61,58,62,60,59,60,59,59,61,61,59,60,60,59,60,60,60,60,62,60,60,60,59,62,61,61,58,59,59,60,60,63,59,63,59,60,59,59,61,59,59,59,60,58,60,60,59,61,59,60,59,60,60,62,61,60,58,59,61,60,58,60,61,59,60,61,60,61,61,58,60,59,62,62,58,61,58,61,61,61,60,60,61,59,60,61,59,59,61,61,61,62,60,60,60,59,61,61,59,58,61,59,61,59,61,62,61,60,60,62,59,61,61,63,63,59,59,61,60,62,61,62,59,59,61,60,61,59,62,61,62,60,58,62,60,61,58,59,61,61,61,61,59,59,61,60,59,59,59,59,60,62,60,60,61,60,62,60,58,60,59,61,58,58,60,60,59,60,61,59,62,60,62,59,59,61,59,59,60,59,62,60,61,61,58,61,59,62,61,59,61,60,61,61,61,58,58,59,60,61,59,60,61,60,58,62,62,59,60,62,59,59,59,62,61,60,61,60,61,63,59,61,60,61,61,58,60,61,60,62,61,60,61,61,59,61,61,62,59,62,59,61,58,59,60,62,59,60,61,
59,59,59,61,60,60,63,63,61,61,60,60,63,60,61,60,61,61,62,61,60,60,60,60,61,62,60,61,60,60,61,59,60,60,61,60,60,60,61,61,59,63,60,61,60,59,61,61,62,60,60,60,60,61,60,62,60,60,63,60,61,60,61,61,61,62,62,59,62,59,61,59,59,59,60,59,59,59,62,60,60,60,60,59,61,61,61,61,59,60,60,61,61,61,60,61,60,60,60,60,61,61,61,61,62,60,60,60,61,61,60,61,63,62,61,63,61,62,60,62,63,64,60,60,61,61,61,62,61,61,60,60,60,60,61,60,63,61,63,61,62,60,59,59,59,60,62,60,62,61,61,59,62,60,59,60,59,61,61,60,61,61,61,59,61,60,59,60,61,60,61,59,60,60,60,59,60,61,62,61,62,60,62,60,60,61,60,62,60,59,61,61,60,61,59,62,62,62,61,60,62,61,59,60,60,62,63,62,62,61,62,59,60,62,63,60,61,62,60,63,60,61,63,62,61,62,63,60,62,61,61,61,61,62,61,61,60,62,60,62,60,60,60,59,60,62,60,62,61,62,60,62,61,61,61,61,
61,60,61,61,60,61,63,61,60,60,62,62,60,62,61,61,60,62,61,62,61,61,60,63,62,62,63,61,61,60,60,61,61,61,60,61,62,60,61,63,60,60,60,61,62,62,61,61,62,60,61,60,60,61,61,61,61,63,61,61,62,61,60,61,61,60,62,61,63,61,62,61,60,62,61,62,60,61,61,60,60,61,62,63,61,62,62,61,62,62,62,61,61,61,61,62,63,61,60,63,61,61,61,61,61,62,61,61,61,63,61,61,62,61,62,63,61,62,61,60,62,64,62,62,62,62,62,62,62,62,61,63,61,61,60,60,62,60,61,61,61,60,60,61,60,63,63,61,61,61,61,61,61,61,61,61,62,61,61,61,60,61,60,62,62,60,60,60,60,60,60,61,61,60,62,64,60,62,62,61,63,62,62,61,62,60,61,61,62,62,60,62,60,62,62,60,60,60,62,60,60,62,61,63,62,62,62,63,60,61,60,62,61,61,63,61,62,61,63,63,62,61,61,61,63,62,63,61,62,61,61,61,61,62,61,61,63,62,63,60,60,61,61,63,62,63,63,62,61,62,61,60,62,63,62,62,
61,61,62,61,63,61,62,61,61,61,61,62,63,61,62,62,62,61,61,62,62,62,61,61,63,62,62,62,63,63,62,61,62,61,61,62,63,62,61,62,63,61,62,61,62,63,62,62,62,61,63,62,63,62,62,62,63,63,62,62,63,62,62,62,62,63,62,62,64,62,62,61,62,63,62,62,62,62,62,63,61,62,62,62,63,61,63,62,63,61,62,62,62,62,62,62,61,61,62,63,62,61,62,62,63,62,62,63,62,64,62,61,61,62,63,63,62,61,62,63,62,61,62,64,62,61,63,62,63,63,63,62,63,62,63,61,62,62,61,62,61,61,61,62,61,61,64,62,63,63,62,62,62,62,62,63,63,62,61,61,62,62,62,61,62,62,61,62,61,62,61,63,62,61,61,63,64,61,61,61,62,61,63,62,63,61,61,62,63,61,61,63,62,63,63,61,62,63,62,62,63,62,63,62,61,62,61,62,62,61,61,63,62,62,63,62,62,61,61,64,62,64,62,62,62,62,63,61,63,62,62,62,63,63,63,62,63,63,62,63,61,61,62,63,63,64,62,63,64,62,62,63,63,63,61,61,
63,62,64,62,62,64,63,63,62,62,62,63,63,63,63,62,63,62,63,63,62,63,62,62,63,62,63,62,62,63,63,63,62,62,63,62,63,63,62,62,62,62,62,62,62,62,62,63,63,63,62,62,63,63,62,62,63,62,63,63,64,63,63,64,62,63,62,63,62,63,63,63,63,63,63,63,62,62,62,63,64,63,62,62,64,62,63,62,62,63,62,63,64,62,63,63,62,64,62,62,63,62,62,64,64,62,62,63,63,63,62,63,63,64,62,64,62,64,62,63,64,62,62,62,64,63,63,63,62,63,63,62,62,63,63,63,62,64,63,63,64,64,64,62,63,62,64,62,62,62,63,62,64,64,63,64,63,63,63,63,63,62,63,63,63,63,62,62,62,62,63,64,63,63,62,62,62,62,62,62,63,62,62,63,62,63,63,64,63,62,62,63,64,63,62,63,63,62,63,63,62,63,62,63,64,62,62,62,62,62,64,63,63,62,62,64,62,63,63,63,62,63,62,62,63,63,63,63,63,62,62,64,64,62,63,63,62,64,62,62,62,62,62,62,62,63,63,63,63,63,63,62,64,62,62,64,
63,63,64,63,64,64,63,64,63,64,64,64,63,64,64,63,63,63,64,63,63,64,64,63,63,63,63,63,63,64,63,64,63,64,64,63,63,63,63,63,64,64,63,63,63,63,64,63,64,63,64,63,63,63,64,63,64,63,63,64,63,64,63,64,63,64,63,63,63,63,64,63,63,63,63,63,64,63,63,64,63,64,64,64,64,64,63,63,63,63,63,64,63,63,63,64,64,64,63,64,64,64,63,63,64,63,63,63,64,63,64,63,63,64,64,64,63,64,63,63,64,63,63,63,63,64,63,63,63,63,63,63,63,64,64,64,64,63,64,63,63,63,64,63,64,64,63,63,64,63,64,63,63,64,63,63,64,64,64,63,63,63,63,63,64,63,64,63,63,63,64,63,63,63,63,64,63,63,63,63,64,64,63,63,63,63,63,64,63,63,63,63,63,63,63,64,63,63,63,63,63,63,63,63,63,63,63,64,63,64,63,64,63,63,63,64,63,63,63,63,63,63,63,63,64,64,64,63,63,64,63,64,64,63,63,64,63,63,63,63,63,64,64,63,63,63,63,63,63,64,64,63,63,64,63,64,
64,64,64,64,64,64,64,64,64,64,64,64,64,64,64,64,64,64,64,64,64,64,64,64,64,64,64,64,64,64,64,64,64,64,64,64,64,64,64,64,64,64,64,64,64,64,64,64,64,64,64,64,64,64,64,64,64,64,64,64,64,64,64,64,64,64,64,64,64,64,64,64,64,64,64,64,64,64,64,64,64,64,64,64,64,64,64,64,64,64,64,64,64,64,64,64,64,64,64,64,64,64,64,64,64,64,64,64,64,64,64,64,64,64,64,64,64,64,64,64,64,64,64,64,64,64,64,64,64,64,64,64,64,64,64,64,64,64,64,64,64,64,64,64,64,64,64,64,64,64,64,64,64,64,64,64,64,64,64,64,64,64,64,64,64,64,64,64,64,64,64,64,64,64,64,64,64,64,64,64,64,64,64,64,64,64,64,64,64,64,64,64,64,64,64,64,64,64,64,64,64,64,64,64,64,64,64,64,64,64,64,64,64,64,64,64,64,64,64,64,64,64,64,64,64,64,64,64,64,64,64,64,64,64,64,64,64,64,64,64,64,64,64,64,64,64,64,64,64,64,64,64,64,64,64,64,