[64, 256, 128]
0,0,0,0,0,0,0,0,0,0,0,0,0,0,0,0,0,0,0,0,0,0,0,0,0,0,0,0,0,0,0,0,0,0,0,0,0,0,0,0,0,0,0,0,0,0,0,0,0,0,0,0,0,0,0,0,0,0,0,0,0,0,0,0,0,0,0,0,0,0,0,0,0,0,0,0,0,0,0,0,0,0,0,0,0,0,0,0,0,0,0,0,0,0,0,0,0,0,0,0,0,0,0,0,0,0,0,0,0,0,0,0,0,0,0,0,0,0,0,0,0,0,0,0,0,0,0,0,0,0,0,0,0,0,0,0,0,0,0,0,0,0,0,0,0,0,0,0,0,0,0,0,0,0,0,0,0,0,0,0,0,0,0,0,0,0,0,0,0,0,0,0,0,0,0,0,0,0,0,0,0,0,0,0,0,0,0,0,0,0,0,0,0,0,0,0,0,0,0,0,0,0,0,0,0,0,0,0,0,0,0,0,0,0,0,0,0,0,0,0,0,0,0,0,0,0,0,0,0,0,0,0,0,0,0,0,0,0,0,0,0,0,0,0,0,0,0,0,0,0,0,0,0,0,0,0,
0,0,0,0,0,0,0,0,0,0,0,0,0,0,0,0,0,0,0,0,0,0,0,0,0,0,0,0,0,0,0,0,0,0,0,0,0,0,0,0,0,0,0,0,0,0,0,0,0,0,0,0,0,0,0,0,0,0,0,0,0,0,0,0,0,0,0,0,0,0,0,0,0,0,0,0,0,0,0,0,0,0,0,0,0,0,0,0,0,0,0,0,0,0,0,0,0,0,0,0,0,0,0,0,0,0,0,0,0,0,0,0,0,0,0,0,0,0,0,0,0,0,0,0,0,0,0,0,0,0,0,0,0,0,0,0,0,0,0,0,0,0,0,0,0,0,0,0,0,0,0,0,0,0,0,0,0,0,0,0,0,0,0,0,0,0,0,0,0,0,0,0,0,0,0,0,0,0,0,0,0,0,0,0,0,0,0,0,0,0,0,0,0,0,0,0,0,0,0,0,0,0,0,0,0,0,0,0,0,0,0,0,0,0,0,0,0,0,0,0,0,0,0,0,0,0,0,0,0,0,0,0,0,0,0,0,0,0,0,0,0,0,0,0,0,0,0,0,0,0,0,0,0,0,0,0,
0,0,0,0,0,0,0,0,0,0,0,0,0,0,0,0,0,0,0,0,0,0,0,0,0,0,0,0,0,0,0,0,0,0,0,0,0,0,0,0,0,0,0,0,0,0,0,0,0,0,0,0,0,0,0,0,0,0,0,0,0,0,0,0,0,0,0,0,0,0,0,0,0,0,0,0,0,0,0,0,0,0,0,0,0,0,0,0,0,0,0,0,0,0,0,0,0,0,0,0,0,0,0,0,0,0,0,0,0,0,0,0,0,0,0,0,0,0,0,0,0,0,0,0,0,0,0,0,0,0,0,0,0,0,0,0,0,0,0,0,0,0,0,0,0,0,0,0,0,0,0,0,0,0,0,0,0,0,0,0,0,0,0,0,0,0,0,0,0,0,0,0,0,0,0,0,0,0,0,0,0,0,0,0,0,0,0,0,0,0,0,0,0,0,0,0,0,0,0,0,0,0,0,0,0,0,0,0,0,0,0,0,0,0,0,0,0,0,0,0,0,0,0,0,0,0,0,0,0,0,0,0,0,0,0,0,0,0,0,0,0,0,0,0,0,0,0,0,0,0,0,0,0,0,0,0,
0,0,0,0,0,0,0,0,0,0,0,0,0,0,0,0,0,0,0,0,0,0,0,0,0,0,0,0,0,0,0,0,0,0,0,0,0,0,0,0,0,0,0,0,0,0,0,0,0,0,0,0,0,0,0,0,0,0,0,0,0,0,0,0,0,0,0,0,0,0,0,0,0,0,0,0,0,0,0,0,0,0,0,0,0,0,0,0,0,0,0,0,0,0,0,0,0,0,0,0,0,0,0,0,0,0,0,0,0,0,0,0,0,0,0,0,0,0,0,0,0,0,0,0,0,0,0,0,0,0,0,0,0,0,0,0,0,0,0,0,0,0,0,0,0,0,0,0,0,0,0,0,0,0,0,0,0,0,0,0,0,0,0,0,0,0,0,0,0,0,0,0,0,0,0,0,0,0,0,0,0,0,0,0,0,0,0,0,0,0,0,0,0,0,0,0,0,0,0,0,0,0,0,0,0,0,0,0,0,0,0,0,0,0,0,0,0,0,0,0,0,0,0,0,0,0,0,0,0,0,0,0,0,0,0,0,0,0,0,0,0,0,0,0,0,0,0,0,0,0,0,0,0,0,0,0,
0,0,0,0,0,0,0,0,0,0,0,0,0,0,0,0,0,0,0,0,0,0,0,0,0,0,0,0,0,0,0,0,0,0,0,0,0,0,0,0,0,0,0,0,0,0,0,0,0,0,0,0,0,0,0,0,0,0,0,0,0,0,0,0,0,0,0,0,0,0,0,0,0,0,0,0,0,0,0,0,0,0,0,0,0,0,0,0,0,0,0,0,0,0,0,0,0,0,0,0,0,0,0,0,0,0,0,0,0,0,0,0,0,0,0,0,0,0,0,0,0,0,0,0,0,0,0,0,0,0,0,0,0,0,0,0,0,0,0,0,0,0,0,0,0,0,0,0,0,0,0,0,0,0,0,0,0,0,0,0,0,0,0,0,0,0,0,0,0,0,0,0,0,0,0,0,0,0,0,0,0,0,0,0,0,0,0,0,0,0,0,0,0,0,0,0,0,0,0,0,0,0,0,0,0,0,0,0,0,0,0,0,0,0,0,0,0,0,0,0,0,0,0,0,0,0,0,0,0,0,0,0,0,0,0,0,0,0,0,0,0,0,0,0,0,0,0,0,0,0,0,0,0,0,0,0,
0,0,0,0,0,0,0,0,0,0,0,0,0,0,0,0,0,0,0,0,0,0,0,0,0,0,0,0,0,0,0,0,0,0,0,0,0,0,0,0,0,0,0,0,0,0,0,0,0,0,0,0,0,0,0,0,0,0,0,0,0,0,0,0,0,0,0,0,0,0,0,0,0,0,0,0,0,0,0,0,0,0,0,0,0,0,0,0,0,0,0,0,0,0,0,0,0,0,0,0,0,0,0,0,0,0,0,0,0,0,0,0,0,0,0,0,0,0,0,0,0,0,0,0,0,0,0,0,0,0,0,0,0,0,0,0,0,0,0,0,0,0,0,0,0,0,0,0,0,0,0,0,0,0,0,0,0,0,0,0,0,0,0,0,0,0,0,0,0,0,0,0,0,0,0,0,0,0,0,0,0,0,0,0,0,0,0,0,0,0,0,0,0,0,0,0,0,0,0,0,0,0,0,0,0,0,0,0,0,0,0,0,0,0,0,0,0,0,0,0,0,0,0,0,0,0,0,0,0,0,0,0,0,0,0,0,0,0,0,0,0,0,0,0,0,0,0,0,0,0,0,0,0,0,0,0,
0,0,0,0,0,0,0,0,0,0,0,0,0,0,0,0,0,0,0,0,0,0,0,0,0,0,0,0,0,0,0,0,0,0,0,0,0,0,0,0,0,0,0,0,0,0,0,0,0,0,0,0,0,0,0,0,0,0,0,0,0,0,0,0,0,0,0,0,0,0,0,0,0,0,0,0,0,0,0,0,0,0,0,0,0,0,0,0,0,0,0,0,0,0,0,0,0,0,0,0,0,0,0,0,0,0,0,0,0,0,0,0,0,0,0,0,0,0,0,0,0,0,0,0,0,0,0,0,0,0,0,0,0,0,0,0,0,0,0,0,0,0,0,0,0,0,0,0,0,0,0,0,0,0,0,0,0,0,0,0,0,0,0,0,0,0,0,0,0,0,0,0,0,0,0,0,0,0,0,0,0,0,0,0,0,0,0,0,0,0,0,0,0,0,0,0,0,0,0,0,0,0,0,0,0,0,0,0,0,0,0,0,0,0,0,0,0,0,0,0,0,0,0,0,0,0,0,0,0,0,0,0,0,0,0,0,0,0,0,0,0,0,0,0,0,0,0,0,0,0,0,0,0,0,0,0,
0,0,0,0,0,0,0,0,0,0,0,0,0,0,0,0,0,0,0,0,0,0,0,0,0,0,0,0,0,0,0,0,0,0,0,0,0,0,0,0,0,0,0,0,0,0,0,0,0,0,0,0,0,0,0,0,0,0,0,0,0,0,0,0,0,0,0,0,0,0,0,0,0,0,0,0,0,0,0,0,0,0,0,0,0,0,0,0,0,0,0,0,0,0,0,0,0,0,0,0,0,0,0,0,0,0,0,0,0,0,0,0,0,0,0,0,0,0,0,0,0,0,0,0,0,0,0,0,0,0,0,0,0,0,0,0,0,0,0,0,0,0,0,0,0,0,0,0,0,0,0,0,0,0,0,0,0,0,0,0,0,0,0,0,0,0,0,0,0,0,0,0,0,0,0,0,0,0,0,0,0,0,0,0,0,0,0,0,0,0,0,0,0,0,0,0,0,0,0,0,0,0,0,0,0,0,0,0,0,0,0,0,0,0,0,0,0,0,0,0,0,0,0,0,0,0,0,0,0,0,0,0,0,0,0,0,0,0,0,0,0,0,0,0,0,0,0,0,0,0,0,0,0,0,0,0,
0,0,0,0,0,0,0,0,0,0,0,0,0,0,0,0,0,0,0,0,0,0,0,0,0,0,0,0,0,0,0,0,0,0,0,0,0,0,0,0,0,0,0,0,0,0,0,0,0,0,0,0,0,0,0,0,0,0,0,0,0,0,0,0,0,0,0,0,0,0,0,0,0,0,0,0,0,0,0,0,0,0,0,0,0,0,0,0,0,0,0,0,0,0,0,0,0,0,0,0,0,0,0,0,0,0,0,0,0,0,0,0,0,0,0,0,0,0,0,0,0,0,0,0,0,0,0,0,0,0,0,0,0,0,0,0,0,0,0,0,0,0,0,0,0,0,0,0,0,0,0,0,0,0,0,0,0,0,0,0,0,0,0,0,0,0,0,0,0,0,0,0,0,0,0,0,0,0,0,0,0,0,0,0,0,0,0,0,0,0,0,0,0,0,0,0,0,0,0,0,0,0,0,0,0,0,0,0,0,0,0,0,0,0,0,0,0,0,0,0,0,0,0,0,0,0,0,0,0,0,0,0,0,0,0,0,0,0,0,0,0,0,0,0,0,0,0,0,0,0,0,0,0,0,0,0,
0,0,0,0,0,0,0,0,0,0,0,0,0,0,0,0,0,0,0,0,0,0,0,0,0,0,0,0,0,0,0,0,0,0,0,0,0,0,0,0,0,0,0,0,0,0,0,0,0,0,0,0,0,0,0,0,0,0,0,0,0,0,0,0,0,0,0,0,0,0,0,0,0,0,0,0,0,0,0,0,0,0,0,0,0,0,0,0,0,0,0,0,0,0,0,0,0,0,0,0,0,0,0,0,0,0,0,0,0,0,0,0,0,0,0,0,0,0,0,0,0,0,0,0,0,0,0,0,0,0,0,0,0,0,0,0,0,0,0,0,0,0,0,0,0,0,0,0,0,0,0,0,0,0,0,0,0,0,0,0,0,0,0,0,0,0,0,0,0,0,0,0,0,0,0,0,0,0,0,0,0,0,0,0,0,0,0,0,0,0,0,0,0,0,0,0,0,0,0,0,0,0,0,0,0,0,0,0,0,0,0,0,0,0,0,0,0,0,0,0,0,0,0,0,0,0,0,0,0,0,0,0,0,0,0,0,0,0,0,0,0,0,0,0,0,0,0,0,0,0,0,0,0,0,0,0,
0,0,0,0,0,0,0,0,0,0,0,0,0,0,0,0,0,0,0,0,0,0,0,0,0,0,0,0,0,0,0,0,0,0,0,0,0,0,0,0,0,0,0,0,0,0,0,0,0,0,0,0,0,0,0,0,0,0,0,0,0,0,0,0,0,0,0,0,0,0,0,0,0,0,0,0,0,0,0,0,0,0,0,0,0,0,0,0,0,0,0,0,0,0,0,0,0,0,0,0,0,0,0,0,0,0,0,0,0,0,0,0,0,0,0,0,0,0,0,0,0,0,0,0,0,0,0,0,0,0,0,0,0,0,0,0,0,0,0,0,0,0,0,0,0,0,0,0,0,0,0,0,0,0,0,0,0,0,0,0,0,0,0,0,0,0,0,0,0,0,0,0,0,0,0,0,0,0,0,0,0,0,0,0,0,0,0,0,0,0,0,0,0,0,0,0,0,0,0,0,0,0,0,0,0,0,0,0,0,0,0,0,0,0,0,0,0,0,0,0,0,0,0,0,0,0,0,0,0,0,0,0,0,0,0,0,0,0,0,0,0,0,0,0,0,0,0,0,0,0,0,0,0,0,0,0,
0,0,0,0,0,0,0,0,0,0,0,0,0,0,0,0,0,0,0,0,0,0,0,0,0,0,0,0,0,0,0,0,0,0,0,0,0,0,0,0,0,0,0,0,0,0,0,0,0,0,0,0,0,0,0,0,0,0,0,0,0,0,0,0,0,0,0,0,0,0,0,0,0,0,0,0,0,0,0,0,0,0,0,0,0,0,0,0,0,0,0,0,0,0,0,0,0,0,0,0,0,0,0,0,0,0,0,0,0,0,0,0,0,0,0,0,0,0,0,0,0,0,0,0,0,0,0,0,0,0,0,0,0,0,0,0,0,0,0,0,0,0,0,0,0,0,0,0,0,0,0,0,0,0,0,0,0,0,0,0,0,0,0,0,0,0,0,0,0,0,0,0,0,0,0,0,0,0,0,0,0,0,0,0,0,0,0,0,0,0,0,0,0,0,0,0,0,0,0,0,0,0,0,0,0,0,0,0,0,0,0,0,0,0,0,0,0,0,0,0,0,0,0,0,0,0,0,0,0,0,0,0,0,0,0,0,0,0,0,0,0,0,0,0,0,0,0,0,0,0,0,0,0,0,0,0,
0,0,0,0,0,0,0,0,0,0,0,0,0,0,0,0,0,0,0,0,0,0,0,0,0,0,0,0,0,0,0,0,0,0,0,0,0,0,0,0,0,0,0,0,0,0,0,0,0,0,0,0,0,0,0,0,0,0,0,0,0,0,0,0,0,0,0,0,0,0,0,0,0,0,0,0,0,0,0,0,0,0,0,0,0,0,0,0,0,0,0,0,0,0,0,0,0,0,0,0,0,0,0,0,0,0,0,0,0,0,0,0,0,0,0,0,0,0,0,0,0,0,0,0,0,0,0,0,0,0,0,0,0,0,0,0,0,0,0,0,0,0,0,0,0,0,0,0,0,0,0,0,0,0,0,0,0,0,0,0,0,0,0,0,0,0,0,0,0,0,0,0,0,0,0,0,0,0,0,0,0,0,0,0,0,0,0,0,0,0,0,0,0,0,0,0,0,0,0,0,0,0,0,0,0,0,0,0,0,0,0,0,0,0,0,0,0,0,0,0,0,0,0,0,0,0,0,0,0,0,0,0,0,0,0,0,0,0,0,0,0,0,0,0,0,0,0,0,0,0,0,0,0,0,0,0,
0,0,0,0,0,0,0,0,0,0,0,0,0,0,0,0,0,0,0,0,0,0,0,0,0,0,0,0,0,0,0,0,0,0,0,0,0,0,0,0,0,0,0,0,0,0,0,0,0,0,0,0,0,0,0,0,0,0,0,0,0,0,0,0,0,0,0,0,0,0,0,0,0,0,0,0,0,0,0,0,0,0,0,0,0,0,0,0,0,0,0,0,0,0,0,0,0,0,0,0,0,0,0,0,0,0,0,0,0,0,0,0,0,0,0,0,0,0,0,0,0,0,0,0,0,0,0,0,0,0,0,0,0,0,0,0,0,0,0,0,0,0,0,0,0,0,0,0,0,0,0,0,0,0,0,0,0,0,0,0,0,0,0,0,0,0,0,0,0,0,0,0,0,0,0,0,0,0,0,0,0,0,0,0,0,0,0,0,0,0,0,0,0,0,0,0,0,0,0,0,0,0,0,0,0,0,0,0,0,0,0,0,0,0,0,0,0,0,0,0,0,0,0,0,0,0,0,0,0,0,0,0,0,0,0,0,0,0,0,0,0,0,0,0,0,0,0,0,0,0,0,0,0,0,0,0,
0,0,0,0,0,0,0,0,0,0,0,0,0,0,0,0,0,0,0,0,0,0,0,0,0,0,0,0,0,0,0,0,0,0,0,0,0,0,0,0,0,0,0,0,0,0,0,0,0,0,0,0,0,0,0,0,0,0,0,0,0,0,0,0,0,0,0,0,0,0,0,0,0,0,0,0,0,0,0,0,0,0,0,0,0,0,0,0,0,0,0,0,0,0,0,0,0,0,0,0,0,0,0,0,0,0,0,0,0,0,0,0,0,0,0,0,0,0,0,0,0,0,0,0,0,0,0,0,0,0,0,0,0,0,0,0,0,0,0,0,0,0,0,0,0,0,0,0,0,0,0,0,0,0,0,0,0,0,0,0,0,0,0,0,0,0,0,0,0,0,0,0,0,0,0,0,0,0,0,0,0,0,0,0,0,0,0,0,0,0,0,0,0,0,0,0,0,0,0,0,0,0,0,0,0,0,0,0,0,0,0,0,0,0,0,0,0,0,0,0,0,0,0,0,0,0,0,0,0,0,0,0,0,0,0,0,0,0,0,0,0,0,0,0,0,0,0,0,0,0,0,0,0,0,0,0,
0,0,0,0,0,0,0,0,0,0,0,0,0,0,0,0,0,0,0,0,0,0,0,0,0,0,0,0,0,0,0,0,0,0,0,0,0,0,0,0,0,0,0,0,0,0,0,0,0,0,0,0,0,0,0,0,0,0,0,0,0,0,0,0,0,0,0,0,0,0,0,0,0,0,0,0,0,0,0,0,0,0,0,0,0,0,0,0,0,0,0,0,0,0,0,0,0,0,0,0,0,0,0,0,0,0,0,0,0,0,0,0,0,0,0,0,0,0,0,0,0,0,0,0,0,0,0,0,0,0,0,0,0,0,0,0,0,0,0,0,0,0,0,0,0,0,0,0,0,0,0,0,0,0,0,0,0,0,0,0,0,0,0,0,0,0,0,0,0,0,0,0,0,0,0,0,0,0,0,0,0,0,0,0,0,0,0,0,0,0,0,0,0,0,0,0,0,0,0,0,0,0,0,0,0,0,0,0,0,0,0,0,0,0,0,0,0,0,0,0,0,0,0,0,0,0,0,0,0,0,0,0,0,0,0,0,0,0,0,0,0,0,0,0,0,0,0,0,0,0,0,0,0,0,0,0,
0,0,0,0,0,0,0,0,0,0,0,0,0,0,0,0,0,0,0,0,0,0,0,0,0,0,0,0,0,0,0,0,0,0,0,0,0,0,0,0,0,0,0,0,0,0,0,0,0,0,0,0,0,0,0,0,0,0,0,0,0,0,0,0,0,0,0,0,0,0,0,0,0,0,0,0,0,0,0,0,0,0,0,0,0,0,0,0,0,0,0,0,0,0,0,0,0,0,0,0,0,0,0,0,0,0,0,0,0,0,0,0,0,0,0,0,0,0,0,0,0,0,0,0,0,0,0,0,0,0,0,0,0,0,0,0,0,0,0,0,0,0,0,0,0,0,0,0,0,0,0,0,0,0,0,0,0,0,0,0,0,0,0,0,0,0,0,0,0,0,0,0,0,0,0,0,0,0,0,0,0,0,0,0,0,0,0,0,0,0,0,0,0,0,0,0,0,0,0,0,0,0,0,0,0,0,0,0,0,0,0,0,0,0,0,0,0,0,0,0,0,0,0,0,0,0,0,0,0,0,0,0,0,0,0,0,0,0,0,0,0,0,0,0,0,0,0,0,0,0,0,0,0,0,0,0,
0,0,0,0,0,0,0,0,0,0,0,0,0,0,0,0,0,0,0,0,0,0,0,0,0,0,0,0,0,0,0,0,0,0,0,0,0,0,0,0,0,0,0,0,0,0,0,0,0,0,0,0,0,0,0,0,0,0,0,0,0,0,0,0,0,0,0,0,0,0,0,0,0,0,0,0,0,0,0,0,0,0,0,0,0,0,0,0,0,0,0,0,0,0,0,0,0,0,0,0,0,0,0,0,0,0,0,0,0,0,0,0,0,0,0,0,0,0,0,0,0,0,0,0,0,0,0,0,0,0,0,0,0,0,0,0,0,0,0,0,0,0,0,0,0,0,0,0,0,0,0,0,0,0,0,0,0,0,0,0,0,0,0,0,0,0,0,0,0,0,0,0,0,0,0,0,0,0,0,0,0,0,0,0,0,0,0,0,0,0,0,0,0,0,0,0,0,0,0,0,0,0,0,0,0,0,0,0,0,0,0,0,0,0,0,0,0,0,0,0,0,0,0,0,0,0,0,0,0,0,0,0,0,0,0,0,0,0,0,0,0,0,0,0,0,0,0,0,0,0,0,0,0,0,0,0,
0,0,0,0,0,0,0,0,0,0,0,0,0,0,0,0,0,0,0,0,0,0,0,0,0,0,0,0,0,0,0,0,0,0,0,0,0,0,0,0,0,0,0,0,0,0,0,0,0,0,0,0,0,0,0,0,0,0,0,0,0,0,0,0,0,0,0,0,0,0,0,0,0,0,0,0,0,0,0,0,0,0,0,0,0,0,0,0,0,0,0,0,0,0,0,0,0,0,0,0,0,0,0,0,0,0,0,0,0,0,0,0,0,0,0,0,0,0,0,0,0,0,0,0,0,0,0,0,0,0,0,0,0,0,0,0,0,0,0,0,0,0,0,0,0,0,0,0,0,0,0,0,0,0,0,0,0,0,0,0,0,0,0,0,0,0,0,0,0,0,0,0,0,0,0,0,0,0,0,0,0,0,0,0,0,0,0,0,0,0,0,0,0,0,0,0,0,0,0,0,0,0,0,0,0,0,0,0,0,0,0,0,0,0,0,0,0,0,0,0,0,0,0,0,0,0,0,0,0,0,0,0,0,0,0,0,0,0,0,0,0,0,0,0,0,0,0,0,0,0,0,0,0,0,0,0,
0,0,0,0,0,0,0,0,0,0,0,0,0,0,0,0,0,0,0,0,0,0,0,0,0,0,0,0,0,0,0,0,0,0,0,0,0,0,0,0,0,0,0,0,0,0,0,0,0,0,0,0,0,0,0,0,0,0,0,0,0,0,0,0,0,0,0,0,0,0,0,0,0,0,0,0,0,0,0,0,0,0,0,0,0,0,0,0,0,0,0,0,0,0,0,0,0,0,0,0,0,0,0,0,0,0,0,0,0,0,0,0,0,0,0,0,0,0,0,0,0,0,0,0,0,0,0,0,0,0,0,0,0,0,0,0,0,0,0,0,0,0,0,0,0,0,0,0,0,0,0,0,0,0,0,0,0,0,0,0,0,0,0,0,0,0,0,0,0,0,0,0,0,0,0,0,0,0,0,0,0,0,0,0,0,0,0,0,0,0,0,0,0,0,0,0,0,0,0,0,0,0,0,0,0,0,0,0,0,0,0,0,0,0,0,0,0,0,0,0,0,0,0,0,0,0,0,0,0,0,0,0,0,0,0,0,0,0,0,0,0,0,0,0,0,0,0,0,0,0,0,0,0,0,0,0,
0,0,0,0,0,0,0,0,0,0,0,0,0,0,0,0,0,0,0,0,0,0,0,0,0,0,0,0,0,0,0,0,0,0,0,0,0,0,0,0,0,0,0,0,0,0,0,0,0,0,0,0,0,0,0,0,0,0,0,0,0,0,0,0,0,0,0,0,0,0,0,0,0,0,0,0,0,0,0,0,0,0,0,0,0,0,0,0,0,0,0,0,0,0,0,0,0,0,0,0,0,0,0,0,0,0,0,0,0,0,0,0,0,0,0,0,0,0,0,0,0,0,0,0,0,0,0,0,0,0,0,0,0,0,0,0,0,0,0,0,0,0,0,0,0,0,0,0,0,0,0,0,0,0,0,0,0,0,0,0,0,0,0,0,0,0,0,0,0,0,0,0,0,0,0,0,0,0,0,0,0,0,0,0,0,0,0,0,0,0,0,0,0,0,0,0,0,0,0,0,0,0,0,0,0,0,0,0,0,0,0,0,0,0,0,0,0,0,0,0,0,0,0,0,0,0,0,0,0,0,0,0,0,0,0,0,0,0,0,0,0,0,0,0,0,0,0,0,0,0,0,0,0,0,0,0,
0,0,0,0,0,0,0,0,0,0,0,0,0,0,0,0,0,0,0,0,0,0,0,0,0,0,0,0,0,0,0,0,0,0,0,0,0,0,0,0,0,0,0,0,0,0,0,0,0,0,0,0,0,0,0,0,0,0,0,0,0,0,0,0,0,0,0,0,0,0,0,0,0,0,0,0,0,0,0,0,0,0,0,0,0,0,0,0,0,0,0,0,0,0,0,0,0,0,0,0,0,0,0,0,0,0,0,0,0,0,0,0,0,0,0,0,0,0,0,0,0,0,0,0,0,0,0,0,0,0,0,0,0,0,0,0,0,0,0,0,0,0,0,0,0,0,0,0,0,0,0,0,0,0,0,0,0,0,0,0,0,0,0,0,0,0,0,0,0,0,0,0,0,0,0,0,0,0,0,0,0,0,0,0,0,0,0,0,0,0,0,0,0,0,0,0,0,0,0,0,0,0,0,0,0,0,0,0,0,0,0,0,0,0,0,0,0,0,0,0,0,0,0,0,0,0,0,0,0,0,0,0,0,0,0,0,0,0,0,0,0,0,0,0,0,0,0,0,0,0,0,0,0,0,0,0,
0,0,0,0,0,0,0,0,0,0,0,0,0,0,0,0,0,0,0,0,0,0,0,0,0,0,0,0,0,0,0,0,0,0,0,0,0,0,0,0,0,0,0,0,0,0,0,0,0,0,0,0,0,0,0,0,0,0,0,0,0,0,0,0,0,0,0,0,0,0,0,0,0,0,0,0,0,0,0,0,0,0,0,0,0,0,0,0,0,0,0,0,0,0,0,0,0,0,0,0,0,0,0,0,0,0,0,0,0,0,0,0,0,0,0,0,0,0,0,0,0,0,0,0,0,0,0,0,0,0,0,0,0,0,0,0,0,0,0,0,0,0,0,0,0,0,0,0,0,0,0,0,0,0,0,0,0,0,0,0,0,0,0,0,0,0,0,0,0,0,0,0,0,0,0,0,0,0,0,0,0,0,0,0,0,0,0,0,0,0,0,0,0,0,0,0,0,0,0,0,0,0,0,0,0,0,0,0,0,0,0,0,0,0,0,0,0,0,0,0,0,0,0,0,0,0,0,0,0,0,0,0,0,0,0,0,0,0,0,0,0,0,0,0,0,0,0,0,0,0,0,0,0,0,0,0,
0,0,0,0,0,0,0,0,0,0,0,0,0,0,0,0,0,0,0,0,0,0,0,0,0,0,0,0,0,0,0,0,0,0,0,0,0,0,0,0,0,0,0,0,0,0,0,0,0,0,0,0,0,0,0,0,0,0,0,0,0,0,0,0,0,0,0,0,0,0,0,0,0,0,0,0,0,0,0,0,0,0,0,0,0,0,0,0,0,0,0,0,0,0,0,0,0,0,0,0,0,0,0,0,0,0,0,0,0,0,0,0,0,0,0,0,0,0,0,0,0,0,0,0,0,0,0,0,0,0,0,0,0,0,0,0,0,0,0,0,0,0,0,0,0,0,0,0,0,0,0,0,0,0,0,0,0,0,0,0,0,0,0,0,0,0,0,0,0,0,0,0,0,0,0,0,0,0,0,0,0,0,0,0,0,0,0,0,0,0,0,0,0,0,0,0,0,0,0,0,0,0,0,0,0,0,0,0,0,0,0,0,0,0,0,0,0,0,0,0,0,0,0,0,0,0,0,0,0,0,0,0,0,0,0,0,0,0,0,0,0,0,0,0,0,0,0,0,0,0,0,0,0,0,0,0,
0,0,0,0,0,0,0,0,0,0,0,0,0,0,0,0,0,0,0,0,0,0,0,0,0,0,0,0,0,0,0,0,0,0,0,0,0,0,0,0,0,0,0,0,0,0,0,0,0,0,0,0,0,0,0,0,0,0,0,0,0,0,0,0,0,0,0,0,0,0,0,0,0,0,0,0,0,0,0,0,0,0,0,0,0,0,0,0,0,0,0,0,0,0,0,0,0,0,0,0,0,0,0,0,0,0,0,0,0,0,0,0,0,0,0,0,0,0,0,0,0,0,0,0,0,0,0,0,0,0,0,0,0,0,0,0,0,0,0,0,0,0,0,0,0,0,0,0,0,0,0,0,0,0,0,0,0,0,0,0,0,0,0,0,0,0,0,0,0,0,0,0,0,0,0,0,0,0,0,0,0,0,0,0,0,0,0,0,0,0,0,0,0,0,0,0,0,0,0,0,0,0,0,0,0,0,0,0,0,0,0,0,0,0,0,0,0,0,0,0,0,0,0,0,0,0,0,0,0,0,0,0,0,0,0,0,0,0,0,0,0,0,0,0,0,0,0,0,0,0,0,0,0,0,0,0,
0,0,0,0,0,0,0,0,0,0,0,0,0,0,0,0,0,0,0,0,0,0,0,0,0,0,0,0,0,0,0,0,0,0,0,0,0,0,0,0,0,0,0,0,0,0,0,0,0,0,0,0,0,0,0,0,0,0,0,0,0,0,0,0,0,0,0,0,0,0,0,0,0,0,0,0,0,0,0,0,0,0,0,0,0,0,0,0,0,0,0,0,0,0,0,0,0,0,0,0,0,0,0,0,0,0,0,0,0,0,0,0,0,0,0,0,0,0,0,0,0,0,0,0,0,0,0,0,0,0,0,0,0,0,0,0,0,0,0,0,0,0,0,0,0,0,0,0,0,0,0,0,0,0,0,0,0,0,0,0,0,0,0,0,0,0,0,0,0,0,0,0,0,0,0,0,0,0,0,0,0,0,0,0,0,0,0,0,0,0,0,0,0,0,0,0,0,0,0,0,0,0,0,0,0,0,0,0,0,0,0,0,0,0,0,0,0,0,0,0,0,0,0,0,0,0,0,0,0,0,0,0,0,0,0,0,0,0,0,0,0,0,0,0,0,0,0,0,0,0,0,0,0,0,0,0,
0,0,0,0,0,0,0,0,0,0,0,0,0,0,0,0,0,0,0,0,0,0,0,0,0,0,0,0,0,0,0,0,0,0,0,0,0,0,0,0,0,0,0,0,0,0,0,0,0,0,0,0,0,0,0,0,0,0,0,0,0,0,0,0,0,0,0,0,0,0,0,0,0,0,0,0,0,0,0,0,0,0,0,0,0,0,0,0,0,0,0,0,0,0,0,0,0,0,0,0,0,0,0,0,0,0,0,0,0,0,0,0,0,0,0,0,0,0,0,0,0,0,0,0,0,0,0,0,0,0,0,0,0,0,0,0,0,0,0,0,0,0,0,0,0,0,0,0,0,0,0,0,0,0,0,0,0,0,0,0,0,0,0,0,0,0,0,0,0,0,0,0,0,0,0,0,0,0,0,0,0,0,0,0,0,0,0,0,0,0,0,0,0,0,0,0,0,0,0,0,0,0,0,0,0,0,0,0,0,0,0,0,0,0,0,0,0,0,0,0,0,0,0,0,0,0,0,0,0,0,0,0,0,0,0,0,0,0,0,0,0,0,0,0,0,0,0,0,0,0,0,0,0,0,0,0,
0,0,0,0,0,0,0,0,0,0,0,0,0,0,0,0,0,0,0,0,0,0,0,0,0,0,0,0,0,0,0,0,0,0,0,0,0,0,0,0,0,0,0,0,0,0,0,0,0,0,0,0,0,0,0,0,0,0,0,0,0,0,0,0,0,0,0,0,0,0,0,0,0,0,0,0,0,0,0,0,0,0,0,0,0,0,0,0,0,0,0,0,0,0,0,0,0,0,0,0,0,0,0,0,0,0,0,0,0,0,0,0,0,0,0,0,0,0,0,0,0,0,0,0,0,0,0,0,0,0,0,0,0,0,0,0,0,0,0,0,0,0,0,0,0,0,0,0,0,0,0,0,0,0,0,0,0,0,0,0,0,0,0,0,0,0,0,0,0,0,0,0,0,0,0,0,0,0,0,0,0,0,0,0,0,0,0,0,0,0,0,0,0,0,0,0,0,0,0,0,0,0,0,0,0,0,0,0,0,0,0,0,0,0,0,0,0,0,0,0,0,0,0,0,0,0,0,0,0,0,0,0,0,0,0,0,0,0,0,0,0,0,0,0,0,0,0,0,0,0,0,0,0,0,0,0,
0,0,0,0,0,0,0,0,0,0,0,0,0,0,0,0,0,0,0,0,0,0,0,0,0,0,0,0,0,0,0,0,0,0,0,0,0,0,0,0,0,0,0,0,0,0,0,0,0,0,0,0,0,0,0,0,0,0,0,0,0,0,0,0,0,0,0,0,0,0,0,0,0,0,0,0,0,0,0,0,0,0,0,0,0,0,0,0,0,0,0,0,0,0,0,0,0,0,0,0,0,0,0,0,0,0,0,0,0,0,0,0,0,0,0,0,0,0,0,0,0,0,0,0,0,0,0,0,0,0,0,0,0,0,0,0,0,0,0,0,0,0,0,0,0,0,0,0,0,0,0,0,0,0,0,0,0,0,0,0,0,0,0,0,0,0,0,0,0,0,0,0,0,0,0,0,0,0,0,0,0,0,0,0,0,0,0,0,0,0,0,0,0,0,0,0,0,0,0,0,0,0,0,0,0,0,0,0,0,0,0,0,0,0,0,0,0,0,0,0,0,0,0,0,0,0,0,0,0,0,0,0,0,0,0,0,0,0,0,0,0,0,0,0,0,0,0,0,0,0,0,0,0,0,0,0,
0,0,0,0,0,0,0,0,0,0,0,0,0,0,0,0,0,0,0,0,0,0,0,0,0,0,0,0,0,0,0,0,0,0,0,0,0,0,0,0,0,0,0,0,0,0,0,0,0,0,0,0,0,0,0,0,0,0,0,0,0,0,0,0,0,0,0,0,0,0,0,0,0,0,0,0,0,0,0,0,0,0,0,0,0,0,0,0,0,0,0,0,0,0,0,0,0,0,0,0,0,0,0,0,0,0,0,0,0,0,0,0,0,0,0,0,0,0,0,0,0,0,0,0,0,0,0,0,0,0,0,0,0,0,0,0,0,0,0,0,0,0,0,0,0,0,0,0,0,0,0,0,0,0,0,0,0,0,0,0,0,0,0,0,0,0,0,0,0,0,0,0,0,0,0,0,0,0,0,0,0,0,0,0,0,0,0,0,0,0,0,0,0,0,0,0,0,0,0,0,0,0,0,0,0,0,0,0,0,0,0,0,0,0,0,0,0,0,0,0,0,0,0,0,0,0,0,0,0,0,0,0,0,0,0,0,0,0,0,0,0,0,0,0,0,0,0,0,0,0,0,0,0,0,0,0,
0,0,0,0,0,0,0,0,0,0,0,0,0,0,0,0,0,0,0,0,0,0,0,0,0,0,0,0,0,0,0,0,0,0,0,0,0,0,0,0,0,0,0,0,0,0,0,0,0,0,0,0,0,0,0,0,0,0,0,0,0,0,0,0,0,0,0,0,0,0,0,0,0,0,0,0,0,0,0,0,0,0,0,0,0,0,0,0,0,0,0,0,0,0,0,0,0,0,0,0,0,0,0,0,0,0,0,0,0,0,0,0,0,0,0,0,0,0,0,0,0,0,0,0,0,0,0,0,0,0,0,0,0,0,0,0,0,0,0,0,0,0,0,0,0,0,0,0,0,0,0,0,0,0,0,0,0,0,0,0,0,0,0,0,0,0,0,0,0,0,0,0,0,0,0,0,0,0,0,0,0,0,0,0,0,0,0,0,0,0,0,0,0,0,0,0,0,0,0,0,0,0,0,0,0,0,0,0,0,0,0,0,0,0,0,0,0,0,0,0,0,0,0,0,0,0,0,0,0,0,0,0,0,0,0,0,0,0,0,0,0,0,0,0,0,0,0,0,0,0,0,0,0,0,0,0,
0,0,0,0,0,0,0,0,0,0,0,0,0,0,0,0,0,0,0,0,0,0,0,0,0,0,0,0,0,0,0,0,0,0,0,0,0,0,0,0,0,0,0,0,0,0,0,0,0,0,0,0,0,0,0,0,0,0,0,0,0,0,0,0,0,0,0,0,0,0,0,0,0,0,0,0,0,0,0,0,0,0,0,0,0,0,0,0,0,0,0,0,0,0,0,0,0,0,0,0,0,0,0,0,0,0,0,0,0,0,0,0,0,0,0,0,0,0,0,0,0,0,0,0,0,0,0,0,0,0,0,0,0,0,0,0,0,0,0,0,0,0,0,0,0,0,0,0,0,0,0,0,0,0,0,0,0,0,0,0,0,0,0,0,0,0,0,0,0,0,0,0,0,0,0,0,0,0,0,0,0,0,0,0,0,0,0,0,0,0,0,0,0,0,0,0,0,0,0,0,0,0,0,0,0,0,0,0,0,0,0,0,0,0,0,0,0,0,0,0,0,0,0,0,0,0,0,0,0,0,0,0,0,0,0,0,0,0,0,0,0,0,0,0,0,0,0,0,0,0,0,0,0,0,0,0,
0,0,0,0,0,0,0,0,0,0,0,0,0,0,0,0,0,0,0,0,0,0,0,0,0,0,0,0,0,0,0,0,0,0,0,0,0,0,0,0,0,0,0,0,0,0,0,0,0,0,0,0,0,0,0,0,0,0,0,0,0,0,0,0,0,0,0,0,0,0,0,0,0,0,0,0,0,0,0,0,0,0,0,0,0,0,0,0,0,0,0,0,0,0,0,0,0,0,0,0,0,0,0,0,0,0,0,0,0,0,0,0,0,0,0,0,0,0,0,0,0,0,0,0,0,0,0,0,0,0,0,0,0,0,0,0,0,0,0,0,0,0,0,0,0,0,0,0,0,0,0,0,0,0,0,0,0,0,0,0,0,0,0,0,0,0,0,0,0,0,0,0,0,0,0,0,0,0,0,0,0,0,0,0,0,0,0,0,0,0,0,0,0,0,0,0,0,0,0,0,0,0,0,0,0,0,0,0,0,0,0,0,0,0,0,0,0,0,0,0,0,0,0,0,0,0,0,0,0,0,0,0,0,0,0,0,0,0,0,0,0,0,0,0,0,0,0,0,0,0,0,0,0,0,0,0,
0,0,0,0,0,0,0,0,0,0,0,0,0,0,0,0,0,0,0,0,0,0,0,0,0,0,0,0,0,0,0,0,0,0,0,0,0,0,0,0,0,0,0,0,0,0,0,0,0,0,0,0,0,0,0,0,0,0,0,0,0,0,0,0,0,0,0,0,0,0,0,0,0,0,0,0,0,0,0,0,0,0,0,0,0,0,0,0,0,0,0,0,0,0,0,0,0,0,0,0,0,0,0,0,0,0,0,0,0,0,0,0,0,0,0,0,0,0,0,0,0,0,0,0,0,0,0,0,0,0,0,0,0,0,0,0,0,0,0,0,0,0,0,0,0,0,0,0,0,0,0,0,0,0,0,0,0,0,0,0,0,0,0,0,0,0,0,0,0,0,0,0,0,0,0,0,0,0,0,0,0,0,0,0,0,0,0,0,0,0,0,0,0,0,1,1,0,0,0,0,0,0,0,0,0,0,0,0,0,0,0,0,0,0,0,0,0,0,0,0,0,0,0,0,0,0,0,0,0,0,0,0,0,0,0,0,0,0,0,0,0,0,0,0,0,0,0,0,0,0,0,0,0,0,0,0,
0,0,0,0,0,0,0,0,0,0,0,0,0,0,0,0,0,0,0,0,0,0,0,0,0,0,0,0,0,0,0,0,0,0,0,0,0,0,0,0,0,0,0,0,0,0,0,0,0,0,0,0,0,0,0,0,0,0,0,0,0,0,0,0,0,0,0,0,0,0,0,0,0,0,0,0,0,0,0,0,0,0,0,0,0,0,0,0,0,0,0,0,0,0,0,0,0,0,0,0,0,0,0,0,0,0,0,0,0,0,0,0,0,0,0,0,0,0,0,0,0,0,0,0,0,0,0,0,0,0,0,0,0,0,0,0,0,0,0,0,0,0,0,0,0,0,0,0,0,0,0,0,0,0,0,0,0,0,0,0,0,0,0,0,0,0,0,0,0,0,0,0,0,0,0,0,0,0,0,0,0,0,0,0,0,0,0,3,0,0,0,0,0,0,0,1,0,0,0,0,0,0,0,0,0,0,0,0,0,0,0,0,0,0,0,0,0,0,0,0,0,0,0,0,8,0,0,0,9,0,0,0,0,0,0,0,0,0,0,0,0,0,0,0,0,0,0,0,0,0,0,0,0,0,0,0,
0,0,0,0,0,0,0,0,0,0,0,0,0,0,0,0,0,0,0,0,0,0,0,0,0,0,0,0,0,0,0,0,0,0,0,0,0,0,0,0,0,0,0,0,0,0,0,0,0,0,0,0,0,0,0,0,0,0,0,0,0,0,0,0,0,0,0,0,0,0,0,0,0,0,0,0,0,0,0,0,0,0,0,0,0,0,0,0,0,0,0,0,0,0,0,0,0,0,0,0,0,0,0,0,0,0,0,0,0,0,0,0,0,0,0,0,0,0,0,0,0,0,0,0,0,0,0,0,0,0,0,0,0,0,0,0,0,0,0,0,0,0,0,0,0,0,0,0,0,0,0,0,1,0,0,0,0,0,0,0,0,0,0,0,0,0,0,0,0,0,0,0,0,0,0,0,0,0,0,0,0,0,0,0,0,0,0,0,0,0,0,0,0,0,0,0,0,0,0,0,0,0,0,0,0,0,0,0,5,0,0,3,4,0,0,0,0,0,0,0,0,0,0,0,0,0,0,10,11,0,0,0,0,0,0,0,0,0,0,0,0,0,0,0,0,0,0,0,0,0,0,0,0,0,0,0,
0,0,0,0,0,0,0,0,0,0,0,0,0,0,0,0,0,0,0,0,0,0,0,0,0,0,9,0,0,0,0,0,0,0,0,0,0,0,0,0,0,0,0,0,0,0,0,0,0,0,0,0,0,0,0,0,0,0,0,0,0,0,0,0,0,0,0,0,0,0,0,0,0,0,0,0,0,0,0,0,0,0,0,0,0,0,0,0,0,0,0,0,0,0,0,0,0,0,0,0,0,0,0,0,0,0,0,0,0,0,0,0,0,0,0,0,0,0,0,0,0,0,0,0,0,0,0,0,0,0,0,0,0,0,0,0,0,0,0,0,0,0,0,0,0,0,0,0,0,0,0,0,0,0,0,4,0,0,0,0,0,0,0,0,0,0,0,0,0,2,0,0,0,0,0,0,0,0,0,0,0,0,0,0,0,0,0,0,0,0,0,0,0,0,2,0,0,0,0,0,0,0,0,0,1,0,0,0,8,6,0,6,7,0,0,0,0,0,0,0,0,0,0,0,14,0,0,0,0,0,0,0,0,0,0,0,0,0,0,0,0,0,0,0,0,0,0,0,0,0,0,0,0,0,0,0,
0,0,0,0,0,0,0,0,0,0,0,0,0,0,0,0,0,0,0,0,0,0,0,0,0,0,0,10,11,0,0,0,0,0,0,0,0,0,0,0,0,10,0,0,0,0,0,0,0,8,0,0,7,0,0,0,0,0,0,0,0,0,0,0,0,0,0,0,0,0,0,0,0,0,0,0,0,0,0,0,0,0,0,0,0,0,0,0,0,0,0,0,0,0,0,0,0,0,0,0,0,0,0,0,0,0,0,0,0,0,0,0,0,0,5,0,0,0,0,0,0,0,0,0,0,0,0,0,0,0,0,0,0,0,0,0,0,0,0,0,0,0,0,0,0,0,0,0,0,0,0,0,2,0,0,0,5,0,0,0,0,0,0,0,0,0,0,0,0,3,0,0,0,0,0,0,0,0,0,0,0,0,0,0,0,0,0,0,0,0,0,0,0,0,0,0,0,0,0,0,0,0,0,1,1,1,0,0,0,0,9,0,6,6,0,0,0,0,0,0,0,0,0,0,13,0,0,0,0,0,0,0,0,0,0,0,0,0,0,0,0,0,0,0,0,0,0,0,0,0,0,0,0,0,0,0,
0,0,0,0,0,0,0,0,0,0,0,0,0,0,0,0,0,0,0,0,0,0,0,0,0,0,0,0,13,0,0,0,0,0,0,0,0,0,0,0,0,0,10,0,0,0,0,0,0,9,4,0,10,0,0,0,0,0,0,0,0,0,0,0,0,0,0,0,0,0,0,0,0,0,0,0,0,0,0,0,0,0,0,0,0,0,0,0,0,0,0,0,0,0,0,0,0,0,0,0,0,0,0,0,0,0,0,0,4,0,0,0,0,0,0,0,3,0,0,0,0,0,0,0,0,0,0,0,0,0,0,0,0,0,0,0,0,0,0,0,0,0,0,0,0,0,0,0,0,0,0,0,0,2,0,0,6,2,0,0,0,0,0,0,0,0,4,0,0,0,0,0,0,0,0,0,0,3,0,0,0,0,0,0,0,0,0,0,4,0,4,4,5,1,1,2,0,0,0,0,0,0,0,3,0,2,0,4,0,0,8,5,7,8,3,4,0,0,0,0,0,0,0,15,0,0,0,0,10,0,0,12,15,15,0,0,0,0,0,0,0,0,0,0,0,0,0,0,0,0,0,0,0,0,0,0,
0,0,0,0,0,0,0,0,0,0,0,0,0,0,0,0,0,0,0,0,0,2,0,0,0,0,0,0,0,0,0,0,0,0,0,0,13,6,0,0,0,0,0,0,0,0,0,0,0,0,4,4,0,0,0,0,0,0,0,0,0,0,0,1,1,0,0,0,0,0,0,0,0,0,17,0,0,0,0,0,0,0,0,0,0,0,0,0,0,0,0,0,0,0,0,0,0,0,0,0,0,0,0,0,0,5,0,0,4,4,0,4,0,3,0,6,0,4,5,4,0,0,0,0,0,0,0,0,0,0,0,0,0,0,0,0,0,0,5,0,0,0,0,0,0,0,0,0,0,2,0,0,0,0,0,0,0,0,0,0,0,0,0,0,0,0,0,4,4,0,0,0,0,2,0,0,0,0,0,0,0,0,0,0,0,0,0,0,5,4,5,4,0,0,0,0,0,0,0,0,0,0,0,4,3,0,0,0,4,0,9,0,0,6,0,0,0,0,0,0,0,18,0,0,0,0,0,0,10,0,14,15,13,0,0,13,0,0,0,0,0,0,0,0,0,0,0,0,0,0,0,0,0,0,0,0,
0,0,0,0,0,0,0,0,0,0,0,0,0,0,0,0,0,0,0,0,0,0,0,7,0,0,0,0,0,11,0,0,14,0,14,0,13,13,7,0,0,0,0,0,0,0,0,9,0,0,0,5,0,0,0,0,0,0,0,0,0,0,0,1,9,1,0,11,0,0,0,9,0,17,17,0,0,16,0,0,0,0,0,0,0,0,0,0,0,0,0,0,0,0,0,0,0,0,0,0,0,0,0,0,0,0,0,0,0,2,0,4,0,2,3,0,0,5,0,6,0,0,0,0,0,0,0,0,0,0,0,0,0,9,0,0,0,0,0,0,0,0,0,0,0,0,0,0,0,3,3,1,4,3,4,0,0,6,5,0,0,0,0,5,0,0,0,0,6,5,0,0,0,0,0,0,0,2,0,0,0,0,0,0,0,4,0,7,6,8,6,6,4,4,0,3,0,0,0,10,0,0,4,4,0,0,0,0,0,0,0,0,0,0,0,0,0,0,0,0,0,17,0,0,0,0,0,0,0,11,0,15,16,14,0,0,0,0,0,0,0,0,0,0,0,0,0,0,0,0,0,0,0,0,0,0,
0,0,0,0,0,0,0,0,0,0,0,0,0,0,1,0,0,0,8,5,0,17,0,15,8,0,10,0,0,0,12,0,15,15,11,15,15,8,0,0,8,11,11,0,14,0,0,11,0,9,0,16,0,0,0,0,0,0,0,0,0,0,0,10,10,1,0,1,4,0,11,9,15,15,17,9,0,17,3,0,0,0,0,0,0,0,0,8,0,0,0,0,0,0,0,0,0,0,0,0,0,0,0,0,0,0,0,16,0,0,0,6,5,0,0,0,0,0,0,0,0,0,0,0,0,0,0,0,0,0,0,0,9,0,0,0,0,0,12,0,0,0,0,0,5,0,0,0,0,0,0,0,4,3,6,5,0,6,0,7,0,0,0,0,6,0,0,0,0,6,0,0,0,4,0,0,0,0,0,0,0,0,0,0,0,0,0,0,14,9,13,7,5,8,0,0,0,0,0,11,11,8,6,6,0,4,0,0,0,0,0,0,0,0,0,0,0,0,7,6,20,18,18,0,0,0,0,0,0,0,0,0,16,0,0,0,0,0,0,0,0,0,0,0,0,0,0,0,0,0,0,0,0,0,0,0,
0,0,0,2,0,0,0,6,0,0,0,0,0,6,0,2,1,0,0,0,9,0,0,0,16,0,0,10,15,17,13,13,0,15,12,15,16,0,9,0,0,0,0,13,14,12,9,10,11,16,13,9,0,0,0,0,0,0,0,0,0,0,0,0,12,10,3,3,4,13,0,4,15,15,13,10,19,3,7,3,0,0,0,0,0,0,0,0,6,0,0,4,0,0,0,0,0,0,0,0,0,0,0,0,0,0,0,14,0,0,0,0,0,7,5,0,0,0,0,0,0,0,0,0,0,0,0,0,0,0,0,0,9,9,3,0,0,13,13,14,11,12,0,0,10,5,0,0,0,0,0,0,8,7,7,6,0,5,0,0,6,0,0,0,0,8,5,0,0,0,8,0,8,0,0,0,0,0,5,0,0,0,0,0,0,0,0,5,7,9,7,11,7,8,0,0,8,2,0,0,9,11,8,7,6,4,6,0,7,0,0,17,14,0,0,0,0,4,4,3,17,20,0,0,0,19,19,0,0,0,0,0,0,0,10,0,0,0,0,0,0,0,0,0,0,0,0,0,0,0,0,0,0,0,0,0,
1,0,0,0,4,2,12,0,11,0,0,0,8,7,7,6,2,9,0,0,9,0,0,0,0,0,0,0,8,13,0,13,13,16,15,14,0,11,15,0,0,0,11,12,15,10,10,14,12,14,9,14,0,6,0,0,0,0,0,0,6,1,0,1,3,11,19,3,6,14,6,5,11,5,5,12,15,14,10,8,3,0,0,0,0,0,0,0,0,7,0,0,0,0,0,0,0,0,0,0,0,0,0,5,0,0,3,0,15,0,0,14,0,4,0,6,0,0,0,0,0,0,0,0,0,0,0,0,5,0,0,0,3,1,1,0,0,0,10,11,10,12,0,0,7,8,8,0,5,0,6,10,0,3,7,8,0,12,2,0,7,0,0,3,0,1,4,8,3,0,9,8,9,10,8,0,5,7,0,0,11,0,7,9,11,8,0,7,10,9,10,11,15,13,7,8,0,0,0,0,9,7,5,8,12,6,12,13,8,1,15,17,17,14,18,0,0,0,4,8,0,0,0,0,21,17,0,0,12,0,0,0,0,0,0,11,0,0,0,0,0,0,0,0,0,0,0,0,0,0,0,0,0,0,0,0,
5,1,7,0,0,3,14,0,0,0,13,0,0,0,8,7,15,9,0,0,9,13,0,0,6,9,0,17,16,19,8,13,19,14,14,12,12,0,6,0,0,0,9,14,12,0,8,11,15,16,9,10,11,7,6,6,0,0,18,7,7,7,2,0,2,3,19,0,15,7,8,7,6,7,14,14,0,15,0,0,0,0,0,20,0,8,0,8,10,7,8,9,0,10,0,0,0,15,15,0,0,0,0,0,0,11,0,0,0,10,15,15,9,5,11,10,0,0,0,0,0,0,0,0,0,0,0,0,0,5,0,0,3,4,3,2,2,1,1,5,12,12,0,0,2,3,8,9,4,3,3,6,12,5,8,7,9,10,10,11,0,0,0,3,3,1,6,9,10,6,5,0,0,8,0,0,0,8,6,5,6,11,6,9,11,10,9,9,8,9,10,10,6,10,9,0,10,8,8,0,13,9,9,9,11,9,10,12,11,3,17,16,18,15,0,0,18,0,9,10,9,10,0,0,0,11,0,0,0,0,0,0,0,0,0,8,0,0,0,0,0,0,0,0,0,0,0,0,0,0,0,0,0,0,0,0,
12,4,0,2,3,7,15,8,0,0,14,0,0,11,8,3,8,15,6,15,15,9,3,0,7,7,7,7,12,19,9,13,15,20,20,0,0,0,0,6,8,0,7,11,13,8,10,12,16,16,12,10,12,0,8,7,0,18,19,0,7,8,9,10,3,11,5,7,16,18,12,8,6,12,15,14,0,14,0,8,0,0,0,0,20,21,3,3,9,8,7,9,9,5,11,0,13,14,0,0,4,0,0,7,0,0,0,0,2,0,15,0,0,11,10,9,7,14,0,0,10,8,0,0,0,0,5,0,6,7,6,5,0,7,7,4,6,2,1,6,8,13,0,0,9,4,10,6,5,5,3,5,8,7,5,9,8,10,11,5,6,6,0,6,4,3,3,3,10,6,3,0,6,8,0,0,0,7,7,7,7,8,7,10,10,10,10,10,7,8,3,11,6,10,11,10,7,8,13,0,9,13,10,11,12,9,11,7,13,3,17,17,20,18,16,13,0,13,10,15,13,13,0,0,0,0,0,0,12,16,0,13,0,12,0,6,17,0,0,0,0,0,0,0,0,0,0,0,0,0,0,0,0,0,0,0,
13,11,3,9,3,6,15,15,0,12,13,10,14,9,4,4,11,8,8,10,10,14,15,7,7,7,7,14,13,9,14,13,22,16,14,15,15,0,2,7,8,7,8,13,13,12,11,10,13,6,13,10,10,9,8,0,0,0,11,10,10,9,9,11,13,13,7,8,8,17,7,7,11,12,13,16,15,0,15,13,9,8,0,0,0,8,9,4,9,16,6,6,6,6,0,0,12,0,0,0,4,4,0,0,8,7,0,0,14,1,0,0,0,12,9,0,0,8,8,20,9,11,12,11,0,0,5,5,7,7,6,6,6,8,9,6,9,8,9,19,8,8,0,4,0,5,5,5,8,6,6,6,0,9,8,9,8,9,12,7,7,4,4,5,5,3,4,4,5,4,7,5,7,11,0,8,0,11,13,8,12,10,6,10,13,10,12,11,12,11,4,10,4,10,11,12,14,14,13,12,0,12,13,11,12,12,8,12,13,4,13,20,21,11,14,13,16,17,12,12,12,13,12,11,0,0,0,0,12,8,0,0,11,0,0,0,8,15,18,0,0,0,0,0,0,0,0,0,0,0,0,0,0,0,0,0,
15,4,7,10,10,7,16,14,15,13,14,10,15,15,13,5,12,15,8,11,11,12,12,15,7,7,13,12,14,11,17,11,18,10,9,15,15,0,13,3,8,7,8,18,13,8,14,11,11,12,7,10,11,12,0,0,0,0,0,10,0,12,12,13,0,9,6,7,7,11,10,9,8,14,13,16,12,14,12,14,13,12,9,0,0,9,0,16,9,16,7,5,7,12,0,0,15,15,13,7,4,4,9,0,0,0,10,1,15,3,15,17,0,0,12,9,9,19,0,0,0,12,0,11,11,9,7,15,6,6,10,7,6,9,6,7,6,8,9,10,10,9,8,10,3,6,9,5,8,8,12,7,6,0,0,0,10,9,10,3,9,5,4,5,13,5,6,1,5,5,6,6,6,8,0,9,18,11,6,14,9,10,8,12,13,10,13,13,9,12,12,5,6,5,11,5,11,15,12,15,10,12,7,9,10,12,17,12,15,14,13,14,19,11,13,12,17,18,16,15,14,13,15,13,12,0,13,18,0,13,13,0,10,13,13,0,5,9,0,18,0,0,0,0,0,0,0,0,0,0,0,0,0,0,0,0,
4,12,9,8,17,0,0,9,15,18,18,16,9,9,16,17,16,15,15,16,15,11,14,13,16,6,15,12,13,5,13,3,14,10,12,12,12,15,19,9,15,9,8,12,19,12,14,10,10,17,11,12,11,17,12,0,0,0,11,0,0,20,14,13,22,11,7,7,9,18,11,11,9,8,16,16,16,13,7,14,14,13,10,9,9,9,10,17,0,16,15,8,6,3,11,13,10,13,13,7,4,4,7,12,0,0,0,0,3,16,16,16,0,21,11,12,10,9,12,0,0,0,0,0,16,11,13,13,15,6,15,13,12,7,11,7,6,8,10,9,13,11,19,10,9,11,5,5,9,10,10,8,6,0,0,6,11,4,10,10,10,6,10,7,6,15,6,2,8,6,12,8,10,9,8,9,10,19,11,6,10,13,12,14,11,14,12,12,14,15,8,15,9,8,19,17,20,19,12,11,6,11,11,11,11,12,19,17,18,11,12,13,20,16,22,13,18,16,17,10,15,11,12,14,13,13,14,0,0,0,0,11,11,8,14,7,14,8,16,17,0,0,0,0,0,0,0,0,0,0,0,0,0,0,0,0,
7,9,10,17,17,0,0,10,14,16,19,18,17,10,3,17,17,5,17,15,15,14,14,13,10,6,9,10,10,1,2,3,8,14,11,11,12,13,7,16,11,10,9,9,12,19,17,10,10,17,8,17,18,12,13,14,15,12,15,11,20,12,21,7,8,14,11,6,6,5,17,17,8,11,18,14,14,13,8,12,10,14,10,10,12,12,19,9,18,14,10,9,8,12,13,14,14,15,11,12,8,7,8,12,12,0,12,0,11,16,16,7,16,23,14,22,13,14,14,0,0,0,0,15,16,15,14,0,12,12,11,16,14,14,9,11,7,7,11,9,14,15,20,12,11,12,11,11,6,10,10,7,9,10,0,9,7,7,6,10,5,7,11,10,9,7,15,7,2,8,7,13,17,21,9,10,9,11,8,7,8,14,13,14,14,13,10,14,13,9,8,8,12,7,8,8,6,7,6,6,13,14,6,10,12,12,0,18,18,19,0,15,12,18,14,22,18,19,17,12,15,10,10,13,9,13,11,14,0,12,0,13,12,13,12,8,10,6,0,0,0,0,0,0,0,0,0,0,0,0,0,0,0,0,0,0,
7,7,16,11,7,8,17,0,15,14,17,18,18,16,4,10,5,6,10,15,15,15,15,15,15,15,11,10,11,2,2,10,9,10,11,8,11,13,10,10,11,20,11,10,13,19,14,13,18,12,18,11,22,19,19,12,0,13,13,15,14,21,7,11,10,10,14,13,8,6,18,9,11,8,8,10,9,6,14,14,12,10,11,11,10,12,11,20,21,10,9,11,15,4,13,15,17,11,10,9,9,10,14,13,10,7,13,12,8,12,13,8,14,14,14,15,11,8,14,15,8,0,0,8,0,0,15,0,17,12,16,16,16,16,14,13,12,10,5,9,15,22,21,7,12,9,11,11,11,11,14,13,8,13,9,21,8,9,5,6,6,12,9,4,5,4,11,4,3,5,8,14,21,18,22,22,11,10,11,9,16,15,14,15,9,14,15,15,10,10,9,13,12,15,13,16,7,9,7,7,6,5,10,11,5,0,0,6,10,13,8,14,13,13,16,16,11,18,12,12,20,17,18,18,10,18,10,14,12,14,15,14,18,10,10,13,12,11,10,13,0,0,0,0,0,0,0,0,0,0,0,0,0,0,0,0,
15,19,14,11,9,9,12,9,10,15,14,18,19,13,10,10,12,12,9,16,8,8,16,14,10,18,15,9,10,10,2,3,7,11,10,9,13,14,14,10,13,21,13,13,15,18,13,14,18,15,13,18,23,19,10,17,13,14,14,12,7,6,8,7,11,13,10,14,8,16,16,9,11,9,19,10,9,8,11,14,11,11,13,11,11,10,12,21,20,10,14,12,13,5,4,6,17,5,4,10,9,10,16,9,10,9,8,13,13,0,13,13,14,14,15,13,16,12,0,15,0,0,0,0,11,0,0,0,20,16,17,16,16,14,17,16,12,13,14,6,16,16,23,21,10,7,9,11,8,13,15,14,14,11,9,22,12,9,12,6,12,12,5,5,6,11,10,11,5,19,16,16,22,13,15,22,14,16,15,12,17,18,24,15,17,10,11,18,15,12,8,8,13,14,13,17,9,8,10,9,10,6,6,8,17,6,0,17,15,9,9,11,15,20,12,16,12,14,16,12,22,17,23,20,18,13,17,13,14,5,16,18,13,11,12,11,11,11,20,11,18,16,19,16,0,0,0,0,0,0,0,0,0,0,0,0,
6,20,19,12,14,10,12,16,17,13,15,13,18,13,11,12,19,13,13,10,11,17,17,15,9,10,10,15,10,10,11,7,3,11,10,15,21,14,13,13,19,13,17,14,13,19,22,17,23,20,21,19,16,22,11,11,15,14,11,13,12,9,9,6,18,12,14,10,16,17,17,12,10,11,16,19,13,9,12,11,14,12,13,12,15,19,16,12,21,12,16,14,13,7,5,5,9,6,14,14,12,10,16,23,10,10,11,10,10,12,9,10,17,15,14,14,13,11,0,12,9,0,0,0,12,11,11,11,20,18,17,11,16,18,22,16,15,17,15,12,9,17,17,21,25,9,8,8,9,10,15,16,15,17,16,12,18,11,10,13,15,6,15,11,19,7,18,13,5,18,17,17,16,19,17,16,14,16,15,16,15,12,18,18,15,18,18,18,9,12,10,8,8,14,15,17,8,7,10,9,11,14,6,13,13,16,15,8,18,15,10,20,11,17,16,13,16,16,18,21,13,20,22,20,23,9,17,13,12,6,6,8,19,15,19,14,18,12,17,11,17,14,17,0,0,0,0,0,0,0,0,0,0,0,0,0,
7,8,16,19,10,11,13,14,17,12,15,13,19,13,13,11,13,19,14,11,12,10,9,11,10,18,10,12,10,12,20,8,6,5,8,16,17,16,21,14,15,14,13,12,14,15,14,22,25,20,25,19,17,16,16,12,13,14,11,13,10,12,10,8,18,18,14,13,9,17,18,18,13,12,16,20,20,19,13,15,13,15,14,21,15,18,21,21,21,12,12,17,13,17,7,15,14,10,13,15,15,12,23,22,16,17,12,13,11,18,11,11,8,15,18,16,13,14,13,12,11,0,0,0,11,12,10,14,12,17,14,12,14,13,20,22,16,16,15,16,5,10,22,17,22,10,17,8,10,10,13,16,23,17,16,13,19,17,19,12,10,7,13,17,12,14,14,11,17,14,13,15,20,20,17,21,16,23,16,13,14,13,18,13,16,11,17,20,12,13,13,10,14,11,9,12,8,8,9,10,16,13,13,16,16,16,18,11,17,13,16,14,11,17,21,13,17,17,19,21,21,22,16,14,22,17,12,15,13,14,14,12,15,7,20,20,12,12,14,17,18,15,18,0,15,0,0,0,0,12,0,0,0,12,0,0,
17,18,9,14,12,10,17,16,17,11,19,29,14,17,15,12,21,25,26,13,12,12,13,12,11,11,19,9,12,11,12,21,8,5,7,9,14,13,21,15,16,15,15,15,15,21,15,25,25,23,19,12,26,15,16,15,12,15,18,16,14,10,11,10,7,10,14,14,21,9,11,21,19,19,19,23,13,20,18,17,10,17,16,15,17,19,19,18,21,17,5,17,16,16,8,7,9,13,11,15,17,13,23,23,23,21,10,12,13,12,13,20,9,20,17,18,19,13,13,13,13,14,14,0,12,12,13,16,14,13,15,15,13,13,12,14,22,17,17,16,18,11,18,23,16,10,17,18,11,19,7,19,17,18,17,14,20,19,20,14,19,10,17,15,17,17,17,12,16,13,15,16,16,17,21,22,22,16,13,18,15,13,18,19,16,12,13,11,11,12,13,12,12,10,11,12,9,9,8,17,17,14,15,15,16,19,18,15,15,13,13,13,14,19,22,22,15,17,15,20,17,21,16,11,23,11,11,19,9,14,14,13,15,9,8,10,17,14,20,21,17,18,19,0,15,17,14,15,0,0,0,0,0,17,0,18,
8,14,15,10,15,13,15,15,12,18,19,27,29,17,17,13,12,24,26,27,13,12,14,14,13,11,21,19,19,14,12,12,8,8,8,10,12,11,22,22,18,17,19,14,14,15,16,24,24,24,17,13,18,27,15,13,13,11,18,19,15,11,10,12,8,14,9,15,12,22,8,10,22,23,20,24,13,18,18,17,17,14,17,15,11,21,12,19,9,10,18,18,16,9,23,15,12,13,15,14,15,14,11,16,21,21,22,16,14,22,14,21,21,19,18,16,17,17,14,16,13,14,14,15,13,13,15,16,15,17,14,13,15,13,13,19,20,18,18,17,14,14,12,18,22,10,12,19,12,12,12,12,19,19,12,18,18,17,10,18,17,18,20,15,14,15,11,15,12,17,17,27,17,17,21,19,22,15,16,18,14,14,13,19,14,14,14,13,13,11,12,13,12,12,12,12,9,11,10,8,13,15,15,16,17,13,17,18,17,13,12,14,13,19,16,23,18,15,16,16,16,20,12,20,12,12,13,19,18,11,15,17,13,15,12,11,19,15,18,18,18,19,20,19,18,0,0,15,15,14,0,0,0,17,18,18,
16,15,17,11,13,13,17,13,20,20,29,29,28,13,18,31,12,21,25,26,27,15,22,15,11,21,14,21,20,12,13,13,7,14,16,9,15,14,15,17,17,19,20,18,14,20,16,14,20,13,14,18,19,19,16,14,12,12,11,12,16,16,11,15,10,12,17,10,12,11,9,16,23,24,24,11,18,15,15,19,16,12,17,18,20,12,21,18,18,12,11,14,17,18,11,19,18,14,17,14,15,23,15,17,15,16,15,19,19,14,21,20,16,16,22,22,17,16,14,18,17,20,13,12,14,14,15,14,15,18,16,14,17,15,14,26,22,19,18,19,15,16,16,15,18,16,21,19,19,12,11,12,15,21,18,19,20,18,18,19,9,18,19,14,16,16,12,16,25,18,15,16,25,24,19,18,19,19,19,19,20,15,18,15,13,14,14,14,12,14,13,15,13,13,12,11,10,11,10,9,13,14,18,16,12,14,14,12,18,14,20,15,16,14,16,13,18,17,17,16,13,18,19,22,13,13,14,13,14,21,12,15,14,14,16,15,19,20,19,20,19,19,19,18,18,13,19,15,16,16,17,19,0,19,15,18,
16,17,14,19,20,13,14,15,21,20,13,18,29,15,20,31,13,14,12,27,13,13,16,20,12,22,13,14,28,12,17,20,16,8,16,16,16,16,18,21,16,15,18,23,21,20,17,22,21,23,17,23,17,20,19,20,13,14,10,11,24,23,22,18,18,18,18,9,8,12,20,24,25,19,21,12,16,16,15,18,14,22,13,22,22,20,21,21,17,13,13,18,12,18,19,16,19,16,15,15,17,15,15,23,13,23,15,16,16,15,8,20,16,17,18,18,18,18,17,17,16,19,14,15,12,17,13,21,18,14,18,20,15,12,15,11,22,17,17,20,17,17,17,19,20,17,18,19,20,14,12,12,14,21,19,16,19,18,19,17,20,19,19,24,23,24,16,15,24,24,19,22,18,25,22,19,21,22,20,17,19,17,17,15,14,13,13,15,12,11,16,16,16,17,15,16,14,11,18,17,18,17,19,19,19,13,17,14,19,13,13,17,21,15,15,16,14,19,19,13,17,19,23,22,14,14,13,13,15,21,18,15,15,12,16,23,16,22,13,15,20,19,16,21,16,16,14,15,17,16,19,18,18,17,16,18,
12,16,13,16,21,15,14,22,22,21,15,20,30,22,14,20,11,14,22,27,15,14,23,21,20,19,13,13,15,16,19,20,17,19,17,17,16,20,19,15,16,16,21,23,18,27,17,19,17,17,17,17,16,17,20,14,11,12,11,17,25,19,17,14,13,13,19,18,21,19,23,24,19,21,21,21,17,20,17,25,19,16,17,22,23,21,20,22,17,17,19,19,8,23,20,16,20,21,17,18,16,16,16,24,13,20,18,15,19,8,17,18,13,17,20,23,19,18,22,14,17,21,20,14,14,13,13,16,21,17,15,12,19,17,11,15,25,23,25,15,19,19,17,18,19,17,15,17,20,13,13,19,12,14,20,21,21,19,18,27,18,18,20,16,25,24,22,15,15,24,25,18,18,22,26,21,20,23,19,18,24,19,18,16,25,19,24,28,17,11,14,12,24,16,15,21,11,14,18,14,11,18,16,17,20,20,18,13,24,13,14,24,16,24,19,15,14,19,21,14,22,22,14,23,15,16,13,15,16,16,16,20,16,13,12,13,23,16,16,17,16,18,22,21,18,16,19,16,15,17,18,16,17,19,18,19,
13,21,17,17,21,14,17,17,24,22,20,14,23,30,18,15,14,17,14,15,21,21,25,12,18,20,20,14,20,15,16,20,18,20,18,18,21,16,20,21,28,17,28,9,28,18,19,20,19,18,19,17,16,17,19,22,24,13,23,12,23,19,23,13,13,12,14,19,14,19,13,23,19,21,21,17,21,21,23,18,24,22,19,16,23,23,21,17,20,21,20,19,18,16,23,23,17,17,17,16,20,23,12,15,15,14,16,13,20,8,19,19,14,14,14,17,23,12,19,12,16,15,14,15,19,13,15,18,21,13,18,14,13,19,13,15,14,15,25,16,18,17,17,16,19,16,22,18,20,16,18,19,19,20,15,22,16,16,21,19,20,28,9,21,11,10,21,23,21,24,25,23,23,21,17,17,26,21,22,25,20,24,23,18,24,19,16,19,14,15,15,11,14,19,24,22,19,14,14,18,11,19,18,12,18,21,15,18,20,25,15,15,25,25,20,20,20,14,21,25,21,18,17,16,15,13,16,14,15,16,15,20,21,21,25,17,19,19,18,19,17,20,18,22,18,18,17,24,22,23,19,18,17,17,17,19,
19,14,18,18,20,22,20,17,21,26,25,21,18,17,24,17,25,21,20,18,20,20,25,24,19,22,12,15,20,20,23,24,19,19,18,22,18,15,21,22,21,15,20,10,11,20,19,22,21,18,20,19,19,17,20,21,22,23,14,14,23,21,20,26,24,19,28,9,24,20,24,24,22,21,18,22,20,21,23,24,19,22,17,16,18,18,22,17,18,18,22,21,21,18,17,24,23,19,17,19,21,17,17,14,16,20,14,18,19,19,9,20,19,18,14,27,23,19,13,15,13,16,21,15,23,14,14,14,17,20,19,22,13,16,13,23,15,16,15,16,17,17,19,15,14,16,12,16,19,23,18,17,20,20,20,15,16,21,23,18,21,29,27,10,21,11,21,22,22,21,21,22,18,25,23,26,18,26,22,23,25,25,22,20,20,20,23,16,18,19,17,12,25,20,22,18,16,17,23,14,19,19,17,13,18,17,22,20,21,23,22,18,22,20,21,25,26,24,15,15,15,12,17,23,16,16,18,19,18,23,18,18,16,26,26,20,19,19,19,19,19,17,20,23,23,19,18,24,24,22,18,18,17,19,18,21,
22,19,21,19,21,20,18,21,17,20,25,15,18,20,24,18,21,20,19,25,21,20,20,25,17,22,22,19,13,19,23,23,25,25,15,22,24,18,23,17,17,16,21,21,20,11,22,23,16,21,21,16,20,20,21,21,20,22,14,16,14,22,21,25,25,24,10,13,29,31,25,28,28,23,24,28,18,24,24,19,23,20,19,19,17,18,19,18,23,19,19,21,22,19,18,23,26,20,20,19,20,18,17,16,15,18,20,19,17,18,22,17,18,18,20,28,15,20,17,17,23,14,21,22,22,22,20,20,19,21,18,19,23,18,23,22,24,24,16,17,20,26,24,20,15,16,20,17,21,22,17,14,17,15,17,17,17,17,23,20,19,20,10,10,20,22,25,23,27,23,24,23,21,24,26,25,18,24,27,19,27,26,24,26,20,21,20,22,18,17,18,14,13,22,15,18,15,17,18,23,13,23,18,18,19,19,16,16,18,22,23,19,19,21,20,29,28,26,26,21,16,16,24,15,16,13,16,19,24,24,21,18,28,27,22,27,21,19,15,24,20,15,21,21,21,20,23,27,24,23,19,19,23,18,24,19,
17,17,20,21,18,19,21,19,19,22,22,22,17,18,19,19,20,22,24,23,26,27,22,19,17,17,14,22,17,21,20,22,24,21,22,22,22,20,18,20,19,18,20,20,21,12,16,23,24,23,16,20,17,16,19,21,21,18,15,25,19,18,21,22,14,25,18,11,24,32,32,28,27,29,28,24,28,22,22,22,18,22,22,20,23,19,22,19,18,24,22,22,20,28,26,26,26,15,15,22,17,20,19,17,15,16,19,24,19,23,23,18,18,20,20,22,20,19,20,18,17,22,24,19,25,22,20,20,21,22,29,23,20,19,23,24,26,24,25,20,21,27,17,20,16,21,16,21,29,23,17,19,17,17,18,19,18,18,15,22,19,21,21,12,21,15,22,25,24,25,26,24,22,23,21,25,26,27,25,26,27,24,25,23,27,24,22,24,18,18,24,18,19,18,14,14,15,18,14,14,20,20,23,21,22,20,23,17,21,21,23,23,23,20,21,23,24,22,28,28,18,18,20,17,22,15,22,20,25,24,18,16,20,28,18,21,27,24,16,17,21,18,16,24,22,24,26,25,21,20,20,24,23,25,21,20,
20,21,19,20,23,18,24,23,20,23,22,18,24,20,21,33,18,20,23,20,20,20,21,22,18,19,15,17,15,20,22,24,24,23,20,19,23,23,18,21,20,22,21,22,21,21,26,16,25,13,16,18,18,17,15,23,22,27,15,20,21,20,19,24,12,14,21,19,15,22,32,22,29,28,28,24,29,22,26,22,19,22,24,20,18,20,20,25,21,20,18,23,23,29,26,22,29,16,17,17,22,23,17,19,16,22,16,20,18,22,24,22,19,20,21,21,21,16,23,17,19,16,27,21,26,24,21,21,24,21,29,28,23,19,24,18,27,23,24,20,21,22,27,22,21,21,17,20,18,30,30,21,13,17,18,21,20,19,22,15,19,14,16,20,12,22,25,23,26,26,26,26,24,23,33,24,22,21,19,27,28,18,18,24,23,24,28,24,19,18,20,21,19,19,24,15,18,16,21,16,16,19,20,21,19,22,24,24,21,23,28,21,25,21,21,23,25,22,21,28,19,25,21,27,25,17,25,17,26,27,20,20,18,20,21,22,22,25,18,26,18,19,21,24,25,25,24,27,25,24,25,26,24,24,25,24,
21,20,19,19,24,20,24,29,27,28,23,24,25,20,23,23,35,24,28,23,21,19,21,22,25,19,21,19,17,20,22,14,14,25,21,19,27,24,23,18,20,22,21,22,23,23,19,27,27,18,18,17,17,17,24,24,28,26,16,21,25,23,22,28,26,22,15,20,16,22,28,27,21,32,29,19,29,23,28,22,18,23,28,24,26,19,21,21,24,21,20,19,18,24,26,26,24,23,18,20,22,17,24,24,23,17,16,21,26,24,23,23,20,21,22,21,17,16,23,15,18,19,19,19,21,21,18,22,17,25,23,22,20,19,20,26,27,27,21,25,20,23,22,20,16,22,23,17,24,19,32,14,23,20,22,24,20,18,22,16,18,15,21,17,23,23,27,25,28,27,29,21,26,25,27,21,27,27,19,20,19,20,25,26,23,26,24,29,20,20,18,18,21,20,17,18,19,17,18,17,21,21,20,19,24,24,26,27,25,22,29,22,22,30,25,23,19,24,22,22,19,25,26,16,20,24,26,19,28,24,21,20,21,20,22,22,19,26,25,21,18,27,29,22,24,22,27,27,27,24,22,25,25,25,28,26,
21,23,23,20,23,21,30,24,29,28,29,27,27,20,23,23,35,25,28,28,24,22,24,24,25,26,23,19,18,20,20,25,14,25,23,22,21,28,20,24,21,23,22,18,19,23,17,22,17,19,16,21,18,18,17,18,28,29,24,24,26,27,23,23,28,29,23,23,16,22,25,25,22,32,29,23,22,30,26,22,23,23,23,30,24,20,20,20,24,24,24,20,25,24,23,20,26,24,26,19,21,17,28,25,16,19,19,17,25,27,23,24,20,21,23,21,18,19,22,23,17,21,22,21,21,25,24,25,16,23,23,27,21,26,21,27,20,27,25,19,21,26,23,24,21,25,21,18,22,29,16,22,24,21,23,24,24,18,18,20,21,15,18,18,19,23,21,22,27,29,24,30,25,26,23,23,27,27,21,14,21,26,26,18,25,27,25,25,24,28,19,26,20,26,24,19,19,17,19,16,20,23,23,20,25,27,25,26,26,24,25,30,30,28,25,27,20,22,26,15,27,30,25,16,21,25,22,19,18,19,24,20,24,21,25,22,22,25,20,30,19,27,27,24,24,24,26,20,27,27,26,22,25,25,27,28,
29,25,26,23,24,22,20,22,22,30,30,28,29,20,20,22,23,23,26,23,27,24,25,25,22,23,24,23,21,20,24,15,15,25,26,26,17,24,19,25,22,22,21,20,22,20,20,25,22,16,16,20,18,19,21,20,18,27,21,23,27,28,26,24,28,25,22,24,23,23,20,26,24,28,32,25,24,29,30,29,25,23,23,29,22,29,22,21,31,25,25,24,24,23,19,21,20,26,17,17,21,24,26,28,17,20,19,24,24,26,26,22,22,24,23,27,23,21,24,31,22,32,21,22,21,24,21,23,16,17,24,28,28,30,18,28,21,30,28,20,27,21,23,21,22,22,28,22,23,21,29,16,23,26,24,22,18,19,19,21,18,22,22,21,24,22,28,27,29,29,23,30,30,26,30,23,24,27,28,13,16,22,16,27,20,25,23,29,25,27,29,29,29,23,25,20,19,19,23,19,23,23,24,26,26,25,28,28,29,27,25,26,30,23,31,29,24,22,26,23,14,22,31,22,14,21,22,28,29,29,21,28,26,28,22,24,24,23,26,27,29,31,27,27,28,24,29,24,22,24,22,21,26,26,27,28,
25,23,26,28,25,21,24,24,22,25,24,27,28,20,21,17,27,26,24,28,27,27,24,22,17,24,23,25,22,25,25,26,26,26,21,27,28,24,25,20,19,20,22,20,21,23,25,26,22,16,17,22,22,22,28,21,19,29,28,27,26,26,25,27,26,29,27,25,23,24,24,26,22,22,21,23,25,25,28,30,28,25,23,29,24,29,26,23,32,25,24,25,25,25,21,20,21,21,18,18,19,24,18,25,33,26,20,19,18,24,27,22,23,25,22,27,25,25,25,26,22,20,20,20,22,22,26,27,17,17,21,18,19,19,28,28,30,29,29,28,28,21,21,28,26,23,24,26,23,26,23,25,25,25,23,23,25,23,20,22,19,20,22,23,22,20,29,28,29,29,29,22,30,33,25,21,30,23,27,29,25,17,16,17,26,22,29,29,27,28,28,30,30,30,22,26,24,20,24,25,23,20,22,24,29,27,26,28,27,29,27,25,33,30,30,30,28,24,25,26,24,23,23,23,15,16,22,16,27,21,27,25,23,24,23,25,20,27,20,23,29,31,32,32,19,24,30,22,29,29,25,23,21,27,29,28,
22,27,24,28,26,24,20,24,21,26,24,28,29,22,22,28,28,26,27,23,28,28,25,26,22,18,22,21,22,25,24,26,25,28,32,22,29,30,24,22,21,21,24,25,22,24,23,25,30,28,17,29,29,22,24,31,28,27,29,23,26,27,29,28,29,29,25,28,24,26,20,24,23,22,22,22,20,19,29,31,21,24,24,23,31,31,30,27,30,25,24,27,23,24,27,24,24,22,19,19,22,19,20,20,26,20,24,21,32,31,26,27,24,23,24,27,26,27,27,26,26,25,21,20,23,28,26,23,25,25,26,21,21,20,28,22,33,29,29,26,29,27,30,28,22,22,25,24,27,25,28,26,26,26,27,24,24,24,24,22,22,18,22,22,24,19,20,30,31,29,29,32,33,26,28,21,27,23,27,28,16,18,19,26,24,22,23,31,29,30,29,28,29,28,22,23,25,21,23,24,22,22,25,23,25,29,18,24,29,29,30,25,26,34,35,34,25,23,23,27,24,17,20,15,16,17,17,16,27,22,23,28,26,30,24,24,28,20,30,28,28,24,31,28,32,31,22,23,21,30,23,23,22,27,25,25,
23,28,24,27,27,19,21,25,22,28,16,29,22,22,23,24,23,20,26,20,18,27,28,25,24,26,31,22,29,24,25,25,26,27,28,31,32,25,30,27,24,22,23,25,24,24,23,25,24,30,29,28,30,22,32,34,26,29,19,23,27,27,28,29,30,30,30,25,29,27,23,28,24,24,23,23,26,20,27,25,24,24,25,23,26,33,31,31,23,25,25,27,26,26,28,23,25,25,21,27,27,23,27,18,20,21,24,22,26,27,22,28,25,22,24,25,27,28,35,23,27,26,26,26,26,23,24,24,24,23,23,28,18,20,21,22,31,33,30,30,27,29,30,28,29,24,22,25,24,22,25,26,28,27,32,31,26,25,32,23,24,21,21,22,24,29,15,22,25,31,30,24,25,30,22,33,28,21,26,27,16,16,19,25,27,21,24,32,33,29,30,31,31,29,28,23,23,24,22,24,24,24,26,26,24,24,24,33,30,32,31,27,27,29,35,27,26,25,26,27,19,19,18,19,17,18,15,29,24,26,24,24,26,32,25,33,26,29,30,29,29,25,27,21,31,31,21,23,29,22,30,26,23,26,27,26,
25,25,31,28,28,31,22,28,26,25,17,17,20,17,27,24,24,27,26,26,24,27,27,24,25,29,29,29,30,27,25,31,26,30,26,26,33,20,24,28,27,30,26,27,27,25,23,24,24,29,29,18,29,32,32,16,27,22,29,20,26,28,28,28,31,31,31,30,27,23,22,24,28,24,27,28,24,20,27,18,27,25,25,25,25,26,24,32,24,26,24,26,27,31,26,29,27,24,29,27,28,27,28,24,18,18,27,29,22,26,27,34,24,27,24,24,26,25,30,29,23,25,27,25,26,23,26,26,26,24,24,22,24,18,26,28,31,29,33,25,30,30,29,29,29,27,23,23,22,23,28,27,29,28,25,24,32,30,32,24,24,24,23,27,23,26,17,17,28,30,30,24,24,29,35,28,23,22,28,28,30,24,28,26,25,23,25,18,23,34,24,32,24,25,20,28,25,28,29,26,25,21,25,26,25,31,33,29,33,33,31,30,27,27,28,29,30,25,26,26,26,20,20,25,26,29,16,29,25,22,22,24,25,32,32,29,33,26,30,25,29,27,22,25,22,21,30,21,28,27,25,29,27,26,25,26,
26,23,31,28,30,30,21,27,27,24,19,19,16,26,21,24,24,28,28,26,25,30,29,29,30,30,20,29,24,30,28,28,27,31,27,28,20,29,25,29,28,27,26,31,27,26,29,29,21,21,30,24,30,34,23,23,23,23,22,20,21,25,32,28,29,30,31,27,32,28,31,23,24,24,25,24,27,30,27,23,26,20,26,25,23,25,24,23,24,21,20,20,27,28,25,31,21,25,28,27,27,27,29,23,31,23,31,21,27,27,23,32,25,35,28,28,27,25,26,30,27,27,28,26,27,26,24,34,20,26,24,24,23,34,26,31,27,29,25,33,24,25,30,29,29,32,28,24,29,29,28,28,33,34,31,23,25,32,32,30,33,28,28,24,28,26,18,27,28,23,25,26,29,28,27,24,27,23,23,29,28,30,29,25,28,23,25,24,20,23,30,25,26,28,27,23,29,30,28,29,28,29,29,26,23,29,28,25,29,33,23,32,31,28,32,28,31,28,28,26,27,22,24,24,25,33,29,29,18,27,23,23,30,29,27,30,30,29,26,25,30,27,26,27,26,22,26,26,27,24,29,26,27,28,27,26,
25,24,23,31,25,29,31,23,24,24,23,19,18,19,29,21,25,22,27,28,29,31,31,31,29,22,30,22,24,30,30,25,27,27,25,29,31,27,30,28,31,30,27,32,28,27,26,27,26,25,26,25,27,31,23,27,28,28,26,22,22,21,25,28,29,28,31,28,30,33,33,31,29,26,28,25,26,26,32,31,34,27,27,26,24,25,27,27,22,25,20,22,18,26,25,27,26,30,22,29,28,26,25,29,25,25,30,31,31,28,22,25,33,36,27,27,28,26,28,25,30,29,28,25,28,27,25,22,21,23,27,24,25,22,34,32,27,28,31,31,25,27,30,29,30,27,28,28,30,27,27,29,34,29,28,25,26,34,33,35,34,33,28,26,27,30,27,26,24,24,24,26,27,26,27,26,22,25,25,31,27,31,29,30,27,29,22,25,26,20,20,26,26,27,28,32,23,30,30,31,31,30,29,24,30,30,31,29,29,24,24,33,27,32,32,30,28,28,28,25,25,24,25,24,28,32,28,30,18,28,31,31,31,32,30,30,26,32,31,29,28,29,26,31,22,23,21,27,28,27,25,27,29,26,27,27,
24,24,24,32,31,27,22,24,26,25,25,24,24,20,29,23,22,25,29,22,29,37,32,35,36,36,31,22,26,25,25,28,26,28,32,29,38,29,32,29,29,30,28,28,27,32,26,27,27,27,26,26,29,26,24,26,27,23,26,23,23,22,24,29,29,23,32,32,31,32,32,33,29,30,30,26,26,27,27,30,31,29,26,28,27,27,26,25,25,23,25,25,24,29,25,26,28,31,31,22,28,27,26,29,24,26,30,26,30,29,23,31,26,27,28,28,28,28,30,30,30,30,31,28,30,23,30,23,22,21,28,28,24,24,21,27,32,28,27,31,26,33,30,31,29,28,28,29,30,27,29,28,34,33,32,29,26,33,25,28,28,35,29,33,32,31,32,33,33,26,29,27,26,31,27,22,24,24,27,27,28,27,32,30,30,27,31,25,23,31,20,23,30,27,32,29,31,33,32,32,25,31,32,27,31,25,30,32,30,26,27,24,24,28,32,30,29,25,25,24,25,26,27,25,29,27,26,29,26,35,29,30,30,29,30,31,26,24,24,29,30,29,30,25,29,28,24,29,28,27,27,28,29,28,27,28,
36,36,25,30,33,29,30,29,27,29,27,28,31,25,25,27,23,26,29,24,29,26,38,39,34,37,36,38,38,26,26,32,29,29,29,35,39,30,33,33,31,33,29,28,28,32,31,25,28,29,28,27,26,29,23,33,27,27,26,27,26,23,25,27,29,24,33,31,31,25,33,33,29,30,30,31,32,29,28,26,26,30,26,24,28,27,31,24,23,24,36,26,25,25,29,27,27,29,29,23,28,28,26,25,27,31,27,27,31,29,25,29,32,29,28,30,31,34,30,32,31,30,31,31,31,24,32,31,23,23,33,34,25,30,22,29,26,27,31,33,27,34,33,31,31,27,35,31,30,28,28,29,27,30,27,29,29,31,26,26,24,36,35,29,24,32,33,34,25,28,32,29,33,27,25,22,23,22,30,28,28,29,31,31,34,30,36,32,29,31,31,29,29,31,30,29,23,30,31,32,26,26,24,29,26,26,33,31,31,29,22,25,30,29,29,26,26,30,26,26,27,30,26,31,26,27,27,27,32,27,23,33,31,28,33,30,31,25,26,25,26,31,27,30,25,28,26,27,27,26,29,28,27,29,29,28,
20,36,37,31,33,30,29,34,30,31,23,35,27,31,28,26,29,27,26,30,24,24,29,27,35,38,39,38,37,37,29,28,32,29,31,30,36,36,31,33,32,32,26,29,29,31,27,31,28,29,30,31,28,25,24,28,32,29,28,29,28,28,30,27,30,25,29,24,35,30,34,32,29,31,31,31,29,30,26,27,27,28,30,29,27,28,28,26,32,29,32,27,32,27,29,27,28,30,31,32,25,30,27,30,28,24,32,29,28,30,29,31,31,31,29,30,32,34,34,31,32,30,31,32,33,32,32,24,23,23,28,25,30,31,32,31,31,29,31,28,27,28,33,31,31,25,25,25,29,29,29,29,27,27,27,27,25,31,27,27,32,25,28,30,27,25,25,25,25,25,31,33,29,32,30,26,28,23,29,31,32,30,27,32,35,32,35,35,31,31,32,30,33,28,31,29,34,31,33,29,25,30,25,29,30,31,34,31,38,30,27,27,31,31,26,24,30,27,30,27,25,29,27,27,28,28,28,25,25,29,24,32,34,30,29,29,32,24,24,27,31,32,30,28,30,25,27,26,32,28,28,31,30,28,29,29,
35,30,21,29,28,31,30,31,24,35,23,25,29,31,31,28,30,27,28,28,30,25,29,27,37,36,36,39,35,31,30,33,31,30,33,32,31,33,37,37,35,32,25,32,25,28,32,32,31,30,30,29,30,30,25,24,29,28,31,29,28,28,28,28,27,27,26,25,29,34,32,33,31,30,33,31,31,31,31,29,28,28,31,31,30,30,34,28,27,33,29,29,30,28,27,29,30,30,24,28,27,23,28,27,28,28,29,37,29,32,34,32,31,32,27,31,31,34,35,31,32,32,31,32,32,33,36,32,33,24,31,34,28,30,24,29,31,31,30,32,26,25,26,32,31,35,32,34,31,29,30,33,30,28,28,31,26,26,31,32,29,28,28,25,31,27,26,25,32,27,35,28,30,30,28,32,30,30,26,28,27,31,28,32,34,36,34,36,33,32,29,33,35,31,29,31,35,36,29,35,33,30,30,23,31,31,31,30,31,27,27,28,31,31,31,28,30,29,35,26,35,31,28,28,28,26,28,30,27,27,30,23,32,33,29,30,29,31,36,36,25,30,27,26,29,29,28,26,27,33,33,32,31,31,30,31,
32,32,26,30,29,30,29,35,25,36,35,35,29,29,27,33,29,31,30,31,26,26,30,25,36,37,36,30,31,31,25,27,30,31,35,34,33,32,34,32,36,32,24,27,36,29,31,33,31,32,32,29,29,30,32,25,28,38,33,31,34,33,28,24,29,28,27,31,36,29,32,34,35,34,34,31,33,26,32,31,33,33,26,30,31,30,34,34,35,29,29,31,34,33,29,32,24,23,29,28,28,25,25,36,26,27,31,36,29,32,27,34,29,33,31,28,33,31,31,32,33,28,34,32,33,32,37,38,31,31,29,35,30,37,31,36,29,26,31,28,28,25,26,32,27,29,30,34,35,31,37,32,30,31,33,32,31,34,31,32,30,27,30,30,27,28,31,29,34,28,35,30,30,31,30,27,31,28,29,27,30,30,34,33,33,35,31,29,31,31,31,27,33,27,32,23,29,36,33,27,27,28,36,34,25,30,31,31,27,28,26,25,24,24,30,26,32,28,30,27,30,33,28,29,32,28,26,30,27,34,29,24,23,28,32,30,31,31,36,31,37,29,27,29,29,29,27,29,27,31,33,28,30,32,31,31,
29,38,26,32,31,33,33,31,33,37,33,35,40,39,34,33,32,33,32,31,32,32,27,34,27,37,27,33,36,33,27,28,29,32,32,34,32,34,35,38,39,37,35,29,26,33,31,30,32,32,28,30,34,29,31,31,34,39,32,33,33,28,34,24,31,31,31,31,36,30,32,33,35,36,34,35,32,26,32,32,34,32,31,31,32,31,31,35,35,31,28,31,32,30,32,36,26,25,26,29,29,26,27,27,27,35,28,31,36,32,36,26,31,33,33,33,33,34,34,32,33,29,32,35,28,35,29,38,32,31,31,33,36,31,32,32,30,30,28,29,33,35,34,26,34,29,33,34,35,35,39,36,30,34,32,31,35,34,33,34,33,30,32,35,29,29,26,29,27,34,33,30,29,33,30,30,31,29,29,28,29,31,30,31,35,34,32,31,30,30,31,32,27,28,28,28,33,33,34,32,28,32,33,34,27,27,31,32,25,27,34,26,25,31,31,30,26,22,31,31,29,34,34,35,31,30,28,30,28,32,34,27,33,24,29,33,31,33,32,36,35,30,30,27,27,31,30,30,31,34,30,35,31,32,33,33,
39,38,34,28,30,38,29,36,35,33,34,36,37,31,34,34,31,33,29,30,31,34,33,34,29,35,34,34,36,28,28,27,28,29,33,29,35,31,33,34,39,34,34,34,28,31,33,35,34,33,34,29,30,30,30,34,35,40,27,34,34,26,35,28,29,24,27,33,37,37,36,32,35,36,36,37,37,31,35,33,30,34,34,34,33,32,35,34,35,36,33,29,31,34,33,35,36,36,27,29,29,26,26,27,29,28,29,34,32,31,37,32,30,32,32,34,31,28,33,30,33,30,28,32,29,35,29,34,33,32,31,34,38,33,32,33,30,29,33,33,33,34,32,32,35,29,28,37,34,39,40,40,36,30,35,30,30,36,29,32,32,36,32,36,27,30,26,26,28,29,32,31,33,33,36,35,32,30,34,31,35,32,31,28,31,30,30,31,32,32,32,31,25,26,29,31,30,34,32,33,35,33,32,34,34,27,31,36,37,26,26,33,26,34,28,31,27,27,30,33,30,30,34,31,32,33,31,33,33,33,32,34,34,34,30,30,32,32,30,32,38,38,31,26,28,32,31,31,31,29,30,30,34,30,34,33,
30,39,36,28,38,39,31,36,28,38,36,36,42,39,35,32,37,33,32,34,34,30,32,35,37,28,33,37,35,33,34,32,29,32,31,32,35,32,34,35,36,35,35,35,38,36,34,34,32,34,34,37,37,31,31,28,34,34,29,35,34,39,29,29,29,35,34,33,32,37,36,36,33,29,32,33,38,30,34,34,36,28,34,34,33,33,40,33,39,38,39,37,32,33,34,33,37,36,36,37,30,31,28,30,30,29,30,33,32,34,33,31,29,29,27,33,32,37,36,29,31,28,32,28,33,30,36,30,30,33,33,34,33,37,30,33,35,25,30,34,33,33,33,36,30,37,30,29,27,28,27,39,29,27,41,32,32,33,30,31,29,29,38,37,28,28,28,26,27,33,33,33,34,37,31,38,37,31,35,32,29,29,30,29,30,31,30,31,31,27,33,34,31,33,30,37,32,35,34,34,32,33,32,35,35,27,32,35,32,38,32,27,34,36,25,25,24,28,34,34,33,35,33,32,26,32,32,32,33,36,35,31,34,35,31,31,32,38,31,34,37,31,31,33,32,28,31,31,34,30,31,33,31,31,31,33,
33,39,36,32,29,39,35,35,38,37,39,40,42,42,38,37,33,39,38,35,35,33,33,35,34,36,39,41,37,40,30,33,30,30,32,32,34,34,34,36,33,36,31,38,36,36,33,37,32,35,35,36,37,37,33,35,31,29,35,36,34,40,31,30,36,29,29,31,34,33,33,35,30,34,34,30,31,31,31,38,37,36,32,33,34,40,41,34,39,40,39,34,33,32,34,38,43,27,38,38,35,32,33,30,33,32,30,35,33,34,33,32,32,36,35,28,29,37,31,34,30,33,35,31,34,37,34,32,31,34,40,34,33,33,36,30,31,34,26,29,34,34,35,36,37,32,38,36,29,33,28,40,38,28,39,41,33,33,34,30,30,37,36,39,36,29,29,28,28,33,33,38,32,34,30,34,37,32,32,34,35,31,28,30,30,31,31,33,28,33,31,31,34,28,34,37,34,36,32,34,33,34,33,31,35,36,35,30,33,33,33,34,34,35,32,31,34,25,29,31,28,35,34,37,28,27,35,38,34,37,35,32,31,35,30,30,30,33,33,35,33,31,33,34,33,32,32,34,35,36,31,32,30,34,33,33,
38,40,35,31,33,36,37,34,38,40,39,40,41,39,37,32,38,33,25,37,37,34,35,33,39,37,39,33,42,40,31,30,33,31,31,33,35,34,36,34,36,36,37,38,34,37,38,38,36,33,33,35,38,32,34,34,31,31,30,29,33,34,34,35,29,30,31,30,32,35,32,36,37,34,35,29,31,30,39,32,34,37,34,34,35,42,41,42,35,32,32,36,35,35,30,35,38,40,28,41,39,30,33,32,38,32,33,32,35,33,32,36,33,36,38,36,37,37,37,36,40,34,33,36,35,37,37,35,32,32,35,41,35,37,34,33,32,33,36,32,40,35,41,33,36,31,39,37,38,35,34,30,39,28,40,29,35,35,34,33,29,31,36,27,37,35,29,28,29,37,34,39,31,35,32,34,36,34,34,35,40,35,31,38,30,31,40,31,30,34,36,33,35,35,32,37,33,31,34,33,38,34,33,34,31,36,36,33,29,34,34,36,29,36,32,31,30,31,27,30,35,30,37,37,33,28,35,35,33,34,36,36,34,32,34,30,32,33,32,32,42,34,36,37,34,34,33,33,35,32,34,33,31,35,36,34,
39,39,39,38,31,31,37,36,38,35,40,41,33,36,38,31,32,31,26,31,31,37,35,39,40,31,39,40,37,38,33,32,33,36,33,33,36,35,35,34,35,37,37,38,31,35,38,37,37,35,34,35,39,38,33,32,36,32,37,33,34,35,35,36,38,34,36,32,31,32,37,37,36,38,35,35,32,35,34,39,42,38,39,40,38,42,43,34,42,33,36,32,36,36,34,37,38,39,35,41,41,40,32,33,32,32,32,33,32,36,32,37,38,34,40,38,37,38,36,36,42,39,34,34,38,36,33,34,39,35,36,36,30,32,38,32,35,34,27,33,32,31,41,35,37,33,38,40,39,34,34,31,36,29,32,29,33,34,35,37,29,30,31,27,28,27,35,29,34,27,27,35,32,32,35,35,35,38,35,40,42,38,37,39,31,32,42,32,34,36,37,40,34,35,35,33,35,38,32,34,31,33,30,34,31,35,30,34,29,36,37,36,36,30,36,32,35,33,27,33,33,30,34,38,36,34,36,39,30,34,31,42,41,40,35,41,40,33,33,36,42,43,38,34,35,29,33,33,31,37,35,34,34,32,33,34,
42,34,41,39,39,38,40,38,39,37,34,34,34,42,41,41,39,34,31,32,38,32,36,37,42,31,39,39,37,39,38,32,33,36,33,33,33,36,35,40,35,34,38,38,41,35,32,38,38,35,39,35,37,40,34,33,31,35,39,37,38,40,36,39,36,39,39,37,31,33,37,31,33,30,35,35,36,35,37,40,36,39,36,35,37,36,35,33,35,43,33,37,37,35,33,35,38,41,36,42,42,34,35,37,39,38,37,35,39,32,34,34,34,36,37,40,38,38,38,35,34,43,35,36,36,39,35,37,35,34,35,31,35,33,32,33,34,36,33,30,31,38,37,36,37,37,33,39,35,35,40,36,31,33,32,33,34,30,35,35,30,31,36,38,28,39,30,32,31,35,34,35,36,33,37,35,35,37,39,44,42,37,37,41,42,32,34,30,35,39,36,37,36,40,36,35,41,33,33,33,34,32,35,31,35,35,38,35,31,35,36,38,37,37,31,32,35,36,35,34,29,34,36,35,34,35,35,40,34,31,32,34,32,39,43,42,42,40,36,36,34,43,33,35,36,36,30,32,35,38,39,37,34,37,33,34,
42,37,42,35,37,34,35,38,42,35,38,34,34,32,30,41,39,39,31,33,32,33,36,37,42,40,32,34,34,39,38,34,33,33,37,34,36,37,38,36,35,37,39,33,36,36,36,33,35,41,37,34,40,37,36,35,33,32,30,34,34,40,36,40,37,38,39,38,32,37,38,35,33,33,33,35,36,34,36,34,37,33,35,38,38,36,37,33,36,35,34,34,33,37,34,36,33,42,37,40,39,34,34,32,39,34,35,35,40,32,40,38,36,36,39,39,34,38,37,44,35,44,35,36,34,39,39,39,35,35,32,36,36,34,34,33,35,34,33,33,40,31,32,27,32,35,31,40,36,36,35,36,34,34,32,39,34,34,36,39,37,37,36,36,38,35,40,39,33,33,34,36,37,36,32,37,36,35,41,38,42,37,37,41,32,32,31,34,36,40,32,37,37,36,42,37,37,35,35,34,43,39,37,37,36,37,37,35,36,39,37,37,39,35,38,34,38,36,38,37,34,35,39,37,37,39,36,35,35,34,34,35,37,34,33,44,33,41,41,37,39,38,36,34,32,39,31,36,38,38,39,38,38,34,37,36,
39,36,38,38,37,34,35,35,35,37,35,36,39,41,39,39,42,35,34,37,38,36,38,30,42,34,40,39,35,40,39,39,35,36,37,34,35,36,40,37,37,38,38,38,33,44,45,44,34,38,35,34,40,38,34,31,33,36,30,31,39,40,34,38,36,38,36,31,34,36,37,37,33,33,32,39,35,37,36,34,33,34,35,37,39,36,36,41,40,36,38,35,34,36,41,36,34,35,41,41,40,36,35,35,34,35,37,36,37,37,40,39,38,37,40,37,40,39,37,38,45,44,37,37,37,44,44,39,34,35,34,33,36,34,33,35,32,36,37,33,38,40,33,28,40,36,36,32,32,37,35,34,36,35,35,39,39,33,35,38,41,30,33,37,38,38,38,39,33,33,37,40,39,40,34,36,37,36,37,39,42,45,34,38,43,40,41,32,32,38,32,32,37,32,37,32,36,36,36,37,38,42,37,39,37,37,37,37,36,39,39,34,40,38,37,34,37,38,39,36,35,36,31,39,37,37,36,35,39,36,40,33,36,34,39,41,45,33,34,38,40,37,40,32,37,32,35,34,39,34,39,38,39,38,37,37,
38,40,37,39,40,38,35,34,35,38,36,36,37,43,37,40,39,44,42,37,41,36,40,40,35,34,38,39,35,41,36,39,37,37,37,37,36,32,37,36,35,40,39,38,36,38,35,39,37,35,40,36,35,38,38,35,33,37,33,41,32,38,38,40,41,39,36,36,35,40,37,40,34,33,33,37,36,36,39,37,35,34,35,39,40,42,39,42,41,38,37,39,36,37,39,36,40,42,36,38,41,38,38,35,36,35,38,40,35,37,38,41,43,38,40,37,37,40,38,37,39,45,30,32,38,43,45,34,40,39,36,35,37,39,36,36,39,34,38,38,31,42,37,34,34,40,31,34,33,35,36,34,38,36,33,35,34,34,36,36,41,42,34,34,34,40,37,34,35,35,38,36,37,38,37,36,37,35,39,41,43,35,35,42,43,41,42,39,35,39,38,41,33,33,38,36,37,41,37,37,36,38,38,39,39,38,38,38,37,39,40,40,41,41,30,34,38,35,40,39,39,38,37,38,40,38,40,39,40,37,34,33,35,31,40,43,43,43,36,43,35,37,40,36,39,38,40,34,34,38,30,36,36,40,39,37,
37,37,39,37,40,37,36,38,33,33,38,32,36,43,41,41,36,38,30,39,42,42,40,42,36,36,36,35,39,36,37,38,37,38,38,40,38,33,33,35,36,41,37,38,35,39,38,39,38,42,36,41,41,34,38,37,34,41,32,33,39,39,42,38,42,40,38,36,40,43,40,35,35,36,43,38,38,38,39,34,35,36,37,41,41,41,41,40,41,38,41,40,39,38,42,41,43,41,42,39,39,29,39,33,38,36,36,37,37,38,36,39,37,43,42,38,34,38,38,39,30,39,35,32,33,35,35,47,42,40,39,35,38,40,40,34,40,35,38,40,41,39,40,38,42,34,34,37,32,37,40,35,35,38,36,40,40,42,41,41,35,43,42,35,39,40,37,42,35,35,39,34,37,38,37,37,37,41,35,38,42,36,36,36,42,37,42,33,39,39,38,36,34,34,37,37,38,37,40,38,36,39,39,40,37,38,39,40,41,39,40,41,38,37,41,32,39,36,38,39,40,39,42,38,39,40,40,44,41,34,34,33,37,34,40,43,40,44,44,36,39,38,38,38,40,39,37,33,35,31,31,37,36,37,38,37,
38,44,40,41,37,37,38,38,34,34,35,33,38,40,38,38,37,38,38,37,31,40,39,42,37,42,41,41,38,40,38,36,39,38,29,40,36,38,34,36,42,37,42,40,42,35,37,37,39,35,37,41,41,36,35,35,40,45,40,33,40,39,38,35,42,38,44,40,39,41,41,40,40,45,36,45,30,40,34,38,39,37,37,37,37,41,38,40,40,39,38,40,40,43,39,44,43,40,43,34,40,40,30,29,35,39,39,39,39,38,35,40,38,39,40,37,39,37,37,39,39,38,40,35,41,36,42,43,42,36,36,41,38,40,38,37,39,39,39,39,38,41,40,42,42,42,39,38,36,37,41,37,41,36,38,40,38,42,41,42,41,43,43,37,40,42,41,38,37,36,37,40,41,41,39,37,36,41,37,39,38,38,43,43,40,42,37,39,41,34,38,38,39,35,34,40,41,39,39,37,38,40,41,38,39,37,39,35,41,46,45,46,47,39,33,32,32,37,40,40,36,38,39,40,39,45,41,42,38,42,41,39,42,39,42,41,41,46,44,36,37,35,36,39,38,41,37,34,37,33,38,38,35,37,37,37,
38,35,42,44,37,37,38,37,35,37,35,34,35,41,36,36,37,39,41,38,41,40,33,42,37,41,42,43,42,41,40,40,39,35,37,41,38,38,38,43,38,43,42,41,42,41,38,37,38,41,41,37,42,40,36,39,39,39,39,34,41,40,40,36,43,39,44,46,38,43,39,42,37,47,38,32,32,40,41,40,39,40,38,42,38,42,39,41,41,43,42,38,37,44,45,44,42,40,39,36,35,36,36,40,36,37,44,39,40,39,38,41,39,40,40,38,38,38,38,35,33,39,40,35,41,42,41,43,34,45,41,41,43,40,40,37,35,36,36,39,41,40,39,42,42,39,40,36,36,37,38,38,38,43,42,39,39,39,42,34,41,40,43,38,42,43,41,38,38,41,37,34,41,37,38,38,40,40,38,40,44,39,43,42,43,40,38,40,39,38,39,39,39,35,40,40,40,36,40,40,38,39,38,39,40,39,38,41,41,39,47,46,47,41,43,33,40,39,39,36,39,38,40,36,42,42,47,46,45,43,39,39,37,36,39,42,42,41,37,37,36,41,37,40,39,41,42,34,35,38,37,38,36,38,38,39,
36,40,43,45,38,37,35,38,38,41,35,35,36,43,44,37,38,43,34,43,36,35,34,43,37,40,42,43,41,41,40,43,40,36,43,35,43,38,44,44,37,39,36,38,49,42,45,38,41,42,43,40,42,42,41,41,40,39,39,37,38,36,37,48,40,44,36,38,39,42,41,46,37,38,48,48,49,34,40,40,44,36,38,37,40,42,47,42,42,41,42,39,42,38,45,45,43,43,43,42,36,37,33,33,38,38,40,43,39,39,40,42,38,41,41,37,36,39,38,41,36,42,38,41,39,42,35,44,44,45,39,42,42,40,41,37,41,36,39,40,42,41,39,39,43,41,39,41,42,38,38,40,38,40,41,39,40,43,39,35,35,35,40,44,41,41,41,42,42,41,36,39,40,39,39,42,40,41,40,40,43,44,42,44,43,43,38,38,35,43,39,39,44,39,41,40,40,42,41,42,39,39,37,39,40,39,36,37,40,36,36,37,43,42,43,43,41,41,41,37,40,38,37,37,43,46,47,40,43,40,42,35,37,38,35,40,40,42,39,38,41,38,41,39,37,42,37,36,37,36,39,38,37,39,39,40,
41,37,40,42,46,36,36,40,38,37,37,36,40,48,46,38,41,39,46,45,37,37,41,44,38,37,39,41,44,43,41,38,34,37,37,44,37,46,44,45,39,40,39,50,40,49,38,42,41,42,42,41,44,40,42,43,41,40,41,37,42,40,44,48,44,41,38,39,38,40,38,44,37,38,49,48,49,37,42,41,37,36,34,40,41,41,47,48,40,42,40,44,42,42,39,45,46,36,44,44,37,36,34,37,40,39,39,38,44,41,44,41,37,38,40,41,42,40,41,41,37,42,35,37,40,44,39,42,36,46,46,40,42,42,45,38,39,41,46,40,40,40,39,44,43,41,41,41,42,41,39,38,43,42,41,43,44,43,39,43,36,35,43,40,42,39,41,42,40,36,36,36,36,43,39,41,42,40,39,41,46,43,44,38,39,43,40,36,36,42,44,43,41,40,39,40,43,42,38,40,41,39,39,40,40,37,39,38,40,41,41,42,44,43,45,40,43,42,41,41,41,39,40,37,43,37,42,44,41,41,40,35,35,37,38,38,40,40,40,41,42,38,41,41,38,38,40,40,41,37,37,38,42,38,38,40,
41,42,44,43,43,37,41,44,44,38,39,42,36,36,41,38,42,41,38,39,38,43,43,43,35,38,44,40,42,43,42,40,39,35,43,46,45,44,41,43,44,44,46,43,39,40,40,40,41,41,40,43,44,42,39,42,43,45,44,39,43,40,41,45,48,43,40,38,39,44,39,40,44,39,40,50,42,43,41,43,39,40,35,40,43,40,37,47,39,42,42,41,36,42,43,46,47,46,46,45,39,37,35,35,39,41,41,40,42,40,40,43,39,38,38,40,42,40,44,41,43,39,38,46,39,37,38,41,36,46,46,44,43,42,43,39,41,41,42,46,44,43,41,40,44,45,46,41,41,40,37,39,42,37,42,45,41,44,39,45,43,36,39,44,43,39,39,42,43,39,44,44,38,43,45,42,42,39,39,39,46,45,38,39,40,44,38,44,43,43,44,42,43,40,40,41,41,43,39,41,41,43,43,41,40,38,39,39,43,41,40,37,45,44,43,43,44,44,39,40,39,40,40,39,38,42,42,36,41,41,43,35,36,37,36,37,44,42,41,41,42,42,39,38,37,37,40,41,39,38,37,38,42,41,38,37,
42,39,39,37,38,38,38,40,39,44,45,42,43,43,44,39,40,42,39,40,39,45,41,37,36,36,44,41,39,38,43,42,40,41,42,44,37,46,42,46,40,44,43,45,36,40,41,35,37,47,49,41,41,49,39,43,43,46,47,46,38,39,41,39,38,44,37,39,45,45,42,41,45,42,40,42,43,43,43,46,40,42,40,44,43,41,41,48,47,43,43,42,42,38,43,45,45,37,40,45,40,40,45,36,40,41,43,42,40,45,45,40,43,42,41,39,39,42,42,42,43,41,40,43,40,40,39,39,39,43,45,44,46,48,42,42,41,39,44,44,45,44,42,41,38,42,44,46,37,42,42,44,45,43,45,45,42,42,42,43,43,43,40,45,44,40,40,40,42,40,40,41,42,43,44,44,44,43,41,42,45,39,46,40,40,45,39,38,38,47,43,44,43,46,41,38,42,44,41,39,38,44,40,43,46,39,41,40,39,42,44,38,47,48,39,41,44,40,41,40,42,41,45,39,40,42,43,42,46,45,48,44,39,37,37,47,41,39,41,42,42,41,43,39,40,38,41,39,42,39,45,40,39,38,44,41,
46,43,41,42,39,39,42,41,42,45,44,43,45,45,44,44,37,40,41,40,42,46,42,38,40,38,38,45,42,44,40,39,42,42,40,44,43,38,46,40,42,43,44,47,41,38,34,35,37,49,48,47,41,43,40,39,44,44,44,46,47,39,37,39,38,43,45,40,48,45,39,43,43,46,43,42,43,43,42,48,47,44,42,47,41,41,45,43,48,47,46,43,43,41,43,38,46,39,45,45,41,40,40,42,44,42,42,43,46,44,40,44,44,42,42,41,41,43,42,43,41,45,46,45,44,41,41,39,44,48,46,47,42,43,44,43,40,46,45,43,43,45,41,42,41,38,40,47,36,44,43,45,45,43,42,45,47,46,42,45,42,45,42,41,41,45,41,41,41,41,41,44,44,43,43,44,44,45,45,43,46,46,47,40,40,45,39,38,39,39,40,46,44,43,37,39,39,41,42,42,41,42,42,42,45,43,40,41,42,42,42,47,40,48,39,39,45,37,40,40,43,41,44,41,44,44,45,44,46,47,47,46,47,39,38,48,47,45,46,42,46,45,44,40,45,41,42,40,41,42,42,46,45,39,42,42,
45,40,43,41,40,45,40,43,42,46,46,41,45,48,46,44,39,40,42,45,46,48,47,42,44,45,43,43,46,44,40,40,43,42,44,45,41,44,47,39,41,43,45,48,40,38,43,38,38,49,51,47,51,49,41,42,45,45,46,47,47,47,45,46,40,39,42,39,42,41,40,44,46,43,42,43,42,47,45,43,42,46,43,48,42,41,46,43,43,48,42,46,44,44,44,42,44,42,42,41,41,40,42,48,43,42,43,46,46,46,44,46,43,44,43,44,43,42,42,42,41,46,46,47,45,41,41,41,48,47,46,48,48,45,46,44,44,43,43,44,44,45,45,44,43,42,40,47,40,44,45,41,45,42,44,45,40,46,45,43,44,41,43,42,44,43,42,45,45,44,43,42,46,44,44,44,42,45,42,43,45,43,42,48,42,40,40,40,39,39,47,46,46,40,45,48,37,44,45,41,43,45,44,43,43,42,40,42,44,42,42,41,48,45,39,40,41,38,40,43,44,42,43,42,42,46,46,46,43,44,47,48,46,44,39,48,49,44,45,42,43,42,42,44,40,40,40,42,40,45,42,43,42,43,46,42,
44,43,43,41,43,42,43,45,44,41,45,45,42,49,43,46,39,39,40,41,45,47,40,39,44,44,43,44,47,47,47,45,43,46,45,45,41,45,44,40,46,43,44,45,46,41,41,43,41,45,47,44,51,42,42,42,46,43,46,44,46,47,48,50,47,42,44,43,46,42,40,41,48,48,41,44,44,44,47,41,41,47,48,43,42,42,42,41,41,41,43,46,44,43,44,45,44,44,50,45,40,42,41,48,44,45,45,44,46,47,44,45,43,43,47,44,42,43,42,43,40,40,40,47,48,44,42,41,48,48,48,48,45,46,45,44,46,44,43,43,44,43,45,44,44,41,42,38,40,41,40,49,46,43,46,45,43,47,47,43,44,41,44,44,45,46,43,43,45,50,44,43,47,46,46,44,40,48,49,43,43,46,44,42,43,41,41,40,44,41,41,44,40,45,42,38,49,44,44,43,43,43,41,45,44,41,41,45,45,42,42,42,47,41,41,44,45,39,48,43,45,41,44,42,42,42,47,44,44,45,47,49,50,48,45,40,49,45,45,46,43,44,42,43,44,41,46,45,48,45,45,44,43,42,44,43,
44,43,47,47,43,44,45,45,46,44,49,47,44,42,44,43,40,43,45,46,42,47,45,46,45,45,42,44,44,48,44,46,46,46,44,46,48,47,48,46,47,44,43,43,45,42,45,42,45,41,43,46,45,43,46,43,49,47,50,47,44,44,47,48,50,48,44,42,41,46,42,41,45,48,47,39,47,47,43,47,48,42,48,46,44,42,43,43,46,43,46,45,43,44,43,44,43,46,46,50,41,46,42,44,44,46,43,45,46,46,45,46,46,45,47,49,43,44,44,44,40,40,41,41,41,42,47,46,49,49,44,46,44,45,46,46,43,47,46,43,44,49,46,46,45,42,41,45,39,44,41,44,46,43,46,47,48,45,47,45,43,45,41,46,44,46,45,46,46,46,45,44,47,45,47,41,40,42,46,44,44,46,43,43,42,50,42,41,46,42,44,45,40,46,45,49,49,39,47,46,43,44,45,41,46,44,49,45,49,48,48,47,47,42,45,41,45,46,46,49,43,43,45,46,46,43,45,43,46,46,45,47,47,50,43,46,41,42,47,46,45,44,44,47,46,43,44,45,48,48,46,44,44,44,44,45,
45,45,41,47,48,44,48,45,44,46,46,45,48,46,45,49,44,45,44,45,47,49,47,43,42,50,46,45,45,45,45,51,47,49,44,44,49,50,48,46,47,42,44,45,49,43,50,47,46,45,42,49,43,47,47,47,47,48,47,42,40,47,45,49,44,51,44,42,43,46,47,46,46,48,45,44,44,45,49,43,47,47,50,43,47,42,46,42,47,48,43,50,44,43,44,46,47,47,46,45,44,45,47,43,47,46,47,43,44,45,45,49,48,50,48,48,49,50,48,44,46,42,42,42,42,44,43,43,47,49,42,46,45,49,47,46,47,47,50,44,47,42,50,44,46,47,47,46,49,45,39,42,48,47,44,47,49,45,47,45,47,45,46,42,45,45,45,49,47,44,46,45,48,46,47,41,41,42,42,47,44,45,45,45,44,43,44,45,46,45,45,44,43,46,44,39,49,48,49,48,47,41,45,46,46,45,54,52,46,46,48,48,43,44,44,46,46,40,42,47,47,44,43,44,47,46,45,44,45,47,47,43,48,48,45,49,46,46,46,44,42,42,44,44,47,47,42,45,46,46,45,41,44,47,51,48,
46,43,43,44,46,46,45,46,46,50,47,46,48,51,50,44,49,47,43,46,48,47,50,48,43,51,46,47,43,42,43,47,51,50,44,42,50,50,50,50,51,43,44,44,44,49,44,48,47,45,43,43,50,51,45,48,47,48,50,43,51,46,42,42,46,48,52,52,46,46,48,47,46,50,47,45,41,43,48,52,49,47,49,47,49,44,46,46,47,47,46,50,45,43,46,46,50,46,47,47,45,48,48,42,46,45,47,46,44,48,50,47,46,48,47,49,45,44,44,45,46,45,47,45,43,43,44,43,42,47,47,45,45,45,46,47,47,46,48,51,46,43,46,45,44,47,48,46,49,46,48,45,42,50,48,47,48,48,49,48,46,45,46,46,46,43,45,48,46,45,44,46,43,48,47,42,42,40,41,44,48,49,46,49,49,49,42,46,41,47,48,43,43,47,41,47,40,40,44,49,48,41,44,44,46,51,47,45,46,46,46,47,48,46,44,44,48,47,41,47,48,43,44,44,47,46,47,46,43,49,46,44,49,47,46,46,47,46,46,45,43,45,47,46,48,47,47,43,43,45,43,44,42,45,50,49,
46,47,45,44,47,44,45,47,45,47,48,49,47,51,51,48,49,48,51,44,48,50,48,52,50,44,49,43,44,44,43,48,50,45,45,46,46,48,50,50,51,51,47,47,47,45,50,46,47,47,46,44,44,46,48,46,48,49,49,53,51,49,46,45,47,46,47,51,52,43,49,49,47,49,44,47,48,49,53,48,52,48,47,48,50,47,46,47,48,49,48,43,44,44,47,46,46,42,49,47,48,44,48,44,44,46,44,46,50,48,52,49,47,48,48,49,42,44,46,46,46,46,43,43,43,45,45,44,43,43,45,45,44,46,46,46,46,48,53,41,44,44,44,48,48,45,47,45,50,50,47,50,46,47,50,49,48,45,46,46,49,50,50,45,43,47,45,46,46,44,45,45,48,50,44,49,44,42,43,47,44,46,45,47,50,43,48,46,49,47,45,48,44,47,47,49,48,46,50,46,49,47,50,45,49,46,51,47,54,45,44,47,49,49,47,47,49,49,43,49,47,45,44,45,45,45,45,49,43,42,48,48,48,49,45,47,47,46,45,47,44,46,47,50,48,49,48,49,46,45,45,42,50,49,50,51,
47,46,46,50,49,43,44,47,46,47,45,49,48,45,52,48,49,47,48,53,49,45,46,47,52,50,49,48,46,49,44,49,44,51,50,43,44,47,46,49,51,46,49,47,49,47,51,48,43,47,48,50,49,46,47,49,50,49,50,44,53,47,48,49,48,46,46,49,52,43,50,49,48,50,48,43,49,45,44,43,53,48,54,51,47,46,47,44,46,49,48,44,48,45,48,48,47,45,49,49,48,42,43,48,47,45,45,44,52,52,52,43,46,47,46,46,47,52,47,47,45,46,49,51,44,51,46,46,44,43,44,45,46,45,45,44,48,47,51,53,46,44,47,49,48,48,46,43,46,50,47,50,52,48,46,50,50,48,48,47,52,46,52,49,49,48,45,44,48,52,47,48,45,47,47,46,45,43,42,48,45,48,48,50,50,49,46,49,47,50,45,46,45,49,49,44,44,46,49,47,47,53,48,47,49,48,48,48,48,48,49,45,49,46,46,51,50,50,43,49,54,54,44,43,46,45,45,46,42,42,48,48,48,49,43,45,47,44,46,45,50,45,45,51,51,50,44,48,49,48,45,44,44,41,42,52,
49,49,49,47,43,48,43,45,46,48,48,48,49,47,48,48,49,49,46,53,45,45,46,47,48,50,50,46,49,49,49,49,49,53,51,45,45,45,46,48,48,45,49,46,46,49,49,45,44,49,48,52,51,50,48,50,50,49,52,47,52,49,49,49,53,47,46,46,48,53,50,49,49,52,48,51,43,44,51,50,53,49,54,47,46,47,47,46,49,47,49,49,47,45,47,48,48,47,47,50,52,45,44,50,46,45,46,45,45,47,45,43,44,47,47,49,49,49,48,46,43,49,50,45,50,48,45,47,47,46,46,45,48,44,45,45,44,48,47,48,55,44,47,50,48,49,49,46,48,50,46,49,47,48,48,49,46,48,54,53,49,48,46,48,50,49,47,45,48,47,46,49,46,46,46,47,49,46,45,46,45,49,50,48,53,50,50,52,52,51,46,46,52,49,48,45,46,48,50,50,45,52,54,54,46,48,50,48,49,49,48,49,48,42,47,51,46,48,46,50,43,50,45,49,52,53,46,50,47,45,45,49,46,48,46,46,47,49,44,52,50,47,46,48,52,50,45,49,47,51,44,45,42,41,42,41,
49,49,49,51,44,44,51,47,48,46,49,46,49,48,50,48,49,50,48,51,52,48,46,47,48,47,50,47,48,50,50,50,47,50,48,44,45,50,49,48,50,46,48,47,49,50,50,50,51,47,52,48,49,48,49,48,50,49,45,48,48,49,49,49,49,47,49,47,45,49,49,51,50,49,46,54,52,51,52,48,48,54,46,52,51,51,47,47,50,51,49,50,49,48,47,47,48,51,50,47,53,46,46,51,49,46,49,49,47,48,47,47,47,48,45,47,45,50,49,47,47,44,48,54,52,49,48,48,51,44,47,46,47,46,49,46,52,49,46,48,49,46,47,50,46,48,48,47,49,50,51,50,50,48,50,48,48,47,51,54,49,49,51,54,48,50,48,47,45,48,48,50,50,48,47,48,49,50,47,50,47,45,50,49,49,54,51,49,45,52,52,48,49,52,47,48,47,49,47,51,45,54,53,48,50,47,47,51,47,50,51,47,50,49,50,49,47,47,48,44,46,50,50,50,51,50,53,55,50,47,47,47,49,47,46,46,50,48,50,49,49,47,47,48,50,50,50,49,50,47,47,48,49,42,43,43,
50,52,51,51,51,52,51,50,52,50,47,47,50,52,51,50,48,49,50,49,49,47,47,47,48,50,48,49,50,49,50,48,52,52,52,48,45,46,49,50,49,47,46,45,49,49,46,51,47,51,52,49,49,50,48,48,49,49,48,46,48,46,48,50,49,47,50,48,46,51,50,49,48,51,47,50,48,48,48,48,47,48,47,48,53,52,48,51,48,50,47,50,50,48,50,49,49,52,50,51,50,52,48,48,52,45,46,51,47,47,50,47,47,46,46,48,49,50,49,46,46,47,54,55,51,51,53,49,47,52,45,48,47,50,49,49,49,52,47,46,53,50,47,47,47,49,49,49,49,52,50,48,48,48,49,50,49,49,52,52,53,48,50,51,50,51,46,51,49,48,48,52,51,51,51,48,51,51,47,49,50,47,46,46,50,51,52,52,51,50,46,54,48,49,48,48,49,47,49,48,50,54,47,49,48,51,48,52,51,48,49,47,48,51,51,51,51,50,48,49,44,45,49,51,48,45,54,46,46,49,48,50,48,49,51,54,47,49,50,50,49,50,49,49,50,47,51,49,50,48,48,49,53,48,43,50,
51,53,51,53,52,49,51,52,51,45,46,52,51,53,47,52,51,48,50,48,49,47,47,47,47,49,49,49,52,49,50,51,48,50,53,50,49,53,50,49,47,51,50,47,50,47,49,49,52,52,52,48,50,48,50,49,51,49,50,49,47,49,49,51,48,51,51,53,50,47,49,51,49,49,54,50,52,51,49,46,46,46,49,48,48,54,53,52,55,49,48,48,46,49,51,52,50,45,50,51,50,50,49,49,50,50,52,49,48,50,51,50,53,50,50,48,49,50,47,49,47,47,54,55,51,50,49,48,53,50,52,47,49,50,50,51,49,51,53,48,54,50,53,47,47,48,50,48,52,55,50,49,49,48,50,51,49,54,48,53,53,51,52,47,51,50,52,46,50,51,49,50,49,53,52,51,54,52,49,48,49,51,49,50,49,48,49,49,53,52,48,47,57,47,48,50,50,47,50,52,53,49,49,48,52,51,50,48,51,49,48,49,48,51,51,51,50,54,51,47,50,46,47,49,51,49,46,49,46,48,47,50,49,51,51,54,54,50,50,51,49,50,49,50,47,45,53,51,48,47,55,52,50,51,50,51,
53,51,53,54,46,50,49,49,53,53,46,47,46,51,48,51,52,49,50,52,49,50,49,49,50,54,51,50,50,51,50,51,50,52,52,50,50,51,51,47,48,51,51,48,49,48,50,48,51,49,53,54,49,51,50,51,51,50,49,51,49,52,50,52,49,49,52,51,50,51,52,53,52,53,48,51,50,50,50,47,53,47,49,49,49,48,53,54,55,50,49,50,53,47,51,53,49,51,48,52,49,51,53,54,49,50,52,49,49,51,51,50,54,54,48,49,48,53,48,50,47,49,49,51,54,50,51,53,52,52,51,51,49,52,49,51,49,51,51,48,52,56,56,52,47,50,50,51,51,52,50,52,50,51,48,52,52,50,51,48,54,50,49,51,51,51,51,47,52,51,52,49,49,55,51,50,54,54,48,49,50,49,49,50,47,48,48,51,52,53,50,51,49,51,49,49,49,48,51,51,52,49,50,51,50,48,51,51,49,49,52,48,49,51,52,48,49,50,52,47,47,51,47,49,50,52,53,52,51,52,49,50,49,49,50,52,47,47,48,54,50,53,50,52,54,52,51,53,49,49,55,50,51,52,50,51,
54,52,50,55,55,52,52,53,48,48,54,53,46,54,52,53,52,50,52,51,50,50,49,49,53,50,52,52,50,50,50,51,51,55,52,50,51,51,50,50,49,49,51,47,48,51,51,49,51,50,49,49,52,52,54,52,52,53,49,50,52,51,53,53,51,51,52,50,50,49,53,52,52,49,48,54,54,51,50,51,48,51,51,50,52,48,51,54,51,51,51,49,49,51,49,48,49,51,51,49,49,48,52,49,49,51,49,51,50,51,53,53,51,52,52,51,50,49,48,49,52,54,50,52,52,52,53,54,48,50,50,48,50,52,51,49,48,50,52,54,51,56,57,48,48,50,52,52,54,51,52,52,53,51,53,51,48,50,53,54,52,51,55,51,52,55,54,51,49,52,52,54,51,49,52,53,49,55,53,52,50,51,50,54,48,49,47,48,47,54,52,52,53,49,51,51,50,52,52,51,51,51,51,53,50,52,51,51,54,50,52,56,51,53,53,53,48,49,52,48,47,51,50,51,50,51,53,56,53,52,49,52,50,51,51,52,48,53,52,49,55,54,53,51,54,54,54,49,49,52,56,56,51,53,53,51,
52,52,51,49,56,53,53,54,52,55,49,51,53,54,55,55,53,53,53,52,51,53,50,50,50,54,53,54,51,52,51,51,53,53,53,53,49,51,50,52,52,51,49,50,50,50,52,50,53,50,49,50,52,53,53,54,51,51,53,52,51,53,54,53,53,52,52,52,52,51,55,55,53,50,49,52,50,49,50,54,53,52,52,50,52,50,51,52,51,53,56,58,51,52,52,54,51,51,52,53,54,49,53,49,51,50,52,52,50,49,50,52,50,53,52,53,53,54,52,54,53,53,54,51,53,53,54,54,51,51,53,52,53,51,52,52,54,50,51,52,55,54,54,48,48,54,51,50,56,51,49,48,49,52,50,53,53,52,52,52,51,53,53,52,53,51,54,48,48,50,53,50,54,51,52,52,54,52,55,53,50,51,52,52,51,52,52,49,53,53,53,51,53,53,50,51,53,53,52,52,52,54,54,54,53,51,51,51,53,54,53,56,50,52,54,53,51,49,50,52,50,47,51,50,50,57,54,54,53,54,52,51,51,53,52,50,52,54,54,54,54,55,54,51,53,52,55,50,52,51,53,56,51,55,55,52,
50,52,49,52,50,54,53,52,53,53,50,52,54,54,50,56,54,53,54,52,52,54,51,51,54,54,52,53,52,54,51,53,53,52,54,53,52,52,52,52,52,52,49,51,53,50,50,54,54,51,52,52,50,53,55,53,51,50,52,55,51,55,55,54,56,54,56,52,58,52,51,57,56,56,50,52,50,51,51,52,50,52,53,51,51,51,52,56,53,49,55,57,53,51,52,51,48,52,53,52,52,50,53,51,55,55,51,53,55,51,50,52,54,54,54,55,54,52,51,49,54,54,53,55,53,55,54,50,55,55,54,55,52,54,55,54,54,51,50,56,55,55,51,51,52,48,54,51,56,51,49,53,49,51,50,52,53,53,53,53,53,52,53,52,53,56,55,53,50,54,54,49,53,52,51,53,54,52,55,51,51,51,55,53,52,53,55,53,50,52,53,51,52,53,52,53,55,54,53,54,53,54,55,53,55,53,57,52,54,53,53,54,51,49,53,54,52,53,51,51,51,51,50,50,54,54,53,57,52,53,52,53,53,51,49,51,52,51,53,52,55,56,56,52,54,53,53,50,53,53,53,52,56,55,55,56,
55,54,50,53,51,55,54,55,53,52,57,53,52,52,51,52,52,54,52,52,53,50,54,54,53,54,52,52,56,55,56,53,55,54,54,52,54,53,51,53,55,50,54,56,57,56,56,53,54,52,54,53,51,56,52,55,53,51,56,56,56,55,54,54,57,55,49,53,54,57,52,50,57,56,53,56,51,50,53,52,52,53,51,55,55,53,55,53,53,52,52,54,58,55,52,52,51,51,49,52,56,52,52,53,56,58,56,51,55,49,55,53,54,54,52,55,55,54,49,54,51,50,50,53,52,51,55,53,51,56,52,56,52,53,53,56,54,53,54,53,54,56,56,56,51,50,53,52,57,52,51,51,53,53,52,53,52,53,51,51,54,52,53,52,52,56,56,54,54,55,54,55,53,53,52,54,54,56,55,55,49,50,55,55,54,56,54,54,52,52,53,52,54,52,52,53,54,54,54,57,55,56,54,54,54,54,57,51,54,56,50,53,50,51,50,50,51,55,52,54,52,50,54,51,52,54,57,58,55,53,53,53,52,55,54,52,54,51,51,52,56,54,55,53,54,54,52,53,56,52,53,53,54,56,57,56,
55,56,54,53,54,56,53,52,53,54,54,56,52,57,52,53,53,52,55,53,53,54,57,53,54,53,54,55,57,56,56,52,55,56,55,55,54,54,54,51,54,52,58,56,58,57,54,57,53,53,55,55,58,55,57,54,54,53,54,56,53,57,55,53,54,50,50,54,55,52,54,52,53,51,52,53,54,57,52,50,55,54,55,53,56,55,54,57,50,55,53,54,55,53,59,53,52,52,54,53,53,53,52,56,54,55,57,52,53,50,54,55,55,55,53,53,54,50,55,50,53,54,51,51,55,52,50,56,57,55,54,53,53,53,53,55,55,54,54,53,56,51,57,57,54,54,52,52,53,52,56,52,56,54,53,54,54,52,52,55,52,52,52,53,53,55,56,57,54,55,55,54,53,55,57,53,55,56,53,55,52,50,51,56,54,56,54,54,53,52,56,53,55,58,52,53,53,58,54,52,57,56,56,55,56,51,55,58,52,52,53,53,51,51,51,54,52,53,54,57,53,53,51,52,53,53,56,54,53,53,54,53,53,53,53,51,54,51,51,58,55,56,55,56,53,53,52,53,54,55,54,54,56,53,56,56,
55,56,55,53,53,54,54,54,55,53,55,56,57,59,53,53,54,52,52,53,53,54,55,53,55,55,56,56,55,55,55,57,56,55,53,54,54,53,54,55,55,55,56,56,55,57,59,56,54,57,56,56,58,58,57,55,55,53,54,53,53,57,55,54,55,54,56,59,53,53,53,52,53,53,52,53,53,52,56,52,57,53,55,53,54,54,55,54,56,50,54,58,56,57,55,59,55,53,55,54,53,54,55,52,57,54,55,55,55,55,54,52,56,58,56,58,56,55,55,51,54,55,54,53,52,53,54,54,53,54,52,54,56,55,54,57,55,52,55,58,55,55,56,58,56,55,52,56,52,52,52,55,59,56,59,52,54,56,52,53,55,55,53,53,54,53,55,54,53,54,53,55,54,53,56,57,54,55,54,54,54,56,54,52,56,54,55,55,55,56,54,54,56,58,54,52,52,53,56,58,52,57,57,53,56,55,58,52,54,53,56,55,54,54,56,55,54,53,54,57,53,55,51,53,55,54,53,56,54,54,54,55,54,54,54,52,53,54,53,53,55,57,56,54,54,54,53,53,55,57,55,57,55,56,56,57,
54,53,55,57,57,53,53,54,54,54,53,53,59,55,55,55,55,53,56,56,55,55,54,54,54,56,56,55,51,52,53,55,57,57,56,56,55,56,56,58,53,55,56,55,55,56,56,57,54,58,59,56,54,55,54,55,57,56,55,56,54,57,55,57,55,55,57,57,59,54,54,54,58,54,55,55,54,57,56,56,58,56,58,53,55,55,55,53,53,51,51,57,57,56,56,57,60,56,53,53,54,54,55,59,58,54,55,57,57,54,56,55,55,57,59,57,55,56,56,55,55,55,54,57,59,55,57,56,55,55,55,54,54,56,54,53,55,53,55,57,55,56,56,59,55,56,56,57,56,54,53,58,59,56,56,57,55,57,55,53,55,55,57,54,54,54,55,55,53,56,55,52,56,58,56,56,57,54,57,54,56,57,56,53,58,57,56,57,56,57,54,55,56,55,55,54,54,55,54,56,58,58,57,57,53,56,55,59,55,55,56,55,55,52,55,58,56,55,56,56,57,57,54,51,53,55,59,54,56,56,56,56,55,56,59,53,53,53,54,54,59,55,56,54,55,54,54,55,57,54,57,56,54,55,56,58,
55,54,56,55,57,55,58,58,56,55,55,55,55,57,57,55,57,56,56,55,56,55,55,55,54,55,57,54,52,55,52,52,56,56,58,58,56,57,57,55,55,54,56,56,56,58,58,58,57,54,56,54,54,56,55,56,56,56,55,53,57,55,57,56,56,58,56,57,56,54,55,55,55,55,55,55,55,55,54,54,56,54,58,55,57,58,54,58,57,56,56,58,56,57,55,56,58,54,56,54,55,54,56,56,60,57,56,57,57,57,58,55,57,57,57,58,57,54,56,56,56,55,55,55,56,56,57,56,55,57,55,57,55,55,54,54,56,56,54,56,58,57,57,57,56,55,57,55,56,59,56,54,55,57,58,56,58,57,55,55,54,56,57,58,54,54,57,56,54,56,55,54,59,54,56,57,61,55,54,55,54,59,57,53,58,53,56,55,56,57,55,54,58,58,57,55,56,55,55,56,55,59,57,58,56,54,56,56,55,56,56,57,56,53,57,58,53,56,53,57,59,56,55,55,53,52,56,54,60,58,57,56,55,57,55,57,60,57,56,56,54,54,57,55,55,58,56,56,57,58,57,57,56,56,57,58,
56,57,57,59,58,55,59,60,57,56,56,55,56,58,57,57,60,57,57,57,56,56,59,56,57,59,56,57,57,55,53,53,56,57,57,59,54,57,56,57,57,56,56,55,57,57,59,60,56,58,57,56,60,56,55,56,56,57,57,56,54,56,56,55,56,58,57,58,59,55,55,55,53,55,56,54,56,55,54,56,58,57,56,54,56,58,58,55,60,56,57,57,58,56,55,57,58,58,54,60,55,56,57,56,56,57,57,58,58,56,57,57,57,54,57,58,58,55,58,55,57,57,58,56,58,58,60,56,56,55,57,58,56,57,56,59,57,56,59,54,56,57,59,58,57,59,57,58,57,59,60,56,56,59,55,55,56,58,57,57,55,55,57,57,56,54,57,55,57,55,55,54,59,59,56,56,57,61,55,56,57,54,60,55,54,54,57,56,55,58,57,57,57,55,56,57,57,56,54,55,56,56,57,57,60,57,57,58,57,56,58,56,57,57,57,55,57,54,57,59,59,59,55,55,56,57,57,55,54,60,58,56,57,58,58,58,57,58,60,58,57,54,55,58,57,57,56,56,57,57,58,59,55,58,57,58,
59,56,56,55,55,59,59,60,57,59,57,56,56,56,58,59,60,57,55,57,55,56,57,57,58,57,55,56,58,57,54,56,56,58,56,57,56,58,58,58,57,57,57,59,58,55,57,56,57,56,58,56,57,61,58,57,56,57,59,58,56,57,56,56,56,57,57,55,57,60,58,57,58,57,55,54,59,56,59,56,57,57,59,60,58,58,61,56,58,56,55,56,57,57,57,57,56,59,58,59,56,56,55,57,57,58,57,58,58,61,59,57,59,59,55,56,56,59,56,56,56,58,58,56,56,57,57,60,60,55,57,56,58,55,58,55,59,59,56,61,58,56,55,59,57,60,58,54,56,60,61,54,56,56,55,55,57,55,57,56,56,56,57,58,56,55,55,56,57,60,59,55,56,56,56,56,55,57,56,58,57,55,57,59,55,58,59,56,60,58,57,56,57,58,56,58,57,57,57,59,58,58,55,60,60,57,56,58,57,54,55,55,57,58,56,56,58,56,58,56,59,59,55,56,57,56,58,57,57,58,58,58,58,59,58,59,58,59,56,59,55,55,58,58,58,57,58,55,58,58,58,56,56,58,57,58,
59,60,59,58,58,56,58,60,58,58,58,60,59,57,57,56,60,59,60,57,58,57,58,57,59,57,58,59,57,58,61,56,56,59,56,57,58,57,57,59,58,57,56,58,59,58,58,55,57,56,57,59,58,61,58,59,62,56,57,62,60,58,56,58,57,57,59,56,58,59,57,57,59,58,59,55,58,59,59,57,59,59,59,60,61,58,59,60,57,56,56,59,60,59,59,58,59,60,58,57,58,59,55,58,58,58,57,58,56,61,59,59,61,58,59,59,57,57,56,59,57,59,58,57,57,57,58,59,60,55,58,57,58,59,61,58,56,60,56,62,58,58,56,57,59,59,56,61,58,59,61,55,55,58,58,56,58,58,57,57,57,57,57,57,58,55,55,56,56,59,56,60,60,58,58,58,57,58,56,55,56,58,58,61,60,58,56,59,62,56,57,57,58,57,58,59,58,59,58,58,58,56,57,57,61,58,59,58,56,55,58,56,55,60,57,60,57,57,57,58,60,57,56,56,57,59,61,59,60,57,58,57,57,59,58,58,60,57,57,57,56,59,59,58,56,59,58,58,55,56,57,58,59,59,57,58,
57,58,58,60,59,57,57,59,58,59,59,59,59,60,58,57,59,60,57,60,58,59,62,59,57,58,61,59,59,61,61,60,59,59,58,59,58,57,59,58,58,56,57,59,60,59,59,60,57,57,57,59,58,58,62,57,58,57,56,62,60,59,58,58,57,57,57,60,59,56,57,59,59,59,59,59,59,59,59,61,56,59,61,61,59,61,59,59,59,58,57,59,59,58,60,58,57,62,61,59,57,59,59,61,60,58,61,60,60,57,58,60,61,59,58,59,58,58,60,59,57,58,59,58,59,60,60,58,60,58,60,59,57,59,58,59,57,58,58,59,56,57,57,58,59,60,59,62,57,60,60,59,57,59,60,59,57,59,57,59,57,58,60,59,57,56,58,56,57,59,57,58,58,57,61,59,58,57,60,58,57,59,60,62,61,58,58,57,60,60,62,58,58,57,60,61,58,59,59,60,59,56,58,58,58,58,60,59,59,61,56,58,57,58,59,60,58,60,57,58,61,61,57,59,61,60,61,59,60,57,58,60,57,59,60,58,57,58,56,58,57,57,60,59,57,57,57,59,56,59,60,58,60,61,61,59,
59,59,59,60,58,58,58,60,58,59,59,58,58,59,60,60,58,60,59,60,58,59,59,59,58,61,59,59,60,59,60,60,60,57,58,59,60,62,59,59,62,58,59,58,59,60,58,61,59,59,59,58,58,61,62,58,59,59,60,63,61,60,58,58,61,59,58,59,61,60,58,61,59,59,60,59,59,59,58,61,58,60,57,62,60,60,61,59,60,59,59,60,60,58,58,60,60,61,61,59,59,58,59,60,61,58,58,60,59,58,60,59,61,60,59,61,59,58,61,60,62,63,59,58,60,59,61,61,59,58,59,59,61,60,61,60,61,59,59,58,61,60,60,58,58,61,61,60,59,58,60,61,60,59,58,59,58,61,60,59,60,59,59,59,59,58,59,57,58,60,57,59,59,58,59,60,61,59,62,59,58,60,60,58,59,58,61,59,60,60,61,57,60,59,61,61,61,60,60,61,61,57,58,58,59,60,58,60,59,60,57,59,62,61,58,60,62,58,61,59,61,60,58,61,60,61,63,60,59,60,60,61,59,59,61,62,58,60,60,61,58,60,60,61,62,58,62,58,61,58,59,61,58,61,59,61,
60,59,60,59,59,62,63,60,60,62,59,62,60,60,61,59,60,60,62,59,59,59,60,59,61,62,59,61,60,59,60,60,61,60,60,59,60,60,63,61,59,62,60,60,59,61,60,61,61,59,58,60,60,60,61,62,59,59,62,59,59,61,60,60,61,61,62,61,58,61,60,58,58,58,59,61,58,60,62,59,59,59,61,58,60,61,61,60,59,60,60,60,61,61,59,60,60,59,59,60,60,60,60,61,61,59,60,61,59,60,59,60,63,62,63,60,61,59,61,61,63,64,60,59,60,61,62,61,60,60,60,59,60,60,59,62,61,61,62,60,62,59,59,58,59,59,62,62,60,59,58,61,60,59,59,59,58,60,59,61,60,60,60,58,60,58,60,59,60,58,58,60,59,59,59,59,59,60,62,62,59,62,61,59,60,60,61,59,59,61,60,60,60,60,61,61,61,61,60,61,61,58,58,59,59,61,62,62,60,61,61,58,59,62,62,59,61,62,59,62,60,62,61,61,60,63,63,59,61,60,60,60,58,61,61,60,62,60,61,59,60,59,60,59,62,62,61,60,62,59,59,62,60,60,60,61,
60,60,59,59,60,60,63,60,60,61,60,61,59,61,60,61,59,61,62,60,61,60,62,60,62,62,62,61,60,59,60,59,61,61,59,60,61,60,62,61,59,63,59,60,62,62,60,61,59,60,60,59,60,60,61,60,60,62,60,60,61,59,61,60,60,61,62,61,62,61,61,59,59,60,60,60,59,60,59,60,61,60,61,62,60,62,61,62,59,61,61,61,60,61,61,61,62,60,59,62,61,61,60,61,61,60,61,60,60,62,61,60,61,61,61,63,61,62,60,59,62,62,60,61,61,61,62,61,61,60,60,62,60,61,59,61,59,60,63,60,60,59,59,60,60,62,61,60,60,60,61,60,61,60,60,60,61,60,60,60,60,60,61,61,61,60,60,60,59,59,61,59,59,61,60,60,60,61,62,61,62,61,62,62,60,60,61,62,61,59,61,62,59,61,59,60,60,61,61,59,59,62,63,60,61,62,62,60,62,60,59,62,60,62,60,61,61,60,63,63,62,60,61,63,61,62,60,60,62,61,60,60,61,62,61,60,62,62,62,60,60,60,61,63,62,62,60,61,60,60,60,61,61,62,61,62,
60,61,61,60,60,61,60,61,61,60,61,62,62,60,62,61,61,60,60,62,61,61,61,62,62,61,62,61,62,61,60,61,60,61,60,62,62,61,60,61,63,60,61,62,62,62,61,61,61,60,61,62,60,62,61,62,62,63,61,61,62,61,62,62,61,62,61,61,64,62,61,61,60,62,61,61,61,61,62,62,62,61,62,63,62,61,61,61,62,60,62,61,62,61,61,62,60,61,61,62,61,61,61,62,62,62,62,61,61,63,62,60,61,61,63,62,61,62,61,63,60,62,64,61,62,61,62,62,62,63,62,61,62,61,62,60,62,61,61,61,61,60,60,60,60,61,61,61,63,63,61,61,61,61,62,62,63,61,61,60,62,61,61,60,61,61,60,62,62,61,60,61,61,61,62,63,63,61,60,61,61,62,62,61,62,60,61,61,62,61,62,62,62,63,62,60,61,61,61,60,61,62,62,63,60,62,61,63,61,61,60,61,61,62,61,62,60,61,64,61,62,62,61,61,61,63,60,63,62,61,62,61,63,62,61,61,63,62,63,60,60,61,61,62,62,62,63,62,63,62,61,62,63,63,61,60,
62,63,62,62,64,61,62,62,62,61,61,62,62,61,62,61,62,61,62,62,62,62,61,61,61,62,62,61,62,62,62,61,62,62,63,61,62,61,61,62,61,61,61,61,61,61,62,62,63,61,62,62,62,62,62,61,62,61,62,64,63,62,63,62,62,61,62,63,62,62,63,63,62,62,62,61,62,62,62,63,64,61,62,63,61,62,61,62,62,61,61,62,64,62,62,62,64,61,61,63,61,61,64,63,63,61,62,62,62,63,62,62,62,63,64,61,62,61,62,62,61,61,62,62,63,61,63,62,61,63,61,62,62,63,63,61,63,62,62,64,64,61,63,62,61,61,64,62,63,61,63,64,63,63,63,62,63,62,63,62,61,62,62,62,63,62,61,61,61,61,63,62,63,61,62,61,61,61,61,62,62,61,63,61,63,63,63,62,63,61,61,62,63,61,63,63,63,61,63,62,63,62,63,62,63,61,62,61,62,61,62,63,63,61,61,63,61,62,63,62,62,64,62,62,62,62,62,63,63,61,61,64,63,61,62,63,61,63,62,61,61,61,61,63,62,62,62,62,64,62,62,63,61,63,64,61,
62,64,64,63,63,64,62,62,62,64,63,63,63,63,63,62,63,63,63,62,63,63,62,62,62,62,62,62,63,63,62,63,64,62,62,62,62,63,63,64,63,63,62,63,62,64,62,63,63,63,63,62,63,63,63,62,62,62,64,63,62,63,62,62,62,63,62,62,62,63,63,62,63,62,62,62,64,62,62,64,63,63,63,64,64,62,63,63,62,62,62,63,62,62,63,63,63,64,62,63,63,62,62,62,63,63,62,63,63,64,62,62,63,63,63,64,62,62,62,63,64,62,62,62,63,64,63,63,63,62,63,62,64,63,63,63,63,64,63,63,62,62,64,63,64,62,63,62,63,63,63,62,63,62,62,63,64,63,64,63,62,63,63,63,63,62,62,62,62,63,63,64,63,63,62,63,63,62,62,64,63,62,62,63,63,62,63,64,63,62,63,63,62,62,63,63,63,63,62,62,62,62,63,63,62,62,63,63,63,64,64,63,62,62,63,63,62,63,62,63,62,62,62,63,64,63,63,62,63,63,63,63,63,63,62,63,62,62,62,62,62,63,63,62,63,62,63,63,63,63,62,62,64,62,63,64,
63,63,63,63,64,64,63,64,63,64,63,63,64,64,63,63,63,63,63,63,63,64,63,63,63,63,63,63,63,63,63,64,63,63,64,63,63,63,63,63,64,63,63,64,63,64,63,63,64,64,64,63,63,63,64,64,63,63,64,63,63,63,63,63,63,64,64,63,64,63,64,64,63,63,63,63,63,63,63,63,63,64,64,64,63,64,64,63,64,63,64,64,63,63,63,63,63,63,63,64,63,63,64,63,63,63,63,63,64,64,64,63,64,64,64,64,63,63,63,63,64,64,64,63,63,63,63,63,64,64,63,64,63,63,63,64,64,63,64,63,63,63,63,64,63,64,63,64,64,64,63,63,64,63,63,63,63,64,63,63,63,63,64,63,64,63,63,63,64,63,63,63,63,63,63,63,64,63,63,64,63,64,64,63,63,64,63,64,63,63,64,63,63,64,63,63,63,63,63,63,64,63,64,63,63,63,63,63,63,64,63,63,64,63,63,64,63,63,64,64,63,63,63,63,64,63,64,63,64,64,63,64,63,63,63,64,63,63,63,64,64,63,63,63,63,64,63,63,63,63,63,63,64,64,63,63,
64,64,64,64,64,64,64,64,64,64,64,64,64,64,64,64,64,64,64,64,64,64,64,64,64,64,64,64,64,64,64,64,64,64,64,64,64,64,64,64,64,64,64,64,64,64,64,64,64,64,64,64,64,64,64,64,64,64,64,64,64,64,64,64,64,64,64,64,64,64,64,64,64,64,64,64,64,64,64,64,64,64,64,64,64,64,64,64,64,64,64,64,64,64,64,64,64,64,64,64,64,64,64,64,64,64,64,64,64,64,64,64,64,64,64,64,64,64,64,64,64,64,64,64,64,64,64,64,64,64,64,64,64,64,64,64,64,64,64,64,64,64,64,64,64,64,64,64,64,64,64,64,64,64,64,64,64,64,64,64,64,64,64,64,64,64,64,64,64,64,64,64,64,64,64,64,64,64,64,64,64,64,64,64,64,64,64,64,64,64,64,64,64,64,64,64,64,64,64,64,64,64,64,64,64,64,64,64,64,64,64,64,64,64,64,64,64,64,64,64,64,64,64,64,64,64,64,64,64,64,64,64,64,64,64,64,64,64,64,64,64,64,64,64,64,64,64,64,64,64,64,64,64,64,64,64,