[64, 256, 128]
0,0,0,0,0,0,0,0,0,0,0,0,0,0,0,0,0,0,0,0,0,0,0,0,0,0,0,0,0,0,0,0,0,0,0,0,0,0,0,0,0,0,0,0,0,0,0,0,0,0,0,0,0,0,0,0,0,0,0,0,0,0,0,0,0,0,0,0,0,0,0,0,0,0,0,0,0,0,0,0,0,0,0,0,0,0,0,0,0,0,0,0,0,0,0,0,0,0,0,0,0,0,0,0,0,0,0,0,0,0,0,0,0,0,0,0,0,0,0,0,0,0,0,0,0,0,0,0,0,0,0,0,0,0,0,0,0,0,0,0,0,0,0,0,0,0,0,0,0,0,0,0,0,0,0,0,0,0,0,0,0,0,0,0,0,0,0,0,0,0,0,0,0,0,0,0,0,0,0,0,0,0,0,0,0,0,0,0,0,0,0,0,0,0,0,0,0,0,0,0,0,0,0,0,0,0,0,0,0,0,0,0,0,0,0,0,0,0,0,0,0,0,0,0,0,0,0,0,0,0,0,0,0,0,0,0,0,0,0,0,0,0,0,0,0,0,0,0,0,0,0,0,0,0,0,0,
0,0,0,0,0,0,0,0,0,0,0,0,0,0,0,0,0,0,0,0,0,0,0,0,0,0,0,0,0,0,0,0,0,0,0,0,0,0,0,0,0,0,0,0,0,0,0,0,0,0,0,0,0,0,0,0,0,0,0,0,0,0,0,0,0,0,0,0,0,0,0,0,0,0,0,0,0,0,0,0,0,0,0,0,0,0,0,0,0,0,0,0,0,0,0,0,0,0,0,0,0,0,0,0,0,0,0,0,0,0,0,0,0,0,0,0,0,0,0,0,0,0,0,0,0,0,0,0,0,0,0,0,0,0,0,0,0,0,0,0,0,0,0,0,0,0,0,0,0,0,0,0,0,0,0,0,0,0,0,0,0,0,0,0,0,0,0,0,0,0,0,0,0,0,0,0,0,0,0,0,0,0,0,0,0,0,0,0,0,0,0,0,0,0,0,0,0,0,0,0,0,0,0,0,0,0,0,0,0,0,0,0,0,0,0,0,0,0,0,0,0,0,0,0,0,0,0,0,0,0,0,0,0,0,0,0,0,0,0,0,0,0,0,0,0,0,0,0,0,0,0,0,0,0,0,0,
0,0,0,0,0,0,0,0,0,0,0,0,0,0,0,0,0,0,0,0,0,0,0,0,0,0,0,0,0,0,0,0,0,0,0,0,0,0,0,0,0,0,0,0,0,0,0,0,0,0,0,0,0,0,0,0,0,0,0,0,0,0,0,0,0,0,0,0,0,0,0,0,0,0,0,0,0,0,0,0,0,0,0,0,0,0,0,0,0,0,0,0,0,0,0,0,0,0,0,0,0,0,0,0,0,0,0,0,0,0,0,0,0,0,0,0,0,0,0,0,0,0,0,0,0,0,0,0,0,0,0,0,0,0,0,0,0,0,0,0,0,0,0,0,0,0,0,0,0,0,0,0,0,0,0,0,0,0,0,0,0,0,0,0,0,0,0,0,0,0,0,0,0,0,0,0,0,0,0,0,0,0,0,0,0,0,0,0,0,0,0,0,0,0,0,0,0,0,0,0,0,0,0,0,0,0,0,0,0,0,0,0,0,0,0,0,0,0,0,0,0,0,0,0,0,0,0,0,0,0,0,0,0,0,0,0,0,0,0,0,0,0,0,0,0,0,0,0,0,0,0,0,0,0,0,0,
0,0,0,0,0,0,0,0,0,0,0,0,0,0,0,0,0,0,0,0,0,0,0,0,0,0,0,0,0,0,0,0,0,0,0,0,0,0,0,0,0,0,0,0,0,0,0,0,0,0,0,0,0,0,0,0,0,0,0,0,0,0,0,0,0,0,0,0,0,0,0,0,0,0,0,0,0,0,0,0,0,0,0,0,0,0,0,0,0,0,0,0,0,0,0,0,0,0,0,0,0,0,0,0,0,0,0,0,0,0,0,0,0,0,0,0,0,0,0,0,0,0,0,0,0,0,0,0,0,0,0,0,0,0,0,0,0,0,0,0,0,0,0,0,0,0,0,0,0,0,0,0,0,0,0,0,0,0,0,0,0,0,0,0,0,0,0,0,0,0,0,0,0,0,0,0,0,0,0,0,0,0,0,0,0,0,0,0,0,0,0,0,0,0,0,0,0,0,0,0,0,0,0,0,0,0,0,0,0,0,0,0,0,0,0,0,0,0,0,0,0,0,0,0,0,0,0,0,0,0,0,0,0,0,0,0,0,0,0,0,0,0,0,0,0,0,0,0,0,0,0,0,0,0,0,0,
0,0,0,0,0,0,0,0,0,0,0,0,0,0,0,0,0,0,0,0,0,0,0,0,0,0,0,0,0,0,0,0,0,0,0,0,0,0,0,0,0,0,0,0,0,0,0,0,0,0,0,0,0,0,0,0,0,0,0,0,0,0,0,0,0,0,0,0,0,0,0,0,0,0,0,0,0,0,0,0,0,0,0,0,0,0,0,0,0,0,0,0,0,0,0,0,0,0,0,0,0,0,0,0,0,0,0,0,0,0,0,0,0,0,0,0,0,0,0,0,0,0,0,0,0,0,0,0,0,0,0,0,0,0,0,0,0,0,0,0,0,0,0,0,0,0,0,0,0,0,0,0,0,0,0,0,0,0,0,0,0,0,0,0,0,0,0,0,0,0,0,0,0,0,0,0,0,0,0,0,0,0,0,0,0,0,0,0,0,0,0,0,0,0,0,0,0,0,0,0,0,0,0,0,0,0,0,0,0,0,0,0,0,0,0,0,0,0,0,0,0,0,0,0,0,0,0,0,0,0,0,0,0,0,0,0,0,0,0,0,0,0,0,0,0,0,0,0,0,0,0,0,0,0,0,0,
0,0,0,0,0,0,0,0,0,0,0,0,0,0,0,0,0,0,0,0,0,0,0,0,0,0,0,0,0,0,0,0,0,0,0,0,0,0,0,0,0,0,0,0,0,0,0,0,0,0,0,0,0,0,0,0,0,0,0,0,0,0,0,0,0,0,0,0,0,0,0,0,0,0,0,0,0,0,0,0,0,0,0,0,0,0,0,0,0,0,0,0,0,0,0,0,0,0,0,0,0,0,0,0,0,0,0,0,0,0,0,0,0,0,0,0,0,0,0,0,0,0,0,0,0,0,0,0,0,0,0,0,0,0,0,0,0,0,0,0,0,0,0,0,0,0,0,0,0,0,0,0,0,0,0,0,0,0,0,0,0,0,0,0,0,0,0,0,0,0,0,0,0,0,0,0,0,0,0,0,0,0,0,0,0,0,0,0,0,0,0,0,0,0,0,0,0,0,0,0,0,0,0,0,0,0,0,0,0,0,0,0,0,0,0,0,0,0,0,0,0,0,0,0,0,0,0,0,0,0,0,0,0,0,0,0,0,0,0,0,0,0,0,0,0,0,0,0,0,0,0,0,0,0,0,0,
0,0,0,0,0,0,0,0,0,0,0,0,0,0,0,0,0,0,0,0,0,0,0,0,0,0,0,0,0,0,0,0,0,0,0,0,0,0,0,0,0,0,0,0,0,0,0,0,0,0,0,0,0,0,0,0,0,0,0,0,0,0,0,0,0,0,0,0,0,0,0,0,0,0,0,0,0,0,0,0,0,0,0,0,0,0,0,0,0,0,0,0,0,0,0,0,0,0,0,0,0,0,0,0,0,0,0,0,0,0,0,0,0,0,0,0,0,0,0,0,0,0,0,0,0,0,0,0,0,0,0,0,0,0,0,0,0,0,0,0,0,0,0,0,0,0,0,0,0,0,0,0,0,0,0,0,0,0,0,0,0,0,0,0,0,0,0,0,0,0,0,0,0,0,0,0,0,0,0,0,0,0,0,0,0,0,0,0,0,0,0,0,0,0,0,0,0,0,0,0,0,0,0,0,0,0,0,0,0,0,0,0,0,0,0,0,0,0,0,0,0,0,0,0,0,0,0,0,0,0,0,0,0,0,0,0,0,0,0,0,0,0,0,0,0,0,0,0,0,0,0,0,0,0,0,0,
0,0,0,0,0,0,0,0,0,0,0,0,0,0,0,0,0,0,0,0,0,0,0,0,0,0,0,0,0,0,0,0,0,0,0,0,0,0,0,0,0,0,0,0,0,0,0,0,0,0,0,0,0,0,0,0,0,0,0,0,0,0,0,0,0,0,0,0,0,0,0,0,0,0,0,0,0,0,0,0,0,0,0,0,0,0,0,0,0,0,0,0,0,0,0,0,0,0,0,0,0,0,0,0,0,0,0,0,0,0,0,0,0,0,0,0,0,0,0,0,0,0,0,0,0,0,0,0,0,0,0,0,0,0,0,0,0,0,0,0,0,0,0,0,0,0,0,0,0,0,0,0,0,0,0,0,0,0,0,0,0,0,0,0,0,0,0,0,0,0,0,0,0,0,0,0,0,0,0,0,0,0,0,0,0,0,0,0,0,0,0,0,0,0,0,0,0,0,0,0,0,0,0,0,0,0,0,0,0,0,0,0,0,0,0,0,0,0,0,0,0,0,0,0,0,0,0,0,0,0,0,0,0,0,0,0,0,0,0,0,0,0,0,0,0,0,0,0,0,0,0,0,0,0,0,0,
0,0,0,0,0,0,0,0,0,0,0,0,0,0,0,0,0,0,0,0,0,0,0,0,0,0,0,0,0,0,0,0,0,0,0,0,0,0,0,0,0,0,0,0,0,0,0,0,0,0,0,0,0,0,0,0,0,0,0,0,0,0,0,0,0,0,0,0,0,0,0,0,0,0,0,0,0,0,0,0,0,0,0,0,0,0,0,0,0,0,0,0,0,0,0,0,0,0,0,0,0,0,0,0,0,0,0,0,0,0,0,0,0,0,0,0,0,0,0,0,0,0,0,0,0,0,0,0,0,0,0,0,0,0,0,0,0,0,0,0,0,0,0,0,0,0,0,0,0,0,0,0,0,0,0,0,0,0,0,0,0,0,0,0,0,0,0,0,0,0,0,0,0,0,0,0,0,0,0,0,0,0,0,0,0,0,0,0,0,0,0,0,0,0,0,0,0,0,0,0,0,0,0,0,0,0,0,0,0,0,0,0,0,0,0,0,0,0,0,0,0,0,0,0,0,0,0,0,0,0,0,0,0,0,0,0,0,0,0,0,0,0,0,0,0,0,0,0,0,0,0,0,0,0,0,0,
0,0,0,0,0,0,0,0,0,0,0,0,0,0,0,0,0,0,0,0,0,0,0,0,0,0,0,0,0,0,0,0,0,0,0,0,0,0,0,0,0,0,0,0,0,0,0,0,0,0,0,0,0,0,0,0,0,0,0,0,0,0,0,0,0,0,0,0,0,0,0,0,0,0,0,0,0,0,0,0,0,0,0,0,0,0,0,0,0,0,0,0,0,0,0,0,0,0,0,0,0,0,0,0,0,0,0,0,0,0,0,0,0,0,0,0,0,0,0,0,0,0,0,0,0,0,0,0,0,0,0,0,0,0,0,0,0,0,0,0,0,0,0,0,0,0,0,0,0,0,0,0,0,0,0,0,0,0,0,0,0,0,0,0,0,0,0,0,0,0,0,0,0,0,0,0,0,0,0,0,0,0,0,0,0,0,0,0,0,0,0,0,0,0,0,0,0,0,0,0,0,0,0,0,0,0,0,0,0,0,0,0,0,0,0,0,0,0,0,0,0,0,0,0,0,0,0,0,0,0,0,0,0,0,0,0,0,0,0,0,0,0,0,0,0,0,0,0,0,0,0,0,0,0,0,0,
0,0,0,0,0,0,0,0,0,0,0,0,0,0,0,0,0,0,0,0,0,0,0,0,0,0,0,0,0,0,0,0,0,0,0,0,0,0,0,0,0,0,0,0,0,0,0,0,0,0,0,0,0,0,0,0,0,0,0,0,0,0,0,0,0,0,0,0,0,0,0,0,0,0,0,0,0,0,0,0,0,0,0,0,0,0,0,0,0,0,0,0,0,0,0,0,0,0,0,0,0,0,0,0,0,0,0,0,0,0,0,0,0,0,0,0,0,0,0,0,0,0,0,0,0,0,0,0,0,0,0,0,0,0,0,0,0,0,0,0,0,0,0,0,0,0,0,0,0,0,0,0,0,0,0,0,0,0,0,0,0,0,0,0,0,0,0,0,0,0,0,0,0,0,0,0,0,0,0,0,0,0,0,0,0,0,0,0,0,0,0,0,0,0,0,0,0,0,0,0,0,0,0,0,0,0,0,0,0,0,0,0,0,0,0,0,0,0,0,0,0,0,0,0,0,0,0,0,0,0,0,0,0,0,0,0,0,0,0,0,0,0,0,0,0,0,0,0,0,0,0,0,0,0,0,0,
0,0,0,0,0,0,0,0,0,0,0,0,0,0,0,0,0,0,0,0,0,0,0,0,0,0,0,0,0,0,0,0,0,0,0,0,0,0,0,0,0,0,0,0,0,0,0,0,0,0,0,0,0,0,0,0,0,0,0,0,0,0,0,0,0,0,0,0,0,0,0,0,0,0,0,0,0,0,0,0,0,0,0,0,0,0,0,0,0,0,0,0,0,0,0,0,0,0,0,0,0,0,0,0,0,0,0,0,0,0,0,0,0,0,0,0,0,0,0,0,0,0,0,0,0,0,0,0,0,0,0,0,0,0,0,0,0,0,0,0,0,0,0,0,0,0,0,0,0,0,0,0,0,0,0,0,0,0,0,0,0,0,0,0,0,0,0,0,0,0,0,0,0,0,0,0,0,0,0,0,0,0,0,0,0,0,0,0,0,0,0,0,0,0,0,0,0,0,0,0,0,0,0,0,0,0,0,0,0,0,0,0,0,0,0,0,0,0,0,0,0,0,0,0,0,0,0,0,0,0,0,0,0,0,0,0,0,0,0,0,0,0,0,0,0,0,0,0,0,0,0,0,0,0,0,0,
0,0,0,0,0,0,0,0,0,0,0,0,0,0,0,0,0,0,0,0,0,0,0,0,0,0,0,0,0,0,0,0,0,0,0,0,0,0,0,0,0,0,0,0,0,0,0,0,0,0,0,0,0,0,0,0,0,0,0,0,0,0,0,0,0,0,0,0,0,0,0,0,0,0,0,0,0,0,0,0,0,0,0,0,0,0,0,0,0,0,0,0,0,0,0,0,0,0,0,0,0,0,0,0,0,0,0,0,0,0,0,0,0,0,0,0,0,0,0,0,0,0,0,0,0,0,0,0,0,0,0,0,0,0,0,0,0,0,0,0,0,0,0,0,0,0,0,0,0,0,0,0,0,0,0,0,0,0,0,0,0,0,0,0,0,0,0,0,0,0,0,0,0,0,0,0,0,0,0,0,0,0,0,0,0,0,0,0,0,0,0,0,0,0,0,0,0,0,0,0,0,0,0,0,0,0,0,0,0,0,0,0,0,0,0,0,0,0,0,0,0,0,0,0,0,0,0,0,0,0,0,0,0,0,0,0,0,0,0,0,0,0,0,0,0,0,0,0,0,0,0,0,0,0,0,0,
0,0,0,0,0,0,0,0,0,0,0,0,0,0,0,0,0,0,0,0,0,0,0,0,0,0,0,0,0,0,0,0,0,0,0,0,0,0,0,0,0,0,0,0,0,0,0,0,0,0,0,0,0,0,0,0,0,0,0,0,0,0,0,0,0,0,0,0,0,0,0,0,0,0,0,0,0,0,0,0,0,0,0,0,0,0,0,0,0,0,0,0,0,0,0,0,0,0,0,0,0,0,0,0,0,0,0,0,0,0,0,0,0,0,0,0,0,0,0,0,0,0,0,0,0,0,0,0,0,0,0,0,0,0,0,0,0,0,0,0,0,0,0,0,0,0,0,0,0,0,0,0,0,0,0,0,0,0,0,0,0,0,0,0,0,0,0,0,0,0,0,0,0,0,0,0,0,0,0,0,0,0,0,0,0,0,0,0,0,0,0,0,0,0,0,0,0,0,0,0,0,0,0,0,0,0,0,0,0,0,0,0,0,0,0,0,0,0,0,0,0,0,0,0,0,0,0,0,0,0,0,0,0,0,0,0,0,0,0,0,0,0,0,0,0,0,0,0,0,0,0,0,0,0,0,0,
0,0,0,0,0,0,0,0,0,0,0,0,0,0,0,0,0,0,0,0,0,0,0,0,0,0,0,0,0,0,0,0,0,0,0,0,0,0,0,0,0,0,0,0,0,0,0,0,0,0,0,0,0,0,0,0,0,0,0,0,0,0,0,0,0,0,0,0,0,0,0,0,0,0,0,0,0,0,0,0,0,0,0,0,0,0,0,0,0,0,0,0,0,0,0,0,0,0,0,0,0,0,0,0,0,0,0,0,0,0,0,0,0,0,0,0,0,0,0,0,0,0,0,0,0,0,0,0,0,0,0,0,0,0,0,0,0,0,0,0,0,0,0,0,0,0,0,0,0,0,0,0,0,0,0,0,0,0,0,0,0,0,0,0,0,0,0,0,0,0,0,0,0,0,0,0,0,0,0,0,0,0,0,0,0,0,0,0,0,0,0,0,0,0,0,0,0,0,0,0,0,0,0,0,0,0,0,0,0,0,0,0,0,0,0,0,0,0,0,0,0,0,0,0,0,0,0,0,0,0,0,0,0,0,0,0,0,0,0,0,0,0,0,0,0,0,0,0,0,0,0,0,0,0,0,0,
0,0,0,0,0,0,0,0,0,0,0,0,0,0,0,0,0,0,0,0,0,0,0,0,0,0,0,0,0,0,0,0,0,0,0,0,0,0,0,0,0,0,0,0,0,0,0,0,0,0,0,0,0,0,0,0,0,0,0,0,0,0,0,0,0,0,0,0,0,0,0,0,0,0,0,0,0,0,0,0,0,0,0,0,0,0,0,0,0,0,0,0,0,0,0,0,0,0,0,0,0,0,0,0,0,0,0,0,0,0,0,0,0,0,0,0,0,0,0,0,0,0,0,0,0,0,0,0,0,0,0,0,0,0,0,0,0,0,0,0,0,0,0,0,0,0,0,0,0,0,0,0,0,0,0,0,0,0,0,0,0,0,0,0,0,0,0,0,0,0,0,0,0,0,0,0,0,0,0,0,0,0,0,0,0,0,0,0,0,0,0,0,0,0,0,0,0,0,0,0,0,0,0,0,0,0,0,0,0,0,0,0,0,0,0,0,0,0,0,0,0,0,0,0,0,0,0,0,0,0,0,0,0,0,0,0,0,0,0,0,0,0,0,0,0,0,0,0,0,0,0,0,0,0,0,0,
0,0,0,0,0,0,0,0,0,0,0,0,0,0,0,0,0,0,0,0,0,0,0,0,0,0,0,0,0,0,0,0,0,0,0,0,0,0,0,0,0,0,0,0,0,0,0,0,0,0,0,0,0,0,0,0,0,0,0,0,0,0,0,0,0,0,0,0,0,0,0,0,0,0,0,0,0,0,0,0,0,0,0,0,0,0,0,0,0,0,0,0,0,0,0,0,0,0,0,0,0,0,0,0,0,0,0,0,0,0,0,0,0,0,0,0,0,0,0,0,0,0,0,0,0,0,0,0,0,0,0,0,0,0,0,0,0,0,0,0,0,0,0,0,0,0,0,0,0,0,0,0,0,0,0,0,0,0,0,0,0,0,0,0,0,0,0,0,0,0,0,0,0,0,0,0,0,0,0,0,0,0,0,0,0,0,0,0,0,0,0,0,0,0,0,0,0,0,0,0,0,0,0,0,0,0,0,0,0,0,0,0,0,0,0,0,0,0,0,0,0,0,0,0,0,0,0,0,0,0,0,0,0,0,0,0,0,0,0,0,0,0,0,0,0,0,0,0,0,0,0,0,0,0,0,0,
0,0,0,0,0,0,0,0,0,0,0,0,0,0,0,0,0,0,0,0,0,0,0,0,0,0,0,0,0,0,0,0,0,0,0,0,0,0,0,0,0,0,0,0,0,0,0,0,0,0,0,0,0,0,0,0,0,0,0,0,0,0,0,0,0,0,0,0,0,0,0,0,0,0,0,0,0,0,0,0,0,0,0,0,0,0,0,0,0,0,0,0,0,0,0,0,0,0,0,0,0,0,0,0,0,0,0,0,0,0,0,0,0,0,0,0,0,0,0,0,0,0,0,0,0,0,0,0,0,0,0,0,0,0,0,0,0,0,0,0,0,0,0,0,0,0,0,0,0,0,0,0,0,0,0,0,0,0,0,0,0,0,0,0,0,0,0,0,0,0,0,0,0,0,0,0,0,0,0,0,0,0,0,0,0,0,0,0,0,0,0,0,0,0,0,0,0,0,0,0,0,0,0,0,0,0,0,0,0,0,0,0,0,0,0,0,0,0,0,0,0,0,0,0,0,0,0,0,0,0,0,0,0,0,0,0,0,0,0,0,0,0,0,0,0,0,0,0,0,0,0,0,0,0,0,0,
0,0,0,0,0,0,0,0,0,0,0,0,0,0,0,0,0,0,0,0,0,0,0,0,0,0,0,0,0,0,0,0,0,0,0,0,0,0,0,0,0,0,0,0,0,0,0,0,0,0,0,0,0,0,0,0,0,0,0,0,0,0,0,0,0,0,0,0,0,0,0,0,0,0,0,0,0,0,0,0,0,0,0,0,0,0,0,0,0,0,0,0,0,0,0,0,0,0,0,0,0,0,0,0,0,0,0,0,0,0,0,0,0,0,0,0,0,0,0,0,0,0,0,0,0,0,0,0,0,0,0,0,0,0,0,0,0,0,0,0,0,0,0,0,0,0,0,0,0,0,0,0,0,0,0,0,0,0,0,0,0,0,0,0,0,0,0,0,0,0,0,0,0,0,0,0,0,0,0,0,0,0,0,0,0,0,0,0,0,0,0,0,0,0,0,0,0,0,0,0,0,0,0,0,0,0,0,0,0,0,0,0,0,0,0,0,0,0,0,0,0,0,0,0,0,0,0,0,0,0,0,0,0,0,0,0,0,0,0,0,0,0,0,0,0,0,0,0,0,0,0,0,0,0,0,0,
0,0,0,0,0,0,0,0,0,0,0,0,0,0,0,0,0,0,0,0,0,0,0,0,0,0,0,0,0,0,0,0,0,0,0,0,0,0,0,0,0,0,0,0,0,0,0,0,0,0,0,0,0,0,0,0,0,0,0,0,0,0,0,0,0,0,0,0,0,0,0,0,0,0,0,0,0,0,0,0,0,0,0,0,0,0,0,0,0,0,0,0,0,0,0,0,0,0,0,0,0,0,0,0,0,0,0,0,0,0,0,0,0,0,0,0,0,0,0,0,0,0,0,0,0,0,0,0,0,0,0,0,0,0,0,0,0,0,0,0,0,0,0,0,0,0,0,0,0,0,0,0,0,0,0,0,0,0,0,0,0,0,0,0,0,0,0,0,0,0,0,0,0,0,0,0,0,0,0,0,0,0,0,0,0,0,0,0,0,0,0,0,0,0,0,0,0,0,0,0,0,0,0,0,0,0,0,0,0,0,0,0,0,0,0,0,0,0,0,0,0,0,0,0,0,0,0,0,0,0,0,0,0,0,0,0,0,0,0,0,0,0,0,0,0,0,0,0,0,0,0,0,0,0,0,0,
0,0,0,0,0,0,0,0,0,0,0,0,0,0,0,0,0,0,0,0,0,0,0,0,0,0,0,0,0,0,0,0,0,0,0,0,0,0,0,0,0,0,0,0,0,0,0,0,0,0,0,0,0,0,0,0,0,0,0,0,0,0,0,0,0,0,0,0,0,0,0,0,0,0,0,0,0,0,0,0,0,0,0,0,0,0,0,0,0,0,0,0,0,0,0,0,0,0,0,0,0,0,0,0,0,0,0,0,0,0,0,0,0,0,0,0,0,0,0,0,0,0,0,0,0,0,0,0,0,0,0,0,0,0,0,0,0,0,0,0,0,0,0,0,0,0,0,0,0,0,0,0,0,0,0,0,0,0,0,0,0,0,0,0,0,0,0,0,0,0,0,0,0,0,0,0,0,0,0,0,0,0,0,0,0,0,0,0,0,0,0,0,0,0,0,0,0,0,0,0,0,0,0,0,0,0,0,0,0,0,0,0,0,0,0,0,0,0,0,0,0,0,0,0,0,0,0,0,0,0,0,0,0,0,0,0,0,0,0,0,0,0,0,0,0,0,0,0,0,0,0,0,0,0,0,0,
0,0,0,0,0,0,0,0,0,0,0,0,0,0,0,0,0,0,0,0,0,0,0,0,0,0,0,0,0,0,0,0,0,0,0,0,0,0,0,0,0,0,0,0,0,0,0,0,0,0,0,0,0,0,0,0,0,0,0,0,0,0,0,0,0,0,0,0,0,0,0,0,0,0,0,0,0,0,0,0,0,0,0,0,0,0,0,0,0,0,0,0,0,0,0,0,0,0,0,0,0,0,0,0,0,0,0,0,0,0,0,0,0,0,0,0,0,0,0,0,0,0,0,0,0,0,0,0,0,0,0,0,0,0,0,0,0,0,0,0,0,0,0,0,0,0,0,0,0,0,0,0,0,0,0,0,0,0,0,0,0,0,0,0,0,0,0,0,0,0,0,0,0,0,0,0,0,0,0,0,0,0,0,0,0,0,0,0,0,0,0,0,0,0,0,0,0,0,0,0,0,0,0,0,0,0,0,0,0,0,0,0,0,0,0,0,0,0,0,0,0,0,0,0,0,0,0,0,0,0,0,0,0,0,0,0,0,0,0,0,0,0,0,0,0,0,0,0,0,0,0,0,0,0,0,0,
0,0,0,0,0,0,0,0,0,0,0,0,0,0,0,0,0,0,0,0,0,0,0,0,0,0,0,0,0,0,0,0,0,0,0,0,0,0,0,0,0,0,0,0,0,0,0,0,0,0,0,0,0,0,0,0,0,0,0,0,0,0,0,0,0,0,0,0,0,0,0,0,0,0,0,0,0,0,0,0,0,0,0,0,0,0,0,0,0,0,0,0,0,0,0,0,0,0,0,0,0,0,0,0,0,0,0,0,0,0,0,0,0,0,0,0,0,0,0,0,0,0,0,0,0,0,0,0,0,0,0,0,0,0,0,0,0,0,0,0,0,0,0,0,0,0,0,0,0,0,0,0,0,0,0,0,0,0,0,0,0,0,0,0,0,0,0,0,0,0,0,0,0,0,0,0,0,0,0,0,0,0,0,0,0,0,0,0,0,0,0,0,0,0,0,0,0,0,0,0,0,0,0,0,0,0,0,0,0,0,0,0,0,0,0,0,0,0,0,0,0,0,0,0,0,0,0,0,0,0,0,0,0,0,0,0,0,0,0,0,0,0,0,0,0,0,0,0,0,0,0,0,0,0,0,0,
0,0,0,0,0,0,0,0,0,0,0,0,0,0,0,0,0,0,0,0,0,0,0,0,0,0,0,0,0,0,0,0,0,0,0,0,0,0,0,0,0,0,0,0,0,0,0,0,0,0,0,0,0,0,0,0,0,0,0,0,0,0,0,0,0,0,0,0,0,0,0,0,0,0,0,0,0,0,0,0,0,0,0,0,0,0,0,0,0,0,0,0,0,0,0,0,0,0,0,0,0,0,0,0,0,0,0,0,0,0,0,0,0,0,0,0,0,0,0,0,0,0,0,0,0,0,0,0,0,0,0,0,0,0,0,0,0,0,0,0,0,0,0,0,0,0,0,0,0,0,0,0,0,0,0,0,0,0,0,0,0,0,0,0,0,0,0,0,0,0,0,0,0,0,0,0,0,0,0,0,0,0,0,0,0,0,0,0,0,0,0,0,0,0,0,0,0,0,0,0,0,0,0,0,0,0,0,0,0,0,0,0,0,0,0,0,0,0,0,0,0,0,0,0,0,0,0,0,0,0,0,0,0,0,0,0,0,0,0,0,0,0,0,0,0,0,0,0,0,0,0,0,0,0,0,0,
0,0,0,0,0,0,0,0,0,0,0,0,0,0,0,0,0,0,0,0,0,0,0,0,0,0,0,0,0,0,0,0,0,0,0,0,0,0,0,0,0,0,0,0,0,0,0,0,0,0,0,0,0,0,0,0,0,0,0,0,0,0,0,0,0,0,0,0,0,0,0,0,0,0,0,0,0,0,0,0,0,0,0,0,0,0,0,0,0,0,0,0,0,0,0,0,0,0,0,0,0,0,0,0,0,0,0,0,0,0,0,0,0,0,0,0,0,0,0,0,0,0,0,0,0,0,0,0,0,0,0,0,0,0,0,0,0,0,0,0,0,0,0,0,0,0,0,0,0,0,0,0,0,0,0,0,0,0,0,0,0,0,0,0,0,0,0,0,0,0,0,0,0,0,0,0,0,0,0,0,0,0,0,0,0,0,0,0,0,0,0,0,0,0,0,0,0,0,0,0,0,0,0,0,0,0,0,0,0,0,0,0,0,0,0,0,0,0,0,0,0,0,0,0,0,0,0,0,0,0,0,0,0,0,0,0,0,0,0,0,0,0,0,0,0,0,0,0,0,0,0,0,0,0,0,0,
0,0,0,0,0,0,0,0,0,0,0,0,0,0,0,0,0,0,0,0,0,0,0,0,0,0,0,0,0,0,0,0,0,0,0,0,0,0,0,0,0,0,0,0,0,0,0,0,0,0,0,0,0,0,0,0,0,0,0,0,0,0,0,0,0,0,0,0,0,0,0,0,0,0,0,0,0,0,0,0,0,0,0,0,0,0,0,0,0,0,0,0,0,0,0,0,0,0,0,0,0,0,0,0,0,0,0,0,0,0,0,0,0,0,0,0,0,0,0,0,0,0,0,0,0,0,0,0,0,0,0,0,0,0,0,0,0,0,0,0,0,0,0,0,0,0,0,0,0,0,0,0,0,0,0,0,0,0,0,0,0,0,0,0,0,0,0,0,0,0,0,0,0,0,0,0,0,0,0,0,0,0,0,0,0,0,0,0,0,0,0,0,0,0,0,0,0,0,0,0,0,0,0,0,0,0,0,0,0,0,0,0,0,0,0,0,0,0,0,0,0,0,0,0,0,0,0,0,0,0,0,0,0,0,0,0,0,0,0,0,0,0,0,0,0,0,0,0,0,0,0,0,0,0,0,0,
0,0,0,0,0,0,0,0,0,0,0,0,0,0,0,0,0,0,0,0,0,0,0,0,0,0,0,0,0,0,0,0,0,0,0,0,0,0,0,0,0,0,0,0,0,0,0,0,0,0,0,0,0,0,0,0,0,0,0,0,0,0,0,0,0,0,0,0,0,0,0,0,0,0,0,0,0,0,0,0,0,0,0,0,0,0,0,0,0,0,0,0,0,0,0,0,0,0,0,0,0,0,0,0,0,0,0,0,0,0,0,0,0,0,0,0,0,0,0,0,0,0,0,0,0,0,0,0,0,0,0,0,0,0,0,0,0,0,0,0,0,0,0,0,0,0,0,0,0,0,0,0,0,0,0,0,0,0,0,0,0,0,0,0,0,0,0,0,0,0,0,0,0,0,0,0,0,0,0,0,0,0,0,0,0,0,0,0,0,0,0,0,0,0,0,0,0,0,0,0,0,0,0,0,0,0,0,0,0,0,0,0,0,0,0,0,0,0,0,0,0,0,0,0,0,0,0,0,0,0,0,0,0,0,0,0,0,0,0,0,0,0,0,0,0,0,0,0,0,0,0,0,0,0,0,0,
0,0,0,0,0,0,0,0,0,0,0,0,0,0,0,0,0,0,0,0,0,0,0,0,0,0,0,0,0,0,0,0,0,0,0,0,0,0,0,0,0,0,0,0,0,0,0,0,0,0,0,0,0,0,0,0,0,0,0,0,0,0,0,0,0,0,0,0,0,0,0,0,0,0,0,0,0,0,0,0,0,0,0,0,0,0,0,0,0,0,0,0,0,0,0,0,0,0,0,0,0,0,0,0,0,0,0,0,0,0,0,0,0,0,0,0,0,0,0,0,0,0,0,0,0,0,0,0,0,0,0,0,0,0,0,0,0,0,0,0,0,0,0,0,0,0,0,0,0,0,0,0,0,0,0,0,0,0,0,0,0,0,0,0,0,0,0,0,0,0,0,0,0,0,0,0,0,0,0,0,0,0,0,0,0,0,0,0,0,0,0,0,0,0,0,0,0,0,0,0,0,0,0,0,0,0,0,0,0,0,0,0,0,0,0,0,0,0,0,0,0,0,0,0,0,0,0,0,0,0,0,0,0,0,0,0,0,0,0,0,0,0,0,0,0,0,0,0,0,0,0,0,0,0,0,0,
0,0,0,0,0,0,0,0,0,0,0,0,0,0,0,0,0,0,0,0,0,0,0,0,0,0,0,0,0,0,0,0,0,0,0,0,0,0,0,0,0,0,0,0,0,0,0,0,0,0,0,0,0,0,0,0,0,0,0,0,0,0,0,0,0,0,0,0,0,0,0,0,0,0,0,0,0,0,0,0,0,0,0,0,0,0,0,0,0,0,0,0,0,0,0,0,0,0,0,0,0,0,0,0,0,0,0,0,0,0,0,0,0,0,0,0,0,0,0,0,0,0,0,0,0,0,0,0,0,0,0,0,0,0,0,0,0,0,0,0,0,0,0,0,0,0,0,0,0,0,0,0,0,0,0,0,0,0,0,0,0,0,0,0,0,0,0,0,0,0,0,0,0,0,0,0,0,0,0,0,0,0,0,0,0,0,0,0,0,0,0,0,0,0,0,0,0,0,0,0,0,0,0,0,0,0,0,0,0,0,0,0,0,0,0,0,0,0,0,0,0,0,0,0,0,0,0,0,0,0,0,0,0,0,0,0,0,0,0,0,0,0,0,0,0,0,0,0,0,0,0,0,0,0,0,0,
0,0,0,0,0,0,0,0,0,0,0,0,0,0,0,0,0,0,0,0,0,0,0,0,0,0,0,0,0,0,0,0,0,0,0,0,0,0,0,0,0,0,0,0,0,0,0,0,0,0,0,0,0,0,0,0,0,0,0,0,0,0,0,0,0,0,0,0,0,0,0,0,0,0,0,0,0,0,0,0,0,0,0,0,0,0,0,0,0,0,0,0,0,0,0,0,0,0,0,0,0,0,0,0,0,0,0,0,0,0,0,0,0,0,0,0,0,0,0,0,0,0,0,0,0,0,0,0,0,0,0,0,0,0,0,0,0,0,0,0,0,0,0,0,0,0,0,0,0,0,0,0,0,0,0,0,0,0,0,0,0,0,0,0,0,0,0,0,0,0,0,0,0,0,0,0,0,0,0,0,0,0,0,0,0,0,0,0,0,0,0,0,0,0,0,0,0,0,0,0,0,0,0,0,0,0,0,0,0,0,0,0,0,0,0,0,0,0,0,0,0,0,0,0,0,0,0,0,0,0,0,0,0,0,0,0,0,0,0,0,0,0,0,0,0,0,0,0,0,0,0,0,0,0,0,0,
0,0,0,0,0,0,0,0,0,0,0,0,0,0,0,0,0,0,0,0,0,0,0,0,0,0,0,0,0,0,0,0,0,0,0,0,0,0,0,0,0,0,0,0,0,0,0,0,0,0,0,0,0,0,0,0,0,0,0,0,0,0,0,0,0,0,0,0,0,0,0,0,0,0,0,0,0,0,0,0,0,0,0,0,0,0,0,0,0,0,0,0,0,0,0,0,0,0,0,0,0,0,0,0,0,0,0,0,0,0,0,0,0,0,0,0,0,0,0,0,0,0,0,0,0,0,0,0,0,0,0,0,0,0,0,0,0,0,0,0,0,0,0,0,0,0,0,0,0,0,0,0,0,0,0,0,0,0,0,0,0,0,0,0,0,0,0,0,0,0,0,0,0,0,0,0,0,0,0,0,0,0,0,0,0,0,0,0,0,0,0,0,0,0,0,0,0,0,0,0,0,0,0,0,0,0,0,0,0,0,0,0,0,0,0,0,0,0,0,0,0,0,0,0,0,0,0,0,0,0,0,0,0,0,0,0,0,0,0,0,0,0,0,0,0,0,0,0,0,0,0,0,0,0,0,0,
0,0,0,0,0,0,0,0,0,0,0,0,0,0,0,0,0,0,0,0,0,0,0,0,0,0,0,0,0,0,0,0,0,0,0,0,0,0,0,0,0,0,0,0,0,0,0,0,0,0,0,0,0,0,0,0,0,0,0,0,0,0,0,0,0,0,0,0,0,0,0,0,0,0,0,0,0,0,0,0,0,0,0,0,0,0,0,0,0,0,0,0,0,0,0,0,0,0,0,0,0,0,0,0,0,0,0,0,0,0,0,0,0,0,0,0,0,0,0,0,0,0,0,0,0,0,0,0,0,0,0,0,0,0,0,0,0,0,0,0,0,0,0,0,0,0,0,0,0,0,0,0,0,0,0,0,0,0,0,0,0,0,0,0,0,0,0,0,0,0,0,0,0,0,0,0,0,0,0,0,0,0,0,0,0,0,0,0,0,0,0,0,0,0,0,0,0,0,0,0,0,0,0,0,0,0,0,0,0,0,0,0,0,0,0,0,0,0,0,0,0,0,0,0,0,0,0,0,0,0,0,0,0,0,0,0,0,0,0,0,0,0,0,0,0,0,0,0,0,0,0,0,0,0,0,0,
0,0,0,0,0,0,0,0,0,0,0,0,0,0,0,0,0,0,0,0,0,0,0,0,0,0,0,0,0,0,0,0,0,0,0,0,0,0,0,0,0,0,0,0,0,0,0,0,0,0,0,0,0,0,0,0,0,0,0,0,0,0,0,0,0,0,0,0,0,0,0,0,0,0,0,0,0,0,0,0,0,0,0,0,0,0,0,0,0,0,0,0,0,0,0,0,0,0,0,0,0,0,0,0,0,0,0,0,0,0,0,0,0,0,0,0,0,0,0,0,0,0,0,0,0,0,0,0,0,0,0,0,0,0,0,0,0,0,0,0,0,0,0,0,0,0,0,0,0,0,0,0,0,0,0,0,0,0,0,0,0,0,0,0,0,0,0,0,0,0,0,0,0,0,0,0,0,0,0,0,0,0,0,0,0,0,0,0,0,0,0,0,0,0,1,0,0,0,0,0,0,0,0,0,0,0,0,0,0,0,0,0,0,0,0,0,0,0,0,0,0,0,0,0,0,0,0,0,8,0,0,0,0,0,0,0,0,0,0,0,0,0,0,0,0,0,0,0,0,0,0,0,0,0,0,0,
0,0,0,0,0,0,0,0,0,0,0,0,0,0,0,0,0,0,0,0,0,0,0,0,0,0,0,0,0,0,0,0,0,0,0,0,0,0,0,0,0,0,0,0,0,0,0,0,0,0,0,0,0,0,0,0,0,0,0,0,0,0,0,0,0,0,0,0,0,0,0,0,0,0,0,0,0,0,0,0,0,0,0,0,0,0,0,0,0,0,0,0,0,0,0,0,0,0,0,0,0,0,0,0,0,0,0,0,0,0,0,0,0,0,0,0,0,0,0,0,0,0,0,0,0,0,0,0,0,0,0,0,0,0,0,0,0,0,0,0,0,0,0,0,0,0,0,0,0,0,0,0,0,0,0,0,0,0,0,0,0,0,0,0,0,0,0,0,0,0,0,0,0,0,0,0,0,0,0,0,0,0,0,0,0,0,0,0,0,0,0,0,0,0,0,0,0,0,0,0,0,0,0,0,0,0,0,0,4,0,0,3,0,0,0,0,0,0,0,0,0,0,0,0,8,0,0,9,10,0,0,0,0,0,0,0,0,0,0,0,0,0,0,0,0,0,0,0,0,0,0,0,0,0,0,0,
0,0,0,0,0,0,0,0,0,0,0,0,0,0,0,0,0,0,0,0,0,0,0,0,0,8,0,0,0,0,0,0,0,0,0,0,0,0,0,0,0,0,0,0,0,0,0,0,0,0,0,0,0,0,0,0,0,0,0,0,0,0,0,0,0,0,0,0,0,0,0,0,0,0,0,0,0,0,0,0,0,0,0,0,0,0,0,0,0,0,0,0,0,0,0,0,0,0,0,0,0,0,0,0,0,0,0,0,0,0,0,0,0,0,0,0,0,0,0,0,0,0,0,0,0,0,0,0,0,0,0,0,0,0,0,0,0,0,0,0,0,0,0,0,0,0,0,0,0,0,0,0,0,0,0,0,0,0,0,0,0,0,0,0,0,0,0,0,0,0,0,0,0,0,0,0,0,0,0,0,0,0,0,0,0,0,0,0,0,0,0,0,0,0,0,0,0,0,0,0,0,0,0,0,1,0,7,0,4,0,0,7,0,0,0,0,0,0,0,0,0,0,0,0,0,0,0,0,0,0,0,0,0,0,0,0,0,0,0,0,0,0,0,0,0,0,0,0,0,0,0,0,0,0,0,0,
0,0,0,0,0,0,0,0,0,0,0,0,0,0,0,0,0,0,0,0,0,0,0,0,0,0,10,0,0,0,0,0,0,0,0,0,0,0,0,0,0,0,0,0,0,0,0,0,0,6,0,0,5,0,0,0,0,0,0,0,0,0,0,0,0,0,0,0,0,0,0,0,0,0,0,0,0,0,0,0,0,0,0,0,0,0,0,0,0,0,0,0,0,0,0,0,0,0,0,0,0,0,0,0,0,0,0,0,0,0,0,0,0,0,0,0,0,0,0,0,0,0,0,0,0,0,0,0,0,0,0,0,0,0,0,0,0,0,0,0,0,0,0,0,0,0,0,0,0,0,0,2,0,0,0,0,0,0,0,0,0,0,0,0,0,0,0,0,0,1,0,0,0,0,0,0,0,0,0,0,0,0,0,0,0,0,0,0,0,0,0,0,0,1,0,0,0,0,0,0,0,0,1,0,1,0,0,8,7,5,5,5,5,0,0,0,0,0,0,0,0,0,0,0,0,0,0,0,0,0,0,0,0,0,0,0,0,0,0,0,0,0,0,0,0,0,0,0,0,0,0,0,0,0,0,0,
0,0,0,0,0,0,0,0,0,0,0,0,0,0,0,0,0,0,0,0,0,0,0,0,0,0,0,12,0,0,0,0,0,0,0,0,0,0,0,0,0,0,0,0,0,0,0,8,0,7,2,0,6,0,0,0,0,0,0,0,0,0,0,0,0,0,0,0,0,0,0,0,0,0,0,0,0,0,0,0,0,0,0,0,0,0,0,0,0,0,0,0,0,0,0,0,0,0,0,0,0,0,0,0,0,0,0,4,0,0,0,0,0,4,0,1,0,0,0,0,0,0,0,0,0,0,0,0,0,0,0,0,0,0,0,0,0,0,0,0,0,0,0,0,0,0,0,0,0,0,0,0,2,0,0,5,0,0,0,0,0,0,0,0,0,0,0,0,3,0,0,0,0,0,0,0,0,0,0,0,0,0,0,0,0,0,0,2,0,4,3,0,0,0,0,0,0,0,0,0,0,0,0,1,0,0,0,0,8,6,8,6,6,7,4,0,0,0,0,0,0,0,13,0,0,0,0,0,0,0,0,13,0,0,0,0,0,0,0,0,0,0,0,0,0,0,0,0,0,0,0,0,0,0,0,0,
0,0,0,0,0,0,0,0,0,0,0,0,0,0,0,0,0,0,0,1,0,0,0,0,0,0,0,0,12,0,0,0,0,0,0,4,0,0,0,0,0,0,0,0,0,0,0,0,0,0,3,0,0,0,0,0,0,0,0,0,0,0,0,0,0,0,0,0,0,0,0,0,0,0,0,0,0,0,0,0,0,0,0,0,0,0,0,0,0,0,0,0,0,0,0,0,0,0,0,0,0,0,0,0,3,0,0,3,0,0,0,0,0,1,5,0,0,3,4,0,0,0,0,0,0,0,0,0,0,0,0,0,0,0,0,0,0,0,4,0,0,0,0,0,0,0,0,0,0,0,0,0,0,0,0,0,0,0,0,0,0,0,0,0,0,3,0,0,0,0,0,0,0,0,0,0,0,0,0,0,0,0,0,0,0,0,0,0,5,0,4,0,0,0,1,2,0,0,0,0,0,0,3,2,0,0,4,0,0,0,0,0,7,3,0,0,0,0,0,0,0,16,0,0,0,0,0,9,12,0,0,12,14,0,0,0,0,0,0,0,0,0,0,0,0,0,0,0,0,0,0,0,0,0,0,0,
0,0,0,0,0,0,0,0,0,0,0,0,0,0,0,0,0,0,0,0,0,0,6,0,0,0,0,0,0,0,0,0,0,0,0,11,6,0,0,0,0,0,0,0,0,0,7,0,0,3,0,3,0,0,0,0,0,0,0,0,0,0,0,8,1,9,0,0,0,0,0,8,16,0,0,0,0,0,0,0,0,0,0,0,0,0,0,0,0,0,0,0,0,0,0,0,0,0,0,0,0,0,0,0,0,0,0,1,3,3,0,3,0,1,0,0,0,0,4,4,0,0,0,0,0,0,0,0,0,0,0,0,0,0,0,0,0,0,0,0,0,0,0,0,0,0,0,0,0,2,3,0,2,2,0,0,0,6,4,0,0,0,0,0,0,0,4,0,4,0,0,0,0,0,0,0,0,0,0,0,0,0,0,0,0,3,4,0,6,5,4,4,3,3,0,0,0,0,9,0,3,0,0,0,0,0,0,0,0,0,0,0,5,0,3,0,0,0,0,0,0,16,0,0,0,0,0,0,11,0,0,13,0,0,0,0,0,0,0,0,0,0,0,0,0,0,0,0,0,0,0,0,0,0,0,0,
0,0,0,0,0,0,0,0,0,0,0,0,0,0,0,0,0,0,6,0,0,15,14,6,7,8,0,0,0,0,0,0,13,9,13,13,12,8,0,0,6,9,0,12,0,0,9,8,7,0,15,0,0,0,0,0,0,0,0,0,0,0,0,9,0,0,0,0,2,0,8,14,15,16,17,0,0,16,0,0,0,0,0,0,0,0,0,0,0,0,0,0,0,0,0,0,0,0,0,0,0,0,0,0,0,0,0,0,2,0,0,4,3,0,0,0,0,0,0,5,0,0,0,0,0,0,0,0,0,0,0,0,8,0,0,0,12,0,0,0,0,0,0,0,3,0,0,0,0,0,3,0,3,3,0,0,0,4,0,6,0,0,0,0,5,0,0,4,5,4,0,0,0,0,0,0,0,0,0,0,0,0,0,0,0,0,0,8,5,7,7,7,4,0,0,2,0,0,10,10,6,4,4,0,0,0,0,0,0,0,0,0,0,0,0,0,0,0,5,0,17,16,0,0,0,0,0,0,0,0,15,16,0,0,0,0,0,0,0,0,0,0,0,0,0,0,0,0,0,0,0,0,0,0,0,0,
0,1,0,0,0,0,0,5,0,0,0,0,5,0,0,0,0,7,7,7,0,16,15,15,0,0,0,16,0,0,11,15,14,13,10,14,7,8,0,0,0,0,12,13,10,8,10,8,12,0,0,0,0,0,0,0,0,0,0,0,0,0,0,0,10,1,0,0,12,0,3,8,14,8,8,0,19,2,5,0,0,0,0,0,0,0,7,0,0,0,0,3,0,0,0,0,0,0,0,0,0,0,0,0,0,0,0,14,0,0,0,5,6,0,0,0,0,0,0,0,0,0,0,0,0,0,0,0,0,0,0,0,8,8,2,0,0,13,0,0,11,0,0,0,8,3,0,0,0,0,0,6,4,5,5,0,0,5,0,0,0,0,0,0,0,4,0,0,0,7,0,0,0,0,0,0,0,0,0,0,0,0,0,0,0,0,0,5,8,10,7,7,5,7,0,1,0,0,0,10,7,6,6,0,4,0,5,0,0,0,0,13,0,0,0,0,0,1,7,15,0,17,0,0,17,0,0,0,0,0,0,0,0,8,0,0,0,0,0,0,0,0,0,0,0,0,0,0,0,0,0,0,0,0,0,0,
0,0,0,0,11,0,0,6,9,0,0,0,7,6,7,0,0,0,0,8,0,0,0,16,0,0,7,9,14,12,12,12,11,14,13,15,0,11,0,0,10,11,0,13,10,11,10,9,10,8,13,0,0,0,0,0,0,0,0,0,0,0,0,1,2,9,18,12,13,12,5,9,14,3,10,9,2,3,8,6,1,0,0,0,0,0,0,5,0,0,0,0,0,0,0,0,0,0,0,0,0,0,0,0,0,1,0,0,0,0,0,12,0,7,4,5,0,0,0,0,0,0,0,0,0,0,0,3,0,0,0,1,8,0,0,0,0,13,14,9,0,0,0,0,6,4,8,0,3,9,0,0,7,2,5,5,10,5,5,0,0,0,2,0,0,1,2,7,0,7,0,9,7,0,0,3,0,0,5,0,9,6,0,9,0,7,5,6,9,9,11,10,12,0,0,6,1,0,0,0,10,3,7,6,10,4,12,13,7,0,15,16,13,18,0,0,0,2,3,7,0,0,0,0,0,16,0,10,0,0,0,0,0,0,0,9,0,0,0,0,0,0,0,0,0,0,0,0,0,0,0,0,0,0,0,0,
0,6,0,0,0,0,0,0,0,0,0,8,7,7,7,5,14,7,0,11,9,0,0,0,0,0,0,14,7,0,12,12,17,13,13,0,10,0,4,0,0,7,13,14,11,6,14,16,11,7,9,13,9,5,4,0,0,17,0,7,0,1,0,1,3,2,18,0,14,7,5,6,15,12,12,12,14,0,9,0,0,0,18,0,0,8,0,0,8,0,0,0,0,9,0,0,0,0,0,0,0,0,0,0,0,9,0,0,0,9,15,13,7,3,9,8,0,0,0,0,0,0,0,0,0,0,0,4,0,3,0,2,9,1,1,0,0,10,9,3,11,0,0,1,2,8,8,3,1,5,10,3,0,7,7,8,0,9,9,0,7,0,1,0,1,5,8,2,0,4,0,7,6,7,0,0,8,3,5,5,10,6,0,11,8,7,6,8,10,9,10,5,7,0,0,7,9,0,0,0,7,6,7,9,11,8,11,13,9,14,14,17,14,13,0,17,0,3,7,7,0,0,0,20,11,16,0,0,0,0,0,0,0,0,6,0,0,0,0,0,0,0,0,0,0,0,0,0,0,0,0,0,0,0,0,0,
11,2,1,0,2,5,14,0,11,0,12,0,0,7,1,6,13,5,0,14,14,0,0,0,7,0,5,11,17,8,0,12,18,19,11,0,11,0,0,0,6,9,12,12,7,9,14,15,16,10,8,10,10,7,6,0,0,16,6,7,6,7,7,1,4,2,6,0,17,6,8,6,13,12,13,14,0,0,10,7,0,0,19,19,19,8,2,10,6,8,7,0,0,4,12,0,12,14,0,0,0,0,0,0,0,10,0,0,0,9,0,14,10,9,5,9,0,0,0,8,0,7,0,0,0,5,0,0,4,5,0,0,0,6,3,5,2,0,0,4,11,0,0,0,7,2,8,3,4,2,2,3,7,8,7,6,7,9,10,4,4,4,5,3,2,1,6,1,5,0,5,0,6,0,0,0,0,6,4,0,6,5,7,10,8,8,5,6,10,1,9,11,9,8,10,8,7,7,0,8,8,7,10,10,7,10,9,5,11,15,16,17,17,0,0,17,17,12,14,10,12,13,0,0,0,0,0,11,15,0,11,0,11,0,16,0,0,0,0,0,0,0,0,0,0,0,0,0,0,0,0,0,0,0,0,0,
9,3,1,2,3,5,13,13,0,11,13,8,11,3,8,2,9,7,8,13,8,15,0,6,5,7,6,11,8,13,8,12,15,14,12,13,1,0,5,6,6,7,8,11,10,9,9,9,11,16,9,9,11,7,0,0,0,10,19,8,7,8,8,12,12,7,4,6,15,6,10,11,11,14,14,14,14,13,7,7,6,0,0,0,0,7,2,2,5,7,4,4,0,0,10,0,0,13,0,0,0,0,7,0,0,7,12,0,0,0,0,15,11,10,8,0,0,6,19,8,9,12,0,9,0,3,5,0,6,7,4,4,7,8,4,7,2,0,0,19,7,0,0,2,3,3,9,4,4,4,6,0,7,6,5,9,9,7,10,4,3,4,5,5,1,3,2,5,9,3,5,4,5,7,0,0,0,6,7,11,7,4,6,9,9,10,9,10,10,2,9,10,8,9,10,12,7,13,10,0,10,12,9,10,11,11,11,11,13,11,16,10,18,15,12,15,10,9,14,11,11,12,12,10,0,0,10,0,7,15,0,0,0,0,0,16,14,16,0,0,0,0,0,0,0,0,0,0,0,0,0,0,0,0,0,0,
3,6,8,9,16,5,14,12,0,12,10,9,11,3,12,10,10,7,6,9,14,9,11,7,7,6,13,11,9,8,12,12,8,16,13,14,11,1,6,6,7,7,7,11,12,13,10,10,13,10,5,9,12,11,0,0,0,11,8,9,10,10,12,13,4,7,5,6,6,9,6,7,6,12,16,15,12,14,12,8,11,7,0,0,8,7,9,3,16,5,5,7,11,5,0,13,14,11,0,4,4,0,0,0,0,10,0,13,2,15,0,0,0,11,8,9,7,17,0,0,0,10,9,10,7,0,13,4,6,9,6,4,7,4,6,5,7,9,1,9,8,9,0,4,4,8,10,6,7,6,5,0,8,9,0,8,9,8,9,1,4,4,5,3,2,3,3,5,6,6,6,5,8,0,7,8,10,4,13,8,7,12,11,8,12,9,11,11,10,11,3,5,3,4,3,10,14,12,11,9,0,10,7,9,12,16,12,12,13,3,11,10,10,11,11,12,17,17,13,12,11,11,11,10,0,0,16,11,0,11,12,9,10,12,0,0,7,17,17,0,0,0,0,0,0,0,0,0,0,0,0,0,0,0,0,0,
3,7,9,15,9,8,15,14,17,14,8,10,15,8,14,11,11,14,14,13,11,10,12,15,13,6,13,11,11,3,2,10,8,9,14,14,17,13,2,13,8,7,8,10,7,14,12,15,10,11,11,9,11,12,0,0,0,0,0,10,0,19,13,21,0,9,5,8,6,17,10,7,14,15,14,14,12,13,15,12,12,7,0,9,0,8,15,9,16,13,6,2,7,9,12,0,8,11,6,7,3,9,0,0,0,0,0,0,1,14,16,0,0,10,12,11,8,18,11,0,9,0,14,10,8,12,6,13,5,5,11,6,5,9,5,5,4,8,9,10,17,8,8,4,10,8,9,8,7,9,7,6,0,9,5,9,2,9,2,2,9,5,7,4,5,4,5,4,5,12,7,8,8,7,8,8,8,10,5,4,13,12,9,12,12,10,11,12,13,11,7,7,5,17,11,17,10,10,12,5,10,6,6,9,11,18,17,18,11,4,13,11,20,11,13,13,14,18,8,13,10,12,11,12,11,0,0,17,0,0,11,0,12,13,12,5,7,14,17,0,0,0,0,0,0,0,0,0,0,0,0,0,0,0,0,0,
12,8,8,0,16,0,10,13,18,18,17,16,8,8,1,17,12,14,14,15,14,14,13,13,4,8,15,8,0,0,2,11,12,10,11,15,11,18,14,14,9,7,11,18,11,17,9,9,8,11,11,18,10,11,12,0,13,10,0,10,0,13,13,6,6,9,7,6,5,17,10,9,8,17,15,12,15,12,9,12,13,13,9,11,8,11,17,0,12,9,6,5,2,12,10,9,9,13,10,6,7,6,11,11,10,0,0,0,15,15,6,14,21,10,12,13,10,8,13,0,0,13,0,15,15,12,12,11,5,10,14,14,14,7,10,6,5,10,9,12,10,14,18,9,10,10,10,4,8,8,8,5,9,0,8,6,5,10,9,4,10,9,8,6,6,14,1,7,5,12,12,19,9,8,8,7,11,11,7,6,13,12,14,10,9,14,12,12,12,7,8,6,10,5,6,5,18,6,6,12,10,14,5,9,11,0,19,18,17,12,14,12,12,22,13,20,17,18,12,8,15,9,11,13,12,10,0,11,0,0,11,11,10,6,13,9,0,8,0,17,0,0,0,0,0,0,0,0,0,0,0,0,0,0,0,0,
8,9,17,16,6,15,0,9,14,12,16,17,17,3,16,3,10,16,15,14,13,15,12,14,5,14,10,9,1,1,3,2,7,9,9,11,12,12,9,11,18,8,9,11,12,18,12,12,11,8,11,20,17,11,11,0,11,12,14,12,6,20,20,10,8,9,13,5,5,4,8,9,10,7,9,5,13,13,11,9,9,10,10,11,12,9,18,19,9,13,13,7,2,11,11,13,16,10,8,7,9,8,12,12,0,6,10,7,15,12,7,16,13,13,21,10,13,6,13,0,0,0,8,0,14,13,13,16,12,14,14,14,14,14,11,11,6,7,10,8,14,20,19,12,10,8,9,10,9,9,13,12,7,8,19,7,7,6,4,9,4,8,2,7,6,2,6,6,2,7,7,12,17,21,9,22,10,8,7,7,16,12,14,13,13,10,13,12,9,7,8,13,10,14,15,5,6,7,6,5,14,14,9,4,0,0,0,5,12,18,13,11,17,13,21,16,19,19,10,14,18,17,16,17,8,13,13,11,12,0,12,8,12,12,11,9,9,12,0,0,0,0,0,0,0,0,0,0,0,0,0,0,0,0,0,0,
6,17,10,7,9,7,8,9,15,13,17,17,11,4,8,9,5,8,14,6,15,16,15,9,17,14,13,10,11,0,1,9,8,10,8,10,12,13,12,11,19,19,12,11,13,12,13,12,16,14,16,21,21,8,18,11,0,12,10,6,6,7,21,9,9,8,13,7,7,14,8,7,10,19,10,8,5,14,9,13,9,9,12,10,11,12,10,19,13,10,12,3,3,13,12,17,3,2,9,9,9,9,14,9,9,11,11,11,11,12,13,12,13,13,13,15,11,0,13,0,0,0,0,0,0,0,18,0,17,15,14,16,14,12,15,15,11,12,4,15,21,15,21,20,8,11,10,8,12,12,12,13,10,13,21,20,11,11,4,6,10,10,4,5,9,9,3,3,15,7,7,21,20,13,21,10,13,10,10,15,16,16,14,15,10,13,17,14,15,6,12,13,13,14,7,6,7,9,7,9,4,4,9,6,15,4,15,13,8,10,8,14,19,18,11,12,18,19,10,21,17,17,21,19,16,9,12,14,14,14,11,10,9,13,10,9,10,18,10,0,18,0,0,0,0,0,0,0,0,0,0,0,0,0,0,0,
20,18,14,11,8,9,14,9,12,14,12,16,18,12,19,10,11,8,9,10,7,16,7,10,18,14,14,8,9,1,6,11,10,10,8,14,14,13,12,12,12,20,16,11,18,20,16,13,22,12,12,23,21,9,11,13,12,13,11,12,9,6,8,4,13,9,14,7,17,15,15,11,8,9,12,9,9,10,10,11,10,12,13,15,17,12,14,19,9,14,13,13,5,4,5,6,4,3,3,11,9,9,15,21,8,10,12,9,8,11,7,8,16,13,14,12,11,10,14,14,0,0,0,0,10,10,9,10,18,17,10,15,18,13,16,15,11,14,10,16,16,15,15,20,7,7,7,7,7,10,13,15,15,11,22,21,9,12,5,14,11,6,14,10,17,11,11,4,18,17,17,15,15,15,21,13,14,14,14,17,10,16,23,17,16,17,17,7,15,10,6,7,12,14,16,8,8,9,10,10,9,12,4,12,14,5,13,7,17,8,10,10,15,14,12,12,13,17,15,19,18,21,18,21,17,7,12,6,4,15,15,17,14,13,11,10,16,15,15,11,15,19,15,0,0,0,0,0,0,0,0,0,0,0,0,0,
5,7,16,8,10,9,13,16,17,11,12,18,12,10,10,18,12,12,13,9,9,8,14,11,16,10,9,11,11,6,10,7,3,8,15,15,13,15,13,13,14,11,17,12,14,19,12,23,22,24,21,19,15,15,10,12,14,13,9,8,11,8,9,6,11,13,12,7,16,15,16,12,9,15,19,12,11,11,15,12,12,11,13,13,20,18,11,21,10,15,15,12,6,17,6,13,13,12,13,14,14,21,15,20,14,10,11,17,9,9,8,13,17,17,13,15,11,11,11,10,8,0,0,11,11,12,10,10,12,18,11,16,13,21,16,14,12,13,14,14,4,8,16,21,24,8,8,8,8,11,14,21,16,16,12,11,17,9,11,8,12,6,11,13,14,17,17,9,15,11,13,19,15,18,16,13,14,14,13,12,11,12,16,15,14,9,16,12,8,11,12,9,14,14,10,17,7,7,9,9,13,14,15,12,14,16,14,10,13,15,10,11,10,20,12,15,16,16,18,13,19,14,19,21,22,10,13,12,12,5,11,7,5,19,13,12,17,16,15,16,13,16,0,0,0,0,0,0,0,10,0,0,0,0,0,0,
9,7,11,9,10,10,17,16,17,9,18,27,13,15,11,10,25,13,14,10,9,10,11,9,17,7,9,11,10,10,19,6,4,7,10,17,16,11,14,15,14,14,11,19,15,14,23,24,21,17,24,16,13,22,14,13,11,18,10,14,13,8,7,6,17,13,13,13,7,11,18,17,13,19,15,12,19,12,16,14,15,12,14,13,18,16,20,21,16,15,16,13,14,15,7,6,11,9,14,16,14,22,16,19,15,17,10,11,10,10,13,19,15,17,16,17,12,12,11,11,12,13,0,11,10,10,15,11,12,17,15,11,11,13,22,21,15,17,16,15,10,16,16,21,25,8,16,9,9,17,16,15,16,17,12,18,18,17,17,9,9,9,16,11,11,15,18,15,13,13,12,14,15,15,21,20,14,23,16,13,13,17,15,16,10,11,11,9,10,10,11,13,10,8,11,11,7,8,6,13,13,13,15,15,16,17,17,17,13,11,11,12,17,16,21,20,16,16,20,21,22,15,13,9,22,17,7,14,13,13,12,15,7,19,9,20,13,20,17,16,17,18,13,0,14,13,0,0,0,11,0,0,16,11,16,0,
13,9,13,13,10,14,16,12,18,19,18,27,16,16,16,21,20,22,24,10,12,14,12,13,11,20,19,12,11,10,20,20,6,4,6,11,13,11,21,17,15,17,12,15,13,14,15,22,23,16,25,12,16,26,13,14,16,15,17,15,13,9,10,6,18,7,10,13,8,8,6,9,19,19,23,12,16,19,18,15,12,15,14,10,19,19,17,21,8,8,17,17,15,16,22,13,10,14,14,14,16,9,14,23,20,15,10,11,13,13,20,8,18,15,14,15,12,14,12,11,12,12,13,13,12,11,14,14,13,16,11,13,12,13,14,18,19,16,12,17,10,10,18,16,8,9,18,11,11,18,6,18,16,17,17,18,19,8,19,16,16,17,13,17,17,10,16,13,16,15,26,15,15,18,21,20,15,14,17,13,15,18,18,13,11,13,12,11,9,11,12,11,11,9,8,12,9,8,7,11,13,13,14,12,16,17,15,14,17,10,12,12,12,16,18,15,16,15,15,15,20,19,18,11,10,19,18,19,16,9,12,12,14,13,10,17,18,19,20,16,17,17,19,17,14,0,0,13,14,0,0,0,15,12,16,16,
13,15,11,14,12,16,19,14,12,27,19,26,16,17,16,11,21,20,24,14,11,20,11,14,10,10,18,19,10,13,12,12,15,8,9,12,12,11,17,21,16,17,13,13,18,15,13,23,19,17,17,13,18,18,13,10,11,17,12,16,15,9,11,9,10,14,8,11,9,21,15,9,23,23,10,12,17,17,18,15,12,16,19,14,21,20,16,19,11,11,18,13,15,10,15,14,18,12,14,15,14,10,15,14,14,18,15,12,13,22,15,20,20,18,22,15,17,16,13,16,12,20,10,15,15,12,14,15,15,13,15,15,14,13,19,19,21,18,17,14,13,15,18,16,21,14,19,11,11,9,7,13,18,16,17,18,17,17,8,17,17,20,13,15,14,17,25,14,14,17,17,15,17,20,19,17,17,17,18,18,20,15,17,12,14,12,13,12,12,13,11,13,13,10,12,10,9,8,10,7,11,17,10,17,13,19,11,17,16,12,13,14,19,16,15,16,14,16,15,15,12,17,18,12,11,11,12,19,10,10,14,12,12,13,15,18,18,20,20,17,17,18,17,19,17,12,13,14,15,13,17,17,0,17,18,17,
15,14,18,10,19,13,16,13,19,17,28,27,14,17,17,30,11,20,24,12,14,15,21,10,20,13,12,27,20,11,19,7,7,13,9,10,16,13,16,14,16,18,21,14,20,15,16,20,22,12,21,18,18,19,17,11,11,12,11,11,22,11,10,17,17,17,17,8,10,19,16,23,18,20,23,10,14,16,13,16,11,12,21,20,19,21,21,15,12,11,17,14,17,11,17,18,17,15,16,14,23,14,14,14,14,14,16,13,13,22,6,19,16,17,18,21,16,14,13,17,13,20,12,10,13,20,16,14,14,15,17,11,15,13,13,9,15,18,16,19,15,15,18,15,18,17,21,19,12,10,10,13,19,21,15,18,19,17,16,19,17,18,22,23,16,14,15,25,22,20,17,16,24,23,17,17,20,19,20,15,20,14,14,11,12,14,12,11,11,14,14,14,16,12,14,11,9,17,16,8,17,17,18,15,12,13,15,19,13,11,19,14,15,15,16,12,13,18,17,16,21,18,21,12,13,12,12,11,14,13,15,13,14,13,23,15,11,20,19,19,19,18,15,20,15,15,13,14,16,14,16,18,15,17,17,18,
16,14,18,20,20,13,20,20,20,19,18,28,28,20,18,18,11,12,26,26,14,13,19,12,11,11,14,13,27,15,18,18,19,16,16,16,19,16,18,15,19,17,18,20,20,25,16,20,20,15,22,15,17,16,19,11,12,11,16,10,19,21,15,11,18,18,16,20,18,11,22,24,20,19,20,11,16,16,15,24,18,14,16,21,19,20,20,20,17,15,19,17,6,21,18,14,18,16,17,14,16,15,24,12,11,19,18,16,14,6,17,16,17,16,18,22,16,17,14,12,16,21,18,12,11,11,11,19,14,14,17,15,11,15,14,10,23,23,13,17,16,16,18,18,15,16,15,18,12,11,11,18,13,20,21,20,19,17,26,17,20,14,23,23,23,13,15,13,23,22,16,18,21,24,19,21,21,19,17,18,22,16,15,15,17,12,27,10,12,10,13,15,15,20,15,12,14,11,9,16,17,17,16,18,18,17,16,12,12,13,14,20,20,18,14,13,13,19,13,20,18,21,19,21,11,12,13,14,14,18,14,11,14,11,21,23,15,16,15,14,14,21,15,20,17,17,14,14,15,16,18,15,19,16,18,18,
15,12,16,15,19,13,15,21,21,19,19,30,29,17,13,14,14,14,26,14,19,14,21,20,18,12,12,14,13,15,15,16,16,18,16,14,20,16,20,14,27,27,18,27,21,17,17,19,16,16,18,16,17,19,19,21,11,11,11,16,18,22,16,12,18,13,17,18,21,18,11,21,19,20,19,21,16,20,22,25,22,15,19,15,20,19,21,16,19,18,18,16,14,22,22,15,16,16,17,19,23,16,15,13,12,12,12,18,19,18,13,13,16,20,19,16,22,17,12,14,13,21,19,13,17,13,12,20,13,15,16,18,16,11,12,11,24,23,14,18,17,15,17,18,16,20,16,19,19,15,18,18,19,14,19,15,20,20,17,17,28,17,7,19,8,23,20,21,23,23,24,21,21,22,15,21,25,21,24,19,22,22,17,17,23,17,14,17,13,11,11,13,23,24,20,12,13,13,17,9,18,17,10,17,13,18,17,12,24,14,13,25,23,19,19,19,19,19,14,24,16,16,22,14,15,12,14,13,14,15,20,15,15,16,12,22,17,18,17,18,18,17,17,21,16,18,16,23,22,16,18,15,16,15,18,18,
12,16,13,18,20,18,15,24,24,25,20,18,30,15,22,25,17,20,18,17,20,19,19,21,19,19,11,19,14,22,22,17,19,18,17,20,16,13,20,19,27,18,9,9,28,20,17,20,18,17,17,15,16,18,20,21,21,12,11,17,18,18,13,12,22,27,14,23,19,12,21,22,19,20,16,21,18,20,22,17,21,16,14,17,23,16,21,17,20,17,19,16,15,15,23,16,18,16,16,19,19,15,11,12,20,13,14,18,18,7,18,19,18,16,13,21,22,12,18,11,16,14,22,14,18,13,13,19,21,12,20,13,19,13,12,13,16,13,24,17,18,17,17,13,13,15,15,19,19,18,17,18,18,14,15,16,21,17,18,27,28,27,19,20,20,20,20,21,21,19,24,17,23,17,16,21,24,21,21,24,20,20,17,18,18,18,16,18,15,15,11,13,24,19,16,15,19,23,17,17,17,18,15,17,15,21,18,20,21,24,20,18,21,24,19,19,23,13,20,14,14,16,22,15,16,15,16,17,17,16,17,21,24,20,24,17,18,18,18,17,16,18,21,18,18,22,17,21,23,22,17,17,18,16,17,20,
18,17,19,17,19,17,20,15,25,19,14,20,19,23,20,16,20,23,17,20,18,20,24,16,19,18,12,12,20,18,21,24,18,18,14,24,17,18,22,16,14,15,19,19,10,21,22,14,19,19,20,14,19,19,21,21,22,13,13,14,22,21,19,24,24,27,28,11,27,23,28,21,21,23,17,26,22,20,22,18,21,18,15,18,17,17,21,17,18,20,21,20,17,16,17,21,24,19,17,19,20,17,17,16,17,19,17,18,16,20,19,16,18,17,14,14,19,18,16,16,21,13,14,22,19,13,18,14,17,18,21,16,13,16,20,23,16,22,17,17,23,19,18,14,15,18,15,19,19,21,12,13,19,15,16,15,21,19,17,18,28,8,26,19,11,23,21,21,21,20,23,21,24,25,17,18,25,22,22,25,24,25,24,19,18,19,20,15,18,17,17,13,13,17,17,15,16,23,16,12,22,19,17,17,18,14,22,17,21,21,17,18,19,20,18,28,24,24,25,14,15,11,16,23,13,15,15,18,23,17,15,17,25,25,25,19,18,19,23,15,17,16,22,19,21,17,17,26,22,23,18,16,17,17,18,21,
16,18,17,20,19,20,20,18,17,21,22,21,17,24,18,18,20,21,24,18,20,19,17,24,16,15,21,20,18,18,22,19,25,21,20,21,23,16,22,17,16,18,20,20,19,21,23,23,21,20,15,16,19,15,18,19,16,13,15,17,16,21,19,13,18,10,10,24,28,31,31,26,27,26,24,23,21,23,23,22,16,20,21,16,16,20,18,18,21,18,19,21,24,17,17,25,25,13,19,19,19,18,18,16,18,20,23,18,17,17,17,17,16,18,21,14,18,18,16,15,21,22,21,21,22,18,19,18,22,20,18,19,18,16,22,22,25,22,19,19,20,15,20,19,15,15,19,28,19,22,16,16,17,16,18,17,17,16,20,18,19,19,21,9,14,24,23,22,24,23,22,20,21,23,24,25,18,23,27,26,26,24,25,19,26,22,23,17,18,23,17,17,13,12,17,14,15,13,17,22,19,23,21,19,18,19,16,19,21,21,22,22,20,20,22,29,21,24,26,16,15,20,23,16,20,14,18,24,24,17,18,14,17,21,26,26,21,15,14,16,17,16,20,23,22,22,24,21,20,22,21,23,22,19,18,19,
20,17,20,19,16,23,19,18,18,20,21,22,17,19,19,32,20,24,18,26,20,21,18,18,17,14,21,16,18,19,20,22,22,22,21,21,22,17,17,18,17,19,21,20,20,11,24,15,25,16,17,19,17,13,22,20,13,17,18,24,20,18,20,22,12,25,18,13,24,20,20,27,28,27,26,22,28,20,26,20,21,22,18,19,18,18,19,20,18,18,21,21,21,25,18,20,28,15,15,21,16,18,18,15,14,20,19,23,23,22,17,18,17,19,22,19,19,15,16,18,17,15,20,18,25,20,20,19,24,28,22,26,17,22,22,27,26,18,20,21,26,26,21,19,16,16,20,18,29,19,17,11,15,16,18,19,17,17,22,12,20,16,20,18,21,23,21,24,24,25,25,25,23,32,23,20,26,18,25,25,16,17,23,21,23,23,27,23,17,18,23,18,18,22,14,18,19,15,15,23,20,18,20,20,20,19,22,22,20,26,22,23,19,23,22,29,20,21,18,17,17,23,25,17,15,14,16,19,25,17,17,15,18,27,20,26,27,16,16,25,18,19,23,21,24,25,23,21,23,25,24,23,24,24,23,20,
21,18,18,19,23,17,25,19,26,22,22,18,19,20,23,33,20,28,24,21,18,21,24,19,19,18,16,18,22,12,24,23,23,22,18,26,23,16,18,19,20,20,21,22,22,18,25,25,25,18,15,18,15,16,23,27,14,14,14,21,24,21,21,20,13,13,14,14,14,20,26,30,28,27,28,23,29,22,27,21,21,21,27,25,19,20,19,19,19,18,17,16,22,22,25,22,23,19,17,16,15,23,23,16,16,15,20,24,18,23,23,19,18,21,19,22,15,16,13,16,18,19,21,20,20,16,20,21,15,20,29,27,19,24,18,18,27,20,23,19,20,21,27,19,14,21,15,19,18,29,30,13,12,19,22,20,19,17,21,14,14,16,15,19,21,25,22,25,28,19,26,24,26,32,19,23,26,19,25,18,23,17,18,21,25,24,28,27,19,17,16,19,20,18,14,15,16,16,17,15,20,19,19,19,23,20,25,24,21,27,20,24,21,28,25,18,25,23,21,20,24,24,26,18,24,22,17,17,27,23,19,18,20,28,20,24,27,18,16,18,18,28,20,21,25,23,24,25,24,22,25,23,27,25,25,24,
22,19,18,22,23,28,23,28,20,28,28,26,18,20,22,35,23,23,28,22,23,20,23,21,19,19,18,17,19,19,13,23,24,21,21,18,20,22,21,20,21,21,17,22,22,15,20,17,18,20,16,17,16,16,24,16,28,25,25,25,24,22,23,25,26,21,15,15,22,21,23,26,30,28,22,29,28,25,21,22,22,21,23,23,19,19,20,23,20,23,23,19,23,23,20,22,24,18,19,17,28,23,23,15,22,18,15,16,23,23,18,20,20,21,22,17,15,16,21,15,20,21,19,21,20,23,17,23,23,22,21,20,19,21,26,18,19,25,24,26,22,23,22,24,20,23,16,16,27,15,20,22,19,19,21,24,17,18,18,15,20,16,16,20,22,22,20,27,28,26,23,29,24,25,21,25,27,20,19,13,25,19,17,25,23,24,24,28,17,18,17,17,18,22,17,15,15,16,19,16,20,21,24,23,23,25,25,25,22,28,28,29,29,29,25,22,22,22,26,19,25,23,15,20,19,22,17,19,18,22,20,24,20,25,22,21,24,18,24,28,25,26,22,21,24,25,24,18,26,21,25,23,24,25,26,26,
25,20,21,20,21,18,23,21,28,27,28,27,19,18,22,20,21,24,28,23,24,21,23,21,21,25,21,18,17,23,20,13,24,25,25,25,23,27,18,23,21,22,20,21,18,18,21,23,14,15,21,18,18,17,19,16,27,19,23,26,26,27,25,27,23,20,22,21,15,21,19,24,27,30,22,22,27,28,25,23,21,22,27,20,26,19,19,23,24,22,20,20,22,17,20,19,19,24,18,20,21,23,16,15,23,17,22,16,22,25,23,21,20,22,22,22,19,20,23,30,20,19,20,20,25,24,19,21,23,24,26,27,20,17,27,20,20,24,19,18,25,23,22,20,20,20,17,21,21,19,27,23,24,20,17,24,17,20,18,20,20,20,24,17,20,26,27,26,28,27,21,28,28,24,28,24,26,26,11,14,20,14,26,20,23,23,25,23,23,25,27,26,27,21,19,17,19,19,15,20,21,23,25,24,23,26,26,25,24,23,24,25,21,28,26,26,22,25,22,26,13,21,15,15,20,22,27,17,18,28,23,24,20,22,22,22,23,20,27,29,29,27,26,27,23,22,22,21,26,23,20,25,24,24,26,27,
22,26,27,23,21,19,19,23,23,23,29,26,29,20,20,16,26,23,26,27,27,24,24,20,16,23,21,20,18,23,24,25,25,26,26,27,23,24,20,24,17,19,18,19,21,24,19,21,16,19,21,19,21,20,27,17,17,25,22,24,27,25,26,27,24,29,24,22,22,23,23,24,21,32,22,23,27,28,29,25,23,22,21,24,21,28,22,30,24,25,24,20,24,19,19,20,16,25,17,19,18,23,32,16,17,17,23,23,25,26,25,20,23,22,27,24,22,20,23,24,19,21,20,20,20,20,25,17,16,23,24,18,19,17,26,26,27,27,27,26,26,20,25,21,21,27,24,22,22,25,22,24,24,21,23,21,21,20,18,21,19,21,21,24,20,19,27,28,28,28,28,21,28,24,19,28,23,26,27,24,15,15,16,24,20,27,25,24,26,26,27,29,29,29,20,24,18,24,23,16,21,20,24,26,25,27,24,28,27,25,26,25,29,28,29,29,23,26,22,22,23,22,22,14,21,20,14,28,20,20,28,24,21,22,21,23,18,26,22,26,29,30,32,18,24,22,22,23,28,23,22,26,29,26,27,26,
24,25,25,24,24,22,24,20,21,25,27,27,28,20,28,16,27,24,26,26,27,24,23,16,21,21,24,25,23,24,22,23,27,25,22,28,27,22,21,20,19,23,23,20,21,23,25,21,22,26,16,27,20,30,20,18,28,25,21,25,26,25,26,24,27,27,25,26,23,25,22,25,20,21,21,23,19,28,29,22,25,23,23,29,29,29,28,28,31,23,26,24,23,25,22,20,20,21,18,17,20,19,24,18,22,19,30,24,17,24,27,22,22,24,21,25,25,21,25,25,24,18,20,19,26,21,21,23,25,24,19,17,18,21,27,27,28,29,25,27,28,25,28,26,20,22,24,23,25,25,25,25,24,23,23,22,24,20,23,20,18,17,20,22,17,20,29,28,30,27,31,31,25,24,21,21,23,25,26,25,17,16,18,24,21,21,21,28,25,27,28,27,29,26,21,23,19,21,22,24,21,24,24,21,26,25,27,26,28,29,29,32,33,29,29,24,28,23,26,25,16,19,15,14,15,17,22,26,21,20,22,25,28,23,28,24,19,19,27,27,28,23,29,27,29,23,19,24,29,22,22,22,20,24,27,24,
22,24,26,25,25,18,20,21,22,24,27,28,22,21,23,21,19,27,24,27,27,24,24,23,21,25,29,20,27,24,23,25,25,30,22,30,29,29,23,26,21,20,23,24,23,22,25,23,27,16,17,22,22,21,31,24,17,28,25,27,26,26,27,29,28,29,25,23,23,20,23,27,23,22,21,21,19,19,23,20,22,25,24,32,30,29,29,26,23,24,24,25,24,24,27,23,21,19,26,18,22,18,26,16,18,20,23,24,25,21,26,26,22,23,23,26,26,26,23,25,26,20,24,25,22,22,25,21,25,21,25,17,18,20,21,21,31,28,29,28,28,26,27,21,24,21,21,24,21,25,24,25,25,30,25,24,23,31,22,21,22,20,21,21,22,27,24,31,31,29,32,22,24,27,32,27,24,23,25,27,17,17,27,25,20,23,22,31,29,29,28,30,29,27,22,25,25,20,22,23,21,24,25,24,22,23,24,31,28,29,26,25,29,33,25,25,25,24,25,26,17,17,19,17,16,17,28,22,26,25,23,25,25,30,25,28,28,20,28,27,23,26,20,27,29,29,28,21,21,30,24,22,21,26,25,25,
22,24,28,26,26,30,24,24,27,16,19,28,21,23,23,22,22,26,25,23,26,27,22,24,23,28,30,27,29,30,24,24,25,24,31,19,29,27,24,26,28,22,26,26,24,23,22,23,27,29,17,28,31,22,30,25,28,18,22,27,27,26,26,29,30,28,30,26,24,21,22,22,28,22,26,22,26,19,16,23,23,23,25,26,33,33,22,31,25,24,23,25,30,25,27,25,27,20,20,25,28,25,17,17,26,20,24,20,25,25,26,32,23,23,23,22,24,29,21,26,26,27,24,21,23,25,23,25,23,23,24,22,17,25,20,31,30,32,25,30,28,28,29,29,22,22,21,21,21,24,25,26,26,26,25,22,29,30,32,23,24,23,25,22,23,16,14,30,30,31,22,24,24,28,35,27,21,25,26,28,23,16,26,24,21,23,17,32,33,24,24,30,31,19,27,28,24,26,24,23,23,20,23,26,23,30,31,31,29,32,30,25,27,28,34,26,26,24,25,24,18,19,24,16,17,28,14,29,25,23,23,30,26,31,32,25,28,28,28,25,26,24,24,20,19,30,28,19,25,24,30,27,25,25,27,25,
24,24,29,28,28,29,25,25,24,17,16,25,22,16,24,22,27,28,25,24,23,29,29,25,29,18,31,23,27,26,25,25,30,30,25,18,23,24,28,27,24,29,26,26,27,27,23,23,29,30,22,29,32,23,31,16,22,28,19,23,19,30,27,29,28,29,25,30,26,22,22,23,23,23,28,27,25,26,24,26,24,25,24,24,26,33,22,20,25,18,18,26,26,26,26,19,25,27,26,26,25,26,28,30,17,22,25,25,22,26,32,25,23,34,25,23,23,24,26,27,25,27,24,25,25,32,25,25,19,25,21,23,32,25,21,25,30,28,31,22,24,27,30,31,29,26,23,28,28,27,27,27,32,34,29,30,29,30,32,31,24,27,26,23,25,25,25,27,23,31,25,27,28,29,25,27,22,29,27,29,29,23,27,26,27,21,18,22,34,28,23,23,27,20,25,22,28,27,28,27,29,21,27,26,27,30,23,28,28,31,21,29,27,27,29,29,24,27,25,25,19,19,22,23,23,31,28,16,25,25,21,22,28,25,31,28,28,25,24,25,29,24,25,21,20,24,29,24,25,24,25,26,26,26,24,26,
22,21,30,24,29,27,31,22,22,21,18,17,25,19,20,23,25,27,28,28,24,29,28,27,22,19,19,24,23,28,28,23,26,23,27,26,19,28,24,26,28,26,31,27,26,24,28,27,23,25,23,31,30,21,26,22,23,27,19,21,20,24,31,29,29,30,26,28,32,27,22,24,29,25,23,28,25,30,32,25,25,26,25,23,24,24,27,20,23,24,21,18,26,25,23,24,28,24,21,29,25,27,22,22,23,22,28,29,26,27,22,25,34,35,27,25,25,23,26,26,23,28,26,26,26,25,25,20,19,23,23,22,33,25,30,26,31,31,32,23,24,28,28,28,26,26,28,27,28,25,28,28,32,27,30,24,31,30,31,33,32,33,26,23,29,18,26,25,22,23,24,26,28,27,26,25,24,30,29,28,30,27,24,28,21,22,24,23,25,18,25,24,26,28,26,31,28,29,30,29,27,22,28,28,28,31,30,28,33,32,26,30,30,31,29,30,27,28,25,26,22,21,23,27,24,32,28,29,17,30,22,23,30,29,27,29,24,26,25,27,26,28,29,21,25,20,26,25,23,23,25,28,27,25,26,27,
22,23,22,30,26,21,31,24,23,23,24,19,22,29,21,24,24,26,20,27,29,30,34,30,35,35,21,25,24,25,26,26,27,26,29,28,37,28,28,28,29,27,26,26,27,25,25,26,26,24,25,28,22,23,24,27,23,26,25,22,20,22,28,27,21,30,31,29,30,32,32,29,29,28,27,24,25,26,28,33,27,27,24,27,24,25,27,26,22,23,23,17,18,23,24,25,29,25,29,27,25,25,24,28,24,24,30,30,29,28,21,30,26,26,27,26,29,25,27,29,27,30,27,21,26,21,20,21,20,21,23,24,24,19,25,26,27,26,31,29,32,30,29,28,29,27,28,28,29,25,27,28,31,31,28,26,33,23,32,33,33,34,27,30,29,27,31,32,24,23,27,29,26,20,27,24,21,25,26,26,26,25,31,29,30,21,24,22,29,21,25,26,26,31,28,30,29,29,31,31,31,29,25,23,29,29,31,31,30,25,25,23,32,32,31,29,29,24,23,24,23,26,25,27,26,32,24,27,34,27,29,31,28,29,25,26,23,30,30,27,29,29,27,30,21,23,26,27,26,27,26,27,26,26,26,26,
23,24,24,31,28,28,25,26,25,25,24,31,23,28,24,24,22,27,21,25,29,37,39,32,36,36,38,36,25,25,30,28,27,31,28,38,28,28,31,31,28,27,28,27,31,26,30,27,27,26,25,25,28,26,22,32,26,25,26,23,23,21,24,28,23,29,31,31,30,31,33,27,30,29,30,31,26,27,28,25,31,23,28,27,29,25,22,22,23,35,26,23,23,26,25,27,25,28,30,27,26,27,24,25,23,31,25,31,31,23,22,27,26,26,27,32,27,28,31,29,29,29,29,30,30,22,30,21,31,21,27,33,23,28,24,31,25,26,29,32,32,30,31,31,29,26,34,30,26,28,28,29,32,27,31,27,33,32,24,34,34,34,22,31,31,32,32,27,32,25,27,26,24,26,21,22,23,29,26,26,27,28,30,28,34,31,27,24,31,30,30,28,27,28,28,28,29,29,31,31,24,22,32,30,24,30,32,29,29,22,27,28,27,24,32,29,29,24,25,27,25,25,25,31,24,26,25,25,35,35,21,31,30,31,30,28,30,23,24,25,27,30,26,23,26,26,24,28,28,26,25,28,28,26,26,26,
24,35,24,32,31,28,28,29,26,34,25,29,24,24,24,28,24,25,29,22,25,22,33,35,36,38,35,38,27,26,25,31,29,27,29,38,39,36,30,30,30,31,25,29,27,25,30,28,27,28,30,26,24,26,33,33,29,27,26,25,26,27,25,29,29,29,32,23,30,25,32,30,28,30,29,30,27,30,25,28,30,26,24,28,26,24,26,23,31,35,25,30,24,26,25,30,31,28,30,23,24,25,24,27,22,30,26,28,28,27,24,30,27,27,27,28,30,33,32,30,29,31,30,30,30,31,31,21,22,33,24,33,31,21,29,25,30,26,26,25,26,34,30,23,30,24,34,27,30,27,29,25,25,27,26,28,31,33,25,30,35,23,28,23,27,23,24,34,24,26,32,29,32,30,27,26,22,27,29,28,27,29,26,34,30,30,33,33,30,30,28,31,26,30,27,32,23,31,29,32,23,23,23,29,30,33,30,37,30,26,27,29,30,29,25,29,25,25,27,25,26,29,25,30,26,26,23,28,26,23,22,31,33,27,30,23,24,25,30,25,25,28,30,24,27,28,25,30,27,27,27,30,27,29,27,27,
28,28,30,26,31,31,28,33,30,30,23,24,29,27,25,26,29,26,29,29,27,23,36,34,34,35,38,37,29,36,30,31,32,28,32,29,39,32,35,34,31,23,25,24,29,26,29,31,27,29,31,29,24,23,23,31,29,26,27,27,27,26,26,26,25,25,25,35,32,30,30,31,29,30,30,31,29,30,28,26,28,31,28,24,26,26,25,26,29,28,27,26,29,28,29,28,30,22,31,25,21,25,29,27,27,23,27,28,28,30,28,29,30,25,28,29,31,32,30,30,30,31,31,31,35,32,31,32,23,27,32,28,30,29,22,30,26,30,27,24,27,24,25,29,34,27,33,29,28,29,28,29,26,27,26,30,30,31,31,26,29,27,27,24,29,24,31,26,24,35,30,28,29,32,30,26,28,28,24,27,29,29,30,33,31,35,34,35,30,27,32,32,34,29,27,35,33,36,31,32,29,29,29,30,30,31,30,29,37,26,25,26,29,29,31,28,26,26,25,25,26,26,27,26,25,27,27,29,28,24,28,31,29,29,27,28,31,35,26,35,27,31,24,29,28,28,24,31,27,27,30,30,29,28,28,29,
30,28,29,29,28,28,27,34,35,34,33,25,28,28,28,27,31,26,28,24,30,25,24,36,34,28,30,30,31,26,29,28,32,29,31,30,30,31,36,34,30,24,23,25,30,31,32,30,31,30,29,30,29,30,27,28,38,30,30,29,31,27,27,27,27,25,30,27,35,33,32,32,34,33,30,31,25,30,29,27,31,24,30,30,27,33,27,33,33,27,30,28,32,28,31,29,22,27,27,27,22,23,28,35,26,27,30,27,31,32,27,28,30,33,26,30,32,29,31,30,31,31,31,31,31,31,35,30,29,28,33,30,36,29,28,28,31,29,28,31,26,24,31,31,25,28,33,25,30,29,36,30,32,28,30,30,26,32,30,32,25,28,29,28,27,25,30,32,26,35,33,28,29,30,27,30,27,29,26,27,28,28,32,33,33,29,35,33,33,29,31,33,26,31,30,35,35,35,33,25,28,35,29,23,29,31,29,27,30,24,26,28,30,24,31,27,31,34,28,25,34,32,28,27,25,25,27,29,32,29,29,21,26,30,30,28,34,30,36,29,36,27,28,29,29,28,27,25,32,32,26,28,30,31,30,30,
28,37,25,30,28,33,32,34,37,35,34,34,37,33,33,31,28,32,29,25,30,26,32,25,27,37,32,29,30,31,27,28,29,32,33,31,34,34,31,35,35,31,34,27,25,29,32,31,31,31,32,29,28,29,30,34,29,38,31,32,32,33,27,31,27,27,29,28,28,31,33,34,33,33,30,24,32,25,30,30,29,28,30,29,29,29,33,34,28,28,27,34,29,32,25,31,24,25,28,29,27,24,25,34,26,27,34,28,28,31,35,29,31,32,33,27,32,31,32,31,27,27,33,31,27,32,37,32,30,29,29,30,30,31,36,31,29,29,29,33,27,24,24,31,27,29,31,33,33,31,28,30,29,33,32,31,33,32,33,28,29,26,33,30,27,27,31,27,34,33,32,29,31,31,28,31,28,27,27,29,29,30,34,33,34,34,31,29,33,28,26,26,26,26,26,32,28,32,27,26,27,35,36,26,30,29,31,30,25,32,24,23,30,31,26,28,30,29,29,27,29,32,29,32,28,26,28,29,27,30,33,23,32,27,28,31,31,31,30,29,36,28,29,25,28,29,27,29,30,34,33,27,30,31,31,32,
29,25,29,37,29,27,32,35,33,35,35,35,35,29,32,33,31,32,30,31,31,32,27,27,26,35,32,33,34,26,26,27,27,32,34,31,33,35,32,32,39,37,32,27,26,31,29,34,32,31,27,29,29,28,29,33,38,38,25,34,32,24,23,23,31,28,25,32,36,35,31,33,36,34,36,29,26,26,35,32,29,33,30,34,33,32,35,33,32,29,28,31,29,32,35,35,24,25,26,28,29,25,26,26,26,35,31,30,29,36,30,30,33,33,33,30,33,27,31,32,29,28,27,32,34,33,37,37,31,30,34,32,31,31,32,31,28,30,33,32,33,25,26,34,33,27,32,33,34,38,35,29,29,33,31,34,34,36,27,32,36,27,32,35,29,26,28,27,34,33,30,29,31,33,34,34,28,28,29,28,30,30,30,26,34,35,30,31,30,29,31,29,27,29,27,29,33,31,32,31,31,33,32,26,29,30,31,36,26,24,24,25,33,30,26,30,26,26,29,32,28,33,32,31,30,31,29,31,27,31,33,32,23,32,30,29,31,33,29,31,37,37,24,26,30,29,30,30,27,33,30,28,32,32,33,33,
38,33,27,37,37,28,36,27,34,36,34,41,30,30,32,36,32,31,33,31,28,33,35,28,28,26,35,33,27,32,27,30,27,30,32,34,35,31,34,34,34,34,33,37,34,34,32,34,30,32,33,29,29,30,27,33,40,39,34,34,33,27,27,24,28,32,31,33,35,34,35,34,27,36,31,29,30,34,33,32,27,33,32,31,33,32,33,34,36,36,36,28,33,33,32,32,35,34,35,28,28,27,26,29,27,32,34,33,32,32,29,31,26,33,32,33,36,27,35,30,27,27,27,28,36,30,33,30,31,32,32,32,31,36,28,33,29,30,32,33,32,34,29,26,34,35,27,37,27,26,39,37,28,34,32,29,35,29,28,27,33,36,32,37,27,27,26,27,28,32,31,33,33,37,34,35,30,34,34,30,27,28,30,28,29,29,29,25,32,31,31,29,31,37,29,30,34,31,32,31,32,33,33,34,25,34,31,35,37,25,33,25,26,34,23,23,32,34,29,33,33,30,30,24,31,30,31,32,33,32,31,33,33,31,29,30,31,36,31,35,29,37,30,33,27,31,30,29,31,31,30,30,30,33,33,33,
29,31,28,28,34,30,33,36,37,38,35,40,39,41,31,34,38,31,33,33,34,31,31,34,34,37,36,34,32,29,31,29,29,31,31,34,32,31,33,34,32,29,34,35,35,35,35,33,32,34,33,35,35,33,31,30,33,27,34,32,34,39,28,28,35,28,27,29,33,31,35,34,28,36,33,30,30,29,30,35,35,34,31,33,32,39,32,38,37,39,38,32,31,32,37,33,35,35,37,36,34,32,31,29,30,29,34,34,31,33,31,30,35,34,26,34,27,29,35,28,33,34,28,36,32,36,30,32,30,32,31,33,32,33,29,29,30,33,25,32,33,33,33,36,35,37,27,37,27,39,37,28,26,41,38,40,33,32,30,30,29,35,37,35,28,28,28,26,28,36,32,33,29,31,38,35,30,31,34,29,28,26,29,30,29,30,29,32,30,31,32,32,25,26,33,35,31,34,33,34,32,31,31,30,26,26,33,32,31,31,27,34,33,33,30,34,25,28,28,33,33,32,31,27,25,27,31,31,34,34,34,32,34,28,31,31,29,30,32,37,29,32,30,31,32,30,30,32,33,35,32,30,30,30,33,33,
38,38,29,32,35,36,31,36,38,39,39,40,39,41,36,30,31,37,34,35,34,33,35,34,35,35,38,32,29,30,34,29,29,30,32,35,33,33,35,35,35,36,36,36,36,36,36,37,36,31,36,36,36,32,34,30,34,28,31,34,33,32,29,29,29,28,28,35,34,33,30,35,32,29,28,31,30,30,30,32,36,32,33,41,39,39,40,33,30,40,35,33,32,28,34,34,38,39,37,38,34,29,30,30,31,29,32,33,33,33,30,32,34,36,35,29,28,35,30,34,38,32,35,33,36,33,33,32,31,33,34,32,33,36,29,32,31,33,35,33,33,33,32,36,34,30,39,36,34,33,39,38,29,27,38,34,32,33,33,29,29,36,38,33,28,28,27,27,33,32,38,32,33,30,30,33,32,31,32,40,30,27,29,29,38,30,30,33,34,30,31,35,33,28,30,36,30,32,32,38,33,33,34,30,35,35,31,28,32,33,35,27,27,36,30,29,30,29,29,28,35,30,36,28,31,34,37,31,33,36,34,35,34,35,32,29,33,32,41,32,37,32,33,33,33,33,32,34,34,31,34,30,33,34,33,32,
37,39,30,32,32,34,36,37,37,33,39,39,31,36,30,30,37,30,25,30,31,37,38,32,30,37,39,36,37,31,32,35,31,30,32,32,35,35,33,35,36,35,38,38,30,34,37,35,36,33,34,37,38,31,33,34,31,29,36,32,33,34,36,29,32,35,30,31,31,31,36,36,36,34,35,34,30,29,34,40,36,36,40,33,40,41,40,34,34,31,35,31,35,34,35,35,33,27,40,39,39,32,32,30,31,31,33,31,30,33,32,37,38,37,36,37,34,36,37,35,41,39,37,35,34,34,31,33,36,34,34,31,37,34,37,30,33,31,31,31,30,34,36,36,35,37,38,37,37,33,34,29,38,29,39,32,32,33,34,27,30,25,26,26,26,33,28,28,34,26,34,30,33,34,31,33,35,33,34,41,39,35,30,30,29,41,39,32,29,36,39,35,33,34,31,32,33,31,29,33,38,32,29,32,33,35,32,33,35,33,34,28,28,36,32,33,30,30,26,32,34,29,33,37,35,35,35,38,33,37,30,39,32,32,34,39,32,32,31,41,41,33,36,34,33,27,31,30,35,34,34,34,31,34,31,32,
34,38,37,31,37,39,35,39,33,34,39,33,40,35,40,37,32,30,29,31,37,35,38,38,29,30,39,38,38,37,30,31,31,31,32,33,31,38,36,34,34,36,37,40,33,34,37,38,34,33,34,35,39,33,32,31,37,36,37,35,39,38,34,35,34,37,31,35,30,36,37,31,36,28,33,35,37,30,33,35,35,37,39,33,34,41,34,34,32,32,36,32,36,33,34,37,37,40,40,40,40,31,38,31,32,36,38,31,33,31,33,36,34,34,35,38,38,36,37,34,32,34,33,38,34,38,36,34,39,34,35,33,29,31,32,34,34,33,28,32,30,37,35,35,31,37,38,34,40,34,34,35,32,29,30,32,33,33,36,36,28,34,37,26,29,34,35,31,30,34,26,35,32,33,32,35,38,35,43,41,37,36,31,30,30,42,32,34,34,36,36,35,34,35,34,34,32,32,31,31,32,33,30,31,34,36,35,33,30,35,36,35,29,29,32,35,32,32,27,28,35,35,33,33,33,34,33,39,29,31,32,41,42,32,35,40,41,35,32,34,43,34,31,34,35,30,31,32,36,36,37,36,32,35,32,33,
35,34,35,38,35,32,37,37,34,36,32,34,32,41,29,39,38,30,30,31,31,34,36,39,30,30,39,32,37,33,31,31,32,34,33,33,34,36,34,33,35,32,37,35,35,35,31,33,34,36,34,32,39,35,35,30,35,38,29,39,37,35,39,36,39,39,38,36,35,37,36,33,31,35,35,35,36,34,36,32,38,36,36,35,35,37,35,35,42,35,34,32,36,33,34,41,38,40,38,41,32,32,31,39,34,37,33,38,30,33,37,33,35,34,38,37,33,37,35,33,43,33,34,35,34,38,34,33,33,34,35,33,30,32,31,34,35,33,39,33,29,32,36,35,32,33,38,40,35,33,39,34,33,32,31,33,33,35,34,35,35,35,34,27,37,38,35,39,33,34,37,36,31,37,34,33,36,37,44,42,42,39,36,41,31,33,34,29,40,30,35,37,39,35,36,36,33,33,33,32,31,35,37,34,35,37,35,30,31,35,37,36,36,37,30,33,34,35,37,34,29,36,34,38,34,34,36,34,30,33,33,36,31,32,42,41,31,36,38,35,36,43,32,35,37,35,30,36,36,38,38,36,33,33,37,36,
41,35,36,33,36,33,37,33,34,35,35,34,40,42,38,40,38,31,36,33,35,32,28,36,33,31,38,33,33,38,38,37,33,34,33,34,35,38,37,36,34,38,32,37,35,36,42,33,34,36,32,33,36,36,29,32,29,35,29,29,32,40,35,36,35,39,31,32,36,35,35,36,31,31,35,39,34,35,35,32,33,39,36,37,35,36,34,39,35,33,33,32,36,35,40,34,40,36,39,39,39,34,35,31,32,34,35,35,39,31,39,36,35,38,39,37,38,38,36,43,44,35,35,35,36,43,42,39,33,34,32,35,34,31,33,31,34,36,32,40,31,32,26,40,35,34,31,35,35,34,35,35,33,34,37,33,33,33,34,29,36,36,35,36,37,39,39,31,33,38,34,36,37,36,36,36,35,37,37,40,44,32,41,41,42,39,40,37,40,40,30,35,37,35,36,34,34,34,36,33,38,36,38,37,36,36,35,35,37,38,34,37,35,34,37,33,37,36,37,35,36,29,36,35,36,34,35,33,37,34,31,34,34,33,39,43,32,32,33,36,38,39,33,30,33,36,30,32,37,37,37,37,36,36,36,36,
38,35,38,39,34,34,33,37,34,35,36,35,42,35,38,37,42,39,39,38,36,38,29,32,42,33,38,38,33,39,37,38,37,35,35,34,35,35,37,37,33,38,37,36,34,33,45,35,33,33,39,35,39,33,34,30,31,39,30,30,39,33,39,40,37,37,36,34,34,36,38,34,32,32,35,38,35,37,36,35,33,34,34,37,41,36,41,36,40,35,35,37,35,38,39,35,35,41,37,37,39,34,34,36,33,39,36,35,34,37,40,42,36,37,38,36,39,39,37,44,43,43,30,36,41,44,43,38,34,35,33,35,38,34,38,31,37,36,29,37,40,40,32,28,33,30,35,34,36,34,33,33,34,33,33,38,32,34,35,40,30,32,36,38,38,35,38,34,34,36,37,36,36,34,37,37,36,39,39,41,42,34,40,40,43,39,38,35,37,31,31,39,38,31,34,31,36,36,36,35,37,36,37,37,36,37,37,36,35,38,34,33,39,28,36,33,35,38,38,36,36,35,38,40,37,39,35,38,36,35,32,32,33,34,43,42,42,35,33,41,39,39,35,38,37,36,39,32,36,38,30,35,40,35,37,36,
37,36,36,39,35,37,34,32,37,36,31,42,42,36,40,34,29,43,42,40,41,35,39,35,33,34,35,38,38,37,36,35,37,37,36,31,35,31,31,35,35,35,36,37,37,37,37,36,35,34,40,34,40,33,36,35,41,32,38,31,40,37,37,40,36,38,35,42,35,39,34,39,32,33,43,37,35,33,36,36,34,34,35,40,42,40,39,39,41,36,40,38,37,41,39,42,34,40,38,28,38,32,34,37,35,35,34,35,35,36,35,35,42,42,42,37,32,38,39,38,45,34,29,31,37,34,41,33,38,38,36,34,39,38,39,39,37,38,38,40,38,37,41,28,34,33,33,32,35,35,33,33,37,35,39,34,40,40,35,39,42,40,33,38,39,40,37,34,34,34,38,34,36,37,36,39,37,37,40,40,42,35,34,42,41,35,31,37,36,38,37,35,33,32,36,36,35,37,38,37,38,38,38,39,36,37,38,39,38,38,36,34,37,40,30,33,36,35,38,39,41,36,37,37,37,39,36,39,39,31,33,36,31,38,39,38,45,42,36,37,36,37,36,36,39,31,40,34,39,36,30,35,36,38,36,37,
43,36,38,37,36,36,36,32,32,37,31,36,35,39,36,40,36,36,30,42,42,37,35,41,41,39,35,36,39,38,36,35,38,27,39,39,33,32,35,40,35,35,40,33,38,35,37,38,36,35,35,34,35,34,39,35,44,40,32,40,37,41,41,40,43,39,36,35,37,40,35,43,35,35,43,38,39,36,38,37,34,36,36,40,35,40,39,40,41,37,36,39,38,43,38,43,41,38,38,38,39,29,27,32,37,36,39,37,36,37,39,36,36,37,37,37,36,38,39,29,36,35,33,39,34,35,42,42,41,39,35,34,36,39,39,38,34,38,37,38,39,38,40,40,42,40,37,31,40,36,37,35,40,36,35,37,40,41,40,41,34,41,34,38,38,36,41,41,35,34,39,34,39,37,36,37,39,35,35,37,43,43,38,42,42,36,40,38,37,37,37,36,33,33,36,41,37,36,36,37,36,40,36,35,37,37,34,39,38,43,39,45,41,31,40,30,39,36,38,39,34,38,41,38,38,40,40,40,36,40,37,39,37,41,39,39,42,43,36,35,38,33,36,37,39,39,36,36,35,31,37,35,35,35,39,36,
37,33,36,36,37,36,36,35,33,35,33,33,35,39,37,34,36,39,37,39,42,38,41,37,40,36,42,40,41,39,39,39,37,28,36,39,38,36,36,36,36,41,42,39,40,36,36,36,40,34,40,41,39,34,35,37,39,38,34,32,40,39,37,34,42,39,44,37,41,41,41,39,38,36,35,31,38,40,39,37,37,37,36,37,36,38,40,40,42,38,35,39,42,43,44,42,41,38,34,39,39,38,28,36,35,38,39,39,37,37,38,37,39,38,37,36,37,37,36,34,32,39,34,35,41,35,32,43,43,40,40,40,41,39,36,37,35,36,39,37,37,39,42,41,41,37,40,35,36,37,36,35,36,41,38,39,41,41,33,41,39,39,37,35,43,41,40,37,36,40,32,39,41,36,37,37,38,39,38,42,37,40,36,41,42,37,42,38,40,38,37,37,33,38,37,38,41,38,38,38,37,41,40,37,38,38,35,39,40,38,45,39,39,39,31,31,38,37,39,35,38,38,38,36,42,41,46,43,37,41,38,38,35,35,42,40,36,43,44,37,40,34,36,39,37,40,33,34,37,32,35,38,34,37,36,37,
39,35,43,44,36,35,38,36,39,36,35,34,41,35,38,37,36,42,42,38,32,39,32,36,37,41,42,41,39,40,39,36,43,38,33,37,38,43,37,42,35,34,42,47,41,40,44,37,40,42,41,41,39,41,36,38,38,38,34,36,35,39,35,47,42,38,38,38,39,40,44,41,37,47,46,32,34,39,42,34,39,37,36,39,42,45,40,41,42,40,38,36,43,43,44,42,41,41,35,35,40,32,37,29,37,36,38,39,39,38,41,38,37,41,36,37,38,37,37,40,40,38,36,39,34,42,43,42,45,38,41,41,40,40,36,37,41,35,40,38,40,39,39,37,41,40,41,36,38,39,41,36,39,42,38,39,38,42,33,34,34,39,40,38,40,43,40,41,39,38,33,39,38,37,41,39,38,41,38,42,43,44,41,41,41,37,37,34,39,42,37,38,38,35,39,39,41,41,39,39,38,36,37,40,38,34,35,40,36,38,35,41,46,41,41,32,39,40,35,38,37,39,37,36,41,41,41,45,42,40,34,39,37,35,39,39,40,37,36,39,37,35,39,36,40,40,34,33,37,37,36,35,38,38,38,37,
38,35,43,40,35,36,34,38,37,34,35,39,36,45,37,37,37,45,33,35,40,33,33,42,37,41,43,41,41,39,40,37,35,43,35,42,35,42,44,39,39,38,39,49,37,41,41,37,40,40,43,43,41,39,42,39,39,38,41,37,38,42,36,43,43,37,35,38,37,40,43,45,36,47,47,48,35,34,40,34,35,33,37,41,41,47,46,41,41,38,38,41,41,44,45,35,42,42,43,35,34,32,37,38,38,37,38,36,39,39,44,39,36,40,40,37,41,39,40,40,36,40,34,38,41,42,37,45,44,38,39,40,42,43,36,37,40,39,38,38,38,40,43,41,39,39,38,40,41,37,39,39,40,40,43,38,41,41,35,34,35,34,38,41,40,41,40,42,38,35,38,41,40,39,42,39,37,39,39,45,42,43,36,41,43,39,37,34,34,42,38,39,38,35,40,41,39,39,42,42,39,37,38,38,36,35,38,36,39,39,40,36,41,42,43,41,40,39,41,40,37,37,39,36,36,41,39,40,41,43,33,35,37,35,36,36,38,38,38,40,41,41,40,38,37,39,35,41,37,36,37,40,37,36,36,38,
42,39,39,42,45,41,43,43,38,40,34,35,40,45,37,37,41,36,38,44,37,42,41,33,36,39,41,41,42,40,37,38,34,42,44,35,42,40,45,41,42,39,37,39,39,40,38,39,41,39,39,42,43,39,41,41,43,39,42,39,38,44,48,48,40,41,36,38,37,37,43,44,39,48,47,40,48,41,41,40,38,38,39,41,41,42,45,47,38,42,40,40,42,41,46,46,45,44,45,36,36,36,33,37,40,39,38,43,44,41,37,37,37,36,38,40,41,40,40,41,38,45,37,39,37,37,39,35,45,45,44,43,40,42,37,38,39,40,40,45,42,39,38,38,45,44,39,40,39,40,41,40,42,36,40,43,40,37,38,42,35,36,38,41,37,38,40,39,42,35,36,39,44,38,41,40,40,38,40,40,43,38,37,39,38,43,36,42,41,42,43,41,40,38,40,39,42,41,38,41,42,42,39,37,39,38,38,39,38,40,44,37,42,44,42,42,42,37,40,39,37,39,40,37,36,41,41,35,39,40,34,34,35,36,35,36,39,40,40,42,42,37,37,35,38,40,39,39,36,36,36,38,41,41,37,39,
41,36,43,37,42,37,38,44,44,38,40,35,43,38,38,38,38,38,37,37,38,35,41,34,34,37,38,36,43,43,40,38,39,40,43,44,41,46,40,39,43,41,35,38,40,34,39,36,47,40,40,47,43,42,38,41,44,45,43,38,39,40,41,37,37,42,38,43,44,38,41,43,41,41,49,41,41,42,40,39,39,43,34,43,39,40,36,46,39,42,41,44,35,42,44,43,38,45,46,39,39,36,34,34,39,41,42,39,44,39,42,38,39,37,38,39,41,40,40,40,38,39,46,42,39,37,37,41,42,45,43,43,45,47,39,40,39,42,42,46,41,40,39,39,45,45,44,40,41,39,38,42,44,37,44,44,41,41,38,41,42,36,44,42,38,40,40,42,43,38,41,37,43,45,41,41,41,41,41,41,43,38,45,45,43,44,36,43,36,43,42,44,42,40,41,36,40,42,38,37,42,39,41,44,38,37,39,38,37,43,37,45,47,42,44,43,44,39,38,41,38,44,38,40,40,40,36,35,47,41,37,35,36,36,41,37,38,41,40,40,42,41,37,40,40,36,40,40,37,37,38,41,42,38,42,40,
41,39,38,40,38,41,37,39,43,44,44,41,43,36,43,35,39,39,40,38,45,40,36,36,36,38,43,38,42,43,38,37,40,41,43,42,36,44,41,41,41,43,46,35,37,34,33,34,36,47,46,47,39,40,39,43,42,42,45,38,37,39,37,38,43,43,48,38,44,37,41,44,44,41,43,41,42,42,42,43,39,41,41,39,40,42,37,47,46,46,45,42,41,42,43,44,44,37,40,39,39,38,41,35,44,40,42,42,43,38,40,42,43,41,39,39,40,41,42,41,44,39,44,43,40,39,39,37,43,44,42,44,45,42,38,39,38,43,41,41,45,43,42,40,40,36,46,45,36,42,44,41,40,44,44,43,45,42,44,41,43,40,40,44,43,40,40,39,40,39,40,43,42,43,42,44,42,44,43,44,44,46,46,38,38,37,38,38,37,38,38,42,42,46,38,38,39,43,39,37,41,40,40,42,43,42,41,39,41,41,43,46,46,48,38,43,44,39,40,39,42,41,38,43,40,42,43,43,44,45,44,38,37,36,47,47,38,44,46,41,43,42,38,38,37,40,38,39,38,38,44,39,42,37,41,41,
43,39,39,40,38,41,42,40,40,44,43,44,44,46,46,38,40,39,45,41,45,47,46,42,39,38,41,44,44,40,39,41,42,42,40,43,39,46,45,37,42,44,43,46,36,37,36,48,37,49,46,49,47,40,39,43,44,46,47,47,46,43,40,38,41,44,45,41,45,39,39,42,41,40,43,41,42,41,42,40,43,44,46,46,41,39,44,42,41,48,42,43,42,42,43,43,40,41,44,40,40,41,47,42,44,41,43,44,45,45,44,41,42,42,40,40,41,41,43,41,40,45,40,44,44,39,40,40,47,46,45,46,43,43,44,43,45,39,43,42,43,44,41,42,40,38,46,46,42,44,43,44,40,42,44,44,39,45,44,43,40,41,41,42,45,40,40,43,40,41,40,44,44,42,41,43,43,41,44,45,45,47,40,39,38,44,37,38,45,40,39,45,44,39,43,42,40,39,42,40,41,44,43,41,42,39,41,42,41,41,41,48,39,44,38,39,44,38,39,41,41,41,42,40,46,43,44,44,45,45,45,46,46,42,46,43,44,43,45,42,42,40,43,43,40,39,38,40,38,40,46,44,40,44,41,41,
42,42,39,40,42,41,42,44,44,45,43,43,42,44,37,37,39,38,39,45,46,38,47,42,40,42,38,43,45,43,40,44,42,41,44,43,43,43,39,46,41,42,44,45,40,38,41,37,40,45,51,50,50,40,40,41,44,45,42,47,46,44,46,41,38,41,42,45,41,39,40,47,46,42,40,42,46,45,42,39,39,47,47,47,40,41,40,40,42,41,46,42,43,43,43,42,43,41,41,41,40,39,46,43,41,41,43,45,45,43,43,45,42,43,43,44,42,40,42,39,40,39,45,45,44,44,47,48,46,46,46,44,47,43,42,43,44,42,43,43,43,44,44,42,41,39,37,39,39,48,44,44,41,42,44,43,46,45,41,44,41,41,41,41,45,41,41,44,41,48,45,44,45,44,42,43,39,46,48,42,42,45,42,40,39,45,39,39,38,41,40,38,45,41,36,48,43,44,40,41,43,42,40,42,40,43,39,44,43,41,41,45,40,40,39,43,45,39,44,42,43,42,42,41,45,46,43,45,44,47,47,49,45,46,39,47,44,45,45,43,42,41,40,42,43,39,41,41,46,44,45,42,41,42,46,42,
44,43,45,42,42,43,44,44,42,46,46,44,42,43,45,38,41,40,44,45,47,39,39,43,44,43,41,43,47,46,44,40,45,44,45,45,46,44,43,46,46,43,41,43,45,42,42,42,39,41,43,50,44,45,41,47,48,45,45,43,46,46,49,47,41,42,42,41,46,40,40,44,46,43,38,43,45,42,46,42,47,47,46,40,42,41,42,44,40,42,44,46,41,44,41,44,43,50,44,41,41,40,41,43,42,42,45,46,47,46,45,44,42,47,43,49,41,43,38,42,39,39,46,48,41,44,45,45,47,47,42,46,42,45,45,44,44,43,42,42,45,45,45,45,43,39,37,47,40,43,42,42,45,42,46,47,44,46,46,42,44,44,43,44,45,45,42,44,44,43,43,46,46,46,43,39,40,44,43,42,42,42,41,41,40,40,45,43,43,40,41,38,44,44,47,37,48,46,42,42,43,43,43,43,43,40,48,45,47,41,45,41,40,40,40,45,45,39,48,41,45,45,43,44,41,46,44,46,44,47,48,48,46,48,44,39,45,44,44,45,43,46,41,44,44,42,45,48,45,45,42,43,43,44,46,42,
44,47,47,47,43,44,43,43,44,49,47,44,46,45,43,47,42,44,45,47,46,42,45,46,41,44,43,45,48,44,43,46,46,48,43,46,48,46,45,46,43,42,42,44,41,45,42,41,46,40,47,42,45,42,46,46,47,49,46,46,39,44,48,48,51,42,43,42,46,45,42,46,47,44,46,43,46,44,47,45,45,48,47,41,41,41,40,47,45,42,43,46,43,42,45,46,46,45,44,45,43,43,46,43,44,42,44,46,42,43,47,45,49,45,46,48,43,48,43,39,44,40,40,41,41,42,43,46,47,47,41,44,49,45,45,43,42,49,43,43,41,48,48,43,46,46,40,43,43,44,41,47,43,43,45,49,45,45,43,44,46,44,41,45,43,45,48,45,42,44,44,46,44,46,46,40,40,41,45,43,43,45,43,42,50,41,44,46,44,44,43,42,44,44,43,38,47,49,47,45,42,40,43,45,44,53,48,51,45,47,47,42,43,44,44,44,45,39,48,42,43,44,46,42,45,43,43,45,45,45,47,43,46,47,45,40,40,44,42,42,44,42,42,45,40,42,44,45,48,44,45,42,43,45,47,44,
42,44,44,44,48,44,44,44,44,46,44,49,47,46,42,48,44,41,45,47,47,46,46,42,42,45,45,46,42,40,47,46,49,48,43,40,48,48,49,48,49,41,44,44,44,49,42,46,45,41,43,49,48,44,47,45,47,48,42,47,49,46,48,49,50,43,44,52,45,46,46,44,46,44,47,42,45,44,50,48,46,45,49,48,42,44,45,45,48,44,48,49,43,44,45,45,47,47,44,44,43,40,45,46,46,43,45,45,43,48,46,47,47,49,47,48,42,42,43,43,44,42,41,41,41,43,47,42,48,46,41,43,49,44,45,45,44,46,50,47,41,45,43,43,46,47,44,45,47,44,48,43,47,46,47,47,48,46,48,47,45,45,45,45,44,44,46,44,46,45,45,44,41,46,41,41,39,41,46,43,44,44,44,49,43,49,45,41,44,46,43,41,41,44,44,38,49,38,47,48,46,45,43,45,50,54,45,43,45,48,47,42,45,43,45,47,45,45,39,47,43,42,42,44,46,44,45,41,48,47,48,43,45,50,44,48,44,45,44,43,44,41,48,43,47,46,41,42,42,44,43,40,44,46,48,48,
45,46,43,45,43,44,44,45,47,46,47,45,50,46,44,49,49,47,49,44,48,49,47,42,42,45,46,42,42,42,48,47,49,49,45,47,49,49,48,49,50,49,45,45,44,49,44,47,46,42,42,44,49,44,47,46,48,51,49,43,49,44,46,45,46,45,49,52,50,47,48,45,42,46,44,48,47,45,48,51,47,47,46,50,44,43,46,46,46,47,45,43,47,43,45,46,40,45,48,47,45,43,46,42,45,44,45,46,46,49,52,46,47,48,41,48,45,44,45,44,45,42,42,44,43,43,42,42,43,42,45,44,44,44,44,45,45,52,47,40,42,42,46,44,44,47,46,49,46,45,45,44,41,47,47,46,45,44,45,47,48,48,48,41,45,44,44,44,47,44,43,45,50,47,48,41,42,42,45,43,42,43,45,48,46,41,45,48,46,43,47,46,45,41,47,39,46,46,45,45,47,44,45,44,44,49,46,47,46,45,42,47,46,48,47,46,47,40,45,47,44,43,43,44,44,45,45,41,46,47,46,48,44,46,45,45,46,44,45,42,42,48,45,46,47,48,47,45,43,43,43,48,41,50,49,49,
45,45,43,49,43,44,43,45,44,47,47,47,44,50,51,48,49,46,47,49,47,44,52,50,43,47,46,44,43,43,43,49,49,45,49,41,42,45,50,50,45,47,47,45,45,50,41,48,47,46,43,44,45,45,48,47,48,50,52,51,50,46,46,47,46,46,47,50,42,42,48,47,50,41,46,46,47,43,41,53,52,46,47,46,45,46,46,42,47,47,42,47,47,47,46,45,41,42,46,47,47,41,46,43,46,43,44,51,50,51,43,45,45,45,49,45,41,45,46,46,46,45,48,49,50,44,43,41,43,42,43,44,43,42,46,45,46,48,45,43,43,42,46,47,44,47,41,44,44,46,48,47,46,46,50,47,48,46,45,45,48,50,49,46,46,47,46,45,51,44,45,44,48,46,43,42,43,41,47,44,45,47,48,48,49,44,46,45,49,43,47,43,48,46,42,48,44,45,46,49,46,52,45,44,46,51,51,47,47,46,47,48,48,44,47,50,48,47,48,46,43,43,41,45,45,44,48,40,41,47,47,47,48,43,46,46,42,45,44,44,43,43,50,50,50,48,47,48,43,45,44,50,44,39,51,50,
47,46,46,49,41,46,45,46,47,46,48,46,47,44,46,47,49,47,45,44,45,45,46,52,51,45,47,46,48,43,48,49,51,50,49,44,43,46,46,51,46,43,47,44,47,46,43,42,48,47,51,49,47,45,46,48,49,48,45,50,48,47,47,51,46,45,49,48,48,49,49,49,50,49,50,47,41,43,42,48,47,46,47,50,45,46,44,43,45,47,47,48,46,43,46,47,45,45,48,49,42,42,47,45,47,44,45,51,43,44,52,43,46,46,47,46,48,46,46,47,49,46,48,46,43,51,45,46,44,42,44,43,44,44,44,44,48,45,51,46,43,43,45,49,47,49,42,45,47,44,46,47,51,47,46,48,52,51,46,46,47,47,47,48,46,47,43,43,46,45,48,45,48,44,44,44,45,44,47,48,48,50,48,53,49,50,48,48,50,49,45,44,51,48,49,43,44,46,44,46,46,54,47,52,46,49,48,48,47,48,48,44,40,45,50,51,45,45,42,49,49,43,43,45,51,44,45,45,43,44,47,45,47,42,45,45,43,43,46,48,46,44,51,50,50,48,44,46,47,45,45,39,44,40,40,52,
47,47,50,42,42,49,42,44,47,48,48,48,49,45,48,47,50,48,50,47,44,45,46,46,46,48,45,49,46,48,49,48,52,46,42,44,49,44,47,48,51,46,48,45,45,48,44,44,45,48,47,47,47,50,50,47,49,48,43,47,46,47,49,48,52,48,46,45,47,51,49,48,45,47,48,53,50,43,47,49,52,53,44,51,50,50,45,49,46,49,47,48,47,47,46,47,47,49,45,50,44,42,44,44,44,45,47,47,47,46,44,45,45,46,45,43,47,48,47,45,45,53,44,45,51,47,47,50,44,43,44,45,44,45,47,51,48,47,44,46,44,49,46,44,46,49,49,47,48,49,48,47,49,48,47,46,46,49,52,52,48,50,52,47,50,48,46,44,46,46,49,49,46,45,46,48,45,46,49,46,44,45,49,53,53,50,43,49,50,50,45,47,52,51,47,45,46,45,49,52,47,51,52,48,46,45,46,49,49,49,49,49,49,46,46,45,45,46,45,42,44,49,49,49,52,52,49,46,45,45,45,46,48,45,45,45,48,47,43,52,45,46,47,51,51,49,50,47,50,48,45,49,42,40,42,42,
51,49,51,50,49,50,50,50,51,50,46,50,48,51,48,47,50,48,48,50,46,46,47,46,47,49,47,47,50,50,49,47,49,47,47,44,48,49,48,48,46,45,47,47,46,44,49,50,50,47,48,48,47,47,48,50,49,48,47,47,47,48,49,48,45,48,46,45,50,49,48,49,47,49,49,53,46,47,46,46,47,45,45,51,51,50,49,46,49,50,50,48,48,49,46,48,51,50,49,48,52,46,50,50,45,45,49,45,46,50,46,46,45,47,47,49,48,49,47,45,46,53,49,45,49,51,45,51,50,52,47,45,48,45,47,45,48,52,45,48,51,48,46,45,45,48,48,47,48,50,50,46,47,48,48,47,46,47,51,47,48,48,50,49,49,49,45,50,47,47,50,49,46,48,46,48,49,48,50,49,46,44,44,44,49,50,50,50,48,44,52,46,52,46,46,47,46,46,50,44,53,52,47,49,49,47,47,50,48,46,47,46,49,50,50,46,46,46,46,43,43,50,49,50,43,53,52,44,47,45,48,47,47,50,46,45,49,49,49,48,49,46,47,49,50,50,50,48,46,46,46,52,42,47,49,42,
51,51,50,51,47,49,50,50,51,44,51,50,49,52,51,49,48,46,49,46,46,46,46,45,45,47,47,48,48,48,49,47,48,51,53,47,44,52,48,47,48,46,45,47,47,50,49,52,50,48,48,49,46,47,47,50,50,48,45,48,48,47,51,48,46,49,49,46,45,46,49,48,52,50,48,54,47,47,44,45,48,44,46,52,51,51,48,50,48,49,47,49,50,50,49,50,44,51,50,48,47,48,49,51,52,48,52,46,48,46,51,48,48,49,48,48,49,49,45,45,45,54,54,55,49,47,52,51,50,44,44,47,48,48,48,48,48,51,47,46,53,52,47,45,46,48,46,54,49,51,48,49,47,48,50,53,48,49,52,53,50,49,45,49,50,51,50,51,49,47,51,47,50,53,51,53,50,47,49,46,48,48,45,45,48,48,51,48,52,50,48,46,47,47,48,48,48,49,51,51,47,48,47,47,49,50,46,52,49,48,48,47,50,50,50,50,50,49,50,46,48,45,48,50,48,54,53,47,46,49,49,47,48,49,53,53,52,48,50,47,48,47,49,50,50,52,50,49,54,47,47,52,50,42,50,43,
51,53,52,51,48,52,48,51,52,52,45,51,44,48,49,51,47,49,47,49,49,48,49,46,48,53,50,49,49,49,49,50,50,50,51,49,49,49,50,46,50,49,47,47,50,46,48,48,50,47,52,47,49,50,49,49,49,47,50,51,49,48,49,47,50,50,51,49,46,51,49,53,52,46,50,50,49,50,46,52,48,48,48,48,47,51,52,52,53,47,47,52,50,50,52,51,49,47,51,49,49,51,53,47,52,48,47,48,49,49,50,52,52,54,46,48,50,52,48,47,46,49,49,53,50,48,51,47,52,51,47,47,51,49,48,47,51,52,51,50,53,51,45,46,47,49,50,51,51,50,48,49,48,47,51,51,48,49,53,52,50,51,48,49,49,49,47,51,51,50,47,48,54,49,49,54,47,52,48,48,48,51,48,45,48,47,49,50,48,49,48,46,46,47,47,49,50,50,49,50,52,47,49,51,49,50,49,47,48,49,50,50,50,51,50,49,53,51,46,47,47,50,48,49,50,51,50,45,48,47,48,49,48,47,50,53,47,50,53,50,49,52,52,46,47,52,52,48,47,54,50,49,50,48,49,51,
53,52,53,54,54,51,47,52,52,46,52,51,50,48,51,51,48,48,51,50,48,49,48,52,50,52,50,50,49,49,50,49,51,50,49,51,49,50,50,47,51,47,46,48,50,47,49,48,48,48,48,53,50,50,52,51,51,52,51,50,50,50,53,49,51,51,49,48,49,49,51,53,51,46,53,50,49,50,48,47,47,49,48,48,47,52,49,49,54,50,48,49,53,47,51,53,50,48,48,51,47,50,49,48,48,51,48,48,49,50,49,53,53,51,50,49,49,47,46,50,54,48,50,51,52,50,53,51,48,46,51,50,50,49,47,50,50,51,53,47,49,55,46,46,49,49,51,50,52,50,51,50,50,51,51,50,47,49,52,47,50,50,48,50,54,50,53,49,50,51,49,48,50,51,50,49,54,47,49,49,49,48,53,50,48,47,47,50,45,51,50,47,53,50,49,48,50,48,50,49,48,48,50,49,49,52,49,53,49,50,52,55,51,51,52,47,47,54,50,46,49,51,49,49,49,51,51,51,50,48,51,50,48,49,46,54,53,47,48,53,52,52,49,53,47,52,50,47,54,48,54,50,50,52,50,50,
51,48,53,54,52,52,51,53,54,48,48,50,52,53,55,53,53,49,50,51,49,49,48,52,50,49,53,49,50,50,50,51,55,54,52,53,49,51,50,49,51,50,48,48,51,51,49,50,50,49,48,54,50,51,50,51,51,50,49,49,49,52,53,52,50,51,50,49,49,53,51,53,52,47,48,50,48,49,52,48,53,51,51,48,52,47,49,53,50,52,55,58,51,50,48,50,50,49,51,52,47,53,51,49,50,48,49,50,48,51,51,52,53,51,51,49,50,50,48,53,54,52,49,51,51,52,53,50,49,52,48,51,52,51,48,53,49,51,53,53,50,52,46,47,49,50,51,56,49,50,51,48,51,50,52,51,47,50,53,49,51,50,54,51,52,50,46,50,48,51,52,48,52,51,50,52,54,55,52,49,50,49,50,53,50,48,52,51,47,52,52,51,51,49,51,50,52,48,51,51,53,49,53,53,51,49,51,49,52,52,52,49,51,52,53,51,48,48,51,50,46,45,49,50,52,50,53,56,52,51,51,51,51,50,49,50,47,53,53,53,54,52,50,52,54,51,54,48,48,53,55,50,52,53,50,51,
52,50,49,53,53,53,53,51,54,50,48,53,53,52,54,54,51,53,51,51,53,50,49,53,53,53,53,51,52,52,52,52,53,50,50,53,48,50,51,50,51,48,50,49,50,52,52,52,50,49,50,49,51,51,53,49,50,53,55,50,53,53,55,53,52,54,52,51,50,49,55,54,53,54,48,48,49,51,49,53,52,51,49,49,49,50,51,51,48,52,55,58,51,52,49,48,50,50,52,51,48,52,53,50,54,50,49,54,49,49,49,52,53,52,53,52,50,50,47,52,53,52,52,53,53,53,53,54,54,50,53,50,52,50,53,49,49,49,54,54,55,51,53,47,52,51,50,56,55,51,51,48,51,51,50,51,52,51,51,51,50,52,51,51,55,55,51,49,52,52,52,53,50,49,51,54,50,54,49,50,50,52,51,54,52,51,51,48,47,50,49,50,52,51,49,53,52,53,51,52,54,53,51,53,54,56,51,52,52,53,52,55,49,52,53,52,51,49,49,50,50,46,50,48,52,52,54,56,53,52,51,51,49,49,50,51,50,50,53,54,55,54,53,52,51,52,53,51,49,51,53,56,54,55,54,51,
51,51,52,51,54,54,54,53,51,55,52,51,51,50,50,55,54,54,51,52,49,53,52,53,53,51,52,53,53,54,50,53,52,53,52,51,51,51,51,54,51,52,48,55,56,55,49,54,50,50,52,50,54,52,50,50,51,55,53,56,50,52,55,53,55,48,52,53,56,49,56,56,55,55,51,55,49,51,50,50,51,51,53,50,51,55,51,51,52,50,52,53,52,50,51,49,51,51,47,51,52,49,54,55,54,56,49,55,55,48,54,52,53,52,55,54,47,51,53,49,53,52,54,52,50,53,50,49,54,56,50,51,53,51,55,55,52,52,53,53,54,51,55,50,51,53,55,51,50,49,52,50,52,51,51,52,52,49,50,52,53,50,52,51,53,55,53,49,53,54,51,53,52,51,50,52,54,55,54,53,47,49,53,53,55,52,53,50,50,51,52,52,51,51,52,52,52,52,56,52,53,53,53,55,53,52,49,55,53,48,51,56,49,48,48,53,50,53,51,52,49,53,50,49,53,53,58,54,53,51,52,52,50,50,53,51,50,50,50,50,55,51,56,52,52,51,53,54,52,52,51,55,55,55,55,55,
55,53,52,52,52,51,50,55,53,52,55,52,55,50,50,52,50,53,51,51,52,52,53,52,52,51,54,55,54,55,51,54,53,54,54,53,52,52,50,54,55,51,56,55,56,52,55,52,54,51,55,53,57,53,53,52,53,52,52,56,56,54,53,53,53,49,52,52,51,56,50,51,56,50,51,56,53,55,52,50,52,54,51,54,52,55,55,56,53,51,51,54,52,54,51,52,50,52,52,51,51,52,55,53,53,55,52,54,55,50,53,53,53,51,52,52,54,53,48,54,49,49,50,50,53,48,55,50,55,52,56,51,51,51,53,56,54,52,54,53,50,56,51,51,52,51,50,50,51,51,54,54,53,51,52,52,50,50,51,51,52,50,53,53,53,55,55,53,53,53,54,52,52,52,53,53,54,51,55,48,48,48,50,52,55,53,53,53,51,51,52,54,56,52,52,52,52,57,52,56,55,55,56,54,50,53,54,51,52,53,49,51,49,52,49,54,50,51,52,55,51,50,53,51,53,53,57,51,52,52,51,53,51,52,53,51,50,51,50,55,54,54,52,52,52,53,51,51,54,52,53,52,55,56,56,54,
54,56,54,52,52,52,52,52,53,53,54,54,56,51,51,52,51,54,51,52,51,53,53,55,52,52,55,55,56,55,54,56,54,54,52,54,53,53,53,55,53,55,58,55,58,55,57,52,52,56,54,53,57,58,54,54,52,52,55,51,53,56,53,54,53,52,58,53,52,57,50,51,52,52,53,53,52,52,49,50,57,52,53,52,53,53,53,57,49,52,52,57,54,55,52,52,54,51,54,53,52,55,52,53,53,54,53,53,55,53,56,54,54,56,54,54,55,53,50,49,53,53,50,52,53,50,55,53,52,56,51,54,52,54,54,56,51,55,54,56,50,51,55,56,55,50,52,51,50,52,51,54,57,56,52,55,53,51,52,51,53,51,52,51,54,55,53,56,54,54,52,54,51,55,54,56,53,55,54,52,53,53,51,55,53,52,54,54,56,51,54,53,54,52,52,51,53,51,55,56,57,55,56,55,53,50,50,58,53,52,55,52,53,50,55,53,52,52,56,56,51,53,50,54,53,51,55,52,52,53,53,54,52,54,53,52,53,53,53,51,57,52,55,54,53,53,54,54,54,56,53,54,56,55,57,55,
51,55,54,57,56,51,53,53,54,51,52,55,53,55,52,54,51,55,55,53,53,53,52,52,54,54,54,55,51,54,55,53,56,54,54,54,54,55,58,54,54,54,55,54,55,57,58,53,57,56,58,57,54,53,55,54,52,53,54,52,54,57,55,56,54,56,58,55,52,52,54,51,53,54,52,53,52,55,52,57,57,57,55,51,54,53,54,55,55,49,50,55,55,54,59,59,54,51,51,53,53,53,54,57,57,52,56,52,52,53,55,55,57,57,53,55,54,54,54,53,53,53,54,57,53,54,53,53,53,53,52,53,55,54,51,57,53,52,56,58,54,55,58,57,54,54,55,55,53,51,57,54,54,56,52,55,56,52,54,51,54,54,52,54,53,55,53,52,53,53,53,51,57,54,55,56,56,55,54,56,53,55,54,51,56,53,55,55,56,52,52,55,54,53,51,53,52,53,56,57,56,56,56,52,53,54,57,58,53,53,56,53,53,54,56,53,52,52,54,56,52,52,50,51,55,52,54,56,54,54,53,55,53,58,53,52,53,54,53,53,57,53,53,53,53,54,52,56,55,56,54,56,54,57,56,56,
53,52,54,57,56,56,52,54,53,55,55,54,58,55,53,54,54,53,55,54,54,53,53,52,55,54,56,51,52,50,55,54,56,55,58,55,57,56,58,53,52,55,54,54,55,56,57,57,52,58,54,53,54,55,54,54,55,54,51,56,55,56,54,55,56,55,57,58,53,53,54,52,54,54,53,53,53,53,56,52,57,53,55,52,56,52,55,52,52,54,56,56,56,55,56,59,60,54,52,54,53,53,58,58,57,55,54,56,55,55,56,55,55,58,55,57,52,55,55,55,54,53,54,54,54,54,53,54,55,54,53,53,53,53,52,56,54,52,55,56,55,56,56,58,54,56,55,54,55,55,52,54,59,56,55,56,56,57,53,54,55,54,56,53,53,56,52,52,54,53,53,52,58,56,56,56,53,56,52,54,57,55,55,58,58,55,56,55,56,53,52,56,57,54,54,55,53,54,56,55,59,56,56,53,54,56,55,56,54,53,56,54,55,56,57,52,55,55,56,58,53,55,53,52,51,54,53,55,57,55,53,54,54,56,57,56,52,54,55,55,53,52,55,54,58,54,53,56,55,56,57,56,54,56,56,56,
56,55,56,57,57,53,57,55,55,56,53,54,59,58,59,57,55,56,54,54,55,58,54,56,53,57,55,57,54,54,56,56,55,55,55,55,55,56,56,55,56,54,55,56,57,60,58,57,53,53,54,54,58,54,55,55,55,56,53,56,55,55,55,54,54,56,58,55,53,53,54,52,54,54,54,53,55,54,54,57,56,55,54,54,57,54,53,58,55,55,56,55,54,56,55,57,60,59,53,54,54,54,57,55,55,56,56,56,55,56,55,54,57,56,56,58,56,55,56,55,55,57,55,55,55,57,54,55,54,56,55,55,57,54,55,58,55,57,54,53,56,57,56,56,55,56,57,55,57,58,54,54,54,58,54,58,57,57,56,55,55,56,57,56,53,56,56,54,56,55,53,54,58,55,55,56,54,54,56,54,52,59,56,58,58,56,56,54,54,55,55,57,53,57,56,56,55,54,55,55,59,57,57,56,59,56,55,55,55,55,57,55,57,55,58,53,56,53,57,58,57,55,54,53,53,55,55,54,57,55,56,55,57,56,57,53,58,59,56,56,53,57,56,57,58,54,54,54,58,57,56,57,55,56,56,56,
56,57,54,53,58,58,58,56,57,57,55,55,56,57,56,59,59,54,55,55,57,55,57,56,57,55,54,54,57,56,55,52,56,56,56,57,56,56,58,57,55,55,57,59,56,57,55,54,57,56,55,55,55,59,56,55,54,55,55,53,55,55,56,55,54,54,58,57,56,56,56,52,58,53,52,54,58,55,57,55,57,56,53,53,57,58,55,55,54,55,57,56,55,57,55,58,57,56,60,57,54,54,53,56,56,56,57,57,56,56,58,55,54,57,57,58,57,55,54,56,57,58,55,54,58,55,59,56,59,55,57,57,56,57,56,59,56,58,58,58,55,53,57,58,60,58,58,58,58,60,59,55,55,59,54,56,55,57,57,55,55,55,57,54,53,53,54,55,59,53,54,54,55,56,55,53,54,55,55,56,54,60,58,53,56,59,56,54,57,56,55,54,56,56,56,56,57,56,55,58,56,53,57,59,56,56,56,56,56,54,57,55,58,56,56,56,57,55,56,58,54,55,54,56,56,57,57,56,59,58,57,56,57,57,55,57,59,59,57,54,54,53,56,56,57,58,56,56,57,57,54,56,54,57,57,57,
57,57,56,58,56,57,59,59,57,58,57,58,56,55,56,60,60,58,57,56,55,57,55,56,58,57,56,55,59,57,54,58,57,57,56,55,56,55,58,57,55,56,56,57,54,56,56,54,54,55,57,58,56,59,56,61,55,56,56,58,57,56,55,57,59,57,56,56,56,55,57,58,56,54,56,53,59,59,58,56,57,58,59,57,57,58,55,55,55,55,55,57,57,56,56,56,58,59,58,55,59,53,56,57,56,55,57,55,60,60,57,60,59,58,56,56,55,55,55,55,58,56,58,56,56,58,57,59,54,56,56,57,56,60,54,59,58,55,55,61,57,54,55,56,57,55,60,55,59,61,60,53,58,54,55,56,56,56,57,56,56,56,57,56,53,54,55,57,60,58,54,59,58,56,55,56,56,57,55,56,57,57,59,59,59,56,58,59,55,55,55,56,57,57,57,58,57,56,56,56,55,57,54,56,57,57,57,58,53,55,53,58,58,56,55,58,56,55,56,59,55,58,54,55,60,57,57,56,55,60,56,57,55,56,58,56,56,55,60,54,54,58,56,57,55,56,56,55,55,57,56,59,57,58,56,58,
59,58,56,58,57,55,58,57,57,57,59,59,56,56,57,57,60,56,59,57,57,56,61,58,56,59,57,56,59,60,59,56,59,58,56,56,57,56,56,58,56,56,56,57,58,57,58,58,56,56,58,58,61,60,56,57,56,56,60,62,59,58,57,58,56,59,58,58,55,56,57,57,58,57,58,57,58,59,58,54,58,57,60,57,58,58,59,57,56,57,57,58,59,56,56,57,55,59,57,55,58,57,57,56,57,58,59,57,59,56,58,58,58,58,59,57,57,59,57,57,56,58,57,59,56,58,57,59,58,58,58,57,57,57,60,57,57,57,56,58,56,56,55,59,58,55,57,59,58,60,61,55,54,59,55,56,57,58,57,56,57,56,60,57,57,54,57,54,58,55,59,56,59,56,57,56,56,57,55,55,55,57,57,59,57,57,58,61,58,61,58,57,57,58,58,57,57,57,58,57,55,56,57,60,57,57,59,57,54,54,57,55,59,56,59,57,56,56,58,59,56,57,55,59,56,58,58,58,58,57,58,56,58,58,57,57,57,59,57,56,55,59,58,55,56,55,55,57,55,56,58,58,60,57,57,57,
57,58,59,58,58,57,59,57,58,58,58,57,58,58,59,58,60,59,58,59,58,58,61,57,56,59,58,58,57,59,61,59,58,56,57,58,57,60,57,61,56,56,57,58,58,59,57,57,57,56,57,57,57,60,57,58,58,58,63,61,60,58,56,60,57,57,56,60,59,59,58,58,58,58,58,57,58,58,56,60,59,57,61,60,58,60,59,58,58,57,58,58,57,57,56,59,59,59,57,57,57,59,58,61,56,58,57,58,58,57,59,61,61,58,59,56,57,57,59,60,57,59,58,58,59,59,61,56,57,59,60,58,58,60,58,58,60,57,57,60,56,59,56,57,60,59,61,56,60,59,59,61,58,57,60,56,58,56,58,59,59,58,58,59,58,55,58,56,59,56,57,57,58,58,60,57,57,60,57,56,58,57,58,58,59,58,58,58,59,61,60,56,58,56,60,59,58,59,58,59,58,58,57,57,57,58,59,58,56,58,56,59,61,60,60,58,58,57,59,58,58,60,59,60,57,58,57,59,60,57,59,60,58,57,61,56,56,60,57,57,57,59,59,58,57,56,60,57,58,59,59,58,59,57,59,58,
58,58,59,60,58,62,59,58,58,59,60,58,57,58,60,59,59,60,58,57,58,58,58,59,58,58,58,59,59,58,60,60,59,59,58,59,61,61,58,60,57,58,59,57,59,60,59,59,57,57,58,57,58,59,59,61,59,57,62,63,58,57,57,59,60,58,59,57,59,56,60,59,58,57,59,56,62,58,57,58,58,58,59,57,59,60,60,57,59,58,57,60,60,58,57,58,57,61,60,59,60,59,59,60,60,57,58,59,58,59,59,58,61,61,62,59,59,60,60,59,64,58,59,60,59,58,59,58,58,58,58,58,57,59,62,59,59,60,59,60,61,57,58,56,59,59,59,58,58,57,59,61,58,58,58,59,57,59,59,58,60,59,58,56,58,56,59,57,58,56,58,58,59,57,58,61,58,60,61,57,59,59,59,59,58,59,61,57,59,59,59,59,58,59,60,60,60,59,59,59,60,56,58,58,60,60,60,59,60,57,57,58,58,61,58,58,60,60,58,59,60,61,59,59,61,58,59,59,59,60,59,61,59,59,58,60,59,60,60,58,59,59,60,60,61,59,62,60,57,57,57,58,58,58,60,60,
59,57,57,59,59,61,58,60,62,59,59,61,58,58,59,60,59,62,61,58,58,61,58,60,60,60,59,60,57,59,58,59,61,59,58,59,61,62,57,59,61,62,61,58,61,60,59,58,60,59,58,58,59,58,62,62,59,59,58,59,57,59,59,61,60,59,59,59,62,60,60,58,57,58,57,60,57,59,59,58,60,58,60,61,61,60,59,59,61,59,59,59,60,61,60,60,60,58,58,59,60,60,58,59,60,58,59,58,59,58,59,60,63,60,60,60,58,59,61,59,63,59,58,59,60,59,60,61,59,58,60,60,57,58,58,58,60,62,61,59,62,59,59,57,58,60,59,60,58,58,59,60,59,59,58,59,58,59,60,58,60,59,60,57,59,60,60,58,59,57,58,58,58,59,58,58,59,61,62,59,61,60,61,59,59,59,61,61,59,60,61,60,58,59,58,59,60,60,57,59,61,62,58,59,60,62,61,60,59,59,58,59,60,62,59,59,61,63,58,61,58,62,59,62,59,61,58,60,60,60,59,60,60,58,60,62,61,62,59,60,61,61,59,62,58,60,61,60,59,59,61,59,60,59,60,61,
60,58,60,58,58,60,59,58,61,61,60,60,61,58,60,59,59,61,62,59,59,60,59,61,60,62,61,60,59,59,59,60,58,59,60,60,59,61,59,60,61,58,60,62,61,59,59,61,59,60,59,60,61,59,59,60,62,59,60,59,60,62,60,61,60,61,60,60,62,60,61,60,62,59,60,59,58,60,60,59,62,59,61,62,60,60,60,60,60,60,60,59,61,60,59,59,61,59,58,60,61,60,60,62,60,61,60,59,61,61,59,60,60,62,60,60,61,62,61,59,61,63,59,60,61,62,61,61,61,59,59,62,61,58,61,58,61,59,60,60,58,59,58,59,60,59,61,62,60,59,60,59,61,61,60,59,59,59,59,60,59,60,60,59,60,60,60,61,58,59,61,59,58,60,60,63,59,61,59,60,60,62,62,61,58,59,60,61,60,61,60,60,60,61,58,59,60,60,58,59,61,61,61,60,61,61,62,59,61,59,58,59,59,60,60,59,60,60,63,61,61,61,60,63,62,62,58,61,62,61,59,60,62,59,59,61,61,62,58,58,60,60,62,63,61,59,61,60,59,60,59,63,61,60,61,59,
60,61,59,59,59,60,61,60,59,61,61,62,60,60,61,60,60,59,60,61,61,61,61,60,61,60,59,61,60,59,59,60,61,62,59,61,61,60,60,62,60,60,60,60,60,60,61,60,61,60,60,61,60,61,59,61,61,62,61,61,61,62,62,61,59,61,62,64,63,62,61,62,61,60,60,59,61,62,61,64,60,61,62,61,61,61,60,61,61,61,60,61,61,60,62,62,63,60,60,60,63,62,61,61,60,62,60,61,62,61,61,61,61,61,64,59,61,61,61,60,60,60,60,59,61,61,62,61,59,60,62,61,61,61,62,62,61,61,63,60,60,59,61,60,59,59,63,61,61,62,62,60,61,61,61,61,63,60,60,60,60,60,61,61,60,59,60,59,59,61,59,61,60,59,61,59,60,60,61,61,62,62,62,59,61,60,60,61,62,60,61,61,63,62,62,59,60,60,63,60,62,63,61,60,60,59,62,59,61,61,59,61,59,62,59,61,59,61,63,60,62,60,60,60,62,60,62,61,60,61,61,60,60,62,60,62,59,61,60,59,59,60,61,61,60,62,60,62,62,62,61,61,59,62,60,59,
62,62,63,63,60,60,62,60,60,61,60,61,61,61,61,60,61,60,62,61,62,61,60,61,61,61,62,62,61,61,63,60,62,62,61,61,60,62,60,61,61,61,61,61,60,63,60,61,62,61,61,62,61,62,60,61,61,61,64,61,61,62,60,61,63,62,60,62,62,62,62,62,61,60,61,63,61,61,62,63,64,62,61,63,62,62,60,60,61,61,62,61,60,61,61,62,63,60,60,62,61,61,62,62,60,61,61,61,62,60,61,62,62,62,62,60,60,60,62,62,60,62,61,61,61,62,63,62,63,61,62,63,61,62,61,61,62,61,62,60,60,62,62,60,60,62,64,61,61,61,61,62,61,60,61,62,62,62,61,62,61,61,61,62,61,60,60,60,61,61,63,62,60,62,62,63,61,62,60,62,62,60,63,62,62,61,63,62,60,60,63,60,61,61,62,61,63,61,60,62,62,62,62,60,62,61,62,61,61,62,62,62,60,61,60,62,60,62,60,61,61,61,62,62,61,61,60,62,62,62,62,64,62,61,61,62,61,61,61,60,61,61,62,61,61,62,62,61,62,61,60,61,63,61,60,60,
62,62,62,63,62,63,62,61,61,62,61,61,63,63,62,61,62,63,61,62,62,63,61,61,61,63,61,63,62,63,63,63,63,63,61,62,61,61,62,62,63,62,63,61,62,62,61,62,63,64,63,61,62,63,61,61,62,61,62,61,62,62,63,62,63,63,62,63,62,62,62,63,62,61,61,61,63,62,61,62,64,62,62,63,62,62,63,61,62,61,63,61,61,63,62,63,63,62,62,63,61,63,62,63,63,62,62,61,62,61,62,61,62,63,61,61,61,62,63,63,62,62,62,61,62,63,62,62,61,62,62,62,62,62,63,62,62,63,63,61,62,61,62,63,62,62,63,62,63,62,62,62,63,61,61,62,62,62,63,62,62,63,62,63,62,62,62,61,61,63,63,62,63,62,62,63,62,63,61,64,62,62,61,63,62,61,64,62,61,63,62,62,61,63,62,61,62,62,63,61,62,63,63,63,61,61,62,61,62,63,63,62,62,62,61,62,61,63,64,62,62,61,62,62,63,62,62,62,63,63,62,64,62,62,62,63,63,62,62,64,62,61,63,61,62,62,61,61,62,61,62,62,64,63,64,61,
62,63,63,63,63,63,62,62,64,63,63,62,64,62,62,63,63,62,63,62,63,64,62,62,62,64,63,63,63,64,62,62,62,64,62,62,63,63,62,62,63,62,62,63,62,62,63,63,63,62,63,62,62,62,62,62,63,63,63,62,62,62,62,63,62,64,62,62,64,64,63,63,62,62,63,62,63,63,62,64,62,63,63,63,64,63,62,62,64,62,63,63,62,63,62,63,62,64,63,63,62,63,62,62,63,62,63,62,62,63,63,63,62,63,63,64,63,63,62,62,62,62,63,62,62,63,63,62,63,62,62,62,63,63,63,63,62,62,64,62,63,62,62,63,63,63,62,63,63,62,62,62,63,62,62,63,63,62,62,63,64,63,63,62,64,62,62,63,62,63,63,63,63,63,62,63,63,62,64,64,63,64,64,62,63,62,64,63,62,63,64,62,62,64,62,63,63,63,63,64,62,62,62,62,63,62,62,62,62,62,63,63,64,63,62,62,63,63,62,64,63,62,63,62,63,63,62,62,62,64,63,63,62,62,63,63,63,64,62,62,63,62,62,62,62,64,62,63,62,63,63,62,64,63,63,64,
63,64,63,63,63,64,63,63,64,63,63,63,63,63,63,64,63,63,63,63,63,63,63,63,63,64,63,63,63,63,64,63,63,64,64,63,63,63,63,63,63,63,63,63,64,63,64,64,64,63,63,63,64,63,63,63,63,64,63,63,63,64,63,63,63,63,64,63,63,63,64,63,64,63,63,63,63,64,63,63,64,64,64,64,64,64,63,63,64,63,64,63,64,63,63,64,63,63,63,64,63,63,64,63,64,64,64,64,64,64,63,63,63,64,63,63,64,64,64,63,64,63,64,63,63,63,64,63,63,64,64,63,64,63,64,63,64,63,64,63,63,64,64,63,64,63,63,63,63,63,63,64,64,63,63,64,63,63,63,64,64,63,64,63,64,64,64,63,63,64,64,64,63,64,63,63,63,63,63,64,63,64,63,64,64,63,63,63,63,63,64,63,64,63,63,64,64,64,63,64,64,63,63,63,64,64,63,63,63,64,63,64,63,63,63,64,64,63,63,63,63,63,63,63,63,63,63,63,63,64,63,63,63,63,63,64,64,63,64,63,63,64,63,63,64,63,64,63,63,63,63,63,63,64,63,64,
64,64,64,64,64,64,64,64,64,64,64,64,64,64,64,64,64,64,64,64,64,64,64,64,64,64,64,64,64,64,64,64,64,64,64,64,64,64,64,64,64,64,64,64,64,64,64,64,64,64,64,64,64,64,64,64,64,64,64,64,64,64,64,64,64,64,64,64,64,64,64,64,64,64,64,64,64,64,64,64,64,64,64,64,64,64,64,64,64,64,64,64,64,64,64,64,64,64,64,64,64,64,64,64,64,64,64,64,64,64,64,64,64,64,64,64,64,64,64,64,64,64,64,64,64,64,64,64,64,64,64,64,64,64,64,64,64,64,64,64,64,64,64,64,64,64,64,64,64,64,64,64,64,64,64,64,64,64,64,64,64,64,64,64,64,64,64,64,64,64,64,64,64,64,64,64,64,64,64,64,64,64,64,64,64,64,64,64,64,64,64,64,64,64,64,64,64,64,64,64,64,64,64,64,64,64,64,64,64,64,64,64,64,64,64,64,64,64,64,64,64,64,64,64,64,64,64,64,64,64,64,64,64,64,64,64,64,64,64,64,64,64,64,64,64,64,64,64,64,64,64,64,64,64,64,64,