[64, 256, 128]
0,0,0,0,0,0,0,0,0,0,0,0,0,0,0,0,0,0,0,0,0,0,0,0,0,0,0,0,0,0,0,0,0,0,0,0,0,0,0,0,0,0,0,0,0,0,0,0,0,0,0,0,0,0,0,0,0,0,0,0,0,0,0,0,0,0,0,0,0,0,0,0,0,0,0,0,0,0,0,0,0,0,0,0,0,0,0,0,0,0,0,0,0,0,0,0,0,0,0,0,0,0,0,0,0,0,0,0,0,0,0,0,0,0,0,0,0,0,0,0,0,0,0,0,0,0,0,0,0,0,0,0,0,0,0,0,0,0,0,0,0,0,0,0,0,0,0,0,0,0,0,0,0,0,0,0,0,0,0,0,0,0,0,0,0,0,0,0,0,0,0,0,0,0,0,0,0,0,0,0,0,0,0,0,0,0,0,0,0,0,0,0,0,0,0,0,0,0,0,0,0,0,0,0,0,0,0,0,0,0,0,0,0,0,0,0,0,0,0,0,0,0,0,0,0,0,0,0,0,0,0,0,0,0,0,0,0,0,0,0,0,0,0,0,0,0,0,0,0,0,0,0,0,0,0,0,
0,0,0,0,0,0,0,0,0,0,0,0,0,0,0,0,0,0,0,0,0,0,0,0,0,0,0,0,0,0,0,0,0,0,0,0,0,0,0,0,0,0,0,0,0,0,0,0,0,0,0,0,0,0,0,0,0,0,0,0,0,0,0,0,0,0,0,0,0,0,0,0,0,0,0,0,0,0,0,0,0,0,0,0,0,0,0,0,0,0,0,0,0,0,0,0,0,0,0,0,0,0,0,0,0,0,0,0,0,0,0,0,0,0,0,0,0,0,0,0,0,0,0,0,0,0,0,0,0,0,0,0,0,0,0,0,0,0,0,0,0,0,0,0,0,0,0,0,0,0,0,0,0,0,0,0,0,0,0,0,0,0,0,0,0,0,0,0,0,0,0,0,0,0,0,0,0,0,0,0,0,0,0,0,0,0,0,0,0,0,0,0,0,0,0,0,0,0,0,0,0,0,0,0,0,0,0,0,0,0,0,0,0,0,0,0,0,0,0,0,0,0,0,0,0,0,0,0,0,0,0,0,0,0,0,0,0,0,0,0,0,0,0,0,0,0,0,0,0,0,0,0,0,0,0,0,
0,0,0,0,0,0,0,0,0,0,0,0,0,0,0,0,0,0,0,0,0,0,0,0,0,0,0,0,0,0,0,0,0,0,0,0,0,0,0,0,0,0,0,0,0,0,0,0,0,0,0,0,0,0,0,0,0,0,0,0,0,0,0,0,0,0,0,0,0,0,0,0,0,0,0,0,0,0,0,0,0,0,0,0,0,0,0,0,0,0,0,0,0,0,0,0,0,0,0,0,0,0,0,0,0,0,0,0,0,0,0,0,0,0,0,0,0,0,0,0,0,0,0,0,0,0,0,0,0,0,0,0,0,0,0,0,0,0,0,0,0,0,0,0,0,0,0,0,0,0,0,0,0,0,0,0,0,0,0,0,0,0,0,0,0,0,0,0,0,0,0,0,0,0,0,0,0,0,0,0,0,0,0,0,0,0,0,0,0,0,0,0,0,0,0,0,0,0,0,0,0,0,0,0,0,0,0,0,0,0,0,0,0,0,0,0,0,0,0,0,0,0,0,0,0,0,0,0,0,0,0,0,0,0,0,0,0,0,0,0,0,0,0,0,0,0,0,0,0,0,0,0,0,0,0,0,
0,0,0,0,0,0,0,0,0,0,0,0,0,0,0,0,0,0,0,0,0,0,0,0,0,0,0,0,0,0,0,0,0,0,0,0,0,0,0,0,0,0,0,0,0,0,0,0,0,0,0,0,0,0,0,0,0,0,0,0,0,0,0,0,0,0,0,0,0,0,0,0,0,0,0,0,0,0,0,0,0,0,0,0,0,0,0,0,0,0,0,0,0,0,0,0,0,0,0,0,0,0,0,0,0,0,0,0,0,0,0,0,0,0,0,0,0,0,0,0,0,0,0,0,0,0,0,0,0,0,0,0,0,0,0,0,0,0,0,0,0,0,0,0,0,0,0,0,0,0,0,0,0,0,0,0,0,0,0,0,0,0,0,0,0,0,0,0,0,0,0,0,0,0,0,0,0,0,0,0,0,0,0,0,0,0,0,0,0,0,0,0,0,0,0,0,0,0,0,0,0,0,0,0,0,0,0,0,0,0,0,0,0,0,0,0,0,0,0,0,0,0,0,0,0,0,0,0,0,0,0,0,0,0,0,0,0,0,0,0,0,0,0,0,0,0,0,0,0,0,0,0,0,0,0,0,
0,0,0,0,0,0,0,0,0,0,0,0,0,0,0,0,0,0,0,0,0,0,0,0,0,0,0,0,0,0,0,0,0,0,0,0,0,0,0,0,0,0,0,0,0,0,0,0,0,0,0,0,0,0,0,0,0,0,0,0,0,0,0,0,0,0,0,0,0,0,0,0,0,0,0,0,0,0,0,0,0,0,0,0,0,0,0,0,0,0,0,0,0,0,0,0,0,0,0,0,0,0,0,0,0,0,0,0,0,0,0,0,0,0,0,0,0,0,0,0,0,0,0,0,0,0,0,0,0,0,0,0,0,0,0,0,0,0,0,0,0,0,0,0,0,0,0,0,0,0,0,0,0,0,0,0,0,0,0,0,0,0,0,0,0,0,0,0,0,0,0,0,0,0,0,0,0,0,0,0,0,0,0,0,0,0,0,0,0,0,0,0,0,0,0,0,0,0,0,0,0,0,0,0,0,0,0,0,0,0,0,0,0,0,0,0,0,0,0,0,0,0,0,0,0,0,0,0,0,0,0,0,0,0,0,0,0,0,0,0,0,0,0,0,0,0,0,0,0,0,0,0,0,0,0,0,
0,0,0,0,0,0,0,0,0,0,0,0,0,0,0,0,0,0,0,0,0,0,0,0,0,0,0,0,0,0,0,0,0,0,0,0,0,0,0,0,0,0,0,0,0,0,0,0,0,0,0,0,0,0,0,0,0,0,0,0,0,0,0,0,0,0,0,0,0,0,0,0,0,0,0,0,0,0,0,0,0,0,0,0,0,0,0,0,0,0,0,0,0,0,0,0,0,0,0,0,0,0,0,0,0,0,0,0,0,0,0,0,0,0,0,0,0,0,0,0,0,0,0,0,0,0,0,0,0,0,0,0,0,0,0,0,0,0,0,0,0,0,0,0,0,0,0,0,0,0,0,0,0,0,0,0,0,0,0,0,0,0,0,0,0,0,0,0,0,0,0,0,0,0,0,0,0,0,0,0,0,0,0,0,0,0,0,0,0,0,0,0,0,0,0,0,0,0,0,0,0,0,0,0,0,0,0,0,0,0,0,0,0,0,0,0,0,0,0,0,0,0,0,0,0,0,0,0,0,0,0,0,0,0,0,0,0,0,0,0,0,0,0,0,0,0,0,0,0,0,0,0,0,0,0,0,
0,0,0,0,0,0,0,0,0,0,0,0,0,0,0,0,0,0,0,0,0,0,0,0,0,0,0,0,0,0,0,0,0,0,0,0,0,0,0,0,0,0,0,0,0,0,0,0,0,0,0,0,0,0,0,0,0,0,0,0,0,0,0,0,0,0,0,0,0,0,0,0,0,0,0,0,0,0,0,0,0,0,0,0,0,0,0,0,0,0,0,0,0,0,0,0,0,0,0,0,0,0,0,0,0,0,0,0,0,0,0,0,0,0,0,0,0,0,0,0,0,0,0,0,0,0,0,0,0,0,0,0,0,0,0,0,0,0,0,0,0,0,0,0,0,0,0,0,0,0,0,0,0,0,0,0,0,0,0,0,0,0,0,0,0,0,0,0,0,0,0,0,0,0,0,0,0,0,0,0,0,0,0,0,0,0,0,0,0,0,0,0,0,0,0,0,0,0,0,0,0,0,0,0,0,0,0,0,0,0,0,0,0,0,0,0,0,0,0,0,0,0,0,0,0,0,0,0,0,0,0,0,0,0,0,0,0,0,0,0,0,0,0,0,0,0,0,0,0,0,0,0,0,0,0,0,
0,0,0,0,0,0,0,0,0,0,0,0,0,0,0,0,0,0,0,0,0,0,0,0,0,0,0,0,0,0,0,0,0,0,0,0,0,0,0,0,0,0,0,0,0,0,0,0,0,0,0,0,0,0,0,0,0,0,0,0,0,0,0,0,0,0,0,0,0,0,0,0,0,0,0,0,0,0,0,0,0,0,0,0,0,0,0,0,0,0,0,0,0,0,0,0,0,0,0,0,0,0,0,0,0,0,0,0,0,0,0,0,0,0,0,0,0,0,0,0,0,0,0,0,0,0,0,0,0,0,0,0,0,0,0,0,0,0,0,0,0,0,0,0,0,0,0,0,0,0,0,0,0,0,0,0,0,0,0,0,0,0,0,0,0,0,0,0,0,0,0,0,0,0,0,0,0,0,0,0,0,0,0,0,0,0,0,0,0,0,0,0,0,0,0,0,0,0,0,0,0,0,0,0,0,0,0,0,0,0,0,0,0,0,0,0,0,0,0,0,0,0,0,0,0,0,0,0,0,0,0,0,0,0,0,0,0,0,0,0,0,0,0,0,0,0,0,0,0,0,0,0,0,0,0,0,
0,0,0,0,0,0,0,0,0,0,0,0,0,0,0,0,0,0,0,0,0,0,0,0,0,0,0,0,0,0,0,0,0,0,0,0,0,0,0,0,0,0,0,0,0,0,0,0,0,0,0,0,0,0,0,0,0,0,0,0,0,0,0,0,0,0,0,0,0,0,0,0,0,0,0,0,0,0,0,0,0,0,0,0,0,0,0,0,0,0,0,0,0,0,0,0,0,0,0,0,0,0,0,0,0,0,0,0,0,0,0,0,0,0,0,0,0,0,0,0,0,0,0,0,0,0,0,0,0,0,0,0,0,0,0,0,0,0,0,0,0,0,0,0,0,0,0,0,0,0,0,0,0,0,0,0,0,0,0,0,0,0,0,0,0,0,0,0,0,0,0,0,0,0,0,0,0,0,0,0,0,0,0,0,0,0,0,0,0,0,0,0,0,0,0,0,0,0,0,0,0,0,0,0,0,0,0,0,0,0,0,0,0,0,0,0,0,0,0,0,0,0,0,0,0,0,0,0,0,0,0,0,0,0,0,0,0,0,0,0,0,0,0,0,0,0,0,0,0,0,0,0,0,0,0,0,
0,0,0,0,0,0,0,0,0,0,0,0,0,0,0,0,0,0,0,0,0,0,0,0,0,0,0,0,0,0,0,0,0,0,0,0,0,0,0,0,0,0,0,0,0,0,0,0,0,0,0,0,0,0,0,0,0,0,0,0,0,0,0,0,0,0,0,0,0,0,0,0,0,0,0,0,0,0,0,0,0,0,0,0,0,0,0,0,0,0,0,0,0,0,0,0,0,0,0,0,0,0,0,0,0,0,0,0,0,0,0,0,0,0,0,0,0,0,0,0,0,0,0,0,0,0,0,0,0,0,0,0,0,0,0,0,0,0,0,0,0,0,0,0,0,0,0,0,0,0,0,0,0,0,0,0,0,0,0,0,0,0,0,0,0,0,0,0,0,0,0,0,0,0,0,0,0,0,0,0,0,0,0,0,0,0,0,0,0,0,0,0,0,0,0,0,0,0,0,0,0,0,0,0,0,0,0,0,0,0,0,0,0,0,0,0,0,0,0,0,0,0,0,0,0,0,0,0,0,0,0,0,0,0,0,0,0,0,0,0,0,0,0,0,0,0,0,0,0,0,0,0,0,0,0,0,
0,0,0,0,0,0,0,0,0,0,0,0,0,0,0,0,0,0,0,0,0,0,0,0,0,0,0,0,0,0,0,0,0,0,0,0,0,0,0,0,0,0,0,0,0,0,0,0,0,0,0,0,0,0,0,0,0,0,0,0,0,0,0,0,0,0,0,0,0,0,0,0,0,0,0,0,0,0,0,0,0,0,0,0,0,0,0,0,0,0,0,0,0,0,0,0,0,0,0,0,0,0,0,0,0,0,0,0,0,0,0,0,0,0,0,0,0,0,0,0,0,0,0,0,0,0,0,0,0,0,0,0,0,0,0,0,0,0,0,0,0,0,0,0,0,0,0,0,0,0,0,0,0,0,0,0,0,0,0,0,0,0,0,0,0,0,0,0,0,0,0,0,0,0,0,0,0,0,0,0,0,0,0,0,0,0,0,0,0,0,0,0,0,0,0,0,0,0,0,0,0,0,0,0,0,0,0,0,0,0,0,0,0,0,0,0,0,0,0,0,0,0,0,0,0,0,0,0,0,0,0,0,0,0,0,0,0,0,0,0,0,0,0,0,0,0,0,0,0,0,0,0,0,0,0,0,
0,0,0,0,0,0,0,0,0,0,0,0,0,0,0,0,0,0,0,0,0,0,0,0,0,0,0,0,0,0,0,0,0,0,0,0,0,0,0,0,0,0,0,0,0,0,0,0,0,0,0,0,0,0,0,0,0,0,0,0,0,0,0,0,0,0,0,0,0,0,0,0,0,0,0,0,0,0,0,0,0,0,0,0,0,0,0,0,0,0,0,0,0,0,0,0,0,0,0,0,0,0,0,0,0,0,0,0,0,0,0,0,0,0,0,0,0,0,0,0,0,0,0,0,0,0,0,0,0,0,0,0,0,0,0,0,0,0,0,0,0,0,0,0,0,0,0,0,0,0,0,0,0,0,0,0,0,0,0,0,0,0,0,0,0,0,0,0,0,0,0,0,0,0,0,0,0,0,0,0,0,0,0,0,0,0,0,0,0,0,0,0,0,0,0,0,0,0,0,0,0,0,0,0,0,0,0,0,0,0,0,0,0,0,0,0,0,0,0,0,0,0,0,0,0,0,0,0,0,0,0,0,0,0,0,0,0,0,0,0,0,0,0,0,0,0,0,0,0,0,0,0,0,0,0,0,
0,0,0,0,0,0,0,0,0,0,0,0,0,0,0,0,0,0,0,0,0,0,0,0,0,0,0,0,0,0,0,0,0,0,0,0,0,0,0,0,0,0,0,0,0,0,0,0,0,0,0,0,0,0,0,0,0,0,0,0,0,0,0,0,0,0,0,0,0,0,0,0,0,0,0,0,0,0,0,0,0,0,0,0,0,0,0,0,0,0,0,0,0,0,0,0,0,0,0,0,0,0,0,0,0,0,0,0,0,0,0,0,0,0,0,0,0,0,0,0,0,0,0,0,0,0,0,0,0,0,0,0,0,0,0,0,0,0,0,0,0,0,0,0,0,0,0,0,0,0,0,0,0,0,0,0,0,0,0,0,0,0,0,0,0,0,0,0,0,0,0,0,0,0,0,0,0,0,0,0,0,0,0,0,0,0,0,0,0,0,0,0,0,0,0,0,0,0,0,0,0,0,0,0,0,0,0,0,0,0,0,0,0,0,0,0,0,0,0,0,0,0,0,0,0,0,0,0,0,0,0,0,0,0,0,0,0,0,0,0,0,0,0,0,0,0,0,0,0,0,0,0,0,0,0,0,
0,0,0,0,0,0,0,0,0,0,0,0,0,0,0,0,0,0,0,0,0,0,0,0,0,0,0,0,0,0,0,0,0,0,0,0,0,0,0,0,0,0,0,0,0,0,0,0,0,0,0,0,0,0,0,0,0,0,0,0,0,0,0,0,0,0,0,0,0,0,0,0,0,0,0,0,0,0,0,0,0,0,0,0,0,0,0,0,0,0,0,0,0,0,0,0,0,0,0,0,0,0,0,0,0,0,0,0,0,0,0,0,0,0,0,0,0,0,0,0,0,0,0,0,0,0,0,0,0,0,0,0,0,0,0,0,0,0,0,0,0,0,0,0,0,0,0,0,0,0,0,0,0,0,0,0,0,0,0,0,0,0,0,0,0,0,0,0,0,0,0,0,0,0,0,0,0,0,0,0,0,0,0,0,0,0,0,0,0,0,0,0,0,0,0,0,0,0,0,0,0,0,0,0,0,0,0,0,0,0,0,0,0,0,0,0,0,0,0,0,0,0,0,0,0,0,0,0,0,0,0,0,0,0,0,0,0,0,0,0,0,0,0,0,0,0,0,0,0,0,0,0,0,0,0,0,
0,0,0,0,0,0,0,0,0,0,0,0,0,0,0,0,0,0,0,0,0,0,0,0,0,0,0,0,0,0,0,0,0,0,0,0,0,0,0,0,0,0,0,0,0,0,0,0,0,0,0,0,0,0,0,0,0,0,0,0,0,0,0,0,0,0,0,0,0,0,0,0,0,0,0,0,0,0,0,0,0,0,0,0,0,0,0,0,0,0,0,0,0,0,0,0,0,0,0,0,0,0,0,0,0,0,0,0,0,0,0,0,0,0,0,0,0,0,0,0,0,0,0,0,0,0,0,0,0,0,0,0,0,0,0,0,0,0,0,0,0,0,0,0,0,0,0,0,0,0,0,0,0,0,0,0,0,0,0,0,0,0,0,0,0,0,0,0,0,0,0,0,0,0,0,0,0,0,0,0,0,0,0,0,0,0,0,0,0,0,0,0,0,0,0,0,0,0,0,0,0,0,0,0,0,0,0,0,0,0,0,0,0,0,0,0,0,0,0,0,0,0,0,0,0,0,0,0,0,0,0,0,0,0,0,0,0,0,0,0,0,0,0,0,0,0,0,0,0,0,0,0,0,0,0,0,
0,0,0,0,0,0,0,0,0,0,0,0,0,0,0,0,0,0,0,0,0,0,0,0,0,0,0,0,0,0,0,0,0,0,0,0,0,0,0,0,0,0,0,0,0,0,0,0,0,0,0,0,0,0,0,0,0,0,0,0,0,0,0,0,0,0,0,0,0,0,0,0,0,0,0,0,0,0,0,0,0,0,0,0,0,0,0,0,0,0,0,0,0,0,0,0,0,0,0,0,0,0,0,0,0,0,0,0,0,0,0,0,0,0,0,0,0,0,0,0,0,0,0,0,0,0,0,0,0,0,0,0,0,0,0,0,0,0,0,0,0,0,0,0,0,0,0,0,0,0,0,0,0,0,0,0,0,0,0,0,0,0,0,0,0,0,0,0,0,0,0,0,0,0,0,0,0,0,0,0,0,0,0,0,0,0,0,0,0,0,0,0,0,0,0,0,0,0,0,0,0,0,0,0,0,0,0,0,0,0,0,0,0,0,0,0,0,0,0,0,0,0,0,0,0,0,0,0,0,0,0,0,0,0,0,0,0,0,0,0,0,0,0,0,0,0,0,0,0,0,0,0,0,0,0,0,
0,0,0,0,0,0,0,0,0,0,0,0,0,0,0,0,0,0,0,0,0,0,0,0,0,0,0,0,0,0,0,0,0,0,0,0,0,0,0,0,0,0,0,0,0,0,0,0,0,0,0,0,0,0,0,0,0,0,0,0,0,0,0,0,0,0,0,0,0,0,0,0,0,0,0,0,0,0,0,0,0,0,0,0,0,0,0,0,0,0,0,0,0,0,0,0,0,0,0,0,0,0,0,0,0,0,0,0,0,0,0,0,0,0,0,0,0,0,0,0,0,0,0,0,0,0,0,0,0,0,0,0,0,0,0,0,0,0,0,0,0,0,0,0,0,0,0,0,0,0,0,0,0,0,0,0,0,0,0,0,0,0,0,0,0,0,0,0,0,0,0,0,0,0,0,0,0,0,0,0,0,0,0,0,0,0,0,0,0,0,0,0,0,0,0,0,0,0,0,0,0,0,0,0,0,0,0,0,0,0,0,0,0,0,0,0,0,0,0,0,0,0,0,0,0,0,0,0,0,0,0,0,0,0,0,0,0,0,0,0,0,0,0,0,0,0,0,0,0,0,0,0,0,0,0,0,
0,0,0,0,0,0,0,0,0,0,0,0,0,0,0,0,0,0,0,0,0,0,0,0,0,0,0,0,0,0,0,0,0,0,0,0,0,0,0,0,0,0,0,0,0,0,0,0,0,0,0,0,0,0,0,0,0,0,0,0,0,0,0,0,0,0,0,0,0,0,0,0,0,0,0,0,0,0,0,0,0,0,0,0,0,0,0,0,0,0,0,0,0,0,0,0,0,0,0,0,0,0,0,0,0,0,0,0,0,0,0,0,0,0,0,0,0,0,0,0,0,0,0,0,0,0,0,0,0,0,0,0,0,0,0,0,0,0,0,0,0,0,0,0,0,0,0,0,0,0,0,0,0,0,0,0,0,0,0,0,0,0,0,0,0,0,0,0,0,0,0,0,0,0,0,0,0,0,0,0,0,0,0,0,0,0,0,0,0,0,0,0,0,0,0,0,0,0,0,0,0,0,0,0,0,0,0,0,0,0,0,0,0,0,0,0,0,0,0,0,0,0,0,0,0,0,0,0,0,0,0,0,0,0,0,0,0,0,0,0,0,0,0,0,0,0,0,0,0,0,0,0,0,0,0,0,
0,0,0,0,0,0,0,0,0,0,0,0,0,0,0,0,0,0,0,0,0,0,0,0,0,0,0,0,0,0,0,0,0,0,0,0,0,0,0,0,0,0,0,0,0,0,0,0,0,0,0,0,0,0,0,0,0,0,0,0,0,0,0,0,0,0,0,0,0,0,0,0,0,0,0,0,0,0,0,0,0,0,0,0,0,0,0,0,0,0,0,0,0,0,0,0,0,0,0,0,0,0,0,0,0,0,0,0,0,0,0,0,0,0,0,0,0,0,0,0,0,0,0,0,0,0,0,0,0,0,0,0,0,0,0,0,0,0,0,0,0,0,0,0,0,0,0,0,0,0,0,0,0,0,0,0,0,0,0,0,0,0,0,0,0,0,0,0,0,0,0,0,0,0,0,0,0,0,0,0,0,0,0,0,0,0,0,0,0,0,0,0,0,0,0,0,0,0,0,0,0,0,0,0,0,0,0,0,0,0,0,0,0,0,0,0,0,0,0,0,0,0,0,0,0,0,0,0,0,0,0,0,0,0,0,0,0,0,0,0,0,0,0,0,0,0,0,0,0,0,0,0,0,0,0,0,
0,0,0,0,0,0,0,0,0,0,0,0,0,0,0,0,0,0,0,0,0,0,0,0,0,0,0,0,0,0,0,0,0,0,0,0,0,0,0,0,0,0,0,0,0,0,0,0,0,0,0,0,0,0,0,0,0,0,0,0,0,0,0,0,0,0,0,0,0,0,0,0,0,0,0,0,0,0,0,0,0,0,0,0,0,0,0,0,0,0,0,0,0,0,0,0,0,0,0,0,0,0,0,0,0,0,0,0,0,0,0,0,0,0,0,0,0,0,0,0,0,0,0,0,0,0,0,0,0,0,0,0,0,0,0,0,0,0,0,0,0,0,0,0,0,0,0,0,0,0,0,0,0,0,0,0,0,0,0,0,0,0,0,0,0,0,0,0,0,0,0,0,0,0,0,0,0,0,0,0,0,0,0,0,0,0,0,0,0,0,0,0,0,0,0,0,0,0,0,0,0,0,0,0,0,0,0,0,0,0,0,0,0,0,0,0,0,0,0,0,0,0,0,0,0,0,0,0,0,0,0,0,0,0,0,0,0,0,0,0,0,0,0,0,0,0,0,0,0,0,0,0,0,0,0,0,
0,0,0,0,0,0,0,0,0,0,0,0,0,0,0,0,0,0,0,0,0,0,0,0,0,0,0,0,0,0,0,0,0,0,0,0,0,0,0,0,0,0,0,0,0,0,0,0,0,0,0,0,0,0,0,0,0,0,0,0,0,0,0,0,0,0,0,0,0,0,0,0,0,0,0,0,0,0,0,0,0,0,0,0,0,0,0,0,0,0,0,0,0,0,0,0,0,0,0,0,0,0,0,0,0,0,0,0,0,0,0,0,0,0,0,0,0,0,0,0,0,0,0,0,0,0,0,0,0,0,0,0,0,0,0,0,0,0,0,0,0,0,0,0,0,0,0,0,0,0,0,0,0,0,0,0,0,0,0,0,0,0,0,0,0,0,0,0,0,0,0,0,0,0,0,0,0,0,0,0,0,0,0,0,0,0,0,0,0,0,0,0,0,0,0,0,0,0,0,0,0,0,0,0,0,0,0,0,0,0,0,0,0,0,0,0,0,0,0,0,0,0,0,0,0,0,0,0,0,0,0,0,0,0,0,0,0,0,0,0,0,0,0,0,0,0,0,0,0,0,0,0,0,0,0,0,
0,0,0,0,0,0,0,0,0,0,0,0,0,0,0,0,0,0,0,0,0,0,0,0,0,0,0,0,0,0,0,0,0,0,0,0,0,0,0,0,0,0,0,0,0,0,0,0,0,0,0,0,0,0,0,0,0,0,0,0,0,0,0,0,0,0,0,0,0,0,0,0,0,0,0,0,0,0,0,0,0,0,0,0,0,0,0,0,0,0,0,0,0,0,0,0,0,0,0,0,0,0,0,0,0,0,0,0,0,0,0,0,0,0,0,0,0,0,0,0,0,0,0,0,0,0,0,0,0,0,0,0,0,0,0,0,0,0,0,0,0,0,0,0,0,0,0,0,0,0,0,0,0,0,0,0,0,0,0,0,0,0,0,0,0,0,0,0,0,0,0,0,0,0,0,0,0,0,0,0,0,0,0,0,0,0,0,0,0,0,0,0,0,0,0,0,0,0,0,0,0,0,0,0,0,0,0,0,0,0,0,0,0,0,0,0,0,0,0,0,0,0,0,0,0,0,0,0,0,0,0,0,0,0,0,0,0,0,0,0,0,0,0,0,0,0,0,0,0,0,0,0,0,0,0,0,
0,0,0,0,0,0,0,0,0,0,0,0,0,0,0,0,0,0,0,0,0,0,0,0,0,0,0,0,0,0,0,0,0,0,0,0,0,0,0,0,0,0,0,0,0,0,0,0,0,0,0,0,0,0,0,0,0,0,0,0,0,0,0,0,0,0,0,0,0,0,0,0,0,0,0,0,0,0,0,0,0,0,0,0,0,0,0,0,0,0,0,0,0,0,0,0,0,0,0,0,0,0,0,0,0,0,0,0,0,0,0,0,0,0,0,0,0,0,0,0,0,0,0,0,0,0,0,0,0,0,0,0,0,0,0,0,0,0,0,0,0,0,0,0,0,0,0,0,0,0,0,0,0,0,0,0,0,0,0,0,0,0,0,0,0,0,0,0,0,0,0,0,0,0,0,0,0,0,0,0,0,0,0,0,0,0,0,0,0,0,0,0,0,0,0,0,0,0,0,0,0,0,0,0,0,0,0,0,0,0,0,0,0,0,0,0,0,0,0,0,0,0,0,0,0,0,0,0,0,0,0,0,0,0,0,0,0,0,0,0,0,0,0,0,0,0,0,0,0,0,0,0,0,0,0,0,
0,0,0,0,0,0,0,0,0,0,0,0,0,0,0,0,0,0,0,0,0,0,0,0,0,0,0,0,0,0,0,0,0,0,0,0,0,0,0,0,0,0,0,0,0,0,0,0,0,0,0,0,0,0,0,0,0,0,0,0,0,0,0,0,0,0,0,0,0,0,0,0,0,0,0,0,0,0,0,0,0,0,0,0,0,0,0,0,0,0,0,0,0,0,0,0,0,0,0,0,0,0,0,0,0,0,0,0,0,0,0,0,0,0,0,0,0,0,0,0,0,0,0,0,0,0,0,0,0,0,0,0,0,0,0,0,0,0,0,0,0,0,0,0,0,0,0,0,0,0,0,0,0,0,0,0,0,0,0,0,0,0,0,0,0,0,0,0,0,0,0,0,0,0,0,0,0,0,0,0,0,0,0,0,0,0,0,0,0,0,0,0,0,0,0,0,0,0,0,0,0,0,0,0,0,0,0,0,0,0,0,0,0,0,0,0,0,0,0,0,0,0,0,0,0,0,0,0,0,0,0,0,0,0,0,0,0,0,0,0,0,0,0,0,0,0,0,0,0,0,0,0,0,0,0,0,
0,0,0,0,0,0,0,0,0,0,0,0,0,0,0,0,0,0,0,0,0,0,0,0,0,0,0,0,0,0,0,0,0,0,0,0,0,0,0,0,0,0,0,0,0,0,0,0,0,0,0,0,0,0,0,0,0,0,0,0,0,0,0,0,0,0,0,0,0,0,0,0,0,0,0,0,0,0,0,0,0,0,0,0,0,0,0,0,0,0,0,0,0,0,0,0,0,0,0,0,0,0,0,0,0,0,0,0,0,0,0,0,0,0,0,0,0,0,0,0,0,0,0,0,0,0,0,0,0,0,0,0,0,0,0,0,0,0,0,0,0,0,0,0,0,0,0,0,0,0,0,0,0,0,0,0,0,0,0,0,0,0,0,0,0,0,0,0,0,0,0,0,0,0,0,0,0,0,0,0,0,0,0,0,0,0,0,0,0,0,0,0,0,0,0,0,0,0,0,0,0,0,0,0,0,0,0,0,0,0,0,0,0,0,0,0,0,0,0,0,0,0,0,0,0,0,0,0,0,0,0,0,0,0,0,0,0,0,0,0,0,0,0,0,0,0,0,0,0,0,0,0,0,0,0,0,
0,0,0,0,0,0,0,0,0,0,0,0,0,0,0,0,0,0,0,0,0,0,0,0,0,0,0,0,0,0,0,0,0,0,0,0,0,0,0,0,0,0,0,0,0,0,0,0,0,0,0,0,0,0,0,0,0,0,0,0,0,0,0,0,0,0,0,0,0,0,0,0,0,0,0,0,0,0,0,0,0,0,0,0,0,0,0,0,0,0,0,0,0,0,0,0,0,0,0,0,0,0,0,0,0,0,0,0,0,0,0,0,0,0,0,0,0,0,0,0,0,0,0,0,0,0,0,0,0,0,0,0,0,0,0,0,0,0,0,0,0,0,0,0,0,0,0,0,0,0,0,0,0,0,0,0,0,0,0,0,0,0,0,0,0,0,0,0,0,0,0,0,0,0,0,0,0,0,0,0,0,0,0,0,0,0,0,0,0,0,0,0,0,0,0,0,0,0,0,0,0,0,0,0,0,0,0,0,0,0,0,0,0,0,0,0,0,0,0,0,0,0,0,0,0,0,0,0,0,0,0,0,0,0,0,0,0,0,0,0,0,0,0,0,0,0,0,0,0,0,0,0,0,0,0,0,
0,0,0,0,0,0,0,0,0,0,0,0,0,0,0,0,0,0,0,0,0,0,0,0,0,0,0,0,0,0,0,0,0,0,0,0,0,0,0,0,0,0,0,0,0,0,0,0,0,0,0,0,0,0,0,0,0,0,0,0,0,0,0,0,0,0,0,0,0,0,0,0,0,0,0,0,0,0,0,0,0,0,0,0,0,0,0,0,0,0,0,0,0,0,0,0,0,0,0,0,0,0,0,0,0,0,0,0,0,0,0,0,0,0,0,0,0,0,0,0,0,0,0,0,0,0,0,0,0,0,0,0,0,0,0,0,0,0,0,0,0,0,0,0,0,0,0,0,0,0,0,0,0,0,0,0,0,0,0,0,0,0,0,0,0,0,0,0,0,0,0,0,0,0,0,0,0,0,0,0,0,0,0,0,0,0,0,0,0,0,0,0,0,0,0,0,0,0,0,0,0,0,0,0,0,0,0,0,0,0,0,0,0,0,0,0,0,0,0,0,0,0,0,0,0,0,0,0,0,0,0,0,0,0,0,0,0,0,0,0,0,0,0,0,0,0,0,0,0,0,0,0,0,0,0,0,
0,0,0,0,0,0,0,0,0,0,0,0,0,0,0,0,0,0,0,0,0,0,0,0,0,0,0,0,0,0,0,0,0,0,0,0,0,0,0,0,0,0,0,0,0,0,0,0,0,0,0,0,0,0,0,0,0,0,0,0,0,0,0,0,0,0,0,0,0,0,0,0,0,0,0,0,0,0,0,0,0,0,0,0,0,0,0,0,0,0,0,0,0,0,0,0,0,0,0,0,0,0,0,0,0,0,0,0,0,0,0,0,0,0,0,0,0,0,0,0,0,0,0,0,0,0,0,0,0,0,0,0,0,0,0,0,0,0,0,0,0,0,0,0,0,0,0,0,0,0,0,0,0,0,0,0,0,0,0,0,0,0,0,0,0,0,0,0,0,0,0,0,0,0,0,0,0,0,0,0,0,0,0,0,0,0,0,0,0,0,0,0,0,0,0,0,0,0,0,0,0,0,0,0,0,0,0,0,0,0,0,0,0,0,0,0,0,0,0,0,0,0,0,0,0,0,0,0,0,0,0,0,0,0,0,0,0,0,0,0,0,0,0,0,0,0,0,0,0,0,0,0,0,0,0,0,
0,0,0,0,0,0,0,0,0,0,0,0,0,0,0,0,0,0,0,0,0,0,0,0,0,0,0,0,0,0,0,0,0,0,0,0,0,0,0,0,0,0,0,0,0,0,0,0,0,0,0,0,0,0,0,0,0,0,0,0,0,0,0,0,0,0,0,0,0,0,0,0,0,0,0,0,0,0,0,0,0,0,0,0,0,0,0,0,0,0,0,0,0,0,0,0,0,0,0,0,0,0,0,0,0,0,0,0,0,0,0,0,0,0,0,0,0,0,0,0,0,0,0,0,0,0,0,0,0,0,0,0,0,0,0,0,0,0,0,0,0,0,0,0,0,0,0,0,0,0,0,0,0,0,0,0,0,0,0,0,0,0,0,0,0,0,0,0,0,0,0,0,0,0,0,0,0,0,0,0,0,0,0,0,0,0,0,0,0,0,0,0,0,0,0,0,0,0,0,0,0,0,0,0,0,0,0,0,0,0,0,0,0,0,0,0,0,0,0,0,0,0,0,0,6,0,0,0,0,0,0,0,0,0,0,0,0,0,0,0,0,0,0,0,0,0,0,0,0,0,0,0,0,0,0,0,
0,0,0,0,0,0,0,0,0,0,0,0,0,0,0,0,0,0,0,0,0,0,0,0,0,0,0,0,0,0,0,0,0,0,0,0,0,0,0,0,0,0,0,0,0,0,0,0,0,0,0,0,0,0,0,0,0,0,0,0,0,0,0,0,0,0,0,0,0,0,0,0,0,0,0,0,0,0,0,0,0,0,0,0,0,0,0,0,0,0,0,0,0,0,0,0,0,0,0,0,0,0,0,0,0,0,0,0,0,0,0,0,0,0,0,0,0,0,0,0,0,0,0,0,0,0,0,0,0,0,0,0,0,0,0,0,0,0,0,0,0,0,0,0,0,0,0,0,0,0,0,0,0,0,0,0,0,0,0,0,0,0,0,0,0,0,0,0,0,0,0,0,0,0,0,0,0,0,0,0,0,0,0,0,0,0,0,0,0,0,0,0,0,0,0,0,0,0,0,0,0,0,0,0,0,2,0,0,0,0,0,0,0,0,0,0,0,0,0,0,0,0,0,0,0,0,0,0,0,0,0,0,0,0,0,0,0,0,0,0,0,0,0,0,0,0,0,0,0,0,0,0,0,0,0,0,
0,0,0,0,0,0,0,0,0,0,0,0,0,0,0,0,0,0,0,0,0,0,0,7,0,0,0,0,0,0,0,0,0,0,0,0,0,0,0,0,0,0,0,0,0,0,0,0,0,0,0,0,0,0,0,0,0,0,0,0,0,0,0,0,0,0,0,0,0,0,0,0,0,0,0,0,0,0,0,0,0,0,0,0,0,0,0,0,0,0,0,0,0,0,0,0,0,0,0,0,0,0,0,0,0,0,0,0,0,0,0,0,0,0,0,0,0,0,0,0,0,0,0,0,0,0,0,0,0,0,0,0,0,0,0,0,0,0,0,0,0,0,0,0,0,0,0,0,0,0,0,0,0,0,0,0,0,0,0,0,0,0,0,0,0,0,0,0,0,0,0,0,0,0,0,0,0,0,0,0,0,0,0,0,0,0,0,0,0,0,0,0,0,0,0,0,0,0,0,0,0,0,0,0,4,5,0,0,0,0,4,0,0,0,0,0,0,0,0,0,0,0,0,0,0,0,0,0,0,0,0,0,0,0,0,0,0,0,0,0,0,0,0,0,0,0,0,0,0,0,0,0,0,0,0,0,
0,0,0,0,0,0,0,0,0,0,0,0,0,0,0,0,0,0,0,0,0,0,0,8,0,0,0,0,0,0,0,0,0,0,0,0,0,0,0,0,0,0,0,0,0,0,0,3,4,0,0,2,0,0,0,0,0,0,0,0,0,0,0,0,0,0,0,0,0,0,0,0,0,0,0,0,0,0,0,0,0,0,0,0,0,0,0,0,0,0,0,0,0,0,0,0,0,0,0,0,0,0,0,0,0,0,0,0,0,0,1,0,0,0,0,0,0,0,0,0,0,0,0,0,0,0,0,0,0,0,0,0,0,0,0,0,0,0,0,0,0,0,0,0,0,0,0,0,0,0,0,0,0,2,0,0,0,0,0,0,0,0,0,0,0,0,0,0,0,0,0,0,0,0,0,0,0,0,0,0,0,0,0,0,0,0,0,1,1,0,0,0,0,0,0,0,0,0,0,0,0,0,0,0,0,5,6,1,2,1,4,0,0,0,0,0,0,0,0,0,0,0,0,0,0,0,0,0,0,0,0,0,0,0,0,0,0,0,0,0,0,0,0,0,0,0,0,0,0,0,0,0,0,0,0,0,
0,0,0,0,0,0,0,0,0,0,0,0,0,0,0,0,0,0,0,0,0,0,0,0,9,7,0,0,0,0,0,0,0,0,0,0,0,0,0,0,0,0,0,0,0,0,4,0,4,4,0,0,0,0,0,0,0,0,0,0,0,0,0,0,0,0,0,0,0,0,0,0,0,0,0,0,0,0,0,0,0,0,0,0,0,0,0,0,0,0,0,0,0,0,0,0,0,0,0,0,0,0,0,0,0,0,0,0,0,0,0,0,0,0,0,0,0,0,0,0,0,0,0,0,0,0,0,0,0,0,0,0,0,0,0,0,0,0,0,0,0,0,0,0,0,0,0,0,0,0,0,0,0,0,2,0,0,0,0,0,0,0,0,0,0,0,0,0,0,0,0,0,0,0,0,0,0,0,0,0,0,0,0,0,0,0,0,0,0,0,0,0,0,0,0,0,0,0,0,0,0,0,0,0,0,0,6,6,0,2,4,3,1,0,0,0,0,0,12,0,0,0,0,0,0,0,8,0,0,0,10,0,0,0,0,0,0,0,0,0,0,0,0,0,0,0,0,0,0,0,0,0,0,0,0,0,
0,0,0,0,0,0,0,0,0,0,0,0,0,0,0,0,0,0,0,0,0,0,0,0,0,8,8,0,0,0,0,0,0,0,0,0,0,0,0,0,0,0,0,0,2,0,0,5,0,0,0,0,0,0,0,0,0,0,0,0,0,0,0,0,6,0,0,0,0,0,0,0,13,0,0,0,0,0,0,0,0,0,0,0,0,0,0,0,0,0,0,0,0,0,0,0,0,0,0,0,0,0,0,0,0,0,0,0,0,0,0,0,0,0,0,2,1,0,1,0,0,0,0,0,0,0,0,0,0,0,0,0,0,0,0,0,0,0,0,0,0,0,0,0,0,0,0,0,0,0,1,0,0,0,0,0,0,0,0,0,0,0,0,0,0,0,0,0,0,0,0,0,0,0,0,0,0,0,0,0,0,0,0,0,4,0,0,2,0,1,0,0,0,0,0,0,0,1,0,0,0,0,0,0,0,0,0,7,0,0,0,4,0,0,0,0,0,0,0,14,0,0,0,0,0,8,0,0,11,0,0,0,0,0,0,0,0,0,0,0,0,0,0,0,0,0,0,0,0,0,0,0,0,0,0,0,
0,0,0,0,0,0,0,0,0,0,0,0,0,0,0,0,0,0,0,0,4,0,0,0,0,0,0,0,0,0,0,6,0,0,8,0,0,0,0,0,0,0,0,3,3,5,0,4,0,0,0,0,0,0,0,0,0,0,0,0,0,0,0,6,6,1,0,4,5,0,0,0,0,0,0,0,0,0,0,0,0,0,0,0,0,0,0,0,0,0,0,0,0,0,0,0,0,0,0,0,0,0,0,0,0,0,1,1,0,0,0,0,0,0,0,0,2,0,0,0,0,0,0,0,0,0,0,0,0,0,0,0,9,0,0,0,0,0,0,0,0,0,0,0,0,0,0,0,0,0,0,0,0,0,0,0,0,3,0,0,0,1,0,0,1,0,2,0,0,0,0,0,0,0,0,0,0,0,0,0,0,0,0,0,3,0,4,3,3,0,0,0,0,0,0,0,0,0,2,0,0,0,0,0,0,0,0,0,0,0,0,5,0,0,0,0,0,0,0,0,13,0,0,0,0,0,8,12,0,12,12,0,0,0,0,0,0,0,0,0,0,0,0,0,0,0,0,0,0,0,0,0,0,0,0,0,
0,0,0,0,0,0,0,0,0,0,0,0,0,0,0,0,0,3,0,10,6,0,0,0,0,0,12,0,0,12,0,7,6,5,9,9,0,0,0,0,0,0,10,6,0,0,4,0,0,0,0,0,0,0,0,0,0,0,0,0,0,0,0,7,7,1,0,0,5,0,0,13,14,4,0,0,0,0,0,0,0,0,0,0,0,0,0,0,0,0,0,0,0,0,0,0,0,0,0,0,0,0,0,0,0,0,0,1,0,2,0,0,0,0,0,0,0,1,0,0,0,0,0,0,0,0,0,0,0,0,0,0,0,0,0,0,0,0,0,0,0,3,0,0,0,0,0,0,0,0,0,0,0,0,0,0,0,0,0,0,0,0,0,0,0,0,0,0,0,0,0,0,0,0,0,0,0,0,0,0,0,0,0,0,3,2,8,4,2,2,1,0,0,0,0,0,7,0,6,0,1,2,1,0,0,0,0,0,0,0,0,0,0,5,0,0,0,0,0,0,15,0,0,0,0,0,0,0,0,0,13,0,0,0,0,0,0,0,0,0,0,0,0,0,0,0,0,0,0,0,0,0,0,0,0,0,
0,0,0,0,2,2,2,3,4,0,0,3,3,0,0,0,0,0,3,14,0,14,12,0,0,0,5,0,0,9,0,6,7,6,0,6,0,0,0,0,0,6,9,7,5,0,6,0,0,0,0,0,0,0,0,0,0,0,0,0,0,7,0,0,0,13,1,10,2,11,11,14,1,0,0,0,0,0,0,0,0,0,0,0,1,0,0,0,0,0,0,2,0,0,0,0,0,0,0,0,0,0,0,0,0,0,0,12,0,9,2,3,0,0,0,0,0,0,0,0,0,0,0,0,0,0,0,1,0,0,0,0,0,0,0,0,0,0,0,0,0,0,0,0,4,0,0,0,0,0,1,2,1,1,0,0,2,0,0,0,0,0,0,0,0,0,0,0,0,0,0,0,0,0,0,0,0,0,0,0,0,0,0,3,4,3,8,7,4,4,9,0,0,0,0,0,0,9,7,0,2,3,2,0,0,3,10,13,0,0,10,0,0,0,5,0,0,0,15,0,0,15,12,0,0,0,0,0,0,0,0,0,5,0,0,0,0,0,0,0,0,0,0,0,0,0,0,0,0,0,0,0,0,0,0,0,
2,0,8,0,4,3,3,4,0,0,3,4,10,0,0,0,0,7,7,14,0,0,14,0,0,7,5,3,8,8,10,8,11,13,0,0,7,8,0,0,0,0,11,0,0,0,7,8,8,6,0,0,0,0,0,0,0,4,0,0,0,0,0,5,0,11,14,2,2,3,3,12,9,0,0,5,0,6,0,0,0,0,0,0,1,0,0,0,0,0,0,0,0,0,0,0,0,0,0,0,0,0,0,0,0,0,0,5,0,13,0,0,0,0,0,0,0,0,0,0,0,0,0,0,0,0,0,0,0,0,0,0,0,12,0,9,6,7,9,0,0,0,0,5,0,0,6,0,0,0,2,0,1,2,8,0,5,1,0,0,0,0,0,3,0,4,0,0,6,0,0,0,0,0,0,0,3,0,2,7,0,6,0,0,4,2,6,5,9,5,0,6,0,0,0,0,0,3,9,6,5,6,6,0,0,3,2,9,10,12,11,10,0,0,0,0,2,0,0,0,0,8,0,12,13,0,0,0,0,0,0,0,0,0,0,0,0,0,0,0,0,0,0,0,0,0,0,0,0,0,0,0,0,0,0,0,
3,0,0,10,1,0,4,6,0,0,5,4,5,9,4,12,0,7,7,0,0,0,0,0,0,0,7,5,12,11,9,9,10,0,13,6,0,8,0,5,8,13,12,12,13,7,7,8,8,7,7,0,2,0,0,13,14,5,3,3,0,0,0,8,0,17,15,2,2,2,4,9,8,9,8,9,0,0,7,0,0,6,4,0,0,5,3,0,6,0,2,8,0,0,0,0,10,0,0,0,0,0,0,0,0,0,0,0,0,14,9,6,0,0,0,0,0,0,0,0,0,0,0,0,2,0,0,0,0,0,0,5,0,0,0,2,7,0,10,9,0,0,0,6,0,1,2,0,2,1,1,4,0,5,0,7,6,5,1,0,0,0,0,0,3,5,6,0,0,8,7,3,0,0,0,0,7,3,3,3,1,5,0,0,5,1,8,6,8,7,3,0,6,5,4,0,0,5,4,6,5,5,5,4,0,0,10,15,11,13,13,15,12,0,0,0,9,0,0,0,0,18,9,0,0,10,0,0,0,0,0,7,0,0,0,0,0,0,0,0,0,0,0,0,0,0,0,0,0,0,0,0,0,0,0,0,
4,0,9,1,2,0,0,0,0,8,8,6,5,4,2,3,12,11,0,0,11,2,4,2,2,7,8,4,13,0,10,10,11,10,8,0,0,0,0,2,3,10,5,12,4,5,8,7,6,7,7,6,3,4,15,0,16,14,3,4,0,3,0,0,0,16,17,2,2,9,3,11,9,10,9,4,0,8,0,1,0,0,5,5,6,0,0,3,1,0,3,1,7,0,0,0,11,11,0,3,0,0,8,0,8,7,0,0,0,10,11,13,0,0,0,0,0,5,5,0,4,0,0,0,0,0,1,1,0,0,0,6,6,1,0,7,5,7,8,10,0,0,6,0,6,0,0,1,0,1,1,4,5,6,6,0,7,7,7,0,2,0,0,0,0,0,6,1,0,9,0,4,0,0,3,5,0,0,1,4,6,4,5,5,3,7,8,9,7,7,7,9,0,6,0,6,7,0,6,6,7,8,4,5,10,0,11,8,13,14,14,7,12,6,0,0,7,2,9,0,10,10,8,6,7,12,0,4,0,0,0,0,0,11,0,0,0,0,0,0,0,0,0,0,0,0,0,0,0,0,0,0,0,0,0,0,
0,12,0,9,2,9,10,0,0,9,9,0,0,2,6,2,9,12,11,9,0,3,2,4,3,8,8,9,0,6,14,11,11,8,9,1,1,1,1,4,4,7,11,6,6,5,7,2,7,14,6,3,7,0,0,0,0,18,6,5,5,0,3,5,0,0,4,13,4,3,3,8,10,11,8,5,4,9,0,0,0,0,0,6,0,0,1,5,2,2,0,3,8,9,0,6,9,0,0,0,0,0,0,8,9,8,0,0,0,0,0,9,6,6,0,0,15,7,6,6,9,5,0,0,0,0,2,2,0,0,0,6,1,1,4,5,0,6,4,7,0,0,0,1,7,1,4,2,5,1,4,2,4,3,5,7,0,7,0,0,1,0,0,0,0,2,2,2,0,1,2,0,0,0,0,6,5,0,3,3,5,8,6,6,7,5,9,7,7,7,0,6,6,8,0,6,7,0,6,7,7,9,9,5,8,6,9,9,8,14,6,9,8,15,8,12,11,8,2,8,10,9,0,6,0,11,3,5,0,0,0,0,0,0,12,0,0,0,0,0,0,0,0,0,0,0,0,0,0,0,0,0,0,0,0,0,
0,0,13,10,10,11,7,0,0,6,10,3,1,5,6,5,3,4,7,6,0,3,4,5,4,5,9,1,5,9,15,14,12,9,9,0,2,3,6,5,5,11,11,11,6,6,12,6,7,7,8,8,11,0,0,0,6,18,0,10,6,6,17,6,3,3,4,5,8,4,3,8,11,12,9,10,4,9,4,4,2,0,0,0,0,0,14,0,2,3,0,0,3,0,0,8,7,1,4,0,0,0,0,8,8,11,0,12,0,0,0,9,7,9,9,4,8,16,7,6,9,6,5,4,0,10,6,0,4,4,5,0,1,1,6,5,5,0,5,6,8,6,1,0,4,2,2,5,2,5,4,3,5,7,6,0,6,0,6,1,0,1,2,0,1,3,1,3,5,2,2,1,7,0,6,0,0,10,3,3,8,9,11,7,6,9,9,8,6,8,2,6,7,14,8,7,8,8,7,8,6,7,13,10,10,14,10,10,8,14,15,7,9,8,15,12,15,11,4,8,9,0,0,0,0,0,0,6,9,10,7,0,0,2,0,10,14,0,0,0,0,0,0,0,0,0,0,0,0,0,0,0,0,0,0,0,
3,3,13,13,12,9,17,15,0,7,6,14,4,9,6,4,11,10,8,8,6,4,5,11,5,5,0,1,7,10,10,15,11,12,12,16,10,11,5,5,3,6,5,11,9,10,7,8,7,9,17,9,8,0,0,0,0,11,0,4,10,11,18,4,6,3,3,7,6,8,4,4,14,10,9,10,12,13,10,3,3,11,5,4,5,15,14,6,0,3,8,10,0,9,10,1,8,3,8,0,0,6,6,0,0,9,12,13,0,6,0,0,8,10,7,5,3,0,7,0,13,8,5,6,5,8,10,1,11,4,5,1,2,3,0,7,7,6,6,17,16,6,5,8,1,8,3,3,4,0,6,6,7,7,0,0,0,0,1,6,8,3,2,0,3,0,3,4,5,5,2,5,3,7,6,0,2,10,11,11,9,5,6,7,7,7,8,9,8,2,2,3,2,14,7,8,7,2,8,3,9,3,7,15,0,10,14,9,12,8,17,8,9,9,11,14,16,5,4,9,10,10,8,0,5,0,6,0,8,0,8,0,5,3,3,15,15,0,0,0,0,0,0,0,0,0,0,0,0,0,0,0,0,0,0,0,
4,15,7,0,13,13,9,17,13,8,6,13,0,0,14,9,12,11,10,11,12,4,4,5,9,6,0,0,8,11,4,11,11,12,7,9,11,12,6,3,6,4,6,13,7,10,8,5,9,10,17,11,12,8,0,0,0,0,8,0,6,18,18,5,9,2,2,5,4,5,3,5,0,12,6,6,13,6,10,11,5,6,5,6,6,14,15,5,12,5,0,8,8,9,13,8,6,3,4,8,9,9,6,6,5,5,11,0,12,0,8,8,8,7,7,7,11,9,0,0,0,0,11,12,5,10,9,2,11,11,4,6,7,2,3,4,2,7,7,10,16,6,6,8,1,7,6,4,5,5,3,2,7,7,4,0,1,3,4,7,7,5,0,2,3,1,3,5,13,5,16,4,4,4,8,4,3,2,10,9,11,10,8,7,10,8,8,5,9,9,5,6,15,9,4,8,11,2,10,8,3,3,0,8,0,11,15,11,12,9,18,18,10,10,15,14,7,9,5,15,9,9,9,9,9,10,8,0,0,8,0,6,8,5,3,5,0,0,0,0,0,0,0,0,0,0,0,0,0,0,0,0,0,0,0,0,
5,14,15,3,0,8,11,11,13,12,14,3,3,2,0,4,11,13,12,12,13,14,12,5,11,6,0,0,0,0,6,6,7,12,9,10,11,8,14,6,7,6,15,14,15,10,8,6,18,9,8,11,12,9,9,0,3,0,10,6,0,7,6,5,4,12,3,9,3,5,6,4,1,10,9,12,7,5,4,13,6,6,9,6,9,9,5,9,9,5,0,9,1,0,5,7,8,4,4,8,10,9,8,7,6,6,7,14,5,9,13,10,9,7,8,0,10,9,0,6,0,0,8,0,15,10,0,12,9,11,8,4,6,9,4,0,10,8,17,11,8,17,7,7,7,9,7,8,5,6,10,4,3,16,8,3,10,2,6,5,4,4,4,3,7,3,11,6,6,16,11,6,7,10,6,5,5,3,11,14,11,11,9,9,11,10,9,7,5,10,6,11,12,11,3,6,9,11,3,1,12,2,11,0,0,0,2,12,14,9,13,11,18,14,15,15,7,13,10,14,13,13,10,13,11,11,9,10,9,10,9,6,9,8,4,8,13,0,0,0,0,0,0,0,0,0,0,0,0,0,0,0,0,0,0,0,
6,7,5,4,4,6,8,11,14,13,15,3,14,6,5,4,5,8,13,5,7,14,13,13,12,9,7,0,0,8,0,6,11,8,10,10,7,8,9,5,7,12,9,15,19,10,10,6,7,17,9,15,6,9,8,0,8,3,10,5,3,6,6,6,11,10,5,10,5,4,6,7,2,10,10,6,7,8,8,11,11,9,9,6,9,16,11,9,11,10,2,2,1,10,0,5,5,7,5,6,6,3,5,6,7,9,9,8,5,12,10,10,10,6,6,0,9,0,0,0,0,0,9,12,7,11,12,13,11,13,14,9,6,11,13,7,1,8,13,18,12,18,7,16,4,5,8,10,12,7,7,10,12,18,17,4,1,1,7,2,5,2,7,7,7,6,14,3,7,18,12,10,7,10,7,6,12,4,14,6,14,12,6,13,9,9,5,4,7,11,7,11,12,8,4,6,6,5,2,6,12,7,3,0,0,14,11,6,3,10,10,10,20,10,15,16,13,8,14,15,14,12,13,10,11,2,2,9,14,10,10,10,8,12,6,8,10,14,10,16,0,0,0,0,0,0,0,0,0,0,0,0,0,0,0,0,
14,7,3,5,5,7,9,7,14,14,6,16,7,3,8,9,5,7,4,13,5,13,17,13,16,6,8,0,7,10,0,8,13,12,12,10,10,8,8,10,13,11,16,9,20,19,19,11,15,9,17,11,7,9,10,11,10,4,4,9,0,7,7,7,6,11,4,4,14,12,8,8,8,7,7,8,7,8,8,8,8,10,18,10,10,11,11,11,9,10,1,3,2,10,9,0,0,9,6,13,12,6,4,7,8,8,5,9,9,12,11,12,11,9,7,9,7,13,0,0,0,0,7,0,8,12,16,15,9,13,10,16,6,13,9,10,2,11,11,14,5,20,17,17,5,10,8,6,12,12,11,11,13,20,18,7,1,7,9,9,2,2,15,14,7,7,5,10,12,18,12,15,15,11,14,9,13,11,12,7,19,12,9,16,10,3,12,5,4,2,10,10,12,12,7,7,6,7,8,1,7,6,12,0,0,13,12,8,4,4,8,11,16,10,13,17,16,13,15,15,19,17,7,13,10,5,1,2,4,15,15,11,10,8,13,8,9,12,11,14,0,0,0,0,0,0,0,0,0,0,0,0,0,0,0,0,
16,4,5,7,14,13,7,14,8,10,10,15,10,6,21,9,9,10,4,15,14,7,14,8,6,8,5,0,15,0,0,8,8,7,15,12,10,9,11,11,14,11,20,10,11,20,18,9,12,9,17,18,8,9,10,8,11,5,8,6,6,3,1,15,3,11,11,4,14,9,8,7,9,17,8,8,9,9,9,9,9,11,14,17,10,8,12,17,11,12,10,2,14,3,8,10,13,10,14,19,16,13,19,10,15,7,14,10,7,11,14,11,13,8,8,10,7,8,11,0,0,9,7,0,9,10,13,16,16,13,10,18,17,20,9,11,7,13,14,15,5,21,21,6,6,6,10,8,7,12,12,13,12,16,9,6,7,8,9,10,12,10,15,15,11,5,10,15,10,13,16,17,15,16,13,17,12,10,14,8,8,8,20,12,15,4,14,14,7,3,12,11,11,7,5,1,8,10,10,13,2,13,9,13,0,13,7,7,9,9,9,8,17,13,13,10,12,19,12,16,18,18,6,10,10,9,3,2,9,8,16,16,10,9,11,15,8,15,15,10,9,0,0,9,0,0,0,0,0,12,0,0,0,0,0,0,
9,5,7,7,11,13,9,15,14,9,11,11,23,22,21,21,10,11,11,5,7,10,15,10,8,8,8,6,1,0,9,1,8,8,8,12,11,12,12,12,17,9,11,12,11,12,22,16,21,13,10,9,19,10,8,9,14,11,11,9,6,14,2,11,4,4,7,5,7,16,10,18,17,15,9,16,9,8,12,8,11,14,15,18,18,12,9,14,12,12,11,3,18,10,3,9,7,5,19,9,17,14,11,11,15,7,7,8,8,11,15,15,16,13,9,9,8,8,7,0,0,10,8,9,10,11,10,11,11,9,15,13,19,18,17,20,13,8,8,7,19,21,5,6,7,7,8,9,16,16,12,14,14,13,15,4,6,9,14,9,11,14,14,13,7,8,12,11,12,12,16,13,18,15,21,17,20,11,10,10,14,13,9,13,9,16,5,15,7,6,6,13,4,8,9,9,2,11,10,9,12,14,14,12,13,10,13,7,8,7,13,9,13,17,12,16,17,14,16,12,9,19,7,19,4,15,9,10,8,9,9,17,19,14,11,17,9,15,15,13,11,17,0,10,0,0,0,0,0,0,0,0,0,0,12,0,
10,10,11,9,13,14,9,15,23,26,23,15,11,16,18,16,23,11,12,10,16,11,11,9,7,7,10,11,7,16,3,9,4,5,12,13,12,13,12,13,13,13,15,11,8,21,14,22,15,15,14,22,19,12,10,10,11,15,11,10,5,5,5,11,6,5,10,4,5,17,16,15,17,8,15,17,13,9,12,9,13,9,16,19,16,16,5,14,15,15,11,14,12,19,11,11,11,14,13,13,12,16,16,7,9,15,8,7,7,9,6,11,10,16,13,13,11,9,9,12,16,10,9,8,10,11,11,13,12,10,8,8,20,19,17,14,13,14,11,6,14,19,11,6,7,8,7,10,10,4,5,13,14,15,5,4,13,7,12,10,10,14,15,15,8,7,11,14,13,24,12,14,18,18,10,21,21,11,12,12,14,14,9,11,9,7,8,6,7,11,7,6,10,3,9,10,5,12,11,10,10,10,14,14,9,15,13,8,8,8,8,13,11,13,13,12,15,18,16,9,10,7,8,8,15,16,14,11,7,7,10,11,11,7,11,16,16,15,17,15,11,14,16,7,10,0,0,0,0,0,0,0,9,13,0,0,
11,10,13,9,8,12,10,25,16,23,12,16,28,17,8,19,21,23,23,9,16,16,11,7,7,17,10,7,12,8,5,2,2,7,6,12,14,13,13,11,9,14,16,16,16,21,19,15,15,15,10,10,11,14,7,15,11,13,14,12,8,8,15,14,12,5,6,13,5,4,19,22,16,13,10,18,14,14,13,7,12,18,10,16,16,11,6,9,8,16,13,13,6,14,13,15,10,13,19,15,7,11,17,11,11,9,9,12,16,7,19,11,13,11,13,13,10,9,13,12,9,11,9,11,11,9,12,12,6,12,13,8,17,20,11,20,14,10,12,11,12,14,15,6,17,8,7,8,6,15,18,14,16,13,15,16,17,13,13,14,17,14,10,12,9,9,20,15,15,14,21,13,16,18,14,11,11,13,13,12,12,12,10,11,7,8,7,8,8,8,8,7,8,4,6,4,4,16,14,14,10,8,10,11,7,15,14,13,10,7,15,14,13,11,14,16,13,13,12,17,15,10,8,10,8,18,15,10,8,8,10,12,7,20,12,18,17,14,14,13,18,17,8,8,8,12,10,9,14,0,0,13,12,15,14,0,
7,7,18,17,12,13,16,13,26,25,25,14,14,15,27,9,21,11,24,11,9,11,12,17,18,8,10,8,8,5,15,3,5,13,7,7,14,14,13,18,18,12,15,17,17,14,12,21,15,16,16,13,7,10,7,9,11,14,10,12,10,15,15,15,14,15,7,16,18,5,15,15,15,7,11,14,14,14,14,13,10,19,15,19,18,19,18,15,16,17,12,15,7,15,15,14,14,12,13,11,7,7,11,11,16,12,10,3,13,13,11,20,13,14,14,14,12,14,9,12,9,8,7,13,8,9,13,13,14,14,9,9,10,11,6,20,20,13,11,13,14,16,16,12,7,19,8,7,10,10,16,16,17,15,15,24,14,14,13,13,16,17,18,10,13,9,9,23,15,15,22,22,15,18,18,15,13,17,16,12,13,12,13,11,12,7,8,8,7,13,8,9,8,6,11,7,15,13,15,14,15,8,8,16,15,9,16,16,7,8,17,13,9,9,17,14,15,13,14,15,8,15,11,8,10,8,18,9,13,10,11,10,12,20,20,18,15,18,10,15,19,15,13,9,9,12,13,10,0,13,0,14,15,16,14,15,
12,11,16,17,19,18,17,14,15,27,25,27,16,8,11,9,22,22,18,11,9,9,7,18,9,9,12,13,9,7,16,16,12,15,14,15,16,15,23,13,17,19,11,18,15,15,18,12,16,13,17,18,18,8,7,9,8,9,9,21,8,16,13,15,15,15,18,17,14,18,16,16,16,18,11,19,14,14,19,11,11,11,17,16,18,19,11,12,16,15,18,4,16,16,16,15,15,13,21,11,11,9,11,12,15,7,10,4,2,14,14,14,18,13,19,8,12,12,9,12,18,9,16,9,9,10,10,14,13,11,12,12,11,12,19,21,20,15,11,14,15,14,16,16,15,11,8,8,17,15,11,17,18,16,16,25,13,14,14,25,15,19,19,19,5,21,24,24,19,20,19,16,14,17,19,19,20,18,19,14,15,12,13,13,9,10,8,12,19,14,13,9,8,8,6,10,10,5,15,14,6,10,17,16,15,14,9,17,16,8,16,18,17,16,16,15,10,12,15,15,18,12,11,9,9,9,12,10,16,11,12,11,15,12,13,14,17,10,16,13,18,18,14,12,10,18,13,13,0,0,14,10,15,15,15,16,
12,16,16,18,16,13,20,16,17,27,26,28,17,16,12,25,13,15,10,15,10,14,16,17,9,10,9,13,14,15,14,15,13,17,14,16,14,15,14,16,7,4,20,26,14,16,16,12,12,15,17,14,19,18,18,17,15,9,9,14,9,9,15,9,16,22,17,18,16,18,9,18,17,16,18,16,19,17,17,11,12,15,18,12,15,18,13,13,12,16,17,12,14,17,17,16,14,14,15,14,12,8,9,17,9,8,14,15,16,3,11,8,15,16,18,14,15,10,9,20,12,17,16,9,9,10,8,11,13,16,13,7,9,22,11,22,23,20,14,12,13,16,17,12,15,15,14,15,18,14,15,18,17,12,13,17,14,15,18,26,17,3,21,21,15,20,21,22,13,20,17,20,17,17,19,18,21,22,20,17,14,15,15,12,14,10,11,8,21,22,14,12,8,11,16,11,14,10,14,15,13,14,20,10,12,21,20,20,24,15,17,18,18,20,16,11,11,13,15,13,18,19,9,11,10,12,13,12,17,21,15,13,10,15,20,15,13,16,17,14,19,18,15,18,14,14,19,15,16,0,12,14,12,14,17,17,
11,15,17,15,17,22,21,17,17,16,17,19,26,18,16,20,16,15,16,15,21,16,14,17,10,10,8,12,21,16,15,16,17,13,10,14,15,20,17,25,8,8,5,6,19,16,15,13,13,15,17,18,18,19,19,17,16,14,18,14,17,11,9,12,20,11,10,18,8,19,8,12,13,18,16,22,14,16,15,20,11,15,16,17,17,16,13,18,14,16,11,12,12,18,13,12,15,17,16,8,9,13,12,12,15,15,15,5,4,14,17,13,15,19,17,9,9,17,11,10,20,20,15,10,9,9,9,18,12,13,15,11,8,9,15,22,21,13,15,16,14,12,17,18,12,13,15,14,16,14,14,16,12,16,13,14,15,24,19,16,19,16,21,20,16,21,21,16,14,21,21,14,13,22,18,19,22,19,22,17,18,16,15,14,14,16,10,13,13,14,21,23,20,10,15,17,20,11,18,15,15,15,21,19,17,14,21,14,10,11,17,18,20,20,17,21,11,17,6,13,13,11,12,13,20,14,13,13,16,12,14,14,21,23,21,16,15,16,12,12,17,15,15,14,18,14,19,20,20,19,17,15,13,15,15,17,
12,16,17,17,17,14,18,17,15,17,18,16,27,23,18,20,17,15,14,17,18,17,15,10,16,10,8,9,14,15,16,22,10,17,14,14,11,11,16,17,25,15,17,19,19,16,15,15,12,15,16,17,17,20,20,20,9,16,12,12,18,22,12,24,24,21,23,10,24,9,10,22,22,19,22,23,17,15,17,18,13,16,17,14,16,15,20,15,19,19,15,14,13,14,14,13,16,13,16,8,14,13,13,13,15,14,4,17,15,15,18,15,15,20,9,17,16,19,18,12,18,16,16,16,11,14,13,18,13,14,14,15,19,11,14,15,16,13,14,18,15,16,13,14,17,17,16,19,15,12,14,15,14,14,14,17,14,15,5,5,15,18,12,19,18,20,21,19,21,14,16,22,14,22,20,19,19,19,20,21,23,15,21,19,15,17,14,14,14,15,22,22,8,10,13,16,15,14,19,15,18,16,15,15,19,15,14,15,17,19,17,19,16,27,18,25,14,7,7,14,11,14,11,13,12,14,14,14,13,12,22,22,23,11,21,17,21,10,12,15,17,20,18,16,19,16,21,19,20,20,16,12,19,14,16,18,
15,12,15,17,17,14,13,16,15,16,16,18,17,28,19,18,14,15,16,15,19,15,21,22,13,16,9,10,14,19,21,23,18,18,18,12,17,12,11,12,26,18,18,18,8,18,19,16,18,14,18,17,12,18,20,13,9,12,21,17,19,18,23,20,10,24,22,22,17,24,10,23,23,20,19,17,20,21,14,18,13,17,13,17,17,16,16,18,15,18,23,19,22,23,22,14,11,12,15,17,16,16,16,15,14,20,13,5,5,5,14,18,15,19,18,17,17,14,12,18,18,12,20,20,17,17,17,16,14,15,15,15,24,19,22,15,17,14,21,15,13,13,17,16,26,18,18,16,14,15,12,14,15,13,14,14,17,14,15,12,16,17,10,12,18,21,20,19,16,21,20,23,17,15,13,21,19,21,22,21,16,17,17,17,18,18,20,17,19,19,15,14,10,12,11,16,14,19,15,20,16,15,15,13,19,17,17,15,18,21,19,17,17,17,26,26,15,12,15,20,20,12,10,14,17,14,17,16,14,14,23,24,16,23,12,13,12,11,15,15,20,19,20,16,19,20,22,18,20,21,20,19,17,16,18,18,
13,20,13,17,19,15,23,14,19,19,17,20,17,16,16,19,17,16,17,17,19,15,13,23,14,7,16,10,20,20,21,14,22,19,19,14,16,13,15,12,18,18,8,18,8,8,22,14,18,15,13,10,12,18,17,17,14,10,16,20,20,17,8,20,11,11,23,21,18,25,25,26,24,23,19,25,17,19,16,18,19,14,15,18,18,16,14,15,18,19,19,19,22,18,18,23,22,11,20,16,15,16,17,10,21,22,20,14,21,15,16,17,16,16,16,8,18,13,13,13,16,21,20,18,16,16,16,24,16,23,16,16,21,16,25,19,16,17,22,22,18,13,12,17,12,15,17,26,9,16,16,14,15,17,18,17,13,17,8,20,13,16,21,18,19,23,21,26,24,22,29,20,30,28,22,14,15,22,21,15,16,20,20,18,21,20,18,16,20,20,17,12,14,11,16,11,15,19,16,14,17,18,16,17,13,19,18,19,19,21,18,17,25,14,27,27,17,19,20,15,22,15,23,17,13,18,18,16,13,15,17,23,20,24,24,15,18,13,16,16,24,20,20,22,19,17,19,23,24,22,20,20,20,16,23,18,
14,18,19,18,18,19,17,24,20,21,15,16,21,16,17,32,20,19,17,18,20,15,16,15,14,15,18,21,23,23,20,20,16,22,20,13,16,15,17,17,19,20,18,14,12,13,23,15,18,19,14,20,14,25,18,18,19,11,22,19,18,18,23,9,12,12,18,22,23,26,26,25,25,20,26,25,18,19,20,17,15,15,16,16,20,17,19,21,20,19,19,25,23,18,20,15,23,13,18,23,20,13,17,11,13,19,21,21,20,16,16,17,18,14,17,18,9,12,14,16,19,16,22,12,18,17,16,17,25,18,23,17,26,25,26,14,20,17,19,23,19,19,20,21,14,18,14,27,18,15,17,21,15,20,18,14,17,9,9,19,20,16,18,22,18,23,23,22,18,24,30,20,29,22,19,17,21,15,21,16,15,20,24,21,22,24,16,16,14,20,13,20,11,12,16,16,18,16,21,20,19,18,17,18,18,19,19,19,26,21,22,19,18,19,19,28,17,19,23,20,23,17,19,18,15,18,18,17,22,22,15,23,19,21,21,15,24,22,23,22,15,18,21,21,20,24,24,18,21,26,23,21,21,16,22,18,
15,15,16,16,19,25,25,18,25,23,25,17,21,16,17,31,25,21,20,18,20,16,18,15,16,16,15,14,21,9,21,21,22,16,22,18,14,18,18,17,19,21,14,16,20,13,16,17,13,19,16,12,13,15,26,13,21,19,23,23,24,19,20,23,18,13,18,18,18,23,28,19,26,26,20,26,18,20,20,18,17,20,16,17,21,17,19,15,20,21,16,17,25,16,22,17,16,16,17,24,13,20,13,16,14,20,21,22,21,15,19,16,17,18,18,20,19,13,13,16,14,20,16,20,21,21,22,19,19,18,18,22,16,17,26,18,21,18,16,22,24,21,18,17,20,13,15,23,28,16,16,15,17,16,20,15,16,17,10,17,17,17,17,19,17,24,26,17,18,20,25,23,21,23,24,18,18,25,23,14,16,17,22,20,24,24,14,23,17,15,23,13,18,20,13,14,17,13,18,21,23,20,21,18,18,18,21,23,20,27,26,17,24,23,22,18,20,22,19,14,21,16,18,25,15,15,15,15,20,17,16,18,19,22,16,16,13,23,24,22,15,19,19,20,22,22,18,20,20,19,26,23,22,22,17,21,
26,20,16,19,15,20,25,17,23,25,24,15,18,23,16,21,23,21,21,19,21,12,19,19,15,15,17,15,20,22,20,23,19,23,23,19,22,21,18,12,16,20,15,20,17,21,10,18,18,19,14,13,14,15,13,12,22,22,25,24,23,21,20,25,20,19,19,20,18,24,21,19,19,26,23,25,24,20,17,19,20,25,16,17,26,18,18,21,19,21,15,15,16,17,15,19,17,18,16,21,14,14,21,22,19,15,19,24,22,16,21,17,19,19,19,17,20,21,15,16,18,17,23,21,16,21,21,24,20,17,19,16,23,18,23,18,21,22,17,22,18,21,17,18,17,19,14,24,29,21,20,16,18,18,21,15,17,16,13,18,15,15,16,24,19,23,24,25,25,26,21,24,22,23,17,19,23,25,11,12,15,21,17,20,22,22,19,21,24,16,22,26,21,20,13,13,18,17,17,12,20,23,22,24,23,19,24,21,23,27,27,17,24,26,22,19,23,20,18,19,13,17,14,15,24,16,16,15,17,21,17,18,18,19,23,17,23,14,26,23,16,24,15,18,20,22,19,21,19,21,25,22,24,24,22,23,
24,21,20,19,16,17,25,25,21,24,24,26,24,13,25,22,23,21,19,20,20,13,13,19,21,17,16,16,19,21,21,20,23,24,20,24,17,16,22,21,16,20,16,18,17,18,16,13,18,14,17,15,15,14,14,13,19,24,23,25,22,22,21,22,21,22,21,21,19,19,18,18,20,18,21,24,22,19,20,19,20,25,25,16,28,19,18,23,19,16,16,16,18,18,14,22,16,16,19,19,20,21,23,22,20,16,21,23,21,22,20,22,21,19,18,20,18,21,15,15,17,15,22,22,16,14,21,22,14,18,15,19,15,25,26,25,21,21,24,23,26,21,17,19,24,20,19,24,22,21,21,20,18,22,22,17,18,17,18,17,16,18,18,15,24,24,24,26,25,30,17,21,21,17,24,20,23,24,26,22,12,21,18,23,18,23,25,21,26,27,23,25,26,17,21,15,18,17,19,22,23,21,25,25,25,21,25,25,22,26,26,28,25,26,27,21,25,20,23,21,19,17,16,16,19,25,17,22,21,23,24,18,21,14,15,19,23,24,24,25,17,24,20,19,21,20,21,20,21,29,19,21,24,20,23,24,
24,25,18,20,17,18,21,18,23,24,25,24,17,14,15,23,23,23,20,21,20,22,22,18,20,17,17,22,19,19,19,21,23,25,20,25,19,17,17,17,20,17,18,17,19,22,19,25,19,14,19,17,17,17,15,13,23,24,25,24,24,24,24,23,23,23,18,20,23,20,21,19,21,19,19,27,26,15,22,20,20,20,25,19,20,19,27,22,23,22,24,23,23,18,15,14,17,17,17,21,21,18,30,20,23,21,23,25,24,25,23,22,23,22,22,20,21,19,20,16,16,16,18,23,22,17,17,23,22,16,19,19,14,28,26,27,26,26,25,26,23,16,18,16,19,20,21,19,22,22,21,21,21,22,19,22,27,19,16,19,17,19,21,22,17,24,28,29,27,27,27,16,22,18,17,25,13,23,26,23,17,16,22,17,27,18,23,26,25,24,26,23,21,18,18,21,22,14,19,23,24,19,24,22,25,21,25,25,24,28,27,27,25,22,25,21,20,23,16,20,21,11,11,11,20,25,18,24,16,21,24,25,20,15,20,20,25,25,21,21,25,16,26,20,21,17,22,27,20,17,28,18,21,25,21,25,
21,22,26,24,23,18,21,25,27,24,24,17,18,19,25,22,24,21,21,26,21,17,22,15,25,19,24,22,22,21,23,22,20,24,24,21,24,24,18,19,21,20,20,18,19,21,20,14,13,27,19,20,18,27,26,13,13,23,23,25,24,26,25,27,23,24,19,18,18,24,21,23,20,21,18,26,26,12,22,20,22,30,29,27,18,25,27,21,23,23,22,22,21,20,20,21,23,24,14,16,22,20,31,19,22,15,23,23,25,24,19,23,20,23,22,21,23,23,20,21,16,23,18,20,24,19,19,20,23,17,13,20,15,21,17,30,28,25,26,26,23,18,19,17,17,19,22,21,22,23,22,24,22,23,21,27,28,19,19,19,14,18,18,21,18,19,27,27,21,19,26,29,18,18,23,18,22,15,26,21,24,17,21,20,12,29,29,26,29,26,27,24,24,19,16,18,17,22,20,20,19,24,22,26,23,22,27,25,25,24,24,31,29,22,21,21,20,23,14,15,13,11,12,14,14,25,25,19,17,22,21,19,19,25,16,16,26,27,21,20,25,17,15,27,28,24,24,19,28,19,18,24,18,25,26,22,
23,24,22,23,22,22,19,21,13,26,20,18,20,18,18,23,23,20,24,26,22,25,19,24,23,26,25,24,22,22,20,26,15,21,22,25,21,25,23,20,25,23,24,20,19,27,20,14,14,29,29,19,18,27,26,15,15,24,24,26,26,26,24,27,27,22,22,18,19,19,24,20,24,22,19,27,27,17,22,20,22,22,31,31,19,19,20,28,21,24,22,26,25,23,24,20,24,25,22,21,16,14,16,18,20,22,23,20,23,25,22,20,20,22,20,23,23,24,22,22,21,18,20,20,30,22,22,25,21,22,21,14,18,22,22,19,28,27,26,25,27,18,18,20,21,19,24,26,25,23,24,23,22,19,22,25,27,20,19,20,22,19,20,13,19,26,26,24,22,22,24,32,25,26,18,19,24,24,25,22,22,17,19,22,17,15,29,31,31,28,28,29,15,20,18,20,20,23,21,20,23,24,23,19,21,26,28,27,26,27,24,30,22,22,22,21,21,21,15,17,17,13,28,15,15,25,15,22,20,18,22,18,21,26,22,20,17,22,27,24,18,20,15,20,19,21,25,23,29,21,27,22,24,23,26,23,
18,21,23,26,21,23,18,22,15,20,21,19,18,18,19,22,23,24,20,25,23,25,26,30,26,28,20,19,22,22,21,27,23,14,14,15,28,26,24,26,23,24,26,21,24,19,19,27,15,28,16,20,20,27,27,16,17,16,24,25,23,24,27,25,21,21,27,24,18,28,25,22,20,27,23,21,24,21,18,21,23,23,23,31,30,20,23,19,19,15,23,23,22,25,25,24,24,25,23,23,20,14,15,19,19,23,24,23,24,31,20,24,21,20,21,24,21,23,23,24,21,22,23,29,31,21,24,19,22,23,28,29,30,23,22,22,19,20,27,29,21,24,22,20,24,25,21,25,24,24,23,23,24,23,22,21,27,21,21,20,32,24,21,21,23,27,23,24,23,23,22,22,23,19,26,19,27,27,25,26,22,21,17,20,18,21,19,16,31,22,20,21,16,16,26,24,23,26,22,25,21,27,20,21,22,30,29,30,20,24,26,31,31,26,23,21,23,22,22,22,17,17,16,26,25,26,26,17,22,18,18,22,25,27,24,25,20,21,24,21,17,18,21,16,26,20,21,21,23,23,22,23,24,23,24,23,
19,26,26,28,29,21,23,22,20,14,20,20,19,19,20,23,16,25,25,21,20,25,25,32,15,20,21,28,28,24,28,28,20,15,25,23,25,23,24,21,24,22,26,24,23,24,24,23,27,20,24,24,21,29,27,26,26,24,21,25,24,27,25,28,25,27,28,24,30,29,23,26,20,21,23,20,26,25,22,22,24,22,21,20,31,25,24,20,20,13,16,24,23,25,17,25,24,25,23,22,22,19,15,20,21,24,26,25,23,27,18,33,20,23,21,22,22,25,26,23,24,23,24,25,22,23,18,16,19,31,22,30,18,28,29,29,30,31,21,23,24,24,26,23,25,26,23,23,25,26,24,25,26,25,26,21,29,28,30,31,32,24,25,21,14,24,23,20,21,20,23,23,20,18,19,20,28,25,25,27,26,27,17,21,20,22,16,15,16,21,22,22,23,27,27,24,24,28,26,28,25,24,28,21,26,27,21,30,23,24,27,26,27,25,20,22,23,21,23,22,26,17,16,30,20,26,27,23,28,18,20,24,23,25,28,25,24,23,23,27,24,19,18,17,17,18,23,20,23,24,21,23,23,24,22,24,
30,20,19,28,28,28,23,21,20,20,22,18,19,22,23,21,17,24,25,27,21,36,32,33,32,18,33,20,29,22,22,27,24,23,25,27,26,26,24,28,23,23,23,24,24,23,24,25,21,21,25,23,24,30,22,27,21,20,22,18,25,30,25,28,27,26,28,28,30,29,24,22,24,22,24,23,29,32,22,23,20,23,25,23,21,24,21,19,21,18,23,16,22,18,25,26,25,27,23,22,19,22,21,21,20,26,31,25,26,23,24,34,23,23,24,26,26,24,25,23,24,27,19,16,23,18,19,19,20,21,31,31,21,24,20,23,28,27,29,23,26,28,24,24,27,24,27,22,23,24,29,25,27,27,29,29,29,29,29,18,25,25,29,24,29,15,23,21,24,22,24,21,27,23,19,21,21,24,25,25,23,27,27,18,21,24,20,27,24,22,23,22,23,24,25,29,25,25,27,26,28,27,20,25,26,26,29,21,21,24,19,22,28,28,25,19,24,23,24,23,23,20,21,21,21,23,27,19,28,26,29,27,24,20,21,29,24,23,24,23,25,27,19,19,22,25,22,23,25,27,24,24,23,23,22,23,
20,29,25,29,26,29,30,21,21,21,21,22,18,21,24,19,24,25,24,23,35,36,33,34,34,19,34,34,27,24,27,25,25,24,26,28,26,27,21,26,26,23,23,27,27,24,23,25,23,22,25,23,29,22,27,24,20,24,20,23,26,21,27,27,27,29,28,28,29,30,32,26,23,26,24,26,25,29,31,24,24,21,26,23,23,21,27,23,23,19,21,21,23,21,26,27,28,27,28,19,20,23,22,27,22,29,24,31,23,24,24,26,24,28,24,27,28,30,27,24,26,26,28,18,17,28,18,19,21,22,27,18,21,22,21,23,20,29,30,29,27,28,28,27,19,27,27,26,24,25,26,26,25,28,25,25,21,20,30,31,19,18,29,18,30,23,24,24,24,28,23,24,22,18,23,20,22,23,24,25,21,28,29,20,19,25,21,27,16,25,23,26,26,25,26,27,25,29,26,20,19,25,21,28,27,27,28,27,22,24,20,24,26,26,26,21,20,20,21,22,25,22,30,24,22,23,25,24,26,27,27,22,25,21,21,29,20,26,25,23,23,26,23,28,24,25,24,24,25,25,24,23,24,24,23,23,
27,30,28,27,32,27,27,26,26,23,21,22,23,22,22,24,19,24,24,18,36,31,33,35,35,36,36,35,24,26,27,23,28,25,26,32,31,27,27,21,27,26,26,24,22,28,27,26,25,28,27,22,20,30,24,22,23,23,20,22,19,21,26,28,27,28,29,26,30,29,32,25,27,26,24,27,27,29,24,25,25,25,23,24,25,25,28,34,27,24,25,22,26,22,28,28,28,25,20,21,23,23,23,27,24,29,23,24,25,24,24,24,26,25,27,30,25,30,27,27,28,27,26,27,28,18,17,19,22,25,28,27,23,26,23,24,23,23,26,22,29,27,29,28,21,28,26,27,22,21,26,24,25,26,27,25,26,22,23,21,25,24,29,20,21,21,27,21,24,24,25,26,23,24,18,24,21,24,25,26,27,32,25,30,32,24,31,27,28,26,26,25,24,26,25,25,28,27,30,21,28,25,26,26,28,28,21,24,23,24,26,25,25,23,25,27,22,23,22,22,22,26,30,29,22,23,23,20,27,28,27,25,23,25,25,21,22,22,26,24,27,23,24,27,20,23,25,24,25,26,24,25,24,24,24,23,
22,26,23,29,29,31,27,26,24,21,21,26,22,21,23,22,21,25,26,30,36,35,31,32,26,36,26,35,24,29,27,29,30,29,30,33,33,32,23,29,22,27,27,24,28,29,26,25,25,28,28,22,28,31,35,23,24,23,25,23,20,24,22,27,28,28,29,30,27,28,30,29,27,27,27,23,28,27,24,26,26,21,22,21,24,27,28,33,26,28,21,28,28,27,29,21,25,25,22,20,33,24,20,28,24,24,24,25,25,33,25,27,29,26,30,25,26,26,27,27,28,28,26,28,29,33,26,25,26,25,24,27,27,28,22,25,23,22,26,26,22,26,30,25,32,28,28,25,27,30,22,27,24,28,23,28,28,23,23,20,27,25,26,21,21,28,21,22,28,24,25,26,25,25,27,25,25,28,27,30,28,31,31,26,25,29,35,27,28,30,24,24,26,27,35,26,28,30,30,22,30,27,26,28,29,27,28,25,27,24,27,19,27,26,24,24,24,24,25,23,23,23,22,31,23,26,30,27,26,27,25,28,25,26,23,31,26,25,22,25,25,24,27,24,24,22,25,23,24,25,25,28,25,25,28,27,
27,26,27,26,32,32,31,32,27,30,28,27,26,23,22,20,24,26,26,25,22,30,32,33,28,26,30,27,27,29,28,27,25,30,27,32,32,31,28,26,28,21,25,25,25,29,29,28,29,27,24,23,23,27,24,35,28,28,25,28,25,24,23,24,25,28,34,30,29,29,20,30,28,28,29,24,23,23,25,25,26,27,26,24,22,24,24,27,29,25,25,21,26,29,27,24,26,26,20,31,19,25,22,31,27,28,24,25,25,26,29,28,25,25,31,27,28,27,28,25,28,29,28,27,33,33,30,25,21,30,25,28,25,28,27,26,30,25,23,26,21,23,27,22,22,33,34,27,26,29,27,29,27,30,23,26,29,26,27,23,26,26,29,24,24,29,34,22,24,25,26,27,29,25,26,28,25,25,25,28,28,29,33,26,33,34,26,28,29,27,24,29,29,27,31,24,29,33,31,22,32,33,27,27,26,28,28,28,22,28,26,21,27,28,25,25,24,23,30,26,25,25,27,23,24,27,28,31,27,26,17,24,26,25,27,26,33,26,33,23,26,22,22,25,22,23,25,29,25,24,25,25,27,27,29,32,
22,29,27,25,25,32,33,32,30,31,29,25,29,24,28,29,23,27,27,23,23,24,33,33,29,28,27,29,30,24,26,29,33,27,30,29,27,29,28,35,33,23,31,26,29,28,30,29,30,25,26,27,23,26,33,27,28,28,29,25,29,25,23,23,24,27,28,33,29,30,33,22,29,29,23,23,31,26,30,25,28,27,28,28,27,30,29,25,25,25,24,33,23,31,29,22,23,19,20,19,21,22,22,22,27,28,26,30,26,27,25,27,29,25,25,22,28,28,24,24,27,30,29,29,34,26,26,26,28,30,28,29,27,25,23,24,32,32,30,29,22,22,29,28,26,29,25,27,28,29,26,30,30,30,30,27,27,28,32,23,24,27,24,28,25,32,29,32,28,25,27,27,28,31,24,28,28,27,28,26,23,29,30,30,32,31,29,26,25,30,22,23,23,23,30,29,35,24,22,33,29,28,22,27,33,22,28,20,29,22,27,23,28,28,24,28,25,32,29,31,27,26,28,23,23,22,27,30,31,32,28,18,28,27,29,28,32,27,27,33,36,25,27,26,27,23,26,27,30,26,25,26,30,29,28,32,
28,28,25,30,24,31,32,32,32,31,28,26,30,25,25,30,28,28,24,28,32,23,24,24,28,30,25,30,24,24,25,24,29,31,30,30,29,29,29,35,33,26,24,32,31,29,30,31,27,27,25,28,26,32,38,27,30,29,30,30,19,24,24,27,29,30,33,29,29,24,33,33,29,29,23,24,32,31,29,25,27,28,28,30,31,31,33,30,25,26,29,34,28,31,33,21,22,26,20,23,22,22,29,33,25,29,27,27,29,26,27,31,29,30,23,28,28,24,29,25,34,28,30,26,29,35,28,27,29,29,27,28,25,28,30,31,30,31,31,30,23,23,29,32,29,32,30,26,24,37,26,28,30,26,30,34,23,24,28,33,33,24,25,29,23,24,28,33,30,30,29,28,28,31,30,31,26,27,28,26,27,27,24,26,32,33,30,28,26,26,26,27,23,26,26,30,27,26,31,34,34,31,32,29,33,21,23,22,21,22,25,22,24,18,28,25,25,26,27,27,27,26,26,29,28,28,30,27,30,32,31,26,28,29,30,29,29,28,27,26,20,22,26,27,27,28,27,28,28,30,28,31,30,31,30,31,
24,29,25,25,27,24,32,31,31,32,38,35,30,30,29,30,28,28,25,24,29,26,26,25,31,30,25,24,23,27,28,32,32,28,31,29,30,31,32,35,34,30,25,32,30,30,30,28,30,25,26,29,27,27,39,31,37,31,30,24,30,24,25,30,30,26,33,26,29,30,25,30,30,31,25,26,25,32,30,30,29,27,36,33,31,32,34,33,38,26,30,30,33,33,33,22,25,24,28,24,24,23,25,31,25,26,27,29,29,27,28,23,31,31,24,24,29,29,25,30,25,24,30,30,28,29,34,27,26,30,28,29,26,25,25,29,30,32,32,32,32,31,31,33,36,34,33,31,24,34,27,35,25,28,27,29,26,26,25,32,29,24,34,23,24,23,26,30,30,32,30,31,34,30,27,32,27,22,26,25,28,27,26,26,29,25,30,27,28,26,27,27,28,28,25,31,32,27,32,32,28,27,32,28,35,28,22,28,28,30,23,29,24,19,25,33,25,26,31,27,28,29,27,27,29,27,31,30,28,27,30,30,25,27,28,30,32,29,28,34,22,21,31,29,28,29,28,26,31,27,29,32,30,31,30,31,
27,24,25,30,28,34,33,33,35,36,36,36,29,33,33,28,32,32,29,32,33,28,32,26,33,29,28,25,24,30,27,28,33,32,29,30,27,30,29,33,35,33,32,34,31,34,29,29,29,32,33,27,31,33,27,26,30,24,28,31,24,27,34,24,24,24,34,32,32,30,28,34,26,26,27,26,27,32,33,31,28,31,37,31,32,31,32,34,28,30,28,31,28,25,33,34,33,26,25,29,29,27,26,27,26,30,28,29,29,30,31,30,24,32,27,35,30,30,28,31,33,32,26,29,28,28,28,28,30,31,31,29,26,25,27,34,32,32,28,27,28,31,32,35,36,37,24,34,25,34,34,36,26,30,36,29,29,26,27,34,33,30,24,26,26,25,27,26,29,27,32,31,34,33,27,33,28,25,24,25,26,27,26,26,26,27,31,29,29,32,32,30,29,33,28,30,32,36,29,30,28,23,29,28,29,35,29,29,28,29,29,23,31,26,24,25,25,26,32,32,32,30,28,28,29,28,30,29,33,28,28,31,29,26,27,29,31,29,33,34,25,29,30,29,30,26,31,33,31,28,31,28,32,30,30,31,
35,32,26,32,31,28,35,33,36,35,37,29,29,26,34,34,32,32,34,33,34,35,35,36,33,30,28,26,27,31,28,27,28,30,31,31,32,33,34,30,34,35,30,35,32,31,34,34,30,30,35,29,31,27,28,25,30,27,29,30,27,27,31,34,25,30,31,32,32,32,34,33,30,29,28,27,26,30,33,33,32,32,37,38,30,29,36,35,31,37,29,32,32,33,36,34,35,36,36,26,28,28,30,27,27,33,31,30,28,29,30,34,29,27,27,26,28,36,26,34,32,32,32,27,28,31,32,29,30,27,34,29,27,28,28,29,31,32,30,32,28,29,33,32,32,37,29,37,26,34,35,35,36,30,30,30,30,23,27,33,33,34,29,25,26,32,26,26,29,30,29,35,28,31,30,33,28,39,24,38,24,28,26,27,35,29,35,27,30,32,33,30,30,29,30,29,31,31,35,30,30,27,27,28,33,29,31,29,29,24,32,30,27,27,27,24,25,25,34,33,28,29,29,32,31,34,31,30,26,33,36,31,29,30,27,28,30,37,38,29,26,30,29,30,27,31,32,29,33,32,28,29,31,30,32,31,
36,27,27,34,32,37,29,36,36,34,29,36,33,35,35,33,28,32,28,32,34,35,35,37,36,34,28,29,27,32,32,28,32,29,27,32,35,31,33,34,37,36,37,27,30,35,30,34,34,30,31,30,31,27,29,26,26,25,30,33,27,29,31,28,26,26,28,32,32,32,33,26,31,30,29,29,33,25,38,28,30,32,38,38,37,29,32,36,29,32,33,28,30,36,33,36,33,37,27,27,34,27,28,29,26,33,30,31,29,30,30,34,36,34,36,26,26,32,35,35,32,32,34,34,33,33,37,32,30,29,35,28,30,28,32,33,30,28,32,28,34,33,33,33,34,37,34,27,38,35,35,25,36,27,28,31,30,29,28,31,26,33,32,30,30,29,27,27,29,31,30,28,28,28,30,35,40,38,39,31,26,28,28,29,36,29,34,36,38,32,32,31,27,29,32,29,31,29,28,27,27,31,27,29,32,32,31,30,30,25,25,33,31,28,28,28,28,29,25,31,32,32,30,29,28,30,31,34,28,38,37,30,30,31,32,33,27,30,39,34,39,31,30,31,26,28,32,33,31,31,34,32,31,31,31,32,
30,29,28,38,34,35,31,30,31,29,28,25,37,29,26,36,34,28,29,31,36,35,36,36,37,35,35,28,26,28,30,30,31,29,36,28,35,30,32,35,33,37,32,31,31,30,32,31,31,31,32,29,30,30,31,33,35,32,34,32,34,33,31,31,27,30,29,29,33,33,27,26,32,31,36,31,31,26,33,38,29,31,37,38,38,31,29,32,30,35,33,29,32,35,36,33,34,37,37,29,28,35,29,35,30,29,30,29,28,31,30,32,37,34,30,30,33,33,31,34,33,30,35,35,34,35,37,30,31,30,29,28,30,31,28,29,30,26,28,32,34,30,32,36,36,30,34,35,35,28,36,28,28,37,28,29,31,32,24,30,29,25,23,37,31,27,30,32,31,22,24,30,29,34,35,35,40,38,38,39,26,27,26,29,29,25,34,32,39,31,31,31,28,32,30,29,31,28,33,27,26,29,31,31,36,32,31,31,30,26,28,26,25,31,33,29,23,31,24,32,32,32,33,33,32,31,26,30,35,36,31,39,31,31,37,28,28,32,41,35,28,32,32,28,28,26,33,33,34,30,29,34,32,31,31,31,
33,28,29,28,38,29,31,31,30,30,31,41,28,25,37,29,28,30,27,29,30,37,38,28,36,38,36,30,28,34,29,30,31,29,29,31,32,31,31,28,31,33,32,33,33,38,29,32,32,32,29,30,29,31,24,31,36,34,28,33,33,33,32,32,28,36,31,35,34,32,33,27,27,33,32,35,31,32,36,38,38,34,38,30,32,32,39,29,29,30,35,31,35,31,36,39,38,37,38,30,31,28,28,32,35,29,36,30,36,29,30,32,36,35,36,33,35,32,41,32,35,33,31,31,36,36,31,31,31,31,28,30,28,33,32,31,33,28,29,33,33,29,30,34,37,35,33,36,36,30,29,29,28,29,29,30,33,33,26,33,31,36,24,24,32,37,27,29,35,32,24,28,33,32,34,35,35,40,36,39,29,38,36,29,30,31,27,34,38,32,33,29,31,32,32,29,35,29,30,34,35,28,31,35,36,34,36,31,34,35,35,27,35,29,32,29,33,24,31,26,33,32,33,33,33,33,30,31,30,32,29,28,29,32,38,28,32,29,40,28,32,32,34,28,27,27,33,33,33,29,30,31,31,32,30,34,
35,30,29,33,31,30,30,33,32,30,34,32,37,27,35,28,29,29,28,28,33,31,29,37,28,38,30,30,34,30,30,35,32,30,31,31,32,34,34,30,34,32,29,33,33,40,30,30,29,31,30,36,29,25,26,32,31,36,27,36,35,35,35,32,33,37,29,31,34,34,29,29,34,34,34,33,34,35,31,36,31,33,34,32,32,34,34,39,30,30,31,35,36,33,37,37,39,37,36,33,32,38,28,35,32,31,37,39,36,34,33,32,34,36,36,34,41,41,42,33,33,32,33,33,37,37,31,32,37,35,29,30,27,32,33,33,33,37,28,37,33,31,30,30,35,28,32,33,31,33,32,34,29,36,31,30,30,26,32,34,35,32,24,36,36,36,27,32,32,32,32,32,32,33,32,36,32,35,38,30,39,40,38,36,37,32,27,28,29,36,33,32,32,34,33,31,31,33,32,33,35,33,36,33,32,31,31,31,34,33,36,28,34,28,31,32,34,32,32,32,32,36,36,33,32,31,34,31,27,33,29,29,28,36,30,29,29,30,35,37,41,27,34,34,29,28,29,32,40,34,35,31,30,32,31,33,
35,33,30,31,32,32,31,33,31,39,35,32,35,38,30,39,36,29,37,29,34,36,31,37,31,33,33,30,30,32,30,32,32,32,30,28,31,32,31,35,35,34,34,33,34,30,31,31,30,31,30,36,36,26,27,26,26,36,27,36,34,35,35,34,33,31,37,34,30,33,30,34,39,34,36,34,35,30,29,31,32,32,39,33,35,33,35,31,33,31,31,35,33,37,32,39,40,36,24,31,34,30,39,33,32,33,33,37,39,36,35,33,34,39,34,41,41,41,42,41,35,32,40,34,38,41,33,31,31,30,29,37,28,36,34,34,34,38,38,30,35,31,24,29,27,29,32,33,31,30,33,29,35,29,34,37,34,27,33,33,34,35,34,26,36,38,31,31,30,33,33,35,33,33,36,32,37,35,40,40,32,31,40,38,39,33,32,32,28,33,32,29,33,32,34,32,33,32,34,34,35,34,37,35,34,34,32,36,34,31,36,37,32,35,31,32,34,36,34,33,34,37,37,37,31,33,33,35,30,32,30,36,29,39,30,32,31,32,36,37,42,42,28,35,36,29,33,31,40,31,27,33,33,33,34,33,
36,33,36,33,30,32,31,33,39,38,33,33,32,35,37,32,39,37,38,37,32,37,37,31,36,34,32,34,32,36,34,32,24,32,28,29,32,32,33,37,35,35,36,34,34,33,32,32,32,34,29,31,36,27,27,29,29,37,33,27,36,37,36,36,35,33,41,36,37,36,30,34,39,35,35,34,29,36,31,32,33,32,38,37,36,37,36,37,33,33,32,35,33,39,33,36,36,37,23,29,29,34,32,31,32,32,33,32,32,37,40,34,35,34,39,34,26,43,43,29,27,35,28,32,40,38,38,38,31,32,34,39,35,29,36,34,35,35,35,35,36,31,37,28,30,28,33,28,33,34,30,34,35,30,38,32,36,38,28,38,35,31,36,31,32,37,32,35,35,35,34,34,35,34,34,33,34,34,31,38,34,40,41,37,34,40,34,35,29,32,32,33,30,32,35,35,32,31,32,33,35,34,34,35,35,34,37,36,32,32,35,36,27,33,36,32,33,37,38,35,34,35,34,38,34,32,34,37,35,29,33,34,36,36,36,33,40,33,34,33,37,36,32,28,36,28,27,33,30,28,28,33,34,34,34,34,
35,34,37,33,34,30,30,33,28,39,39,39,31,31,37,32,34,34,36,38,38,36,32,38,33,39,34,37,35,34,35,26,24,24,36,34,30,32,34,32,33,31,36,32,33,33,30,33,33,35,35,31,32,35,38,30,36,37,39,28,34,37,41,33,33,33,34,37,36,37,38,33,31,40,35,36,35,30,33,32,33,33,32,32,37,39,37,36,34,33,34,39,39,39,39,37,36,37,35,24,32,33,34,32,33,34,33,34,33,32,34,36,33,35,40,33,35,34,31,30,36,27,27,33,41,40,35,36,37,31,32,36,33,36,37,32,36,34,34,39,40,36,37,39,29,29,34,34,37,35,37,34,35,37,39,40,40,33,39,36,40,35,32,39,37,33,29,31,34,36,31,35,34,37,34,36,32,35,32,36,34,35,41,34,34,35,35,35,34,37,31,32,35,33,36,36,37,36,36,34,36,33,36,35,35,38,36,36,35,37,34,36,28,33,29,33,34,35,35,34,34,37,34,35,37,43,39,39,35,34,37,35,28,38,36,36,40,33,34,30,38,38,29,33,33,32,29,33,35,35,32,30,34,36,34,35,
34,40,33,32,35,34,31,30,37,33,33,33,36,35,34,33,35,36,36,36,30,39,39,32,31,37,38,38,36,36,26,26,26,26,36,37,32,32,32,40,32,39,32,32,33,32,31,38,36,33,36,34,34,38,36,35,38,39,31,39,36,34,41,37,34,34,34,37,42,35,35,35,29,31,35,36,35,39,34,34,36,33,34,42,38,38,36,38,36,32,33,35,35,39,39,41,40,36,36,24,33,32,32,32,36,35,37,38,35,34,33,38,34,33,33,34,33,35,32,30,37,27,27,31,38,39,39,40,37,37,37,38,36,35,33,33,33,34,36,36,39,37,36,39,40,33,33,34,34,33,38,35,35,36,38,38,30,34,38,30,30,36,36,41,39,39,39,34,35,35,34,33,38,34,35,35,36,38,33,36,35,34,40,35,35,30,37,37,34,32,34,32,38,36,37,37,37,37,33,37,39,32,36,35,32,37,37,43,36,38,37,37,37,38,28,36,34,35,35,33,33,33,33,36,37,42,40,38,37,40,36,38,31,36,38,34,41,34,34,37,37,34,33,31,32,33,31,32,32,36,33,35,34,34,36,34,
32,34,34,32,36,38,31,32,36,32,38,34,34,42,40,34,39,36,36,30,36,30,36,40,32,35,38,38,37,36,34,39,31,26,35,36,33,34,36,40,31,40,40,36,33,35,32,36,38,36,37,36,34,33,36,36,36,32,31,39,35,34,38,46,35,36,35,38,38,40,36,33,46,34,33,38,38,37,33,34,36,36,35,37,37,38,38,38,34,34,33,37,36,33,39,38,40,40,33,29,25,36,26,34,35,35,34,37,41,38,33,37,35,34,35,35,36,36,35,38,35,31,33,29,39,39,39,38,37,36,37,37,32,36,34,35,35,33,38,36,37,36,37,37,34,36,38,34,34,33,37,39,35,35,39,38,30,31,34,32,36,38,37,38,40,39,31,36,37,39,35,33,34,35,36,37,35,40,40,39,37,41,39,35,41,30,36,40,37,34,35,35,35,35,36,38,36,36,34,37,34,33,33,35,33,33,32,36,35,33,38,38,37,38,39,38,38,35,33,38,35,35,34,38,38,38,42,42,29,35,37,33,32,36,39,33,37,35,36,38,36,37,34,38,37,32,34,33,33,36,36,35,35,36,33,34,
40,35,35,33,35,30,34,34,32,34,39,43,35,42,34,40,32,31,40,32,29,31,30,40,40,38,39,36,38,35,34,31,39,27,40,36,37,40,36,36,35,31,35,35,35,34,34,34,37,40,38,37,36,38,37,35,37,35,34,39,36,39,44,46,36,32,36,34,34,39,33,34,46,44,30,32,32,32,31,37,34,29,38,37,43,38,35,38,36,37,38,38,33,33,42,43,40,40,31,37,30,27,26,34,35,41,40,34,39,43,39,38,38,35,38,36,35,34,36,32,33,34,35,34,39,33,43,39,36,36,33,37,38,37,36,37,34,40,36,35,37,35,37,43,35,36,37,35,35,34,38,38,38,31,33,40,31,32,31,31,36,37,35,38,39,35,41,38,38,35,40,35,38,37,36,37,36,42,35,34,40,39,38,36,37,36,32,37,41,36,35,36,35,37,38,39,39,36,37,38,37,34,33,32,36,33,33,36,36,36,37,39,39,39,38,33,35,39,35,39,36,33,33,38,38,39,43,35,32,40,37,38,37,33,36,37,37,37,37,38,35,38,38,38,36,37,33,33,34,33,31,38,36,37,35,35,
37,38,40,33,34,32,39,35,36,39,34,33,37,34,35,38,32,33,30,33,30,30,32,40,33,35,40,39,37,32,37,37,39,32,32,37,41,39,33,37,36,36,36,36,34,35,38,37,35,35,39,41,37,38,37,40,35,37,36,43,34,35,36,33,36,39,33,36,39,35,42,36,37,34,34,37,37,37,38,38,37,31,38,39,43,43,40,38,36,38,41,40,40,41,42,32,41,41,31,32,31,31,35,35,37,42,41,42,40,42,35,32,33,36,37,39,36,35,33,33,33,40,38,34,34,34,43,44,42,37,41,33,35,37,38,39,37,40,38,38,40,39,39,42,36,36,38,37,35,35,41,38,34,33,36,34,33,37,33,31,37,37,38,40,39,38,41,35,38,38,35,41,38,39,37,39,38,36,36,33,35,40,40,36,38,34,41,41,36,37,38,36,33,36,38,38,39,39,34,39,37,32,34,38,37,36,36,39,37,39,42,38,38,41,34,34,35,37,35,35,38,36,40,39,30,39,36,36,31,32,31,37,36,38,37,36,35,39,38,33,33,33,38,36,37,40,34,34,34,33,35,36,38,38,35,36,
37,40,34,40,41,32,42,36,37,32,40,40,40,44,38,36,35,34,42,36,38,34,33,31,41,36,33,39,40,32,36,36,41,39,40,37,37,39,36,40,40,39,31,35,32,34,38,42,37,37,37,42,41,38,40,40,41,37,33,38,39,34,36,33,34,37,35,38,41,41,39,37,38,38,38,39,38,37,39,39,37,36,36,40,37,33,35,41,38,42,39,42,40,40,37,42,36,34,36,36,33,31,31,41,37,38,36,41,36,35,43,36,34,35,35,38,40,37,36,44,34,44,40,35,36,35,44,44,40,43,39,36,36,37,38,40,39,39,40,39,37,36,40,44,42,42,38,39,35,37,41,40,34,37,42,39,41,37,38,38,37,36,43,39,38,36,39,35,36,35,38,40,39,39,38,40,39,38,40,41,35,45,40,34,33,33,32,42,34,39,39,38,37,39,39,42,39,38,40,35,39,38,33,39,36,37,37,37,41,41,43,44,34,41,41,41,38,35,38,33,38,38,40,41,40,33,40,41,42,35,34,33,32,34,36,39,36,36,39,39,38,32,37,34,35,39,36,36,34,36,41,34,39,36,38,36,
39,38,37,35,40,37,34,40,42,41,34,41,39,40,35,37,36,38,42,35,45,39,35,32,40,41,40,35,41,37,38,39,38,42,44,42,38,36,41,40,39,43,32,34,32,34,32,44,45,37,43,42,39,39,41,41,43,42,36,33,34,38,38,37,45,35,36,35,39,43,43,40,41,48,41,39,39,37,38,40,38,45,38,37,38,38,46,44,39,42,39,42,39,40,41,34,43,43,35,37,37,33,32,39,43,40,37,42,39,38,39,37,36,36,36,41,37,37,36,37,41,45,37,36,36,35,36,44,43,38,42,41,37,36,37,39,41,39,39,40,42,39,37,39,43,43,38,38,41,41,38,37,41,41,41,40,42,42,38,39,35,38,43,37,39,39,39,37,37,35,41,41,37,38,38,39,41,42,42,42,35,45,43,36,33,37,35,33,34,40,39,40,38,36,35,35,35,39,36,36,38,39,38,36,39,39,38,38,46,37,35,39,45,41,42,40,39,38,37,34,39,34,42,36,39,42,34,43,42,42,44,34,33,43,35,41,40,37,37,39,39,35,38,35,36,39,40,35,34,39,42,41,37,38,37,37,
37,39,38,39,37,37,40,42,43,39,34,33,33,40,45,33,36,44,43,34,44,39,33,36,34,40,39,41,40,38,36,38,38,38,40,39,43,42,43,41,41,34,44,35,34,34,45,46,46,46,44,43,38,38,41,43,43,34,43,37,36,39,39,36,46,47,37,35,37,44,42,43,37,40,39,41,39,35,42,38,41,45,45,37,37,38,39,45,44,42,39,39,39,39,41,37,38,41,37,43,38,39,43,42,39,44,42,42,43,43,40,40,41,36,37,38,39,37,42,38,42,41,39,39,37,36,45,44,42,41,39,42,37,45,37,41,41,40,40,38,42,39,37,40,34,43,43,39,42,41,38,43,37,39,41,42,42,43,36,37,39,39,39,40,38,46,40,38,43,35,41,41,40,39,39,34,39,43,43,42,44,36,38,34,35,38,36,36,36,41,41,40,39,45,36,38,36,40,39,37,40,39,39,35,39,41,38,38,41,37,35,40,38,35,40,41,41,38,38,38,38,40,38,41,41,42,39,44,45,43,42,45,34,41,41,42,40,39,37,40,40,36,36,39,35,37,36,36,35,42,40,41,40,38,38,38,
39,39,41,38,40,40,42,44,43,42,40,39,39,42,34,34,41,44,44,34,45,41,34,34,35,43,40,43,41,36,38,39,39,39,41,39,39,42,43,38,42,44,40,36,35,36,38,49,36,50,47,39,39,37,44,42,44,44,41,35,37,36,35,38,39,44,37,37,36,41,40,40,40,41,36,43,42,40,37,39,45,43,36,38,37,40,37,36,43,41,38,39,39,38,47,36,40,42,37,37,43,43,40,38,38,45,42,43,44,43,41,40,41,38,37,39,39,41,40,37,44,43,41,46,37,37,44,45,44,43,41,45,40,45,42,44,43,41,40,42,42,42,42,36,38,35,36,45,42,41,39,38,38,41,44,43,41,38,39,38,37,40,41,40,38,39,43,39,39,37,42,42,40,40,38,37,42,37,39,42,43,41,39,37,41,42,38,39,37,37,35,40,37,33,41,41,40,40,39,40,36,38,40,36,36,41,41,38,42,42,37,36,36,41,37,42,42,45,37,40,38,41,39,44,45,44,46,46,45,44,41,40,41,40,41,42,41,44,43,39,39,38,41,37,36,37,37,45,41,38,39,38,42,43,40,39,
40,40,41,39,42,40,42,42,43,41,40,40,40,37,43,39,44,45,45,42,35,43,41,39,40,44,44,43,43,38,44,39,41,38,43,40,40,43,39,39,38,37,41,37,39,37,41,39,44,41,41,42,38,40,43,42,43,43,42,42,44,38,35,39,38,40,36,38,38,37,42,41,44,45,37,41,39,43,41,37,43,44,38,37,40,36,39,37,40,40,42,39,42,40,40,41,36,40,41,38,44,38,44,40,39,45,45,44,43,44,42,41,39,44,38,44,40,41,36,36,44,46,42,39,42,44,46,44,45,41,41,43,42,41,38,44,45,41,41,41,43,43,44,37,37,37,39,39,41,42,39,40,39,44,44,43,43,39,43,37,41,43,43,38,40,43,41,39,39,42,43,42,42,42,37,42,37,42,39,38,42,39,41,40,37,41,40,40,40,41,36,40,45,34,47,41,44,38,40,38,40,37,39,42,47,41,44,43,38,39,38,41,41,41,42,36,45,45,40,41,41,39,44,45,44,44,42,46,45,44,42,38,44,37,38,41,41,42,43,37,39,39,36,41,38,38,43,39,42,40,41,40,43,39,41,40,
40,41,41,40,40,41,43,46,40,46,43,39,41,44,40,41,41,42,45,46,45,40,41,39,41,39,45,39,44,41,43,43,40,39,44,44,45,45,43,46,41,41,38,37,38,39,45,45,38,38,41,42,45,40,48,43,44,42,44,43,45,47,48,39,39,40,43,39,39,40,38,41,41,42,40,42,44,44,45,44,44,37,38,39,39,43,39,37,40,39,40,40,41,42,43,43,48,41,40,42,42,39,40,40,39,40,39,39,40,45,45,42,45,43,38,39,45,35,36,36,38,46,38,40,41,40,37,45,46,44,42,42,47,42,40,42,41,41,39,41,40,44,42,43,38,37,38,40,39,43,41,43,43,42,41,45,44,39,43,42,41,43,42,45,46,41,41,42,40,40,37,42,42,41,37,42,42,38,40,39,39,41,39,46,47,41,41,40,38,40,36,41,39,44,33,48,46,39,40,39,38,40,43,42,51,48,39,50,44,43,39,41,40,42,42,34,43,44,40,40,39,41,42,45,44,42,42,46,44,39,41,43,43,41,39,41,42,41,41,38,39,39,41,43,44,40,45,43,41,41,41,42,40,42,43,41,
41,45,42,41,40,43,40,43,43,46,44,42,40,39,45,40,46,43,46,45,45,47,38,44,37,42,37,47,40,44,44,44,41,40,45,45,45,45,47,47,40,42,43,39,41,42,43,39,46,45,45,41,43,49,44,44,43,41,45,44,45,45,46,50,40,51,41,44,40,45,39,43,41,46,44,40,44,47,46,43,43,38,46,39,42,46,39,43,41,41,48,42,41,42,43,43,42,42,43,40,40,46,42,40,42,40,44,40,48,44,44,44,45,45,43,47,39,42,42,38,37,39,39,39,38,41,41,46,46,39,43,43,47,42,43,43,45,48,44,40,39,41,41,40,44,42,37,41,47,41,39,43,45,45,43,42,43,45,44,41,43,36,41,44,45,40,47,42,42,41,41,47,38,38,39,38,43,39,41,43,43,40,36,47,46,44,43,39,41,39,38,41,41,43,35,48,45,42,40,41,39,43,44,41,49,49,44,48,44,43,40,41,41,40,44,37,44,38,45,39,40,42,41,40,42,46,42,36,44,43,42,44,42,45,42,42,41,41,39,39,39,44,42,43,43,40,41,47,42,38,41,43,47,43,45,44,
42,42,44,43,42,44,43,41,42,49,46,40,40,46,45,45,42,46,46,45,42,49,40,44,41,38,40,39,38,39,45,45,45,46,46,46,45,48,48,48,43,40,42,47,37,43,46,43,40,38,40,44,48,44,42,44,47,49,45,44,43,46,46,48,51,42,38,37,44,42,40,46,45,46,43,40,48,48,49,45,43,44,47,43,40,44,45,44,44,43,48,42,44,37,42,42,44,43,44,41,41,39,46,46,42,42,49,46,49,50,44,45,39,46,42,43,44,44,42,40,39,39,38,38,40,40,39,39,40,47,42,41,42,42,43,44,45,40,39,42,39,39,41,41,41,42,38,44,43,39,39,41,43,46,45,44,45,45,46,42,44,42,41,42,42,41,47,46,43,42,40,46,40,38,37,37,39,41,41,40,44,41,46,39,37,47,39,40,42,40,43,41,38,43,43,45,44,44,43,43,43,42,45,44,48,43,44,46,46,45,41,41,42,45,45,42,42,43,42,40,41,41,42,40,42,37,38,37,43,44,40,49,42,43,42,43,39,40,39,41,47,46,45,44,44,44,40,41,41,42,41,36,49,48,48,48,
44,40,40,45,42,43,44,44,42,44,43,45,47,48,43,45,45,45,41,46,50,43,41,45,46,42,41,41,49,40,47,45,45,43,41,47,42,38,49,49,43,43,41,48,44,43,44,44,47,45,42,47,45,43,46,45,40,49,49,46,48,44,44,46,48,51,43,46,46,45,47,43,42,46,43,37,40,50,49,50,44,45,47,45,44,45,42,45,45,39,46,45,44,41,43,43,46,42,45,44,44,41,40,46,42,43,48,49,41,43,43,44,40,47,48,44,44,42,45,44,43,45,49,49,49,38,41,37,40,39,42,39,42,43,41,45,46,40,40,40,40,45,42,42,45,45,43,44,43,45,44,41,47,43,43,43,46,44,45,45,46,43,45,42,43,43,42,47,42,42,41,46,40,40,41,39,40,39,42,46,41,45,47,45,38,42,40,40,41,41,44,45,42,38,41,44,41,42,49,43,43,41,44,43,44,49,44,45,47,38,46,41,42,46,41,45,43,48,46,43,41,42,42,43,41,42,42,43,45,43,45,43,46,40,43,42,40,41,40,41,40,46,45,44,45,44,41,40,42,42,46,38,49,35,49,48,
39,41,38,47,44,42,41,44,42,46,49,44,45,51,49,46,47,46,43,41,43,43,43,43,44,45,46,40,46,49,47,49,49,46,40,41,44,42,46,43,48,44,44,42,42,41,44,42,46,43,43,47,43,44,45,45,45,47,46,47,44,48,44,44,44,42,52,50,39,45,48,45,48,48,39,39,41,52,51,46,46,48,48,45,45,43,45,44,44,40,44,44,43,44,45,43,48,45,43,40,44,39,41,43,43,44,48,48,41,43,43,44,44,38,45,43,44,44,47,51,44,44,43,39,40,42,41,41,43,40,43,43,40,41,44,42,47,46,40,41,43,41,45,45,44,39,43,47,44,45,45,44,48,43,50,44,48,43,45,43,46,46,46,43,45,45,44,43,42,45,43,47,41,40,42,41,41,46,43,47,47,46,52,47,45,43,47,47,41,42,47,45,43,43,45,43,43,43,50,50,50,44,44,43,45,45,44,48,46,45,47,37,44,46,42,41,43,39,46,40,46,42,50,41,46,41,45,44,41,45,45,40,41,41,46,46,48,41,42,42,41,47,48,42,47,45,42,45,40,40,48,37,39,49,38,49,
45,47,38,45,41,43,40,48,44,45,46,42,44,51,43,46,48,47,43,42,45,44,43,44,47,46,46,46,41,44,50,48,42,47,40,45,45,42,46,40,42,44,43,42,42,44,43,44,47,45,47,43,44,47,45,46,46,47,43,44,47,45,47,44,45,42,43,49,50,41,48,46,49,49,45,41,43,41,42,48,46,45,49,48,47,45,44,46,45,45,45,45,44,45,45,46,48,42,42,44,46,42,47,46,43,45,45,49,42,42,43,45,44,42,45,47,43,43,41,52,44,45,44,40,42,50,41,41,40,44,44,41,40,41,44,40,41,48,43,41,43,40,46,42,45,45,47,45,47,48,46,46,44,43,51,42,44,44,49,45,48,48,44,45,44,42,44,44,44,45,47,42,42,42,41,44,41,44,45,47,46,48,49,45,50,48,48,47,42,42,42,49,44,42,43,41,43,44,44,40,46,44,45,44,42,47,44,47,46,45,46,45,39,43,44,42,39,48,42,43,45,39,50,48,46,46,42,42,42,46,45,43,42,42,46,47,46,46,43,41,42,48,48,46,45,47,43,44,43,41,49,43,37,50,41,39,
45,47,48,46,46,42,41,48,45,49,45,43,47,45,44,45,48,43,49,46,45,43,45,44,45,47,47,46,50,42,44,43,40,43,40,44,48,41,42,44,43,45,44,44,44,49,41,46,45,46,42,44,43,43,46,47,47,46,42,44,46,44,48,47,44,45,42,46,48,47,46,48,50,46,50,43,44,45,43,45,42,48,50,49,42,43,45,43,43,44,46,46,45,43,46,47,47,48,43,45,45,43,48,43,45,47,45,46,43,48,44,44,44,46,46,48,41,40,42,43,43,44,45,42,44,48,50,41,41,44,43,44,41,43,45,44,41,41,47,45,43,43,41,47,43,45,46,45,46,47,47,47,50,45,49,43,43,49,46,45,47,47,45,46,46,43,47,45,44,47,43,46,43,48,43,46,44,44,43,49,47,48,46,48,51,41,48,47,49,45,43,44,43,42,42,48,48,48,44,50,47,45,45,46,45,45,45,45,47,45,46,46,47,46,44,44,48,41,42,43,47,46,47,46,49,47,44,44,43,43,43,43,43,47,43,47,43,52,45,43,47,48,48,44,46,50,43,44,45,45,43,45,39,38,51,41,
50,49,48,49,47,47,47,49,47,47,45,49,48,45,45,45,46,48,43,46,42,49,45,46,45,45,49,47,46,49,47,44,41,44,48,45,45,42,42,46,44,45,45,47,46,47,42,48,43,45,47,44,47,46,46,47,46,42,46,45,44,47,44,44,46,43,43,41,49,48,44,46,47,47,47,43,42,46,43,44,42,48,48,47,49,48,46,44,46,47,46,46,46,41,47,49,45,48,46,46,44,43,46,50,44,45,45,45,49,48,50,45,46,49,46,48,41,41,43,43,51,51,44,44,44,49,42,50,41,49,42,44,44,44,45,45,44,50,47,46,45,44,45,46,46,46,49,52,45,47,49,46,44,46,49,50,50,47,45,46,47,48,48,49,44,47,43,43,46,43,43,48,44,45,43,48,46,45,43,44,44,42,46,47,46,44,48,43,45,50,44,45,45,43,48,45,49,48,49,45,45,45,47,47,45,49,45,48,46,46,47,47,47,47,49,48,49,44,45,44,45,47,48,47,49,44,43,46,44,46,43,44,46,44,48,47,47,47,50,50,43,46,47,49,51,45,44,45,43,46,49,45,46,39,40,41,
51,51,43,45,49,49,47,41,48,45,41,50,47,46,47,45,48,46,45,44,46,46,49,51,48,48,47,47,48,46,46,46,47,41,43,45,46,43,44,44,44,46,48,48,49,47,47,45,45,47,43,47,46,47,45,48,47,44,44,46,50,45,45,46,48,44,44,46,51,49,50,45,48,48,43,44,47,46,45,44,46,43,44,50,48,49,49,45,44,47,47,51,48,46,49,46,44,46,47,47,44,45,46,49,44,44,46,47,48,48,45,49,46,46,46,46,44,47,53,44,47,52,47,44,45,51,43,46,51,51,44,43,44,45,45,52,44,46,47,52,49,46,45,45,47,48,50,50,46,48,46,45,46,48,49,46,50,48,47,46,49,45,46,48,48,45,49,51,43,49,45,47,45,49,44,44,46,47,45,49,45,50,45,47,47,49,47,47,45,43,43,44,45,48,48,45,47,46,49,50,46,46,48,47,48,46,44,45,48,45,49,51,46,49,48,50,46,45,44,46,48,45,47,47,48,47,44,45,46,45,47,45,44,46,50,49,49,50,51,49,51,46,45,48,51,53,52,45,44,44,46,48,51,51,48,42,
52,51,51,46,44,49,49,48,47,48,50,42,41,50,50,49,48,47,47,45,47,49,46,47,45,49,47,46,46,48,48,47,48,47,47,43,44,44,43,45,44,45,47,47,49,46,45,45,45,44,48,46,48,46,49,47,48,47,44,47,46,52,46,49,46,49,45,46,49,50,48,51,50,46,47,44,44,45,46,46,47,47,45,44,46,51,47,47,52,49,48,48,51,50,49,44,44,48,46,42,49,46,45,50,45,46,46,47,48,48,50,48,49,47,47,43,45,44,51,48,43,53,48,48,47,51,45,44,43,47,49,44,44,45,49,48,49,47,47,51,42,44,46,48,48,46,50,50,44,47,47,49,48,49,49,43,45,48,48,47,49,51,46,48,46,47,47,51,48,47,46,48,47,50,51,45,46,48,46,46,50,48,44,46,44,51,43,48,47,44,49,46,46,45,47,45,48,51,51,51,47,47,49,45,48,48,50,46,49,49,49,47,49,44,49,44,51,46,45,48,49,45,49,53,49,48,45,47,47,48,46,43,44,43,50,45,45,47,49,51,50,46,46,49,47,49,54,51,51,47,46,46,49,47,46,49,
45,52,52,50,45,49,46,50,46,50,49,49,50,50,50,50,49,46,47,45,47,46,51,48,47,48,47,47,48,46,52,52,49,48,49,47,51,47,47,47,49,45,44,48,49,46,47,49,48,49,49,48,48,49,45,49,51,47,47,48,47,51,48,48,49,47,46,47,50,49,51,49,48,47,48,48,49,49,46,46,46,48,44,43,50,48,46,48,47,50,51,49,47,46,50,46,47,47,49,45,44,45,48,47,47,48,47,49,51,48,52,49,49,48,47,47,50,45,53,50,46,48,50,48,50,47,46,46,46,48,48,46,46,46,47,48,49,52,51,54,43,43,47,47,47,52,52,50,49,45,47,50,48,49,47,44,49,44,49,49,48,46,54,46,51,42,47,47,48,48,44,47,47,49,50,50,48,47,48,48,46,49,50,45,48,45,44,44,46,50,49,47,46,46,49,50,47,45,50,51,49,51,53,45,51,48,48,48,47,53,48,50,49,47,46,47,48,49,46,46,49,45,52,49,49,55,52,48,47,48,44,44,46,44,47,49,46,49,51,51,48,52,46,50,49,52,45,47,52,47,51,47,48,47,47,48,
46,54,51,52,50,48,49,51,47,46,46,50,50,50,51,50,49,48,46,49,48,47,46,48,53,49,49,50,48,47,48,50,48,49,50,48,48,47,48,50,45,49,46,50,49,50,47,47,49,46,48,49,51,46,50,49,49,50,48,51,49,51,50,51,48,48,46,49,48,54,49,50,46,47,53,47,50,49,50,51,46,47,45,46,50,49,49,47,49,48,51,49,44,47,48,47,43,48,46,45,51,46,49,47,47,48,49,48,51,49,49,45,50,48,51,48,48,48,49,50,51,47,51,45,50,50,47,53,47,46,49,48,47,47,47,50,49,49,52,52,47,50,46,48,50,47,47,53,45,45,48,48,48,49,48,49,49,50,50,45,49,47,54,52,49,50,48,50,50,47,46,48,48,48,50,47,47,44,49,49,47,50,51,46,50,46,46,47,48,47,50,47,49,48,49,48,47,50,50,52,51,51,51,51,47,49,49,43,49,46,45,46,49,49,45,47,47,50,46,47,46,47,47,52,48,55,53,49,49,50,48,47,46,49,49,48,46,46,50,52,48,49,47,51,51,50,50,48,47,52,50,50,48,50,50,48,
50,47,48,51,51,48,49,47,50,51,47,45,47,53,49,52,51,48,47,49,49,47,50,49,50,52,51,50,49,49,51,51,50,52,48,46,48,47,49,51,52,46,51,49,50,51,52,48,48,49,50,48,51,48,49,52,50,48,48,50,50,49,50,44,51,44,47,45,46,52,54,46,50,47,48,48,47,51,49,52,46,48,52,53,54,51,49,48,47,48,48,50,49,46,45,48,49,50,48,47,46,49,49,51,47,48,49,51,47,51,51,52,46,50,49,45,52,49,51,51,45,45,48,45,52,47,50,51,52,47,47,48,48,52,49,48,48,49,49,52,48,48,49,45,52,48,46,49,46,49,47,49,50,48,48,48,47,47,51,51,46,48,50,52,51,49,50,51,51,49,47,46,52,49,49,51,53,46,49,45,51,50,51,51,50,51,47,48,48,50,50,48,50,49,48,48,51,47,50,51,52,48,52,50,52,50,48,46,45,50,45,47,45,48,52,47,49,49,45,49,47,46,48,52,50,49,50,55,49,50,46,48,50,49,47,48,47,53,51,53,48,49,48,48,51,51,47,49,48,48,54,53,53,54,52,52,
51,48,49,48,51,49,50,48,51,49,51,51,48,49,48,49,51,50,49,48,49,50,49,48,51,50,54,52,55,49,52,51,51,49,48,48,47,51,48,50,53,51,52,54,51,50,51,48,48,50,52,52,49,47,49,50,52,49,52,51,53,50,51,50,46,50,46,46,48,52,55,51,53,49,54,45,48,51,49,51,49,48,49,52,54,52,53,50,51,48,52,52,50,47,47,48,49,48,49,52,48,51,51,51,48,51,51,51,51,48,51,51,52,50,51,51,45,52,50,52,47,46,50,50,52,51,49,52,47,48,47,49,51,51,51,53,50,51,50,52,54,49,50,52,47,46,48,49,48,51,52,51,49,47,49,48,47,47,47,52,48,47,51,49,51,52,50,51,52,50,47,48,51,52,49,51,51,49,47,47,49,52,50,49,51,51,52,48,47,50,51,49,50,50,47,50,54,55,50,52,52,51,50,47,50,50,49,53,46,45,46,48,51,46,49,48,48,48,48,49,50,49,52,47,50,49,49,49,48,50,47,50,47,49,49,49,49,49,52,52,53,51,49,50,50,52,49,47,52,49,53,54,51,53,51,52,
52,53,49,49,48,52,54,52,50,52,49,52,48,48,49,50,51,50,48,49,52,51,48,53,55,54,52,54,54,53,51,51,52,49,51,49,51,52,51,49,51,52,51,54,54,56,53,49,48,50,51,53,53,48,50,49,53,47,51,55,52,50,50,51,52,49,52,52,47,48,48,55,54,51,51,54,48,46,53,50,50,52,52,53,53,50,55,49,49,51,53,51,49,51,52,49,50,50,49,51,52,48,51,50,48,49,51,52,51,52,51,50,52,52,50,52,50,52,49,51,50,47,50,47,50,50,48,50,48,49,49,48,52,55,54,54,51,51,47,51,56,51,50,53,47,49,48,48,49,52,53,53,49,50,51,50,50,49,47,52,49,47,47,53,51,49,51,53,48,52,52,48,51,52,50,52,52,50,50,47,49,49,51,51,50,50,51,51,49,53,48,50,53,50,50,50,55,55,56,54,52,52,53,50,54,55,53,53,48,49,47,49,48,47,49,50,49,49,54,49,47,45,52,52,50,49,49,50,51,50,55,51,50,48,49,51,50,48,47,55,50,49,50,51,50,51,53,48,53,51,50,53,52,51,54,53,
51,54,51,50,49,49,50,53,52,50,52,50,50,51,50,54,51,51,51,51,49,52,49,53,54,48,47,54,52,49,53,52,54,50,51,52,54,48,47,50,52,51,53,54,54,53,53,49,52,50,51,53,54,51,50,51,54,53,55,56,53,54,55,51,55,49,51,52,50,48,50,48,50,52,50,49,49,47,50,54,51,53,51,53,53,52,53,53,47,50,53,55,56,50,56,47,49,51,49,52,49,53,50,51,49,50,49,54,53,51,52,49,54,51,52,51,52,51,51,52,50,52,50,50,48,47,52,50,53,52,50,51,49,49,49,51,51,51,52,52,54,52,53,48,47,52,51,53,48,48,54,52,53,53,53,51,51,50,51,52,50,50,48,52,52,50,51,52,49,53,53,54,52,54,54,50,52,52,52,49,53,49,50,54,51,50,52,51,50,54,51,49,49,50,49,50,52,52,56,52,54,53,56,51,54,53,52,54,51,52,52,48,49,53,49,54,51,50,49,49,47,49,53,51,52,51,53,50,49,52,50,50,50,49,52,50,50,49,48,56,51,54,50,52,51,51,51,52,54,53,50,52,54,53,54,53,
49,55,51,53,54,49,52,52,51,50,52,52,54,53,51,51,52,54,53,52,52,51,52,53,54,53,49,52,53,51,54,54,50,50,51,52,53,48,48,52,52,53,51,57,55,52,49,50,52,50,51,53,53,52,52,51,53,49,50,53,52,56,51,55,55,55,51,51,50,51,51,50,51,49,51,51,49,53,48,49,50,52,51,52,49,51,53,54,51,52,54,50,53,55,52,58,50,50,51,53,50,51,54,51,53,52,53,54,52,52,54,53,52,54,49,54,53,53,50,50,50,52,52,51,52,51,52,53,51,53,50,53,50,50,55,55,51,53,49,53,52,57,55,54,48,52,53,53,53,50,56,53,51,53,56,56,53,54,52,53,50,52,52,52,54,50,50,51,53,54,56,53,55,52,55,54,52,54,52,52,54,53,57,51,53,51,53,51,50,53,53,50,53,50,49,52,53,53,51,53,53,54,53,52,52,52,57,52,52,52,51,53,49,54,50,55,55,56,53,50,48,51,53,53,51,50,53,54,52,54,52,51,50,52,52,52,51,52,51,50,50,53,55,52,52,53,55,52,52,51,54,52,54,53,54,54,
50,53,50,54,54,51,52,51,53,51,52,53,55,55,52,52,52,54,52,54,50,51,54,50,54,54,54,54,53,47,53,55,52,57,57,55,54,54,54,53,53,55,52,52,58,53,52,50,50,50,57,52,51,55,51,51,52,49,53,54,52,55,54,52,52,52,50,51,50,53,50,49,51,48,52,53,51,54,50,50,51,49,53,52,55,53,50,53,51,55,54,51,54,55,56,57,56,52,51,51,53,52,52,51,52,53,53,52,50,55,52,53,53,53,53,51,53,51,54,52,51,51,53,53,51,54,51,51,52,54,55,54,51,51,56,55,52,53,54,53,53,54,53,53,53,53,54,57,53,57,50,51,56,51,56,53,53,54,51,54,53,54,49,52,55,53,50,51,52,56,54,53,52,52,53,53,54,56,55,58,54,53,52,54,54,52,50,52,51,54,55,54,53,52,53,53,54,54,57,55,54,54,52,53,53,52,53,52,52,56,53,54,52,50,51,51,53,52,56,54,53,51,53,53,51,53,53,53,54,56,54,52,54,54,56,52,52,52,53,49,54,50,51,55,52,53,53,55,55,52,52,53,55,53,55,55,
50,50,56,57,55,51,54,52,55,54,52,52,51,52,59,52,53,53,56,51,53,55,55,50,54,54,56,54,55,52,53,54,54,51,54,51,56,54,52,53,54,54,52,58,53,51,54,51,51,51,55,58,53,54,52,52,54,50,54,53,53,52,57,54,53,53,52,52,52,56,53,53,51,53,54,51,52,52,55,50,52,51,55,52,55,53,50,51,53,55,53,54,51,55,59,56,57,51,55,52,51,53,54,51,52,53,56,53,52,55,55,51,56,55,54,54,53,53,54,52,52,52,53,54,54,53,54,57,56,55,54,53,52,51,55,52,57,52,57,53,54,54,57,53,56,54,52,56,53,56,52,53,57,51,52,54,57,53,51,51,52,54,52,52,54,54,52,50,52,51,53,56,52,53,55,52,54,57,56,56,57,57,53,52,52,54,51,52,50,54,55,55,53,53,52,53,53,54,55,50,54,54,54,54,54,54,50,51,49,53,56,54,53,54,54,55,52,56,52,53,53,50,53,54,53,52,53,58,55,54,52,50,55,55,57,56,53,50,54,50,54,55,54,54,54,53,54,53,52,56,55,54,54,53,55,53,
55,54,53,56,55,54,54,54,55,52,52,53,54,53,56,55,56,54,53,55,53,52,53,56,55,55,57,56,52,52,53,52,54,55,54,52,55,55,53,52,53,52,55,53,54,53,56,51,52,55,53,58,54,54,52,52,54,53,54,54,54,53,53,55,51,52,54,52,52,53,53,56,49,49,55,53,53,53,53,54,53,55,55,53,53,53,53,51,52,56,54,55,52,55,59,59,56,58,52,51,54,53,54,52,52,52,52,56,55,56,56,56,55,53,55,56,56,53,53,53,54,53,53,54,55,55,54,56,54,56,54,53,53,53,55,54,53,52,51,55,50,55,58,55,56,54,53,55,56,58,54,52,54,53,54,53,53,53,53,52,52,55,52,52,53,52,53,55,53,56,53,57,52,53,55,53,55,51,53,52,56,58,54,58,52,54,56,52,52,54,52,54,55,55,57,53,52,52,55,51,54,55,56,54,54,55,56,53,52,55,55,57,56,54,52,55,51,52,52,53,59,51,52,53,53,52,54,55,55,52,55,53,54,55,53,51,54,55,54,55,54,56,55,53,53,54,52,54,53,53,56,55,55,55,53,54,
55,53,55,54,52,56,54,54,57,57,53,56,56,53,57,56,54,55,53,56,51,54,54,56,53,54,53,55,56,53,57,54,54,55,53,52,57,51,53,52,54,53,56,56,53,54,53,53,56,54,57,53,55,54,53,59,55,59,56,56,55,56,53,54,53,54,54,55,55,55,54,55,50,53,56,56,54,54,57,55,57,56,54,54,56,55,54,55,53,53,53,55,54,53,55,56,57,55,59,51,57,53,55,55,54,57,56,56,57,56,58,54,55,53,54,55,53,56,55,56,55,56,58,54,56,54,55,54,55,56,54,54,54,55,55,55,52,53,53,52,51,51,53,55,53,54,54,56,56,55,58,57,54,52,55,53,54,55,55,55,56,52,55,51,53,56,57,56,57,52,55,54,53,53,57,54,56,52,53,56,53,53,55,58,54,59,56,57,54,55,53,56,54,55,54,55,56,53,56,55,55,53,55,57,56,51,56,54,56,56,55,55,56,58,55,55,54,56,52,52,53,52,57,53,54,53,53,57,56,55,53,54,51,56,56,53,53,53,52,52,53,55,52,51,54,52,53,55,54,57,54,54,57,54,54,54,
56,55,57,57,53,53,56,55,55,56,54,54,57,57,58,54,55,55,55,54,52,55,55,53,54,57,55,56,55,54,57,54,55,59,53,58,56,57,57,54,53,54,55,56,57,52,54,55,54,57,57,54,56,54,57,60,60,59,57,56,55,54,56,54,54,56,55,56,54,55,56,56,55,57,57,56,54,55,55,55,54,53,57,56,57,56,54,55,55,53,55,56,53,54,55,56,58,56,59,56,57,56,54,59,55,55,56,54,58,54,56,61,58,56,57,57,54,57,62,55,57,57,58,55,57,56,55,53,56,56,56,53,54,54,55,56,54,53,53,53,58,56,52,57,54,57,53,53,58,55,57,55,54,53,56,57,54,58,53,56,56,55,55,56,54,54,52,51,58,54,54,55,55,57,58,57,53,53,53,52,54,55,56,57,52,55,57,55,57,55,55,55,55,55,58,55,57,57,53,56,55,56,56,55,57,58,52,56,55,52,55,55,57,56,55,54,54,55,55,56,53,57,58,55,54,56,54,54,56,54,54,56,52,53,54,56,54,56,56,55,56,53,53,54,53,54,54,53,53,53,58,56,57,55,55,55,
53,54,54,55,57,56,54,59,57,56,57,58,58,57,57,57,57,56,54,56,56,57,55,54,56,58,55,59,56,57,58,58,56,61,58,59,57,57,54,57,57,57,57,56,54,56,56,55,55,57,54,55,58,55,56,60,54,54,59,55,55,56,56,54,56,57,57,57,57,56,55,56,56,54,58,56,54,56,55,55,56,57,57,56,56,54,59,58,57,54,55,55,56,55,58,56,56,56,56,56,55,57,55,53,56,56,56,55,57,56,55,58,59,59,56,56,54,57,57,57,55,58,57,58,57,57,57,57,56,54,57,54,56,55,55,56,57,58,58,55,57,56,53,53,58,54,55,55,56,58,57,55,55,56,55,57,58,58,57,55,57,56,56,55,58,52,53,53,55,57,55,55,53,58,57,58,57,54,56,56,57,57,56,57,60,56,54,59,57,55,56,56,58,56,57,56,57,54,56,57,55,55,58,56,56,56,58,55,55,57,56,56,60,55,61,56,54,55,58,56,56,57,56,54,55,58,56,59,55,55,55,57,56,53,54,56,55,54,55,55,57,57,59,53,59,57,54,54,53,58,55,56,57,58,56,55,
54,56,54,55,56,56,55,59,55,57,58,57,57,57,58,58,56,57,55,56,55,56,57,56,57,55,56,58,59,54,54,57,57,56,61,58,58,58,55,56,57,58,59,58,54,55,58,57,56,55,54,56,57,57,55,57,56,57,55,58,55,56,58,58,58,57,57,58,58,55,54,57,57,56,55,61,57,56,56,56,58,58,57,57,57,58,56,56,58,56,55,56,56,55,58,56,58,56,56,58,58,57,56,54,56,57,57,57,56,56,62,60,56,56,58,57,59,58,59,55,58,55,54,59,60,57,58,55,57,55,54,54,57,58,54,58,56,55,55,56,56,57,53,55,55,55,55,56,56,56,57,57,56,56,55,57,54,56,57,55,56,55,56,56,56,55,57,55,56,56,55,55,54,58,57,59,59,55,56,59,58,57,57,57,55,57,54,58,58,57,55,56,56,55,59,58,53,57,57,57,59,57,56,56,58,57,55,56,55,55,57,55,57,57,61,55,59,56,57,56,58,56,55,56,57,56,58,59,57,55,56,57,57,58,59,59,57,57,56,56,56,56,59,56,54,58,57,56,55,59,55,60,60,59,57,56,
54,56,54,57,58,57,59,59,59,56,58,59,59,58,61,56,60,56,56,58,58,57,57,55,57,57,58,56,59,58,59,58,58,58,57,60,59,59,57,57,54,58,57,57,56,57,57,57,57,56,57,56,55,58,57,56,57,58,57,58,58,56,57,58,56,58,60,58,59,56,57,56,57,58,56,58,61,59,57,57,60,59,58,56,57,59,58,57,57,57,58,56,57,55,59,57,56,55,58,58,57,57,58,57,59,56,57,57,59,58,56,60,58,57,56,58,57,59,58,59,58,59,55,60,59,58,56,58,57,58,55,54,55,60,57,59,57,57,57,56,56,55,57,54,60,58,59,56,56,57,56,58,57,56,56,58,56,57,58,56,55,56,57,57,57,56,56,56,57,55,57,57,55,55,56,58,58,59,56,57,59,57,54,57,56,57,57,58,57,60,57,57,61,57,56,58,57,56,57,57,55,58,58,58,59,60,59,58,55,60,56,58,56,58,55,56,57,59,60,56,58,57,58,58,57,58,58,58,57,58,57,55,58,57,59,57,59,59,55,57,59,57,57,56,59,59,58,55,56,60,56,59,57,58,58,58,
58,57,55,58,56,56,61,60,60,60,56,56,59,58,59,57,61,61,58,59,58,58,58,60,56,59,57,58,58,58,59,59,60,59,57,58,60,60,56,57,55,56,57,58,61,56,58,59,57,57,58,58,56,57,58,60,58,58,59,59,59,62,57,58,57,60,62,58,60,60,59,60,57,56,58,61,59,58,59,60,60,59,59,59,59,58,57,57,58,58,58,58,58,59,58,57,56,57,58,59,58,57,58,58,58,58,58,56,60,57,57,61,63,57,57,58,59,60,56,58,57,58,60,58,59,60,59,58,58,59,58,58,56,57,56,57,57,57,56,57,57,56,58,57,60,56,60,58,57,57,57,58,57,59,58,57,57,58,58,58,58,57,57,55,57,58,57,56,57,58,56,56,58,59,57,56,59,58,61,57,60,59,58,57,57,59,58,59,58,57,61,62,59,57,56,57,57,57,60,61,56,58,58,58,59,60,57,58,57,56,59,57,60,58,58,58,57,56,61,57,56,58,57,58,56,59,59,59,59,57,58,60,60,59,57,59,60,57,56,57,58,57,58,57,58,58,58,59,57,60,59,56,57,58,56,58,
60,58,56,56,57,60,57,58,60,61,58,57,59,59,57,58,58,61,59,61,59,59,58,59,60,59,58,59,61,61,60,59,60,60,57,57,59,61,58,59,57,58,57,60,59,60,57,59,58,59,59,59,58,58,60,59,59,61,59,60,60,62,56,59,62,60,60,62,59,60,58,60,57,57,57,58,60,60,60,60,60,59,58,59,59,58,59,58,58,57,60,59,60,60,60,59,57,58,58,60,60,59,59,58,59,57,58,57,59,58,58,58,58,57,58,56,58,59,57,62,58,58,58,59,61,60,61,60,59,60,59,58,58,58,61,59,58,62,61,59,60,57,57,58,60,61,57,59,59,59,57,59,57,58,60,59,58,58,59,58,57,58,56,56,56,58,59,58,58,60,57,58,58,59,57,58,57,58,59,59,59,56,59,59,57,59,60,58,58,59,58,56,59,60,57,58,59,63,59,58,61,57,59,57,59,58,58,59,60,60,59,59,60,57,59,59,59,59,57,59,57,59,60,60,57,61,60,60,60,60,58,58,59,57,59,59,58,59,59,58,58,60,57,58,58,57,59,59,57,59,60,60,60,58,56,59,
59,60,61,61,59,59,60,60,63,61,59,58,58,60,58,60,58,58,60,60,58,60,58,61,61,59,59,60,61,61,59,59,57,61,60,59,59,62,61,60,60,61,58,62,60,62,60,60,59,59,58,60,58,61,59,59,58,62,58,58,59,61,60,60,60,63,59,60,60,58,61,59,59,60,58,58,58,59,60,60,60,58,59,60,59,60,62,60,57,60,58,60,60,59,59,61,59,58,59,59,60,59,59,60,58,59,60,58,58,58,59,58,58,60,60,58,59,61,58,62,59,57,59,62,60,59,59,59,60,61,60,59,58,58,59,60,60,60,60,59,58,60,60,58,58,62,57,63,59,57,59,59,59,59,58,60,58,59,59,60,58,59,60,57,60,59,62,59,58,59,58,60,61,61,59,59,60,59,57,60,58,61,59,60,59,62,62,58,59,59,59,58,62,59,60,62,60,59,59,59,58,59,60,58,60,59,62,60,60,59,59,58,60,60,60,60,62,59,57,60,59,59,59,61,58,58,60,61,61,60,59,61,60,60,59,60,59,59,60,60,60,60,60,60,59,58,61,59,58,59,58,61,59,62,59,58,
59,60,62,60,60,60,59,62,59,60,59,60,60,62,58,60,59,59,60,61,62,60,60,60,61,58,64,61,61,58,60,60,58,58,61,59,61,60,58,60,60,59,60,61,59,61,59,59,59,59,60,62,58,59,60,59,59,59,60,58,59,62,59,62,60,61,61,62,61,59,60,61,60,59,60,61,63,59,61,61,60,61,62,62,61,60,61,62,61,63,61,60,61,60,61,62,60,59,62,58,60,60,61,60,60,62,59,61,59,59,61,59,59,63,60,61,60,60,59,59,60,62,58,61,59,62,62,61,58,61,60,59,59,62,59,60,62,59,60,59,58,60,61,61,59,61,63,58,59,59,58,61,58,61,60,61,60,59,59,58,63,60,60,60,63,61,60,61,59,59,59,60,60,59,60,62,58,60,58,62,63,60,60,62,60,60,62,61,61,60,59,60,61,61,59,62,62,60,60,60,61,59,59,59,58,59,59,60,60,61,59,59,63,61,58,62,61,63,62,62,59,59,60,60,59,59,59,59,59,61,62,61,62,60,62,60,61,59,60,58,59,61,62,59,61,60,60,59,59,61,59,59,61,60,60,59,
62,62,62,61,60,60,61,60,62,60,59,62,59,61,60,60,61,61,60,62,60,61,61,61,60,61,64,61,61,60,59,61,62,61,61,61,59,59,60,60,60,61,62,61,60,61,60,61,61,60,59,62,61,60,61,62,62,62,61,60,61,62,60,60,59,61,61,61,61,62,63,62,61,61,60,62,59,60,61,64,63,63,61,63,62,63,60,62,61,61,61,61,61,61,62,60,62,61,61,61,60,59,61,61,62,62,64,63,62,62,61,62,60,60,61,61,61,60,60,60,61,60,63,60,63,61,61,61,60,60,60,60,61,61,62,61,62,63,62,60,61,61,61,61,63,61,63,60,59,60,60,63,62,60,61,61,59,61,61,63,59,60,61,60,61,61,61,60,59,61,61,61,61,60,60,62,62,59,63,61,63,61,61,61,62,59,64,61,61,60,62,63,61,61,61,59,60,62,61,61,63,60,61,60,60,63,60,60,61,60,60,60,62,60,61,60,61,61,60,64,60,60,60,59,61,61,59,62,62,60,61,60,60,61,62,60,61,60,62,61,60,59,61,60,59,61,60,60,60,62,62,60,60,61,62,61,
63,61,62,62,61,61,61,61,61,61,60,62,61,61,64,63,62,64,62,60,61,62,61,63,63,62,61,62,62,62,63,62,62,63,62,62,62,62,62,60,61,61,62,61,62,60,62,62,62,61,62,63,61,61,63,60,62,62,61,61,61,61,60,62,61,61,62,62,64,62,60,61,61,61,61,60,61,61,61,62,60,64,60,63,63,60,61,61,63,61,62,62,62,62,60,62,61,61,61,61,61,60,61,62,62,61,62,61,60,62,62,61,62,62,63,60,62,61,61,62,63,62,61,63,61,63,60,60,61,61,62,62,62,60,62,62,62,63,62,60,62,63,62,60,61,63,62,61,61,60,61,63,63,63,62,62,63,61,61,61,61,63,62,61,61,61,61,61,61,61,61,62,64,61,61,62,60,63,63,62,62,61,62,62,62,60,61,63,62,62,61,63,63,61,61,60,60,62,60,60,61,61,61,60,60,61,60,62,61,64,60,61,63,60,62,63,62,62,63,63,62,61,62,61,60,62,63,60,61,62,62,62,61,62,60,61,60,63,60,61,62,61,62,62,62,61,61,61,62,63,61,61,63,62,60,61,
62,62,61,62,61,62,62,63,61,62,61,61,62,61,61,62,64,62,61,63,61,63,62,63,63,62,62,63,61,62,64,62,62,62,61,63,61,63,61,62,62,63,61,63,62,62,61,63,63,62,63,63,62,62,61,62,62,62,62,61,62,62,61,63,61,62,62,61,61,61,62,61,62,62,62,62,61,61,62,63,61,61,62,62,62,61,61,64,64,62,62,64,62,63,63,61,62,61,62,61,61,63,61,62,62,62,63,61,61,61,63,63,61,63,62,62,61,61,61,62,63,62,62,63,61,62,63,62,62,61,62,63,64,63,62,63,63,62,61,63,63,63,62,62,62,62,61,62,61,61,62,62,62,61,62,61,63,61,62,63,62,62,63,61,63,62,61,63,62,62,62,62,63,63,63,62,62,62,63,61,62,63,62,62,63,63,62,62,63,62,62,62,63,61,62,62,61,63,61,63,62,61,62,61,64,61,63,62,62,63,61,61,63,61,62,63,62,61,62,61,61,61,62,63,62,63,64,63,62,61,62,63,63,61,62,63,62,64,62,63,62,62,63,62,63,62,62,61,62,61,63,62,62,63,62,62,
62,62,64,62,62,64,63,62,63,63,62,64,62,63,64,62,63,63,63,63,63,63,63,64,62,64,63,63,62,63,62,64,63,62,62,62,63,62,62,63,62,62,62,62,62,63,62,63,64,62,62,63,62,62,63,63,63,62,63,62,63,62,63,62,62,62,63,62,63,62,63,63,63,62,62,62,64,62,62,63,63,63,63,64,63,64,63,63,64,63,62,64,63,62,62,62,63,62,63,64,64,63,64,63,64,62,64,63,62,62,63,64,64,63,63,63,63,63,62,63,63,63,63,62,62,62,62,63,62,62,62,63,62,63,63,63,63,62,62,63,63,63,63,62,63,64,62,62,63,63,63,62,63,63,63,63,62,62,62,63,63,63,63,62,63,62,62,62,63,62,63,64,62,62,62,64,63,62,62,63,63,64,63,62,62,62,63,62,62,62,62,62,64,63,63,63,62,63,63,62,62,62,62,62,62,64,64,63,62,63,62,63,62,63,62,62,63,62,64,62,63,63,63,64,62,64,63,63,63,63,62,63,63,63,63,63,63,62,62,62,63,63,62,63,63,64,64,62,62,62,62,63,62,63,62,62,
64,63,63,64,63,64,63,64,63,63,63,63,63,63,63,64,64,64,64,64,64,63,64,64,63,63,64,63,63,63,64,63,64,63,63,63,63,64,64,63,64,63,63,63,64,63,63,63,63,63,64,64,63,63,63,63,63,64,63,63,63,63,64,63,63,64,64,63,63,63,63,64,63,63,63,63,64,64,63,63,63,63,63,64,63,63,64,63,63,63,63,63,63,63,63,63,63,63,64,64,63,64,63,64,63,63,64,64,63,63,63,64,63,63,63,63,63,63,63,64,63,63,63,63,63,64,63,63,63,63,64,64,64,63,64,63,63,63,64,63,63,63,64,63,64,64,63,63,63,63,63,63,63,64,63,64,63,63,63,63,63,64,63,64,63,64,63,63,63,64,64,64,64,63,63,63,63,64,63,64,63,63,64,63,64,64,64,63,63,63,64,64,63,63,64,63,64,64,63,63,63,64,63,64,63,63,63,63,63,64,63,63,64,63,64,63,63,63,64,64,64,64,63,63,64,63,64,64,63,64,64,63,63,64,64,63,63,64,63,64,63,63,63,64,63,64,64,63,63,64,63,63,63,64,63,63,
64,64,64,64,64,64,64,64,64,64,64,64,64,64,64,64,64,64,64,64,64,64,64,64,64,64,64,64,64,64,64,64,64,64,64,64,64,64,64,64,64,64,64,64,64,64,64,64,64,64,64,64,64,64,64,64,64,64,64,64,64,64,64,64,64,64,64,64,64,64,64,64,64,64,64,64,64,64,64,64,64,64,64,64,64,64,64,64,64,64,64,64,64,64,64,64,64,64,64,64,64,64,64,64,64,64,64,64,64,64,64,64,64,64,64,64,64,64,64,64,64,64,64,64,64,64,64,64,64,64,64,64,64,64,64,64,64,64,64,64,64,64,64,64,64,64,64,64,64,64,64,64,64,64,64,64,64,64,64,64,64,64,64,64,64,64,64,64,64,64,64,64,64,64,64,64,64,64,64,64,64,64,64,64,64,64,64,64,64,64,64,64,64,64,64,64,64,64,64,64,64,64,64,64,64,64,64,64,64,64,64,64,64,64,64,64,64,64,64,64,64,64,64,64,64,64,64,64,64,64,64,64,64,64,64,64,64,64,64,64,64,64,64,64,64,64,64,64,64,64,64,64,64,64,64,64,