[64, 256, 128]
0,0,0,0,0,0,0,0,0,0,0,0,0,0,0,0,0,0,0,0,0,0,0,0,0,0,0,0,0,0,0,0,0,0,0,0,0,0,0,0,0,0,0,0,0,0,0,0,0,0,0,0,0,0,0,0,0,0,0,0,0,0,0,0,0,0,0,0,0,0,0,0,0,0,0,0,0,0,0,0,0,0,0,0,0,0,0,0,0,0,0,0,0,0,0,0,0,0,0,0,0,0,0,0,0,0,0,0,0,0,0,0,0,0,0,0,0,0,0,0,0,0,0,0,0,0,0,0,0,0,0,0,0,0,0,0,0,0,0,0,0,0,0,0,0,0,0,0,0,0,0,0,0,0,0,0,0,0,0,0,0,0,0,0,0,0,0,0,0,0,0,0,0,0,0,0,0,0,0,0,0,0,0,0,0,0,0,0,0,0,0,0,0,0,0,0,0,0,0,0,0,0,0,0,0,0,0,0,0,0,0,0,0,0,0,0,0,0,0,0,0,0,0,0,0,0,0,0,0,0,0,0,0,0,0,0,0,0,0,0,0,0,0,0,0,0,0,0,0,0,0,0,0,0,0,0,
0,0,0,0,0,0,0,0,0,0,0,0,0,0,0,0,0,0,0,0,0,0,0,0,0,0,0,0,0,0,0,0,0,0,0,0,0,0,0,0,0,0,0,0,0,0,0,0,0,0,0,0,0,0,0,0,0,0,0,0,0,0,0,0,0,0,0,0,0,0,0,0,0,0,0,0,0,0,0,0,0,0,0,0,0,0,0,0,0,0,0,0,0,0,0,0,0,0,0,0,0,0,0,0,0,0,0,0,0,0,0,0,0,0,0,0,0,0,0,0,0,0,0,0,0,0,0,0,0,0,0,0,0,0,0,0,0,0,0,0,0,0,0,0,0,0,0,0,0,0,0,0,0,0,0,0,0,0,0,0,0,0,0,0,0,0,0,0,0,0,0,0,0,0,0,0,0,0,0,0,0,0,0,0,0,0,0,0,0,0,0,0,0,0,0,0,0,0,0,0,0,0,0,0,0,0,0,0,0,0,0,0,0,0,0,0,0,0,0,0,0,0,0,0,0,0,0,0,0,0,0,0,0,0,0,0,0,0,0,0,0,0,0,0,0,0,0,0,0,0,0,0,0,0,0,0,
0,0,0,0,0,0,0,0,0,0,0,0,0,0,0,0,0,0,0,0,0,0,0,0,0,0,0,0,0,0,0,0,0,0,0,0,0,0,0,0,0,0,0,0,0,0,0,0,0,0,0,0,0,0,0,0,0,0,0,0,0,0,0,0,0,0,0,0,0,0,0,0,0,0,0,0,0,0,0,0,0,0,0,0,0,0,0,0,0,0,0,0,0,0,0,0,0,0,0,0,0,0,0,0,0,0,0,0,0,0,0,0,0,0,0,0,0,0,0,0,0,0,0,0,0,0,0,0,0,0,0,0,0,0,0,0,0,0,0,0,0,0,0,0,0,0,0,0,0,0,0,0,0,0,0,0,0,0,0,0,0,0,0,0,0,0,0,0,0,0,0,0,0,0,0,0,0,0,0,0,0,0,0,0,0,0,0,0,0,0,0,0,0,0,0,0,0,0,0,0,0,0,0,0,0,0,0,0,0,0,0,0,0,0,0,0,0,0,0,0,0,0,0,0,0,0,0,0,0,0,0,0,0,0,0,0,0,0,0,0,0,0,0,0,0,0,0,0,0,0,0,0,0,0,0,0,
0,0,0,0,0,0,0,0,0,0,0,0,0,0,0,0,0,0,0,0,0,0,0,0,0,0,0,0,0,0,0,0,0,0,0,0,0,0,0,0,0,0,0,0,0,0,0,0,0,0,0,0,0,0,0,0,0,0,0,0,0,0,0,0,0,0,0,0,0,0,0,0,0,0,0,0,0,0,0,0,0,0,0,0,0,0,0,0,0,0,0,0,0,0,0,0,0,0,0,0,0,0,0,0,0,0,0,0,0,0,0,0,0,0,0,0,0,0,0,0,0,0,0,0,0,0,0,0,0,0,0,0,0,0,0,0,0,0,0,0,0,0,0,0,0,0,0,0,0,0,0,0,0,0,0,0,0,0,0,0,0,0,0,0,0,0,0,0,0,0,0,0,0,0,0,0,0,0,0,0,0,0,0,0,0,0,0,0,0,0,0,0,0,0,0,0,0,0,0,0,0,0,0,0,0,0,0,0,0,0,0,0,0,0,0,0,0,0,0,0,0,0,0,0,0,0,0,0,0,0,0,0,0,0,0,0,0,0,0,0,0,0,0,0,0,0,0,0,0,0,0,0,0,0,0,0,
0,0,0,0,0,0,0,0,0,0,0,0,0,0,0,0,0,0,0,0,0,0,0,0,0,0,0,0,0,0,0,0,0,0,0,0,0,0,0,0,0,0,0,0,0,0,0,0,0,0,0,0,0,0,0,0,0,0,0,0,0,0,0,0,0,0,0,0,0,0,0,0,0,0,0,0,0,0,0,0,0,0,0,0,0,0,0,0,0,0,0,0,0,0,0,0,0,0,0,0,0,0,0,0,0,0,0,0,0,0,0,0,0,0,0,0,0,0,0,0,0,0,0,0,0,0,0,0,0,0,0,0,0,0,0,0,0,0,0,0,0,0,0,0,0,0,0,0,0,0,0,0,0,0,0,0,0,0,0,0,0,0,0,0,0,0,0,0,0,0,0,0,0,0,0,0,0,0,0,0,0,0,0,0,0,0,0,0,0,0,0,0,0,0,0,0,0,0,0,0,0,0,0,0,0,0,0,0,0,0,0,0,0,0,0,0,0,0,0,0,0,0,0,0,0,0,0,0,0,0,0,0,0,0,0,0,0,0,0,0,0,0,0,0,0,0,0,0,0,0,0,0,0,0,0,0,
0,0,0,0,0,0,0,0,0,0,0,0,0,0,0,0,0,0,0,0,0,0,0,0,0,0,0,0,0,0,0,0,0,0,0,0,0,0,0,0,0,0,0,0,0,0,0,0,0,0,0,0,0,0,0,0,0,0,0,0,0,0,0,0,0,0,0,0,0,0,0,0,0,0,0,0,0,0,0,0,0,0,0,0,0,0,0,0,0,0,0,0,0,0,0,0,0,0,0,0,0,0,0,0,0,0,0,0,0,0,0,0,0,0,0,0,0,0,0,0,0,0,0,0,0,0,0,0,0,0,0,0,0,0,0,0,0,0,0,0,0,0,0,0,0,0,0,0,0,0,0,0,0,0,0,0,0,0,0,0,0,0,0,0,0,0,0,0,0,0,0,0,0,0,0,0,0,0,0,0,0,0,0,0,0,0,0,0,0,0,0,0,0,0,0,0,0,0,0,0,0,0,0,0,0,0,0,0,0,0,0,0,0,0,0,0,0,0,0,0,0,0,0,0,0,0,0,0,0,0,0,0,0,0,0,0,0,0,0,0,0,0,0,0,0,0,0,0,0,0,0,0,0,0,0,0,
0,0,0,0,0,0,0,0,0,0,0,0,0,0,0,0,0,0,0,0,0,0,0,0,0,0,0,0,0,0,0,0,0,0,0,0,0,0,0,0,0,0,0,0,0,0,0,0,0,0,0,0,0,0,0,0,0,0,0,0,0,0,0,0,0,0,0,0,0,0,0,0,0,0,0,0,0,0,0,0,0,0,0,0,0,0,0,0,0,0,0,0,0,0,0,0,0,0,0,0,0,0,0,0,0,0,0,0,0,0,0,0,0,0,0,0,0,0,0,0,0,0,0,0,0,0,0,0,0,0,0,0,0,0,0,0,0,0,0,0,0,0,0,0,0,0,0,0,0,0,0,0,0,0,0,0,0,0,0,0,0,0,0,0,0,0,0,0,0,0,0,0,0,0,0,0,0,0,0,0,0,0,0,0,0,0,0,0,0,0,0,0,0,0,0,0,0,0,0,0,0,0,0,0,0,0,0,0,0,0,0,0,0,0,0,0,0,0,0,0,0,0,0,0,0,0,0,0,0,0,0,0,0,0,0,0,0,0,0,0,0,0,0,0,0,0,0,0,0,0,0,0,0,0,0,0,
0,0,0,0,0,0,0,0,0,0,0,0,0,0,0,0,0,0,0,0,0,0,0,0,0,0,0,0,0,0,0,0,0,0,0,0,0,0,0,0,0,0,0,0,0,0,0,0,0,0,0,0,0,0,0,0,0,0,0,0,0,0,0,0,0,0,0,0,0,0,0,0,0,0,0,0,0,0,0,0,0,0,0,0,0,0,0,0,0,0,0,0,0,0,0,0,0,0,0,0,0,0,0,0,0,0,0,0,0,0,0,0,0,0,0,0,0,0,0,0,0,0,0,0,0,0,0,0,0,0,0,0,0,0,0,0,0,0,0,0,0,0,0,0,0,0,0,0,0,0,0,0,0,0,0,0,0,0,0,0,0,0,0,0,0,0,0,0,0,0,0,0,0,0,0,0,0,0,0,0,0,0,0,0,0,0,0,0,0,0,0,0,0,0,0,0,0,0,0,0,0,0,0,0,0,0,0,0,0,0,0,0,0,0,0,0,0,0,0,0,0,0,0,0,0,0,0,0,0,0,0,0,0,0,0,0,0,0,0,0,0,0,0,0,0,0,0,0,0,0,0,0,0,0,0,0,
0,0,0,0,0,0,0,0,0,0,0,0,0,0,0,0,0,0,0,0,0,0,0,0,0,0,0,0,0,0,0,0,0,0,0,0,0,0,0,0,0,0,0,0,0,0,0,0,0,0,0,0,0,0,0,0,0,0,0,0,0,0,0,0,0,0,0,0,0,0,0,0,0,0,0,0,0,0,0,0,0,0,0,0,0,0,0,0,0,0,0,0,0,0,0,0,0,0,0,0,0,0,0,0,0,0,0,0,0,0,0,0,0,0,0,0,0,0,0,0,0,0,0,0,0,0,0,0,0,0,0,0,0,0,0,0,0,0,0,0,0,0,0,0,0,0,0,0,0,0,0,0,0,0,0,0,0,0,0,0,0,0,0,0,0,0,0,0,0,0,0,0,0,0,0,0,0,0,0,0,0,0,0,0,0,0,0,0,0,0,0,0,0,0,0,0,0,0,0,0,0,0,0,0,0,0,0,0,0,0,0,0,0,0,0,0,0,0,0,0,0,0,0,0,0,0,0,0,0,0,0,0,0,0,0,0,0,0,0,0,0,0,0,0,0,0,0,0,0,0,0,0,0,0,0,0,
0,0,0,0,0,0,0,0,0,0,0,0,0,0,0,0,0,0,0,0,0,0,0,0,0,0,0,0,0,0,0,0,0,0,0,0,0,0,0,0,0,0,0,0,0,0,0,0,0,0,0,0,0,0,0,0,0,0,0,0,0,0,0,0,0,0,0,0,0,0,0,0,0,0,0,0,0,0,0,0,0,0,0,0,0,0,0,0,0,0,0,0,0,0,0,0,0,0,0,0,0,0,0,0,0,0,0,0,0,0,0,0,0,0,0,0,0,0,0,0,0,0,0,0,0,0,0,0,0,0,0,0,0,0,0,0,0,0,0,0,0,0,0,0,0,0,0,0,0,0,0,0,0,0,0,0,0,0,0,0,0,0,0,0,0,0,0,0,0,0,0,0,0,0,0,0,0,0,0,0,0,0,0,0,0,0,0,0,0,0,0,0,0,0,0,0,0,0,0,0,0,0,0,0,0,0,0,0,0,0,0,0,0,0,0,0,0,0,0,0,0,0,0,0,0,0,0,0,0,0,0,0,0,0,0,0,0,0,0,0,0,0,0,0,0,0,0,0,0,0,0,0,0,0,0,0,
0,0,0,0,0,0,0,0,0,0,0,0,0,0,0,0,0,0,0,0,0,0,0,0,0,0,0,0,0,0,0,0,0,0,0,0,0,0,0,0,0,0,0,0,0,0,0,0,0,0,0,0,0,0,0,0,0,0,0,0,0,0,0,0,0,0,0,0,0,0,0,0,0,0,0,0,0,0,0,0,0,0,0,0,0,0,0,0,0,0,0,0,0,0,0,0,0,0,0,0,0,0,0,0,0,0,0,0,0,0,0,0,0,0,0,0,0,0,0,0,0,0,0,0,0,0,0,0,0,0,0,0,0,0,0,0,0,0,0,0,0,0,0,0,0,0,0,0,0,0,0,0,0,0,0,0,0,0,0,0,0,0,0,0,0,0,0,0,0,0,0,0,0,0,0,0,0,0,0,0,0,0,0,0,0,0,0,0,0,0,0,0,0,0,0,0,0,0,0,0,0,0,0,0,0,0,0,0,0,0,0,0,0,0,0,0,0,0,0,0,0,0,0,0,0,0,0,0,0,0,0,0,0,0,0,0,0,0,0,0,0,0,0,0,0,0,0,0,0,0,0,0,0,0,0,0,
0,0,0,0,0,0,0,0,0,0,0,0,0,0,0,0,0,0,0,0,0,0,0,0,0,0,0,0,0,0,0,0,0,0,0,0,0,0,0,0,0,0,0,0,0,0,0,0,0,0,0,0,0,0,0,0,0,0,0,0,0,0,0,0,0,0,0,0,0,0,0,0,0,0,0,0,0,0,0,0,0,0,0,0,0,0,0,0,0,0,0,0,0,0,0,0,0,0,0,0,0,0,0,0,0,0,0,0,0,0,0,0,0,0,0,0,0,0,0,0,0,0,0,0,0,0,0,0,0,0,0,0,0,0,0,0,0,0,0,0,0,0,0,0,0,0,0,0,0,0,0,0,0,0,0,0,0,0,0,0,0,0,0,0,0,0,0,0,0,0,0,0,0,0,0,0,0,0,0,0,0,0,0,0,0,0,0,0,0,0,0,0,0,0,0,0,0,0,0,0,0,0,0,0,0,0,0,0,0,0,0,0,0,0,0,0,0,0,0,0,0,0,0,0,0,0,0,0,0,0,0,0,0,0,0,0,0,0,0,0,0,0,0,0,0,0,0,0,0,0,0,0,0,0,0,0,
0,0,0,0,0,0,0,0,0,0,0,0,0,0,0,0,0,0,0,0,0,0,0,0,0,0,0,0,0,0,0,0,0,0,0,0,0,0,0,0,0,0,0,0,0,0,0,0,0,0,0,0,0,0,0,0,0,0,0,0,0,0,0,0,0,0,0,0,0,0,0,0,0,0,0,0,0,0,0,0,0,0,0,0,0,0,0,0,0,0,0,0,0,0,0,0,0,0,0,0,0,0,0,0,0,0,0,0,0,0,0,0,0,0,0,0,0,0,0,0,0,0,0,0,0,0,0,0,0,0,0,0,0,0,0,0,0,0,0,0,0,0,0,0,0,0,0,0,0,0,0,0,0,0,0,0,0,0,0,0,0,0,0,0,0,0,0,0,0,0,0,0,0,0,0,0,0,0,0,0,0,0,0,0,0,0,0,0,0,0,0,0,0,0,0,0,0,0,0,0,0,0,0,0,0,0,0,0,0,0,0,0,0,0,0,0,0,0,0,0,0,0,0,0,0,0,0,0,0,0,0,0,0,0,0,0,0,0,0,0,0,0,0,0,0,0,0,0,0,0,0,0,0,0,0,0,
0,0,0,0,0,0,0,0,0,0,0,0,0,0,0,0,0,0,0,0,0,0,0,0,0,0,0,0,0,0,0,0,0,0,0,0,0,0,0,0,0,0,0,0,0,0,0,0,0,0,0,0,0,0,0,0,0,0,0,0,0,0,0,0,0,0,0,0,0,0,0,0,0,0,0,0,0,0,0,0,0,0,0,0,0,0,0,0,0,0,0,0,0,0,0,0,0,0,0,0,0,0,0,0,0,0,0,0,0,0,0,0,0,0,0,0,0,0,0,0,0,0,0,0,0,0,0,0,0,0,0,0,0,0,0,0,0,0,0,0,0,0,0,0,0,0,0,0,0,0,0,0,0,0,0,0,0,0,0,0,0,0,0,0,0,0,0,0,0,0,0,0,0,0,0,0,0,0,0,0,0,0,0,0,0,0,0,0,0,0,0,0,0,0,0,0,0,0,0,0,0,0,0,0,0,0,0,0,0,0,0,0,0,0,0,0,0,0,0,0,0,0,0,0,0,0,0,0,0,0,0,0,0,0,0,0,0,0,0,0,0,0,0,0,0,0,0,0,0,0,0,0,0,0,0,0,
0,0,0,0,0,0,0,0,0,0,0,0,0,0,0,0,0,0,0,0,0,0,0,0,0,0,0,0,0,0,0,0,0,0,0,0,0,0,0,0,0,0,0,0,0,0,0,0,0,0,0,0,0,0,0,0,0,0,0,0,0,0,0,0,0,0,0,0,0,0,0,0,0,0,0,0,0,0,0,0,0,0,0,0,0,0,0,0,0,0,0,0,0,0,0,0,0,0,0,0,0,0,0,0,0,0,0,0,0,0,0,0,0,0,0,0,0,0,0,0,0,0,0,0,0,0,0,0,0,0,0,0,0,0,0,0,0,0,0,0,0,0,0,0,0,0,0,0,0,0,0,0,0,0,0,0,0,0,0,0,0,0,0,0,0,0,0,0,0,0,0,0,0,0,0,0,0,0,0,0,0,0,0,0,0,0,0,0,0,0,0,0,0,0,0,0,0,0,0,0,0,0,0,0,0,0,0,0,0,0,0,0,0,0,0,0,0,0,0,0,0,0,0,0,0,0,0,0,0,0,0,0,0,0,0,0,0,0,0,0,0,0,0,0,0,0,0,0,0,0,0,0,0,0,0,0,
0,0,0,0,0,0,0,0,0,0,0,0,0,0,0,0,0,0,0,0,0,0,0,0,0,0,0,0,0,0,0,0,0,0,0,0,0,0,0,0,0,0,0,0,0,0,0,0,0,0,0,0,0,0,0,0,0,0,0,0,0,0,0,0,0,0,0,0,0,0,0,0,0,0,0,0,0,0,0,0,0,0,0,0,0,0,0,0,0,0,0,0,0,0,0,0,0,0,0,0,0,0,0,0,0,0,0,0,0,0,0,0,0,0,0,0,0,0,0,0,0,0,0,0,0,0,0,0,0,0,0,0,0,0,0,0,0,0,0,0,0,0,0,0,0,0,0,0,0,0,0,0,0,0,0,0,0,0,0,0,0,0,0,0,0,0,0,0,0,0,0,0,0,0,0,0,0,0,0,0,0,0,0,0,0,0,0,0,0,0,0,0,0,0,0,0,0,0,0,0,0,0,0,0,0,0,0,0,0,0,0,0,0,0,0,0,0,0,0,0,0,0,0,0,0,0,0,0,0,0,0,0,0,0,0,0,0,0,0,0,0,0,0,0,0,0,0,0,0,0,0,0,0,0,0,0,
0,0,0,0,0,0,0,0,0,0,0,0,0,0,0,0,0,0,0,0,0,0,0,0,0,0,0,0,0,0,0,0,0,0,0,0,0,0,0,0,0,0,0,0,0,0,0,0,0,0,0,0,0,0,0,0,0,0,0,0,0,0,0,0,0,0,0,0,0,0,0,0,0,0,0,0,0,0,0,0,0,0,0,0,0,0,0,0,0,0,0,0,0,0,0,0,0,0,0,0,0,0,0,0,0,0,0,0,0,0,0,0,0,0,0,0,0,0,0,0,0,0,0,0,0,0,0,0,0,0,0,0,0,0,0,0,0,0,0,0,0,0,0,0,0,0,0,0,0,0,0,0,0,0,0,0,0,0,0,0,0,0,0,0,0,0,0,0,0,0,0,0,0,0,0,0,0,0,0,0,0,0,0,0,0,0,0,0,0,0,0,0,0,0,0,0,0,0,0,0,0,0,0,0,0,0,0,0,0,0,0,0,0,0,0,0,0,0,0,0,0,0,0,0,0,0,0,0,0,0,0,0,0,0,0,0,0,0,0,0,0,0,0,0,0,0,0,0,0,0,0,0,0,0,0,0,
0,0,0,0,0,0,0,0,0,0,0,0,0,0,0,0,0,0,0,0,0,0,0,0,0,0,0,0,0,0,0,0,0,0,0,0,0,0,0,0,0,0,0,0,0,0,0,0,0,0,0,0,0,0,0,0,0,0,0,0,0,0,0,0,0,0,0,0,0,0,0,0,0,0,0,0,0,0,0,0,0,0,0,0,0,0,0,0,0,0,0,0,0,0,0,0,0,0,0,0,0,0,0,0,0,0,0,0,0,0,0,0,0,0,0,0,0,0,0,0,0,0,0,0,0,0,0,0,0,0,0,0,0,0,0,0,0,0,0,0,0,0,0,0,0,0,0,0,0,0,0,0,0,0,0,0,0,0,0,0,0,0,0,0,0,0,0,0,0,0,0,0,0,0,0,0,0,0,0,0,0,0,0,0,0,0,0,0,0,0,0,0,0,0,0,0,0,0,0,0,0,0,0,0,0,0,0,0,0,0,0,0,0,0,0,0,0,0,0,0,0,0,0,0,0,0,0,0,0,0,0,0,0,0,0,0,0,0,0,0,0,0,0,0,0,0,0,0,0,0,0,0,0,0,0,0,
0,0,0,0,0,0,0,0,0,0,0,0,0,0,0,0,0,0,0,0,0,0,0,0,0,0,0,0,0,0,0,0,0,0,0,0,0,0,0,0,0,0,0,0,0,0,0,0,0,0,0,0,0,0,0,0,0,0,0,0,0,0,0,0,0,0,0,0,0,0,0,0,0,0,0,0,0,0,0,0,0,0,0,0,0,0,0,0,0,0,0,0,0,0,0,0,0,0,0,0,0,0,0,0,0,0,0,0,0,0,0,0,0,0,0,0,0,0,0,0,0,0,0,0,0,0,0,0,0,0,0,0,0,0,0,0,0,0,0,0,0,0,0,0,0,0,0,0,0,0,0,0,0,0,0,0,0,0,0,0,0,0,0,0,0,0,0,0,0,0,0,0,0,0,0,0,0,0,0,0,0,0,0,0,0,0,0,0,0,0,0,0,0,0,0,0,0,0,0,0,0,0,0,0,0,0,0,0,0,0,0,0,0,0,0,0,0,0,0,0,0,0,0,0,0,0,0,0,0,0,0,0,0,0,0,0,0,0,0,0,0,0,0,0,0,0,0,0,0,0,0,0,0,0,0,0,
0,0,0,0,0,0,0,0,0,0,0,0,0,0,0,0,0,0,0,0,0,0,0,0,0,0,0,0,0,0,0,0,0,0,0,0,0,0,0,0,0,0,0,0,0,0,0,0,0,0,0,0,0,0,0,0,0,0,0,0,0,0,0,0,0,0,0,0,0,0,0,0,0,0,0,0,0,0,0,0,0,0,0,0,0,0,0,0,0,0,0,0,0,0,0,0,0,0,0,0,0,0,0,0,0,0,0,0,0,0,0,0,0,0,0,0,0,0,0,0,0,0,0,0,0,0,0,0,0,0,0,0,0,0,0,0,0,0,0,0,0,0,0,0,0,0,0,0,0,0,0,0,0,0,0,0,0,0,0,0,0,0,0,0,0,0,0,0,0,0,0,0,0,0,0,0,0,0,0,0,0,0,0,0,0,0,0,0,0,0,0,0,0,0,0,0,0,0,0,0,0,0,0,0,0,0,0,0,0,0,0,0,0,0,0,0,0,0,0,0,0,0,0,0,0,0,0,0,0,0,0,0,0,0,0,0,0,0,0,0,0,0,0,0,0,0,0,0,0,0,0,0,0,0,0,0,
0,0,0,0,0,0,0,0,0,0,0,0,0,0,0,0,0,0,0,0,0,0,0,0,0,0,0,0,0,0,0,0,0,0,0,0,0,0,0,0,0,0,0,0,0,0,0,0,0,0,0,0,0,0,0,0,0,0,0,0,0,0,0,0,0,0,0,0,0,0,0,0,0,0,0,0,0,0,0,0,0,0,0,0,0,0,0,0,0,0,0,0,0,0,0,0,0,0,0,0,0,0,0,0,0,0,0,0,0,0,0,0,0,0,0,0,0,0,0,0,0,0,0,0,0,0,0,0,0,0,0,0,0,0,0,0,0,0,0,0,0,0,0,0,0,0,0,0,0,0,0,0,0,0,0,0,0,0,0,0,0,0,0,0,0,0,0,0,0,0,0,0,0,0,0,0,0,0,0,0,0,0,0,0,0,0,0,0,0,0,0,0,0,0,0,0,0,0,0,0,0,0,0,0,0,0,0,0,0,0,0,0,0,0,0,0,0,0,0,0,0,0,0,0,0,0,0,0,0,0,0,0,0,0,0,0,0,0,0,0,0,0,0,0,0,0,0,0,0,0,0,0,0,0,0,0,
0,0,0,0,0,0,0,0,0,0,0,0,0,0,0,0,0,0,0,0,0,0,0,0,0,0,0,0,0,0,0,0,0,0,0,0,0,0,0,0,0,0,0,0,0,0,0,0,0,0,0,0,0,0,0,0,0,0,0,0,0,0,0,0,0,0,0,0,0,0,0,0,0,0,0,0,0,0,0,0,0,0,0,0,0,0,0,0,0,0,0,0,0,0,0,0,0,0,0,0,0,0,0,0,0,0,0,0,0,0,0,0,0,0,0,0,0,0,0,0,0,0,0,0,0,0,0,0,0,0,0,0,0,0,0,0,0,0,0,0,0,0,0,0,0,0,0,0,0,0,0,0,0,0,0,0,0,0,0,0,0,0,0,0,0,0,0,0,0,0,0,0,0,0,0,0,0,0,0,0,0,0,0,0,0,0,0,0,0,0,0,0,0,0,0,0,0,0,0,0,0,0,0,0,0,0,0,0,0,0,0,0,0,0,0,0,0,0,0,0,0,0,0,0,0,0,0,0,0,0,0,0,0,0,0,0,0,0,0,0,0,0,0,0,0,0,0,0,0,0,0,0,0,0,0,0,
0,0,0,0,0,0,0,0,0,0,0,0,0,0,0,0,0,0,0,0,0,0,0,0,0,0,0,0,0,0,0,0,0,0,0,0,0,0,0,0,0,0,0,0,0,0,0,0,0,0,0,0,0,0,0,0,0,0,0,0,0,0,0,0,0,0,0,0,0,0,0,0,0,0,0,0,0,0,0,0,0,0,0,0,0,0,0,0,0,0,0,0,0,0,0,0,0,0,0,0,0,0,0,0,0,0,0,0,0,0,0,0,0,0,0,0,0,0,0,0,0,0,0,0,0,0,0,0,0,0,0,0,0,0,0,0,0,0,0,0,0,0,0,0,0,0,0,0,0,0,0,0,0,0,0,0,0,0,0,0,0,0,0,0,0,0,0,0,0,0,0,0,0,0,0,0,0,0,0,0,0,0,0,0,0,0,0,0,0,0,0,0,0,0,0,0,0,0,0,0,0,0,0,0,0,0,0,0,0,0,0,0,0,0,0,0,0,0,0,0,0,0,0,0,0,0,0,0,0,0,0,0,0,0,0,0,0,0,0,0,0,0,0,0,0,0,0,0,0,0,0,0,0,0,0,0,
0,0,0,0,0,0,0,0,0,0,0,0,0,0,0,0,0,0,0,0,0,0,0,0,0,0,0,0,0,0,0,0,0,0,0,0,0,0,0,0,0,0,0,0,0,0,0,0,0,0,0,0,0,0,0,0,0,0,0,0,0,0,0,0,0,0,0,0,0,0,0,0,0,0,0,0,0,0,0,0,0,0,0,0,0,0,0,0,0,0,0,0,0,0,0,0,0,0,0,0,0,0,0,0,0,0,0,0,0,0,0,0,0,0,0,0,0,0,0,0,0,0,0,0,0,0,0,0,0,0,0,0,0,0,0,0,0,0,0,0,0,0,0,0,0,0,0,0,0,0,0,0,0,0,0,0,0,0,0,0,0,0,0,0,0,0,0,0,0,0,0,0,0,0,0,0,0,0,0,0,0,0,0,0,0,0,0,0,0,0,0,0,0,0,0,0,0,0,0,0,0,0,0,0,0,0,0,0,0,0,0,0,0,0,0,0,0,0,0,0,0,0,0,0,0,0,0,0,0,0,0,0,0,0,0,0,0,0,0,0,0,0,0,0,0,0,0,0,0,0,0,0,0,0,0,0,
0,0,0,0,0,0,0,0,0,0,0,0,0,0,0,0,0,0,0,0,0,0,0,0,0,0,0,0,0,0,0,0,0,0,0,0,0,0,0,0,0,0,0,0,0,0,0,0,0,0,0,0,0,0,0,0,0,0,0,0,0,0,0,0,0,0,0,0,0,0,0,0,0,0,0,0,0,0,0,0,0,0,0,0,0,0,0,0,0,0,0,0,0,0,0,0,0,0,0,0,0,0,0,0,0,0,0,0,0,0,0,0,0,0,0,0,0,0,0,0,0,0,0,0,0,0,0,0,0,0,0,0,0,0,0,0,0,0,0,0,0,0,0,0,0,0,0,0,0,0,0,0,0,0,0,0,0,0,0,0,0,0,0,0,0,0,0,0,0,0,0,0,0,0,0,0,0,0,0,0,0,0,0,0,0,0,0,0,0,0,0,0,0,0,0,0,0,0,0,0,0,0,0,0,0,0,0,0,0,0,0,0,0,0,0,0,0,0,0,0,0,0,4,0,0,0,0,0,0,0,0,0,0,0,0,0,0,0,0,0,0,0,0,0,0,0,0,0,0,0,0,0,0,0,0,0,
0,0,0,0,0,0,0,0,0,0,0,0,0,0,0,0,0,0,0,0,0,0,0,0,0,0,0,0,0,0,0,0,0,0,0,0,0,0,0,0,0,0,0,0,0,0,0,0,0,0,0,0,0,0,0,0,0,0,0,0,0,0,0,0,0,0,0,0,0,0,0,0,0,0,0,0,0,0,0,0,0,0,0,0,0,0,0,0,0,0,0,0,0,0,0,0,0,0,0,0,0,0,0,0,0,0,0,0,0,0,0,0,0,0,0,0,0,0,0,0,0,0,0,0,0,0,0,0,0,0,0,0,0,0,0,0,0,0,0,0,0,0,0,0,0,0,0,0,0,0,0,0,0,0,0,0,0,0,0,0,0,0,0,0,0,0,0,0,0,0,0,0,0,0,0,0,0,0,0,0,0,0,0,0,0,0,0,0,0,0,0,0,0,0,0,0,0,0,0,0,0,0,0,0,0,0,0,0,0,0,0,0,0,0,0,0,0,0,0,0,0,0,4,0,0,0,0,0,0,0,0,0,0,0,0,0,0,0,0,0,0,0,0,0,0,0,0,0,0,0,0,0,0,0,0,0,
0,0,0,0,0,0,0,0,0,0,0,0,0,0,0,0,0,0,0,0,0,0,0,0,0,0,0,0,0,0,0,0,0,0,0,0,0,0,0,0,0,0,0,0,0,0,0,0,0,0,0,0,0,0,0,0,0,0,0,0,0,0,0,0,0,0,0,0,0,0,0,0,0,0,0,0,0,0,0,0,0,0,0,0,0,0,0,0,0,0,0,0,0,0,0,0,0,0,0,0,0,0,0,0,0,0,0,0,0,0,0,0,0,0,0,0,0,0,0,0,0,0,0,0,0,0,0,0,0,0,0,0,0,0,0,0,0,0,0,0,0,0,0,0,0,0,0,0,0,0,0,0,0,0,0,0,0,0,0,0,0,0,0,0,0,0,0,0,0,0,0,0,0,0,0,0,0,0,0,0,0,0,0,0,0,0,0,0,0,0,0,0,0,0,0,0,0,0,0,0,0,0,0,0,1,0,0,0,0,0,0,0,0,0,0,0,0,0,0,0,0,0,0,0,0,0,0,0,0,0,0,0,0,0,0,0,0,0,0,0,0,0,0,0,0,0,0,0,0,0,0,0,0,0,0,0,
0,0,0,0,0,0,0,0,0,0,0,0,0,0,0,0,0,0,0,0,0,0,5,0,0,0,0,0,0,0,0,0,0,0,0,0,0,0,0,0,0,0,0,0,0,0,0,2,0,0,0,0,0,0,0,0,0,0,0,0,0,0,0,0,0,0,0,0,0,0,0,0,0,0,0,0,0,0,0,0,0,0,0,0,0,0,0,0,0,0,0,0,0,0,0,0,0,0,0,0,0,0,0,0,0,0,0,0,0,0,0,0,0,0,0,0,0,0,0,0,0,0,0,0,0,0,0,0,0,0,0,0,0,0,0,0,0,0,0,0,0,0,0,0,0,0,0,0,0,0,0,0,0,0,0,0,0,0,0,0,0,0,0,0,0,0,0,0,0,0,0,0,0,0,0,0,0,0,0,0,0,0,0,0,0,0,0,0,0,0,0,0,0,0,0,0,0,0,0,0,0,0,0,2,0,0,0,0,0,0,0,0,0,0,0,0,0,0,0,0,0,0,0,0,0,0,0,0,0,0,0,0,0,0,0,0,0,0,0,0,0,0,0,0,0,0,0,0,0,0,0,0,0,0,0,0,
0,0,0,0,0,0,0,0,0,0,0,0,0,0,0,0,0,0,0,0,0,0,6,6,0,0,0,0,0,0,0,0,0,0,0,0,0,0,0,0,0,0,0,0,2,0,0,3,0,0,0,0,0,0,0,0,0,0,0,0,0,0,0,0,0,0,0,0,0,0,0,0,0,0,0,0,0,0,0,0,0,0,0,0,0,0,0,0,0,0,0,0,0,0,0,0,0,0,0,0,0,0,0,0,0,0,0,0,0,0,0,0,0,0,0,0,0,0,0,0,0,0,0,0,0,0,0,0,0,0,0,0,0,0,0,0,0,0,0,0,0,0,0,0,0,0,0,0,0,0,0,0,0,0,1,0,0,0,0,0,0,0,0,0,0,0,0,0,0,0,0,0,0,0,0,0,0,0,0,0,0,0,0,0,0,0,0,0,0,0,0,0,0,0,0,0,0,0,0,0,0,0,0,0,0,0,2,2,0,1,0,0,0,0,0,0,0,0,0,0,0,0,0,0,0,0,0,0,0,0,0,0,0,0,0,0,0,0,0,0,0,0,0,0,0,0,0,0,0,0,0,0,0,0,0,0,
0,0,0,0,0,0,0,0,0,0,0,0,0,0,0,0,0,0,0,0,0,0,0,7,0,0,0,0,0,0,0,0,0,0,0,0,0,0,0,0,0,0,0,0,0,0,0,0,0,1,0,0,0,0,0,0,0,0,0,0,0,0,0,0,0,0,0,0,0,0,0,0,0,0,0,0,0,0,0,0,0,0,0,0,0,0,0,0,0,0,0,0,0,0,0,0,0,0,0,0,0,0,0,0,0,0,0,0,0,0,1,0,0,0,0,0,0,0,0,0,0,0,0,0,0,0,0,0,0,0,0,0,0,0,0,0,0,0,0,0,0,0,0,0,0,0,0,0,0,0,0,0,0,0,0,0,0,0,0,0,0,0,0,0,0,0,0,0,0,0,0,0,0,0,0,0,0,0,0,0,0,0,0,0,0,0,0,0,0,0,0,0,0,0,0,0,0,0,0,0,0,0,0,0,0,3,3,0,0,0,2,0,0,0,0,0,10,0,0,0,0,0,0,0,0,0,9,0,0,0,0,0,0,0,0,0,0,0,0,0,0,0,0,0,0,0,0,0,0,0,0,0,0,0,0,0,
0,0,0,0,0,0,0,0,0,0,0,0,0,0,0,0,0,0,0,0,0,0,0,7,0,6,0,0,3,0,0,0,0,0,0,0,0,0,0,0,0,3,0,0,0,0,0,0,2,0,0,0,0,0,0,0,0,0,0,0,0,0,0,0,0,0,0,0,0,0,0,0,0,0,0,0,0,0,0,0,0,0,0,0,0,0,0,0,0,0,0,0,0,0,0,0,0,0,0,0,0,0,0,0,0,0,0,0,0,0,0,0,0,0,0,0,0,0,0,0,0,0,0,0,0,0,0,0,0,0,0,0,5,0,0,0,0,0,0,0,0,0,0,0,0,0,0,0,0,0,0,0,0,0,0,0,1,0,0,0,0,0,0,0,0,0,0,0,0,0,0,0,0,0,0,0,0,0,0,0,0,0,0,0,1,0,0,0,0,0,0,0,0,0,0,0,0,0,0,0,0,0,0,0,0,0,0,0,0,0,1,0,0,0,0,0,0,11,0,0,0,0,0,0,0,0,0,10,10,11,0,0,0,0,0,0,0,0,0,0,0,0,0,0,0,0,0,0,0,0,0,0,0,0,0,0,
0,0,0,0,0,0,0,0,0,0,0,0,0,0,0,0,0,0,3,0,0,0,0,0,10,6,9,0,0,0,0,3,6,0,6,0,0,0,0,0,8,0,3,2,2,0,0,3,0,0,0,0,0,0,0,0,0,0,0,0,0,0,0,0,0,0,0,0,0,0,0,0,0,0,0,0,0,0,0,0,0,0,0,0,0,0,0,0,0,0,0,0,0,0,0,0,0,0,0,0,0,0,0,0,0,0,0,0,0,0,0,0,0,0,0,0,0,0,0,0,0,0,0,0,0,0,0,0,0,0,0,0,6,0,0,0,0,0,0,1,0,0,0,0,0,0,0,0,0,0,0,0,0,0,0,0,2,0,0,0,0,0,0,0,0,0,0,0,0,0,0,0,0,0,0,0,0,0,0,0,0,0,0,0,0,5,0,0,0,0,0,0,0,0,0,0,4,0,0,0,0,0,0,0,0,0,0,0,0,0,0,3,0,0,0,0,0,12,0,0,0,0,0,0,0,0,0,11,11,10,9,0,0,0,0,0,0,0,0,0,0,0,0,0,0,0,0,0,0,0,0,0,0,0,0,0,
0,0,0,0,0,0,0,0,0,0,0,0,0,0,0,0,11,0,8,12,0,0,0,0,0,0,9,0,0,6,0,3,0,6,0,0,0,0,2,0,0,4,8,2,0,6,0,0,0,0,0,0,0,0,0,0,0,0,0,0,0,0,0,10,0,0,0,0,8,0,0,0,0,0,0,0,0,0,0,0,0,0,0,0,0,0,0,0,0,0,0,0,0,0,0,0,0,0,0,0,0,0,0,0,0,0,0,0,0,0,0,0,0,0,1,0,0,0,0,0,0,0,0,0,0,0,0,0,0,0,0,0,0,0,0,0,0,0,0,2,0,0,0,0,0,0,0,0,0,0,0,0,0,0,0,0,0,0,0,0,0,0,0,0,0,0,0,0,0,0,0,0,0,0,0,0,0,0,0,0,0,0,0,0,0,6,2,0,0,0,7,0,0,0,0,0,4,0,0,0,0,0,0,0,0,0,0,0,0,0,0,0,0,0,0,0,0,14,0,12,0,0,0,0,0,0,0,0,10,11,0,0,0,0,0,0,0,0,0,0,0,0,0,0,0,0,0,0,0,0,0,0,0,0,0,0,
0,0,0,3,0,0,0,2,0,3,1,0,0,0,0,0,4,1,9,0,12,10,0,0,0,0,0,7,0,0,6,7,0,0,0,0,0,0,0,0,0,0,5,3,0,4,6,0,0,0,0,0,0,0,0,0,2,0,0,0,0,1,0,10,11,0,0,0,0,0,0,0,0,3,0,0,0,0,0,0,0,0,0,0,0,0,0,0,0,0,0,0,0,0,0,0,0,0,0,0,0,0,0,0,1,0,0,8,0,0,0,0,0,0,0,0,0,0,0,0,0,0,0,0,0,0,0,0,0,0,0,0,0,0,0,0,4,0,6,0,0,0,0,4,0,0,0,0,0,0,0,0,0,0,0,0,0,0,0,1,0,0,0,1,0,0,0,0,0,0,0,0,0,1,0,0,0,0,0,0,0,3,1,0,0,6,2,2,2,0,0,0,0,0,0,0,8,4,0,5,1,0,0,8,0,8,0,9,0,0,0,0,0,0,0,0,0,0,0,14,0,9,0,12,0,0,0,0,0,11,2,0,0,0,0,0,0,0,0,0,0,0,0,0,0,0,0,0,0,0,0,0,0,0,0,0,
0,0,0,2,2,1,3,2,0,0,1,0,0,5,0,0,5,5,5,0,0,0,0,0,0,9,0,1,7,7,0,8,10,9,0,6,0,4,0,10,9,9,10,5,0,6,6,7,0,0,0,0,0,0,0,0,3,0,0,5,0,0,5,0,12,0,1,0,0,0,4,12,7,0,7,5,0,0,0,0,0,2,1,0,0,0,0,0,3,0,0,0,0,0,0,0,0,0,0,0,0,0,0,0,0,10,1,11,11,0,0,4,0,0,0,0,0,0,0,0,0,0,0,0,0,0,0,0,0,0,3,0,0,0,7,0,0,8,0,0,0,0,0,0,0,0,0,0,0,0,1,0,1,0,0,0,0,0,0,0,1,0,0,3,0,0,0,5,0,0,0,0,0,2,0,3,4,0,4,4,4,0,1,5,4,6,4,5,3,0,0,5,3,0,0,0,1,7,3,3,5,1,0,0,6,0,0,11,9,13,9,0,0,0,6,0,0,0,0,0,0,13,0,12,0,0,0,0,0,3,3,0,0,0,0,0,0,0,0,0,0,0,0,0,0,0,0,0,0,0,0,0,0,0,0,0,
1,5,0,0,3,0,0,5,5,3,2,3,1,1,7,0,0,0,0,0,0,14,0,0,4,0,4,2,6,7,0,8,4,0,0,5,6,6,6,11,10,9,1,10,2,5,5,8,3,0,0,0,0,0,0,14,0,4,1,0,0,0,13,16,13,0,1,7,9,0,2,6,7,6,8,2,0,0,0,0,2,3,0,0,0,0,0,0,1,6,0,0,0,0,0,0,0,0,0,0,6,0,0,0,0,0,11,7,6,9,0,0,0,0,0,0,0,0,0,0,2,0,0,0,0,0,0,0,0,0,0,3,0,0,4,3,8,0,0,0,0,0,2,0,0,1,0,0,0,1,1,0,0,0,0,4,0,0,0,0,0,1,0,0,3,0,0,0,4,0,0,0,0,0,0,0,0,1,0,4,5,4,0,6,7,5,5,3,6,3,8,0,0,2,0,0,4,4,4,3,8,2,2,7,7,1,0,10,15,11,9,10,0,4,0,7,0,0,6,0,0,3,10,11,0,0,0,0,0,0,0,6,10,0,0,0,0,0,0,0,0,0,0,0,0,0,0,0,0,0,0,0,0,0,0,0,
0,0,7,0,0,8,0,5,6,0,2,0,2,3,2,10,0,0,10,1,1,1,1,5,6,3,1,0,11,4,6,8,8,0,5,0,0,1,0,3,10,8,3,11,1,5,7,6,5,5,0,0,0,0,0,13,1,1,0,0,1,0,2,0,3,11,1,0,7,9,2,9,7,8,7,1,5,0,0,0,0,0,0,0,0,2,0,0,0,7,6,6,0,0,6,8,0,0,0,0,0,0,0,0,0,0,0,4,7,0,5,2,0,0,0,0,4,0,0,0,0,0,0,0,0,0,0,0,0,0,3,0,0,1,0,0,1,6,0,4,0,0,5,2,0,0,0,1,0,1,0,2,5,0,6,6,3,0,0,0,0,0,0,0,0,3,0,0,7,2,0,0,0,0,5,3,0,1,1,2,5,4,3,0,5,7,6,5,4,3,9,0,4,4,3,5,2,2,2,5,2,8,4,0,4,11,12,12,4,12,12,10,11,5,10,6,0,7,8,0,0,6,6,6,3,1,2,0,0,0,0,9,9,0,0,0,0,0,0,0,0,0,0,0,0,0,0,0,0,0,0,0,0,0,0,0,
0,11,8,8,0,7,0,0,0,8,0,4,3,4,1,9,9,0,3,2,2,1,2,1,7,1,4,6,0,12,12,6,9,0,6,1,0,0,1,2,9,8,8,5,2,6,8,8,6,6,1,0,0,0,0,14,0,2,2,2,2,2,3,0,4,1,0,2,2,1,2,9,11,7,3,7,6,6,0,0,0,0,4,0,0,0,1,0,0,0,0,0,7,0,7,0,2,0,0,0,0,6,5,5,10,0,0,0,0,0,6,8,0,8,1,4,4,14,8,3,0,0,0,2,0,0,0,0,0,0,6,0,0,2,3,6,0,4,7,4,0,0,5,4,2,0,0,2,0,1,0,0,3,5,5,3,0,4,4,0,0,0,0,0,0,0,2,0,0,3,6,0,0,0,3,4,1,1,4,2,5,5,7,4,2,6,5,6,0,5,7,5,5,5,4,0,5,4,3,4,11,3,3,6,5,8,12,6,12,12,4,4,12,8,10,10,12,2,0,7,0,6,4,0,5,0,1,8,0,0,0,1,11,10,0,0,0,0,0,0,0,0,0,0,0,0,0,0,0,0,0,0,0,0,0,0,
10,9,13,9,8,5,0,0,2,9,10,5,5,3,1,8,2,0,4,1,1,1,3,2,1,0,4,7,0,14,11,7,7,10,0,3,2,0,3,2,8,1,10,4,5,6,4,4,15,5,6,5,0,0,14,0,0,0,9,3,15,2,1,2,0,2,4,1,4,2,3,7,10,10,9,2,7,0,3,1,0,0,1,0,11,0,1,0,0,0,4,7,1,0,7,0,0,5,0,0,0,6,7,6,10,10,0,0,3,0,7,8,8,7,2,13,5,0,5,10,0,0,3,2,8,1,8,0,1,0,0,0,1,3,4,3,0,0,5,12,4,0,0,0,5,0,0,3,0,4,2,4,0,0,0,6,0,0,0,0,0,0,0,1,0,0,1,0,3,1,0,1,4,4,10,8,2,7,0,3,2,7,3,7,4,7,0,7,7,0,3,3,6,6,6,4,2,8,4,0,7,8,12,4,7,12,10,6,12,7,6,6,5,8,11,10,1,3,7,8,7,6,0,2,6,2,6,8,8,4,0,0,1,13,11,0,12,0,0,0,0,0,0,0,0,0,0,0,0,0,0,0,0,0,0,0,
4,10,13,10,13,6,0,12,0,4,0,11,6,3,8,11,3,9,7,1,5,2,3,3,2,5,4,4,6,7,11,10,8,8,10,5,8,4,2,3,9,9,3,11,7,5,7,6,5,14,7,5,0,0,0,0,0,4,0,0,2,16,3,2,5,0,2,7,2,3,0,10,8,9,10,3,3,9,2,9,9,1,2,0,10,1,5,2,1,6,5,4,7,3,0,0,1,0,3,5,4,4,3,7,11,7,11,11,3,3,5,4,4,8,4,3,7,12,5,8,3,9,6,4,5,8,3,11,1,3,3,5,0,0,7,6,0,0,3,14,3,6,0,0,6,2,0,4,2,0,0,3,5,0,0,1,0,4,0,1,0,0,2,0,0,1,10,1,4,3,2,5,5,4,2,7,8,8,7,4,3,5,4,6,5,5,6,0,0,12,0,6,2,7,9,5,3,8,8,0,12,5,6,12,12,13,8,6,6,7,15,12,7,8,2,11,1,6,6,5,7,7,0,7,4,4,0,0,4,9,0,1,1,1,1,13,12,0,0,0,0,0,0,0,0,0,0,0,0,0,0,0,0,0,0,0,
0,0,11,6,10,15,8,12,4,5,1,0,1,7,10,8,10,8,8,11,2,9,5,7,0,0,0,0,0,2,8,6,7,8,8,7,13,10,4,2,4,12,11,12,6,6,4,6,7,7,7,7,6,8,0,0,5,5,3,0,4,16,4,2,0,1,3,7,2,2,0,11,7,8,9,5,4,4,2,5,10,9,3,3,5,2,3,2,1,0,6,0,6,6,3,5,1,2,4,7,6,3,4,9,5,11,11,12,6,4,13,4,6,5,9,4,8,0,11,0,0,10,0,10,13,8,9,7,9,5,4,5,0,0,6,6,0,0,5,3,14,3,4,7,4,5,3,3,0,3,4,4,1,5,7,4,1,1,4,2,1,0,1,1,0,2,2,2,3,4,3,4,6,2,2,1,1,8,10,8,5,8,6,8,6,6,7,7,4,1,9,1,8,9,5,6,8,0,8,9,0,1,0,0,0,13,13,12,7,16,16,13,13,13,11,3,7,11,7,6,12,8,8,0,8,5,0,0,5,3,3,0,1,2,1,14,13,0,0,0,0,0,0,0,0,0,0,0,0,0,0,0,0,0,0,0,
2,5,0,0,9,9,9,9,6,5,1,1,2,8,2,10,11,4,9,2,12,2,8,7,5,0,0,0,0,2,9,8,10,9,4,8,11,1,4,3,2,6,16,13,7,17,17,12,8,16,5,8,6,8,8,1,6,6,9,4,4,2,17,2,1,2,0,1,2,3,2,0,7,4,9,4,7,5,8,9,5,6,7,4,8,13,10,3,0,3,0,0,7,3,2,3,2,2,5,2,6,4,4,6,9,5,5,12,4,13,13,5,6,6,3,0,9,4,4,0,0,10,0,3,14,10,9,6,10,11,11,10,1,1,7,6,6,16,5,15,4,5,7,7,8,5,3,3,4,6,9,13,5,5,16,2,4,2,2,5,1,0,4,4,2,0,4,3,4,4,5,4,5,4,10,2,3,8,4,10,10,7,6,6,8,3,2,8,7,10,14,9,1,10,1,4,0,8,4,0,9,10,12,0,0,0,6,12,8,10,10,11,12,13,5,4,4,4,12,11,7,11,0,0,8,8,9,0,8,7,7,3,3,2,2,13,12,8,0,0,0,0,0,0,0,0,0,0,0,0,0,0,0,0,0,0,
11,2,0,4,5,8,10,3,12,11,12,2,3,5,4,4,6,7,4,15,3,14,10,6,0,7,6,0,0,0,5,8,11,10,9,4,4,7,5,6,4,14,17,17,8,6,7,15,13,16,7,6,6,10,0,0,1,7,10,1,3,5,3,8,3,3,1,3,2,4,6,1,7,5,6,4,7,7,9,16,9,7,7,5,9,14,10,9,3,7,0,0,0,8,0,6,3,4,3,5,4,5,5,5,6,6,7,4,4,11,7,4,4,3,3,0,0,0,5,0,8,8,8,9,9,10,8,10,10,7,9,3,3,5,0,0,6,11,16,10,6,5,9,6,9,9,8,10,7,7,2,12,14,19,5,1,0,6,3,3,5,2,5,6,5,0,9,15,4,9,7,11,6,5,11,9,4,17,3,8,4,14,10,7,7,0,2,9,9,8,9,11,3,3,2,5,10,5,5,5,1,0,11,13,0,3,0,1,13,6,14,11,7,10,6,5,12,8,12,17,12,4,8,1,0,9,0,2,12,8,11,9,3,4,12,12,13,0,8,0,0,0,0,0,0,0,0,0,0,0,0,0,0,0,0,0,
12,3,3,2,7,5,12,3,3,12,13,8,4,18,7,6,14,7,4,11,4,12,14,8,7,0,0,8,0,0,10,10,11,11,11,8,9,8,8,10,16,14,8,18,9,16,18,7,16,8,8,6,7,7,8,0,1,4,7,2,4,0,14,6,9,1,13,10,3,5,6,7,5,7,7,4,6,7,9,10,7,13,8,5,9,13,8,9,9,0,0,5,0,9,7,8,19,10,12,4,12,16,5,10,6,7,7,6,5,10,11,4,5,7,4,11,0,0,9,0,7,5,7,7,5,13,13,8,8,8,18,4,7,6,7,10,11,2,4,10,17,4,6,6,7,4,9,9,4,9,10,2,6,18,4,2,4,6,7,0,12,12,5,1,3,10,9,16,15,14,10,12,11,12,10,9,8,18,5,9,5,10,18,13,7,10,10,0,10,9,10,4,0,4,5,4,5,1,6,7,5,1,0,0,0,9,6,2,2,1,5,15,9,11,16,7,15,11,13,14,8,5,7,3,3,2,0,2,7,12,8,9,10,4,8,14,9,13,0,0,0,0,0,0,0,0,0,0,8,0,0,0,0,0,0,0,
3,10,3,4,10,12,8,13,5,8,13,22,2,8,8,6,7,8,9,5,8,11,13,3,4,7,0,0,0,0,0,10,5,12,11,8,9,9,9,7,12,9,9,8,17,14,9,8,6,8,6,6,6,6,6,8,9,3,2,2,2,1,6,7,1,1,1,12,6,7,6,14,6,8,8,12,9,8,6,10,12,11,14,10,6,15,9,8,8,8,2,7,6,10,7,5,18,19,7,12,13,11,4,11,11,12,8,8,9,11,12,9,13,6,4,7,6,0,6,7,0,9,8,6,8,9,14,11,9,12,9,10,16,17,7,13,11,11,4,5,5,4,3,4,4,7,5,12,10,11,11,10,6,3,5,5,6,5,10,1,0,5,12,9,5,10,11,13,13,9,11,12,20,14,11,16,8,12,13,5,5,17,18,12,14,12,12,3,5,8,8,4,10,1,5,6,5,6,2,11,7,6,0,11,0,6,3,3,5,5,7,9,10,12,16,14,11,14,14,17,15,18,11,8,6,2,5,8,8,15,13,12,6,8,6,10,14,12,9,7,9,0,0,0,0,0,0,0,9,0,0,0,0,0,0,0,
7,3,4,10,7,12,12,6,21,6,9,8,18,20,9,7,7,4,5,7,9,13,5,5,4,7,5,0,0,8,6,8,6,12,5,9,10,10,10,9,8,10,5,12,14,15,13,9,9,7,9,7,8,7,8,9,9,6,4,12,1,0,8,1,2,1,14,8,7,15,8,7,13,13,7,8,11,9,8,12,7,13,16,15,11,7,11,10,9,1,9,3,8,6,8,7,17,11,11,10,12,12,8,5,13,4,5,9,6,4,7,10,9,7,10,5,6,9,0,7,7,7,8,8,9,10,10,15,6,5,16,16,16,14,12,10,12,18,17,16,17,2,4,5,5,7,8,9,14,11,12,3,13,2,5,8,8,7,9,6,11,13,13,5,4,10,11,13,10,15,15,13,16,7,19,15,17,11,12,9,6,8,18,16,6,4,4,12,4,6,9,2,5,11,9,10,7,6,2,13,12,7,11,8,11,12,4,5,7,8,8,17,10,12,11,15,13,13,15,5,18,18,13,12,7,3,6,1,8,7,15,8,12,14,15,6,11,11,12,9,0,9,0,0,0,0,0,0,0,0,0,6,0,10,0,0,
8,8,6,6,5,23,7,21,22,8,5,14,15,17,15,19,9,6,5,8,8,14,5,6,7,8,3,5,8,2,2,9,7,7,6,8,10,10,8,14,13,11,6,6,12,13,13,14,8,8,11,9,12,7,9,11,9,8,4,8,13,12,10,10,2,9,2,15,1,12,16,15,7,14,10,10,11,12,10,13,9,13,16,17,3,11,4,6,9,12,3,9,11,9,9,14,12,11,11,4,9,7,7,15,14,9,13,12,7,16,8,13,11,13,11,12,11,10,10,10,8,8,7,8,10,3,10,10,7,5,13,17,17,14,17,11,7,14,19,12,18,17,4,6,5,4,8,15,14,13,12,11,10,15,12,6,11,8,8,8,12,13,6,5,6,18,13,18,11,15,10,16,7,9,20,19,19,10,10,9,13,10,3,16,6,5,6,6,5,9,7,3,2,8,7,13,7,10,11,8,13,8,13,9,11,9,6,8,5,5,10,7,10,11,10,12,13,6,6,17,19,5,5,12,11,8,12,5,9,5,5,8,10,13,16,15,8,15,12,14,15,5,0,4,7,0,12,0,0,0,9,12,7,0,0,0,
16,9,7,10,6,24,8,21,22,9,13,12,26,17,15,9,21,15,7,14,13,15,9,7,9,9,5,5,12,6,3,10,4,4,11,14,11,8,9,11,13,13,13,7,14,19,13,15,14,8,10,8,8,5,7,8,10,10,7,5,11,13,3,3,11,10,8,2,4,3,12,17,16,9,11,11,10,11,11,11,8,9,13,17,4,4,4,13,13,10,13,5,4,12,13,11,9,8,19,4,5,9,8,13,14,10,10,5,11,10,10,8,12,13,12,11,7,11,8,6,14,3,9,6,10,10,10,11,13,9,18,18,9,18,13,18,8,10,8,13,12,8,4,17,6,6,5,16,16,12,12,12,14,11,10,12,12,14,11,8,8,8,7,7,5,19,14,13,13,14,10,14,9,8,8,9,13,12,9,12,8,8,10,4,9,5,11,9,7,10,6,7,2,4,8,14,13,13,12,8,8,6,10,12,12,8,8,8,8,5,10,12,10,12,12,10,13,14,7,8,9,5,6,4,15,12,8,10,5,7,11,17,10,14,16,15,14,12,12,15,14,11,0,8,0,0,0,0,0,11,13,12,10,12,0,0,
6,8,18,7,7,14,24,12,23,23,11,6,12,7,16,21,18,19,7,10,14,16,16,15,7,9,8,4,7,13,13,3,11,11,13,11,15,9,16,8,15,17,14,15,15,19,19,12,15,13,12,7,4,6,10,9,12,19,10,12,13,12,4,12,13,11,9,13,4,13,14,14,14,16,13,11,12,11,16,8,12,15,15,14,8,16,12,12,16,14,6,5,5,13,13,11,9,18,19,5,6,8,10,13,14,5,10,6,11,11,17,11,10,14,10,12,12,6,9,6,5,4,7,9,6,12,11,12,11,8,9,8,18,3,18,18,8,10,8,10,14,15,13,6,5,6,6,12,14,17,16,13,12,21,10,11,12,12,14,15,15,9,16,1,22,7,20,12,14,15,12,10,15,16,15,15,14,11,9,9,10,9,9,6,10,8,10,11,10,10,6,4,3,5,4,4,8,13,12,3,9,6,13,14,10,12,8,4,9,11,12,11,10,15,9,9,13,12,12,12,10,8,6,16,15,14,7,7,9,9,12,5,10,11,12,16,15,11,7,16,17,11,15,6,11,11,0,11,12,11,14,14,13,12,12,13,
16,16,8,18,15,14,15,23,23,24,12,14,14,11,7,20,20,7,6,7,10,16,16,14,7,8,6,7,7,13,14,11,4,15,12,10,13,21,17,16,16,12,15,12,15,13,13,15,14,15,14,9,8,7,6,6,6,13,19,6,12,12,13,12,17,16,14,7,13,3,14,13,15,16,16,18,14,12,11,11,18,8,13,17,10,10,13,12,15,16,11,14,15,12,13,12,10,19,10,8,6,9,8,7,14,4,0,11,12,11,11,16,16,12,11,11,7,17,10,16,6,7,7,6,12,12,10,12,10,9,9,8,9,19,18,20,13,9,9,12,11,14,16,13,7,12,11,6,13,14,15,13,10,15,10,13,11,15,15,0,18,16,19,13,19,7,22,14,13,13,15,14,16,17,16,10,16,20,12,10,10,10,9,9,7,10,6,11,20,10,11,10,5,12,11,11,13,15,11,3,3,6,7,18,11,9,21,13,8,14,15,14,14,9,12,10,10,15,9,10,7,13,7,6,17,7,7,8,15,10,7,7,12,11,11,15,15,12,12,16,15,12,11,10,11,15,12,11,7,12,12,15,11,15,15,14,
12,15,12,19,14,14,15,13,26,16,25,13,24,18,12,21,13,15,13,14,11,6,5,5,7,7,7,15,13,14,15,12,5,12,12,11,13,21,21,2,16,17,17,13,13,10,13,15,12,15,15,16,16,9,15,8,7,7,8,7,7,9,18,13,17,6,4,5,14,8,9,14,14,16,19,10,14,11,12,8,12,16,13,12,13,11,16,11,15,15,3,3,14,16,12,13,14,13,10,9,5,9,8,8,5,11,13,2,13,15,13,15,18,15,16,7,8,8,18,17,13,6,8,7,6,16,12,12,14,9,6,10,9,20,19,21,21,13,10,16,12,12,10,10,15,12,12,12,12,12,16,16,10,11,11,12,16,16,13,13,13,19,18,13,19,22,23,11,16,14,11,10,19,17,20,17,20,21,14,11,11,11,13,13,8,12,10,20,20,11,12,16,11,13,14,10,9,14,11,11,19,12,15,19,15,9,21,9,13,16,17,15,14,16,19,8,15,15,11,16,10,7,10,18,7,9,8,12,15,9,8,8,7,12,12,12,9,15,13,13,17,12,12,16,13,12,18,12,0,9,12,12,11,12,16,14,
13,14,16,16,18,20,16,14,26,26,13,17,20,24,24,13,11,12,18,14,15,15,9,6,13,7,7,10,19,14,13,14,11,8,13,12,13,16,5,6,6,11,17,4,16,14,14,9,14,16,16,17,17,16,16,11,8,7,20,8,8,9,20,14,7,7,6,16,6,21,15,16,15,15,19,17,11,13,12,15,14,16,16,12,15,16,12,12,16,15,10,17,10,16,10,11,15,13,12,7,9,6,13,12,7,12,11,3,15,16,13,14,17,16,7,6,13,9,19,12,18,10,7,10,6,16,8,9,9,13,17,7,6,14,20,23,22,12,14,12,9,15,15,14,15,17,12,13,13,13,11,11,11,11,16,11,1,16,16,14,15,15,20,18,18,19,18,15,18,12,19,20,20,19,17,16,20,22,15,21,13,12,11,11,14,11,11,11,11,20,19,18,10,14,15,12,12,16,15,14,12,12,16,16,11,11,9,15,14,16,18,18,22,19,19,10,5,12,12,10,11,8,9,11,19,11,10,10,9,10,21,8,15,15,14,13,14,10,13,14,14,14,14,12,12,14,16,17,15,16,11,13,12,16,15,14,
14,15,13,10,16,21,16,15,13,14,14,18,25,18,15,14,14,13,16,16,13,18,13,6,13,9,5,12,19,19,16,15,9,14,10,11,14,15,16,16,7,12,5,5,16,13,14,13,14,8,18,17,18,10,7,7,7,8,19,21,12,10,22,21,20,8,16,8,7,17,16,16,16,17,20,12,12,17,14,16,11,13,17,13,14,17,14,12,13,20,16,22,12,11,9,11,13,16,16,13,10,10,11,17,12,13,14,12,16,16,16,15,18,15,8,12,14,15,10,14,13,8,17,14,12,7,8,12,10,12,13,21,17,18,10,13,11,10,13,15,11,14,16,15,16,17,14,13,13,13,13,12,9,12,15,14,11,9,13,14,11,18,8,18,13,19,16,19,19,20,14,20,19,17,16,20,16,19,20,22,19,14,12,14,11,11,16,12,12,13,8,8,8,13,13,13,13,17,18,13,13,13,10,17,14,14,13,20,16,17,17,16,14,24,20,20,11,12,12,12,11,11,14,11,13,13,11,10,10,10,19,22,19,10,15,9,8,14,11,14,15,15,18,12,15,16,16,17,15,17,17,13,13,13,14,17,
13,16,18,16,11,13,12,13,14,14,16,15,14,19,13,14,14,14,13,18,13,14,21,9,9,9,8,10,19,20,16,16,16,15,11,11,10,12,16,16,16,13,7,15,21,15,12,15,7,15,15,15,17,9,11,7,7,18,19,17,16,14,8,8,19,18,23,8,22,8,24,17,16,22,18,17,14,12,18,17,11,15,13,14,13,12,14,16,15,17,18,19,15,20,21,9,13,16,16,12,14,13,13,14,12,18,3,15,16,13,18,18,13,16,5,13,12,11,16,18,16,9,14,15,22,12,20,13,11,17,22,22,20,19,12,14,15,12,19,11,11,12,11,14,16,24,12,13,13,12,11,14,13,14,15,12,12,12,17,18,15,9,9,16,25,19,19,21,20,20,20,14,24,18,17,18,18,19,19,13,14,17,19,15,16,15,18,16,16,10,7,12,12,10,14,8,12,15,12,14,16,14,9,18,14,15,14,16,15,15,17,19,21,11,24,9,12,20,12,13,11,13,15,14,13,13,15,12,11,12,16,21,13,15,10,10,15,13,13,18,16,17,16,18,17,17,16,22,20,20,13,17,18,14,16,17,
15,14,13,16,15,20,13,13,17,17,14,17,15,18,15,15,15,13,13,17,14,11,5,9,15,10,19,9,22,17,11,13,16,17,15,13,10,10,17,25,17,12,7,16,20,20,12,11,8,16,19,23,16,17,15,15,16,21,19,18,9,15,19,21,20,17,19,20,22,23,17,24,23,19,16,14,14,13,11,15,12,14,18,16,15,16,21,17,15,21,19,19,17,16,13,14,10,17,14,12,11,15,12,13,19,17,3,18,20,12,14,15,14,16,5,13,13,12,10,15,9,10,14,16,14,15,24,12,22,20,13,22,23,22,20,15,14,19,20,21,16,9,12,14,17,17,8,6,6,20,12,11,12,15,15,16,13,6,5,16,13,19,16,16,15,20,22,21,22,18,21,25,19,20,18,14,18,14,20,18,14,16,18,16,16,13,19,17,17,19,10,8,15,13,13,13,13,17,13,19,14,13,14,16,18,23,17,16,17,17,15,16,22,26,18,18,14,13,17,21,13,16,11,10,13,13,16,21,14,12,19,22,14,21,12,11,20,19,20,22,23,19,21,18,14,17,23,19,20,17,14,17,14,15,14,16,
12,18,17,17,16,16,21,18,17,19,13,14,15,19,18,15,18,18,18,15,13,14,12,13,13,12,7,22,23,20,12,18,13,17,18,12,11,11,18,16,17,12,16,10,11,12,12,17,14,11,16,23,23,16,16,15,17,10,16,19,19,20,9,11,11,17,19,25,23,23,26,23,21,23,19,17,15,15,12,17,13,18,19,15,14,16,18,21,20,14,22,21,12,17,16,14,16,18,16,9,18,16,12,13,18,20,12,19,16,14,15,16,15,16,6,6,8,11,18,15,14,21,17,15,15,16,17,14,22,14,14,24,14,23,15,15,16,17,20,17,16,15,17,16,14,27,27,13,12,14,12,12,18,13,16,12,16,6,14,14,16,13,16,13,20,21,24,20,22,23,22,27,19,19,20,13,14,19,13,17,18,21,20,18,20,14,15,14,18,10,10,9,9,11,16,14,18,15,22,20,14,15,16,17,15,20,20,18,19,19,21,23,17,14,25,21,13,14,18,13,21,21,16,12,14,14,16,21,20,13,16,22,23,18,12,11,19,21,20,16,19,20,17,19,15,22,17,20,20,18,18,19,19,16,17,15,
12,18,13,16,11,24,23,19,20,20,20,15,20,15,19,17,19,21,18,14,8,15,14,14,13,13,13,18,23,18,20,15,14,20,20,12,13,16,14,17,16,12,13,14,11,15,13,16,18,11,12,11,11,19,17,11,22,10,23,21,17,16,17,16,10,12,14,15,17,25,27,23,20,25,22,17,18,17,15,13,18,14,19,18,19,14,19,19,13,19,13,22,14,13,14,14,23,17,16,11,17,9,16,11,19,19,12,12,18,14,18,17,16,14,16,7,19,11,19,16,14,18,19,12,14,15,15,23,21,22,21,14,25,19,16,18,15,18,20,15,18,15,16,15,13,13,26,20,19,12,18,13,18,13,13,13,13,13,16,16,16,24,15,14,14,24,24,23,19,20,28,20,14,15,15,24,22,7,8,18,18,19,18,22,19,21,14,15,15,20,10,11,13,16,16,14,14,10,15,22,19,19,20,21,18,16,20,18,23,15,22,20,22,21,16,17,21,22,16,11,13,22,17,23,21,11,17,14,15,17,17,21,20,13,13,21,21,22,21,14,23,16,19,20,15,22,18,17,20,21,20,20,19,20,20,19,
19,13,14,17,13,24,22,24,23,24,21,10,21,17,16,19,18,20,17,18,9,16,16,13,14,13,14,19,17,20,21,20,17,13,18,18,15,15,14,12,15,14,15,14,13,15,15,11,16,17,11,12,12,11,11,9,21,24,23,21,18,23,17,18,17,16,17,16,18,26,17,24,24,21,20,18,18,15,17,18,18,18,25,19,17,15,21,13,14,19,13,15,22,17,16,14,13,17,16,19,18,19,11,17,14,19,19,19,20,18,16,16,17,15,15,15,21,12,13,17,19,18,20,12,13,11,10,12,17,22,21,23,15,17,20,16,17,20,20,19,15,15,21,16,19,13,18,19,15,15,20,19,22,17,18,15,14,14,15,16,12,15,12,16,22,24,24,15,20,21,21,23,15,15,21,21,21,8,10,9,15,18,18,20,19,19,24,24,23,21,21,23,23,12,16,10,16,20,22,20,20,23,21,21,22,19,19,19,18,25,22,14,20,17,18,23,19,22,16,12,14,13,15,24,23,14,14,21,16,14,17,13,17,16,15,21,22,21,22,14,17,17,17,17,17,17,16,18,20,16,21,20,21,20,20,20,
22,20,17,13,14,16,22,23,24,23,25,13,22,19,22,19,20,18,18,18,11,18,17,16,14,14,15,17,20,17,18,18,21,22,14,14,13,15,14,13,15,16,13,14,16,21,16,16,12,14,15,12,12,11,10,11,21,22,24,21,22,19,20,21,18,15,17,17,22,19,18,15,25,17,23,20,18,18,17,24,21,16,25,14,16,21,20,14,13,14,20,16,12,13,16,16,15,18,17,14,19,19,12,13,20,20,23,19,23,20,21,21,18,16,16,15,17,13,12,12,20,21,20,19,16,19,21,15,16,13,13,13,24,16,18,17,24,21,21,15,17,16,16,16,19,19,17,18,19,20,18,20,17,21,19,15,18,17,16,13,13,18,13,22,21,22,23,29,25,14,15,18,23,16,10,21,21,21,14,19,20,17,17,22,21,19,24,24,22,24,22,16,14,18,17,16,16,20,19,22,22,23,22,22,18,22,19,19,19,25,20,15,22,22,17,12,18,17,17,12,12,14,14,8,24,15,15,22,23,13,17,12,18,13,16,17,21,21,23,23,15,18,17,13,18,19,17,19,16,17,26,23,21,23,20,22,
18,20,18,14,18,17,23,23,14,24,23,24,22,17,20,20,17,19,20,19,14,12,19,15,15,15,20,19,19,19,19,21,19,18,18,23,21,14,16,18,17,15,15,18,17,16,17,10,17,16,15,15,23,10,11,20,22,23,22,22,22,23,21,22,22,15,21,21,19,23,20,19,19,17,16,19,18,17,18,17,22,24,17,15,25,25,21,19,20,19,21,18,15,12,12,12,16,15,20,15,14,17,20,21,20,22,23,21,21,20,19,19,19,20,21,17,16,17,14,20,14,22,20,20,16,20,19,21,9,16,12,18,24,24,24,19,25,23,15,16,17,16,16,24,23,20,22,20,19,21,19,21,21,19,21,27,16,16,16,16,16,20,14,23,17,26,18,23,28,24,17,15,19,19,14,22,22,21,18,14,13,9,17,21,21,20,24,23,23,18,24,17,14,18,18,20,20,17,15,24,20,23,20,20,22,22,22,22,24,25,27,20,18,19,19,18,14,11,18,11,10,8,8,8,16,15,16,15,18,17,14,22,24,18,17,13,24,19,21,23,13,19,23,23,14,20,16,17,14,22,27,17,14,23,22,23,
19,23,21,16,19,18,24,21,24,22,23,16,14,17,20,21,19,18,22,21,19,20,13,12,23,19,20,19,18,21,20,18,22,23,22,19,22,21,15,22,17,15,16,16,18,18,17,11,26,17,18,24,16,23,11,22,21,21,21,21,24,24,23,19,23,24,15,22,18,16,20,19,16,16,27,15,20,18,17,21,29,28,25,16,24,25,25,23,20,22,22,23,19,20,12,22,17,21,14,19,16,17,29,18,13,22,22,23,22,21,17,19,22,20,17,20,21,17,18,18,15,17,19,21,18,21,20,12,10,19,13,15,25,19,24,25,25,23,21,21,21,16,17,23,23,20,22,24,21,21,15,20,21,22,20,17,17,16,16,16,16,20,12,15,23,26,19,17,28,24,26,23,20,15,22,19,20,18,19,15,14,14,14,27,22,22,27,28,24,26,26,17,15,19,19,21,17,18,16,21,22,23,21,23,20,22,25,22,27,25,20,27,21,19,19,19,21,14,14,12,27,11,9,12,21,17,18,20,19,23,18,24,18,18,17,14,25,24,22,23,15,14,19,23,23,19,17,16,23,15,20,19,24,24,22,23,
20,21,20,21,16,21,25,22,23,19,15,17,15,18,22,19,21,20,19,20,21,17,25,13,24,17,16,21,20,18,19,12,18,11,22,23,23,22,20,20,22,19,16,16,21,15,24,12,12,27,18,20,24,25,12,21,22,22,23,25,23,24,25,18,23,20,22,16,16,22,18,24,20,20,26,16,16,16,19,20,20,30,28,19,18,16,25,19,23,12,20,21,21,18,21,20,23,22,19,15,13,30,30,20,20,15,20,22,22,22,18,21,22,21,18,21,21,18,21,19,18,29,27,20,20,19,20,19,17,13,28,19,15,16,25,16,26,25,21,22,16,15,19,22,24,18,22,21,21,20,16,17,21,19,23,17,18,19,29,17,18,20,12,11,25,22,27,21,22,22,21,23,22,22,23,26,20,23,19,14,15,19,14,27,19,28,28,18,17,26,25,13,14,19,18,21,23,20,18,26,21,19,24,24,24,22,20,23,20,25,22,21,19,21,20,20,20,21,13,13,10,14,11,22,22,19,18,18,19,14,18,23,19,19,15,18,18,19,23,24,18,14,22,19,19,17,17,17,18,25,19,21,22,24,19,24,
21,26,24,17,20,12,19,17,24,17,16,17,15,17,22,21,19,23,23,24,23,22,12,24,27,17,17,22,21,17,21,21,11,13,21,19,21,23,19,23,22,24,20,20,22,23,19,25,21,14,21,18,24,23,15,13,18,24,23,21,25,24,23,19,24,24,26,23,26,27,18,19,25,21,20,22,22,20,23,21,21,18,27,29,18,18,18,18,23,22,21,25,19,21,21,20,20,20,18,20,14,18,17,20,24,20,21,22,23,32,19,18,18,18,18,20,23,21,20,19,21,18,20,20,20,20,20,20,20,20,29,27,20,21,25,26,27,19,20,22,23,21,22,23,19,18,22,22,22,21,21,22,19,20,20,24,17,28,18,29,21,20,26,21,19,25,17,21,17,20,20,17,23,17,22,26,22,21,21,24,20,14,21,12,14,13,29,20,28,20,19,18,23,25,21,21,24,21,19,23,21,18,17,29,21,19,20,18,25,30,24,30,30,18,22,22,20,19,21,14,15,13,18,23,23,23,25,19,14,20,20,24,24,20,24,19,18,19,15,24,14,14,24,19,20,14,22,17,20,20,21,23,20,23,20,20,
21,17,25,24,20,21,17,19,13,19,18,19,19,21,18,22,22,18,17,30,24,13,28,15,18,27,29,22,26,25,17,21,12,24,22,20,21,24,19,20,24,25,24,21,22,25,20,21,24,22,28,18,18,24,26,21,15,22,18,26,23,24,25,24,20,27,23,28,27,21,17,19,19,22,23,20,19,21,19,17,21,22,21,20,19,19,19,22,23,15,13,25,21,16,22,22,20,21,19,17,19,14,18,31,24,23,22,20,21,19,32,18,21,19,19,23,23,21,20,19,22,22,23,22,21,21,16,18,28,21,19,27,29,20,24,26,20,20,24,22,23,22,21,22,24,21,19,24,23,25,22,23,27,20,25,25,15,29,30,22,27,20,21,11,11,22,18,19,21,20,23,16,17,17,18,27,25,23,19,24,25,17,19,19,21,20,22,21,20,21,20,26,23,25,22,23,26,27,27,18,23,21,23,30,20,19,21,18,23,26,25,24,22,19,20,22,22,20,22,21,18,29,29,28,19,27,26,19,26,22,21,16,20,24,24,25,19,23,22,25,18,16,19,15,15,15,20,19,22,18,21,22,22,22,23,21,
21,18,27,26,26,22,18,18,14,19,16,16,17,18,22,21,21,19,33,20,29,30,31,14,14,32,30,20,23,24,25,18,21,22,24,23,24,23,21,23,21,22,22,21,24,22,24,24,22,19,21,22,26,26,22,18,16,21,21,20,27,26,25,24,24,26,27,28,28,26,30,23,21,22,22,26,23,23,17,24,17,21,22,20,21,20,21,15,17,21,18,14,26,16,23,23,24,25,15,18,20,18,15,19,27,22,20,21,21,20,22,24,22,20,20,26,24,24,23,16,14,13,25,24,17,15,17,18,29,28,20,17,28,28,20,28,29,27,20,22,25,21,22,24,25,23,21,22,25,26,26,26,21,27,22,20,18,26,29,22,15,27,17,22,27,21,25,19,20,21,20,19,17,17,16,18,18,22,22,25,24,27,21,23,22,21,23,23,19,20,20,22,23,24,22,23,25,17,27,17,24,25,25,24,25,25,24,18,20,16,27,25,16,23,21,16,21,20,20,22,18,29,20,20,20,20,25,27,28,18,22,22,17,26,27,24,21,25,23,23,18,16,16,15,16,23,20,19,22,20,20,22,23,21,23,22,
23,27,29,27,24,27,22,19,19,18,19,19,19,17,15,21,22,22,17,29,30,30,33,33,14,26,32,25,24,25,22,23,22,23,25,28,25,25,20,21,24,19,23,25,25,23,25,24,21,21,21,20,20,26,20,23,21,22,20,20,28,29,26,26,27,26,24,29,29,31,30,22,22,23,22,21,24,29,29,23,18,21,21,21,25,21,26,18,18,21,19,19,26,17,26,25,17,25,17,20,21,19,19,22,21,22,30,30,20,22,24,22,24,20,26,26,24,25,24,26,25,26,15,24,17,19,20,18,26,29,20,20,19,19,20,26,24,20,27,28,26,22,27,25,26,23,21,21,19,23,21,24,27,23,24,19,19,28,22,30,20,16,16,24,25,22,21,22,20,22,17,21,21,21,22,19,20,23,23,30,25,26,17,22,23,25,18,24,20,21,21,22,23,23,24,24,27,28,18,25,17,25,23,24,26,18,21,20,22,23,19,27,27,23,23,18,22,22,18,21,18,23,21,22,19,17,21,24,28,24,20,18,18,23,26,17,19,24,23,21,25,22,22,17,23,22,23,21,23,22,21,21,23,21,22,20,
24,24,30,29,24,25,26,19,22,22,20,19,20,19,18,22,21,27,17,21,32,31,22,34,34,34,33,26,21,20,23,23,24,24,32,31,26,24,25,23,24,22,26,19,26,26,24,25,21,24,25,33,21,27,21,19,19,21,19,16,22,24,25,27,27,28,28,27,28,31,25,23,21,25,26,28,27,26,24,24,19,25,17,22,24,25,26,24,18,24,24,22,21,17,25,27,22,19,18,21,17,25,25,21,22,27,21,21,21,22,26,22,28,26,25,24,29,25,22,27,26,24,32,15,27,22,24,21,24,23,23,21,20,20,23,24,24,20,27,28,24,21,26,25,30,25,20,22,27,21,21,26,27,20,25,20,17,22,29,23,23,26,17,21,20,22,26,22,23,22,21,17,21,22,21,22,22,25,29,24,26,24,18,22,23,24,19,25,24,24,21,22,25,22,25,23,26,28,21,23,24,24,26,25,25,22,22,21,20,22,22,20,25,24,24,23,23,22,19,20,28,28,23,22,20,26,25,25,26,24,22,21,24,23,24,20,20,21,24,21,24,21,23,22,23,22,24,24,22,24,22,22,22,24,21,21,
25,24,25,28,28,24,23,20,26,19,22,21,19,19,21,24,22,29,16,17,29,31,32,27,34,23,23,21,22,28,21,22,24,28,28,28,30,25,26,26,24,25,22,26,26,27,25,22,25,25,24,26,25,22,25,24,20,25,28,21,23,25,27,26,27,33,27,26,27,27,28,26,25,24,20,28,28,22,25,24,25,20,19,18,20,21,31,27,22,25,18,28,23,24,27,27,18,18,32,21,24,20,17,21,21,28,21,21,23,24,24,21,23,25,26,25,29,28,23,26,23,25,25,17,25,23,27,25,22,24,24,21,22,20,22,21,23,25,20,24,24,28,28,31,25,25,25,24,28,24,24,26,30,25,23,26,21,18,17,25,24,27,21,21,20,32,27,20,24,23,23,21,22,24,26,27,24,28,26,30,27,29,24,23,31,24,22,26,26,22,23,23,24,25,23,25,27,30,22,28,24,26,24,25,25,25,22,22,25,22,20,24,24,26,20,23,22,23,21,21,25,20,20,25,21,24,26,26,26,25,23,23,23,24,22,23,20,31,23,22,24,21,23,23,23,24,27,23,24,24,24,24,22,24,21,23,
25,21,25,29,29,28,25,24,28,27,25,21,24,20,21,20,21,24,24,22,21,30,26,32,25,28,24,21,27,25,25,30,28,30,28,27,32,33,30,26,23,26,26,26,27,28,25,25,25,22,20,26,32,26,21,26,27,26,22,23,20,24,21,20,29,33,27,25,26,28,28,27,25,21,21,23,27,23,23,23,24,25,26,20,20,26,26,23,24,26,22,25,25,26,21,28,18,24,28,18,18,19,21,29,22,22,23,22,23,24,25,22,29,24,19,25,29,29,25,26,27,26,27,25,17,22,19,24,23,27,25,25,24,23,24,22,28,30,21,28,25,22,29,21,26,30,24,26,29,26,27,28,29,30,23,24,27,28,25,26,24,26,27,21,21,30,31,24,27,24,23,26,27,27,27,26,24,23,23,26,21,26,26,24,31,24,23,22,26,27,25,25,25,26,23,23,30,31,31,22,25,20,23,31,19,16,23,27,24,23,21,26,26,24,22,21,30,28,26,22,21,22,20,20,25,28,24,27,28,27,22,27,24,29,26,24,30,23,32,21,20,22,24,23,19,24,23,22,23,21,23,25,27,23,31,23,
25,21,22,28,30,30,28,30,28,24,26,26,25,21,22,25,22,23,26,22,32,31,30,25,26,28,29,20,23,28,22,30,26,28,26,27,34,25,25,31,21,23,30,26,27,29,24,22,26,24,29,21,21,36,31,26,27,28,23,15,22,21,23,22,22,24,29,28,28,22,27,26,20,22,22,22,24,28,24,24,26,26,20,20,20,27,24,22,26,24,31,25,28,31,25,20,19,24,16,18,20,22,19,25,23,24,23,26,25,25,26,25,23,30,22,26,27,25,26,27,23,27,32,31,26,23,23,28,26,27,27,28,28,23,28,25,29,27,27,26,20,27,28,27,27,22,24,26,22,24,27,27,26,30,24,25,29,29,31,25,25,22,27,25,29,20,28,22,22,27,28,27,28,27,24,24,23,24,25,27,24,27,24,30,28,23,23,22,29,24,28,22,22,26,24,33,23,30,20,32,26,21,20,33,32,19,27,27,19,20,20,25,28,22,25,23,23,24,28,24,22,24,26,20,24,29,28,25,29,22,26,27,28,25,31,30,25,32,23,24,21,24,25,25,24,24,24,23,24,22,28,25,28,28,29,29,
25,26,27,23,29,23,28,29,35,29,24,28,27,26,27,28,26,21,28,22,24,21,24,28,26,26,21,21,22,25,23,26,26,28,27,28,28,30,30,23,21,30,30,28,27,28,26,28,24,24,25,31,22,35,30,29,26,28,28,23,27,22,25,24,27,29,25,23,23,23,27,27,20,21,30,22,30,27,25,23,25,26,30,21,28,28,24,24,24,23,28,27,28,31,31,19,24,21,21,19,27,26,30,26,24,27,27,26,25,25,29,26,27,22,26,22,26,27,23,26,20,28,27,32,26,26,26,27,28,28,22,22,28,23,26,25,28,29,28,27,28,30,29,29,32,27,21,27,30,24,33,28,27,30,32,23,21,26,31,23,23,23,23,24,22,30,29,28,27,26,28,28,29,25,25,26,24,24,26,25,24,28,30,30,30,28,24,28,29,24,22,22,28,25,31,25,25,31,26,33,24,24,20,27,32,28,19,27,21,20,21,22,28,28,23,23,21,28,28,25,26,23,28,27,28,29,27,24,30,26,27,25,26,27,31,26,25,31,31,22,19,29,27,26,25,24,26,25,26,23,30,24,29,28,29,29,
21,29,28,22,23,29,29,29,31,35,27,28,28,28,26,27,21,27,28,24,24,22,24,27,22,29,22,22,26,26,25,32,28,29,29,28,28,28,30,30,23,27,30,28,25,29,28,29,29,24,30,23,24,39,23,29,30,28,21,25,31,28,25,27,22,28,26,28,23,31,27,29,23,29,24,30,31,27,27,26,29,30,32,28,29,29,24,32,25,28,28,31,31,29,29,23,28,23,22,25,24,27,24,26,26,28,27,27,26,20,28,29,29,22,32,26,27,28,24,29,21,27,24,25,26,32,27,28,26,28,27,23,31,24,30,27,27,30,29,28,25,34,34,35,32,22,21,31,24,24,22,26,24,28,34,22,30,27,26,26,22,23,22,24,21,24,25,26,30,27,29,28,29,29,24,26,25,21,26,24,25,24,24,30,32,26,30,25,25,23,26,22,21,30,28,31,26,30,30,21,26,27,25,28,31,24,28,28,26,28,21,29,22,24,23,22,22,29,26,26,26,27,27,26,28,26,30,24,25,28,28,24,26,25,26,27,31,19,32,18,19,27,27,27,26,30,29,29,27,27,26,25,28,29,29,30,
21,24,28,31,23,30,34,30,35,35,26,30,30,28,30,30,30,30,30,26,24,32,30,27,27,22,23,23,26,24,25,26,24,27,29,24,32,31,31,31,32,30,27,29,32,26,26,32,24,31,30,26,25,39,23,25,30,29,25,22,28,32,29,27,22,30,30,29,31,32,33,25,24,24,25,23,30,30,25,28,29,37,30,32,31,33,32,29,27,24,25,30,31,31,30,34,24,23,26,26,26,24,25,28,27,28,27,27,28,21,21,29,22,22,24,33,31,28,26,30,24,23,28,26,27,26,26,25,26,27,25,25,24,26,25,28,28,30,31,27,32,35,28,34,28,33,23,24,32,32,31,29,28,27,26,25,23,23,25,30,27,28,25,24,22,25,26,26,27,32,25,31,29,30,30,30,36,23,26,27,24,23,25,33,29,26,30,26,29,27,27,28,22,26,28,29,35,30,27,25,26,26,28,27,33,27,26,29,26,20,28,30,24,23,22,24,23,31,28,27,26,28,27,32,26,30,22,30,33,29,23,25,24,25,36,28,28,32,20,29,20,27,27,28,30,31,30,29,27,28,28,26,29,29,30,29,
32,25,29,32,31,31,30,32,30,35,27,30,32,32,33,31,30,31,31,32,32,33,31,25,28,26,28,30,26,27,28,30,27,30,27,26,28,32,32,33,31,28,29,27,29,32,32,34,32,27,27,28,27,26,25,24,27,30,26,25,29,31,33,23,28,32,30,30,32,30,26,26,25,26,27,30,30,31,31,28,37,36,28,27,35,26,32,29,30,29,24,33,30,32,34,32,26,23,24,27,31,26,27,30,27,30,29,28,28,27,22,27,30,23,25,25,29,26,26,29,31,30,31,26,33,27,27,26,29,29,27,24,25,27,26,30,29,29,30,31,29,33,35,29,32,24,24,35,25,33,33,25,25,26,28,27,26,26,30,31,32,26,25,23,26,27,27,27,27,28,29,32,25,38,30,26,36,36,25,26,25,25,27,34,32,35,29,31,27,28,28,28,28,28,27,30,24,30,24,31,27,27,26,29,31,27,28,26,23,24,29,31,26,21,23,23,27,31,31,28,27,27,27,31,32,30,29,24,35,33,29,28,28,30,27,37,27,28,33,27,20,27,24,30,30,31,29,31,27,31,28,30,29,30,29,30,
33,33,31,30,33,32,31,28,31,28,27,31,33,33,26,30,31,29,25,28,34,34,32,32,25,26,26,30,30,26,25,30,28,26,30,27,34,27,28,35,34,28,29,27,28,33,33,28,28,27,28,28,28,27,32,29,27,27,26,26,29,26,25,23,23,27,26,31,24,30,29,27,26,27,22,23,36,31,31,36,33,37,37,28,36,30,26,29,32,29,25,28,35,31,33,33,33,35,27,25,31,31,25,31,30,27,30,27,28,29,35,34,27,31,27,28,30,32,27,30,31,30,25,31,32,34,27,27,28,26,26,26,27,26,32,27,27,26,31,32,32,31,30,35,37,36,35,34,25,26,33,25,26,29,29,28,29,27,31,34,32,28,28,26,27,29,28,19,28,28,22,26,33,26,29,35,27,38,29,25,24,27,27,28,21,37,31,29,28,28,31,29,26,28,29,24,30,33,30,29,28,27,27,31,28,28,30,23,22,24,28,26,31,30,20,24,24,20,29,32,31,27,29,30,26,30,27,24,28,34,27,27,29,30,27,32,36,24,27,33,29,28,28,30,25,30,29,30,31,29,28,30,28,30,28,30,
25,34,25,31,28,27,32,28,28,35,35,25,35,34,27,31,31,28,26,26,36,34,33,34,26,27,28,24,28,28,26,26,26,26,32,27,35,29,34,29,31,36,28,30,29,35,26,28,29,25,34,26,27,24,29,33,30,32,26,27,30,30,28,29,26,26,27,31,28,31,24,24,29,30,29,31,28,23,37,33,34,28,37,37,30,26,31,29,33,26,28,29,33,33,35,36,35,27,26,26,26,33,26,27,28,34,26,30,28,28,29,28,32,31,35,28,31,33,33,32,32,28,31,33,34,35,29,30,29,25,26,29,28,26,32,27,25,25,27,28,32,29,34,33,37,36,33,33,33,26,26,26,25,30,28,29,29,22,26,35,21,28,35,28,35,30,24,29,29,29,22,29,34,34,29,33,36,32,35,26,27,32,25,26,27,27,32,37,30,29,32,26,30,27,28,34,25,33,31,32,29,34,27,34,29,29,29,27,24,23,26,26,29,32,30,21,28,21,29,30,31,31,31,30,27,30,27,26,27,29,28,29,35,26,28,31,37,37,26,30,38,31,24,31,24,33,31,33,27,27,27,29,29,29,30,29,
34,27,34,27,29,27,28,28,29,28,39,25,35,36,27,28,25,30,28,29,36,37,34,27,27,27,27,31,24,28,28,27,28,26,28,31,32,34,35,33,28,31,29,36,36,36,27,27,27,29,26,28,23,24,23,28,32,32,34,27,26,30,30,30,26,29,32,32,29,26,25,25,31,31,29,28,29,30,29,32,35,29,29,31,30,32,35,29,29,28,27,30,29,34,32,35,33,30,28,28,26,25,29,36,29,36,27,33,30,29,29,34,33,39,28,35,35,31,32,33,32,29,32,28,29,36,29,34,27,26,23,28,29,28,29,26,26,29,26,27,28,28,31,25,31,30,33,28,36,31,34,27,27,28,31,27,25,23,30,24,23,35,36,31,34,36,33,33,30,29,31,32,31,34,35,34,38,29,37,36,36,33,30,27,30,24,24,38,32,28,29,26,31,28,30,27,27,27,31,33,27,29,35,30,28,34,34,28,33,25,25,31,27,30,30,31,21,30,30,30,29,32,31,32,30,28,28,26,27,28,25,29,32,29,28,25,28,27,26,31,39,32,25,27,31,25,29,31,28,29,28,31,30,30,28,32,
30,29,30,28,28,30,29,37,31,29,24,26,33,35,29,27,26,27,31,29,35,36,34,28,30,35,28,31,27,34,30,29,28,27,24,28,32,33,32,31,29,31,32,31,28,37,28,27,28,28,28,23,29,23,24,29,24,33,33,34,31,30,33,29,34,29,30,32,26,31,25,25,32,31,32,32,33,31,29,30,31,31,30,32,31,31,28,30,28,29,34,31,34,34,36,36,33,36,30,30,35,27,32,30,31,36,37,37,33,32,30,32,35,31,40,38,40,39,38,34,30,31,29,29,30,29,29,28,30,28,29,35,32,29,31,31,35,28,30,32,21,29,27,33,25,27,31,30,31,31,27,34,31,27,28,25,31,32,31,21,25,23,36,32,29,30,31,31,31,29,23,30,31,32,35,34,37,38,39,36,36,36,35,36,31,30,30,25,28,28,28,32,31,28,29,31,31,28,32,32,34,31,32,30,29,29,33,30,31,34,33,34,27,28,31,31,22,23,30,30,34,33,29,30,30,33,27,29,27,28,26,26,30,30,28,26,29,29,40,26,39,32,26,32,25,33,39,32,27,29,29,32,31,28,31,32,
33,33,32,30,32,31,29,37,38,36,32,28,37,36,28,35,36,28,28,33,27,35,36,31,29,32,31,29,28,28,35,29,21,26,26,30,29,36,32,31,30,35,31,30,28,38,31,29,27,29,28,35,35,25,23,33,25,24,33,33,33,32,30,30,33,36,31,33,27,28,36,32,33,30,33,33,30,31,30,29,28,32,35,34,32,31,34,30,33,30,29,36,36,30,38,34,26,36,28,31,30,31,35,33,31,32,28,37,30,33,32,32,37,36,23,39,40,40,26,34,30,31,37,31,35,34,30,29,38,27,34,31,34,32,31,32,31,33,34,28,34,26,28,24,28,28,25,31,31,30,33,37,27,36,29,28,26,30,33,31,28,34,34,33,33,31,31,31,30,30,33,33,30,33,31,31,38,30,30,37,37,37,36,36,30,30,31,31,30,28,33,29,32,32,28,34,34,33,33,32,30,31,31,31,29,34,30,30,35,35,24,35,29,30,32,32,34,33,31,34,35,31,29,31,30,34,34,26,30,28,33,27,36,32,27,29,32,29,40,40,40,39,32,25,26,23,31,27,24,30,30,31,32,29,29,30,
34,33,32,28,30,29,31,30,37,35,30,28,29,31,29,33,34,37,28,29,34,36,29,34,32,32,35,32,33,33,22,22,32,26,30,27,28,30,35,33,31,33,32,31,30,31,31,29,28,27,29,28,26,26,25,36,26,38,30,35,34,35,32,32,33,39,33,29,28,33,37,34,32,31,31,27,33,30,30,30,29,29,29,34,33,35,34,31,31,33,34,34,36,31,33,34,34,27,30,28,31,28,28,29,32,32,31,29,35,35,39,33,38,30,33,39,41,40,34,32,25,31,37,32,37,35,34,34,32,37,38,30,32,34,35,33,32,32,35,38,35,35,28,28,31,26,26,32,31,31,32,33,37,36,34,37,32,27,32,29,37,23,35,29,29,31,29,30,29,32,33,32,31,30,32,32,38,33,31,32,38,33,31,32,37,38,32,30,29,30,28,31,31,34,29,34,32,32,33,34,31,31,36,32,31,33,34,31,31,35,25,35,33,29,32,33,35,35,32,34,31,31,32,32,35,32,37,37,36,31,35,28,33,34,30,30,32,30,32,35,26,33,33,35,26,26,31,26,25,28,32,34,33,33,32,31,
31,35,31,32,30,30,31,31,37,29,36,29,28,30,30,32,34,35,36,35,35,29,29,37,33,33,34,32,32,33,22,22,23,36,31,32,30,31,30,30,31,31,34,30,28,31,35,30,30,33,33,30,36,33,36,25,36,31,31,35,31,35,35,31,33,34,36,31,30,34,27,30,33,32,34,27,28,31,30,31,30,29,31,34,33,35,36,31,37,38,34,36,35,36,34,35,35,21,28,31,31,32,33,34,31,32,33,29,35,35,34,30,38,32,33,34,29,30,33,25,25,30,37,37,35,36,32,35,34,34,38,36,33,32,33,33,33,37,38,36,38,38,29,31,27,33,27,30,33,33,35,33,33,34,35,32,35,28,32,34,30,32,38,36,35,37,32,31,30,30,34,32,33,35,32,32,33,33,33,32,37,32,33,33,32,38,31,31,31,31,29,34,34,33,34,35,33,30,35,35,29,32,31,37,35,33,34,35,33,32,35,25,36,31,30,33,36,33,32,33,33,32,32,37,35,33,35,33,33,35,29,35,34,34,35,32,33,33,35,34,29,32,32,31,31,30,33,30,27,32,32,31,35,32,32,33,
31,33,34,32,35,30,28,29,34,30,32,33,38,31,31,32,33,34,34,33,35,36,29,29,32,35,34,36,35,38,28,23,22,35,36,31,30,31,28,30,38,30,39,32,30,29,34,32,31,34,31,30,33,34,28,36,35,33,32,34,35,34,36,35,31,35,37,35,37,34,44,30,34,34,30,28,33,37,33,34,30,31,35,36,37,35,30,29,31,33,39,37,37,37,38,35,27,22,34,30,31,31,30,34,34,36,33,32,35,31,35,36,32,32,33,34,30,29,29,29,26,36,32,31,34,36,33,34,34,36,34,34,32,32,33,30,33,36,39,38,34,33,37,35,33,31,30,27,36,33,37,33,37,34,27,27,35,29,35,39,33,38,36,37,28,38,32,34,33,31,32,34,32,32,40,36,32,31,36,34,39,33,32,27,34,33,33,33,31,33,36,32,34,34,34,34,33,31,35,35,30,33,35,31,34,37,33,33,36,36,36,26,28,35,34,32,33,32,30,31,34,35,35,33,35,27,36,35,33,33,37,37,34,33,30,33,32,32,36,35,36,29,29,33,29,32,30,31,32,34,31,31,34,31,33,32,
33,31,30,35,31,29,28,30,30,40,31,39,32,39,28,34,33,28,27,26,40,36,39,36,35,34,35,36,36,31,26,24,36,36,36,35,31,34,28,31,31,32,30,32,32,34,35,35,36,35,33,30,35,34,34,32,36,37,38,33,43,36,32,33,33,32,37,36,39,35,34,32,26,32,29,35,30,29,25,35,34,34,34,33,37,36,37,32,31,34,38,38,31,41,38,35,38,34,31,32,33,31,32,32,41,36,39,33,36,36,36,36,32,35,32,33,33,34,29,29,33,35,36,32,36,34,34,34,35,35,35,35,31,31,33,31,31,37,33,35,35,33,36,33,36,31,33,30,35,38,37,37,30,37,28,29,36,28,32,28,37,34,37,37,38,38,29,34,33,32,36,33,32,34,39,40,38,32,38,37,35,34,34,33,35,29,34,35,33,32,34,31,33,34,34,35,35,32,32,32,31,34,33,32,30,32,34,32,34,34,36,34,36,37,35,31,38,33,32,37,35,35,34,36,41,40,34,37,36,35,30,31,34,33,39,40,34,34,34,33,35,35,30,33,32,31,30,29,36,34,32,34,35,31,31,33,
33,31,32,36,28,36,30,32,30,33,32,34,41,37,29,29,30,28,28,29,27,39,37,36,34,34,36,37,32,28,26,37,29,38,37,29,38,36,34,34,33,33,32,32,33,35,34,40,35,38,35,31,36,34,32,34,37,30,33,33,32,30,43,33,29,34,34,33,34,35,32,34,27,31,34,35,30,29,29,35,35,35,39,36,34,36,34,33,32,37,39,39,31,32,37,39,28,28,28,31,32,31,32,33,39,35,39,40,31,33,34,33,33,37,36,32,32,34,30,38,31,34,32,31,40,37,40,35,36,39,35,31,34,36,33,38,36,38,38,35,37,39,32,34,34,32,35,34,39,38,38,29,30,35,29,30,29,33,28,35,36,34,36,35,38,38,40,32,34,33,36,34,36,35,34,39,39,32,31,33,36,37,33,35,30,38,34,35,33,33,33,29,37,35,35,35,31,34,35,31,33,32,34,36,32,31,33,33,35,38,36,38,38,38,33,33,32,38,38,37,37,31,37,36,36,41,35,29,36,35,37,34,31,33,35,37,35,34,32,34,34,33,36,31,30,33,31,32,30,32,35,33,35,33,33,32,
36,31,32,29,29,37,39,34,37,31,34,35,36,33,36,32,31,39,33,35,31,30,35,39,34,36,37,39,34,34,37,30,38,40,35,39,35,34,35,36,30,27,33,33,28,32,35,33,40,38,37,37,36,37,35,32,35,36,31,33,34,33,30,45,31,30,36,33,34,33,32,34,32,31,36,35,32,36,35,35,35,35,30,41,41,38,37,38,40,37,40,38,32,41,32,38,39,31,29,29,33,32,35,33,41,32,40,41,41,42,34,35,35,36,37,34,34,33,43,30,38,38,33,33,42,32,42,42,34,35,33,36,35,37,36,38,39,36,36,36,37,38,36,34,33,36,36,33,34,32,31,38,31,38,33,34,36,36,36,35,41,35,37,35,33,38,34,33,34,33,37,35,35,37,36,37,35,40,38,33,36,29,37,33,30,40,39,30,35,36,34,33,36,37,36,35,32,36,35,37,36,32,35,31,37,34,35,34,34,41,35,36,32,39,38,35,34,33,38,38,38,39,36,37,39,41,35,29,30,32,29,37,34,35,38,33,35,35,33,33,32,32,37,37,35,33,31,31,31,34,36,35,35,34,33,34,
38,37,32,34,30,33,34,35,39,37,38,36,37,31,35,36,33,39,33,34,42,29,40,36,40,30,37,39,36,34,33,36,38,36,40,35,34,37,37,38,33,33,33,32,29,32,42,37,34,36,39,39,38,40,36,39,35,35,36,34,34,34,35,33,33,32,32,40,34,35,37,38,46,33,37,36,37,37,36,35,37,36,30,41,34,39,38,39,39,36,39,37,34,39,32,32,34,30,32,31,33,38,33,35,33,33,34,35,42,42,41,34,35,36,37,36,34,32,34,33,31,39,34,32,32,41,42,42,36,34,33,34,35,37,36,38,40,36,37,37,39,38,40,41,37,38,37,34,35,37,34,37,32,38,40,38,39,36,35,43,42,35,38,37,33,33,33,32,37,37,35,38,36,34,38,39,36,39,39,43,37,32,32,38,37,31,33,31,36,35,35,35,34,40,42,36,37,33,33,36,32,32,33,35,35,34,39,36,33,36,42,42,38,39,38,35,36,31,39,30,38,39,38,37,38,39,42,41,33,32,31,33,35,39,38,33,34,34,38,34,37,34,33,31,36,32,33,37,32,33,35,37,34,35,34,34,
38,37,34,34,33,38,35,40,39,33,39,43,37,32,35,33,33,32,33,40,43,36,31,39,37,37,34,34,37,35,34,37,41,37,36,40,34,39,38,37,33,33,34,33,32,30,42,43,36,36,43,39,39,40,42,40,36,32,36,37,37,44,34,34,45,35,33,33,42,38,37,45,38,37,38,36,35,42,37,42,35,34,35,31,32,41,38,38,41,37,37,38,39,40,33,31,41,35,34,37,30,39,35,34,37,34,41,35,35,36,32,33,38,37,39,39,35,38,40,32,40,38,38,35,33,41,42,43,36,38,35,36,33,35,40,37,34,40,40,41,37,40,38,42,41,41,35,38,35,35,38,38,38,40,40,38,41,33,35,38,40,35,35,45,37,37,36,32,33,39,37,34,37,32,38,39,42,40,39,42,44,40,35,36,33,40,33,38,32,36,36,33,37,35,32,42,33,33,34,37,33,34,32,35,36,36,39,43,36,37,33,42,37,39,39,37,35,32,35,37,31,37,38,36,39,42,40,41,39,33,40,39,34,35,32,37,35,33,38,38,33,35,32,39,39,33,33,39,38,38,38,38,38,35,34,34,
39,36,36,35,31,40,38,40,38,32,33,38,44,34,36,36,30,41,43,41,44,32,32,38,39,41,32,38,33,36,36,37,37,41,37,37,41,41,35,39,33,33,32,33,33,34,32,43,43,37,36,36,39,37,38,42,38,35,33,39,33,38,34,36,36,36,34,44,41,39,39,47,38,37,39,37,36,36,42,42,43,36,36,36,38,34,34,41,36,41,39,38,39,45,32,35,42,40,36,36,31,36,38,35,39,35,40,41,40,38,37,38,39,38,37,40,40,35,37,39,43,43,39,35,34,34,42,43,39,41,39,37,34,40,38,40,39,38,38,41,40,33,35,38,42,37,43,38,36,36,36,39,39,40,42,41,42,35,37,38,37,37,35,37,42,38,35,33,37,39,39,38,39,38,40,38,40,38,40,37,35,41,36,37,36,34,34,33,38,37,36,43,35,36,33,33,34,34,34,38,37,33,34,32,36,36,41,38,44,38,34,34,40,38,39,36,36,37,36,36,36,42,38,41,36,43,45,41,40,41,39,40,32,41,38,37,36,36,38,34,38,33,34,32,39,34,33,35,40,35,39,39,39,36,37,37,
36,36,36,36,39,40,40,40,40,41,37,39,39,33,41,35,32,31,33,39,42,34,31,42,37,39,40,39,34,39,37,38,35,37,38,37,42,41,34,38,37,36,43,34,34,38,35,38,39,37,42,38,37,42,40,39,42,39,36,40,31,36,35,36,33,36,36,35,41,43,38,41,41,38,39,40,37,36,37,38,41,34,36,37,34,33,43,41,40,36,37,36,36,45,36,37,37,41,40,37,37,36,42,36,40,39,36,38,41,37,38,35,38,35,38,37,36,42,38,39,41,40,43,35,36,42,42,42,40,40,41,39,39,43,34,40,38,38,38,41,41,41,41,36,36,42,38,41,39,36,38,36,42,40,39,36,36,41,37,38,35,39,35,38,38,37,37,36,41,40,40,39,39,37,40,39,35,41,41,38,34,36,34,32,38,37,37,37,35,33,40,43,30,35,34,39,34,36,37,36,38,37,45,38,38,36,42,36,34,35,35,34,38,35,40,39,42,38,36,37,41,37,42,40,42,45,44,41,35,40,38,41,35,41,40,42,38,42,33,36,38,35,34,37,34,40,34,35,41,36,41,41,40,40,37,37,
37,38,40,39,41,40,41,41,40,42,36,40,34,40,36,38,37,42,43,34,38,37,32,42,34,39,36,37,34,39,37,39,40,42,38,37,42,43,37,39,39,38,39,34,34,40,36,39,38,38,38,42,41,42,40,42,40,40,39,43,32,46,36,39,36,36,36,38,42,35,39,39,36,35,36,43,38,42,37,41,37,38,36,34,35,35,39,37,39,41,38,41,39,38,37,37,42,39,37,42,41,35,37,36,37,44,42,42,39,41,40,40,36,36,38,35,34,37,42,42,40,36,40,36,36,36,35,43,43,39,39,43,41,41,35,42,41,39,39,41,40,41,39,35,37,42,37,38,40,39,41,38,37,42,40,36,40,35,42,42,38,43,42,39,40,41,37,41,42,39,40,39,41,39,38,37,35,36,36,36,37,38,35,43,38,39,38,35,36,38,38,44,40,31,44,37,40,36,36,37,38,37,45,37,39,39,41,42,39,36,39,40,35,39,35,32,37,38,39,37,43,39,44,43,44,42,44,46,39,40,39,39,39,39,41,41,40,38,34,37,35,39,35,38,34,42,37,36,38,37,40,41,41,39,38,38,
38,38,41,39,38,40,39,38,38,41,37,41,37,41,42,44,43,43,44,35,38,44,39,43,43,42,44,37,38,38,38,40,43,41,42,43,41,41,44,39,40,35,35,35,40,39,40,44,36,38,39,43,46,47,41,41,41,41,40,42,44,48,37,40,41,37,37,37,43,37,39,39,42,42,40,40,43,40,42,40,43,36,38,38,43,35,37,38,38,39,39,39,41,39,39,35,37,39,37,39,41,38,38,38,40,36,45,43,38,43,40,41,39,37,45,36,40,33,37,43,42,42,38,40,37,40,35,43,42,40,40,44,41,42,37,39,40,36,39,39,39,39,40,41,33,38,38,37,40,41,44,38,42,38,39,42,37,38,39,40,39,44,41,43,43,41,39,40,41,44,36,40,41,36,35,41,40,37,36,37,45,37,36,44,40,39,39,39,36,38,40,42,31,31,42,43,38,37,38,40,39,38,47,46,37,40,42,40,38,39,40,40,40,41,44,41,37,36,39,40,38,40,39,43,43,33,39,39,38,40,42,40,41,39,39,39,40,36,36,38,40,36,41,38,37,44,40,40,41,38,39,42,41,42,40,38,
43,44,39,40,42,38,43,39,42,41,37,43,38,37,43,42,44,43,44,36,36,36,42,37,43,44,35,45,43,40,43,38,44,42,43,46,39,40,41,46,38,44,36,43,40,44,37,37,37,42,39,39,43,42,42,41,44,45,41,40,42,47,49,38,37,35,34,37,39,42,41,38,42,41,42,45,44,45,41,43,44,44,41,43,44,41,41,41,38,46,42,39,41,37,40,41,42,38,39,37,38,41,39,39,48,39,44,38,46,48,42,40,42,41,36,37,40,37,37,36,44,38,39,35,38,37,36,37,45,38,42,41,45,42,42,41,39,37,36,40,39,40,40,40,35,39,35,37,38,37,38,42,43,42,44,44,43,42,45,42,42,40,43,44,45,45,39,39,40,40,45,35,36,36,36,38,36,41,38,39,35,44,37,45,40,41,37,39,40,38,35,40,42,43,41,41,41,38,38,36,40,43,47,48,47,41,45,41,38,42,42,41,41,32,38,42,43,43,39,38,39,38,40,40,40,39,41,43,42,36,41,43,41,38,39,37,37,45,36,36,42,41,41,37,39,38,38,39,40,37,47,40,44,41,44,39,
45,41,40,40,41,41,41,48,48,44,38,43,43,44,41,37,43,42,44,43,48,41,43,39,37,37,37,35,42,44,40,43,43,39,43,35,46,47,40,46,42,41,43,44,44,41,37,37,37,42,41,40,40,44,43,42,45,43,47,41,43,48,50,40,38,35,44,44,40,40,40,41,39,38,38,43,48,46,41,41,41,42,43,42,43,37,41,35,44,42,41,39,40,41,41,41,43,43,38,38,39,41,39,39,45,43,45,42,46,49,40,46,44,42,41,37,38,41,41,36,37,36,38,37,38,36,36,37,44,38,38,39,42,43,42,41,38,38,38,38,42,39,40,38,42,35,35,40,38,39,39,45,42,44,42,42,44,43,40,42,40,42,41,43,40,43,44,42,39,38,45,45,35,37,38,40,39,39,42,38,34,42,40,37,44,38,36,38,38,40,39,41,39,43,38,44,41,41,39,42,37,44,45,47,41,41,42,42,45,36,39,38,42,42,33,39,40,43,43,42,39,39,41,38,39,40,36,42,41,37,42,41,41,36,39,38,38,36,45,39,42,43,41,41,40,39,38,40,40,38,48,41,32,47,47,45,
45,42,42,40,38,41,43,40,49,45,45,47,46,47,44,39,44,41,39,40,47,41,43,43,40,38,46,37,47,44,44,42,44,39,39,37,38,46,39,46,40,42,41,40,39,44,42,39,42,41,45,44,41,43,44,42,42,46,47,45,41,46,49,50,36,36,44,45,44,45,45,37,40,39,38,44,38,43,47,46,44,43,41,44,44,44,38,45,41,46,43,41,41,42,42,40,42,43,42,39,38,44,42,40,46,45,46,38,39,42,41,38,41,47,43,42,39,48,39,38,41,36,38,38,35,39,37,37,45,37,41,41,39,39,43,44,38,38,37,39,41,43,43,39,43,43,44,42,41,40,40,42,41,47,44,39,43,44,41,42,42,41,42,40,41,40,45,45,45,39,40,39,35,40,38,39,44,39,45,43,49,42,44,40,38,39,37,39,44,40,36,37,40,43,42,41,47,42,41,41,42,39,45,46,41,42,42,43,44,35,39,44,38,39,42,43,37,37,44,39,40,39,42,38,40,41,41,42,42,37,43,41,43,42,39,41,40,39,37,39,39,43,42,41,43,41,40,41,43,44,48,35,46,46,48,46,
39,43,35,45,40,37,42,44,43,38,44,48,42,44,47,44,39,43,39,40,48,44,43,44,40,43,39,41,46,47,46,44,38,45,39,42,38,40,40,47,40,40,41,43,42,41,39,41,43,40,41,41,45,44,45,43,43,47,41,48,46,47,43,50,40,45,47,47,46,45,46,37,43,39,39,39,39,46,43,47,43,47,46,45,42,42,39,42,42,40,47,41,44,42,42,41,38,43,41,39,40,39,45,43,41,45,47,41,40,41,42,39,39,45,43,42,43,43,50,48,43,39,37,40,47,41,38,42,46,42,37,38,38,40,44,44,41,39,39,39,42,42,44,41,42,43,46,45,41,44,41,39,43,43,42,40,41,48,44,45,45,41,42,42,41,41,40,42,45,46,40,39,38,38,38,43,41,44,44,44,45,44,44,47,44,43,38,40,40,39,40,37,40,39,41,41,44,43,41,41,43,41,43,45,42,42,42,44,44,45,37,40,41,39,38,43,38,37,44,44,36,40,47,39,38,43,40,46,42,41,44,44,39,44,44,42,44,40,40,45,45,43,43,41,42,40,39,39,45,36,49,35,47,38,46,46,
47,43,45,38,41,48,44,44,42,39,43,42,44,41,45,47,48,44,40,42,40,41,44,45,44,42,42,41,41,47,47,38,42,45,39,39,39,38,40,39,43,42,47,40,38,42,43,43,40,40,40,41,41,41,44,45,44,41,42,41,45,41,43,43,40,46,47,44,47,48,47,48,47,44,42,39,46,46,44,47,43,46,42,43,43,43,42,43,39,43,41,42,42,45,43,39,42,39,42,41,40,45,39,43,42,46,44,46,41,41,40,44,42,44,37,39,44,39,41,49,45,39,37,40,41,45,37,40,39,41,43,39,41,42,37,37,39,41,41,40,41,45,43,41,44,44,44,43,44,45,41,47,46,48,43,43,43,43,47,47,45,46,41,41,43,43,41,44,45,47,39,39,39,42,43,41,41,43,45,46,47,49,47,49,48,45,44,40,40,42,41,41,40,40,45,40,45,44,44,44,41,41,42,45,44,44,45,44,45,47,42,37,38,41,41,39,45,40,41,43,37,42,45,40,40,41,42,43,46,42,43,41,40,39,44,45,52,40,41,40,46,43,44,40,45,43,40,47,46,41,42,48,50,40,38,47,
45,46,41,39,44,38,47,47,42,45,42,44,42,42,48,47,47,44,41,43,47,42,42,46,45,43,43,47,42,39,42,48,40,42,44,42,40,40,42,42,41,42,39,47,40,45,45,45,44,41,40,45,41,45,45,44,42,40,42,44,42,47,40,40,44,41,37,45,48,45,48,49,49,43,44,40,42,47,47,47,44,47,48,46,46,41,43,43,44,39,43,42,37,44,43,46,46,43,42,45,41,45,40,41,44,44,48,41,42,44,42,42,47,45,38,41,40,39,41,41,45,41,40,45,42,38,38,40,40,42,39,40,42,43,42,48,38,44,40,41,42,41,43,42,43,42,42,44,43,45,46,44,48,41,49,40,44,44,44,46,42,46,48,42,40,40,44,45,40,45,43,40,41,43,44,43,42,43,45,41,46,47,42,49,44,48,46,47,47,42,42,46,40,41,41,46,45,46,47,42,44,43,42,43,44,45,44,45,45,45,45,46,46,47,40,40,47,42,41,44,44,43,50,46,40,44,41,42,40,44,41,45,45,44,47,44,50,40,41,46,47,47,44,41,40,42,41,42,42,42,42,44,36,36,39,38,
41,45,47,45,46,40,44,42,44,42,46,46,45,41,44,47,43,46,42,42,47,47,46,42,44,44,45,47,46,45,45,43,38,43,45,44,44,42,42,45,42,43,44,44,45,45,40,43,45,45,40,44,43,44,46,45,41,43,40,44,43,43,41,41,45,42,43,47,48,45,48,49,50,45,40,44,43,43,41,43,45,46,45,46,46,46,45,45,43,43,44,38,38,39,45,44,43,44,42,43,43,43,41,42,42,41,44,48,41,44,42,44,44,48,44,44,39,40,40,51,50,43,42,46,46,47,41,48,41,42,39,41,41,43,42,41,44,45,44,49,43,44,44,43,44,46,44,44,45,46,44,44,45,48,43,44,43,45,47,45,46,45,43,41,41,48,44,43,46,41,41,43,40,42,47,42,45,43,42,42,45,47,43,49,45,42,47,48,48,44,39,41,44,41,43,47,46,42,42,43,46,44,45,42,40,43,46,45,49,46,45,43,44,47,43,41,42,41,43,43,45,45,44,41,41,41,41,42,41,44,42,42,43,47,45,44,51,51,49,40,41,49,45,42,42,40,40,42,44,45,48,45,38,39,38,39,
41,41,43,47,46,46,45,45,43,44,46,47,46,48,47,46,43,42,43,48,48,48,42,41,44,45,46,47,47,45,46,44,45,41,41,45,42,41,41,42,46,43,46,45,46,42,43,43,46,46,41,44,44,45,47,46,42,42,45,44,43,43,46,42,41,42,43,46,48,42,43,44,49,42,41,41,44,42,45,43,47,47,43,46,46,48,45,41,46,46,46,44,40,43,45,45,45,42,44,43,44,44,49,48,43,42,45,45,45,46,44,44,44,39,44,44,47,42,41,41,52,44,45,43,41,47,40,42,48,41,41,40,47,44,43,49,46,44,45,48,46,43,45,46,45,49,48,45,47,45,44,44,47,46,48,46,43,44,48,46,48,43,42,42,42,45,41,44,47,42,43,44,42,42,47,44,44,43,43,48,46,41,45,44,44,45,47,44,45,47,41,43,45,47,43,43,48,47,43,44,46,46,43,47,48,44,43,47,46,49,45,43,42,46,48,43,42,43,46,43,44,52,47,43,42,42,45,46,43,44,39,43,42,48,46,45,49,52,49,46,41,46,43,44,52,49,41,45,46,43,45,45,44,47,40,40,
49,48,46,48,48,47,47,40,47,44,49,47,47,48,47,45,43,44,43,44,43,45,43,43,47,46,43,47,43,47,46,47,45,46,44,42,45,44,41,42,42,46,46,44,44,43,42,45,47,46,41,45,46,46,50,47,46,45,45,44,50,44,47,47,42,44,49,47,46,50,49,50,43,46,45,43,45,44,45,42,45,41,44,44,49,44,46,42,49,47,49,48,41,41,44,44,44,45,43,45,43,45,49,49,44,44,49,45,46,46,44,48,47,44,42,43,43,43,44,42,48,45,45,45,44,45,44,47,43,42,43,42,46,48,45,48,50,45,39,41,44,45,46,49,45,48,48,47,47,48,45,45,46,46,42,49,46,46,46,43,48,46,45,49,45,46,45,45,41,45,46,45,46,48,47,45,45,43,44,48,49,46,42,42,48,45,43,46,45,42,44,45,45,49,47,45,42,46,51,44,45,47,43,43,45,46,44,47,46,46,45,44,43,44,47,47,48,45,46,43,47,46,46,47,52,45,44,46,46,41,47,42,49,43,47,46,46,49,49,49,44,47,46,46,52,50,48,42,44,43,43,45,44,48,48,41,
49,50,50,42,48,44,48,43,47,47,48,47,47,45,48,47,45,44,44,45,45,45,49,46,48,46,47,44,44,46,46,47,46,45,46,49,42,43,45,43,42,44,41,47,47,44,43,46,47,47,47,49,47,42,51,46,44,47,47,46,51,51,45,48,44,43,45,47,46,50,47,49,44,45,46,44,43,43,47,44,46,42,43,47,49,46,45,46,48,50,44,48,47,45,45,45,47,43,43,44,46,45,45,45,45,45,46,46,47,46,41,47,45,47,43,48,51,47,51,47,47,50,47,46,52,45,43,44,44,43,47,46,46,48,49,46,52,41,40,41,45,46,47,44,46,43,50,43,47,46,48,47,47,48,46,43,42,47,47,50,49,45,45,49,44,46,44,43,45,41,46,46,44,49,47,44,46,45,45,49,49,49,43,44,44,45,44,44,48,46,43,47,46,46,46,46,49,51,47,50,48,46,48,46,46,46,46,47,45,46,45,45,44,44,44,48,45,46,44,47,42,50,47,53,52,52,47,45,43,46,45,43,47,41,42,47,48,47,49,45,50,49,49,47,44,53,46,43,43,47,44,44,48,48,48,48,
50,47,51,48,44,46,46,45,50,43,42,48,48,47,52,49,45,43,44,45,45,46,44,48,46,47,47,45,45,49,50,50,48,46,46,50,43,46,49,48,44,44,47,47,46,44,47,47,47,50,48,49,49,47,46,46,47,48,49,47,47,48,50,46,45,43,46,48,49,52,42,48,45,45,47,47,48,44,44,49,45,49,43,43,46,47,46,46,49,49,46,44,48,48,45,46,48,42,43,42,49,48,47,50,46,46,45,47,46,49,42,48,45,41,46,49,51,43,48,48,46,50,48,48,48,44,52,49,45,45,45,46,47,46,45,45,46,45,52,47,45,45,48,45,45,42,43,48,46,48,47,47,44,46,46,47,48,47,49,48,47,45,50,48,47,45,49,47,44,46,44,45,48,47,44,44,47,46,48,45,48,49,50,43,45,47,45,44,49,48,47,44,46,47,48,49,49,48,47,49,45,47,49,44,47,47,44,42,47,46,47,42,46,44,44,46,46,47,44,48,45,50,51,47,53,46,46,47,47,47,43,43,44,42,45,47,49,47,51,45,50,48,49,49,49,48,46,45,50,46,45,45,52,49,48,47,
46,46,49,48,45,45,46,48,49,44,44,45,44,44,46,50,46,47,47,46,45,48,47,49,52,47,53,47,46,48,47,49,45,49,44,45,45,48,50,50,49,51,48,48,46,51,50,45,48,46,47,44,49,46,47,47,48,49,46,48,47,44,49,48,43,43,43,44,49,54,53,48,46,52,46,49,48,47,47,44,49,43,51,48,48,49,47,48,44,47,45,42,43,49,46,47,47,45,45,43,50,48,45,51,47,47,50,48,48,48,49,50,47,42,46,42,49,48,43,49,48,46,49,48,48,50,52,52,47,45,45,47,48,51,46,46,48,47,52,51,45,47,47,45,43,43,45,43,44,43,48,48,45,46,45,47,45,48,48,48,49,48,50,48,50,49,49,48,46,48,45,48,48,48,47,45,44,43,44,42,46,48,50,49,48,46,49,44,46,48,49,47,44,49,45,45,51,52,50,47,49,48,48,48,47,50,41,42,49,43,44,42,45,46,45,45,46,46,48,46,45,46,48,48,49,53,47,45,48,47,45,44,48,45,46,44,48,48,48,46,51,47,49,50,50,49,44,47,50,45,53,46,50,49,50,48,
51,50,46,47,51,50,49,48,49,49,48,46,45,48,49,47,46,48,46,49,48,47,52,49,49,52,53,51,49,50,47,48,49,48,46,48,49,47,48,46,50,51,49,48,54,48,45,45,47,45,49,50,49,48,48,47,45,53,50,48,48,48,50,48,49,43,44,44,49,46,51,53,52,47,44,48,49,50,44,49,47,48,48,49,49,51,46,48,47,47,46,47,48,46,46,48,47,47,49,50,44,47,49,51,47,48,51,45,49,47,48,49,48,48,46,42,50,50,46,47,45,47,44,49,48,50,47,46,48,45,49,47,48,52,49,46,49,45,52,52,46,48,48,44,46,44,45,49,44,49,48,49,48,47,47,45,45,49,43,45,49,49,50,47,47,49,51,49,51,48,44,48,49,47,50,48,45,46,43,47,47,51,47,48,47,51,45,44,47,45,49,48,44,46,49,49,53,49,49,48,46,49,46,46,50,50,47,44,44,46,45,43,43,45,45,48,47,46,49,43,46,46,49,48,49,48,54,46,48,49,46,45,47,48,47,49,46,45,53,49,48,48,47,51,50,50,49,47,49,46,50,52,49,50,50,51,
50,45,51,50,47,52,48,47,50,49,47,50,47,51,47,49,49,47,47,47,49,51,51,46,50,49,53,52,52,50,51,50,50,50,45,49,45,49,48,49,49,49,52,54,48,48,52,49,47,51,50,51,47,46,51,48,49,50,54,53,49,53,48,51,47,51,44,46,47,47,52,49,53,52,45,46,49,50,48,49,49,50,47,51,50,51,48,47,47,51,48,51,47,45,44,49,49,48,48,46,49,47,50,46,51,48,50,51,49,46,49,50,49,50,48,43,47,49,50,48,47,49,44,50,48,48,46,51,49,48,50,52,49,49,47,49,50,50,51,50,47,49,46,46,48,48,51,47,50,48,51,48,46,50,48,47,48,49,49,44,45,49,49,52,47,48,50,50,50,49,51,52,50,50,48,48,49,45,46,48,47,48,51,48,51,49,50,49,48,48,46,47,48,47,49,53,54,50,51,50,50,49,45,47,50,47,51,49,44,44,44,50,46,45,49,48,48,47,45,43,50,49,48,50,49,48,49,47,48,49,53,47,46,50,48,46,47,52,54,47,49,47,48,50,48,50,52,50,48,48,52,51,50,50,50,52,
53,49,48,50,48,48,52,51,52,49,48,48,50,47,50,48,49,50,49,49,49,51,52,51,47,51,51,48,50,52,47,49,49,51,49,51,45,45,46,47,51,50,51,52,55,51,49,47,46,48,52,53,49,48,50,52,50,45,49,54,52,54,48,51,49,48,52,47,46,48,53,53,47,52,46,53,47,46,49,49,51,51,49,51,51,51,47,48,45,48,51,49,51,55,45,47,48,48,48,47,53,50,47,46,52,51,52,49,50,49,49,50,51,51,48,51,48,48,49,48,51,51,48,49,50,52,49,47,50,46,48,47,54,49,48,51,51,50,47,53,48,45,44,48,49,49,49,50,47,48,49,51,52,50,55,51,49,51,50,51,50,46,49,49,46,49,49,50,52,50,51,54,53,54,53,48,49,51,47,48,48,48,50,48,50,50,50,47,51,49,51,49,45,47,47,49,47,50,51,49,52,50,53,52,53,53,51,52,50,45,45,46,52,45,54,53,47,49,47,48,44,47,50,49,49,49,49,48,48,49,47,48,47,50,48,47,48,53,53,49,49,48,48,49,48,50,50,51,51,48,49,51,51,52,51,51,
53,49,51,47,48,49,50,52,49,51,52,50,49,51,49,50,50,48,50,50,52,51,52,52,47,50,45,50,51,48,49,48,53,51,53,52,52,47,47,50,49,51,52,55,52,49,47,55,50,48,50,53,49,50,46,46,47,46,51,51,52,53,50,53,49,49,46,48,49,48,48,49,47,48,47,53,52,49,49,48,52,50,50,49,51,51,51,48,52,50,51,48,49,50,53,48,49,48,48,49,49,48,48,51,49,48,49,53,50,50,50,50,51,53,50,47,48,49,48,49,49,51,51,50,49,52,47,50,52,51,51,53,54,53,48,50,47,48,48,51,51,53,52,45,50,50,51,50,53,49,48,52,49,56,48,51,50,49,52,51,52,46,50,50,49,48,52,51,53,51,52,52,49,49,50,50,55,50,51,56,49,50,55,50,49,51,53,47,50,52,50,52,50,51,47,53,50,49,52,49,50,50,50,50,48,50,50,49,54,47,46,46,53,52,48,49,48,49,53,50,49,51,48,48,50,51,49,51,52,49,48,50,47,48,50,50,48,49,49,45,48,48,49,50,51,51,52,53,48,52,50,50,52,52,53,52,
54,53,48,52,47,51,49,54,49,48,53,49,51,51,56,53,51,50,48,51,49,48,49,51,52,51,50,52,51,51,49,49,55,54,51,54,51,52,51,50,50,49,51,50,55,48,49,49,48,56,50,51,50,48,47,50,49,48,52,51,52,51,50,52,47,56,47,48,49,48,50,50,49,49,47,49,54,50,49,50,49,50,51,52,48,53,51,49,54,50,52,54,51,49,56,48,50,48,48,49,50,49,49,50,50,50,49,48,51,53,52,50,52,53,52,52,52,51,50,49,50,51,50,50,51,50,48,51,51,48,49,53,54,48,54,49,51,47,51,52,53,52,51,52,46,49,55,54,55,49,49,51,54,55,54,50,51,50,52,53,50,46,52,52,48,50,48,52,55,50,52,52,51,50,50,52,55,53,54,50,50,51,49,48,50,50,52,53,51,51,52,52,51,48,50,53,52,50,52,50,51,51,51,51,49,49,50,53,54,51,52,48,52,53,49,48,49,49,47,47,51,52,51,48,49,52,51,52,53,53,50,51,53,49,50,51,49,50,48,52,48,48,49,50,49,52,53,54,49,49,51,53,53,54,50,52,
53,53,52,53,49,52,49,54,50,52,52,55,52,54,52,51,54,50,50,49,52,52,48,53,55,52,53,52,50,52,52,52,55,54,53,52,51,51,52,53,52,50,56,50,51,50,49,49,49,56,50,51,51,53,51,51,51,51,53,52,50,52,48,53,53,48,48,55,50,52,51,48,51,50,49,49,54,53,50,49,52,50,51,52,48,48,51,50,54,52,51,48,54,57,54,49,50,48,49,51,51,51,50,51,50,52,52,50,49,54,49,54,52,54,54,52,49,51,51,53,50,50,54,53,52,50,50,53,52,52,50,50,49,53,51,48,47,50,53,52,56,50,51,50,52,55,51,51,55,54,51,52,49,53,49,49,50,52,50,53,52,49,53,53,49,53,49,51,53,55,51,50,51,51,51,52,52,51,55,55,57,50,50,55,51,50,50,52,49,53,52,51,52,50,51,53,50,52,53,52,51,52,52,52,49,50,49,50,52,51,53,51,52,52,51,50,50,50,49,52,48,52,50,49,49,50,51,52,51,54,49,52,55,53,50,51,50,54,53,53,49,49,53,51,52,52,48,50,53,53,53,53,53,52,51,50,
53,52,52,53,52,52,51,53,53,51,52,51,53,53,50,53,53,51,50,51,54,53,54,52,53,55,54,54,51,50,52,51,52,56,56,53,49,51,51,50,54,53,50,52,52,50,54,49,50,52,52,50,58,53,51,57,52,51,53,50,51,56,53,52,51,54,51,50,54,49,53,51,46,46,50,50,53,51,51,52,53,51,51,54,54,51,48,49,51,53,52,53,57,55,55,55,56,56,50,50,51,52,53,52,50,52,52,50,51,54,55,52,52,50,55,52,54,50,52,54,54,55,54,53,52,52,56,52,51,53,51,50,50,53,51,49,56,54,49,53,54,53,55,53,51,51,53,52,53,49,51,56,53,51,51,50,54,51,52,54,53,53,48,52,50,54,55,55,52,55,52,54,50,51,51,51,54,51,49,56,57,55,51,50,54,51,52,51,50,51,51,54,51,52,49,49,53,53,53,53,53,50,56,51,48,55,51,54,56,54,54,52,52,52,52,52,54,50,58,48,52,52,51,50,50,52,51,55,52,52,50,53,52,51,52,51,51,52,50,52,53,50,51,54,50,50,49,50,50,54,56,53,50,53,52,52,
53,55,55,53,50,54,52,54,51,52,54,54,53,54,55,54,53,53,51,48,52,49,53,50,51,53,52,51,56,55,51,53,53,54,53,54,51,50,51,50,51,54,50,51,49,50,49,51,55,57,53,51,56,58,51,52,58,53,54,53,51,53,53,51,50,54,50,53,54,52,52,53,47,52,55,51,51,56,53,52,53,54,51,54,54,52,52,52,51,51,55,53,50,57,55,56,50,55,51,54,52,52,54,54,52,54,55,51,51,52,59,54,55,52,55,54,52,55,53,54,56,52,54,54,55,54,55,56,53,52,53,52,52,54,49,50,50,54,49,50,49,54,50,51,54,51,52,56,54,53,51,56,52,51,50,55,54,51,53,56,53,52,51,49,51,54,55,55,52,53,56,55,55,55,54,52,52,54,51,50,50,49,51,51,53,55,53,51,53,53,52,52,52,52,53,51,50,53,55,52,54,51,52,52,55,49,52,51,53,56,56,54,54,52,53,52,55,53,52,51,53,51,52,52,53,53,53,51,53,54,50,54,51,55,54,51,51,49,52,51,49,48,51,51,52,51,49,49,51,54,56,52,51,51,53,53,
53,52,56,54,53,51,52,55,56,55,56,55,55,55,53,55,52,50,52,51,53,53,52,53,57,55,56,53,51,55,55,51,58,55,54,51,54,55,50,55,53,55,54,52,54,54,54,51,56,57,51,53,53,57,58,52,53,52,55,53,52,55,53,53,55,51,52,52,54,54,54,49,55,55,52,52,54,52,52,53,55,55,55,52,54,55,52,53,51,53,54,54,51,54,54,54,56,56,54,55,53,52,52,54,53,51,55,57,54,53,59,56,56,54,54,53,54,53,55,55,58,56,55,54,55,54,50,50,55,53,54,54,53,55,58,50,50,51,54,50,50,54,50,55,53,51,51,56,57,57,53,53,53,53,56,51,53,54,53,56,54,52,52,54,49,49,56,55,56,53,54,56,55,55,53,52,52,49,51,51,51,53,52,51,55,53,53,53,56,53,52,53,53,55,53,53,56,54,53,53,53,54,53,55,51,51,52,52,54,53,56,55,53,55,58,54,52,54,54,52,53,52,53,54,52,55,53,52,54,54,50,50,52,55,51,52,53,52,51,51,57,50,50,49,50,52,51,50,50,55,56,53,51,52,53,53,
52,51,51,52,52,55,55,53,56,56,57,54,55,54,55,52,52,54,54,51,54,54,55,53,53,54,55,54,56,52,54,56,58,57,58,53,52,51,55,55,55,55,55,58,55,55,57,51,51,52,51,54,55,53,51,52,53,57,56,52,56,54,55,56,54,56,54,52,52,56,56,55,59,56,53,52,55,54,54,55,55,53,56,54,55,55,55,53,56,52,53,52,52,54,55,57,54,55,55,56,53,54,53,52,55,53,52,57,54,54,53,57,57,53,54,53,54,52,56,56,56,57,55,53,55,54,52,51,56,51,55,54,53,55,52,58,51,51,55,54,50,52,51,55,51,52,53,54,57,56,52,52,53,54,55,56,54,55,52,53,56,55,53,55,53,50,50,55,54,53,52,56,55,56,55,53,55,52,56,57,55,57,53,50,54,53,53,57,54,55,52,53,57,53,49,54,56,54,54,54,55,55,57,55,51,55,52,52,55,54,54,56,55,51,59,52,54,55,54,55,54,54,54,54,55,58,53,52,53,55,54,50,57,52,55,52,53,53,52,52,52,58,54,53,54,51,52,56,51,51,58,53,53,54,53,54,
54,55,56,56,56,55,54,55,55,56,57,57,58,56,52,52,52,56,55,54,54,55,53,54,54,53,55,56,57,57,55,57,55,54,58,56,53,52,56,55,54,57,55,53,55,57,55,57,55,52,55,54,56,53,55,55,52,55,56,54,54,53,55,57,56,57,56,55,53,55,55,56,55,54,55,53,55,54,55,55,57,54,55,56,56,54,56,55,55,54,55,55,54,53,53,56,55,54,55,55,54,55,54,53,53,55,54,55,55,56,54,58,56,54,55,53,55,57,55,56,57,57,55,55,56,54,52,52,52,52,52,58,56,54,52,55,52,55,56,54,52,55,51,51,59,56,55,56,53,53,54,55,55,54,52,55,52,54,54,52,53,52,53,54,53,53,52,54,55,54,54,53,56,54,57,56,54,52,57,56,51,55,54,55,55,55,55,57,56,54,55,55,57,57,55,54,54,55,54,54,55,55,54,57,53,52,53,53,55,55,55,55,54,52,52,55,54,56,54,55,55,53,56,56,56,56,54,54,56,55,56,54,56,58,56,53,55,54,55,54,53,57,54,53,57,53,52,54,54,52,52,55,58,54,56,56,
54,52,55,54,57,53,57,56,53,58,56,57,57,59,54,57,60,53,55,54,55,53,56,58,55,54,53,55,55,55,56,57,57,55,57,57,57,53,55,51,53,57,54,54,58,57,57,55,55,53,53,53,54,55,55,58,57,56,57,55,54,54,55,55,57,57,55,58,58,55,54,53,53,55,57,54,59,56,58,59,58,56,56,56,56,55,55,56,56,56,56,55,57,54,56,53,54,58,57,56,55,56,55,54,56,54,53,55,56,55,61,55,54,55,58,55,55,57,55,56,56,56,57,57,56,54,53,57,53,53,57,52,54,56,55,56,53,54,56,55,53,55,55,57,57,56,55,55,54,56,56,55,54,54,53,56,57,54,52,53,54,53,54,53,55,54,53,53,53,55,55,57,54,53,55,55,58,53,57,55,52,55,55,55,54,57,56,60,56,59,55,55,55,58,55,56,54,55,55,53,55,56,56,55,56,54,56,54,52,57,57,54,53,55,57,56,55,57,53,55,55,55,56,56,58,55,56,56,54,54,56,57,55,56,54,56,57,55,54,55,54,57,55,53,55,54,54,57,54,59,55,55,56,55,56,56,
58,53,56,56,54,57,57,58,58,55,56,57,53,54,55,54,55,56,56,56,57,55,56,59,55,58,56,59,58,56,58,57,56,57,54,58,53,53,56,52,52,55,60,59,54,58,58,55,56,56,55,54,57,56,57,55,56,58,58,57,55,55,55,58,57,57,60,57,55,55,55,58,55,55,57,59,57,58,57,58,58,55,54,56,57,56,55,56,57,56,57,56,55,56,56,53,55,57,57,57,56,56,58,55,55,55,55,56,54,55,55,55,55,55,59,58,60,59,55,58,54,58,56,58,58,56,56,56,56,57,56,59,59,59,54,55,58,56,57,55,53,56,57,59,54,57,58,55,57,55,56,56,56,57,54,56,55,56,53,54,55,54,55,57,55,55,55,56,58,53,56,55,57,53,54,54,56,54,58,56,57,52,55,54,55,56,59,56,59,60,55,57,59,55,55,55,57,55,56,53,57,57,57,57,56,55,56,58,53,53,60,55,54,56,56,55,60,55,56,54,56,58,57,55,57,58,56,57,54,57,56,54,56,55,57,58,58,56,56,56,55,54,58,56,55,55,55,59,58,58,57,57,54,57,57,56,
58,58,59,57,54,57,59,58,58,55,56,56,54,55,56,57,56,57,58,57,57,59,55,56,56,58,60,56,57,58,57,54,55,57,55,57,56,54,57,56,53,57,60,57,54,55,57,58,57,58,58,58,56,61,57,56,57,58,59,59,59,55,57,56,58,58,56,59,56,57,57,55,54,57,55,59,60,58,57,57,59,56,56,58,57,56,57,57,56,56,60,58,56,55,58,59,56,56,58,58,57,55,56,56,56,58,56,56,57,56,61,60,57,58,57,57,60,61,56,59,53,58,57,56,55,59,58,57,56,55,57,55,57,59,56,60,59,58,55,56,56,54,55,54,55,57,58,58,53,57,56,55,57,57,56,55,54,57,55,54,56,55,56,59,55,56,58,56,57,58,54,58,57,58,54,57,55,55,58,54,59,58,55,56,56,58,58,58,57,56,56,58,60,56,61,55,60,58,58,54,57,57,58,57,57,55,58,59,55,59,60,57,57,57,56,56,56,56,57,54,57,58,58,55,57,58,58,57,57,57,58,58,58,56,56,57,56,56,57,56,58,54,57,56,57,55,54,57,59,59,58,58,54,55,55,56,
56,58,59,57,55,55,60,60,59,62,57,58,58,57,56,55,55,56,58,57,57,58,58,57,61,57,59,60,60,58,59,56,56,59,58,59,59,57,56,56,57,56,58,57,57,55,59,57,57,58,60,54,58,58,62,61,55,56,58,57,58,57,57,57,56,59,61,55,56,58,58,56,55,55,59,59,58,55,60,59,57,60,58,58,57,61,57,57,55,57,60,57,56,57,58,55,57,56,59,57,58,56,56,57,59,57,57,55,58,57,58,61,57,59,55,58,56,57,60,55,55,57,59,57,56,56,58,59,59,57,56,56,57,60,59,58,56,55,56,54,57,55,59,56,62,60,55,57,55,54,58,56,56,56,56,55,55,58,55,57,58,59,57,60,58,57,58,57,57,57,56,59,57,57,57,57,57,59,58,58,59,57,57,57,59,57,56,58,57,57,57,58,58,57,61,60,56,61,58,58,58,57,55,58,57,58,58,58,57,60,60,60,58,58,60,57,58,59,59,56,59,58,57,57,58,58,57,60,59,57,58,58,58,57,57,57,57,59,57,57,60,59,58,58,57,55,57,55,55,57,58,58,58,56,56,55,
60,59,58,58,57,60,58,58,57,57,61,60,58,58,57,57,57,57,58,59,57,59,57,63,61,59,59,59,58,60,55,56,58,59,55,59,56,62,57,59,59,56,59,56,58,57,58,56,58,57,58,60,59,57,60,59,59,57,59,57,59,56,57,57,59,58,58,56,60,59,59,57,57,57,61,60,59,62,58,60,60,58,59,59,57,60,58,57,58,58,60,60,58,57,59,57,56,58,57,57,59,57,59,57,57,58,56,60,59,56,59,58,57,58,57,56,58,56,62,58,59,57,59,58,59,59,58,57,57,61,60,56,57,57,60,57,58,58,56,57,56,61,59,59,60,63,57,58,57,58,59,59,56,57,58,56,57,57,61,58,60,58,60,58,57,57,58,56,57,57,59,57,58,59,59,58,58,55,60,59,57,58,57,60,59,60,59,58,57,58,59,59,58,56,60,60,58,57,58,57,61,58,61,55,58,57,56,58,58,58,57,60,57,58,58,58,58,61,60,57,59,59,58,59,57,62,58,59,57,58,59,58,57,60,57,58,60,58,56,57,58,59,59,57,58,57,57,59,57,58,58,59,57,59,58,59,
60,61,58,57,58,58,59,58,57,58,58,62,61,60,58,60,59,57,59,60,58,57,59,59,61,61,58,59,56,59,60,60,60,58,60,60,57,57,58,60,59,58,57,58,57,59,59,58,59,58,59,61,59,58,61,60,60,60,59,60,56,58,58,58,60,59,62,57,60,60,59,58,58,59,57,62,62,60,61,60,61,61,61,57,58,60,61,59,60,59,59,60,61,60,58,59,57,59,60,58,58,60,60,60,60,59,59,61,57,59,60,59,61,58,59,57,58,58,59,58,57,57,58,61,57,60,61,57,57,59,58,59,58,60,63,61,59,57,58,59,59,59,58,60,61,57,59,56,59,57,59,60,57,59,58,58,58,61,61,58,59,58,60,62,59,58,57,57,59,58,57,60,58,59,59,59,59,58,59,58,61,59,59,59,56,61,61,59,58,58,62,59,57,60,59,61,57,60,59,58,59,58,63,57,57,58,58,62,59,59,58,59,57,59,60,58,58,59,58,61,57,58,59,59,61,61,59,59,58,60,58,59,59,60,58,58,61,58,58,58,58,60,60,58,59,59,57,60,60,59,60,60,58,59,59,60,
60,61,58,59,58,59,59,60,61,61,59,61,58,61,58,62,57,59,58,60,59,58,62,60,58,60,60,61,61,60,60,59,59,59,60,57,61,61,59,61,58,59,59,59,60,60,60,58,58,60,59,60,59,60,62,59,61,60,59,59,57,60,59,59,58,58,62,62,58,58,61,58,58,59,59,57,60,59,59,59,62,63,59,57,58,61,61,61,58,59,59,62,61,58,59,60,58,60,60,59,58,60,60,60,60,60,60,59,58,61,61,60,61,58,58,58,58,59,58,61,59,58,61,62,58,60,58,59,61,60,59,61,59,59,61,62,61,58,59,60,59,59,61,59,61,59,58,58,57,60,60,61,61,58,62,59,58,60,60,62,60,59,60,58,59,58,59,58,59,59,58,60,60,58,59,60,60,61,59,58,60,61,60,59,60,59,60,61,61,58,61,62,58,60,57,60,57,57,58,61,59,61,58,59,59,59,59,60,60,57,59,58,60,60,61,59,58,61,58,58,58,60,59,59,60,61,62,59,57,60,61,59,60,61,61,61,58,59,60,59,60,60,60,58,59,61,59,60,59,59,60,59,61,60,60,61,
59,60,59,58,62,59,58,59,62,64,62,59,61,62,60,62,60,58,60,59,60,59,59,59,59,60,60,61,61,62,60,60,59,60,61,61,61,60,59,59,59,59,60,59,59,62,61,60,60,59,60,59,60,61,61,62,60,59,60,58,60,59,58,60,61,59,58,59,60,60,59,59,61,59,60,59,62,59,59,59,59,59,61,59,58,63,62,62,61,60,60,62,60,58,59,61,60,62,60,60,59,60,58,60,60,60,58,59,60,61,61,59,61,61,60,58,59,60,60,60,62,59,61,60,59,61,59,59,59,61,61,61,60,62,61,59,60,60,60,61,61,60,59,59,60,62,60,58,60,59,62,62,62,60,59,61,62,59,59,60,59,59,61,61,60,59,59,60,60,60,60,62,62,60,60,60,58,61,60,59,61,60,61,61,59,60,60,61,60,60,59,60,61,60,59,58,60,58,62,59,61,60,59,60,62,60,62,61,60,60,60,59,59,60,62,61,59,61,62,59,60,59,62,59,60,59,62,59,60,60,61,61,60,60,60,60,60,60,61,58,60,60,60,59,59,60,60,59,59,62,60,61,60,61,61,59,
59,60,61,61,62,59,60,62,60,61,64,61,59,62,59,60,60,61,62,60,59,62,60,59,61,60,60,61,61,62,61,60,60,60,61,60,60,60,61,62,60,61,61,61,61,61,61,61,62,60,62,59,60,59,60,62,61,61,60,61,60,60,62,59,60,61,62,61,59,60,61,59,62,62,63,61,61,60,60,60,59,60,61,63,60,62,63,59,64,60,61,61,61,59,59,60,62,60,60,60,61,61,61,60,61,61,61,59,61,61,60,60,60,59,61,61,61,62,60,61,63,62,60,61,61,60,61,61,61,61,60,62,61,61,62,60,60,61,61,60,62,62,61,60,60,61,60,60,60,60,61,62,60,60,62,61,61,59,61,62,61,61,61,61,61,59,60,62,61,61,61,60,61,63,61,62,60,60,60,60,61,63,60,60,60,62,59,59,60,61,60,61,62,61,61,63,62,59,62,60,62,60,64,61,62,63,63,60,62,60,60,61,59,63,63,61,61,59,62,61,62,60,62,59,61,63,60,62,61,61,62,61,60,61,61,60,60,60,61,62,59,60,62,60,60,61,60,60,62,62,60,60,60,61,61,60,
60,61,61,61,62,61,60,61,60,62,62,62,61,63,64,62,62,63,62,62,62,62,62,60,60,61,61,61,61,61,62,62,62,61,60,62,60,61,62,61,63,63,62,64,62,61,62,62,61,62,63,63,61,62,61,61,62,61,63,61,61,60,63,62,62,61,63,60,61,63,61,61,61,60,61,61,61,61,61,60,60,61,61,62,62,62,61,63,62,62,62,62,61,60,63,60,62,61,63,61,63,63,63,61,61,63,62,63,60,61,61,61,60,60,62,61,60,62,62,62,60,62,61,62,62,62,60,61,61,62,60,63,62,62,61,60,61,60,63,61,61,61,60,62,62,60,63,61,62,61,61,60,60,61,61,60,61,60,63,62,61,60,61,61,62,60,60,63,62,62,62,62,62,60,60,63,63,61,62,62,61,61,63,62,62,61,63,61,61,62,60,61,61,61,62,64,62,63,61,62,61,60,61,61,63,63,61,61,62,62,60,64,62,60,63,63,61,62,62,62,61,62,61,62,60,62,60,62,62,62,60,61,62,60,60,61,60,61,62,62,62,60,61,61,61,62,61,60,60,61,61,61,62,61,62,61,
61,63,62,61,62,62,61,62,62,64,61,62,62,63,64,63,61,63,61,61,61,61,63,62,61,63,61,62,62,61,62,63,61,63,61,61,62,63,62,61,63,63,61,62,62,63,61,63,62,62,62,61,62,62,63,62,61,62,63,64,62,62,61,61,62,62,62,61,61,61,62,61,63,61,62,61,62,61,62,64,62,63,61,63,63,61,62,62,62,61,63,61,62,61,64,62,61,63,62,64,63,62,61,63,62,61,62,64,63,62,63,61,61,63,62,62,62,62,61,62,63,63,61,62,62,61,62,63,61,62,62,62,62,62,62,63,61,61,61,62,61,61,61,63,62,61,62,62,61,62,62,61,63,62,61,61,63,62,64,63,63,62,61,62,64,61,61,61,63,63,63,62,62,61,61,61,64,62,63,63,62,62,63,63,61,62,62,62,61,62,62,61,61,62,62,61,62,63,61,61,61,61,62,61,63,62,64,62,63,63,62,64,62,61,63,61,61,61,61,62,64,63,63,62,61,64,63,62,62,63,62,62,63,61,62,62,63,61,62,63,62,61,63,62,61,61,61,62,61,61,62,62,62,62,62,62,
62,62,62,63,64,63,62,63,63,62,64,62,63,62,64,64,63,62,63,62,62,64,64,62,62,62,63,63,64,62,62,62,62,62,64,62,64,62,63,63,62,62,62,62,63,62,62,64,63,63,63,63,63,63,63,63,63,62,63,62,63,63,63,62,62,63,62,64,64,62,63,64,63,63,62,62,62,62,63,62,62,64,62,64,62,62,63,63,63,62,62,63,62,62,62,63,63,64,62,63,63,63,62,64,63,63,63,63,63,63,63,62,64,62,63,64,62,62,62,63,62,63,63,64,62,63,63,63,63,64,62,63,62,63,63,63,63,63,62,63,63,64,63,63,63,62,62,62,62,63,62,62,62,62,62,62,63,63,62,63,62,63,62,62,62,63,62,62,63,64,63,63,63,63,63,63,63,64,62,62,63,63,63,62,63,63,62,63,63,62,62,63,63,62,64,63,64,63,64,62,62,63,64,63,63,64,62,62,62,63,62,63,62,62,64,62,62,63,62,63,63,63,63,63,63,63,62,62,63,62,62,63,63,62,62,62,62,63,63,63,63,62,63,64,62,62,62,62,62,62,63,63,63,62,62,63,
64,63,63,63,63,64,63,63,63,64,63,63,63,63,63,63,64,63,64,63,63,63,64,63,64,63,64,64,64,63,64,63,63,63,63,63,64,64,64,63,63,63,63,63,64,64,63,63,63,63,64,64,63,64,64,63,63,64,63,64,63,64,64,63,63,63,63,64,64,64,63,63,64,63,64,63,64,63,64,64,63,63,64,63,63,63,63,63,63,63,63,63,63,64,63,63,63,63,64,63,64,63,63,63,63,64,63,63,63,63,63,63,63,63,63,64,63,64,63,63,64,64,63,64,64,63,64,64,64,64,63,63,64,63,64,63,63,64,63,63,63,63,64,64,63,63,64,63,63,63,63,63,63,63,63,63,63,63,63,63,63,64,63,64,64,64,63,64,63,63,63,63,64,63,64,64,63,63,64,63,63,63,63,63,64,64,63,63,64,64,64,63,63,64,64,63,64,63,64,63,64,63,64,63,63,63,63,64,64,63,63,64,64,63,63,63,63,63,63,64,63,63,63,63,64,63,63,63,63,63,63,64,63,63,63,64,64,64,63,64,63,63,64,64,64,63,63,64,63,63,63,63,63,63,63,63,
64,64,64,64,64,64,64,64,64,64,64,64,64,64,64,64,64,64,64,64,64,64,64,64,64,64,64,64,64,64,64,64,64,64,64,64,64,64,64,64,64,64,64,64,64,64,64,64,64,64,64,64,64,64,64,64,64,64,64,64,64,64,64,64,64,64,64,64,64,64,64,64,64,64,64,64,64,64,64,64,64,64,64,64,64,64,64,64,64,64,64,64,64,64,64,64,64,64,64,64,64,64,64,64,64,64,64,64,64,64,64,64,64,64,64,64,64,64,64,64,64,64,64,64,64,64,64,64,64,64,64,64,64,64,64,64,64,64,64,64,64,64,64,64,64,64,64,64,64,64,64,64,64,64,64,64,64,64,64,64,64,64,64,64,64,64,64,64,64,64,64,64,64,64,64,64,64,64,64,64,64,64,64,64,64,64,64,64,64,64,64,64,64,64,64,64,64,64,64,64,64,64,64,64,64,64,64,64,64,64,64,64,64,64,64,64,64,64,64,64,64,64,64,64,64,64,64,64,64,64,64,64,64,64,64,64,64,64,64,64,64,64,64,64,64,64,64,64,64,64,64,64,64,64,64,64,