[64, 256, 128]
0,0,0,0,0,0,0,0,0,0,0,0,0,0,0,0,0,0,0,0,0,0,0,0,0,0,0,0,0,0,0,0,0,0,0,0,0,0,0,0,0,0,0,0,0,0,0,0,0,0,0,0,0,0,0,0,0,0,0,0,0,0,0,0,0,0,0,0,0,0,0,0,0,0,0,0,0,0,0,0,0,0,0,0,0,0,0,0,0,0,0,0,0,0,0,0,0,0,0,0,0,0,0,0,0,0,0,0,0,0,0,0,0,0,0,0,0,0,0,0,0,0,0,0,0,0,0,0,0,0,0,0,0,0,0,0,0,0,0,0,0,0,0,0,0,0,0,0,0,0,0,0,0,0,0,0,0,0,0,0,0,0,0,0,0,0,0,0,0,0,0,0,0,0,0,0,0,0,0,0,0,0,0,0,0,0,0,0,0,0,0,0,0,0,0,0,0,0,0,0,0,0,0,0,0,0,0,0,0,0,0,0,0,0,0,0,0,0,0,0,0,0,0,0,0,0,0,0,0,0,0,0,0,0,0,0,0,0,0,0,0,0,0,0,0,0,0,0,0,0,0,0,0,0,0,0,
0,0,0,0,0,0,0,0,0,0,0,0,0,0,0,0,0,0,0,0,0,0,0,0,0,0,0,0,0,0,0,0,0,0,0,0,0,0,0,0,0,0,0,0,0,0,0,0,0,0,0,0,0,0,0,0,0,0,0,0,0,0,0,0,0,0,0,0,0,0,0,0,0,0,0,0,0,0,0,0,0,0,0,0,0,0,0,0,0,0,0,0,0,0,0,0,0,0,0,0,0,0,0,0,0,0,0,0,0,0,0,0,0,0,0,0,0,0,0,0,0,0,0,0,0,0,0,0,0,0,0,0,0,0,0,0,0,0,0,0,0,0,0,0,0,0,0,0,0,0,0,0,0,0,0,0,0,0,0,0,0,0,0,0,0,0,0,0,0,0,0,0,0,0,0,0,0,0,0,0,0,0,0,0,0,0,0,0,0,0,0,0,0,0,0,0,0,0,0,0,0,0,0,0,0,0,0,0,0,0,0,0,0,0,0,0,0,0,0,0,0,0,0,0,0,0,0,0,0,0,0,0,0,0,0,0,0,0,0,0,0,0,0,0,0,0,0,0,0,0,0,0,0,0,0,0,
0,0,0,0,0,0,0,0,0,0,0,0,0,0,0,0,0,0,0,0,0,0,0,0,0,0,0,0,0,0,0,0,0,0,0,0,0,0,0,0,0,0,0,0,0,0,0,0,0,0,0,0,0,0,0,0,0,0,0,0,0,0,0,0,0,0,0,0,0,0,0,0,0,0,0,0,0,0,0,0,0,0,0,0,0,0,0,0,0,0,0,0,0,0,0,0,0,0,0,0,0,0,0,0,0,0,0,0,0,0,0,0,0,0,0,0,0,0,0,0,0,0,0,0,0,0,0,0,0,0,0,0,0,0,0,0,0,0,0,0,0,0,0,0,0,0,0,0,0,0,0,0,0,0,0,0,0,0,0,0,0,0,0,0,0,0,0,0,0,0,0,0,0,0,0,0,0,0,0,0,0,0,0,0,0,0,0,0,0,0,0,0,0,0,0,0,0,0,0,0,0,0,0,0,0,0,0,0,0,0,0,0,0,0,0,0,0,0,0,0,0,0,0,0,0,0,0,0,0,0,0,0,0,0,0,0,0,0,0,0,0,0,0,0,0,0,0,0,0,0,0,0,0,0,0,0,
0,0,0,0,0,0,0,0,0,0,0,0,0,0,0,0,0,0,0,0,0,0,0,0,0,0,0,0,0,0,0,0,0,0,0,0,0,0,0,0,0,0,0,0,0,0,0,0,0,0,0,0,0,0,0,0,0,0,0,0,0,0,0,0,0,0,0,0,0,0,0,0,0,0,0,0,0,0,0,0,0,0,0,0,0,0,0,0,0,0,0,0,0,0,0,0,0,0,0,0,0,0,0,0,0,0,0,0,0,0,0,0,0,0,0,0,0,0,0,0,0,0,0,0,0,0,0,0,0,0,0,0,0,0,0,0,0,0,0,0,0,0,0,0,0,0,0,0,0,0,0,0,0,0,0,0,0,0,0,0,0,0,0,0,0,0,0,0,0,0,0,0,0,0,0,0,0,0,0,0,0,0,0,0,0,0,0,0,0,0,0,0,0,0,0,0,0,0,0,0,0,0,0,0,0,0,0,0,0,0,0,0,0,0,0,0,0,0,0,0,0,0,0,0,0,0,0,0,0,0,0,0,0,0,0,0,0,0,0,0,0,0,0,0,0,0,0,0,0,0,0,0,0,0,0,0,
0,0,0,0,0,0,0,0,0,0,0,0,0,0,0,0,0,0,0,0,0,0,0,0,0,0,0,0,0,0,0,0,0,0,0,0,0,0,0,0,0,0,0,0,0,0,0,0,0,0,0,0,0,0,0,0,0,0,0,0,0,0,0,0,0,0,0,0,0,0,0,0,0,0,0,0,0,0,0,0,0,0,0,0,0,0,0,0,0,0,0,0,0,0,0,0,0,0,0,0,0,0,0,0,0,0,0,0,0,0,0,0,0,0,0,0,0,0,0,0,0,0,0,0,0,0,0,0,0,0,0,0,0,0,0,0,0,0,0,0,0,0,0,0,0,0,0,0,0,0,0,0,0,0,0,0,0,0,0,0,0,0,0,0,0,0,0,0,0,0,0,0,0,0,0,0,0,0,0,0,0,0,0,0,0,0,0,0,0,0,0,0,0,0,0,0,0,0,0,0,0,0,0,0,0,0,0,0,0,0,0,0,0,0,0,0,0,0,0,0,0,0,0,0,0,0,0,0,0,0,0,0,0,0,0,0,0,0,0,0,0,0,0,0,0,0,0,0,0,0,0,0,0,0,0,0,
0,0,0,0,0,0,0,0,0,0,0,0,0,0,0,0,0,0,0,0,0,0,0,0,0,0,0,0,0,0,0,0,0,0,0,0,0,0,0,0,0,0,0,0,0,0,0,0,0,0,0,0,0,0,0,0,0,0,0,0,0,0,0,0,0,0,0,0,0,0,0,0,0,0,0,0,0,0,0,0,0,0,0,0,0,0,0,0,0,0,0,0,0,0,0,0,0,0,0,0,0,0,0,0,0,0,0,0,0,0,0,0,0,0,0,0,0,0,0,0,0,0,0,0,0,0,0,0,0,0,0,0,0,0,0,0,0,0,0,0,0,0,0,0,0,0,0,0,0,0,0,0,0,0,0,0,0,0,0,0,0,0,0,0,0,0,0,0,0,0,0,0,0,0,0,0,0,0,0,0,0,0,0,0,0,0,0,0,0,0,0,0,0,0,0,0,0,0,0,0,0,0,0,0,0,0,0,0,0,0,0,0,0,0,0,0,0,0,0,0,0,0,0,0,0,0,0,0,0,0,0,0,0,0,0,0,0,0,0,0,0,0,0,0,0,0,0,0,0,0,0,0,0,0,0,0,
0,0,0,0,0,0,0,0,0,0,0,0,0,0,0,0,0,0,0,0,0,0,0,0,0,0,0,0,0,0,0,0,0,0,0,0,0,0,0,0,0,0,0,0,0,0,0,0,0,0,0,0,0,0,0,0,0,0,0,0,0,0,0,0,0,0,0,0,0,0,0,0,0,0,0,0,0,0,0,0,0,0,0,0,0,0,0,0,0,0,0,0,0,0,0,0,0,0,0,0,0,0,0,0,0,0,0,0,0,0,0,0,0,0,0,0,0,0,0,0,0,0,0,0,0,0,0,0,0,0,0,0,0,0,0,0,0,0,0,0,0,0,0,0,0,0,0,0,0,0,0,0,0,0,0,0,0,0,0,0,0,0,0,0,0,0,0,0,0,0,0,0,0,0,0,0,0,0,0,0,0,0,0,0,0,0,0,0,0,0,0,0,0,0,0,0,0,0,0,0,0,0,0,0,0,0,0,0,0,0,0,0,0,0,0,0,0,0,0,0,0,0,0,0,0,0,0,0,0,0,0,0,0,0,0,0,0,0,0,0,0,0,0,0,0,0,0,0,0,0,0,0,0,0,0,0,
0,0,0,0,0,0,0,0,0,0,0,0,0,0,0,0,0,0,0,0,0,0,0,0,0,0,0,0,0,0,0,0,0,0,0,0,0,0,0,0,0,0,0,0,0,0,0,0,0,0,0,0,0,0,0,0,0,0,0,0,0,0,0,0,0,0,0,0,0,0,0,0,0,0,0,0,0,0,0,0,0,0,0,0,0,0,0,0,0,0,0,0,0,0,0,0,0,0,0,0,0,0,0,0,0,0,0,0,0,0,0,0,0,0,0,0,0,0,0,0,0,0,0,0,0,0,0,0,0,0,0,0,0,0,0,0,0,0,0,0,0,0,0,0,0,0,0,0,0,0,0,0,0,0,0,0,0,0,0,0,0,0,0,0,0,0,0,0,0,0,0,0,0,0,0,0,0,0,0,0,0,0,0,0,0,0,0,0,0,0,0,0,0,0,0,0,0,0,0,0,0,0,0,0,0,0,0,0,0,0,0,0,0,0,0,0,0,0,0,0,0,0,0,0,0,0,0,0,0,0,0,0,0,0,0,0,0,0,0,0,0,0,0,0,0,0,0,0,0,0,0,0,0,0,0,0,
0,0,0,0,0,0,0,0,0,0,0,0,0,0,0,0,0,0,0,0,0,0,0,0,0,0,0,0,0,0,0,0,0,0,0,0,0,0,0,0,0,0,0,0,0,0,0,0,0,0,0,0,0,0,0,0,0,0,0,0,0,0,0,0,0,0,0,0,0,0,0,0,0,0,0,0,0,0,0,0,0,0,0,0,0,0,0,0,0,0,0,0,0,0,0,0,0,0,0,0,0,0,0,0,0,0,0,0,0,0,0,0,0,0,0,0,0,0,0,0,0,0,0,0,0,0,0,0,0,0,0,0,0,0,0,0,0,0,0,0,0,0,0,0,0,0,0,0,0,0,0,0,0,0,0,0,0,0,0,0,0,0,0,0,0,0,0,0,0,0,0,0,0,0,0,0,0,0,0,0,0,0,0,0,0,0,0,0,0,0,0,0,0,0,0,0,0,0,0,0,0,0,0,0,0,0,0,0,0,0,0,0,0,0,0,0,0,0,0,0,0,0,0,0,0,0,0,0,0,0,0,0,0,0,0,0,0,0,0,0,0,0,0,0,0,0,0,0,0,0,0,0,0,0,0,0,
0,0,0,0,0,0,0,0,0,0,0,0,0,0,0,0,0,0,0,0,0,0,0,0,0,0,0,0,0,0,0,0,0,0,0,0,0,0,0,0,0,0,0,0,0,0,0,0,0,0,0,0,0,0,0,0,0,0,0,0,0,0,0,0,0,0,0,0,0,0,0,0,0,0,0,0,0,0,0,0,0,0,0,0,0,0,0,0,0,0,0,0,0,0,0,0,0,0,0,0,0,0,0,0,0,0,0,0,0,0,0,0,0,0,0,0,0,0,0,0,0,0,0,0,0,0,0,0,0,0,0,0,0,0,0,0,0,0,0,0,0,0,0,0,0,0,0,0,0,0,0,0,0,0,0,0,0,0,0,0,0,0,0,0,0,0,0,0,0,0,0,0,0,0,0,0,0,0,0,0,0,0,0,0,0,0,0,0,0,0,0,0,0,0,0,0,0,0,0,0,0,0,0,0,0,0,0,0,0,0,0,0,0,0,0,0,0,0,0,0,0,0,0,0,0,0,0,0,0,0,0,0,0,0,0,0,0,0,0,0,0,0,0,0,0,0,0,0,0,0,0,0,0,0,0,0,
0,0,0,0,0,0,0,0,0,0,0,0,0,0,0,0,0,0,0,0,0,0,0,0,0,0,0,0,0,0,0,0,0,0,0,0,0,0,0,0,0,0,0,0,0,0,0,0,0,0,0,0,0,0,0,0,0,0,0,0,0,0,0,0,0,0,0,0,0,0,0,0,0,0,0,0,0,0,0,0,0,0,0,0,0,0,0,0,0,0,0,0,0,0,0,0,0,0,0,0,0,0,0,0,0,0,0,0,0,0,0,0,0,0,0,0,0,0,0,0,0,0,0,0,0,0,0,0,0,0,0,0,0,0,0,0,0,0,0,0,0,0,0,0,0,0,0,0,0,0,0,0,0,0,0,0,0,0,0,0,0,0,0,0,0,0,0,0,0,0,0,0,0,0,0,0,0,0,0,0,0,0,0,0,0,0,0,0,0,0,0,0,0,0,0,0,0,0,0,0,0,0,0,0,0,0,0,0,0,0,0,0,0,0,0,0,0,0,0,0,0,0,0,0,0,0,0,0,0,0,0,0,0,0,0,0,0,0,0,0,0,0,0,0,0,0,0,0,0,0,0,0,0,0,0,0,
0,0,0,0,0,0,0,0,0,0,0,0,0,0,0,0,0,0,0,0,0,0,0,0,0,0,0,0,0,0,0,0,0,0,0,0,0,0,0,0,0,0,0,0,0,0,0,0,0,0,0,0,0,0,0,0,0,0,0,0,0,0,0,0,0,0,0,0,0,0,0,0,0,0,0,0,0,0,0,0,0,0,0,0,0,0,0,0,0,0,0,0,0,0,0,0,0,0,0,0,0,0,0,0,0,0,0,0,0,0,0,0,0,0,0,0,0,0,0,0,0,0,0,0,0,0,0,0,0,0,0,0,0,0,0,0,0,0,0,0,0,0,0,0,0,0,0,0,0,0,0,0,0,0,0,0,0,0,0,0,0,0,0,0,0,0,0,0,0,0,0,0,0,0,0,0,0,0,0,0,0,0,0,0,0,0,0,0,0,0,0,0,0,0,0,0,0,0,0,0,0,0,0,0,0,0,0,0,0,0,0,0,0,0,0,0,0,0,0,0,0,0,0,0,0,0,0,0,0,0,0,0,0,0,0,0,0,0,0,0,0,0,0,0,0,0,0,0,0,0,0,0,0,0,0,0,
0,0,0,0,0,0,0,0,0,0,0,0,0,0,0,0,0,0,0,0,0,0,0,0,0,0,0,0,0,0,0,0,0,0,0,0,0,0,0,0,0,0,0,0,0,0,0,0,0,0,0,0,0,0,0,0,0,0,0,0,0,0,0,0,0,0,0,0,0,0,0,0,0,0,0,0,0,0,0,0,0,0,0,0,0,0,0,0,0,0,0,0,0,0,0,0,0,0,0,0,0,0,0,0,0,0,0,0,0,0,0,0,0,0,0,0,0,0,0,0,0,0,0,0,0,0,0,0,0,0,0,0,0,0,0,0,0,0,0,0,0,0,0,0,0,0,0,0,0,0,0,0,0,0,0,0,0,0,0,0,0,0,0,0,0,0,0,0,0,0,0,0,0,0,0,0,0,0,0,0,0,0,0,0,0,0,0,0,0,0,0,0,0,0,0,0,0,0,0,0,0,0,0,0,0,0,0,0,0,0,0,0,0,0,0,0,0,0,0,0,0,0,0,0,0,0,0,0,0,0,0,0,0,0,0,0,0,0,0,0,0,0,0,0,0,0,0,0,0,0,0,0,0,0,0,0,
0,0,0,0,0,0,0,0,0,0,0,0,0,0,0,0,0,0,0,0,0,0,0,0,0,0,0,0,0,0,0,0,0,0,0,0,0,0,0,0,0,0,0,0,0,0,0,0,0,0,0,0,0,0,0,0,0,0,0,0,0,0,0,0,0,0,0,0,0,0,0,0,0,0,0,0,0,0,0,0,0,0,0,0,0,0,0,0,0,0,0,0,0,0,0,0,0,0,0,0,0,0,0,0,0,0,0,0,0,0,0,0,0,0,0,0,0,0,0,0,0,0,0,0,0,0,0,0,0,0,0,0,0,0,0,0,0,0,0,0,0,0,0,0,0,0,0,0,0,0,0,0,0,0,0,0,0,0,0,0,0,0,0,0,0,0,0,0,0,0,0,0,0,0,0,0,0,0,0,0,0,0,0,0,0,0,0,0,0,0,0,0,0,0,0,0,0,0,0,0,0,0,0,0,0,0,0,0,0,0,0,0,0,0,0,0,0,0,0,0,0,0,0,0,0,0,0,0,0,0,0,0,0,0,0,0,0,0,0,0,0,0,0,0,0,0,0,0,0,0,0,0,0,0,0,0,
0,0,0,0,0,0,0,0,0,0,0,0,0,0,0,0,0,0,0,0,0,0,0,0,0,0,0,0,0,0,0,0,0,0,0,0,0,0,0,0,0,0,0,0,0,0,0,0,0,0,0,0,0,0,0,0,0,0,0,0,0,0,0,0,0,0,0,0,0,0,0,0,0,0,0,0,0,0,0,0,0,0,0,0,0,0,0,0,0,0,0,0,0,0,0,0,0,0,0,0,0,0,0,0,0,0,0,0,0,0,0,0,0,0,0,0,0,0,0,0,0,0,0,0,0,0,0,0,0,0,0,0,0,0,0,0,0,0,0,0,0,0,0,0,0,0,0,0,0,0,0,0,0,0,0,0,0,0,0,0,0,0,0,0,0,0,0,0,0,0,0,0,0,0,0,0,0,0,0,0,0,0,0,0,0,0,0,0,0,0,0,0,0,0,0,0,0,0,0,0,0,0,0,0,0,0,0,0,0,0,0,0,0,0,0,0,0,0,0,0,0,0,0,0,0,0,0,0,0,0,0,0,0,0,0,0,0,0,0,0,0,0,0,0,0,0,0,0,0,0,0,0,0,0,0,0,
0,0,0,0,0,0,0,0,0,0,0,0,0,0,0,0,0,0,0,0,0,0,0,0,0,0,0,0,0,0,0,0,0,0,0,0,0,0,0,0,0,0,0,0,0,0,0,0,0,0,0,0,0,0,0,0,0,0,0,0,0,0,0,0,0,0,0,0,0,0,0,0,0,0,0,0,0,0,0,0,0,0,0,0,0,0,0,0,0,0,0,0,0,0,0,0,0,0,0,0,0,0,0,0,0,0,0,0,0,0,0,0,0,0,0,0,0,0,0,0,0,0,0,0,0,0,0,0,0,0,0,0,0,0,0,0,0,0,0,0,0,0,0,0,0,0,0,0,0,0,0,0,0,0,0,0,0,0,0,0,0,0,0,0,0,0,0,0,0,0,0,0,0,0,0,0,0,0,0,0,0,0,0,0,0,0,0,0,0,0,0,0,0,0,0,0,0,0,0,0,0,0,0,0,0,0,0,0,0,0,0,0,0,0,0,0,0,0,0,0,0,0,0,0,0,0,0,0,0,0,0,0,0,0,0,0,0,0,0,0,0,0,0,0,0,0,0,0,0,0,0,0,0,0,0,0,
0,0,0,0,0,0,0,0,0,0,0,0,0,0,0,0,0,0,0,0,0,0,0,0,0,0,0,0,0,0,0,0,0,0,0,0,0,0,0,0,0,0,0,0,0,0,0,0,0,0,0,0,0,0,0,0,0,0,0,0,0,0,0,0,0,0,0,0,0,0,0,0,0,0,0,0,0,0,0,0,0,0,0,0,0,0,0,0,0,0,0,0,0,0,0,0,0,0,0,0,0,0,0,0,0,0,0,0,0,0,0,0,0,0,0,0,0,0,0,0,0,0,0,0,0,0,0,0,0,0,0,0,0,0,0,0,0,0,0,0,0,0,0,0,0,0,0,0,0,0,0,0,0,0,0,0,0,0,0,0,0,0,0,0,0,0,0,0,0,0,0,0,0,0,0,0,0,0,0,0,0,0,0,0,0,0,0,0,0,0,0,0,0,0,0,0,0,0,0,0,0,0,0,0,0,0,0,0,0,0,0,0,0,0,0,0,0,0,0,0,0,0,0,0,0,0,0,0,0,0,0,0,0,0,0,0,0,0,0,0,0,0,0,0,0,0,0,0,0,0,0,0,0,0,0,0,
0,0,0,0,0,0,0,0,0,0,0,0,0,0,0,0,0,0,0,0,0,0,0,0,0,0,0,0,0,0,0,0,0,0,0,0,0,0,0,0,0,0,0,0,0,0,0,0,0,0,0,0,0,0,0,0,0,0,0,0,0,0,0,0,0,0,0,0,0,0,0,0,0,0,0,0,0,0,0,0,0,0,0,0,0,0,0,0,0,0,0,0,0,0,0,0,0,0,0,0,0,0,0,0,0,0,0,0,0,0,0,0,0,0,0,0,0,0,0,0,0,0,0,0,0,0,0,0,0,0,0,0,0,0,0,0,0,0,0,0,0,0,0,0,0,0,0,0,0,0,0,0,0,0,0,0,0,0,0,0,0,0,0,0,0,0,0,0,0,0,0,0,0,0,0,0,0,0,0,0,0,0,0,0,0,0,0,0,0,0,0,0,0,0,0,0,0,0,0,0,0,0,0,0,0,0,0,0,0,0,0,0,0,0,0,0,0,0,0,0,0,0,0,0,0,0,0,0,0,0,0,0,0,0,0,0,0,0,0,0,0,0,0,0,0,0,0,0,0,0,0,0,0,0,0,0,
0,0,0,0,0,0,0,0,0,0,0,0,0,0,0,0,0,0,0,0,0,0,0,0,0,0,0,0,0,0,0,0,0,0,0,0,0,0,0,0,0,0,0,0,0,0,0,0,0,0,0,0,0,0,0,0,0,0,0,0,0,0,0,0,0,0,0,0,0,0,0,0,0,0,0,0,0,0,0,0,0,0,0,0,0,0,0,0,0,0,0,0,0,0,0,0,0,0,0,0,0,0,0,0,0,0,0,0,0,0,0,0,0,0,0,0,0,0,0,0,0,0,0,0,0,0,0,0,0,0,0,0,0,0,0,0,0,0,0,0,0,0,0,0,0,0,0,0,0,0,0,0,0,0,0,0,0,0,0,0,0,0,0,0,0,0,0,0,0,0,0,0,0,0,0,0,0,0,0,0,0,0,0,0,0,0,0,0,0,0,0,0,0,0,0,0,0,0,0,0,0,0,0,0,0,0,0,0,0,0,0,0,0,0,0,0,0,0,0,0,0,0,0,0,0,0,0,0,0,0,0,0,0,0,0,0,0,0,0,0,0,0,0,0,0,0,0,0,0,0,0,0,0,0,0,0,
0,0,0,0,0,0,0,0,0,0,0,0,0,0,0,0,0,0,0,0,0,0,0,0,0,0,0,0,0,0,0,0,0,0,0,0,0,0,0,0,0,0,0,0,0,0,0,0,0,0,0,0,0,0,0,0,0,0,0,0,0,0,0,0,0,0,0,0,0,0,0,0,0,0,0,0,0,0,0,0,0,0,0,0,0,0,0,0,0,0,0,0,0,0,0,0,0,0,0,0,0,0,0,0,0,0,0,0,0,0,0,0,0,0,0,0,0,0,0,0,0,0,0,0,0,0,0,0,0,0,0,0,0,0,0,0,0,0,0,0,0,0,0,0,0,0,0,0,0,0,0,0,0,0,0,0,0,0,0,0,0,0,0,0,0,0,0,0,0,0,0,0,0,0,0,0,0,0,0,0,0,0,0,0,0,0,0,0,0,0,0,0,0,0,0,0,0,0,0,0,0,0,0,0,0,0,0,0,0,0,0,0,0,0,0,0,0,0,0,0,0,0,0,0,0,0,0,0,0,0,0,0,0,0,0,0,0,0,0,0,0,0,0,0,0,0,0,0,0,0,0,0,0,0,0,0,
0,0,0,0,0,0,0,0,0,0,0,0,0,0,0,0,0,0,0,0,0,0,0,0,0,0,0,0,0,0,0,0,0,0,0,0,0,0,0,0,0,0,0,0,0,0,0,0,0,0,0,0,0,0,0,0,0,0,0,0,0,0,0,0,0,0,0,0,0,0,0,0,0,0,0,0,0,0,0,0,0,0,0,0,0,0,0,0,0,0,0,0,0,0,0,0,0,0,0,0,0,0,0,0,0,0,0,0,0,0,0,0,0,0,0,0,0,0,0,0,0,0,0,0,0,0,0,0,0,0,0,0,0,0,0,0,0,0,0,0,0,0,0,0,0,0,0,0,0,0,0,0,0,0,0,0,0,0,0,0,0,0,0,0,0,0,0,0,0,0,0,0,0,0,0,0,0,0,0,0,0,0,0,0,0,0,0,0,0,0,0,0,0,0,0,0,0,0,0,0,0,0,0,0,0,0,0,0,0,0,0,0,0,0,0,0,0,0,0,0,0,0,0,0,0,0,0,0,0,0,0,0,0,0,0,0,0,0,0,0,0,0,0,0,0,0,0,0,0,0,0,0,0,0,0,0,
0,0,0,0,0,0,0,0,0,0,0,0,0,0,0,0,0,0,0,0,0,0,0,0,0,0,0,0,0,0,0,0,0,0,0,0,0,0,0,0,0,0,0,0,0,0,0,0,0,0,0,0,0,0,0,0,0,0,0,0,0,0,0,0,0,0,0,0,0,0,0,0,0,0,0,0,0,0,0,0,0,0,0,0,0,0,0,0,0,0,0,0,0,0,0,0,0,0,0,0,0,0,0,0,0,0,0,0,0,0,0,0,0,0,0,0,0,0,0,0,0,0,0,0,0,0,0,0,0,0,0,0,0,0,0,0,0,0,0,0,0,0,0,0,0,0,0,0,0,0,0,0,0,0,0,0,0,0,0,0,0,0,0,0,0,0,0,0,0,0,0,0,0,0,0,0,0,0,0,0,0,0,0,0,0,0,0,0,0,0,0,0,0,0,0,0,0,0,0,0,0,0,0,0,0,0,0,0,0,0,0,0,0,0,0,0,0,0,0,0,0,0,0,0,0,0,0,0,0,0,0,0,0,0,0,0,0,0,0,0,0,0,0,0,0,0,0,0,0,0,0,0,0,0,0,0,
0,0,0,0,0,0,0,0,0,0,0,0,0,0,0,0,0,0,0,0,0,0,0,0,0,0,0,0,0,0,0,0,0,0,0,0,0,0,0,0,0,0,0,0,0,0,0,0,0,0,0,0,0,0,0,0,0,0,0,0,0,0,0,0,0,0,0,0,0,0,0,0,0,0,0,0,0,0,0,0,0,0,0,0,0,0,0,0,0,0,0,0,0,0,0,0,0,0,0,0,0,0,0,0,0,0,0,0,0,0,0,0,0,0,0,0,0,0,0,0,0,0,0,0,0,0,0,0,0,0,0,0,0,0,0,0,0,0,0,0,0,0,0,0,0,0,0,0,0,0,0,0,0,0,0,0,0,0,0,0,0,0,0,0,0,0,0,0,0,0,0,0,0,0,0,0,0,0,0,0,0,0,0,0,0,0,0,0,0,0,0,0,0,0,0,0,0,0,0,0,0,0,0,0,0,0,0,0,0,0,0,0,0,6,0,0,0,0,0,0,0,0,0,0,0,0,0,0,0,0,0,0,0,0,0,0,0,0,0,0,0,0,0,0,0,0,0,0,0,0,0,0,0,0,0,0,
0,0,0,0,0,0,0,0,0,0,0,0,0,0,0,0,0,0,0,0,0,0,0,0,0,0,0,0,0,0,0,0,0,0,0,0,0,0,0,0,0,0,0,0,0,0,0,0,0,0,0,0,0,0,0,0,0,0,0,0,0,0,0,0,0,0,0,0,0,0,0,0,0,0,0,0,0,0,0,0,0,0,0,0,0,0,0,0,0,0,0,0,0,0,0,0,0,0,0,0,0,0,0,0,0,0,0,0,0,0,0,0,0,0,0,0,0,0,0,0,0,0,0,0,0,0,0,0,0,0,0,0,0,0,0,0,0,0,0,0,0,0,0,0,0,0,0,0,0,0,0,0,0,0,0,0,0,0,0,0,0,0,0,0,0,0,0,0,0,0,0,0,0,0,0,0,0,0,0,0,0,0,0,0,0,0,0,0,0,0,0,0,0,0,0,0,0,0,0,0,0,0,0,0,0,0,0,0,0,0,0,0,0,0,0,0,0,0,0,0,0,0,0,0,0,0,6,0,0,0,0,0,0,0,0,0,0,0,0,0,0,0,0,0,0,0,0,0,0,0,0,0,0,0,0,0,
0,0,0,0,0,0,0,0,0,0,0,0,0,0,0,0,0,0,0,0,0,5,4,0,0,0,0,1,0,0,0,0,0,0,0,0,0,0,0,0,0,0,0,0,0,0,0,0,0,0,0,0,0,0,0,0,0,0,0,0,0,0,0,0,0,0,0,0,0,0,0,0,0,0,0,0,0,0,0,0,0,0,0,0,0,0,0,0,0,0,0,0,0,0,0,0,0,0,0,0,0,0,0,0,0,0,0,0,0,0,0,0,0,0,0,0,0,0,0,0,0,0,0,0,0,0,0,0,0,0,0,0,0,0,0,0,0,0,0,0,0,0,0,0,0,0,0,0,0,0,0,0,0,0,0,0,0,0,0,0,0,0,0,0,0,0,0,0,0,0,0,0,0,0,0,0,0,0,0,0,0,0,0,0,0,0,0,0,0,0,0,0,0,0,0,0,0,0,0,0,0,0,0,0,0,0,0,0,0,0,0,0,0,6,0,0,9,0,0,0,0,0,0,0,0,0,6,4,0,0,0,0,0,0,0,0,0,0,0,0,0,0,0,0,0,0,0,0,0,0,0,0,0,0,0,0,
0,0,0,0,0,0,0,0,0,0,0,0,0,0,0,0,0,0,0,0,0,0,5,0,0,0,0,3,0,0,0,0,0,0,0,0,0,1,0,0,0,0,0,0,0,0,0,0,0,0,0,0,0,0,0,0,0,0,0,0,2,0,2,0,0,0,0,0,0,0,0,0,0,0,0,0,0,0,0,0,0,0,0,0,0,0,0,0,0,0,0,0,0,0,0,0,0,0,0,0,0,0,4,0,0,0,0,0,0,0,0,0,0,0,0,0,0,0,0,0,0,0,0,0,0,0,0,0,0,0,0,0,0,0,0,0,0,0,0,0,0,0,0,0,0,0,0,0,0,0,0,0,0,0,0,0,0,0,0,0,0,0,0,0,0,0,0,0,0,0,0,0,0,0,0,0,0,0,0,0,0,0,0,0,0,0,0,0,0,0,0,0,0,0,0,0,0,0,0,0,0,0,0,0,2,0,0,0,0,0,0,0,0,0,0,8,8,0,0,0,0,0,0,0,0,5,7,0,0,0,0,0,0,0,0,0,0,0,0,0,0,0,0,0,0,0,0,0,0,0,0,0,0,0,0,0,
0,0,0,0,0,0,0,0,0,0,0,0,0,0,7,0,0,0,4,0,0,0,0,0,3,0,0,0,3,0,0,3,0,0,0,0,0,1,1,0,0,0,0,0,0,0,0,0,0,0,0,0,0,0,0,0,0,0,0,0,0,0,0,0,2,0,0,0,0,0,0,0,0,0,0,0,0,0,0,0,0,0,0,0,0,0,0,0,0,0,0,0,0,0,0,0,0,0,0,0,0,0,4,5,0,0,0,0,0,0,0,0,0,0,0,0,0,0,0,0,0,0,0,0,0,0,0,0,0,0,0,0,0,0,0,1,4,0,0,0,0,0,0,0,0,0,0,0,0,0,0,0,0,0,0,0,0,0,0,0,0,0,0,0,0,0,0,0,0,0,0,0,0,0,0,0,0,0,0,0,0,0,0,0,0,0,0,0,0,0,0,3,0,0,0,0,0,0,0,0,0,2,0,0,2,0,0,0,0,0,0,0,0,0,0,0,0,5,7,0,0,0,0,0,0,0,6,0,0,0,0,0,0,0,0,0,0,0,0,0,0,0,0,0,0,0,0,0,0,0,0,0,0,0,0,0,
0,1,1,0,0,0,0,0,0,0,0,1,0,0,0,1,0,6,5,0,0,0,0,0,0,4,0,0,3,3,0,3,3,0,0,0,5,4,0,1,0,0,0,2,0,2,0,0,0,0,0,0,0,0,0,0,0,0,0,0,5,0,0,0,3,0,0,0,0,0,0,0,0,0,0,0,0,0,0,0,0,0,0,0,0,0,0,0,0,0,0,0,0,0,0,0,0,0,1,0,0,0,0,7,0,0,0,0,0,0,0,0,0,0,0,0,0,0,0,0,0,0,0,0,0,0,0,0,0,0,0,0,0,0,0,0,0,5,0,0,0,0,0,0,0,0,0,0,0,0,0,0,0,0,0,0,0,0,0,0,0,0,0,0,0,0,0,0,0,0,0,0,0,0,0,0,0,1,0,0,0,0,0,0,0,0,3,0,0,0,0,0,0,0,0,0,0,0,0,0,0,0,0,0,0,9,7,5,0,0,0,0,0,2,0,0,0,0,8,10,0,0,0,0,0,0,1,0,0,0,0,0,0,0,0,0,0,0,0,0,0,0,0,0,0,0,0,0,0,0,0,0,0,0,0,0,
0,0,0,0,0,0,0,0,0,0,2,0,0,0,2,1,0,0,6,0,0,0,0,0,0,0,4,2,1,3,0,4,0,4,0,0,1,6,4,2,0,0,0,2,0,2,0,0,0,0,0,0,0,0,0,0,0,0,0,0,0,6,0,0,0,0,0,5,1,2,0,0,4,1,0,0,0,0,0,0,0,0,0,0,0,0,0,0,0,0,0,0,0,0,0,0,0,2,2,0,0,0,0,2,0,0,0,0,0,0,0,0,0,0,0,0,0,0,0,0,0,0,0,0,0,0,0,0,0,0,0,0,1,0,0,0,0,0,0,0,0,0,0,0,0,0,0,0,0,0,0,0,2,0,0,0,0,0,0,0,0,0,0,0,0,0,0,0,0,0,0,0,0,0,0,0,0,0,2,0,1,1,0,5,2,1,5,3,3,0,0,0,0,0,0,0,4,0,0,0,0,0,0,7,10,0,4,6,6,2,0,0,2,3,0,0,0,0,2,8,9,8,0,0,0,0,0,0,0,0,0,0,0,0,0,0,0,0,0,0,0,0,0,0,0,0,0,0,0,0,0,0,0,0,0,0,
0,0,3,0,0,0,0,0,0,0,0,2,0,0,0,0,0,0,0,0,0,0,0,0,0,6,4,5,4,5,0,0,5,0,0,0,6,6,4,3,0,0,4,2,2,0,3,0,0,0,0,0,9,0,0,0,0,0,0,0,0,0,0,0,0,0,0,1,1,0,3,0,5,0,2,0,0,0,0,0,0,0,0,0,0,0,0,0,0,0,0,0,0,0,0,0,0,0,0,3,0,0,0,0,0,3,0,0,0,1,0,0,0,1,0,0,0,0,0,0,0,0,0,0,0,0,0,0,0,0,0,0,0,0,0,0,0,0,1,0,0,0,0,0,0,0,0,0,1,0,0,0,0,0,0,0,0,0,0,0,0,0,0,0,0,0,0,0,0,0,0,0,0,0,0,0,0,0,0,0,1,0,1,0,0,0,0,7,0,0,0,0,0,0,0,0,0,0,0,0,0,0,5,8,0,0,1,5,9,2,8,0,4,0,5,1,0,2,2,0,0,0,0,0,0,0,0,0,0,0,0,0,0,0,0,0,0,0,0,0,0,0,0,0,0,0,0,0,0,0,0,0,0,0,0,0,
4,0,0,5,0,0,0,0,5,0,2,2,0,0,0,4,0,0,0,0,0,0,2,0,0,0,4,5,4,0,0,0,0,0,0,0,6,4,5,0,0,0,0,0,3,4,1,0,0,0,8,0,0,0,0,0,0,0,0,0,2,1,0,0,0,0,0,0,3,5,5,0,0,0,3,0,0,0,0,0,0,0,0,0,0,0,0,0,0,3,0,0,0,0,0,0,0,0,0,3,0,0,0,0,0,0,2,0,0,0,0,0,0,2,0,0,0,0,0,0,0,0,0,0,0,0,0,0,0,2,2,0,0,2,0,0,0,0,0,0,0,0,0,0,0,0,0,0,2,1,0,0,0,0,0,0,0,0,0,0,0,0,0,0,0,0,0,0,0,0,0,0,0,0,0,0,0,0,0,1,1,0,0,0,4,0,7,8,5,0,1,2,0,0,0,0,0,6,0,0,0,0,0,0,5,5,7,0,0,7,8,0,4,0,6,0,4,3,0,0,0,0,0,0,0,0,0,5,0,0,6,0,0,0,0,0,0,0,0,0,0,0,0,0,0,0,0,0,0,0,0,0,0,0,0,0,
2,1,0,6,0,0,0,0,5,0,1,2,1,7,0,0,5,0,0,0,0,5,2,4,0,0,0,0,3,6,1,0,2,0,0,0,0,3,6,0,0,0,5,2,0,11,1,0,0,0,0,9,10,0,0,0,0,10,0,0,0,1,0,0,4,0,0,8,4,3,6,6,3,0,3,0,0,0,0,0,5,0,0,0,0,0,0,0,5,0,3,0,0,0,0,2,0,0,0,0,6,0,0,0,0,0,0,4,0,0,0,0,0,3,3,11,0,0,0,0,0,0,0,0,0,0,0,0,0,0,0,1,1,2,0,0,0,0,1,0,0,0,0,0,0,0,0,0,0,0,0,1,1,0,0,0,0,0,0,0,0,0,0,0,0,0,0,0,0,0,0,0,2,0,0,0,0,1,0,1,2,0,0,0,4,0,0,8,6,0,0,0,0,0,1,0,0,9,7,9,0,9,2,8,2,7,3,1,1,10,4,5,2,5,0,5,4,5,0,0,0,1,0,1,0,0,0,0,0,0,0,0,9,0,0,0,0,0,0,0,0,0,0,0,0,0,0,0,0,0,0,0,0,0,0,0,
6,0,1,0,0,0,0,6,6,7,2,3,8,1,0,0,5,0,0,0,0,0,5,5,0,0,0,0,5,3,3,2,2,2,3,0,0,4,0,7,5,0,1,2,3,1,10,0,0,0,0,0,10,11,0,0,0,0,0,2,0,1,0,1,1,0,0,0,2,5,3,2,9,0,3,0,2,6,0,0,0,0,0,6,0,0,0,0,4,0,0,0,0,0,0,0,0,0,0,2,0,7,0,0,0,0,0,0,4,6,0,0,0,2,0,6,0,0,0,0,0,0,0,0,4,0,0,0,0,0,0,0,5,0,3,0,0,0,0,0,1,0,0,0,0,0,0,0,0,0,0,0,1,2,0,0,0,0,0,0,0,0,0,0,0,0,1,0,0,0,0,0,1,2,0,0,0,0,0,0,0,0,3,3,0,5,4,0,7,8,0,0,0,0,2,3,0,0,0,10,8,8,8,9,4,8,6,3,9,1,4,5,1,7,1,2,1,6,0,0,0,0,0,0,2,0,0,0,0,0,0,7,9,0,0,0,0,0,0,0,0,0,0,0,0,0,0,0,0,0,0,0,0,0,0,0,
6,0,1,0,0,0,8,0,0,0,5,3,7,5,4,0,1,5,0,0,0,0,0,2,1,0,0,4,2,1,3,3,5,3,6,7,0,9,0,0,7,0,2,3,3,1,3,4,0,5,2,0,0,12,0,0,0,0,0,11,10,0,1,2,3,1,1,0,6,3,3,3,3,8,0,0,0,0,7,0,0,0,0,0,0,0,0,1,0,4,3,0,0,0,0,0,0,0,3,0,0,5,1,0,9,0,0,0,5,0,7,0,0,0,3,0,4,5,5,0,0,0,0,5,5,7,8,4,3,0,0,0,0,5,0,10,0,0,9,1,2,0,0,0,0,0,1,0,0,0,1,0,2,1,2,0,0,0,0,0,0,0,0,0,0,0,0,0,0,0,0,0,0,1,0,5,2,0,1,1,0,0,4,3,9,0,6,2,1,2,3,0,0,0,0,0,0,0,0,0,9,0,9,2,10,9,8,3,7,2,3,2,6,8,2,5,1,2,6,0,0,1,0,3,0,0,2,2,0,0,0,9,9,8,0,0,0,0,0,0,0,0,0,0,0,0,0,0,0,0,0,0,0,0,0,0,
6,7,0,1,6,0,1,9,0,0,0,0,7,5,4,5,3,7,6,0,0,4,0,0,0,0,0,3,5,2,1,4,5,7,4,4,5,0,9,8,8,2,3,1,12,6,3,1,2,2,3,0,0,0,1,0,0,0,0,0,0,0,0,0,3,0,0,0,2,6,5,4,1,0,0,1,0,7,7,3,9,0,0,0,0,0,0,0,1,2,4,1,0,0,0,0,0,0,1,3,6,0,3,1,9,9,1,2,7,3,0,0,1,0,3,3,5,4,5,5,0,6,0,5,5,6,0,0,3,3,0,0,1,5,6,6,0,0,0,6,3,0,5,0,1,0,3,2,4,0,2,0,3,0,2,0,0,0,1,0,1,0,0,0,10,0,0,0,0,0,4,0,6,2,0,0,2,1,0,1,2,1,1,0,1,8,7,7,3,3,0,0,0,0,3,0,0,0,0,7,6,0,0,0,8,1,2,3,4,1,3,0,0,6,3,6,6,8,6,6,4,0,3,3,0,1,3,0,6,0,0,9,10,8,8,0,0,0,0,0,0,0,0,0,0,0,0,0,0,0,0,0,0,0,0,0,
0,0,6,6,6,5,0,0,0,0,0,0,1,10,1,4,5,0,9,7,0,0,0,0,0,0,0,4,0,5,3,2,4,5,7,7,6,2,0,14,9,1,2,3,2,6,4,2,3,3,1,0,0,0,0,1,1,4,1,0,0,0,0,0,0,0,0,0,0,0,0,2,4,1,1,1,1,6,5,3,10,0,2,6,0,2,0,4,0,2,0,2,3,0,0,0,9,0,0,0,2,1,3,2,0,0,10,0,3,2,0,0,0,0,0,3,0,4,7,0,6,0,3,4,10,4,7,9,0,0,0,3,0,1,6,10,11,1,0,5,4,3,6,1,2,2,0,3,7,2,14,2,0,0,0,0,0,0,0,0,0,1,0,1,11,0,1,5,0,1,8,0,2,3,6,8,0,2,3,4,3,3,0,1,0,0,7,5,0,0,0,1,0,4,4,4,0,0,6,8,6,0,0,0,4,3,4,11,5,8,2,0,7,6,6,6,1,6,9,8,4,0,2,0,0,2,1,3,3,0,0,0,0,10,0,0,0,0,0,0,0,0,0,0,0,0,0,0,0,0,0,0,0,0,0,0,
0,0,0,4,6,0,7,0,0,0,0,0,1,9,3,6,5,0,8,8,1,4,0,3,0,0,0,0,3,7,4,3,4,6,4,8,6,1,8,2,15,14,11,12,3,6,7,1,3,4,0,1,0,3,0,2,4,0,0,0,0,0,0,0,8,0,0,0,0,3,2,0,1,1,4,5,2,5,6,2,4,2,9,11,6,0,3,0,5,0,0,1,4,7,0,0,4,4,0,7,1,2,2,2,1,0,1,0,2,2,0,5,0,0,0,3,0,0,7,4,1,0,0,7,11,6,4,2,2,13,1,4,0,0,0,11,0,11,0,4,5,5,2,6,2,4,0,0,9,8,0,3,0,2,1,0,0,1,0,9,0,1,2,1,4,0,2,2,5,9,2,3,3,0,0,7,1,14,5,6,5,0,4,0,5,0,7,5,5,7,0,1,2,2,0,0,3,2,0,6,0,0,0,0,0,4,0,3,13,9,8,12,4,2,8,7,7,14,5,9,9,0,0,0,0,3,3,3,5,0,8,10,0,0,0,0,0,0,0,0,0,0,0,0,0,0,0,0,0,0,0,0,0,0,0,0,
0,0,0,4,4,1,0,5,8,0,1,2,3,0,0,3,0,0,11,8,4,9,3,6,0,5,0,6,7,8,6,7,4,6,3,4,2,5,2,5,2,14,9,13,2,6,3,11,1,3,2,0,0,2,1,0,0,0,0,2,1,0,0,8,8,8,3,2,2,3,2,2,2,4,7,6,6,5,6,4,5,10,10,4,5,7,0,0,0,0,0,1,2,14,4,6,0,3,4,11,8,8,4,8,3,2,1,3,4,3,0,9,1,0,0,3,1,0,2,5,3,2,4,3,5,0,7,6,4,10,4,1,10,0,0,12,0,1,4,5,6,5,3,8,3,5,0,6,0,1,3,0,0,0,0,6,0,7,0,9,10,0,3,6,12,9,1,5,1,2,8,6,6,1,9,6,0,15,7,16,8,5,4,4,0,5,8,6,0,6,1,2,3,2,6,7,4,3,3,8,7,0,0,1,1,5,1,4,3,9,9,12,13,8,3,9,7,14,6,2,10,3,0,0,2,0,3,4,5,12,5,5,9,8,4,0,5,7,4,4,0,0,0,0,0,0,0,0,0,0,0,0,0,0,0,0,
1,15,0,10,5,0,4,6,0,0,2,3,15,10,4,0,1,8,0,7,0,5,0,6,1,0,0,0,0,4,8,1,1,4,5,7,3,3,3,0,4,2,1,14,3,3,3,2,2,4,2,2,2,2,2,0,0,0,0,2,1,0,0,8,2,8,5,5,2,2,3,2,2,5,4,7,4,7,12,4,5,3,11,11,5,5,0,0,0,0,3,15,14,14,6,6,5,6,2,3,12,8,5,5,4,5,2,8,0,6,9,0,7,0,0,0,2,0,0,4,3,3,3,4,7,6,8,1,9,9,3,2,1,7,7,0,1,0,1,4,6,6,0,8,8,4,6,5,7,0,2,2,0,4,5,5,5,4,0,0,8,13,1,9,7,8,8,1,5,2,12,7,14,7,7,10,9,1,7,15,14,8,0,4,0,6,2,2,8,7,0,7,3,3,0,2,3,1,3,6,8,0,0,0,6,0,0,2,11,8,7,12,7,9,3,12,10,7,3,4,3,6,7,0,2,4,3,9,11,5,5,10,10,6,5,6,11,7,5,0,0,0,0,0,0,0,0,0,0,1,2,2,0,0,0,0,
3,2,0,20,10,19,2,4,4,13,0,8,4,16,4,5,9,7,1,8,2,0,0,4,0,0,0,4,4,1,8,3,10,2,4,5,4,4,9,8,0,2,1,10,3,10,5,6,5,5,8,3,2,6,0,1,1,0,0,6,3,4,8,8,0,4,3,8,3,3,6,5,3,6,6,8,4,4,8,10,10,11,6,0,7,7,5,4,0,0,8,3,15,6,7,7,7,8,3,3,0,5,9,6,6,0,5,5,0,6,8,9,5,6,7,5,9,3,0,2,1,4,5,6,7,5,9,8,13,12,6,0,2,7,7,14,16,1,12,1,0,6,0,9,9,5,7,6,10,11,0,3,3,2,8,6,2,6,0,2,7,0,1,13,10,9,9,12,5,10,2,16,7,6,8,4,5,3,3,16,15,11,0,0,0,2,2,0,2,5,8,4,7,8,1,3,2,7,3,9,7,10,7,0,0,2,1,4,6,5,3,9,8,4,5,9,13,2,3,1,9,7,5,3,4,5,5,1,11,8,9,3,11,5,6,8,11,11,0,0,0,0,4,0,0,0,0,2,3,2,3,0,0,0,0,0,
20,19,0,20,17,16,16,3,7,1,12,3,4,17,6,8,9,2,3,9,3,3,1,1,5,0,5,5,4,4,2,3,7,10,4,11,11,5,9,9,8,2,2,14,9,7,8,7,6,5,9,4,3,4,2,1,3,1,1,9,7,0,0,7,0,12,13,12,9,7,7,6,6,9,13,7,2,4,4,9,10,8,6,9,8,6,10,5,0,6,5,6,7,6,9,7,1,1,1,1,1,4,8,4,8,5,5,10,6,5,3,9,6,6,6,6,7,9,2,3,3,1,1,0,5,12,7,7,10,13,13,13,1,3,8,4,14,12,13,13,1,1,4,4,12,13,9,6,5,7,0,0,4,3,6,6,5,3,2,4,1,2,16,16,15,7,9,6,11,12,8,3,4,6,7,3,6,4,3,3,3,3,0,0,0,3,1,5,1,5,5,5,8,9,8,3,4,8,3,10,8,8,8,4,5,4,6,3,7,4,4,4,5,7,5,11,4,4,4,4,0,9,7,4,9,4,0,2,10,9,10,8,12,11,6,9,9,8,0,4,0,0,1,0,0,0,8,5,3,3,3,0,0,0,0,0,
2,6,22,18,20,17,17,9,8,10,2,17,4,19,4,6,11,3,10,4,10,11,0,2,0,5,0,6,5,5,4,7,7,9,5,6,9,12,8,10,10,10,9,15,5,10,8,1,8,0,9,2,8,4,4,1,2,2,2,9,0,0,0,0,8,8,7,13,9,9,4,8,7,4,7,12,2,3,5,11,12,11,9,6,10,7,10,11,4,2,2,8,9,8,4,15,8,3,4,1,2,8,9,5,7,5,6,8,7,7,6,7,7,5,7,4,4,7,9,9,4,4,1,4,6,3,13,14,13,12,15,13,13,8,2,4,10,15,13,14,2,1,0,13,12,15,7,13,8,8,16,0,7,5,5,5,5,3,3,5,0,5,16,17,9,16,11,6,7,9,6,5,4,7,3,4,4,9,7,4,5,4,0,0,6,6,9,4,4,7,0,0,5,7,10,8,7,6,3,4,7,9,5,5,5,3,7,8,8,6,5,11,10,9,2,3,11,2,5,12,0,13,12,9,1,5,2,2,3,1,5,8,12,13,8,14,10,9,6,2,5,6,0,0,0,5,0,6,6,8,4,10,0,0,0,0,
2,11,13,19,20,20,17,10,9,9,3,14,11,19,17,9,12,13,2,4,12,11,11,10,4,6,8,9,10,0,6,7,8,6,9,9,9,8,9,10,11,8,9,9,9,10,2,9,12,10,10,2,2,0,15,1,6,3,8,2,0,7,0,6,8,9,4,8,14,0,7,12,6,6,6,13,15,7,11,3,12,12,12,9,10,11,11,12,4,2,7,8,5,9,5,15,15,3,3,5,1,0,10,3,2,11,5,8,5,8,4,5,9,10,6,4,2,10,1,1,4,4,4,5,4,6,3,13,14,15,13,16,15,5,3,5,7,10,11,10,13,1,1,13,4,15,8,11,9,10,8,8,12,7,10,6,6,6,9,0,0,5,14,17,10,20,9,10,7,10,6,5,11,10,6,6,5,4,5,2,3,5,0,6,6,2,6,7,5,2,3,8,0,8,10,10,0,0,4,5,9,5,6,16,6,10,8,7,7,7,9,2,3,8,8,3,1,3,1,12,3,13,0,8,9,1,1,3,4,0,7,6,8,5,5,9,15,10,9,7,10,5,7,7,6,10,8,8,10,9,8,4,8,0,0,0,
13,12,22,21,19,18,12,12,9,13,10,13,17,10,18,11,5,9,13,3,2,11,9,3,11,5,10,12,10,8,7,7,8,9,7,15,0,12,11,11,11,11,7,8,9,10,7,9,12,10,10,11,5,4,0,3,3,2,3,9,17,11,8,10,7,9,5,10,11,9,9,11,12,6,6,6,14,7,8,10,11,8,12,7,12,10,11,10,11,6,11,8,9,6,6,16,5,4,4,5,2,7,0,10,11,8,0,10,6,12,9,4,5,6,13,5,13,11,11,0,3,4,5,6,4,7,7,16,5,16,17,14,16,9,4,6,7,9,8,11,14,11,9,11,1,5,3,7,7,4,10,0,13,10,7,10,10,13,10,11,13,3,16,14,18,9,16,13,15,15,13,7,12,15,5,6,9,6,5,6,10,3,2,3,3,6,6,5,3,2,7,8,6,9,5,0,0,0,1,15,14,15,9,7,17,12,11,8,16,17,8,9,1,9,4,3,8,1,2,3,3,5,5,1,12,5,2,6,4,9,1,6,9,9,6,11,10,9,7,8,8,7,6,7,0,0,10,6,11,6,9,8,9,12,12,0,
6,13,13,10,9,11,20,19,13,15,13,12,17,10,17,4,12,12,7,14,9,1,10,4,11,12,9,11,2,2,9,8,9,7,10,9,3,16,0,0,13,9,8,5,10,7,11,11,14,12,11,10,12,6,3,4,3,1,3,15,17,16,12,3,3,10,1,7,11,12,9,12,12,14,7,9,7,8,8,5,8,10,11,6,14,12,11,13,10,13,9,12,11,9,6,2,3,7,5,4,5,3,0,11,0,9,12,11,14,7,13,9,6,6,5,17,13,12,12,9,0,7,3,6,13,7,8,16,6,17,10,6,8,17,5,18,5,6,9,11,11,11,10,10,7,7,4,8,7,7,9,8,12,13,14,12,12,7,9,16,14,14,4,15,15,13,16,15,13,14,16,15,7,14,16,6,8,10,6,7,6,5,4,13,8,7,9,12,8,7,8,4,7,10,7,6,11,3,1,0,12,17,17,5,12,18,13,12,17,14,9,4,2,8,7,4,6,3,3,10,8,5,9,6,5,11,5,7,5,1,1,8,10,9,11,7,9,10,15,8,10,13,8,9,14,7,0,4,8,7,13,8,13,9,9,11,
11,10,14,11,11,8,21,22,11,14,14,7,9,11,17,17,18,10,13,8,6,5,2,1,4,12,16,10,10,10,9,10,8,10,10,11,11,2,0,18,14,11,12,12,10,13,8,14,12,12,12,12,3,7,5,15,4,7,2,2,18,17,17,12,4,10,3,2,9,11,12,13,14,13,13,8,10,8,14,11,10,11,11,12,9,12,12,10,12,10,9,2,13,9,12,11,5,6,3,5,8,9,0,8,9,0,8,12,12,14,16,15,8,10,6,17,17,9,9,12,1,14,6,11,18,7,2,2,11,3,10,17,7,10,14,18,6,8,8,5,9,11,11,12,9,7,7,10,9,5,7,9,8,13,14,7,12,12,10,12,16,14,5,12,13,13,14,16,12,14,16,15,12,15,14,17,14,12,9,10,9,13,7,7,13,16,9,6,12,8,8,9,4,11,11,7,12,8,4,14,13,7,10,16,18,12,18,7,18,8,12,2,5,9,9,8,9,7,8,5,7,8,6,10,5,6,6,6,20,4,12,9,10,11,9,12,15,13,11,12,11,12,8,12,10,9,13,5,4,8,14,14,11,10,9,12,
10,12,7,11,12,12,10,11,13,12,10,9,10,10,10,11,19,10,10,11,8,6,2,2,6,2,7,16,16,12,9,10,10,13,11,11,12,11,15,12,3,12,12,12,11,11,11,12,20,14,14,3,3,3,2,13,14,16,11,16,3,16,14,16,3,5,16,10,10,11,12,18,6,8,14,12,9,6,6,12,13,12,12,9,9,9,10,11,9,10,12,3,4,5,10,13,12,7,6,6,15,13,8,9,12,0,7,11,15,10,16,12,9,2,18,4,9,9,8,10,12,14,8,6,12,18,13,19,17,3,3,8,8,10,11,13,9,10,11,9,11,11,1,13,9,9,8,11,5,5,6,9,9,10,0,0,7,7,3,11,21,14,11,15,14,14,15,8,15,15,13,10,17,12,16,13,14,14,13,10,10,12,8,8,13,15,16,4,2,13,9,13,8,10,8,8,9,6,7,5,14,13,10,18,18,18,14,12,17,19,13,2,3,6,7,6,7,7,16,8,8,8,7,9,10,6,6,5,14,15,16,12,14,10,9,9,13,17,12,11,11,13,10,10,15,10,11,13,5,15,11,8,13,11,14,11,
14,11,7,8,11,13,12,11,12,13,10,10,13,11,11,8,19,10,9,11,5,5,7,6,14,2,6,18,10,13,12,13,11,14,14,13,9,11,14,13,14,6,13,16,12,12,13,9,19,15,13,11,3,12,14,13,15,16,7,4,6,16,18,16,11,4,20,14,19,15,19,13,19,9,11,11,13,7,12,7,10,11,13,10,9,10,11,15,11,5,11,4,10,8,11,12,9,2,11,7,10,14,15,14,14,9,7,7,10,8,11,11,6,10,17,5,10,9,8,7,8,13,13,21,17,14,14,3,17,9,14,9,9,9,12,16,16,10,10,9,8,12,14,2,0,1,0,7,5,6,6,11,9,7,0,9,11,6,5,4,11,11,11,10,13,17,10,11,20,16,8,11,12,13,14,15,13,15,15,11,10,9,12,8,9,3,6,5,7,7,10,7,8,13,5,15,13,13,7,11,10,9,10,12,19,19,13,13,13,9,7,13,9,3,9,7,12,10,17,10,11,10,8,15,10,9,7,7,15,16,14,14,16,11,10,9,19,21,15,12,12,12,13,12,16,16,11,14,14,15,13,10,10,12,13,13,
5,15,6,6,12,14,14,7,11,13,16,11,10,13,15,12,2,6,11,10,6,3,7,7,2,10,7,6,17,13,12,7,13,7,13,13,12,11,12,6,14,8,17,16,9,13,11,20,11,16,14,14,12,12,15,13,15,13,13,8,19,13,18,17,19,12,14,15,14,16,16,14,19,9,8,7,7,12,12,13,11,11,18,10,10,11,13,18,8,14,8,12,13,9,11,18,5,13,12,12,17,9,16,15,15,13,11,12,10,15,17,9,7,7,2,9,12,13,11,9,6,9,14,15,18,11,7,16,18,10,18,14,14,14,13,17,13,7,9,9,9,7,11,14,3,2,2,1,8,8,8,7,7,8,8,9,10,11,5,5,13,11,12,17,17,17,16,10,11,10,15,9,14,9,1,12,15,15,15,15,14,10,8,9,12,4,3,3,7,9,11,6,7,13,13,9,12,14,8,11,10,13,10,12,15,13,14,14,14,13,18,8,17,9,10,13,12,15,11,15,11,9,11,16,16,9,17,9,11,19,16,16,12,16,10,11,16,21,16,15,13,14,16,17,16,16,16,10,10,14,13,12,10,11,10,13,
11,7,12,14,13,19,15,8,8,15,16,15,16,10,13,12,12,2,10,11,7,9,9,9,15,13,14,7,9,13,12,12,14,12,14,9,14,13,13,8,6,8,9,7,7,10,10,15,21,20,14,12,13,12,4,13,14,15,14,12,16,12,14,17,8,13,20,20,20,13,18,15,11,11,8,6,7,9,13,9,8,10,18,18,9,11,14,8,8,15,9,13,13,10,10,11,4,5,13,13,11,8,15,14,16,15,10,11,12,16,10,10,9,8,3,13,14,12,13,9,10,7,10,11,18,18,8,11,9,20,18,15,14,14,14,18,16,12,8,9,11,8,8,14,10,15,9,7,8,14,7,10,9,8,9,9,8,5,12,13,11,13,12,19,18,23,23,18,16,10,22,16,16,10,16,14,13,15,10,13,13,12,9,15,17,13,13,4,4,9,10,7,8,10,13,15,17,14,15,8,14,16,14,13,12,15,15,16,14,14,22,22,15,10,14,12,13,6,13,12,18,18,12,9,10,10,10,10,11,9,12,19,16,16,16,11,12,11,17,14,14,14,13,13,17,12,17,10,15,16,10,13,11,17,13,14,
8,19,13,14,15,19,19,16,11,16,15,12,15,16,15,14,13,8,12,10,11,9,12,10,13,13,11,15,16,15,18,18,15,8,6,9,9,13,11,8,8,11,11,8,11,10,14,12,15,13,14,7,13,16,5,14,14,16,15,15,12,14,7,14,9,14,21,19,14,14,14,19,20,20,8,7,9,15,14,13,9,14,9,15,9,14,13,14,15,16,10,8,9,8,11,12,10,5,13,12,12,7,15,16,15,14,15,15,13,8,11,10,10,11,2,7,15,15,14,14,12,5,12,11,14,9,17,12,11,19,19,12,14,15,15,14,10,13,14,13,12,9,9,8,11,15,9,12,14,14,9,10,10,9,10,9,13,5,6,19,10,19,21,17,18,16,23,16,10,12,10,16,16,8,10,13,12,16,14,13,16,18,14,16,11,17,14,14,19,10,10,8,8,12,10,15,17,14,17,16,15,18,16,14,14,13,15,13,12,9,19,14,20,15,15,13,7,19,18,19,19,18,19,20,19,10,11,12,12,16,13,19,15,17,17,17,20,17,17,11,17,16,11,18,11,11,13,15,16,16,10,16,12,14,14,13,
8,18,12,14,17,14,18,18,17,12,11,13,17,14,15,16,15,14,14,12,12,10,10,13,11,19,13,17,17,15,13,10,15,8,13,13,10,13,10,10,10,8,10,10,14,9,13,14,9,8,15,14,19,17,8,17,14,15,14,18,15,13,10,10,14,13,17,15,14,15,13,10,16,14,15,16,11,9,17,13,11,13,12,16,10,13,14,9,9,13,11,9,9,7,12,12,13,11,13,14,13,15,8,14,15,18,15,17,13,13,12,10,11,11,10,7,8,18,11,14,9,8,6,14,15,10,19,9,11,15,20,18,16,15,18,17,11,11,12,13,9,8,9,8,17,16,17,14,15,17,14,12,9,11,12,12,13,12,13,7,13,11,16,19,10,18,18,14,11,18,17,11,12,17,9,11,13,15,14,14,14,18,21,18,18,20,18,20,19,12,11,12,9,5,10,16,18,16,15,16,16,17,17,14,15,20,14,14,19,10,17,15,18,18,19,15,19,7,7,19,18,20,21,15,20,18,18,12,12,17,13,15,11,8,15,17,8,18,18,10,11,13,18,14,12,10,22,11,12,10,16,16,17,17,15,14,
17,10,18,12,20,15,21,19,19,18,16,13,17,14,12,13,8,7,8,7,13,14,9,14,12,12,17,16,17,15,12,14,11,10,11,10,14,8,11,11,9,14,13,11,11,9,11,10,10,19,6,16,17,17,18,18,17,20,20,17,17,13,11,10,9,12,14,16,14,15,14,13,18,12,12,17,14,16,16,14,23,8,20,15,14,10,11,11,10,13,13,12,13,14,9,10,10,13,12,13,10,16,14,15,19,16,16,15,19,15,12,16,9,10,8,8,9,8,16,11,10,14,7,17,15,7,19,10,11,7,20,16,19,17,22,17,13,12,18,14,14,10,17,9,16,19,18,17,15,18,16,12,11,10,22,11,12,7,9,9,7,15,17,12,19,10,23,18,12,12,8,11,12,13,12,10,11,8,16,13,18,16,21,18,21,22,19,13,20,13,10,12,12,12,16,17,20,20,16,16,16,18,18,18,19,16,22,14,20,12,14,16,12,8,19,13,6,5,9,8,2,3,21,19,16,19,11,20,14,14,9,16,12,20,19,17,17,9,6,12,18,8,13,10,13,11,24,15,19,19,19,16,17,20,17,16,
11,17,15,13,19,20,11,19,20,19,17,16,14,15,13,9,10,8,7,7,7,8,11,17,15,16,15,8,16,7,16,20,14,15,13,16,15,15,16,10,10,10,21,12,12,6,22,10,5,19,20,6,6,16,17,15,15,21,20,18,22,11,20,18,14,13,18,13,16,15,15,19,12,19,15,11,21,21,22,23,13,9,18,15,14,15,16,15,14,15,7,14,7,8,17,17,10,9,13,11,10,16,16,19,17,20,12,15,20,16,13,16,15,12,11,10,16,8,19,18,16,15,15,13,16,6,9,21,12,8,21,21,19,14,18,19,10,16,19,10,19,18,19,16,17,17,19,20,16,16,14,16,12,22,22,22,12,7,9,10,8,18,9,25,19,24,23,16,14,17,9,9,9,14,17,15,13,10,12,22,17,16,16,17,21,21,19,21,14,8,10,13,10,13,13,12,10,18,18,19,16,18,19,19,17,16,16,22,22,13,14,14,13,13,13,14,8,5,3,5,9,13,13,10,18,14,12,18,20,12,10,20,14,20,17,18,18,9,7,14,14,11,14,14,11,14,24,23,17,18,20,19,18,18,20,16,
10,17,11,17,20,20,20,12,12,16,17,16,16,17,14,17,10,13,9,15,7,8,21,11,16,14,16,15,16,8,7,19,16,11,18,15,17,15,15,10,12,11,23,14,13,7,22,12,12,19,20,6,10,17,18,19,20,20,22,21,13,12,20,16,16,16,17,15,14,16,20,10,20,16,15,23,22,22,25,25,24,15,21,12,17,14,7,14,15,14,14,10,14,8,10,17,16,10,10,8,11,14,16,17,19,18,17,13,16,15,15,16,13,18,18,14,11,18,21,20,16,16,15,13,17,8,8,9,9,12,21,16,20,23,15,19,20,16,11,11,20,17,19,18,19,18,20,17,17,19,17,16,14,24,23,23,12,8,13,7,10,21,20,24,18,18,16,17,14,17,16,12,11,16,15,13,9,10,12,22,17,13,9,18,13,22,19,19,21,10,11,13,16,17,14,17,15,15,15,17,16,17,16,20,18,18,16,16,15,14,26,14,15,8,8,14,16,6,9,14,17,16,4,14,19,8,18,18,19,15,12,13,21,19,21,19,11,18,18,8,13,14,12,17,11,12,14,24,24,25,21,17,14,19,19,19,
16,11,13,18,17,13,20,20,12,16,16,17,17,17,14,13,19,10,16,16,24,9,21,23,13,20,15,15,14,17,7,8,19,17,15,15,16,17,16,16,15,13,20,19,14,21,16,20,22,20,20,20,16,9,18,21,21,20,21,21,21,15,20,20,23,16,18,15,13,17,14,16,11,16,14,18,25,23,24,25,16,12,12,14,19,18,17,8,14,15,16,16,15,17,19,13,11,26,26,8,22,11,18,15,14,20,19,17,12,13,15,18,17,16,14,17,16,16,19,13,19,17,15,11,9,9,14,20,10,8,21,22,16,22,19,20,16,17,17,14,17,17,15,19,19,19,17,18,18,17,21,17,17,17,24,16,25,15,16,7,12,6,18,18,18,15,25,24,12,13,17,12,15,17,17,17,15,9,14,9,23,11,18,15,22,15,20,17,10,22,17,18,16,19,17,19,22,21,11,10,10,23,14,13,20,22,19,16,17,14,14,15,13,10,9,16,17,5,5,14,18,22,19,11,14,14,10,10,14,14,20,14,20,16,18,18,10,19,10,9,9,9,10,17,13,13,15,15,19,14,18,14,21,17,18,20,
19,18,17,18,14,16,11,14,21,13,15,17,18,14,15,20,20,22,9,9,22,24,11,10,14,14,14,13,15,6,7,16,18,17,18,17,15,15,18,18,18,17,17,13,19,16,17,17,21,20,21,20,19,21,11,10,20,23,22,19,19,18,20,20,23,23,23,18,23,18,15,15,15,21,16,20,15,16,23,17,26,15,13,15,15,20,19,9,8,12,19,17,16,10,15,10,10,28,27,28,26,17,18,15,15,14,18,19,12,17,18,18,16,16,17,17,14,16,16,13,20,21,16,15,26,22,23,15,14,19,22,21,17,18,19,17,16,19,18,18,18,18,15,15,20,20,17,18,19,18,22,14,15,18,18,19,18,25,17,16,17,5,17,7,17,14,17,16,13,13,14,13,12,19,17,20,19,16,11,13,15,16,17,16,23,15,14,22,23,18,18,19,21,20,21,18,18,22,20,16,21,24,25,14,22,20,20,18,16,15,15,16,15,16,17,10,25,6,26,26,15,25,23,14,20,19,22,12,14,20,21,15,20,20,20,17,20,12,10,11,11,9,10,14,12,17,14,14,15,18,18,21,21,17,17,17,
25,22,18,17,11,16,12,11,14,15,15,11,16,16,16,20,20,27,22,9,22,24,11,26,17,25,14,16,14,14,16,17,22,19,21,17,19,16,17,18,18,17,20,20,19,17,15,17,16,18,21,21,20,17,15,11,16,20,24,22,20,23,22,21,25,22,24,19,17,18,17,15,20,18,17,19,15,18,17,19,23,16,16,16,15,14,20,13,13,12,17,21,16,23,16,16,10,11,15,12,11,17,17,16,16,15,18,26,13,18,13,18,16,16,17,11,16,16,9,14,14,21,19,17,13,22,9,17,12,24,20,23,18,18,25,23,20,18,20,19,18,17,16,21,16,21,20,17,20,23,20,23,15,10,19,20,10,25,19,17,7,22,8,8,15,14,17,18,14,16,14,12,20,21,20,18,26,21,18,13,11,20,15,19,16,16,14,19,19,19,19,20,19,21,21,19,10,11,18,17,17,21,20,19,20,15,24,14,21,18,20,16,12,17,16,18,11,26,7,27,24,26,24,15,15,16,17,18,13,18,17,20,13,16,16,17,21,12,10,11,12,10,22,15,14,14,20,15,15,20,19,18,19,16,18,17,
13,22,22,18,14,12,18,14,11,12,13,18,18,16,22,25,25,28,10,9,24,25,28,25,26,26,17,17,16,18,28,17,17,18,16,21,21,20,23,20,19,19,18,18,15,20,18,15,16,16,21,21,20,15,15,15,17,23,21,23,20,23,22,22,24,23,23,20,20,17,17,16,20,25,25,17,14,18,17,18,18,23,21,17,16,14,14,16,15,12,10,18,20,12,21,12,20,11,15,16,12,16,19,17,19,13,15,20,18,18,20,17,19,20,18,22,17,11,10,10,19,18,17,18,16,24,22,18,22,13,24,24,22,25,24,19,24,24,22,20,20,18,18,18,18,22,21,20,21,25,23,25,15,11,21,11,18,11,22,7,21,7,8,15,16,17,15,16,16,15,15,18,13,21,19,18,19,21,21,24,17,17,23,20,19,15,17,18,15,15,17,20,21,22,21,22,23,12,19,19,17,17,20,17,14,13,14,14,19,21,19,17,18,12,19,19,23,17,26,12,12,16,15,15,22,25,25,20,18,15,18,20,22,18,19,17,21,13,12,18,14,11,17,22,19,14,20,17,17,16,20,15,19,19,18,17,
14,23,23,18,20,17,16,14,14,13,16,18,18,18,14,15,25,29,27,26,26,28,28,17,10,27,20,17,19,19,20,29,21,18,19,15,19,19,22,23,20,19,20,18,19,15,16,14,15,17,14,20,19,15,16,16,15,18,20,24,26,24,24,22,25,22,24,21,21,23,19,19,22,21,24,21,25,14,19,10,18,16,23,22,17,15,14,23,17,12,13,11,12,13,16,18,18,20,15,16,16,18,23,19,16,16,17,20,21,29,18,24,18,16,22,20,23,22,21,22,11,20,23,19,20,24,24,21,15,23,16,24,23,13,26,24,24,25,23,21,21,24,22,15,16,18,18,22,21,21,25,16,15,15,22,11,12,12,15,21,8,15,22,10,15,16,17,18,19,17,16,14,13,20,18,19,18,22,22,20,22,20,21,17,22,20,16,17,17,19,17,22,21,16,14,22,13,19,20,19,19,17,16,15,14,14,20,15,15,22,21,20,20,17,16,20,14,15,18,17,17,17,16,16,16,26,25,19,18,19,14,15,16,18,16,16,15,17,19,17,19,20,17,16,21,19,18,18,19,18,19,17,16,16,21,21,
24,22,21,20,17,20,18,17,19,16,14,16,16,19,18,22,25,26,16,21,30,26,18,30,20,29,16,23,18,19,22,23,26,21,18,17,21,20,20,20,20,21,20,18,23,18,16,22,16,16,18,19,23,19,21,25,16,16,12,20,20,23,21,25,23,21,25,28,22,19,23,23,24,23,17,24,22,21,23,11,17,19,23,23,15,18,15,13,23,24,16,23,19,22,16,23,19,22,16,16,17,18,18,23,17,15,16,17,17,22,21,23,25,16,16,27,23,23,20,20,15,20,23,18,18,21,16,20,21,20,16,18,23,24,21,24,22,19,18,22,22,22,23,15,22,23,19,23,16,21,22,22,21,13,16,14,15,25,22,15,13,16,22,10,18,22,16,17,22,14,17,22,17,21,17,17,22,23,24,23,23,26,21,22,16,20,20,18,17,20,19,19,19,18,17,24,19,20,21,21,20,19,17,21,17,20,16,16,17,18,20,17,21,17,17,25,14,15,18,27,18,21,20,21,22,23,25,20,20,15,15,19,17,17,19,17,18,16,16,17,19,20,18,21,19,20,21,20,18,22,15,21,16,19,22,17,
26,22,25,18,18,19,18,20,16,15,15,16,18,20,18,19,15,16,16,26,27,30,20,23,17,17,16,22,18,24,22,22,23,21,26,21,19,24,19,18,23,21,22,22,19,20,16,18,17,16,16,23,26,23,20,21,21,19,12,25,24,21,19,25,20,27,22,23,23,19,19,24,19,24,17,24,18,23,21,23,23,21,20,18,17,16,16,26,19,24,23,24,19,14,22,14,23,11,19,15,19,24,24,18,23,17,17,17,18,19,19,15,25,27,17,20,22,23,25,25,23,16,19,23,19,19,21,19,22,24,17,18,19,19,21,14,21,19,18,19,22,22,24,16,16,28,22,23,24,24,17,21,22,19,16,14,13,25,17,16,15,14,15,18,19,21,17,19,22,17,17,23,17,18,19,17,21,20,24,21,23,18,22,17,17,20,21,21,19,18,21,18,18,26,18,21,24,17,19,19,26,26,14,18,16,24,20,22,17,18,17,21,19,17,25,19,18,16,16,21,22,21,20,23,23,24,23,25,21,20,19,25,19,17,18,17,16,16,21,21,18,18,18,22,16,19,19,20,21,22,18,23,19,17,17,18,
16,23,24,26,24,20,19,22,20,21,20,19,18,16,21,20,13,18,16,21,27,21,15,24,23,15,24,21,22,23,25,23,24,23,23,19,21,28,23,22,23,23,24,22,20,21,18,18,24,31,18,25,26,25,23,21,23,17,18,16,19,20,24,26,20,20,22,23,19,19,20,19,18,24,26,21,19,19,22,22,24,16,22,21,19,18,26,21,21,20,22,19,20,21,15,14,19,12,19,22,22,14,18,19,23,19,20,19,19,20,20,13,25,21,21,26,24,23,17,21,25,17,18,20,18,19,23,22,19,22,22,23,23,19,23,22,23,15,19,21,22,17,23,22,18,20,20,22,24,26,25,18,20,26,16,27,17,17,23,24,18,16,17,15,20,21,22,22,21,21,24,24,19,18,19,19,19,20,20,24,22,24,22,17,18,18,23,18,18,22,19,23,28,28,16,17,22,18,16,20,28,27,22,15,19,15,23,18,22,24,17,19,19,20,18,25,16,16,17,17,21,23,24,20,26,17,20,21,21,22,20,21,19,17,18,19,17,17,17,21,19,22,20,20,17,18,20,16,22,23,23,26,28,18,23,18,
18,28,26,26,25,25,24,20,18,18,22,23,20,24,17,22,21,18,17,24,27,22,17,22,17,17,18,25,22,24,21,22,23,22,24,21,22,21,23,18,28,24,25,23,22,20,18,17,25,17,18,26,25,24,24,21,23,25,22,19,19,19,26,21,25,24,20,20,26,20,24,20,18,20,18,21,22,23,23,23,24,17,18,21,21,19,19,27,19,21,28,15,20,21,17,15,20,12,24,17,18,18,19,25,22,19,22,22,23,19,21,21,14,24,22,24,24,18,18,20,27,18,24,18,23,22,25,24,24,25,22,19,24,22,23,23,22,26,26,21,19,22,22,23,22,18,21,22,23,27,28,18,21,21,18,28,26,18,18,20,16,23,24,19,20,21,23,22,26,27,17,23,23,25,20,20,21,21,20,20,24,23,19,19,18,20,24,19,18,21,19,20,29,29,16,17,26,19,17,15,15,28,28,23,15,24,15,17,19,20,16,18,19,19,23,26,25,18,16,16,22,21,21,21,19,27,18,22,22,20,20,19,20,12,19,26,16,16,17,20,20,22,19,21,18,21,17,21,23,24,24,25,24,24,24,24,
19,28,21,26,26,20,19,21,18,22,22,22,23,23,17,19,23,16,21,17,23,24,25,22,19,17,19,26,18,24,22,17,23,24,23,19,22,21,22,27,28,20,24,25,23,22,21,19,17,21,18,19,19,25,22,22,22,18,18,23,19,19,22,26,18,26,23,21,16,21,25,20,23,20,22,21,22,23,24,26,24,25,29,22,21,21,23,20,21,23,27,26,17,20,18,17,20,18,22,18,20,19,19,22,25,16,21,23,23,18,19,27,23,23,24,22,25,24,24,24,23,21,20,19,20,23,26,25,24,25,18,21,23,22,21,22,23,22,26,25,24,22,28,17,27,28,19,29,22,24,28,24,18,22,21,18,18,19,18,19,20,19,25,25,19,25,24,20,24,26,18,18,24,26,21,19,18,20,24,27,24,24,26,27,22,22,19,19,19,22,23,24,28,23,27,17,21,23,16,16,21,26,21,28,12,16,16,18,18,18,17,16,19,23,24,24,21,22,27,15,23,25,24,24,22,18,21,21,19,21,21,20,21,13,22,27,28,17,18,17,19,22,22,19,19,19,21,23,23,25,25,27,22,25,25,24,
18,20,21,18,24,21,23,22,19,26,25,23,24,24,19,19,18,24,17,22,23,22,25,25,26,21,21,19,20,24,22,23,24,25,25,26,19,20,22,21,21,26,27,26,25,27,21,21,18,19,27,36,27,20,24,24,21,18,18,18,20,21,25,25,17,18,26,25,21,22,21,21,19,21,21,22,23,23,24,27,25,27,27,23,24,21,24,25,22,26,28,27,19,17,21,22,18,19,20,21,23,22,19,21,23,24,24,24,23,22,19,28,28,23,22,21,16,24,25,24,24,23,20,20,19,22,22,22,24,21,22,22,23,22,22,22,22,22,23,21,25,30,28,28,19,19,25,27,19,24,21,23,18,20,17,18,21,27,17,19,21,22,20,19,21,25,25,25,21,28,18,25,27,21,22,22,21,22,18,22,28,25,26,25,26,21,26,22,21,18,24,25,25,24,24,29,26,24,22,17,22,21,22,30,24,14,16,17,18,17,17,18,17,26,20,22,22,24,23,25,16,23,26,23,16,25,19,19,23,23,21,22,21,21,23,25,15,22,19,18,23,24,26,25,25,25,21,23,22,22,26,27,23,25,26,26,
22,27,21,25,25,25,24,24,25,26,24,20,25,27,20,24,27,18,18,27,25,21,24,17,26,23,26,21,19,20,23,22,25,26,25,25,28,26,26,21,25,20,30,21,19,27,21,22,26,23,35,36,21,27,26,24,24,18,19,28,19,17,25,26,18,19,18,18,20,18,26,21,20,26,21,26,25,23,26,32,31,29,27,26,27,24,22,25,21,22,27,28,25,20,21,22,19,18,22,23,23,23,22,26,22,22,24,22,25,28,24,19,28,22,23,22,23,17,25,25,22,23,21,22,22,24,24,23,25,25,23,23,21,27,23,22,24,24,23,27,32,26,19,29,30,21,27,28,19,22,22,22,24,20,18,22,23,24,28,19,22,21,22,20,21,21,25,26,33,33,29,26,28,27,18,23,22,24,19,22,28,14,21,26,21,22,26,27,22,22,18,25,28,25,19,23,30,21,22,20,23,23,26,30,21,14,17,19,24,20,19,19,18,18,19,24,21,22,23,25,22,28,30,25,17,17,30,25,23,24,23,22,23,23,23,25,26,16,27,16,23,25,25,26,26,26,22,25,26,26,24,26,25,26,27,27,
28,25,28,28,27,25,25,26,23,26,25,21,26,27,27,26,29,29,19,27,26,22,20,25,18,20,26,25,20,26,24,23,25,25,24,29,27,31,31,27,21,25,23,30,27,28,20,23,23,24,23,21,24,23,20,25,25,27,19,22,22,19,18,20,21,26,19,26,21,24,26,22,22,26,27,28,27,28,23,33,33,31,28,27,28,22,26,27,27,24,24,30,20,26,21,20,20,22,21,24,26,23,27,30,21,27,20,27,27,26,23,28,20,22,30,21,22,24,18,24,24,28,33,21,25,23,25,21,22,20,22,23,28,22,22,23,24,32,24,25,24,24,20,30,19,29,30,28,20,20,25,23,22,24,21,23,14,29,28,19,23,22,24,23,24,26,21,28,30,28,28,24,28,26,21,33,20,21,22,22,17,15,31,22,23,22,26,25,20,27,22,22,25,27,20,27,22,24,23,29,23,25,30,23,21,18,23,16,20,26,21,19,19,18,20,24,25,25,23,29,23,27,19,22,24,30,23,21,22,26,21,23,30,24,32,33,26,25,16,23,23,24,22,26,24,27,24,23,25,27,23,27,25,26,26,28,
26,29,20,29,29,30,26,27,24,32,27,25,27,21,23,23,23,29,30,31,30,20,30,24,24,20,25,24,26,24,21,25,23,24,25,31,22,26,27,31,31,26,25,23,23,27,24,27,22,25,18,22,21,26,24,21,26,22,21,22,27,20,22,24,20,22,22,27,27,24,23,26,21,23,25,28,29,30,24,34,26,32,32,29,22,22,21,22,28,25,24,30,21,22,22,29,30,29,28,25,28,27,26,21,23,22,23,24,28,27,24,24,27,29,30,22,27,25,28,25,28,24,29,33,22,24,23,26,23,22,21,24,23,23,23,20,25,28,31,25,32,26,32,21,22,29,23,21,31,20,21,25,23,21,25,23,18,15,29,20,23,23,25,24,25,24,22,29,25,18,26,29,31,27,22,25,21,21,20,18,16,16,32,31,31,23,23,24,25,24,22,23,29,28,29,29,23,25,29,31,24,24,31,26,25,19,23,25,24,27,25,23,21,19,16,22,31,27,30,27,25,28,23,23,21,32,31,24,21,22,22,26,32,25,35,22,21,22,21,23,24,22,22,20,26,23,24,25,25,25,27,27,25,26,27,27,
26,24,28,30,29,23,29,18,33,25,30,26,30,20,25,24,21,31,31,22,30,23,22,28,20,20,23,24,26,23,25,23,23,30,25,30,31,24,24,28,29,26,27,31,24,23,27,25,18,23,24,23,24,27,24,27,22,25,26,22,25,24,23,23,28,23,22,27,27,28,23,23,27,23,24,25,27,30,25,35,27,27,33,32,29,21,25,23,30,30,31,26,29,21,23,24,30,23,28,24,29,28,29,21,22,26,24,23,22,29,27,27,30,27,31,31,30,29,24,29,29,28,23,26,34,23,24,29,25,24,24,30,24,29,24,28,21,14,26,23,25,32,27,32,33,22,28,21,31,30,26,25,26,21,22,17,22,17,24,21,27,24,28,25,25,27,26,24,24,17,27,33,32,34,31,30,25,22,27,27,24,25,20,25,25,24,28,22,23,24,22,24,23,22,29,26,26,26,26,24,31,29,25,25,30,22,19,27,26,25,27,17,22,22,25,24,31,24,26,27,25,24,25,24,23,22,25,25,26,24,23,27,19,34,33,24,23,26,27,23,27,19,30,33,25,24,24,24,22,26,24,24,24,26,24,23,
22,28,26,24,24,31,30,24,31,28,31,32,24,20,28,25,26,22,33,32,27,24,23,29,32,30,30,23,23,19,24,24,24,30,31,27,23,24,23,29,26,25,27,24,25,24,23,26,16,23,25,21,24,26,28,27,28,27,26,27,25,21,24,23,26,20,21,27,20,25,28,23,24,29,28,27,25,27,31,26,34,24,24,22,32,24,22,23,25,30,31,27,31,23,23,27,25,25,22,29,32,30,34,30,24,23,31,28,25,25,22,28,30,31,29,31,30,24,25,26,24,24,32,24,25,24,25,30,25,29,27,23,30,31,23,29,28,22,25,30,25,26,27,29,24,27,29,27,22,25,21,25,26,17,22,19,17,27,17,28,32,26,25,25,25,21,27,26,26,26,24,34,33,35,33,36,35,30,27,27,30,24,25,26,26,24,26,23,23,25,24,23,26,22,27,24,28,28,25,25,27,25,30,23,32,23,30,20,21,28,28,27,26,25,26,26,23,24,31,29,25,25,25,26,23,22,22,24,26,21,26,22,20,20,25,24,24,35,23,24,24,20,30,34,28,29,24,25,25,26,28,25,23,24,24,26,
25,23,27,24,25,32,25,23,28,29,21,32,31,25,24,29,28,27,26,32,28,25,28,27,27,33,30,15,31,31,23,25,32,24,29,25,26,25,24,23,25,31,25,27,24,22,23,24,25,22,28,29,24,28,18,26,27,30,29,28,29,32,31,30,26,21,27,19,29,21,27,28,28,28,28,26,25,28,29,32,26,25,25,27,28,33,26,24,30,30,28,25,28,29,24,24,26,26,23,23,29,33,33,33,25,23,23,29,31,31,33,34,34,35,31,29,30,29,27,27,24,24,25,24,31,25,26,26,28,27,27,25,25,26,30,28,29,26,26,30,23,23,27,25,26,25,25,27,30,23,26,23,32,28,18,18,26,18,24,17,28,32,25,27,26,26,22,30,25,25,26,25,25,33,33,33,31,32,32,35,31,26,25,25,26,24,26,24,22,25,30,24,27,27,26,29,28,27,26,25,26,26,30,26,25,33,31,31,25,27,25,25,28,31,27,26,26,27,24,24,25,30,26,30,26,23,28,23,24,21,24,23,23,26,26,36,38,35,34,24,25,21,22,18,21,25,24,26,24,27,28,26,24,27,25,27,
24,25,27,31,32,33,32,29,30,31,24,22,32,29,23,32,30,28,23,25,29,29,27,30,30,29,26,29,26,32,22,24,26,23,29,29,28,31,27,26,27,26,28,28,26,23,25,28,29,25,23,21,32,28,24,35,31,29,28,30,27,26,32,28,29,22,28,27,29,29,22,29,29,27,25,24,27,24,30,27,28,30,31,30,25,29,29,26,30,31,29,26,28,30,30,24,28,27,29,24,24,29,32,27,33,34,32,25,28,34,27,31,35,35,29,29,18,29,19,27,31,24,25,25,27,29,25,26,28,29,26,32,26,29,26,29,34,28,24,28,24,24,21,27,20,26,26,27,31,27,28,30,26,25,29,31,29,28,23,18,26,30,26,25,27,27,27,26,19,26,24,27,31,34,34,34,26,32,32,29,34,33,26,26,27,24,26,24,25,22,29,30,28,26,27,31,28,29,28,29,28,26,26,27,25,26,25,19,29,19,25,31,26,27,27,30,26,24,26,30,27,31,31,31,32,27,33,28,29,22,24,25,25,26,25,26,22,35,23,20,23,21,25,19,20,28,25,24,28,26,28,28,24,28,27,28,
26,25,25,33,32,31,32,29,31,22,23,24,31,28,29,23,31,30,23,32,33,27,29,25,33,30,29,29,17,17,23,25,25,21,26,29,29,30,29,27,28,27,27,29,30,28,26,28,25,26,23,24,27,31,27,35,28,30,30,30,27,28,30,28,28,21,22,28,33,27,29,24,29,29,28,25,27,26,25,26,30,30,31,26,27,26,26,33,32,31,34,30,28,29,27,26,24,30,25,26,28,29,32,23,28,33,34,29,24,28,28,29,32,30,35,30,27,20,19,28,33,32,30,26,28,29,32,26,22,26,28,30,32,29,27,30,30,29,35,31,24,25,32,29,21,28,28,28,30,29,29,31,27,27,36,31,24,17,25,19,26,23,27,29,25,28,30,31,26,27,27,27,28,32,28,29,27,28,32,29,28,33,33,28,27,28,28,25,26,23,30,31,25,27,30,29,27,31,29,27,32,28,28,28,30,26,20,26,23,26,25,28,32,29,31,32,29,29,28,29,29,30,31,33,30,33,32,30,25,28,25,26,26,29,26,31,37,22,36,23,22,22,22,26,21,20,26,26,31,27,28,26,27,25,27,28,
26,27,27,28,27,26,28,30,30,25,33,24,26,31,27,30,26,30,29,31,35,24,25,25,29,31,31,20,17,20,19,27,26,27,22,25,25,31,29,29,28,24,28,31,31,30,26,29,27,24,26,31,28,28,29,38,35,30,31,32,31,30,27,27,28,31,27,32,39,28,28,28,29,27,29,31,26,27,26,31,30,31,31,33,26,28,28,33,34,32,33,33,31,25,30,25,24,24,24,29,29,31,30,35,25,25,34,30,27,29,27,28,31,25,28,28,32,28,32,21,29,29,32,28,29,29,33,30,30,29,29,29,34,33,31,28,28,27,36,29,25,25,26,29,30,22,28,28,33,31,32,22,31,28,26,25,24,29,23,27,20,25,22,31,25,26,29,21,31,27,28,27,25,28,27,27,29,28,30,27,23,28,28,28,27,28,28,26,29,29,30,32,30,31,28,31,26,27,28,27,30,33,32,30,31,31,32,21,23,27,26,30,33,30,33,33,34,29,30,28,30,27,21,32,21,30,32,34,29,31,29,29,27,30,30,32,32,31,28,25,24,22,25,30,28,21,26,26,26,28,29,27,29,28,28,28,
30,27,27,24,27,25,29,26,35,25,34,31,26,28,28,22,31,27,28,32,32,32,32,30,31,33,31,31,21,31,31,32,27,26,27,30,26,28,27,30,30,26,25,30,30,29,28,30,27,27,28,31,29,29,28,34,39,31,31,31,22,31,31,31,27,32,30,27,34,43,28,31,29,33,27,29,31,28,28,31,30,31,32,26,27,28,27,30,34,33,31,32,32,34,23,25,18,25,30,30,30,32,32,28,33,27,30,35,28,28,29,29,32,28,29,22,28,33,33,21,30,28,33,29,29,30,34,30,29,28,30,28,34,34,33,34,28,33,37,26,28,27,22,29,31,30,27,32,25,33,24,24,24,25,26,28,28,30,29,30,33,22,27,28,31,29,27,30,22,28,27,29,28,25,27,29,28,30,31,34,30,23,28,30,28,29,26,27,25,29,30,31,27,27,29,27,27,28,28,27,32,28,32,31,33,29,32,22,22,30,29,28,30,27,27,34,33,29,28,30,29,32,28,37,32,31,30,34,32,33,30,30,29,30,28,29,33,28,29,24,26,28,27,26,30,29,28,29,27,28,29,27,27,28,29,27,
25,21,21,29,26,30,25,31,36,26,31,34,24,28,28,27,32,28,28,33,29,29,32,32,32,34,32,33,20,23,31,33,33,27,30,31,32,27,29,28,27,28,28,31,34,30,29,28,28,30,33,33,31,33,31,30,26,27,32,31,23,24,23,25,30,27,28,28,27,43,28,30,31,27,25,28,28,31,32,31,30,22,30,30,27,29,28,31,35,34,32,32,33,33,23,34,26,26,28,29,35,33,29,35,37,26,26,30,28,28,33,29,25,24,23,25,24,27,34,34,34,28,35,30,30,30,31,31,30,30,33,28,28,28,37,33,33,35,29,27,27,28,30,23,30,29,27,28,33,33,25,32,27,33,28,26,32,31,31,31,23,33,29,32,30,29,28,32,32,29,36,29,33,29,27,32,29,31,31,28,32,31,29,30,29,28,31,27,28,26,30,32,28,33,29,27,28,28,29,30,29,29,30,28,33,33,30,33,30,28,30,27,30,27,29,34,29,30,33,29,30,31,38,31,38,32,32,31,33,34,30,34,30,32,35,35,28,34,32,33,29,28,31,28,28,31,30,31,28,29,28,28,28,29,28,28,
25,23,22,30,34,32,26,26,28,32,32,29,26,34,29,28,21,33,32,29,28,30,30,31,32,30,24,34,30,36,24,33,36,31,31,32,32,32,26,29,29,27,28,29,31,35,37,28,29,35,30,30,29,34,30,32,31,35,31,25,27,32,27,30,25,28,32,29,28,40,26,26,30,27,25,25,28,31,32,29,30,29,31,34,27,28,27,33,36,36,34,32,33,34,36,35,24,28,29,31,38,36,26,35,35,36,26,28,32,28,29,31,33,25,26,24,25,26,33,34,35,26,35,31,31,32,31,30,28,31,31,30,28,31,27,29,35,34,27,32,28,29,30,30,34,29,34,31,33,34,29,27,35,36,37,27,27,30,36,37,26,34,29,34,27,30,28,32,28,29,33,33,29,34,33,34,32,33,32,32,28,27,32,26,30,29,30,24,29,31,36,32,30,30,29,29,26,29,27,31,28,29,31,30,34,31,35,37,34,33,29,37,27,29,28,28,26,35,32,32,33,34,36,32,38,29,30,35,27,25,31,31,33,26,35,36,30,28,34,29,29,28,29,28,28,27,31,32,30,31,28,29,29,28,29,28,
25,29,24,35,30,32,32,27,28,33,33,30,30,30,35,28,29,38,25,30,31,31,31,31,33,34,33,33,31,36,37,34,29,36,31,33,33,32,30,27,27,25,27,32,32,35,35,38,35,30,31,30,35,35,33,33,31,31,29,31,28,24,28,26,35,25,29,41,40,40,42,37,27,30,32,26,32,32,31,33,37,24,33,32,34,32,36,36,29,37,28,27,35,35,35,36,26,29,32,29,33,31,27,35,28,39,31,30,29,26,34,31,31,29,39,27,27,34,26,30,28,33,30,35,36,36,32,32,30,31,31,35,35,35,32,30,31,34,34,35,31,29,31,29,32,30,33,31,34,34,34,27,35,33,29,37,28,33,29,34,31,34,35,27,31,28,29,29,34,33,34,30,30,29,34,29,30,33,32,33,31,28,26,25,27,25,25,25,30,33,36,31,32,31,36,31,30,28,28,32,29,30,32,31,31,32,28,38,37,32,35,38,30,31,28,29,32,34,33,31,34,34,31,38,33,29,32,35,34,31,32,29,29,31,29,34,32,27,35,27,28,28,28,30,29,32,31,32,31,32,29,30,29,30,30,29,
33,26,29,34,34,33,36,35,29,31,34,30,24,30,30,36,29,29,25,25,33,26,25,34,33,35,33,33,34,34,36,29,30,30,34,32,31,28,27,30,29,26,28,26,37,32,37,36,34,36,34,31,31,35,31,32,32,29,27,31,32,39,27,26,26,25,36,33,41,27,28,28,31,38,31,32,33,32,25,34,32,30,35,34,33,31,32,32,34,34,28,36,29,28,36,31,26,37,27,32,33,37,29,35,30,29,31,28,31,28,31,32,30,31,30,30,39,27,29,30,28,34,28,31,31,38,32,35,31,31,34,35,35,28,32,32,34,33,33,34,32,29,31,28,34,32,31,34,35,29,28,29,35,35,27,33,39,32,30,29,32,41,31,33,27,29,30,29,29,35,34,31,37,31,34,30,33,33,33,32,29,28,28,26,33,28,26,26,29,31,34,37,32,30,37,30,37,28,29,31,33,30,30,32,30,31,29,28,35,33,37,31,37,31,25,29,32,36,33,31,34,35,35,41,35,34,28,32,39,36,32,30,29,32,26,33,33,28,32,30,30,29,28,28,28,33,32,32,32,31,31,33,30,29,31,30,
34,33,27,35,34,37,33,26,28,32,32,31,26,31,24,34,27,30,25,29,36,35,34,35,36,37,31,28,34,40,33,37,35,36,33,35,30,29,29,27,27,27,28,28,38,36,38,37,37,31,34,35,35,34,33,32,32,30,32,32,29,39,28,30,27,29,35,35,36,34,34,32,34,32,32,33,33,31,39,29,32,34,35,35,29,37,34,34,33,35,31,36,30,29,28,32,26,37,27,33,34,33,33,31,32,31,35,29,28,33,33,34,36,30,31,38,35,32,35,29,33,31,29,32,39,36,33,33,35,28,30,34,35,32,29,34,33,34,37,35,33,36,30,30,35,34,33,35,34,30,38,36,34,28,35,38,39,33,31,30,33,33,33,35,30,30,34,34,31,31,35,33,34,39,38,33,28,34,28,33,29,31,33,32,31,28,33,27,32,35,29,27,37,30,29,35,37,33,30,32,31,31,26,39,33,32,33,30,28,29,37,34,37,32,29,30,31,31,36,32,34,36,40,42,40,35,26,29,35,38,32,31,28,32,31,33,33,32,27,30,28,35,30,35,29,31,34,33,33,31,32,30,32,33,31,31,
31,32,34,36,35,37,38,35,36,34,29,32,32,27,37,35,32,28,28,28,28,30,33,35,37,32,31,28,33,37,34,35,36,37,39,28,35,36,30,31,30,28,30,28,28,33,36,32,32,34,34,35,36,39,26,34,33,27,33,32,31,30,31,29,32,30,30,35,35,34,34,34,30,35,33,34,31,40,40,33,29,29,38,30,34,34,36,36,34,34,32,31,30,31,32,33,35,36,38,36,34,34,33,32,34,33,29,36,31,32,30,34,34,37,32,31,36,35,36,36,37,34,31,31,37,37,36,35,34,29,30,29,35,33,36,34,34,34,35,37,30,37,37,35,36,31,35,31,35,34,32,36,33,35,29,28,33,34,33,32,33,36,35,33,34,35,35,35,33,32,31,36,32,40,35,35,30,29,37,29,30,32,31,33,33,31,29,33,32,35,28,30,38,31,39,37,36,36,34,35,26,31,31,39,34,35,39,34,29,29,33,26,35,32,36,31,32,32,41,36,34,38,36,40,41,33,32,37,36,35,32,33,33,35,28,30,38,33,29,31,30,33,31,36,36,30,35,33,36,33,31,32,32,31,31,31,
33,32,35,35,35,36,34,37,29,36,30,31,37,27,39,33,39,33,27,30,29,28,30,36,28,37,35,29,37,34,34,34,34,39,40,39,28,29,34,32,31,29,34,35,38,32,32,39,32,37,44,34,36,38,43,42,42,27,31,32,32,33,32,33,37,35,30,31,34,29,35,34,33,30,36,32,31,38,30,32,31,38,40,31,31,36,33,36,36,32,32,31,31,33,33,34,33,36,34,36,31,34,39,35,36,37,34,34,32,33,32,31,29,36,37,32,37,35,36,37,35,34,32,39,37,38,38,35,30,35,37,30,35,30,37,34,34,35,36,38,31,31,30,34,33,32,33,33,32,34,31,35,34,34,35,34,33,38,29,34,34,34,30,34,33,35,35,30,34,35,37,32,37,33,37,36,34,35,32,35,33,32,34,33,31,34,32,33,34,35,30,34,31,31,30,35,38,31,34,33,32,33,28,36,40,35,34,35,38,31,31,34,26,34,33,29,32,34,40,39,38,38,43,37,32,37,39,34,33,35,38,34,33,35,35,31,38,35,34,33,31,34,32,36,36,36,35,36,36,36,36,34,34,35,31,32,
36,33,35,36,35,40,37,32,31,30,29,34,37,37,40,29,38,35,36,34,29,35,37,29,37,34,35,34,38,43,35,40,35,40,35,40,35,28,30,32,31,32,36,34,34,33,32,37,38,39,42,36,37,37,35,35,36,27,36,33,34,36,33,34,38,37,36,35,35,34,30,35,35,32,35,36,38,32,31,38,38,32,32,40,31,37,36,37,37,35,34,32,33,32,30,30,37,35,38,37,40,31,35,39,40,39,37,35,34,32,34,33,30,31,36,33,33,32,31,32,32,38,32,31,33,39,39,36,35,35,35,35,36,31,33,35,36,33,37,39,39,31,31,28,34,33,32,34,38,35,36,36,31,34,33,33,34,34,34,35,38,35,33,31,32,38,30,30,35,35,35,33,35,36,37,37,36,32,38,36,34,35,34,34,33,31,36,34,30,35,35,26,35,35,37,34,35,32,41,34,33,41,35,34,41,40,32,34,36,38,32,37,34,34,35,36,34,36,35,35,37,39,38,39,40,35,39,34,34,34,31,35,35,35,33,34,33,36,35,30,34,29,35,33,37,32,37,34,38,36,39,35,34,34,35,35,
36,33,36,42,34,33,38,39,32,34,30,39,39,38,39,30,40,35,33,32,35,30,34,30,39,32,36,34,36,38,40,37,39,40,39,36,36,36,30,31,33,32,36,36,34,34,33,34,39,39,37,35,38,37,40,36,35,36,32,36,34,31,34,34,29,41,37,32,33,37,37,44,36,34,36,39,39,39,34,39,38,39,32,35,32,35,35,38,34,34,30,37,35,33,33,32,36,32,40,37,39,31,34,45,39,36,38,36,35,35,39,37,33,35,31,34,30,41,34,33,34,34,38,34,31,32,31,37,36,35,35,38,34,39,36,33,35,33,33,36,37,32,28,38,39,28,31,38,38,37,37,38,39,37,35,33,34,34,39,36,40,36,36,37,34,39,33,30,29,34,34,35,36,37,31,38,38,32,32,39,36,36,36,34,34,33,36,28,38,36,36,27,35,35,36,29,29,29,35,34,38,34,43,34,37,38,33,34,37,33,32,38,39,39,36,37,37,36,37,34,38,38,39,40,34,39,39,36,34,32,31,37,36,31,36,33,33,32,34,31,32,32,30,33,38,37,37,32,34,37,40,34,35,35,36,36,
33,38,37,37,34,45,34,33,41,34,39,37,37,40,41,41,38,34,35,35,31,33,32,30,40,33,40,35,37,36,38,40,32,42,40,41,40,41,36,38,32,39,33,35,37,32,39,33,35,38,33,38,38,38,41,39,38,36,43,33,33,33,32,30,30,29,34,35,34,34,39,32,45,46,39,42,42,39,36,40,38,40,39,32,36,36,39,34,38,35,36,36,38,35,34,38,35,38,40,38,41,40,40,44,40,32,37,39,38,37,38,38,38,33,32,31,31,39,41,33,32,34,34,35,32,32,33,40,38,37,37,42,36,37,37,34,34,34,35,37,37,39,34,32,39,29,39,39,42,39,38,39,38,39,38,35,34,34,36,40,41,40,40,37,35,39,34,31,31,33,35,34,37,37,38,38,45,27,33,45,40,41,36,32,35,34,30,36,36,39,40,28,38,36,40,39,36,38,42,34,43,35,43,35,35,37,38,33,38,29,33,39,33,36,34,36,37,37,37,35,35,39,38,35,35,38,39,37,37,40,32,33,37,32,39,38,36,39,35,35,38,36,35,37,33,38,33,43,40,41,37,35,35,34,35,35,
33,39,39,38,36,45,35,45,40,42,38,40,38,40,39,35,41,34,32,36,33,33,43,32,36,41,38,36,39,39,39,38,39,34,42,42,41,42,36,38,39,32,37,32,36,31,38,40,35,38,34,38,39,39,42,40,42,44,43,44,42,34,31,34,39,36,35,38,35,35,35,32,34,32,32,37,42,37,37,41,37,41,36,33,37,39,40,41,39,35,37,37,37,36,35,36,36,34,40,38,41,41,41,40,35,33,36,40,35,33,38,42,36,37,37,36,32,34,41,33,35,33,33,34,35,41,35,36,38,35,36,43,37,36,33,32,38,35,37,37,37,38,39,42,39,34,39,38,37,42,41,41,39,40,44,35,35,37,37,41,40,40,41,34,41,40,35,42,30,29,30,36,35,35,38,37,45,39,33,39,32,42,41,33,33,31,31,36,33,30,40,41,34,39,40,39,36,36,32,36,43,36,38,37,36,36,43,41,33,40,29,41,34,40,33,36,39,32,39,34,36,36,37,35,35,38,37,37,39,41,41,33,33,33,33,36,35,38,38,35,37,36,36,37,33,34,36,41,42,29,40,39,36,34,36,35,
32,37,39,38,38,37,36,46,42,39,39,37,40,37,40,40,35,36,37,37,37,36,33,42,42,42,39,40,41,39,33,39,35,38,36,43,37,44,38,37,39,40,41,33,36,34,39,39,41,41,40,40,40,39,36,37,35,44,45,36,35,40,43,31,39,32,39,41,35,35,35,35,34,35,33,39,40,38,38,38,35,42,35,41,34,41,40,41,39,38,37,37,38,35,34,38,36,35,35,36,35,36,35,41,42,36,36,35,34,36,39,36,37,39,38,39,33,34,34,33,43,34,33,42,35,36,36,35,35,36,35,35,39,39,33,32,40,38,38,39,38,40,39,40,42,35,34,35,38,34,42,34,42,38,39,44,36,42,43,40,39,37,40,39,42,37,34,36,34,35,31,33,37,37,36,39,36,40,34,42,39,38,42,34,36,38,36,36,34,36,36,40,40,37,36,40,36,37,38,41,39,37,37,37,38,42,42,40,33,35,36,36,41,39,33,33,39,33,34,36,36,37,34,38,36,39,38,36,42,37,42,38,34,35,40,37,36,34,38,37,38,37,37,37,37,40,37,45,43,43,29,43,35,35,37,37,
33,37,38,39,42,38,35,39,41,42,39,41,42,36,39,40,43,36,36,38,38,39,33,38,42,40,42,42,42,37,33,33,36,39,35,37,34,37,38,38,38,35,38,40,36,39,35,35,37,41,41,39,38,39,37,41,35,40,45,41,36,41,29,40,39,32,43,41,42,36,37,38,35,35,39,39,43,43,40,43,40,40,36,37,40,33,39,33,39,41,40,39,41,35,35,35,37,36,35,36,37,37,37,42,41,42,40,36,36,39,39,35,36,35,38,38,38,41,37,35,35,39,42,36,43,36,37,38,39,36,33,38,35,32,36,36,37,41,37,38,38,41,40,40,41,42,37,36,40,43,34,38,35,35,37,40,40,41,41,40,40,36,37,40,38,42,37,34,36,34,36,37,38,37,37,36,41,37,34,42,43,40,38,35,35,38,38,36,33,38,37,37,37,36,40,41,37,41,39,39,40,41,38,41,39,42,42,39,41,40,37,35,37,34,40,34,41,39,36,34,35,36,35,36,39,38,34,37,39,40,43,43,36,33,46,36,36,41,41,38,38,35,39,34,38,43,37,37,46,44,46,44,43,36,43,38,
39,40,35,39,42,42,39,35,39,38,43,41,42,38,39,35,41,42,37,37,35,42,40,36,42,41,36,36,44,42,43,38,40,37,34,35,34,38,38,39,46,34,33,41,42,36,40,39,41,37,41,41,38,37,38,39,38,38,42,39,36,37,36,37,43,41,44,42,45,43,42,39,38,38,44,41,43,42,39,40,39,39,40,39,38,39,40,38,40,41,40,36,36,36,36,36,36,36,37,37,36,42,37,40,40,42,38,41,36,38,38,35,35,37,38,36,33,42,38,37,35,41,35,33,32,38,37,36,39,41,38,38,35,33,34,42,36,37,37,37,40,39,42,41,41,39,37,44,36,40,35,37,39,41,38,42,40,43,42,38,38,37,43,37,39,41,38,35,35,35,37,37,36,36,41,42,37,34,46,47,44,39,43,39,44,37,36,40,37,36,40,37,36,37,40,41,41,40,42,39,41,40,38,42,40,45,39,41,38,42,38,42,35,37,39,40,39,41,41,37,36,36,37,36,38,37,36,38,39,44,41,35,36,39,37,36,35,44,38,38,41,40,38,40,35,38,43,38,30,46,31,42,44,43,43,44,
42,40,38,46,40,44,43,42,39,38,44,42,42,41,39,36,37,42,43,38,37,42,38,41,40,41,41,39,44,33,44,38,41,36,36,35,34,40,39,36,41,34,34,37,34,38,37,35,41,42,38,42,40,34,38,38,38,37,39,42,39,39,39,38,37,39,42,44,45,40,41,40,38,39,42,40,44,42,40,40,38,34,42,42,37,38,40,36,36,38,41,41,39,39,38,39,37,37,36,35,39,43,38,41,42,39,41,40,38,39,39,41,36,37,36,37,46,46,36,39,42,41,43,36,33,36,38,38,42,39,41,38,35,35,42,42,36,43,38,43,41,41,43,38,41,41,38,37,38,37,37,36,41,37,42,42,43,43,43,44,43,37,41,37,37,42,37,37,37,38,37,37,37,40,41,42,37,45,35,46,40,46,43,44,38,37,38,34,41,39,41,41,37,37,37,38,39,40,42,41,40,40,39,42,42,40,41,40,39,37,43,43,36,36,42,35,35,36,46,46,47,36,38,38,38,39,40,37,38,40,35,42,39,45,37,40,35,44,45,46,39,46,35,41,42,43,42,38,37,32,33,32,33,43,43,44,
42,41,39,46,38,44,40,41,42,39,39,44,42,42,39,37,36,37,41,44,43,41,43,42,42,42,41,43,40,40,33,42,41,37,38,38,36,40,39,37,39,41,35,40,41,43,39,36,36,44,41,39,35,40,38,38,39,39,41,40,42,42,41,42,39,37,43,45,47,45,42,45,37,39,38,42,44,43,35,43,40,41,45,41,42,39,39,43,37,39,36,40,39,40,39,38,38,38,38,37,38,38,39,42,42,40,41,41,38,38,42,40,39,37,35,37,46,47,47,38,37,41,43,44,37,36,37,39,37,44,41,44,41,36,44,44,41,43,40,43,42,39,42,42,44,40,39,41,38,43,37,41,41,41,43,43,39,44,44,45,36,38,40,38,37,41,38,39,36,38,40,38,38,43,41,39,43,40,37,37,40,48,45,40,41,37,38,38,34,39,38,37,43,42,38,41,44,40,39,43,40,39,39,43,41,45,41,39,42,39,39,44,44,43,40,36,45,37,40,43,39,48,38,40,38,39,41,43,37,39,43,36,42,45,45,45,44,41,45,42,43,47,44,35,36,43,36,47,38,36,36,34,34,34,34,45,
42,41,40,42,41,38,39,43,42,42,42,44,38,44,41,37,37,38,38,40,44,43,39,43,43,43,43,43,40,38,42,42,42,43,36,39,37,39,38,38,40,36,36,37,38,39,44,45,36,42,39,44,40,42,38,40,39,38,39,42,41,41,41,42,39,43,45,44,44,47,46,45,38,37,39,39,44,41,38,39,40,44,41,41,35,40,45,39,37,40,40,37,36,39,42,37,40,39,38,41,38,38,42,39,41,41,41,40,45,38,42,41,38,41,37,36,42,47,40,39,39,40,39,44,37,39,39,41,40,43,41,43,47,41,36,35,41,43,40,40,43,44,45,43,41,44,41,39,41,42,40,38,37,43,39,43,40,39,45,45,45,38,40,38,41,39,38,39,38,39,42,41,39,42,42,38,42,41,40,37,40,42,39,40,41,38,40,39,39,38,38,38,37,37,40,39,44,46,42,42,40,42,42,40,42,45,48,40,42,41,44,44,41,44,41,42,41,38,43,41,39,39,38,38,42,39,41,37,37,38,44,37,41,46,47,46,42,44,41,41,46,40,47,40,37,39,36,39,40,40,44,42,36,37,35,34,
38,42,41,44,43,43,42,39,40,43,42,43,38,40,40,40,42,38,42,39,41,45,45,44,43,43,44,41,40,41,42,37,43,40,42,41,43,39,39,39,40,38,37,38,41,40,41,44,44,42,42,40,43,42,43,42,39,40,40,41,42,42,39,44,43,45,44,45,46,45,40,41,39,41,41,40,44,41,39,40,40,42,39,44,38,40,40,46,45,38,43,39,36,40,38,40,41,39,41,43,45,39,40,40,41,42,42,42,37,42,41,42,40,38,47,37,46,42,43,44,41,39,42,40,41,39,39,37,40,39,42,42,43,47,36,36,35,46,38,41,44,42,38,43,44,43,43,42,40,43,41,43,41,38,44,45,44,38,41,46,46,39,41,39,40,40,43,38,42,43,40,44,44,39,39,39,43,42,43,45,41,43,38,38,38,42,41,41,40,41,41,41,43,38,43,44,40,45,43,43,40,42,42,42,45,43,46,43,43,38,39,44,44,41,38,42,39,45,38,41,40,39,39,40,38,42,42,41,38,42,39,42,41,42,43,42,43,44,43,41,47,48,48,41,39,41,38,40,39,40,43,43,36,36,35,35,
42,40,43,43,44,41,43,43,41,40,40,42,39,40,41,41,41,43,40,43,42,42,43,44,40,43,44,43,45,42,42,43,38,39,41,40,43,39,41,41,40,44,39,38,40,41,41,43,41,43,43,41,46,39,44,43,44,42,41,50,40,42,40,40,42,44,46,45,44,47,46,41,41,39,40,41,39,44,42,42,41,46,40,42,44,44,40,45,39,40,39,41,42,42,42,42,38,45,46,41,44,41,41,41,41,41,44,42,39,37,42,41,40,43,48,47,46,47,45,45,42,41,42,43,41,41,42,39,42,40,43,44,39,41,46,46,37,41,40,41,38,39,39,37,41,42,40,44,38,43,43,42,41,42,40,42,42,46,41,46,41,41,40,38,44,39,42,39,42,41,44,40,38,44,45,43,37,43,44,43,41,42,40,39,40,45,44,41,40,41,40,42,48,45,44,42,39,42,43,40,41,44,44,42,45,45,41,42,37,43,42,41,40,43,38,38,41,40,45,41,42,41,48,45,43,41,41,41,39,36,43,41,43,42,43,44,40,44,45,42,42,49,40,41,42,38,39,39,42,45,46,44,44,40,44,43,
43,41,42,44,45,44,44,45,38,40,44,43,38,40,38,41,41,42,40,44,42,42,41,43,41,47,43,41,43,44,43,44,41,40,41,42,43,44,42,40,41,42,46,41,40,43,42,44,44,45,43,42,42,46,40,42,42,44,42,43,39,44,42,41,43,44,48,46,49,42,44,45,44,43,44,41,42,42,43,40,43,46,38,39,41,41,39,38,40,39,39,40,44,39,38,42,37,44,46,46,44,41,41,46,42,43,42,41,44,44,38,40,41,37,49,38,45,48,45,45,46,42,45,41,41,41,43,40,40,42,41,44,42,42,47,37,48,42,41,44,43,39,39,38,42,41,37,44,38,42,44,41,42,43,43,44,44,48,46,44,41,39,41,43,44,38,40,43,40,41,43,43,39,38,45,45,41,39,43,42,42,41,44,43,40,40,42,41,40,39,43,45,47,48,44,45,41,42,43,42,44,42,44,46,46,36,42,42,40,38,37,43,40,41,40,39,37,42,42,47,45,45,49,46,46,42,44,41,42,41,44,44,44,41,44,44,47,40,46,45,45,47,47,50,41,43,40,43,45,43,44,46,42,41,44,45,
43,42,45,43,43,45,46,43,40,39,42,44,45,39,41,39,48,42,42,47,43,47,42,43,48,48,46,42,48,39,44,41,41,42,44,43,46,45,44,42,41,42,41,43,44,40,41,45,39,43,43,43,45,42,42,44,42,45,42,48,45,45,42,36,41,42,45,42,46,43,45,44,44,43,43,42,43,40,41,41,39,40,39,44,41,41,39,43,42,42,39,41,39,44,39,47,40,45,42,46,47,45,43,46,44,45,43,42,45,44,42,42,43,45,38,45,44,45,46,47,44,45,43,42,42,41,43,41,43,43,44,43,41,46,42,48,48,43,42,43,42,39,40,41,43,41,41,44,38,41,43,42,42,44,44,45,45,46,45,41,42,45,43,45,45,44,40,39,41,40,44,45,42,38,40,43,43,44,45,43,47,44,41,45,43,41,46,44,43,41,45,45,48,43,45,45,46,43,46,42,42,41,45,46,47,43,45,37,40,41,43,41,41,42,41,45,40,40,41,47,45,44,43,48,40,43,48,43,42,41,41,42,44,43,42,42,47,46,46,45,45,46,45,51,42,44,41,41,49,45,43,46,46,45,46,45,
42,44,45,41,43,44,46,38,41,40,39,45,41,44,40,42,43,48,46,44,45,44,44,44,44,48,45,45,49,48,47,46,39,43,42,45,43,48,45,42,42,43,43,44,42,41,49,41,40,43,40,46,45,44,43,47,46,44,50,49,49,43,39,46,42,46,41,41,46,47,46,50,41,47,42,45,43,47,45,42,44,51,46,45,45,42,41,40,43,43,44,44,41,44,43,44,39,49,42,43,43,45,45,44,45,45,47,44,42,45,43,45,43,43,46,45,45,42,39,47,48,47,44,41,46,44,44,45,42,42,44,40,43,46,46,43,46,48,44,43,43,39,46,45,42,42,46,45,45,42,47,44,43,42,44,40,45,43,46,46,42,47,45,45,47,44,40,43,42,41,44,47,46,46,41,44,44,43,44,43,44,45,45,44,46,44,42,44,44,44,42,42,41,44,44,44,45,44,45,43,49,45,43,45,48,39,44,39,46,41,42,45,44,43,40,41,41,41,46,40,43,42,49,49,43,50,49,49,44,42,41,40,41,46,43,44,45,46,45,44,42,46,45,45,48,45,42,42,50,47,46,46,44,51,47,46,
47,42,45,43,45,44,47,49,39,39,43,46,45,46,45,46,42,47,45,45,45,40,48,45,44,45,51,46,46,45,44,47,46,41,44,41,46,45,49,46,51,50,43,44,43,44,47,46,50,41,42,43,43,38,42,48,46,47,43,47,43,42,42,43,44,43,42,42,45,43,47,47,48,45,44,43,46,46,48,48,44,44,46,47,46,44,42,47,41,42,45,41,41,44,43,42,48,40,46,44,44,47,45,43,44,46,48,46,45,43,47,47,44,48,48,45,44,45,43,47,40,49,49,41,46,46,44,43,46,42,44,45,41,45,50,46,47,42,45,43,41,45,46,44,47,46,43,46,46,45,46,47,48,46,44,41,44,47,47,46,47,47,44,46,47,49,48,49,43,45,42,45,43,47,46,46,44,45,44,45,44,44,47,46,46,49,43,42,46,42,43,42,47,43,45,47,45,46,45,49,50,48,42,48,45,39,45,42,45,41,42,46,42,44,44,42,39,42,46,46,44,42,49,48,46,50,41,50,43,42,43,42,42,45,45,47,46,47,44,48,43,43,48,42,49,47,43,45,51,45,47,47,44,50,47,47,
48,47,44,46,43,49,46,47,45,44,45,44,47,46,45,44,49,44,47,48,47,39,48,48,45,47,51,44,43,46,46,45,43,42,44,48,41,47,46,47,46,52,51,44,51,43,51,50,50,48,42,43,44,47,49,48,43,47,45,48,43,43,43,42,44,43,44,44,45,43,44,48,47,48,48,43,47,45,42,48,46,44,48,49,45,45,48,45,46,46,46,45,42,43,44,43,45,46,41,46,41,44,42,48,44,46,46,47,47,48,44,48,48,43,42,45,45,44,44,41,42,50,46,45,48,47,46,48,47,46,50,41,43,43,46,46,48,46,43,43,41,47,46,45,45,43,42,50,46,47,46,48,44,46,46,44,44,48,45,45,44,46,44,45,48,50,49,49,48,48,50,44,45,43,43,42,47,45,47,48,46,44,47,44,50,47,49,46,45,47,42,43,42,41,46,46,46,44,46,46,50,48,43,48,49,40,42,42,42,43,42,43,43,43,43,41,40,45,43,45,46,46,43,47,45,44,52,44,49,44,41,43,43,43,45,46,43,44,45,44,45,44,46,47,45,47,43,48,49,47,47,48,47,47,47,46,
45,48,48,46,44,44,48,49,48,48,46,45,46,46,44,45,45,44,49,49,46,48,40,49,46,48,49,49,47,46,47,46,44,43,47,45,42,42,45,47,48,45,47,45,44,44,50,49,43,49,42,44,47,47,40,49,48,43,48,43,46,45,46,44,42,45,43,44,43,44,44,44,42,49,49,44,44,44,47,45,46,46,50,49,43,49,49,46,48,44,47,45,40,42,45,42,46,46,44,42,42,47,44,49,47,48,47,46,48,46,45,42,49,47,47,44,48,45,50,46,49,42,42,46,46,48,45,47,49,48,43,47,47,48,50,52,48,48,47,46,44,47,46,47,51,44,45,47,50,47,47,45,47,45,47,48,47,46,40,46,46,47,43,45,44,49,50,48,49,48,49,48,49,44,43,46,51,51,46,45,48,45,46,48,50,45,46,47,49,48,44,43,44,47,48,48,47,47,46,47,44,45,49,44,47,50,45,44,46,43,41,45,43,44,45,44,45,45,48,43,48,47,46,46,47,46,46,45,43,45,43,47,46,44,44,44,44,47,41,42,45,45,46,49,46,47,47,49,44,46,49,53,50,47,48,48,
47,47,48,48,47,47,49,48,46,51,49,48,47,48,46,44,46,45,46,49,47,48,41,46,46,47,44,43,48,49,49,47,47,43,43,48,46,43,51,50,48,46,47,50,45,47,48,46,44,45,45,43,49,47,47,48,48,47,49,48,46,44,46,43,45,48,44,44,44,46,45,44,44,47,45,47,45,45,47,48,48,47,50,46,49,46,45,49,49,48,50,46,45,41,46,45,47,48,46,46,48,48,49,49,42,45,51,48,47,47,48,50,48,44,47,46,47,49,45,49,47,47,45,47,47,48,48,46,50,49,48,48,47,43,41,45,53,49,54,47,47,47,47,44,48,51,48,47,45,50,48,45,48,45,48,49,49,41,48,50,45,46,46,45,43,51,49,50,49,46,48,50,50,49,49,53,52,51,47,47,48,45,46,45,49,48,48,47,48,49,49,41,45,48,48,48,47,47,47,45,45,45,46,47,50,46,46,46,47,43,42,47,45,45,45,43,45,48,47,46,47,44,47,47,47,47,46,46,46,48,45,44,46,44,44,44,44,44,42,44,49,49,46,48,41,43,47,47,47,49,49,47,51,47,48,49,
47,48,44,46,45,48,48,50,48,48,50,48,48,47,46,50,44,43,47,48,47,49,48,49,47,47,52,52,45,49,48,49,48,47,44,48,49,45,52,51,44,50,50,49,50,46,45,46,48,46,45,44,47,47,48,48,48,47,49,44,48,45,45,46,45,48,48,46,46,45,45,44,45,48,46,46,48,46,45,48,46,47,47,46,46,47,49,51,48,47,52,52,46,46,49,46,46,46,46,46,47,49,48,49,43,45,43,46,47,48,49,50,49,46,45,47,48,48,49,46,49,47,51,46,49,47,47,47,46,51,45,49,51,48,46,44,44,42,48,50,47,44,48,47,48,49,47,46,51,45,50,49,44,49,48,49,47,49,46,47,50,50,46,51,44,50,50,48,48,46,51,48,51,50,46,50,52,46,47,47,47,46,49,47,46,46,46,46,44,48,50,46,45,48,48,49,47,49,48,46,45,46,46,49,49,50,52,47,46,50,45,49,46,46,46,47,46,49,48,47,49,46,47,47,46,47,48,51,48,49,47,46,50,47,47,46,47,46,42,45,46,47,49,47,43,46,48,48,47,47,47,47,52,52,50,50,
48,46,45,44,45,49,49,46,49,48,49,50,50,48,43,46,42,44,47,47,46,50,47,50,45,48,51,47,53,50,48,49,54,49,47,49,46,44,48,49,46,51,51,50,47,47,45,49,49,52,46,46,48,54,48,47,48,49,49,46,45,47,46,49,46,47,49,48,48,48,47,44,51,48,49,50,50,47,46,50,47,45,50,49,46,50,52,49,48,47,52,50,50,50,50,44,46,50,47,47,47,49,45,45,49,44,47,53,46,48,47,50,50,49,51,49,50,49,49,48,50,50,49,52,44,47,48,47,47,48,46,47,45,46,45,48,43,43,50,49,48,45,46,45,50,49,51,47,51,49,50,51,50,45,49,48,49,46,47,46,48,45,49,48,48,51,50,49,49,45,52,50,49,50,48,52,53,46,47,45,48,46,50,48,46,47,48,47,47,46,50,46,45,46,50,48,48,48,45,47,43,44,52,51,52,51,48,51,47,46,46,47,50,47,47,47,42,43,48,47,49,48,47,49,46,46,49,47,46,47,47,50,45,51,47,46,44,46,46,45,47,44,45,45,44,46,46,46,49,49,47,47,48,50,50,49,
46,52,48,47,45,52,46,51,49,49,50,51,48,49,49,44,44,48,48,49,47,47,49,51,47,46,51,48,51,55,49,53,54,50,51,49,47,48,45,45,46,46,51,52,48,46,47,47,45,52,47,52,49,50,52,47,48,47,49,49,47,48,48,48,52,49,47,48,44,49,44,44,45,49,50,50,49,49,49,51,47,51,51,48,47,49,52,51,52,49,47,51,52,53,49,52,51,46,49,50,47,46,46,45,46,50,47,48,52,52,50,49,51,50,50,50,50,53,53,47,50,48,50,46,51,46,48,49,49,53,48,48,51,46,46,49,47,44,45,50,48,48,51,46,50,50,49,46,53,51,48,51,50,50,47,49,51,49,51,50,44,48,45,47,49,52,51,49,46,50,51,50,48,49,49,49,46,47,48,45,48,47,50,49,47,51,49,50,50,48,46,48,50,47,51,50,49,46,46,45,47,49,46,52,52,51,49,50,52,49,47,46,50,48,47,48,44,48,49,49,47,49,48,48,49,44,47,47,51,44,51,51,48,51,46,45,46,45,43,46,46,45,47,47,45,45,48,46,50,49,45,47,48,48,50,50,
47,52,50,49,51,52,53,51,51,51,51,44,51,47,51,51,50,47,48,48,48,49,54,49,50,47,47,52,52,48,49,50,48,51,51,50,53,48,48,54,46,48,51,46,46,47,46,49,51,52,52,54,53,50,50,49,52,50,48,50,48,52,51,48,53,47,50,50,50,45,53,45,49,50,48,50,51,48,50,49,49,53,49,46,51,48,53,49,52,53,47,50,51,50,50,49,52,49,50,49,49,47,46,46,47,47,48,48,51,52,47,51,48,48,51,51,51,51,52,48,49,51,51,47,51,45,48,49,49,48,47,56,52,52,45,49,50,46,50,51,46,44,44,49,49,47,53,46,53,48,49,48,49,51,48,51,48,50,50,44,48,48,48,47,48,45,44,50,50,46,50,49,50,44,50,47,47,47,47,50,45,52,49,50,48,48,50,49,49,49,50,47,51,49,48,48,52,51,52,47,48,49,47,47,53,49,51,49,53,51,51,48,48,50,49,51,50,48,49,49,48,51,49,51,50,48,45,48,48,53,50,49,51,46,48,49,47,51,47,51,46,47,44,47,46,46,48,52,53,50,47,47,50,52,51,50,
52,48,46,50,52,49,51,48,53,52,53,54,48,53,52,48,48,47,50,49,46,49,50,51,51,48,49,54,53,51,56,54,48,49,48,52,51,54,48,55,47,48,47,50,46,46,51,50,50,49,49,55,48,49,53,51,51,48,47,48,49,52,50,52,50,50,50,51,51,44,50,48,48,50,49,49,50,52,48,50,49,53,48,51,52,53,50,47,47,53,48,48,49,50,50,52,52,49,51,51,52,51,48,50,49,47,52,54,52,55,54,47,49,50,50,51,52,52,53,53,48,49,50,50,48,46,49,50,49,48,52,45,51,53,48,46,48,47,51,50,55,47,50,51,47,47,55,55,54,49,49,49,51,49,51,49,49,51,49,50,45,45,50,46,48,45,46,52,49,47,51,56,49,51,51,48,50,47,47,51,46,47,48,50,51,49,49,51,49,50,52,50,48,52,51,51,51,50,50,50,51,50,52,52,50,50,50,49,51,51,52,52,47,53,51,52,53,51,49,50,51,51,50,50,51,50,46,50,53,53,50,50,49,50,47,48,50,52,53,47,50,44,44,46,48,47,56,48,53,55,49,48,50,51,51,50,
51,49,49,52,52,50,53,48,53,55,53,46,48,50,53,48,50,52,51,52,50,49,50,50,52,49,51,48,52,51,54,54,49,49,53,47,51,52,49,47,54,48,48,51,50,51,51,50,47,50,52,52,49,50,48,52,50,51,51,50,48,53,54,51,53,49,51,51,49,49,48,49,51,49,53,53,52,52,52,52,50,49,54,53,51,51,53,52,52,48,50,49,50,50,51,50,51,50,52,50,52,52,51,54,51,50,50,52,55,49,55,48,50,51,51,50,51,52,54,53,49,52,54,52,52,47,47,52,48,49,49,47,49,48,49,50,51,50,47,50,48,50,52,52,50,51,50,53,49,51,50,47,50,48,52,49,50,51,48,48,51,51,51,49,47,48,47,51,53,47,47,54,53,51,54,52,46,48,51,51,52,47,53,53,50,55,50,51,50,49,52,51,51,53,52,50,50,50,50,51,51,53,52,53,47,50,50,49,46,48,51,52,49,49,50,53,52,52,51,51,52,54,51,49,50,51,51,50,51,49,52,50,51,50,51,49,50,48,50,51,51,49,50,46,49,50,49,56,56,48,50,50,49,52,52,51,
52,52,50,53,53,53,53,55,52,55,50,47,47,50,48,48,50,52,51,52,50,50,51,51,51,51,55,52,50,52,50,52,54,53,51,47,51,47,50,56,53,55,49,49,53,50,51,52,48,52,51,52,50,49,55,48,48,49,50,51,52,51,55,53,54,52,50,53,53,52,49,55,50,50,51,53,52,52,50,52,55,54,51,53,51,51,56,53,53,51,49,51,52,52,53,53,51,49,51,51,50,54,49,50,52,52,55,50,56,55,51,50,56,50,51,52,50,52,52,53,50,53,53,52,47,48,50,52,50,52,54,56,49,52,54,48,52,49,51,50,51,47,51,53,48,52,53,54,49,51,50,51,49,49,48,51,50,51,50,49,52,51,50,48,48,51,49,49,52,55,48,48,54,51,52,50,50,54,49,52,52,51,50,50,54,51,56,51,50,50,54,54,54,54,53,52,49,52,51,53,51,53,54,54,46,49,51,49,50,51,49,51,51,49,50,50,50,51,50,52,52,52,51,50,55,51,52,52,51,49,53,48,52,50,51,50,52,52,51,50,51,47,50,55,50,48,49,49,50,52,49,49,54,51,53,53,
50,49,50,55,51,52,56,53,57,54,56,51,52,51,51,49,51,53,52,52,53,51,54,52,54,52,53,56,53,54,53,52,50,54,52,53,50,53,49,53,51,49,50,53,54,55,51,50,47,49,56,54,51,50,55,49,48,50,52,51,51,51,55,54,52,52,53,53,53,53,55,51,51,53,50,54,53,53,55,52,54,51,51,52,51,51,50,51,51,52,53,50,52,49,48,54,55,53,53,52,52,55,50,51,51,55,51,54,51,53,51,51,56,51,51,50,51,52,53,53,52,50,50,51,51,52,55,58,51,57,55,53,54,52,53,53,53,49,50,51,50,49,52,48,52,53,52,53,53,53,51,51,53,52,51,48,49,47,52,53,51,54,51,53,53,48,53,51,50,51,52,55,50,52,54,53,53,51,52,52,52,52,50,51,53,52,56,51,51,51,56,51,54,49,56,53,49,52,53,53,52,53,55,55,50,50,50,50,51,52,49,54,50,51,49,53,53,49,56,52,52,50,53,53,55,56,54,52,52,53,51,49,52,52,54,51,53,50,53,50,53,50,56,49,55,56,50,56,50,52,51,54,54,52,52,52,
53,52,53,49,57,56,53,56,52,53,50,53,52,54,54,51,55,53,53,52,52,51,55,56,54,54,54,54,50,55,50,51,53,50,53,53,53,53,49,53,54,52,53,51,54,53,55,50,56,55,58,53,57,51,50,50,50,52,53,52,51,52,56,51,56,50,52,53,53,50,49,58,53,52,52,55,57,53,54,54,54,54,56,54,54,52,53,50,50,55,52,51,53,54,55,53,52,56,50,50,54,50,51,52,52,55,54,52,52,52,52,51,52,56,51,52,51,54,54,52,53,52,52,53,52,54,55,49,57,58,55,50,52,56,55,55,55,50,51,52,54,55,49,53,49,53,50,56,54,50,50,49,53,50,52,49,49,53,48,52,53,52,52,54,51,54,51,50,50,51,54,52,50,53,53,55,53,51,53,53,53,53,53,53,53,54,52,48,57,56,57,51,55,50,57,53,54,53,52,54,53,53,54,53,54,54,53,57,55,52,52,52,51,53,52,53,56,55,55,53,52,53,56,53,54,54,56,54,53,54,57,52,52,55,54,53,51,49,51,53,52,52,51,50,53,54,54,55,56,55,52,51,54,52,53,53,
53,51,51,50,58,52,56,55,56,52,52,55,50,52,56,56,54,53,55,60,51,55,52,56,56,54,54,56,56,51,53,51,51,50,50,51,53,53,54,55,54,49,53,53,56,54,52,56,56,56,56,54,55,54,55,54,54,54,54,53,52,56,51,52,54,51,52,53,54,51,50,58,55,53,55,54,57,57,55,56,54,55,53,56,53,49,52,52,51,56,54,51,52,54,55,55,53,51,56,53,54,51,52,53,53,53,54,53,53,53,53,52,54,53,57,53,53,50,54,54,52,53,54,52,53,54,55,56,49,58,54,52,53,53,55,56,54,55,51,56,54,49,56,51,55,50,50,53,56,52,53,52,52,52,50,50,54,52,53,53,53,53,57,53,55,53,53,53,51,53,55,53,52,53,49,54,50,52,54,57,51,54,54,52,51,54,56,49,58,49,54,58,58,51,53,56,51,55,54,55,55,54,54,52,54,53,54,54,55,53,53,56,55,54,53,54,55,52,54,53,53,51,56,53,54,55,53,54,56,54,57,52,53,51,54,56,53,53,51,50,50,54,52,52,51,55,56,57,54,56,52,51,52,54,54,54,
54,55,53,54,55,56,59,54,52,53,52,51,52,53,54,54,53,54,56,55,59,52,57,56,53,55,54,55,51,56,52,55,51,50,55,52,53,54,52,52,50,50,53,53,53,54,57,53,54,56,57,59,56,58,55,53,55,55,54,54,53,56,56,52,53,53,52,54,55,53,52,57,56,52,56,56,56,57,56,55,54,55,54,55,53,50,53,55,55,57,55,54,52,52,54,56,56,52,52,54,55,52,54,56,54,51,55,53,55,55,52,53,52,54,58,53,53,52,52,53,55,53,52,56,53,55,55,55,55,53,54,54,59,55,55,55,55,55,54,56,54,56,50,55,51,51,55,54,56,53,53,52,52,52,52,52,56,55,54,55,54,53,54,55,56,52,53,52,50,54,54,53,54,55,55,50,50,54,55,57,55,55,55,52,52,57,57,55,59,54,51,54,59,58,53,54,52,52,58,56,51,56,54,55,53,56,54,56,55,52,52,56,55,56,54,55,57,57,56,54,54,54,53,52,55,53,54,55,55,54,56,55,52,54,54,57,56,55,53,53,53,52,55,52,52,54,52,54,55,56,52,51,53,55,54,54,
57,56,53,55,53,55,60,61,58,58,54,52,53,52,53,55,56,57,56,54,59,55,59,56,54,57,56,58,55,57,56,52,53,56,51,55,56,56,56,53,53,55,55,54,56,55,54,56,56,55,54,54,59,58,55,54,54,53,56,53,54,57,54,55,53,56,56,54,54,55,52,55,55,55,55,57,53,57,56,54,55,58,57,56,54,51,51,55,54,55,56,55,54,53,53,59,57,53,54,56,53,55,55,55,57,52,56,51,55,55,54,54,53,54,53,57,58,54,54,53,55,51,52,54,56,56,56,56,54,54,60,61,59,55,58,56,56,55,54,53,55,55,51,55,51,52,54,55,56,59,56,54,56,53,54,53,54,54,56,55,56,53,54,54,56,57,53,59,55,54,54,55,54,56,56,57,50,59,55,55,56,56,53,54,55,55,57,56,59,57,51,52,55,54,53,54,57,57,58,56,57,55,56,55,55,56,56,53,57,54,56,55,56,53,52,52,56,52,54,54,55,54,54,54,52,56,55,57,58,55,54,56,57,53,56,52,57,54,55,54,55,54,53,54,53,56,54,58,57,54,54,53,52,56,54,54,
54,56,57,55,57,57,56,60,54,58,56,56,54,57,51,54,56,56,53,55,55,54,54,56,56,57,56,56,54,56,55,56,54,54,55,53,54,58,57,54,55,56,52,55,53,53,57,57,53,55,57,55,55,58,58,56,53,55,53,54,55,55,55,57,55,55,55,54,55,55,57,55,55,55,55,54,53,54,54,57,58,59,59,54,56,54,55,56,55,57,56,57,55,54,54,55,57,56,56,57,56,58,52,57,54,54,55,54,56,56,57,56,55,57,55,55,55,55,54,54,54,52,55,55,54,54,58,55,56,55,56,57,59,59,59,55,56,57,56,54,55,55,59,58,54,54,53,54,54,57,56,60,60,56,55,56,54,55,54,54,56,55,55,55,55,57,54,53,58,59,52,55,55,52,54,57,51,57,55,55,55,56,54,55,53,55,60,58,54,52,59,53,53,57,58,57,58,57,58,56,57,57,55,57,56,58,56,55,55,54,53,58,55,54,55,52,52,55,53,56,59,55,57,54,55,55,56,55,59,59,55,58,58,56,57,57,58,54,56,55,56,56,55,55,53,57,57,57,54,57,54,54,56,55,54,55,
56,53,53,55,57,57,57,57,57,53,53,57,56,58,52,56,55,57,55,55,55,55,55,56,56,57,57,57,54,56,56,57,57,54,56,55,56,56,55,54,59,56,57,55,56,56,54,59,55,57,56,55,55,57,56,56,57,55,53,54,53,56,57,55,56,54,55,56,55,56,56,57,56,56,55,56,55,54,56,54,57,58,60,57,55,55,56,59,56,55,55,53,56,56,58,56,60,56,54,56,59,58,57,57,55,55,56,55,57,57,57,57,56,57,56,55,56,55,57,56,54,57,56,56,55,56,55,56,56,56,57,56,57,60,58,58,57,57,56,54,54,56,55,56,55,55,56,56,54,57,57,56,54,57,55,56,57,55,57,57,55,57,57,55,55,56,55,54,55,59,59,53,56,54,54,56,57,56,57,53,57,55,54,56,56,57,55,59,56,55,54,54,58,57,57,55,57,57,54,57,57,58,58,56,55,56,58,59,55,58,58,57,57,55,54,57,54,56,56,55,56,58,57,55,58,58,57,56,56,59,56,55,56,55,56,60,57,55,56,56,57,57,57,56,57,57,58,56,55,59,56,55,55,54,56,55,
57,60,54,59,58,57,56,58,61,54,55,58,56,58,54,56,54,56,56,56,57,53,54,55,55,54,56,57,55,56,57,58,59,58,54,56,57,55,55,58,59,59,60,55,58,58,57,55,55,58,57,58,55,57,57,55,55,57,55,56,55,56,58,59,57,57,55,56,57,57,56,57,58,57,56,54,55,56,55,58,58,56,57,58,57,60,56,56,58,58,55,57,54,54,58,59,58,58,58,58,56,54,58,58,56,56,54,56,56,57,57,58,58,59,57,56,56,57,57,58,58,58,59,58,56,57,57,56,59,56,58,56,56,57,57,57,58,56,58,57,57,59,58,56,57,55,56,58,55,57,55,56,55,55,61,57,56,57,55,59,58,55,54,56,57,58,58,57,60,56,59,57,55,55,57,56,57,58,56,54,57,56,56,60,54,57,55,58,56,55,57,55,58,58,59,58,57,59,58,57,57,57,58,61,57,57,59,59,56,58,57,59,56,59,53,56,57,54,57,57,57,58,59,56,58,59,60,59,57,54,58,56,58,58,57,58,60,55,56,56,57,57,57,55,58,57,57,57,56,59,58,57,56,57,56,57,
59,54,59,57,57,58,57,55,56,57,60,54,57,57,58,59,56,59,56,56,58,56,58,56,57,55,57,57,57,56,56,60,58,56,58,59,55,57,56,57,59,57,57,61,58,57,56,57,56,58,58,59,56,58,57,59,56,56,57,56,57,56,57,59,57,57,56,55,55,57,57,57,58,57,58,57,55,55,60,60,59,58,57,57,58,56,56,60,61,58,59,55,58,55,59,59,57,58,56,60,60,60,56,61,59,56,59,57,57,57,56,58,58,59,58,56,57,56,57,58,59,56,59,60,57,56,58,57,55,59,58,56,56,58,55,58,59,58,55,58,57,59,60,59,58,58,58,59,58,59,55,60,56,57,56,60,57,59,56,58,59,60,56,57,57,61,58,58,56,57,56,58,57,58,58,56,58,57,57,57,56,58,58,59,55,58,56,58,58,57,56,60,56,58,58,58,54,57,56,57,55,58,59,56,61,60,57,58,57,58,56,59,58,60,54,56,58,59,58,56,58,60,58,56,58,59,58,56,56,55,58,59,57,58,57,58,57,57,57,58,57,57,55,60,58,58,59,58,58,57,59,59,55,59,57,57,
60,60,60,60,57,59,58,58,56,56,61,62,57,58,58,58,56,56,56,55,60,59,57,58,59,57,58,59,60,58,58,59,61,59,59,58,58,59,59,56,61,61,57,57,58,57,58,57,59,58,57,58,58,56,58,58,56,58,59,58,59,59,57,60,58,57,58,59,56,58,59,57,56,59,58,57,56,56,58,61,60,59,59,58,56,59,55,57,57,58,56,58,56,57,60,58,59,59,57,58,60,63,58,61,60,60,55,58,56,58,57,57,58,61,58,59,59,58,56,58,56,56,59,59,59,60,58,58,58,59,57,59,58,56,57,58,56,57,58,60,57,57,59,57,59,57,58,59,57,57,58,56,57,58,58,59,55,59,59,57,58,60,61,59,57,62,59,56,58,58,60,59,58,56,58,56,58,58,59,58,57,57,60,58,58,59,57,59,58,58,56,59,57,60,59,56,56,56,57,57,58,58,56,57,56,60,58,58,60,57,58,58,57,58,57,57,58,58,59,59,58,59,61,59,57,58,57,57,60,60,56,57,58,59,58,58,58,58,58,58,58,59,61,60,57,58,59,59,59,58,58,58,57,59,61,58,
60,61,60,58,59,60,60,58,59,58,57,61,60,58,59,59,59,59,57,56,61,58,58,61,60,60,60,59,58,57,59,60,58,59,57,60,58,60,60,58,58,58,62,59,59,60,59,61,58,57,58,58,58,62,58,57,57,56,59,60,58,59,57,60,58,58,61,57,58,60,58,60,60,60,58,58,61,57,59,58,58,61,60,60,58,59,61,58,57,58,57,57,58,58,61,57,60,59,58,57,59,59,59,59,60,57,59,59,57,57,59,60,57,59,59,60,59,59,58,60,58,59,60,57,61,59,61,59,57,59,60,59,60,57,56,60,57,57,58,58,58,60,59,58,58,58,60,58,58,57,58,61,62,58,60,60,58,59,60,56,57,58,57,60,58,58,60,57,61,60,61,58,58,60,58,60,60,58,59,57,59,58,58,57,57,59,59,59,58,60,57,57,57,61,61,58,58,57,58,60,59,58,59,58,58,57,59,59,61,60,58,58,57,58,57,57,56,59,59,59,59,59,58,57,59,58,59,58,61,59,57,58,59,60,59,58,58,57,60,59,59,60,59,60,60,59,60,60,60,58,60,59,59,58,58,59,
59,60,61,58,58,60,60,58,60,59,59,59,59,61,60,59,59,59,60,60,60,58,59,58,60,60,60,59,61,60,58,61,58,58,58,62,59,59,60,59,57,62,61,59,59,60,59,60,61,60,58,60,61,62,61,59,61,61,57,59,60,60,59,57,60,61,59,61,62,59,60,58,60,59,61,59,60,61,59,60,59,60,60,61,60,61,57,57,59,59,58,58,59,59,60,58,58,59,60,59,58,60,58,60,61,61,60,58,60,58,58,60,61,60,60,59,60,58,61,59,60,60,61,59,58,61,60,60,59,58,59,60,59,58,58,59,61,58,61,60,60,60,61,60,60,60,61,60,59,62,58,58,59,60,57,60,57,59,58,60,58,59,62,59,58,59,59,59,61,61,63,62,58,58,59,61,61,59,58,59,58,61,60,58,58,62,60,58,61,60,58,58,58,60,60,59,58,59,59,59,62,60,59,59,59,60,60,60,57,60,59,59,59,59,60,59,58,60,59,60,60,60,58,60,59,59,59,59,60,60,60,60,60,59,62,59,61,59,58,59,60,59,58,59,61,59,60,58,60,58,61,59,61,59,60,59,
58,58,59,59,59,60,60,59,59,60,60,60,60,61,62,63,63,59,61,60,61,61,58,63,59,61,61,59,60,59,61,60,59,60,60,60,63,61,60,59,58,60,61,60,59,62,59,60,61,60,61,59,60,58,60,59,60,59,59,59,61,59,60,59,59,60,62,61,61,60,59,62,59,58,58,59,60,61,60,59,60,60,61,59,60,61,60,60,59,60,59,61,59,60,59,59,59,58,61,60,60,60,58,58,58,59,60,60,58,60,61,59,61,61,60,61,60,59,61,58,59,59,60,60,58,59,61,60,59,60,60,61,60,59,62,60,60,62,61,60,61,60,61,61,60,61,58,60,60,59,60,60,59,61,60,58,58,62,61,59,60,61,63,60,58,60,60,59,61,59,61,60,59,59,62,60,61,60,58,60,61,59,60,61,58,62,60,59,59,60,61,59,59,60,59,60,60,58,61,61,62,59,60,60,61,60,60,60,62,59,61,59,60,60,59,62,60,59,61,62,59,59,59,61,60,59,59,61,59,58,60,61,59,61,62,58,61,60,62,60,61,60,61,59,61,59,59,59,60,62,61,59,61,60,58,60,
62,60,59,61,60,60,61,59,62,62,62,60,60,62,60,63,60,60,60,61,61,62,61,62,59,59,60,60,61,61,62,60,59,61,62,60,61,59,61,59,59,61,61,60,62,60,60,61,60,61,61,61,60,61,60,60,60,60,60,61,62,60,62,62,59,60,62,59,63,61,61,60,63,62,62,60,60,61,61,60,60,60,62,60,60,62,60,60,59,60,61,61,60,60,62,61,61,60,59,59,61,60,59,60,59,62,60,62,61,61,61,61,62,61,62,61,60,60,60,60,60,60,60,61,61,60,62,60,60,61,61,60,60,60,60,63,61,61,61,61,62,62,60,61,62,61,59,62,60,61,62,60,62,61,60,61,59,62,62,62,62,61,61,61,62,60,61,59,61,63,60,60,62,61,60,61,61,60,60,61,59,60,60,59,59,60,60,60,60,62,61,61,61,61,61,60,59,61,61,61,61,61,60,61,61,61,61,60,62,61,59,62,59,60,61,59,60,61,63,63,60,61,60,60,62,60,60,63,60,61,61,61,60,60,59,61,62,61,62,61,62,62,61,60,62,62,62,61,60,61,61,60,63,61,59,61,
61,61,61,63,62,61,61,60,62,61,60,60,61,60,60,61,61,61,62,61,60,61,61,60,61,60,61,62,60,62,61,62,62,61,63,63,62,60,62,61,62,61,61,60,60,60,60,61,63,61,62,62,61,60,62,62,62,61,61,63,62,62,62,61,62,61,63,60,60,60,60,63,62,62,61,63,62,61,61,60,60,61,61,61,62,60,63,61,63,62,60,61,61,60,64,61,61,61,62,60,60,60,60,61,61,62,64,61,62,62,63,63,62,63,62,63,62,60,61,61,62,60,62,62,61,61,60,61,60,60,63,61,61,63,61,61,62,62,60,62,61,61,63,62,61,62,60,60,62,61,61,60,60,61,62,61,61,60,62,62,62,63,63,62,62,62,61,61,61,61,61,62,61,61,60,61,60,62,62,62,61,61,63,61,64,61,61,62,60,62,63,63,62,61,62,60,63,61,60,61,61,62,62,61,61,60,61,63,60,62,61,60,61,62,63,62,62,62,64,61,62,61,61,60,61,61,60,62,62,61,62,62,62,61,62,62,61,63,61,62,61,62,61,61,61,61,62,62,62,61,60,61,61,61,61,61,
63,62,62,63,62,62,62,62,62,63,64,61,61,62,62,62,63,62,62,61,61,63,62,62,61,61,61,62,62,61,61,61,61,61,61,63,61,61,61,63,63,61,62,62,63,61,61,63,61,62,63,62,62,61,63,62,63,62,61,62,62,62,61,63,61,61,61,61,61,61,62,62,64,63,62,63,62,63,62,62,61,63,61,61,61,62,62,62,64,63,61,62,62,62,63,64,62,62,62,62,62,61,62,62,63,63,63,64,63,63,63,61,64,62,61,64,62,61,61,62,62,61,62,62,61,61,61,62,62,63,61,62,62,62,64,64,61,62,62,61,61,63,62,62,62,61,64,61,61,62,62,61,62,63,63,62,61,61,62,61,61,62,62,63,63,62,62,61,63,63,61,62,61,63,62,62,62,61,62,62,61,62,64,63,64,63,62,62,61,61,62,62,63,63,63,64,63,62,62,62,61,62,62,63,62,62,62,63,62,63,62,62,63,62,61,63,63,63,61,62,62,63,62,62,61,62,63,61,63,62,64,61,62,63,62,61,62,61,62,61,62,62,63,63,61,62,63,63,63,63,62,62,62,63,62,63,
62,63,62,62,64,63,63,63,63,63,63,63,63,62,63,63,64,62,62,62,62,62,62,63,63,62,63,63,62,62,62,62,62,62,63,64,64,63,62,63,63,63,62,62,62,62,62,62,62,63,64,63,63,63,64,62,62,63,62,62,62,62,62,63,64,62,63,62,63,64,62,63,62,62,63,63,64,63,62,63,63,62,64,62,63,62,62,63,64,62,62,63,63,63,63,62,63,62,63,62,62,62,63,62,63,64,63,64,62,62,63,62,62,63,63,64,62,62,63,62,62,62,63,62,62,62,62,62,63,63,62,63,62,64,63,62,62,63,63,62,62,64,63,64,63,62,63,64,62,63,62,62,62,62,63,64,62,62,62,63,62,62,62,63,63,63,63,63,63,63,63,63,62,62,63,62,63,62,63,64,62,63,62,62,62,64,62,62,62,62,62,62,62,63,64,62,62,63,62,62,63,62,63,63,62,63,62,63,63,63,62,63,63,64,62,64,63,63,62,63,62,63,63,63,63,64,62,63,62,63,63,64,62,64,62,62,62,64,63,63,64,62,64,62,62,63,63,63,62,62,63,63,63,63,62,63,
63,63,64,63,63,63,63,63,64,63,64,63,63,64,63,64,64,64,63,63,63,64,63,63,63,63,63,63,63,63,64,64,63,63,63,64,64,63,63,63,63,63,64,64,63,64,63,64,64,63,64,64,63,64,63,64,63,63,64,63,63,64,63,63,63,63,64,63,63,64,63,63,63,63,64,63,63,64,63,64,63,63,64,63,64,63,63,64,63,64,64,63,64,64,64,63,63,64,64,63,63,63,63,64,64,64,63,63,63,63,63,63,63,63,63,63,63,63,64,64,63,63,64,63,63,63,63,63,63,64,63,63,63,63,63,63,63,63,63,63,63,64,63,64,64,64,63,63,63,64,63,63,64,63,63,63,63,63,63,63,63,63,63,63,64,63,63,63,64,63,64,63,63,63,64,63,64,64,64,64,63,63,63,64,63,64,63,63,64,63,63,63,63,63,64,63,63,63,63,63,64,64,63,63,63,64,63,63,63,63,63,63,64,64,64,63,63,63,63,64,63,63,63,63,63,63,63,63,64,63,64,63,63,63,64,63,63,64,63,63,64,63,64,64,63,63,64,63,64,63,64,64,64,63,64,63,
64,64,64,64,64,64,64,64,64,64,64,64,64,64,64,64,64,64,64,64,64,64,64,64,64,64,64,64,64,64,64,64,64,64,64,64,64,64,64,64,64,64,64,64,64,64,64,64,64,64,64,64,64,64,64,64,64,64,64,64,64,64,64,64,64,64,64,64,64,64,64,64,64,64,64,64,64,64,64,64,64,64,64,64,64,64,64,64,64,64,64,64,64,64,64,64,64,64,64,64,64,64,64,64,64,64,64,64,64,64,64,64,64,64,64,64,64,64,64,64,64,64,64,64,64,64,64,64,64,64,64,64,64,64,64,64,64,64,64,64,64,64,64,64,64,64,64,64,64,64,64,64,64,64,64,64,64,64,64,64,64,64,64,64,64,64,64,64,64,64,64,64,64,64,64,64,64,64,64,64,64,64,64,64,64,64,64,64,64,64,64,64,64,64,64,64,64,64,64,64,64,64,64,64,64,64,64,64,64,64,64,64,64,64,64,64,64,64,64,64,64,64,64,64,64,64,64,64,64,64,64,64,64,64,64,64,64,64,64,64,64,64,64,64,64,64,64,64,64,64,64,64,64,64,64,64,