[64, 256, 128]
0,0,0,0,0,0,0,0,0,0,0,0,0,0,0,0,0,0,0,0,0,0,0,0,0,0,0,0,0,0,0,0,0,0,0,0,0,0,0,0,0,0,0,0,0,0,0,0,0,0,0,0,0,0,0,0,0,0,0,0,0,0,0,0,0,0,0,0,0,0,0,0,0,0,0,0,0,0,0,0,0,0,0,0,0,0,0,0,0,0,0,0,0,0,0,0,0,0,0,0,0,0,0,0,0,0,0,0,0,0,0,0,0,0,0,0,0,0,0,0,0,0,0,0,0,0,0,0,0,0,0,0,0,0,0,0,0,0,0,0,0,0,0,0,0,0,0,0,0,0,0,0,0,0,0,0,0,0,0,0,0,0,0,0,0,0,0,0,0,0,0,0,0,0,0,0,0,0,0,0,0,0,0,0,0,0,0,0,0,0,0,0,0,0,0,0,0,0,0,0,0,0,0,0,0,0,0,0,0,0,0,0,0,0,0,0,0,0,0,0,0,0,0,0,0,0,0,0,0,0,0,0,0,0,0,0,0,0,0,0,0,0,0,0,0,0,0,0,0,0,0,0,0,0,0,0,
0,0,0,0,0,0,0,0,0,0,0,0,0,0,0,0,0,0,0,0,0,0,0,0,0,0,0,0,0,0,0,0,0,0,0,0,0,0,0,0,0,0,0,0,0,0,0,0,0,0,0,0,0,0,0,0,0,0,0,0,0,0,0,0,0,0,0,0,0,0,0,0,0,0,0,0,0,0,0,0,0,0,0,0,0,0,0,0,0,0,0,0,0,0,0,0,0,0,0,0,0,0,0,0,0,0,0,0,0,0,0,0,0,0,0,0,0,0,0,0,0,0,0,0,0,0,0,0,0,0,0,0,0,0,0,0,0,0,0,0,0,0,0,0,0,0,0,0,0,0,0,0,0,0,0,0,0,0,0,0,0,0,0,0,0,0,0,0,0,0,0,0,0,0,0,0,0,0,0,0,0,0,0,0,0,0,0,0,0,0,0,0,0,0,0,0,0,0,0,0,0,0,0,0,0,0,0,0,0,0,0,0,0,0,0,0,0,0,0,0,0,0,0,0,0,0,0,0,0,0,0,0,0,0,0,0,0,0,0,0,0,0,0,0,0,0,0,0,0,0,0,0,0,0,0,0,
0,0,0,0,0,0,0,0,0,0,0,0,0,0,0,0,0,0,0,0,0,0,0,0,0,0,0,0,0,0,0,0,0,0,0,0,0,0,0,0,0,0,0,0,0,0,0,0,0,0,0,0,0,0,0,0,0,0,0,0,0,0,0,0,0,0,0,0,0,0,0,0,0,0,0,0,0,0,0,0,0,0,0,0,0,0,0,0,0,0,0,0,0,0,0,0,0,0,0,0,0,0,0,0,0,0,0,0,0,0,0,0,0,0,0,0,0,0,0,0,0,0,0,0,0,0,0,0,0,0,0,0,0,0,0,0,0,0,0,0,0,0,0,0,0,0,0,0,0,0,0,0,0,0,0,0,0,0,0,0,0,0,0,0,0,0,0,0,0,0,0,0,0,0,0,0,0,0,0,0,0,0,0,0,0,0,0,0,0,0,0,0,0,0,0,0,0,0,0,0,0,0,0,0,0,0,0,0,0,0,0,0,0,0,0,0,0,0,0,0,0,0,0,0,0,0,0,0,0,0,0,0,0,0,0,0,0,0,0,0,0,0,0,0,0,0,0,0,0,0,0,0,0,0,0,0,
0,0,0,0,0,0,0,0,0,0,0,0,0,0,0,0,0,0,0,0,0,0,0,0,0,0,0,0,0,0,0,0,0,0,0,0,0,0,0,0,0,0,0,0,0,0,0,0,0,0,0,0,0,0,0,0,0,0,0,0,0,0,0,0,0,0,0,0,0,0,0,0,0,0,0,0,0,0,0,0,0,0,0,0,0,0,0,0,0,0,0,0,0,0,0,0,0,0,0,0,0,0,0,0,0,0,0,0,0,0,0,0,0,0,0,0,0,0,0,0,0,0,0,0,0,0,0,0,0,0,0,0,0,0,0,0,0,0,0,0,0,0,0,0,0,0,0,0,0,0,0,0,0,0,0,0,0,0,0,0,0,0,0,0,0,0,0,0,0,0,0,0,0,0,0,0,0,0,0,0,0,0,0,0,0,0,0,0,0,0,0,0,0,0,0,0,0,0,0,0,0,0,0,0,0,0,0,0,0,0,0,0,0,0,0,0,0,0,0,0,0,0,0,0,0,0,0,0,0,0,0,0,0,0,0,0,0,0,0,0,0,0,0,0,0,0,0,0,0,0,0,0,0,0,0,0,
0,0,0,0,0,0,0,0,0,0,0,0,0,0,0,0,0,0,0,0,0,0,0,0,0,0,0,0,0,0,0,0,0,0,0,0,0,0,0,0,0,0,0,0,0,0,0,0,0,0,0,0,0,0,0,0,0,0,0,0,0,0,0,0,0,0,0,0,0,0,0,0,0,0,0,0,0,0,0,0,0,0,0,0,0,0,0,0,0,0,0,0,0,0,0,0,0,0,0,0,0,0,0,0,0,0,0,0,0,0,0,0,0,0,0,0,0,0,0,0,0,0,0,0,0,0,0,0,0,0,0,0,0,0,0,0,0,0,0,0,0,0,0,0,0,0,0,0,0,0,0,0,0,0,0,0,0,0,0,0,0,0,0,0,0,0,0,0,0,0,0,0,0,0,0,0,0,0,0,0,0,0,0,0,0,0,0,0,0,0,0,0,0,0,0,0,0,0,0,0,0,0,0,0,0,0,0,0,0,0,0,0,0,0,0,0,0,0,0,0,0,0,0,0,0,0,0,0,0,0,0,0,0,0,0,0,0,0,0,0,0,0,0,0,0,0,0,0,0,0,0,0,0,0,0,0,
0,0,0,0,0,0,0,0,0,0,0,0,0,0,0,0,0,0,0,0,0,0,0,0,0,0,0,0,0,0,0,0,0,0,0,0,0,0,0,0,0,0,0,0,0,0,0,0,0,0,0,0,0,0,0,0,0,0,0,0,0,0,0,0,0,0,0,0,0,0,0,0,0,0,0,0,0,0,0,0,0,0,0,0,0,0,0,0,0,0,0,0,0,0,0,0,0,0,0,0,0,0,0,0,0,0,0,0,0,0,0,0,0,0,0,0,0,0,0,0,0,0,0,0,0,0,0,0,0,0,0,0,0,0,0,0,0,0,0,0,0,0,0,0,0,0,0,0,0,0,0,0,0,0,0,0,0,0,0,0,0,0,0,0,0,0,0,0,0,0,0,0,0,0,0,0,0,0,0,0,0,0,0,0,0,0,0,0,0,0,0,0,0,0,0,0,0,0,0,0,0,0,0,0,0,0,0,0,0,0,0,0,0,0,0,0,0,0,0,0,0,0,0,0,0,0,0,0,0,0,0,0,0,0,0,0,0,0,0,0,0,0,0,0,0,0,0,0,0,0,0,0,0,0,0,0,
0,0,0,0,0,0,0,0,0,0,0,0,0,0,0,0,0,0,0,0,0,0,0,0,0,0,0,0,0,0,0,0,0,0,0,0,0,0,0,0,0,0,0,0,0,0,0,0,0,0,0,0,0,0,0,0,0,0,0,0,0,0,0,0,0,0,0,0,0,0,0,0,0,0,0,0,0,0,0,0,0,0,0,0,0,0,0,0,0,0,0,0,0,0,0,0,0,0,0,0,0,0,0,0,0,0,0,0,0,0,0,0,0,0,0,0,0,0,0,0,0,0,0,0,0,0,0,0,0,0,0,0,0,0,0,0,0,0,0,0,0,0,0,0,0,0,0,0,0,0,0,0,0,0,0,0,0,0,0,0,0,0,0,0,0,0,0,0,0,0,0,0,0,0,0,0,0,0,0,0,0,0,0,0,0,0,0,0,0,0,0,0,0,0,0,0,0,0,0,0,0,0,0,0,0,0,0,0,0,0,0,0,0,0,0,0,0,0,0,0,0,0,0,0,0,0,0,0,0,0,0,0,0,0,0,0,0,0,0,0,0,0,0,0,0,0,0,0,0,0,0,0,0,0,0,0,
0,0,0,0,0,0,0,0,0,0,0,0,0,0,0,0,0,0,0,0,0,0,0,0,0,0,0,0,0,0,0,0,0,0,0,0,0,0,0,0,0,0,0,0,0,0,0,0,0,0,0,0,0,0,0,0,0,0,0,0,0,0,0,0,0,0,0,0,0,0,0,0,0,0,0,0,0,0,0,0,0,0,0,0,0,0,0,0,0,0,0,0,0,0,0,0,0,0,0,0,0,0,0,0,0,0,0,0,0,0,0,0,0,0,0,0,0,0,0,0,0,0,0,0,0,0,0,0,0,0,0,0,0,0,0,0,0,0,0,0,0,0,0,0,0,0,0,0,0,0,0,0,0,0,0,0,0,0,0,0,0,0,0,0,0,0,0,0,0,0,0,0,0,0,0,0,0,0,0,0,0,0,0,0,0,0,0,0,0,0,0,0,0,0,0,0,0,0,0,0,0,0,0,0,0,0,0,0,0,0,0,0,0,0,0,0,0,0,0,0,0,0,0,0,0,0,0,0,0,0,0,0,0,0,0,0,0,0,0,0,0,0,0,0,0,0,0,0,0,0,0,0,0,0,0,0,
0,0,0,0,0,0,0,0,0,0,0,0,0,0,0,0,0,0,0,0,0,0,0,0,0,0,0,0,0,0,0,0,0,0,0,0,0,0,0,0,0,0,0,0,0,0,0,0,0,0,0,0,0,0,0,0,0,0,0,0,0,0,0,0,0,0,0,0,0,0,0,0,0,0,0,0,0,0,0,0,0,0,0,0,0,0,0,0,0,0,0,0,0,0,0,0,0,0,0,0,0,0,0,0,0,0,0,0,0,0,0,0,0,0,0,0,0,0,0,0,0,0,0,0,0,0,0,0,0,0,0,0,0,0,0,0,0,0,0,0,0,0,0,0,0,0,0,0,0,0,0,0,0,0,0,0,0,0,0,0,0,0,0,0,0,0,0,0,0,0,0,0,0,0,0,0,0,0,0,0,0,0,0,0,0,0,0,0,0,0,0,0,0,0,0,0,0,0,0,0,0,0,0,0,0,0,0,0,0,0,0,0,0,0,0,0,0,0,0,0,0,0,0,0,0,0,0,0,0,0,0,0,0,0,0,0,0,0,0,0,0,0,0,0,0,0,0,0,0,0,0,0,0,0,0,0,
0,0,0,0,0,0,0,0,0,0,0,0,0,0,0,0,0,0,0,0,0,0,0,0,0,0,0,0,0,0,0,0,0,0,0,0,0,0,0,0,0,0,0,0,0,0,0,0,0,0,0,0,0,0,0,0,0,0,0,0,0,0,0,0,0,0,0,0,0,0,0,0,0,0,0,0,0,0,0,0,0,0,0,0,0,0,0,0,0,0,0,0,0,0,0,0,0,0,0,0,0,0,0,0,0,0,0,0,0,0,0,0,0,0,0,0,0,0,0,0,0,0,0,0,0,0,0,0,0,0,0,0,0,0,0,0,0,0,0,0,0,0,0,0,0,0,0,0,0,0,0,0,0,0,0,0,0,0,0,0,0,0,0,0,0,0,0,0,0,0,0,0,0,0,0,0,0,0,0,0,0,0,0,0,0,0,0,0,0,0,0,0,0,0,0,0,0,0,0,0,0,0,0,0,0,0,0,0,0,0,0,0,0,0,0,0,0,0,0,0,0,0,0,0,0,0,0,0,0,0,0,0,0,0,0,0,0,0,0,0,0,0,0,0,0,0,0,0,0,0,0,0,0,0,0,0,
0,0,0,0,0,0,0,0,0,0,0,0,0,0,0,0,0,0,0,0,0,0,0,0,0,0,0,0,0,0,0,0,0,0,0,0,0,0,0,0,0,0,0,0,0,0,0,0,0,0,0,0,0,0,0,0,0,0,0,0,0,0,0,0,0,0,0,0,0,0,0,0,0,0,0,0,0,0,0,0,0,0,0,0,0,0,0,0,0,0,0,0,0,0,0,0,0,0,0,0,0,0,0,0,0,0,0,0,0,0,0,0,0,0,0,0,0,0,0,0,0,0,0,0,0,0,0,0,0,0,0,0,0,0,0,0,0,0,0,0,0,0,0,0,0,0,0,0,0,0,0,0,0,0,0,0,0,0,0,0,0,0,0,0,0,0,0,0,0,0,0,0,0,0,0,0,0,0,0,0,0,0,0,0,0,0,0,0,0,0,0,0,0,0,0,0,0,0,0,0,0,0,0,0,0,0,0,0,0,0,0,0,0,0,0,0,0,0,0,0,0,0,0,0,0,0,0,0,0,0,0,0,0,0,0,0,0,0,0,0,0,0,0,0,0,0,0,0,0,0,0,0,0,0,0,0,
0,0,0,0,0,0,0,0,0,0,0,0,0,0,0,0,0,0,0,0,0,0,0,0,0,0,0,0,0,0,0,0,0,0,0,0,0,0,0,0,0,0,0,0,0,0,0,0,0,0,0,0,0,0,0,0,0,0,0,0,0,0,0,0,0,0,0,0,0,0,0,0,0,0,0,0,0,0,0,0,0,0,0,0,0,0,0,0,0,0,0,0,0,0,0,0,0,0,0,0,0,0,0,0,0,0,0,0,0,0,0,0,0,0,0,0,0,0,0,0,0,0,0,0,0,0,0,0,0,0,0,0,0,0,0,0,0,0,0,0,0,0,0,0,0,0,0,0,0,0,0,0,0,0,0,0,0,0,0,0,0,0,0,0,0,0,0,0,0,0,0,0,0,0,0,0,0,0,0,0,0,0,0,0,0,0,0,0,0,0,0,0,0,0,0,0,0,0,0,0,0,0,0,0,0,0,0,0,0,0,0,0,0,0,0,0,0,0,0,0,0,0,0,0,0,0,0,0,0,0,0,0,0,0,0,0,0,0,0,0,0,0,0,0,0,0,0,0,0,0,0,0,0,0,0,0,
0,0,0,0,0,0,0,0,0,0,0,0,0,0,0,0,0,0,0,0,0,0,0,0,0,0,0,0,0,0,0,0,0,0,0,0,0,0,0,0,0,0,0,0,0,0,0,0,0,0,0,0,0,0,0,0,0,0,0,0,0,0,0,0,0,0,0,0,0,0,0,0,0,0,0,0,0,0,0,0,0,0,0,0,0,0,0,0,0,0,0,0,0,0,0,0,0,0,0,0,0,0,0,0,0,0,0,0,0,0,0,0,0,0,0,0,0,0,0,0,0,0,0,0,0,0,0,0,0,0,0,0,0,0,0,0,0,0,0,0,0,0,0,0,0,0,0,0,0,0,0,0,0,0,0,0,0,0,0,0,0,0,0,0,0,0,0,0,0,0,0,0,0,0,0,0,0,0,0,0,0,0,0,0,0,0,0,0,0,0,0,0,0,0,0,0,0,0,0,0,0,0,0,0,0,0,0,0,0,0,0,0,0,0,0,0,0,0,0,0,0,0,0,0,0,0,0,0,0,0,0,0,0,0,0,0,0,0,0,0,0,0,0,0,0,0,0,0,0,0,0,0,0,0,0,0,
0,0,0,0,0,0,0,0,0,0,0,0,0,0,0,0,0,0,0,0,0,0,0,0,0,0,0,0,0,0,0,0,0,0,0,0,0,0,0,0,0,0,0,0,0,0,0,0,0,0,0,0,0,0,0,0,0,0,0,0,0,0,0,0,0,0,0,0,0,0,0,0,0,0,0,0,0,0,0,0,0,0,0,0,0,0,0,0,0,0,0,0,0,0,0,0,0,0,0,0,0,0,0,0,0,0,0,0,0,0,0,0,0,0,0,0,0,0,0,0,0,0,0,0,0,0,0,0,0,0,0,0,0,0,0,0,0,0,0,0,0,0,0,0,0,0,0,0,0,0,0,0,0,0,0,0,0,0,0,0,0,0,0,0,0,0,0,0,0,0,0,0,0,0,0,0,0,0,0,0,0,0,0,0,0,0,0,0,0,0,0,0,0,0,0,0,0,0,0,0,0,0,0,0,0,0,0,0,0,0,0,0,0,0,0,0,0,0,0,0,0,0,0,0,0,0,0,0,0,0,0,0,0,0,0,0,0,0,0,0,0,0,0,0,0,0,0,0,0,0,0,0,0,0,0,0,
0,0,0,0,0,0,0,0,0,0,0,0,0,0,0,0,0,0,0,0,0,0,0,0,0,0,0,0,0,0,0,0,0,0,0,0,0,0,0,0,0,0,0,0,0,0,0,0,0,0,0,0,0,0,0,0,0,0,0,0,0,0,0,0,0,0,0,0,0,0,0,0,0,0,0,0,0,0,0,0,0,0,0,0,0,0,0,0,0,0,0,0,0,0,0,0,0,0,0,0,0,0,0,0,0,0,0,0,0,0,0,0,0,0,0,0,0,0,0,0,0,0,0,0,0,0,0,0,0,0,0,0,0,0,0,0,0,0,0,0,0,0,0,0,0,0,0,0,0,0,0,0,0,0,0,0,0,0,0,0,0,0,0,0,0,0,0,0,0,0,0,0,0,0,0,0,0,0,0,0,0,0,0,0,0,0,0,0,0,0,0,0,0,0,0,0,0,0,0,0,0,0,0,0,0,0,0,0,0,0,0,0,0,0,0,0,0,0,0,0,0,0,0,0,0,0,0,0,0,0,0,0,0,0,0,0,0,0,0,0,0,0,0,0,0,0,0,0,0,0,0,0,0,0,0,0,
0,0,0,0,0,0,0,0,0,0,0,0,0,0,0,0,0,0,0,0,0,0,0,0,0,0,0,0,0,0,0,0,0,0,0,0,0,0,0,0,0,0,0,0,0,0,0,0,0,0,0,0,0,0,0,0,0,0,0,0,0,0,0,0,0,0,0,0,0,0,0,0,0,0,0,0,0,0,0,0,0,0,0,0,0,0,0,0,0,0,0,0,0,0,0,0,0,0,0,0,0,0,0,0,0,0,0,0,0,0,0,0,0,0,0,0,0,0,0,0,0,0,0,0,0,0,0,0,0,0,0,0,0,0,0,0,0,0,0,0,0,0,0,0,0,0,0,0,0,0,0,0,0,0,0,0,0,0,0,0,0,0,0,0,0,0,0,0,0,0,0,0,0,0,0,0,0,0,0,0,0,0,0,0,0,0,0,0,0,0,0,0,0,0,0,0,0,0,0,0,0,0,0,0,0,0,0,0,0,0,0,0,0,0,0,0,0,0,0,0,0,0,0,0,0,0,0,0,0,0,0,0,0,0,0,0,0,0,0,0,0,0,0,0,0,0,0,0,0,0,0,0,0,0,0,0,
0,0,0,0,0,0,0,0,0,0,0,0,0,0,0,0,0,0,0,0,0,0,0,0,0,0,0,0,0,0,0,0,0,0,0,0,0,0,0,0,0,0,0,0,0,0,0,0,0,0,0,0,0,0,0,0,0,0,0,0,0,0,0,0,0,0,0,0,0,0,0,0,0,0,0,0,0,0,0,0,0,0,0,0,0,0,0,0,0,0,0,0,0,0,0,0,0,0,0,0,0,0,0,0,0,0,0,0,0,0,0,0,0,0,0,0,0,0,0,0,0,0,0,0,0,0,0,0,0,0,0,0,0,0,0,0,0,0,0,0,0,0,0,0,0,0,0,0,0,0,0,0,0,0,0,0,0,0,0,0,0,0,0,0,0,0,0,0,0,0,0,0,0,0,0,0,0,0,0,0,0,0,0,0,0,0,0,0,0,0,0,0,0,0,0,0,0,0,0,0,0,0,0,0,0,0,0,0,0,0,0,0,0,0,0,0,0,0,0,0,0,0,0,0,0,0,0,0,0,0,0,0,0,0,0,0,0,0,0,0,0,0,0,0,0,0,0,0,0,0,0,0,0,0,0,0,
0,0,0,0,0,0,0,0,0,0,0,0,0,0,0,0,0,0,0,0,0,0,0,0,0,0,0,0,0,0,0,0,0,0,0,0,0,0,0,0,0,0,0,0,0,0,0,0,0,0,0,0,0,0,0,0,0,0,0,0,0,0,0,0,0,0,0,0,0,0,0,0,0,0,0,0,0,0,0,0,0,0,0,0,0,0,0,0,0,0,0,0,0,0,0,0,0,0,0,0,0,0,0,0,0,0,0,0,0,0,0,0,0,0,0,0,0,0,0,0,0,0,0,0,0,0,0,0,0,0,0,0,0,0,0,0,0,0,0,0,0,0,0,0,0,0,0,0,0,0,0,0,0,0,0,0,0,0,0,0,0,0,0,0,0,0,0,0,0,0,0,0,0,0,0,0,0,0,0,0,0,0,0,0,0,0,0,0,0,0,0,0,0,0,0,0,0,0,0,0,0,0,0,0,0,0,0,0,0,4,0,4,0,0,0,0,0,0,0,0,0,0,0,0,0,0,0,0,0,0,0,0,0,0,0,0,0,0,0,0,0,0,0,0,0,0,0,0,0,0,0,0,0,0,0,0,
0,0,0,0,0,0,0,0,0,0,0,0,0,0,0,0,0,0,2,0,0,0,0,0,0,0,0,0,0,0,0,0,0,0,0,0,0,0,0,0,0,0,0,0,0,0,0,0,0,0,0,0,0,0,0,0,0,0,0,0,0,0,0,0,0,0,0,0,0,0,0,0,0,0,0,0,0,0,0,0,0,0,0,0,0,0,0,0,0,0,0,0,0,0,0,0,0,0,0,0,0,0,0,0,0,0,0,0,0,0,0,0,0,0,0,0,0,0,0,0,0,0,0,0,0,0,0,0,0,0,0,0,0,0,0,0,0,0,0,0,0,0,0,0,0,0,0,0,0,0,0,0,0,0,0,0,0,0,0,0,0,0,0,0,0,0,0,0,0,0,0,0,0,0,0,0,0,0,0,0,0,0,0,0,0,0,0,0,0,0,0,0,0,0,0,0,0,0,0,0,0,0,0,0,0,0,0,0,0,0,3,0,0,0,3,1,0,0,0,0,0,1,0,1,0,0,0,0,0,0,0,0,0,0,0,0,0,0,0,0,0,0,0,0,0,0,0,0,0,0,0,0,0,0,0,0,
0,0,0,0,0,0,0,0,0,0,0,0,0,0,0,0,0,0,0,0,0,0,0,0,0,0,0,0,0,0,0,0,0,0,0,0,0,0,0,0,0,0,0,0,0,0,0,0,0,0,0,0,0,0,0,0,0,0,0,0,0,0,0,0,0,0,0,0,0,0,0,0,0,0,0,0,0,0,0,0,0,0,0,0,0,0,0,0,0,0,0,0,0,0,0,0,0,0,0,0,0,0,0,0,0,0,0,0,0,0,0,0,0,0,0,0,0,0,0,0,0,0,0,0,0,0,0,0,0,0,0,0,0,0,0,0,0,0,0,0,0,0,0,0,0,0,0,0,0,0,0,0,0,0,0,0,0,0,0,0,0,0,0,0,0,0,0,0,0,0,0,0,0,0,0,0,0,0,0,0,0,0,0,0,0,0,0,0,0,0,0,0,0,0,0,0,0,0,0,0,6,0,0,0,0,1,0,0,0,0,0,0,0,0,0,0,0,0,0,0,0,0,0,0,0,0,0,0,0,0,0,0,0,0,0,0,0,0,0,0,0,0,0,0,0,0,0,0,0,0,0,0,0,0,0,0,
0,0,0,0,0,0,0,0,0,0,0,0,0,0,0,0,0,0,0,0,1,0,0,0,0,0,0,0,0,0,0,0,0,0,0,0,0,2,0,0,0,0,0,0,0,0,0,0,0,0,0,0,0,0,0,0,0,0,0,0,0,0,0,0,0,0,0,0,0,0,0,0,0,0,0,0,0,0,0,0,0,0,0,0,0,0,0,0,0,0,0,0,0,0,0,0,0,0,0,0,0,0,0,0,0,0,0,0,0,0,0,0,0,0,0,0,0,0,0,0,0,0,0,0,0,0,0,0,0,0,0,0,0,0,0,0,0,0,0,0,0,0,0,0,0,0,0,0,0,0,0,0,0,0,0,0,0,0,0,0,0,0,0,0,0,0,0,0,0,0,0,0,0,0,0,0,0,0,0,0,0,0,0,0,0,0,0,0,0,0,0,0,0,0,0,0,0,0,0,0,1,0,2,0,0,0,0,0,0,0,0,0,4,0,3,0,0,0,0,0,0,0,0,0,0,0,0,0,0,0,0,0,0,0,0,0,0,0,0,0,0,0,0,0,0,0,0,0,0,0,0,0,0,0,0,0,
0,0,0,0,0,0,0,0,0,0,0,0,0,0,0,0,0,0,0,3,0,0,0,0,0,0,1,0,0,0,0,1,0,0,2,0,1,2,0,0,0,0,0,0,0,0,0,0,0,0,0,0,0,0,0,0,0,0,0,0,0,0,0,1,0,0,0,0,0,0,0,0,0,1,0,0,0,0,0,0,0,0,0,0,0,0,0,0,0,0,0,0,0,0,0,0,0,0,0,0,0,0,0,0,0,0,0,0,0,0,0,0,0,0,0,0,0,0,0,0,0,0,0,0,0,0,0,0,0,0,0,0,0,0,0,0,0,0,0,0,0,0,0,0,0,0,0,0,0,0,0,0,0,0,0,0,0,0,0,0,0,0,0,0,0,0,0,0,0,0,0,0,0,0,0,0,0,0,0,0,0,0,0,0,4,0,0,0,0,0,0,0,0,0,0,0,0,0,0,0,1,0,0,0,0,1,0,0,0,0,0,0,0,0,0,0,4,0,3,0,0,0,0,0,0,0,0,0,0,0,0,0,0,0,0,0,0,0,0,0,0,0,0,0,0,0,0,0,0,0,0,0,0,0,0,0,
0,0,0,0,0,0,0,0,0,0,0,0,0,0,0,0,0,0,0,0,0,0,0,0,0,0,0,0,0,0,1,0,2,0,2,0,0,0,0,0,0,0,0,0,0,0,0,0,0,0,4,0,0,4,0,0,0,0,0,0,0,0,0,0,0,0,1,0,0,0,0,0,0,0,0,0,0,0,0,0,0,0,0,0,0,0,0,0,0,0,0,0,0,0,0,0,0,0,0,0,0,0,0,0,0,0,0,0,0,0,0,0,0,0,0,0,0,0,0,0,0,0,0,0,0,0,0,0,0,0,0,0,0,0,0,0,0,0,0,0,0,0,0,0,0,0,0,0,0,0,0,0,0,0,0,0,0,0,0,0,0,0,0,0,0,0,0,0,0,0,0,0,0,0,0,0,0,0,0,0,0,0,0,0,0,0,0,0,0,0,0,0,0,0,0,0,0,0,0,0,1,0,0,2,0,1,0,0,0,0,0,0,0,0,0,0,0,0,0,0,0,0,0,0,0,0,0,0,0,0,0,0,0,0,0,0,0,0,0,0,0,0,0,0,0,0,0,0,0,0,0,0,0,0,0,0,
0,1,2,0,0,0,0,2,0,0,0,0,0,0,0,0,0,0,0,0,0,0,0,0,0,0,0,0,0,0,0,0,0,0,0,0,2,0,0,0,0,0,0,0,0,0,0,0,0,6,5,5,0,0,0,0,0,0,0,0,0,0,0,0,0,0,0,3,0,0,0,0,0,0,0,0,0,0,0,0,0,0,0,0,0,0,0,0,0,0,0,0,0,0,0,0,0,0,0,0,0,0,0,0,0,0,0,0,0,0,0,0,0,0,0,0,0,0,0,0,0,0,0,0,0,0,0,0,0,0,0,0,0,0,0,0,0,0,0,0,0,0,0,0,0,0,0,0,0,0,0,0,0,0,0,0,0,0,0,0,0,0,0,0,0,0,0,0,0,0,0,0,0,0,0,0,0,0,0,0,0,0,0,2,4,0,0,0,0,0,0,0,0,0,0,0,0,0,0,0,0,0,3,0,2,1,0,0,0,0,0,0,1,0,0,0,0,0,0,0,4,0,0,0,0,0,0,0,0,0,0,0,0,0,0,0,0,0,0,0,0,0,0,0,0,0,0,0,0,0,0,0,0,0,0,0,
0,1,2,0,0,0,0,0,0,0,0,0,0,0,0,0,0,0,0,0,0,0,0,0,0,0,0,0,0,0,0,0,0,0,0,0,0,0,0,0,0,0,3,0,0,0,0,0,0,5,6,0,0,0,0,0,0,0,0,0,0,0,0,0,0,0,0,3,4,0,0,0,0,0,0,0,0,0,0,0,0,0,0,0,0,0,0,0,0,0,0,0,0,0,0,0,0,0,0,0,0,0,0,0,0,0,2,2,0,0,0,0,0,0,0,0,0,0,0,0,0,0,0,0,0,0,0,0,0,0,0,0,0,0,0,0,0,0,0,0,0,0,0,0,0,0,0,0,0,0,0,0,0,0,0,0,0,0,0,0,0,0,0,0,0,0,0,0,0,0,0,0,0,0,0,0,0,0,0,0,0,0,0,3,6,4,0,0,0,0,0,0,0,6,6,0,0,4,4,0,3,0,0,3,3,0,0,0,0,0,0,0,3,2,0,0,0,0,0,0,0,0,0,0,0,0,0,4,0,0,0,0,0,0,0,0,0,0,0,0,0,0,0,0,0,0,0,0,0,0,0,0,0,0,0,0,
0,0,0,0,0,0,0,0,0,0,4,0,0,0,0,0,0,0,0,0,1,0,0,0,0,1,0,0,0,0,0,0,0,0,0,0,0,0,0,0,0,0,0,0,0,0,0,0,0,5,6,0,0,0,4,0,0,0,0,0,0,0,0,0,0,0,0,3,0,0,0,0,0,0,0,0,0,0,0,1,0,0,0,0,0,0,1,0,0,0,0,0,0,0,0,0,0,1,0,0,0,0,0,0,0,1,2,0,2,0,0,0,0,0,0,0,0,0,0,0,0,0,0,0,0,0,0,0,0,0,0,0,0,0,0,0,0,0,0,0,0,0,0,0,0,0,0,0,0,0,0,0,0,0,0,0,0,0,0,0,0,0,0,0,0,0,0,0,0,0,0,0,0,0,0,0,0,0,0,0,1,1,0,0,0,0,0,0,0,0,0,0,0,0,6,0,3,0,0,4,0,4,0,1,0,5,0,0,0,0,0,0,0,0,0,0,0,0,0,0,0,0,0,0,0,0,0,1,3,0,0,0,0,0,0,0,0,0,0,0,0,0,0,0,0,0,0,0,0,0,0,0,0,0,0,0,
0,0,3,0,0,0,0,0,0,0,0,0,0,0,0,0,0,0,0,0,2,2,0,0,1,0,0,0,0,0,0,0,0,0,0,0,0,0,0,0,0,6,0,0,0,0,0,0,0,5,5,6,0,0,0,7,5,0,0,0,0,0,0,0,1,0,0,2,0,0,0,0,0,4,0,0,0,0,0,0,2,0,0,0,0,0,0,0,0,0,0,0,0,0,0,0,0,0,0,0,0,0,0,0,0,0,0,0,0,2,0,0,0,0,0,0,0,0,0,0,0,0,0,1,0,1,0,0,0,0,0,0,0,0,0,0,0,0,0,1,0,0,0,0,7,0,0,0,0,0,0,0,0,0,0,0,0,0,0,0,0,0,0,0,0,0,0,0,0,0,0,0,0,0,0,0,0,0,0,0,0,1,0,3,1,0,0,0,0,0,0,0,0,0,0,0,4,5,0,1,0,5,3,5,0,6,0,3,0,0,1,0,0,1,4,0,0,0,0,0,0,0,0,0,0,0,6,6,0,0,0,0,0,0,0,0,0,0,0,0,0,0,0,0,0,0,0,0,0,0,0,0,0,0,0,0,
0,0,0,1,1,0,0,0,0,0,1,0,2,0,0,0,0,0,0,0,0,3,0,0,0,0,0,0,0,0,0,2,0,1,5,3,0,0,0,0,0,0,2,7,0,0,0,0,0,0,0,0,6,0,0,0,4,0,0,0,0,0,0,0,2,0,0,0,0,0,0,0,0,0,4,6,5,0,0,5,2,2,0,0,0,0,0,0,0,0,0,0,0,1,0,0,0,0,0,0,0,0,0,0,6,0,0,0,0,3,0,0,0,0,0,1,1,0,0,0,5,0,0,0,2,1,0,0,0,0,0,1,2,0,0,1,0,0,0,0,0,0,0,0,8,0,0,0,0,0,0,0,0,0,0,0,0,0,0,0,0,0,0,0,0,0,0,0,0,0,0,0,0,0,0,0,0,0,0,0,0,1,0,0,0,0,0,0,0,0,0,0,0,0,0,0,0,5,5,0,0,0,0,5,2,0,3,0,0,0,4,2,0,1,2,4,0,0,0,0,0,0,0,0,0,0,0,1,0,3,0,0,0,0,0,0,0,0,0,0,0,0,0,0,0,0,0,0,0,0,0,0,0,0,0,0,
0,1,0,1,0,0,0,0,0,0,5,2,2,0,0,0,0,0,0,0,0,0,0,0,0,3,0,0,2,0,0,0,0,0,0,6,3,3,0,0,0,3,3,0,0,0,0,0,0,0,0,7,0,0,0,0,0,0,0,0,2,0,0,3,0,0,0,0,0,0,0,0,0,0,0,5,0,0,0,0,6,0,0,0,0,0,0,0,0,0,0,0,3,2,0,0,0,0,0,0,0,0,0,0,0,0,0,0,0,0,0,0,0,0,0,0,1,0,2,5,0,0,3,0,2,1,0,0,0,0,0,1,7,0,0,0,1,0,0,0,4,0,0,0,0,0,0,0,0,0,0,0,0,0,0,0,0,0,0,0,0,0,0,0,0,0,2,0,0,0,0,2,0,0,1,0,0,0,0,0,0,1,1,4,0,3,0,0,0,0,0,0,0,0,0,2,0,2,0,0,0,0,0,6,6,0,6,2,0,0,3,4,4,2,2,0,4,0,0,0,0,1,0,0,0,0,0,0,0,0,3,3,0,0,0,0,0,0,0,0,0,0,0,0,0,0,0,0,0,0,0,0,0,0,0,0,
3,3,0,0,0,0,0,0,0,3,4,0,3,0,0,0,0,0,0,0,0,0,0,0,0,3,3,0,0,0,1,0,0,0,0,0,3,5,0,0,0,3,3,0,0,0,0,0,0,0,0,0,0,0,0,0,0,0,0,0,0,0,0,3,0,0,0,0,0,0,0,0,0,0,2,0,6,3,0,1,0,0,0,0,0,0,0,0,0,9,0,0,0,0,0,0,0,2,1,0,0,0,0,0,0,0,0,0,0,0,0,0,0,0,0,0,0,0,2,0,0,0,0,0,0,4,0,0,0,0,0,0,0,0,0,7,1,1,0,1,0,0,1,0,1,0,0,0,0,0,0,0,0,0,0,0,6,0,0,0,0,7,0,0,0,0,3,0,0,0,0,0,0,3,3,11,0,0,0,0,0,0,2,4,2,0,0,0,0,0,1,1,0,0,3,0,0,0,0,0,0,0,0,0,6,6,0,0,0,0,0,5,4,5,0,0,0,0,0,0,0,0,0,0,0,4,0,0,0,0,3,4,3,0,0,0,0,0,0,0,0,0,0,0,0,0,0,0,0,0,0,0,0,0,0,0,
2,3,0,0,0,0,0,0,0,0,5,6,1,0,0,4,5,1,0,1,2,0,2,0,0,0,4,4,0,0,0,2,0,0,0,0,4,5,0,10,0,6,0,0,0,1,1,1,0,0,0,0,0,0,0,0,0,0,0,0,0,0,0,2,0,0,0,0,0,0,0,0,1,1,2,2,0,4,0,2,0,0,0,0,0,0,0,0,0,7,8,8,0,0,1,0,1,0,2,2,1,2,0,0,0,0,2,0,0,0,0,0,0,0,0,1,0,0,3,0,1,0,1,4,0,5,5,5,0,2,0,0,0,0,0,0,0,0,1,2,0,4,1,1,0,0,0,0,0,0,0,0,0,0,0,0,0,0,5,0,9,8,10,2,0,0,0,0,0,0,0,0,3,4,13,10,1,0,0,0,0,1,0,5,2,0,0,1,0,0,1,1,0,0,0,0,0,1,0,0,0,0,0,0,0,0,7,8,5,8,6,6,4,0,5,0,0,0,1,0,0,0,1,0,1,1,0,0,5,0,3,2,4,0,0,0,0,0,0,0,0,0,0,0,0,0,0,0,0,0,0,0,0,0,0,0,
1,0,0,0,0,0,0,0,0,1,0,1,0,0,0,5,6,0,0,0,0,0,0,1,0,1,4,0,0,6,0,1,0,0,0,0,0,5,0,7,0,1,7,0,0,2,0,2,0,0,0,0,0,0,0,0,1,0,0,0,0,0,5,0,0,0,0,0,0,0,0,0,1,0,3,3,3,5,5,0,0,0,1,0,0,4,0,0,0,8,9,9,0,0,4,8,1,0,3,0,0,0,0,0,0,2,3,3,3,0,1,5,0,0,0,1,1,1,0,0,0,2,0,2,3,6,0,0,8,3,3,0,8,0,0,0,6,0,0,0,0,0,5,1,4,0,0,0,0,0,0,0,0,0,1,0,0,0,0,6,6,0,3,2,4,5,0,0,1,1,0,5,0,0,0,12,9,12,1,2,1,2,0,0,0,0,3,3,2,2,1,0,0,0,0,0,2,2,0,1,2,0,1,0,0,0,0,2,4,3,3,3,4,0,2,0,0,3,2,2,0,0,0,0,1,0,0,5,4,3,3,4,3,5,0,4,0,0,0,0,0,0,0,0,0,0,0,0,0,0,0,0,0,0,0,0,
13,3,0,0,2,0,0,0,0,3,2,0,5,1,1,5,0,0,0,0,0,0,0,0,0,0,0,0,0,2,4,2,0,0,4,0,0,0,0,9,12,0,1,7,3,1,3,0,0,0,0,0,0,0,3,0,0,0,0,0,0,0,7,0,0,1,3,0,0,4,1,0,2,0,0,4,4,6,0,7,4,0,0,0,0,0,4,1,0,11,9,10,11,0,4,0,0,2,2,6,0,0,0,0,1,1,2,2,2,2,0,0,6,7,0,0,0,0,0,1,0,3,5,4,3,3,8,1,0,9,5,1,3,0,0,0,7,8,0,0,0,3,1,2,3,0,0,0,0,0,0,0,0,0,0,0,0,0,9,7,7,4,0,0,5,5,2,1,2,0,0,0,6,0,0,2,0,0,13,0,3,0,0,0,0,0,0,0,5,0,3,0,6,0,0,0,4,3,0,1,0,0,0,0,0,0,0,0,5,0,4,5,4,0,0,0,0,0,0,0,0,0,0,0,0,0,0,4,5,4,7,6,4,0,5,4,0,0,0,0,0,0,0,0,0,0,0,0,0,0,0,0,0,0,0,0,
14,14,12,1,2,12,0,13,4,4,4,4,0,2,4,3,5,0,0,0,0,0,0,0,0,0,0,0,1,3,1,2,0,8,1,3,0,0,4,0,0,4,1,1,3,2,3,0,0,0,0,0,0,0,2,3,0,1,0,0,0,1,8,0,7,8,8,0,0,2,4,0,1,6,0,0,2,7,7,4,4,0,0,0,5,5,0,2,0,11,12,13,0,11,0,0,3,2,6,7,0,0,1,3,4,2,3,3,3,2,4,1,0,8,2,0,0,0,0,0,2,0,1,5,6,7,1,0,2,10,1,3,9,9,8,0,7,0,0,7,0,3,4,3,6,3,6,0,1,0,0,0,1,0,0,0,0,0,10,9,8,1,2,3,4,3,7,11,2,0,1,0,0,3,0,2,0,0,0,0,0,0,0,3,2,0,0,0,0,1,0,0,0,7,2,0,2,4,5,2,0,0,0,1,1,2,0,0,1,5,1,5,2,0,6,0,0,0,0,0,3,2,0,0,0,0,0,7,6,7,7,5,7,6,0,0,0,2,0,0,2,0,0,4,0,0,0,0,0,3,0,0,0,0,0,0,
13,15,13,7,2,0,0,13,14,11,5,12,0,8,5,5,7,4,1,2,0,0,4,0,0,0,0,0,2,2,1,5,6,8,5,4,4,3,2,5,3,2,3,2,3,6,4,5,4,5,0,1,1,0,3,1,1,1,0,10,0,0,0,9,5,9,8,2,0,0,8,0,6,2,1,0,4,3,4,4,7,0,1,5,5,4,0,2,3,0,2,1,1,9,11,0,0,4,3,5,0,3,3,0,0,4,3,2,4,3,2,4,0,0,5,0,0,0,0,0,0,0,0,8,7,7,7,6,4,3,4,11,9,10,3,8,10,0,8,8,0,0,7,4,4,3,6,3,2,6,1,0,0,4,0,0,0,11,9,0,12,9,4,8,5,4,3,0,0,2,2,0,0,0,1,0,0,0,1,0,0,0,0,4,0,2,0,3,0,5,4,4,0,0,0,0,5,4,5,5,0,0,2,1,0,2,2,0,0,2,0,0,0,0,8,0,0,0,0,0,0,0,1,0,0,0,0,4,4,2,7,4,8,8,1,0,3,1,0,5,2,0,0,2,5,5,6,0,0,0,0,0,0,0,0,0,
18,15,15,14,6,5,1,5,6,13,11,13,12,7,9,7,3,6,5,2,0,4,5,5,0,0,1,1,4,5,4,5,6,6,6,7,5,6,6,7,5,6,2,4,4,5,5,5,5,5,0,0,1,0,0,4,5,0,6,1,0,3,0,3,3,5,5,6,4,1,1,2,2,0,1,3,0,6,5,8,6,7,6,7,5,5,4,4,0,0,0,2,0,11,0,1,5,6,3,6,4,3,0,0,1,2,3,3,0,0,4,2,2,1,3,0,0,0,0,0,0,1,2,13,8,4,9,10,10,1,2,4,0,0,4,9,3,5,0,9,0,0,2,8,1,3,3,4,7,0,7,3,0,2,0,5,0,0,7,2,12,13,14,12,8,6,5,3,3,2,2,3,0,0,0,5,0,2,0,0,0,2,0,0,0,1,0,3,3,0,0,4,0,8,0,4,1,7,6,1,0,1,5,2,1,0,2,3,0,0,0,0,0,0,10,7,0,0,0,0,0,0,1,0,0,0,0,6,1,8,3,3,0,2,4,1,2,0,4,0,3,7,2,0,6,4,5,0,0,0,5,0,0,0,0,0,
14,4,6,6,6,6,6,7,7,4,12,5,12,8,0,9,4,0,5,0,2,3,4,10,0,4,2,0,1,4,3,4,1,8,0,6,7,6,2,7,2,6,3,7,5,6,5,6,7,6,8,0,0,0,0,11,10,5,0,6,6,0,3,1,4,4,6,3,8,0,3,3,3,0,3,0,4,6,4,5,4,5,3,8,4,6,5,2,0,1,3,0,1,0,2,2,2,7,7,6,3,5,2,6,1,4,2,4,1,0,1,3,12,6,0,7,4,1,1,2,0,1,0,1,2,11,12,10,11,13,1,3,1,3,1,4,3,4,10,5,9,5,3,3,3,2,4,0,5,6,8,2,2,1,5,7,8,0,7,8,9,11,14,5,12,2,7,9,10,4,3,4,4,0,5,8,0,1,0,2,8,0,2,2,1,0,2,0,5,0,3,6,0,0,7,0,0,7,7,1,2,3,12,8,3,0,0,5,5,0,0,0,2,0,0,0,8,0,0,0,2,0,1,0,0,5,0,0,4,1,5,4,1,8,2,5,4,4,2,5,0,0,3,0,0,3,1,3,9,0,7,0,0,0,0,0,
15,5,5,5,6,7,4,6,3,4,5,14,14,3,6,0,4,8,0,5,5,8,4,0,9,6,0,0,3,2,5,4,0,0,0,6,7,7,3,4,3,2,2,3,13,5,6,7,7,0,8,0,0,0,0,0,0,2,9,8,0,0,0,1,4,6,4,5,4,7,2,2,5,5,10,1,1,2,7,6,6,6,5,8,7,6,4,7,2,7,4,4,2,1,0,3,3,0,2,3,0,0,3,3,4,2,7,4,1,7,0,2,12,6,7,6,4,0,0,8,13,2,2,2,3,11,14,13,3,2,3,4,12,3,2,1,3,4,6,7,1,9,7,6,5,9,2,5,2,6,3,10,5,2,5,6,8,10,9,8,8,6,10,11,10,6,11,11,10,9,9,4,3,12,7,6,4,7,0,9,3,0,4,4,2,5,4,6,5,0,6,7,6,5,0,0,0,1,14,10,2,3,2,4,4,3,4,5,7,0,0,1,3,3,0,1,1,6,0,2,2,2,0,0,0,0,15,5,5,4,5,3,6,9,4,6,6,7,4,8,6,5,0,0,1,0,7,9,10,7,0,6,5,5,0,0,
11,6,7,6,7,6,7,7,1,15,5,14,5,9,7,0,3,3,9,9,9,0,9,8,6,7,5,7,7,6,6,3,10,8,0,11,5,0,3,7,3,5,2,4,14,8,8,8,9,1,0,2,11,0,0,0,0,0,2,11,9,0,2,2,4,10,7,7,6,6,1,3,7,7,6,3,3,2,7,7,7,7,5,2,4,5,0,8,7,7,3,10,2,2,1,2,5,0,2,0,4,9,0,3,8,5,1,4,5,5,13,0,1,12,15,7,6,4,0,13,9,16,9,13,13,8,0,4,2,3,14,14,13,1,3,3,5,5,0,5,9,2,6,2,6,6,0,1,0,7,4,0,10,5,4,2,10,0,0,1,12,7,16,12,11,12,11,8,11,11,5,9,9,12,7,7,5,8,8,0,9,4,10,13,0,4,4,4,9,4,6,2,8,0,1,2,8,5,14,13,8,15,5,6,3,7,4,5,8,0,0,3,4,1,4,2,1,0,5,0,1,5,0,6,4,4,6,5,8,6,5,4,4,7,5,12,7,6,5,5,7,6,7,3,2,0,5,4,6,7,0,7,7,6,0,0,
11,1,1,8,5,9,7,7,3,6,7,6,5,9,0,7,4,0,9,9,10,8,0,9,9,0,0,6,7,5,5,7,5,7,4,9,8,7,9,5,4,7,9,3,13,7,9,9,11,8,0,11,3,4,0,1,0,11,1,0,1,12,1,2,15,2,7,9,9,8,9,5,5,7,6,4,8,1,8,5,6,3,5,3,7,7,6,0,0,4,5,8,10,2,3,2,3,8,7,0,10,0,5,11,2,4,9,5,6,1,3,4,5,15,12,13,7,7,6,14,16,16,7,14,12,9,0,3,2,2,5,15,15,6,3,5,7,6,5,5,6,8,0,6,0,3,0,4,0,4,0,0,0,3,5,5,8,11,0,7,10,5,16,15,12,16,12,9,5,11,9,6,15,10,12,10,7,4,7,7,7,11,11,11,0,6,5,5,9,6,7,8,8,1,1,4,5,4,10,11,9,14,6,10,6,7,7,5,2,0,1,4,4,2,4,4,3,6,4,2,6,0,2,6,1,7,8,6,5,9,10,3,5,3,12,7,8,11,6,6,6,6,5,10,3,9,5,0,4,7,7,6,8,8,0,0,
0,2,3,8,1,7,9,11,7,6,6,5,5,1,5,0,3,7,0,10,11,4,10,2,11,9,0,3,10,6,6,3,4,8,6,10,9,12,10,6,5,8,12,3,7,14,5,10,8,5,8,8,8,7,3,11,2,11,0,12,11,14,14,6,7,8,15,12,11,10,4,4,8,0,7,6,6,11,9,6,5,5,5,7,0,1,7,6,7,5,5,3,5,5,4,3,4,8,5,10,10,7,6,5,3,10,10,10,2,1,7,1,7,7,15,14,1,7,1,6,17,16,15,9,5,13,0,4,4,8,7,8,5,7,12,5,4,5,4,0,6,3,0,4,0,0,1,4,10,5,0,5,0,4,3,5,8,8,0,8,5,5,9,6,16,3,8,9,9,9,9,11,10,12,9,12,9,6,8,2,8,0,11,12,0,1,0,5,6,6,7,8,8,1,4,0,6,4,0,6,12,8,6,6,9,10,8,8,4,3,0,2,1,4,4,6,4,8,13,3,11,5,2,7,8,8,8,9,10,10,11,10,4,3,13,8,7,8,8,6,9,7,5,11,11,4,9,2,8,6,3,7,7,7,6,0,
11,9,3,13,8,7,9,11,12,9,7,11,8,3,2,8,4,8,8,3,8,5,1,0,6,14,9,6,7,7,8,11,6,0,6,5,3,9,3,13,5,7,8,4,8,4,9,5,9,7,0,10,11,8,4,11,13,7,1,0,13,5,7,7,14,7,11,11,5,5,10,2,5,6,2,10,7,10,13,12,14,6,8,7,5,0,7,7,5,8,6,6,5,4,5,4,4,7,6,0,10,9,9,5,6,6,3,10,4,1,7,7,2,8,8,3,1,6,8,5,6,17,5,3,11,5,5,12,5,11,5,8,6,5,12,1,5,7,6,0,7,7,6,0,4,0,5,3,2,2,1,2,5,5,5,3,7,8,6,15,8,9,4,10,6,4,15,10,5,8,6,12,3,12,11,9,11,4,9,7,8,0,0,3,1,0,9,9,6,8,8,7,9,7,9,5,1,5,4,9,10,16,8,7,9,9,5,10,7,2,4,0,0,7,5,6,8,14,14,7,6,5,12,12,5,12,8,11,12,12,11,11,7,5,16,8,9,9,9,7,4,10,10,9,11,7,5,5,4,8,11,8,9,7,8,8,
9,9,12,13,10,9,12,12,8,7,9,11,9,4,3,7,6,3,9,5,13,9,9,8,7,7,13,7,8,2,7,3,9,9,9,4,9,4,3,13,13,4,6,5,1,7,5,9,19,12,3,10,11,10,9,8,12,7,8,11,6,6,8,7,13,17,16,15,13,11,2,4,3,2,3,10,10,12,15,12,7,15,14,7,3,5,3,3,7,6,6,7,5,13,6,5,3,2,2,9,0,6,6,7,6,6,4,5,0,0,2,11,2,6,9,9,2,3,9,9,8,6,4,4,6,15,15,5,7,11,6,6,5,7,7,8,9,0,5,0,0,0,7,11,7,0,5,3,3,3,4,4,3,5,0,7,13,13,12,15,10,10,17,5,10,5,8,10,11,9,11,6,6,12,10,9,5,5,15,8,9,9,1,0,12,5,6,8,4,4,6,6,8,7,9,9,10,6,5,10,10,10,10,10,10,9,9,6,13,3,8,5,8,8,8,13,14,15,14,5,5,7,5,6,12,13,8,10,13,10,9,8,12,18,17,12,10,8,10,8,4,4,11,5,8,12,9,5,8,10,9,9,7,8,10,9,
12,8,12,14,11,14,13,7,9,7,7,9,12,8,2,7,8,9,5,6,4,13,9,9,10,8,9,13,8,3,8,3,9,7,12,3,5,6,8,6,8,7,5,8,6,9,3,9,7,13,10,11,9,13,12,9,5,10,13,10,7,7,8,17,15,14,5,16,9,10,5,10,10,2,3,10,11,5,10,13,13,14,8,4,9,7,5,5,4,3,8,7,6,6,14,6,8,7,3,0,10,8,8,9,7,3,4,11,13,6,0,0,12,10,10,12,2,8,4,5,6,7,5,8,6,6,15,6,13,8,12,7,7,8,8,6,5,7,3,5,9,0,10,11,8,7,10,6,6,6,8,4,4,4,1,3,15,7,7,13,14,12,4,10,10,16,8,9,5,12,9,9,7,8,9,8,8,6,16,12,14,3,14,11,0,8,15,7,4,6,4,13,7,8,10,10,12,5,5,10,10,12,7,7,11,11,14,13,14,14,11,11,7,9,13,2,13,15,14,6,15,5,13,12,6,2,8,8,9,12,7,13,7,7,2,18,12,6,9,5,9,4,5,6,7,12,4,4,13,9,11,12,8,9,9,9,
12,9,9,13,11,14,14,9,8,9,8,10,4,5,8,3,2,9,7,6,6,5,10,10,12,10,12,10,14,9,6,3,8,13,8,12,6,6,8,8,8,9,10,7,13,10,8,10,10,13,10,10,4,10,10,9,7,13,7,6,6,11,18,18,10,15,8,8,4,10,5,12,10,3,4,4,10,6,8,5,4,3,7,5,6,6,9,10,7,4,9,4,6,8,5,8,9,10,8,13,13,11,15,10,9,3,12,3,13,6,0,0,1,14,11,9,8,2,5,5,3,12,10,7,6,7,7,8,16,13,11,13,12,7,8,6,8,8,10,4,10,11,11,10,12,10,8,9,7,8,4,7,5,15,6,1,9,10,8,10,12,17,5,18,17,11,12,12,5,11,9,8,7,4,12,9,11,9,13,10,13,13,14,15,0,9,2,3,6,5,15,5,11,11,10,11,10,11,14,12,11,11,14,9,9,8,10,8,9,8,16,9,10,13,11,3,14,8,13,15,7,14,13,13,8,1,5,8,13,9,8,14,8,11,12,4,13,10,10,10,10,4,5,9,8,5,7,11,12,10,12,11,8,9,8,10,
15,14,14,12,16,12,10,9,9,9,11,9,5,5,2,9,9,4,9,9,10,7,6,8,13,15,15,11,10,5,8,13,11,10,10,6,8,5,15,8,10,14,10,9,8,14,0,14,14,12,11,5,9,11,15,10,13,7,14,7,7,6,10,10,10,11,9,2,9,9,13,13,10,9,4,17,6,6,6,10,9,8,8,7,7,7,4,10,9,8,9,10,5,6,7,6,6,5,6,2,12,11,11,12,10,13,8,5,6,6,5,0,2,6,15,11,7,0,0,1,6,13,12,16,7,15,7,9,15,14,9,11,11,12,10,5,10,11,10,8,12,12,13,11,9,11,10,9,12,10,7,5,16,6,2,3,2,9,10,11,18,18,18,7,18,17,10,13,5,3,10,11,8,17,15,13,13,12,17,13,14,15,15,12,2,2,9,9,10,12,5,5,6,9,12,12,12,13,11,15,12,16,9,10,9,8,11,11,6,9,17,9,10,1,0,4,10,7,14,8,8,15,15,11,8,9,2,15,14,11,16,13,14,12,13,3,14,8,10,12,3,8,10,8,7,6,15,9,17,13,10,12,11,10,9,9,
15,15,10,16,17,13,10,10,10,11,9,12,9,9,4,3,3,0,4,2,5,9,7,3,9,15,12,13,16,11,13,14,10,10,10,9,5,9,6,7,19,16,8,8,8,4,5,4,1,14,13,14,15,15,11,16,16,11,15,16,12,6,8,12,11,11,10,10,6,4,15,9,6,19,10,19,8,7,8,11,9,8,10,11,7,7,9,9,4,9,11,11,7,21,8,6,7,2,5,4,11,13,11,6,7,9,14,10,6,10,9,2,3,7,3,11,8,8,7,1,10,3,13,16,2,7,9,9,12,16,11,9,11,12,15,5,6,10,12,14,13,12,14,14,9,7,12,9,10,19,7,17,18,17,18,5,3,0,14,10,11,17,18,8,18,7,12,3,14,3,5,9,4,18,9,19,13,10,18,15,16,15,13,9,3,4,3,10,3,4,6,6,9,15,7,6,12,12,7,13,13,13,12,14,10,8,11,11,8,9,17,6,0,11,0,5,10,10,6,13,9,0,14,12,15,6,10,5,7,7,14,15,14,7,11,3,3,8,4,12,9,11,6,8,17,5,15,18,15,15,12,12,11,14,11,10,
11,10,9,12,14,17,12,13,11,10,12,13,10,14,11,5,3,15,1,4,7,7,17,3,4,4,4,11,13,11,13,13,16,9,9,9,7,10,10,8,15,9,14,4,9,10,13,4,1,2,17,12,12,16,14,12,15,15,15,12,13,7,14,11,12,12,9,11,10,4,15,15,19,7,19,17,19,13,8,10,15,9,13,2,1,8,10,11,10,5,11,13,4,7,9,9,3,6,6,12,13,14,13,12,12,11,15,9,7,9,10,11,10,8,8,10,5,7,9,7,11,3,8,9,16,4,15,13,13,11,9,10,16,16,15,13,6,13,11,14,14,13,14,14,9,8,13,9,11,9,20,17,18,20,19,9,11,6,18,12,11,21,18,18,20,20,6,10,9,5,9,11,10,4,18,20,11,18,12,7,13,15,14,12,9,4,12,7,4,13,10,14,15,16,13,11,13,6,14,13,15,15,15,13,12,10,11,11,6,10,5,6,11,1,0,0,10,11,19,5,0,13,5,16,16,7,10,8,7,8,15,15,15,14,13,8,1,5,9,10,10,7,5,8,7,7,16,11,13,13,15,14,12,14,11,13,
13,11,12,13,11,15,9,13,14,13,9,8,16,16,4,3,3,10,20,17,9,7,15,3,4,3,4,18,13,12,13,13,11,12,15,10,13,7,15,10,13,8,10,12,7,9,7,12,15,3,17,16,13,16,17,17,15,18,15,14,13,13,14,11,13,13,11,11,12,11,17,17,9,21,20,14,11,12,9,8,8,10,12,2,2,11,9,11,9,11,8,12,14,23,23,9,5,21,6,15,15,16,15,15,9,11,12,10,10,10,10,11,9,10,9,12,17,14,7,7,12,5,4,9,9,16,16,17,18,15,10,11,10,13,17,16,11,13,10,9,16,9,14,16,15,13,9,13,13,4,8,21,19,11,11,11,11,18,19,2,14,17,1,7,19,21,13,11,10,11,11,11,13,10,9,20,5,14,12,13,8,9,14,11,10,13,5,12,11,13,14,18,15,15,15,14,15,7,7,8,17,11,16,12,12,11,13,8,7,9,11,6,0,19,13,0,14,17,20,17,6,12,9,13,7,9,11,9,9,10,13,17,10,15,8,8,4,2,4,7,11,6,13,10,12,7,17,13,11,15,13,16,14,11,17,14,
14,15,11,13,10,10,11,14,14,13,11,9,16,17,5,5,19,11,4,19,20,8,6,12,16,10,10,9,17,18,13,12,12,13,14,12,15,14,16,14,16,13,11,16,16,8,12,15,16,15,9,17,9,4,16,17,16,15,16,17,15,12,10,13,14,9,10,15,12,13,9,17,12,11,21,22,10,13,22,22,9,15,7,3,6,4,6,9,5,10,19,12,15,11,22,21,5,5,15,9,9,6,16,11,9,8,13,10,9,11,9,12,12,10,10,7,13,13,16,11,18,6,5,5,15,20,17,19,19,12,11,12,15,14,15,16,12,11,15,15,9,10,13,16,11,14,13,15,13,13,3,21,10,10,12,11,6,18,17,14,15,0,2,12,9,21,13,12,8,11,8,14,13,10,11,6,6,7,16,12,8,8,11,10,10,11,11,12,12,14,15,16,14,16,14,13,13,6,10,14,6,10,12,13,14,11,9,13,11,8,13,11,6,21,13,19,8,7,18,20,9,16,19,9,13,10,11,9,9,17,10,16,7,15,8,9,4,4,6,4,17,8,15,7,11,12,11,10,18,16,8,17,16,15,17,18,
12,13,14,12,10,11,9,7,15,16,9,10,14,17,20,4,17,3,21,20,14,8,12,12,11,11,11,18,12,17,15,13,16,14,13,13,14,15,15,13,16,12,9,12,11,9,12,13,12,16,12,9,9,12,10,10,18,16,17,17,16,19,12,14,14,16,15,14,13,13,8,10,13,12,10,21,12,11,17,22,9,10,8,8,6,7,7,10,2,7,15,17,11,7,11,23,23,10,12,10,12,7,17,17,12,11,9,13,10,12,12,12,11,13,8,8,12,13,11,18,13,18,19,11,16,16,20,20,20,20,20,15,15,14,14,12,13,11,12,11,9,11,11,16,12,15,14,16,10,16,14,6,11,6,17,11,0,5,4,18,11,17,5,3,15,7,12,10,8,14,8,9,14,13,21,15,7,7,16,17,13,10,10,12,9,12,12,7,12,8,15,5,16,8,6,14,12,7,11,16,6,9,10,14,18,19,10,13,11,12,13,10,18,22,22,13,9,6,19,10,12,9,17,13,14,8,12,10,10,12,16,17,12,11,15,10,5,7,4,5,4,8,16,11,7,11,10,14,13,11,16,14,14,15,17,18,
13,13,15,12,6,11,8,9,8,17,10,18,11,23,21,20,18,23,6,21,20,8,23,13,13,13,13,15,17,17,15,16,12,15,14,17,13,13,16,14,16,15,9,16,10,11,10,11,9,12,11,10,11,13,11,11,21,19,18,16,17,16,18,15,15,14,14,13,16,15,17,9,14,14,17,16,14,4,19,10,10,10,8,8,13,7,16,8,15,15,15,17,15,11,14,14,11,14,12,13,14,10,15,12,13,13,9,13,11,12,11,21,16,6,10,5,6,17,11,19,14,13,19,14,10,16,17,20,19,20,20,18,15,15,14,16,17,16,12,12,12,11,11,16,13,17,15,10,11,12,17,15,5,9,16,12,16,1,18,18,11,11,15,4,9,14,11,11,8,17,14,18,16,20,22,12,16,18,7,18,19,12,11,14,10,10,14,15,13,16,11,6,13,13,8,7,13,9,8,8,9,16,12,11,10,18,19,16,14,15,20,15,10,19,20,23,14,11,11,11,12,9,10,14,15,15,9,13,10,14,11,14,8,12,14,15,6,5,13,5,6,11,16,16,10,11,11,13,14,11,17,13,15,14,12,18,
17,18,13,13,13,7,7,8,11,9,18,18,19,20,22,21,22,20,23,16,21,8,13,22,14,21,15,16,15,15,17,15,13,17,14,15,13,14,13,13,15,13,9,11,12,11,10,8,12,16,13,12,11,12,4,11,12,13,19,16,17,17,18,16,16,12,18,14,18,13,17,16,16,19,17,14,14,14,14,12,13,8,11,19,9,19,17,17,16,5,15,16,17,12,14,12,12,15,14,13,11,11,9,12,13,14,15,14,12,14,12,17,18,14,18,4,5,15,18,19,12,14,14,14,14,16,17,10,20,20,20,20,18,18,23,13,18,18,19,15,11,14,12,13,18,17,15,17,16,17,18,15,18,17,7,16,16,18,3,19,15,12,9,16,10,18,15,13,17,18,18,17,15,12,21,14,16,18,11,19,21,16,12,16,10,13,15,15,15,14,12,19,14,14,14,14,14,13,21,10,9,16,12,12,10,18,18,19,16,16,16,17,16,14,12,16,23,18,25,24,17,13,10,20,13,14,16,13,12,10,15,14,17,15,8,13,11,12,12,13,16,10,9,17,9,16,15,13,10,9,15,17,15,14,13,13,
14,13,14,12,15,12,7,9,12,13,11,13,14,21,12,7,23,22,24,24,23,18,14,23,15,22,14,15,14,16,15,15,16,23,15,15,16,18,16,14,12,13,13,10,12,14,11,13,19,18,13,15,17,6,14,12,11,13,21,16,18,21,22,19,15,13,14,16,20,13,18,19,17,21,17,20,10,13,15,16,14,11,16,18,20,13,19,12,17,6,18,8,17,17,14,14,18,20,13,14,13,9,14,14,14,14,15,16,20,12,21,14,21,18,18,20,15,16,9,17,13,14,17,16,15,15,11,10,10,14,16,20,18,18,15,16,15,20,18,15,11,11,12,13,17,17,15,23,16,17,19,8,10,18,6,6,12,18,10,17,7,13,11,10,11,10,16,12,13,11,11,18,19,20,13,13,13,19,21,20,21,16,16,15,14,13,14,13,12,14,17,11,12,15,8,9,12,21,12,12,17,13,12,13,10,19,11,15,16,11,17,23,22,16,12,24,19,19,26,16,15,17,13,13,16,17,16,15,21,10,20,10,16,10,10,9,12,13,14,15,15,12,13,14,10,18,16,16,19,11,10,15,16,14,13,14,
15,14,11,13,10,10,12,10,15,8,11,16,14,16,11,8,22,22,17,25,25,26,12,11,24,16,14,15,15,18,17,15,16,15,15,13,19,18,17,18,17,13,13,18,13,11,18,18,18,17,18,15,11,17,12,15,16,14,14,18,21,17,22,24,16,24,15,14,16,14,19,12,20,22,19,15,17,15,15,16,14,17,15,13,14,19,14,19,18,13,18,7,8,7,12,15,18,15,21,20,15,16,12,11,14,12,15,24,16,21,12,14,13,19,21,18,17,18,14,14,14,13,11,16,17,16,16,17,13,13,16,16,16,17,14,13,16,17,20,18,12,17,21,18,18,19,19,17,23,17,19,10,20,9,13,7,13,13,11,12,13,8,12,12,17,11,13,13,12,13,13,19,16,17,20,15,19,18,21,12,12,12,17,13,15,15,14,11,13,14,12,11,22,12,10,16,10,13,14,8,10,17,15,16,10,11,10,12,13,11,13,23,21,11,13,9,11,20,19,15,13,13,17,15,17,15,17,14,13,11,14,11,12,12,10,14,12,14,13,13,15,12,14,14,15,17,14,16,18,13,13,21,19,15,13,14,
15,15,15,13,15,11,17,11,14,17,9,14,17,16,11,15,12,23,25,13,26,11,17,12,25,17,16,18,17,19,19,18,16,19,16,17,20,19,22,20,19,18,16,21,15,20,12,19,12,17,18,16,18,15,17,8,15,14,15,12,21,20,23,23,14,17,14,17,16,24,21,20,17,18,14,14,19,18,17,15,16,14,16,20,15,14,14,20,20,20,16,18,9,8,8,13,19,17,17,21,15,17,16,11,18,12,13,15,13,15,16,13,18,22,22,15,17,18,13,11,16,18,17,20,14,16,14,18,13,19,18,17,19,9,17,15,18,9,20,19,19,18,18,21,19,17,19,18,15,14,11,11,21,10,13,13,12,20,15,14,17,13,13,15,19,19,17,22,13,14,13,15,14,17,21,16,22,20,13,12,12,14,13,18,20,12,17,12,14,14,13,12,11,23,15,15,10,15,23,9,24,14,15,11,11,12,10,11,13,16,13,12,12,11,11,10,18,12,12,21,13,14,15,17,16,15,15,17,16,15,14,14,13,13,10,13,13,14,14,16,15,16,17,15,19,17,18,21,18,16,14,19,22,13,13,14,
18,16,17,16,15,13,14,17,17,16,17,15,11,14,15,15,17,13,18,14,11,18,14,14,11,11,16,18,19,18,21,19,14,20,21,16,20,15,23,20,21,18,19,14,22,11,20,15,29,18,18,20,19,14,15,17,16,15,16,22,21,22,24,16,15,9,17,15,12,17,19,21,21,17,18,15,19,18,19,18,17,18,17,24,17,24,21,21,20,13,16,15,11,9,8,9,13,15,17,16,16,18,18,17,19,14,13,15,28,17,16,17,16,17,18,20,14,15,14,12,14,19,14,22,17,15,20,15,16,16,18,17,17,17,19,10,16,15,10,11,19,18,17,22,22,17,20,12,15,14,15,12,14,12,14,13,12,14,15,15,18,19,14,21,20,17,18,23,15,13,14,15,14,20,16,15,17,20,21,21,19,14,15,19,16,14,18,17,18,24,11,15,13,11,12,9,10,16,10,23,22,12,13,12,11,12,11,13,16,14,13,16,14,12,14,11,10,18,20,19,15,14,15,12,12,16,19,9,16,15,15,20,14,14,13,13,12,13,16,16,14,17,16,20,19,15,23,16,21,16,15,17,20,20,19,19,
19,17,18,18,15,20,14,13,17,17,17,20,12,12,16,18,16,16,19,18,14,18,15,19,14,11,17,18,19,21,21,21,15,20,16,17,16,18,20,24,17,16,20,14,12,22,13,18,20,30,18,18,19,15,14,14,14,14,14,20,20,21,22,15,16,10,18,19,15,19,17,20,18,18,18,20,21,19,19,21,19,14,24,23,25,17,19,14,16,21,14,13,18,12,16,9,17,13,15,17,17,15,21,19,17,17,15,20,20,14,15,19,19,18,19,17,18,16,12,12,14,18,22,15,20,23,15,21,16,18,16,18,19,15,20,20,17,18,27,25,19,19,18,24,25,20,18,18,18,15,19,12,13,13,12,15,13,14,15,14,15,14,17,16,20,18,21,24,22,16,16,14,17,16,17,16,7,23,22,20,23,20,21,20,14,15,16,18,20,21,13,12,14,13,14,11,11,22,10,17,20,23,10,13,14,17,16,14,12,21,15,22,22,17,16,15,12,19,19,19,19,17,14,16,24,13,18,20,19,13,9,14,9,14,15,14,20,14,15,20,15,16,16,20,19,19,16,17,17,17,20,20,18,20,20,20,
20,17,18,19,18,20,12,13,22,17,19,21,13,13,20,16,18,19,19,20,19,20,14,21,15,16,18,21,20,19,17,22,15,14,26,14,17,18,15,25,22,17,17,13,15,13,13,31,29,16,31,20,18,17,16,15,15,17,15,21,20,14,15,23,18,17,17,15,16,19,18,18,18,20,26,25,19,21,20,20,19,15,22,25,18,18,15,15,13,17,19,16,14,14,20,17,17,18,14,16,17,16,22,23,18,19,21,21,17,17,16,20,20,18,18,19,18,17,15,13,15,14,13,16,23,24,20,16,17,22,20,18,18,18,16,18,21,17,12,26,19,21,19,25,26,20,19,13,20,18,13,13,15,11,16,16,16,14,15,16,20,20,20,20,19,20,19,21,18,13,17,15,15,11,16,16,18,22,7,7,16,20,17,15,21,12,15,21,19,13,22,16,13,13,15,18,17,19,10,18,15,21,24,12,12,11,13,15,12,21,16,15,23,18,17,17,13,23,22,21,15,18,16,23,17,16,19,18,19,17,10,18,10,11,21,13,16,21,16,21,18,21,17,18,18,20,21,21,19,17,22,21,22,22,21,20,
23,20,18,19,20,19,21,16,21,21,21,21,24,14,20,21,15,16,19,20,22,20,21,16,16,20,17,22,20,19,18,21,24,15,26,16,18,18,18,16,16,23,18,20,20,15,16,18,14,18,32,24,24,22,18,15,14,16,21,21,21,22,16,23,23,19,17,12,18,19,21,19,22,22,24,26,19,20,22,24,21,22,16,21,21,18,21,15,16,25,17,16,16,15,16,19,18,19,18,22,24,16,18,23,20,19,20,19,17,18,19,17,16,20,19,21,19,18,24,15,13,19,14,22,25,24,22,16,17,18,23,23,22,20,16,17,13,18,22,27,25,23,22,23,14,15,13,14,20,13,14,12,15,20,17,17,24,16,14,14,19,20,21,15,20,20,20,20,25,25,22,12,13,16,13,9,18,22,23,9,15,17,19,23,16,17,20,20,20,26,20,23,22,15,16,18,20,19,11,19,18,26,13,13,10,14,14,13,14,14,14,16,16,17,18,17,19,24,13,21,15,20,15,19,21,21,21,21,19,18,18,17,21,12,10,14,19,20,19,16,20,23,17,20,17,20,21,21,19,21,22,22,22,20,22,20,
23,17,21,20,21,20,22,18,22,22,23,21,24,25,24,21,27,14,18,20,18,22,18,16,17,19,18,18,18,21,20,22,21,24,27,16,24,18,18,17,17,16,23,21,23,22,17,15,15,18,15,24,24,15,23,15,16,17,17,22,23,23,14,16,16,18,18,18,19,20,19,21,22,22,30,25,25,27,23,24,24,17,16,21,20,20,19,21,22,17,25,14,14,18,25,25,24,21,18,17,18,12,21,19,25,21,20,21,17,19,14,17,17,24,22,21,20,19,19,27,16,20,19,19,21,16,19,17,20,24,24,24,16,13,28,17,21,18,15,14,20,25,24,13,14,18,18,15,13,20,13,11,12,11,16,9,19,14,17,17,22,19,16,16,23,16,21,26,17,27,23,27,14,12,14,13,16,13,11,10,10,20,18,19,23,22,16,21,23,26,22,23,15,17,26,19,19,14,16,17,19,11,27,22,13,20,14,13,12,14,14,10,15,26,18,17,22,19,20,24,22,19,17,19,21,23,27,18,20,25,18,31,23,21,20,11,11,13,19,21,21,17,23,18,16,16,21,21,20,20,21,23,21,22,23,21,
23,19,21,25,18,27,27,20,27,23,20,18,21,25,18,24,22,15,18,26,16,21,22,21,17,19,19,17,17,23,21,26,16,25,23,27,18,25,19,19,18,19,24,17,21,19,12,18,16,20,20,16,19,24,21,23,18,14,20,16,16,19,16,15,14,19,21,20,13,20,19,23,22,22,25,21,26,28,24,24,25,18,16,21,21,18,20,22,24,24,18,15,15,18,26,26,21,21,17,18,13,15,17,24,25,22,16,20,18,20,18,19,18,23,22,18,23,16,20,29,28,22,19,20,23,17,20,19,20,24,19,25,19,23,25,28,28,19,14,15,28,26,20,21,20,15,18,17,17,20,20,16,12,25,11,10,18,15,17,19,19,18,24,16,22,16,28,23,26,27,24,30,16,16,16,15,20,17,13,12,11,21,17,18,23,17,18,17,26,23,24,25,15,17,19,20,19,26,17,26,19,12,15,15,21,20,19,14,18,14,15,13,19,10,18,20,18,17,24,20,22,18,20,20,20,21,26,27,15,19,26,28,30,18,22,16,21,13,13,22,19,23,20,20,18,17,25,21,21,21,19,23,22,23,24,23,
18,24,17,25,20,20,24,20,22,19,25,24,19,25,25,22,23,18,14,16,22,22,20,23,14,20,19,25,18,26,26,22,26,24,24,20,26,24,23,21,20,19,19,24,24,18,12,19,21,21,21,21,22,19,19,22,23,20,19,18,17,19,19,23,17,14,23,21,22,23,19,20,19,25,20,26,18,23,28,24,29,26,18,23,22,21,26,26,20,25,14,19,16,25,22,23,21,21,27,26,14,28,19,18,27,24,23,22,18,23,20,29,20,24,19,19,22,22,17,29,29,17,23,21,22,19,20,19,20,19,17,19,10,20,15,26,16,28,25,15,18,19,21,21,21,27,19,23,19,21,21,20,19,12,9,10,17,19,18,22,20,22,25,24,23,21,22,22,28,25,25,25,30,29,16,15,16,18,20,13,27,18,17,19,20,25,18,18,18,21,24,24,16,17,22,21,24,24,27,25,21,27,17,17,22,17,22,15,17,25,14,16,22,21,22,27,20,17,24,24,19,19,21,20,21,22,19,15,16,19,20,31,31,31,20,17,17,26,14,25,20,20,17,20,20,22,19,26,24,21,20,18,22,21,23,24,
22,19,22,22,21,21,27,14,17,18,26,24,19,26,22,19,23,19,24,16,21,25,20,23,26,10,21,25,27,26,26,22,21,19,20,20,19,18,19,21,21,21,17,17,25,18,19,18,18,29,22,23,22,22,26,22,23,18,21,26,23,18,15,24,27,23,24,24,23,22,22,20,22,21,25,20,20,23,29,25,25,28,18,22,24,25,26,21,19,26,18,19,20,20,20,25,22,23,24,26,27,27,17,19,27,22,28,23,23,22,21,20,24,24,18,25,12,21,23,17,30,22,18,19,23,22,22,20,20,19,21,22,25,25,17,27,15,17,18,30,19,19,19,20,18,19,22,23,24,19,22,18,12,28,25,18,17,18,19,19,22,19,24,24,19,15,18,30,23,30,26,31,30,29,17,23,22,17,19,18,23,21,18,23,25,25,25,17,18,18,19,25,25,20,22,19,21,23,27,24,21,27,18,19,25,20,23,21,18,19,26,20,28,20,23,28,22,23,26,19,20,20,24,21,21,17,20,18,17,15,21,21,21,30,19,18,14,18,13,25,26,28,22,18,19,20,19,24,23,22,22,22,19,19,22,24,
21,23,26,23,19,22,19,27,17,27,19,24,24,24,19,19,23,24,24,21,24,24,9,23,28,23,24,20,26,20,26,23,21,22,19,18,18,19,21,20,22,22,20,21,19,20,20,19,18,29,25,24,24,20,23,23,23,20,27,27,19,19,20,28,25,24,22,25,24,25,21,18,19,23,22,25,21,31,19,24,21,30,24,24,19,26,26,26,22,19,20,18,24,21,22,19,18,27,25,24,27,28,27,19,28,26,26,27,27,24,23,25,26,24,19,11,13,25,21,19,18,21,23,19,17,19,23,26,21,20,27,26,25,18,18,18,25,16,24,20,25,28,29,19,23,17,16,16,24,24,20,23,27,11,12,13,17,18,18,25,20,20,23,25,21,20,15,26,28,29,23,30,31,31,24,23,19,18,22,22,23,22,20,22,26,21,24,18,18,25,21,23,24,26,21,20,23,25,21,20,25,26,20,19,28,18,20,21,13,13,22,20,18,28,20,28,23,24,26,22,27,20,27,22,22,22,18,20,19,20,22,32,33,21,17,21,18,23,19,27,22,23,22,19,20,21,21,22,22,23,25,23,23,23,22,22,
25,24,23,25,20,19,20,25,24,28,26,24,24,20,24,25,24,25,25,24,28,25,25,22,28,22,21,21,20,21,26,17,22,19,20,20,19,22,21,20,18,20,18,21,18,21,19,18,30,26,18,18,27,25,24,24,24,20,23,22,27,17,30,28,24,25,25,23,24,23,28,23,21,20,23,20,18,31,23,26,23,21,26,21,24,24,28,19,26,20,19,26,19,20,17,22,20,18,20,19,21,28,24,26,23,21,27,25,28,28,25,26,18,21,24,29,12,24,23,22,19,21,21,23,16,21,20,20,27,23,22,24,26,26,25,18,27,25,22,25,31,29,24,22,24,22,27,16,25,15,24,15,24,25,13,13,24,18,20,26,21,23,24,21,20,23,21,21,25,24,24,31,32,25,23,25,23,27,25,28,22,23,24,19,22,22,24,26,19,22,23,26,24,21,21,22,23,22,22,22,24,22,14,21,17,14,21,26,14,14,21,24,28,19,20,26,21,25,22,30,23,24,27,21,27,23,19,19,19,20,20,21,20,31,31,34,17,19,20,16,15,14,23,21,20,20,24,26,23,23,23,24,24,24,23,23,
17,25,25,24,24,18,20,19,18,28,24,28,23,26,25,26,25,33,26,18,24,27,25,25,11,27,11,14,21,24,23,22,21,22,24,23,19,19,22,22,25,18,18,20,18,20,21,20,24,31,25,27,27,28,23,25,25,24,24,25,24,17,26,30,28,18,28,20,24,24,20,23,22,22,19,20,23,23,24,21,23,23,20,22,22,23,28,27,28,26,24,20,20,21,16,17,21,23,23,23,26,31,24,27,27,21,22,24,22,26,26,26,21,21,24,23,29,14,29,20,24,22,23,20,16,19,18,27,22,22,26,23,28,27,20,25,32,16,18,23,26,23,23,25,22,28,27,27,27,24,24,22,21,25,25,22,22,15,18,20,27,20,24,26,22,25,24,19,22,26,26,24,23,28,22,26,27,27,28,24,29,23,26,25,22,24,20,20,22,24,22,22,27,24,27,22,23,24,23,22,21,25,22,27,24,24,28,22,14,21,26,24,21,27,23,23,21,22,25,24,25,24,23,21,22,23,26,20,20,20,21,28,21,33,21,23,20,19,17,15,22,14,15,14,25,25,24,23,24,21,23,25,23,25,27,20,
18,20,25,25,25,25,32,27,28,23,24,24,26,25,26,25,17,27,26,18,24,25,31,26,13,28,16,23,15,25,24,22,19,21,23,26,20,20,22,22,24,22,23,20,23,21,20,21,24,26,25,26,28,24,33,25,26,24,25,24,25,26,20,25,20,19,30,25,26,24,24,24,24,23,22,23,21,25,23,22,27,20,23,22,24,28,27,29,29,19,26,25,27,27,21,24,22,25,23,22,32,28,23,24,30,22,23,23,24,22,26,21,23,24,25,24,26,31,29,24,24,24,23,22,18,19,18,28,26,26,27,29,25,25,23,21,28,22,16,22,17,24,26,23,27,29,27,20,28,26,23,23,25,25,30,23,19,16,18,28,27,20,21,25,16,27,24,21,27,27,23,22,26,28,28,25,23,28,24,24,24,22,25,25,26,24,21,21,21,26,25,23,25,25,25,21,22,23,22,26,23,23,21,27,23,22,24,27,23,22,25,22,26,24,24,24,22,32,23,23,26,25,26,25,23,24,28,22,25,20,21,24,29,22,26,23,19,20,18,25,24,20,26,24,15,23,24,25,24,22,25,23,20,24,22,21,
20,19,30,24,24,31,28,28,26,24,24,21,21,16,27,18,18,25,20,27,27,26,27,30,31,30,12,13,21,24,26,23,21,24,22,22,25,26,22,21,23,23,22,26,23,25,25,21,25,26,22,25,21,23,21,28,26,26,26,18,26,26,21,26,27,21,24,25,34,26,25,24,24,23,23,26,26,23,18,26,20,22,23,24,27,24,30,28,24,27,20,22,30,24,24,22,20,25,25,23,21,19,28,23,24,26,26,24,20,25,22,22,19,19,21,25,26,32,29,22,25,25,23,25,22,24,19,27,22,23,28,30,28,28,26,23,28,21,22,21,19,26,27,27,26,31,29,29,21,27,19,26,25,26,25,30,26,17,17,24,22,27,24,25,27,22,31,32,33,23,22,22,24,26,22,22,23,23,28,25,24,23,24,26,24,24,23,25,28,21,27,27,26,25,23,23,21,23,25,26,25,27,18,28,26,24,24,20,23,21,25,24,31,26,25,25,25,32,33,32,32,27,26,24,25,20,29,29,21,28,21,30,22,22,20,23,21,20,20,21,26,28,27,27,22,24,24,24,26,26,23,20,20,22,22,22,
32,20,22,30,30,32,23,29,23,26,22,23,21,28,17,28,24,19,27,20,27,27,27,28,28,18,31,26,16,28,18,27,25,26,23,25,25,23,22,23,22,24,30,24,23,24,23,25,26,26,28,23,23,23,22,21,28,20,26,21,18,20,25,22,28,32,32,21,35,20,25,26,19,31,24,26,25,24,19,20,28,24,23,24,27,23,28,27,25,26,21,29,23,24,23,22,24,22,24,24,23,23,23,19,24,23,25,18,25,21,19,20,22,20,23,28,27,31,22,26,26,25,25,25,26,24,27,24,23,23,22,31,30,23,32,26,21,22,22,24,19,30,27,27,27,29,29,29,28,20,20,23,26,21,25,29,21,21,28,27,20,25,28,26,27,24,24,32,22,28,23,22,26,26,29,24,28,19,25,28,28,19,24,24,24,25,21,24,23,27,25,27,24,25,25,25,24,25,27,24,25,33,30,29,26,24,30,27,25,24,23,21,26,26,27,26,28,33,33,32,34,27,27,26,23,24,22,29,27,29,28,29,24,31,29,29,24,24,22,21,21,21,26,28,26,25,25,24,26,26,27,25,22,21,23,23,
18,21,25,21,31,23,29,24,20,27,30,24,23,20,29,28,18,25,27,28,28,27,31,29,32,29,23,27,27,28,23,24,25,28,27,22,23,24,31,23,23,27,32,30,28,32,27,28,24,27,28,28,27,26,22,22,19,29,23,22,22,28,23,26,28,32,32,31,36,36,22,22,23,27,26,26,27,26,25,26,27,29,25,28,24,24,31,19,28,26,26,28,28,19,25,19,25,23,32,24,24,30,24,21,20,22,26,25,28,21,34,20,19,22,20,23,30,22,33,28,27,26,26,28,28,27,27,28,26,23,29,27,25,24,25,29,32,23,23,23,28,31,29,27,28,30,21,30,29,24,29,25,23,21,26,27,22,27,29,22,23,22,28,24,27,31,31,24,25,28,22,23,24,29,28,28,26,30,20,20,19,19,25,25,26,25,23,25,31,27,28,28,23,21,24,26,25,23,26,25,23,33,31,31,29,26,26,27,27,27,24,22,22,21,22,26,25,26,33,33,32,35,28,23,21,19,23,25,22,30,29,30,24,31,22,28,29,30,22,23,27,23,24,27,25,26,23,24,25,24,27,25,23,23,26,24,
33,27,31,31,27,24,22,29,29,30,31,30,26,23,20,18,26,26,25,27,28,27,28,26,28,28,19,30,29,27,30,31,25,23,23,21,24,23,25,22,26,27,28,32,30,25,27,28,27,26,29,26,22,23,31,25,20,22,23,20,18,20,24,27,30,24,31,23,31,30,29,21,24,28,27,32,27,27,19,27,26,26,31,27,27,30,32,29,23,29,32,23,28,20,22,20,25,29,24,22,29,26,28,28,29,28,24,24,30,27,21,35,36,35,34,31,22,30,24,24,31,24,25,25,25,29,29,27,23,28,30,30,26,30,29,29,24,25,24,24,28,29,28,28,30,31,23,33,21,21,30,28,22,25,21,29,24,27,26,29,24,25,24,28,25,28,31,31,31,29,22,22,25,29,25,28,27,26,24,20,20,26,20,25,26,30,25,24,31,31,28,31,31,27,23,26,26,26,26,25,29,26,24,22,34,30,30,26,30,24,26,25,22,23,23,28,26,24,28,33,30,19,34,29,30,21,25,27,23,31,30,31,27,25,25,23,21,29,30,25,25,29,25,22,25,25,27,24,25,24,27,26,26,24,26,27,
34,20,29,29,28,22,20,30,24,19,31,27,30,31,22,21,31,27,31,28,28,29,24,27,32,28,29,26,29,31,29,30,20,24,30,28,24,24,25,21,24,23,32,32,32,31,27,28,24,28,27,28,28,24,24,26,26,23,23,23,19,19,33,25,25,36,35,22,32,33,30,34,22,23,22,25,26,28,23,29,27,26,24,30,28,23,30,31,34,31,34,27,21,20,20,21,21,26,29,26,32,31,27,28,28,29,28,24,30,26,22,25,36,36,33,32,29,24,27,24,31,33,24,26,26,26,31,24,22,26,30,31,28,26,32,32,29,27,26,25,29,29,28,30,32,25,24,28,25,34,35,29,28,21,25,27,28,26,26,29,23,29,24,28,30,27,32,31,26,32,32,23,32,25,30,29,28,28,25,27,20,23,19,21,26,31,31,31,34,33,25,33,32,26,27,24,23,27,26,32,26,27,27,21,23,30,31,27,33,33,27,27,26,23,24,29,28,27,26,35,31,34,23,34,31,30,26,23,23,26,24,29,30,29,25,29,22,25,29,27,25,29,24,26,26,26,28,26,26,25,26,25,25,28,27,27,
30,30,28,30,29,27,23,20,21,25,21,31,30,31,22,22,32,31,24,29,29,29,33,32,32,23,27,27,31,32,23,33,21,21,29,29,31,24,26,22,28,24,36,33,29,33,28,29,29,25,28,31,21,20,22,36,27,26,21,22,21,20,32,34,32,36,28,35,25,33,28,24,27,24,24,27,24,27,23,22,31,27,31,30,28,25,28,31,25,26,23,24,24,28,32,32,31,26,27,28,28,30,28,29,31,28,28,24,34,33,29,25,28,31,33,33,28,23,25,28,27,27,27,27,29,28,23,25,32,27,27,24,31,28,29,33,30,26,30,26,26,29,30,25,26,27,26,28,35,34,35,30,29,26,26,27,30,28,26,32,29,24,29,30,29,27,29,26,27,26,26,29,31,33,32,28,24,25,25,28,26,25,21,23,27,25,29,31,25,26,25,27,33,33,28,29,28,26,26,27,33,27,23,23,27,28,34,34,22,34,27,28,27,25,26,26,30,31,27,30,31,35,23,25,31,30,28,25,29,27,29,34,30,30,28,30,23,30,26,23,27,26,26,28,26,26,28,29,26,26,26,25,26,28,28,27,
28,31,28,33,31,25,23,23,32,22,20,31,31,22,26,22,32,32,24,23,29,20,24,28,32,24,33,27,33,35,27,32,35,31,30,27,31,31,29,31,22,27,36,27,32,29,28,29,31,30,21,31,22,35,20,29,30,28,31,22,26,26,31,24,29,31,29,30,30,26,26,29,27,35,25,25,28,38,25,28,32,29,30,31,30,29,29,29,34,26,26,26,23,27,28,25,22,33,28,29,24,30,27,31,28,26,27,29,26,29,29,31,27,31,30,32,24,24,32,26,34,28,26,33,29,28,26,30,24,34,28,28,25,30,30,32,27,26,26,24,21,30,32,31,27,26,32,30,27,36,31,31,24,28,29,25,28,26,25,34,33,23,33,28,30,30,30,30,26,31,27,30,32,32,27,29,30,27,29,28,26,28,22,22,23,28,19,30,26,26,27,29,33,28,33,26,30,29,29,29,27,34,28,23,34,28,29,32,27,22,31,26,28,25,27,34,31,34,27,28,30,32,31,24,32,32,29,28,27,28,31,28,31,30,31,23,24,27,25,25,30,25,28,33,25,28,27,26,33,28,27,27,27,29,31,29,
33,34,32,30,30,31,25,26,32,34,21,20,34,32,26,23,27,27,24,25,24,22,24,24,33,33,28,34,33,33,37,35,31,35,25,23,28,26,27,29,30,33,27,26,35,32,32,31,32,31,21,22,27,23,27,30,27,28,33,27,27,32,31,28,30,30,30,31,31,32,28,29,26,28,26,31,28,38,29,25,28,30,32,32,32,31,31,27,25,27,27,29,29,28,28,31,26,25,35,28,28,25,32,30,29,26,27,30,27,32,25,31,35,28,33,34,32,25,28,26,34,29,28,33,29,28,29,31,31,32,32,27,26,27,32,33,35,26,32,22,30,31,25,28,28,30,31,30,30,31,26,31,30,25,29,29,28,31,30,26,25,33,30,31,29,30,31,27,30,30,32,31,32,32,33,27,27,32,30,30,27,28,30,32,24,29,19,20,28,28,28,29,29,29,35,29,25,30,29,28,29,35,28,36,30,35,30,27,32,26,28,33,32,30,29,29,29,31,27,34,29,29,32,31,32,30,31,29,29,30,31,27,29,30,30,28,28,26,26,30,31,28,28,31,30,28,28,33,27,29,29,28,28,29,32,29,
30,31,33,31,26,32,28,26,32,31,34,21,30,32,32,27,29,28,24,26,30,33,23,24,33,34,29,36,34,34,34,36,35,36,32,23,30,26,32,30,30,34,34,27,35,29,32,32,32,33,37,37,28,30,27,23,28,21,28,28,28,30,31,32,31,31,33,32,32,27,31,31,34,27,27,34,27,33,38,31,26,31,31,28,29,31,31,32,31,26,28,27,29,31,29,31,33,25,29,29,29,31,35,31,31,29,27,31,30,32,29,32,24,28,32,31,31,27,30,28,24,25,30,34,30,29,31,30,32,29,32,28,26,28,32,33,26,28,34,29,24,23,30,35,29,32,32,31,31,28,26,29,31,31,32,31,31,32,34,28,30,25,32,31,30,30,31,27,29,33,32,32,28,33,33,31,28,31,30,31,28,28,31,32,32,31,34,32,31,30,28,22,30,29,29,29,26,26,30,28,31,33,36,36,22,31,31,28,28,29,28,33,33,30,31,30,28,34,37,35,32,34,32,33,36,28,31,31,32,26,30,32,33,32,31,28,29,26,25,27,31,30,32,29,31,33,34,34,30,31,27,30,28,33,31,30,
31,32,33,30,37,37,35,26,27,35,25,36,25,26,31,28,26,29,25,37,27,25,29,34,30,33,29,34,36,35,35,34,32,36,27,25,24,34,32,32,30,30,35,34,36,29,32,32,33,34,32,38,34,33,27,24,29,28,24,28,29,31,33,32,33,31,34,30,28,28,32,29,33,32,32,35,33,39,32,29,32,27,34,29,26,29,34,32,31,30,30,32,29,32,29,32,34,26,33,29,28,28,33,32,32,31,28,32,31,31,26,28,25,33,36,27,25,28,25,35,30,27,26,32,34,32,31,31,31,32,30,27,29,30,29,30,33,26,31,29,23,23,23,34,35,31,32,28,29,29,34,33,29,29,32,30,32,30,35,28,31,31,32,33,27,31,31,22,30,29,30,32,25,34,34,29,35,38,24,31,25,31,31,32,32,31,29,29,35,32,33,29,30,29,30,32,35,33,28,29,29,32,32,36,28,23,32,22,34,27,30,33,33,31,32,30,31,35,37,35,33,34,31,33,36,28,35,27,32,28,27,29,27,27,31,27,30,29,29,27,29,32,35,34,36,32,34,35,28,31,32,28,28,30,32,32,
32,33,34,30,33,38,38,34,35,33,34,26,27,27,32,30,27,27,28,38,38,26,30,31,32,30,31,34,36,27,26,37,35,32,29,28,26,35,32,33,31,34,34,35,32,32,34,32,33,33,36,35,34,34,32,32,34,30,29,25,29,33,28,32,33,32,33,30,27,29,25,36,35,29,33,30,31,34,30,34,35,29,26,34,35,30,34,34,31,28,31,28,31,29,28,30,33,34,35,30,35,32,29,30,32,31,30,34,34,31,31,28,37,32,28,28,28,29,29,29,31,30,35,30,25,35,31,33,37,33,34,30,28,29,30,32,28,32,27,30,24,24,23,25,35,35,34,31,34,28,30,31,30,29,32,31,31,33,37,33,29,30,33,33,25,31,30,30,30,25,30,27,30,41,34,29,35,30,33,33,32,26,32,30,30,32,29,34,35,35,36,30,31,31,33,32,36,34,35,29,31,31,33,36,37,28,28,33,35,27,31,33,28,33,30,31,28,37,32,35,34,31,31,33,34,29,30,29,26,29,29,29,27,31,28,29,31,32,29,31,32,29,34,34,34,37,37,35,28,32,31,30,29,33,31,31,
34,34,32,35,38,33,39,35,28,30,35,37,38,37,31,30,30,26,31,29,38,37,35,35,32,34,32,34,27,30,35,28,35,36,32,32,33,26,35,35,36,33,36,35,33,38,35,37,33,34,34,38,30,34,32,32,35,29,30,25,26,33,25,35,33,26,32,30,28,30,29,37,37,37,30,37,30,31,32,32,36,38,33,27,34,35,32,33,28,30,31,29,30,32,29,33,30,37,36,35,36,36,30,29,31,31,32,30,35,32,30,31,28,30,31,28,32,32,29,30,30,32,29,26,26,37,36,31,37,33,31,28,33,31,31,31,32,29,36,29,30,29,24,29,35,32,34,37,35,35,39,39,30,31,38,31,33,34,34,36,35,30,30,35,32,33,30,31,30,31,31,28,32,42,30,30,35,30,33,29,34,30,31,26,25,31,30,34,36,29,34,37,31,32,34,34,33,34,34,36,31,31,33,37,36,36,30,30,30,30,32,29,29,32,31,31,32,38,29,35,36,30,35,33,33,31,30,30,28,26,28,32,30,28,34,31,33,33,32,30,32,31,29,30,32,38,38,36,38,30,31,35,30,32,33,32,
34,35,28,40,29,33,34,35,32,29,36,33,36,37,31,29,31,37,27,29,39,37,38,37,32,36,34,34,30,30,29,28,40,36,37,32,33,28,36,35,36,37,35,36,35,34,35,36,37,32,35,34,39,33,34,34,40,32,31,30,28,25,25,28,35,33,33,31,30,31,38,31,36,35,38,40,31,32,31,36,39,39,26,38,35,32,35,34,36,30,30,32,33,31,33,31,33,33,36,38,36,34,31,30,30,32,32,31,29,32,28,30,32,32,31,39,29,27,32,38,31,32,31,32,28,35,38,37,30,38,27,32,29,34,35,32,33,37,37,37,29,31,29,29,35,35,33,31,32,30,36,40,31,33,36,35,34,33,30,35,34,32,35,33,29,34,27,31,32,33,38,28,28,38,29,36,36,38,32,30,32,31,26,32,31,32,31,32,33,35,29,30,37,35,35,36,35,35,35,35,40,33,33,33,37,32,32,31,30,37,37,29,28,28,33,32,32,29,31,32,36,33,32,33,33,32,32,36,36,28,36,31,32,32,37,35,32,30,32,32,32,32,35,27,41,39,41,37,39,37,38,32,35,33,29,33,
35,30,34,34,29,30,39,36,30,33,36,33,31,35,35,37,34,38,38,36,37,38,39,37,37,34,36,36,35,29,32,39,40,37,37,33,33,32,26,35,37,34,31,32,30,32,34,36,37,34,35,36,36,31,40,40,34,39,36,33,29,27,27,35,31,31,32,29,29,32,30,39,34,36,36,34,41,33,35,37,33,28,39,36,35,33,37,34,35,35,31,28,30,32,32,32,30,34,30,40,38,36,34,32,32,32,32,35,33,30,29,31,34,33,33,30,39,38,28,37,38,31,32,30,33,34,30,38,38,29,29,28,36,35,33,35,34,33,33,36,35,31,31,34,30,37,31,32,33,31,37,36,36,34,40,36,36,37,33,34,33,33,36,30,28,29,27,32,32,30,33,34,38,28,30,30,40,37,40,33,39,34,30,29,32,33,33,33,37,29,36,30,31,32,35,36,36,33,35,35,41,37,34,36,37,32,32,32,31,29,32,29,30,29,34,32,29,29,32,31,29,32,32,34,33,38,32,29,37,29,36,32,38,32,38,31,33,30,32,33,34,33,37,40,28,42,41,40,38,37,39,31,32,37,38,33,
36,36,30,30,34,34,37,37,35,38,37,29,34,32,37,37,38,32,34,35,36,35,34,37,38,35,33,30,36,36,30,28,40,33,30,34,28,34,34,34,36,35,35,32,37,31,35,33,37,32,35,27,35,32,41,40,40,41,36,33,32,39,28,42,32,32,31,35,31,32,32,31,40,33,34,34,34,41,34,35,34,30,32,39,29,34,37,37,34,36,30,31,29,32,33,31,33,31,31,30,35,38,32,36,32,35,35,33,34,32,33,31,35,35,30,31,31,30,35,38,39,30,32,32,33,36,36,35,28,30,29,30,36,31,33,38,36,33,34,34,34,32,32,32,30,34,37,39,32,35,30,37,29,39,35,36,38,38,36,34,35,34,36,30,28,31,33,31,30,32,37,34,30,39,28,38,40,38,39,41,39,37,31,35,33,33,34,35,35,37,30,39,35,33,36,35,36,38,39,36,39,34,34,37,37,31,32,32,37,30,33,30,30,30,34,30,31,29,34,33,29,31,33,34,33,34,35,39,29,35,33,39,38,32,33,32,36,35,41,34,34,32,35,37,42,41,27,43,40,40,38,40,40,38,38,39,
36,38,39,41,31,36,37,34,40,35,37,40,30,29,29,36,38,34,35,30,37,35,37,35,35,35,34,33,38,33,31,30,34,34,35,36,35,35,35,31,34,40,36,32,29,32,34,38,34,33,27,34,32,34,41,41,36,42,38,33,33,34,36,41,39,39,37,31,36,39,33,31,38,40,38,35,36,33,35,36,35,31,36,31,30,34,35,35,36,34,36,32,31,36,32,32,33,36,31,33,36,35,33,33,33,31,36,35,34,33,33,33,32,41,35,39,42,44,34,36,39,31,31,33,34,38,36,36,29,30,30,30,30,37,36,37,33,38,35,36,36,36,38,32,32,35,36,40,33,37,32,31,31,37,36,40,37,39,39,36,36,34,32,33,33,31,32,34,35,38,32,36,34,39,38,34,40,34,39,42,41,38,39,34,34,33,35,35,30,35,36,41,36,36,38,34,33,36,39,36,40,40,37,32,38,33,32,34,33,38,30,33,36,35,33,30,30,44,35,34,32,33,33,32,34,34,36,40,34,35,34,34,39,40,40,35,39,41,42,42,43,41,33,34,37,42,34,37,41,41,29,38,37,38,39,40,
35,38,34,33,40,36,37,39,34,31,36,41,30,33,30,37,39,37,34,31,36,36,37,34,35,35,36,37,26,38,30,31,31,35,32,36,36,31,36,29,35,41,37,32,38,30,33,38,35,34,36,36,36,32,34,36,40,37,38,37,34,37,39,37,42,40,44,40,38,39,33,32,39,33,40,37,37,35,34,36,35,38,35,36,32,30,31,36,39,35,36,37,35,36,33,39,34,32,32,34,36,36,33,34,34,35,36,37,36,34,36,35,42,43,41,41,35,44,37,34,37,34,32,34,34,34,34,32,37,32,31,31,31,41,39,36,36,37,39,39,37,35,35,33,32,34,35,37,32,34,36,38,32,39,40,40,40,39,34,33,37,32,32,37,33,31,39,35,34,33,37,36,38,35,39,35,30,34,40,40,37,42,35,35,33,28,33,33,38,33,32,36,37,37,38,37,37,36,35,35,37,36,38,35,39,34,32,36,35,39,38,34,34,31,36,35,32,31,35,35,34,36,34,35,35,35,39,40,34,35,35,34,37,35,41,35,41,34,42,41,45,41,33,37,37,34,35,35,36,37,28,30,39,38,38,40,
41,39,33,34,37,33,37,39,35,36,33,33,35,34,34,36,41,39,38,34,36,36,39,35,35,34,36,36,33,28,39,29,32,35,33,34,38,32,32,31,32,35,41,33,33,39,38,33,35,35,35,37,36,37,38,36,36,35,40,38,34,39,37,38,33,43,44,39,38,33,32,33,35,34,40,38,37,38,33,35,36,41,39,40,42,38,35,38,38,31,36,36,35,35,34,33,33,38,33,36,35,37,35,38,35,36,39,37,34,35,36,35,42,43,42,42,35,37,37,34,34,34,34,33,35,37,32,42,33,40,33,32,32,31,36,36,33,38,36,39,34,34,35,33,36,38,35,36,38,36,39,38,40,39,39,42,40,38,32,35,35,33,36,33,34,35,36,35,35,34,33,37,35,35,35,36,32,35,35,37,37,37,42,32,35,35,28,35,35,32,42,35,37,38,41,36,37,36,35,34,41,37,36,39,36,39,39,34,33,35,39,38,36,32,39,38,35,33,46,37,37,33,34,37,36,40,39,39,33,36,35,38,39,38,38,41,40,42,42,41,37,41,33,34,39,36,35,37,37,35,34,40,40,40,30,38,
40,41,37,33,40,37,36,38,36,36,34,35,36,35,33,35,40,41,40,35,39,38,37,38,35,35,38,38,34,35,32,31,35,31,37,34,39,36,33,33,34,34,40,36,34,40,39,42,40,37,35,39,37,37,34,34,37,36,37,40,36,40,36,41,40,34,34,39,36,34,37,33,37,35,37,39,37,39,34,40,40,35,40,41,36,33,39,38,35,32,37,36,36,36,36,35,34,38,36,39,40,36,38,39,33,36,33,39,38,39,34,35,35,44,38,42,38,38,37,37,35,38,37,35,37,37,32,43,37,41,43,37,32,40,33,39,39,37,35,36,35,35,36,31,37,41,35,35,39,39,36,36,40,35,40,36,42,36,39,36,36,35,37,35,35,36,39,36,36,39,32,38,38,38,31,37,33,35,37,37,37,37,40,33,34,36,35,40,37,36,33,37,32,38,40,38,37,36,36,35,40,41,36,38,37,41,33,35,31,32,37,37,41,41,37,40,38,40,45,38,37,36,34,37,34,37,41,33,34,37,36,36,40,39,38,42,42,44,43,42,45,43,33,32,33,35,37,39,38,38,34,37,31,30,30,38,
43,39,40,40,36,38,37,40,38,36,35,36,37,36,39,35,40,39,37,37,40,41,38,38,41,36,40,38,38,38,32,35,42,39,40,38,39,37,33,38,37,37,36,35,40,41,41,43,43,42,36,36,39,39,35,43,35,34,38,29,36,38,38,42,41,40,42,38,42,36,37,38,35,40,38,38,35,38,40,40,41,41,41,42,33,33,34,36,39,33,33,31,36,37,39,42,41,36,37,36,36,37,38,37,34,34,36,37,39,33,35,35,44,38,39,40,35,39,39,36,36,39,37,38,37,38,36,43,36,42,40,36,40,43,35,40,39,39,37,37,36,35,35,32,38,31,36,37,38,38,37,36,36,36,36,36,42,35,40,35,39,38,39,36,33,36,37,40,37,40,42,34,39,39,40,38,33,33,36,38,39,34,34,33,35,37,35,41,37,36,33,38,38,35,41,41,41,39,38,39,36,31,37,37,38,36,33,36,40,40,38,39,40,37,41,40,33,37,37,41,39,35,37,39,34,38,40,34,40,39,32,38,35,41,39,40,41,43,43,45,39,38,34,33,33,34,33,41,39,38,39,34,38,42,39,39,
39,39,40,39,33,36,37,39,40,36,35,34,36,36,38,41,41,40,42,38,38,37,38,39,38,41,40,39,39,40,39,36,35,35,41,40,36,37,37,36,35,33,44,38,38,40,39,40,41,38,38,36,36,37,36,41,37,39,38,37,34,36,38,38,38,42,39,42,39,40,37,35,40,40,37,36,34,36,39,38,36,36,34,42,33,31,34,35,37,40,34,34,37,41,40,42,43,37,40,38,37,36,39,36,39,40,39,37,37,35,33,35,46,39,39,35,40,41,35,37,38,40,38,39,35,42,37,36,41,42,41,41,41,44,36,37,35,32,38,36,38,39,36,37,33,33,36,38,36,36,38,37,39,37,38,36,37,40,35,38,37,38,38,35,35,37,31,37,37,40,39,34,34,38,39,40,35,36,36,39,39,38,41,34,36,37,34,35,38,38,40,37,39,37,36,41,40,37,40,39,41,41,31,41,32,40,37,37,38,38,36,36,34,38,40,34,39,38,41,34,37,34,34,40,36,35,39,38,40,40,40,39,37,38,40,38,39,41,43,46,39,40,38,40,37,42,40,33,39,40,40,38,38,39,41,41,
41,39,39,39,32,41,37,40,40,39,41,36,41,32,38,37,36,42,42,38,42,38,39,41,40,36,42,38,40,40,36,35,39,38,36,41,42,38,39,37,39,34,45,38,41,39,42,39,40,42,43,39,38,37,37,45,42,37,39,37,35,34,39,39,39,37,40,39,37,37,35,39,36,38,38,37,40,36,39,40,39,36,37,41,33,38,34,35,34,36,35,37,41,40,39,43,43,40,40,37,38,39,37,41,42,40,34,38,41,39,34,33,31,40,34,46,41,42,40,38,38,39,38,37,37,42,37,37,36,40,41,37,41,40,37,37,37,36,39,33,39,39,37,37,37,39,33,36,37,38,37,41,39,38,44,38,37,38,35,39,39,41,40,35,34,35,36,32,39,41,36,35,35,40,38,36,39,38,37,35,39,35,38,37,41,36,36,39,39,38,37,40,40,38,37,37,43,39,43,38,41,42,44,33,33,34,38,39,37,37,37,35,35,34,38,40,35,39,42,39,39,46,44,38,44,37,40,40,41,40,42,38,43,39,41,40,40,42,42,38,39,40,40,39,38,44,35,45,42,42,39,41,39,40,41,42,
41,37,41,39,33,32,33,35,41,40,38,42,35,33,40,38,38,43,42,37,42,43,39,42,42,43,37,39,38,42,36,39,40,39,38,43,43,44,39,40,40,45,35,36,44,35,40,38,38,36,43,40,39,42,37,43,38,37,38,35,39,36,38,41,40,36,41,39,41,39,38,37,40,41,43,36,40,38,41,41,39,40,43,35,34,36,36,35,36,37,37,36,38,37,34,41,41,41,37,37,37,39,41,39,42,41,40,38,43,42,33,33,39,36,35,37,42,38,41,41,39,42,39,38,36,37,38,41,40,41,42,37,43,42,42,40,37,37,40,41,40,36,40,39,38,38,40,40,38,38,36,39,40,40,42,44,37,38,36,37,40,41,34,35,36,36,42,33,39,39,34,43,38,41,39,38,37,38,41,41,42,40,39,40,37,37,36,38,37,38,39,38,41,40,41,38,40,39,43,43,35,43,42,43,34,35,37,35,36,37,37,36,36,35,39,41,41,34,41,45,40,47,44,44,45,46,42,40,39,36,43,40,40,37,38,40,37,41,40,39,39,37,39,39,39,43,45,44,40,42,40,42,40,44,41,41,
38,38,40,41,41,40,35,40,41,42,38,43,43,37,35,41,35,44,43,42,41,42,43,43,39,35,38,42,39,41,42,39,36,38,47,43,43,40,40,39,38,38,47,40,45,35,35,37,43,41,37,40,41,42,46,46,38,45,37,35,36,36,38,41,36,37,37,43,42,40,39,38,41,42,39,36,37,37,41,41,35,41,39,42,37,41,36,36,38,40,38,37,34,40,38,35,39,38,40,39,39,38,41,40,41,42,43,40,40,43,41,34,35,37,39,45,45,42,44,44,43,43,39,40,39,38,38,41,41,37,45,43,43,43,43,36,38,34,40,35,42,41,43,37,44,43,42,41,41,38,42,39,38,36,42,43,38,44,40,37,39,46,35,46,44,36,41,43,39,42,40,36,35,41,37,39,37,39,39,39,41,43,44,43,38,39,37,40,37,39,38,41,39,40,40,37,41,44,43,42,39,35,43,43,38,34,36,35,38,37,36,37,37,37,35,40,35,40,44,37,41,45,41,40,39,46,44,41,37,40,36,40,37,38,42,37,37,38,38,40,40,37,41,42,46,44,46,43,41,41,41,38,42,44,42,41,
42,42,40,40,41,43,36,41,42,41,42,43,38,44,40,42,37,34,44,44,36,40,40,40,39,40,36,39,42,43,37,38,36,46,36,41,42,43,43,39,39,39,39,38,40,36,36,42,44,43,42,40,41,41,47,48,40,39,38,40,36,39,39,41,38,41,37,39,44,41,41,43,38,43,42,41,41,40,46,37,36,36,43,43,43,39,40,40,38,38,38,39,34,35,41,35,40,38,39,40,39,43,41,42,41,42,44,43,44,36,42,35,44,38,49,39,36,34,43,45,39,44,41,40,41,41,43,45,39,42,40,45,41,43,40,38,37,38,44,41,42,43,42,44,45,43,41,44,43,41,43,39,42,37,36,38,42,39,41,40,40,45,45,45,44,43,43,42,39,43,38,46,36,42,42,40,40,38,38,40,43,40,45,43,44,44,41,41,38,43,39,44,38,41,41,42,38,40,40,37,34,44,44,38,38,35,38,36,39,39,39,38,40,39,37,34,42,42,42,37,41,42,41,42,40,38,38,40,39,37,37,37,39,38,41,40,37,37,37,43,41,41,41,39,41,44,45,40,44,42,42,39,43,43,43,44,
44,44,43,43,39,41,44,43,41,43,42,42,40,43,41,40,39,46,42,45,44,41,49,44,45,42,41,39,42,42,38,44,39,38,36,37,43,44,45,49,40,41,41,40,40,36,39,38,37,37,42,43,41,42,43,48,43,41,40,41,42,42,39,39,39,37,39,39,39,40,40,43,42,39,41,45,42,40,47,45,37,40,41,43,44,40,42,41,38,40,41,39,40,35,41,36,37,41,36,37,45,44,38,44,41,43,42,42,44,44,39,42,37,45,46,39,37,37,38,45,40,41,41,42,41,44,42,47,40,42,42,49,48,44,46,40,39,41,40,44,43,42,41,44,44,44,44,45,44,38,40,40,42,43,43,40,45,44,40,36,36,46,45,45,48,49,44,45,46,44,46,39,46,47,41,41,41,41,39,39,39,40,41,42,44,42,43,42,40,39,38,42,42,42,42,42,42,41,41,39,39,45,46,47,36,37,39,38,40,40,39,40,40,39,38,39,43,42,42,40,44,42,42,40,42,41,41,39,40,39,38,38,40,38,40,38,41,38,37,35,42,41,43,42,41,41,41,46,42,45,41,42,42,41,43,44,
43,41,44,43,43,43,43,44,43,44,46,43,36,41,43,41,41,42,47,47,44,44,44,42,43,45,43,45,42,43,37,45,43,43,48,37,45,42,46,46,49,49,40,42,45,38,40,40,39,38,38,44,42,38,44,42,38,43,39,42,41,43,43,44,40,43,40,39,39,40,39,39,40,40,42,43,41,41,41,46,45,40,43,45,39,40,44,46,42,48,46,43,38,39,38,37,37,38,37,37,45,45,36,44,41,44,38,46,46,44,39,45,44,44,38,45,44,37,36,39,43,41,41,41,41,45,43,40,40,44,43,42,47,47,47,41,41,39,43,40,44,45,40,44,45,44,49,47,49,45,43,43,41,40,45,45,45,45,41,37,44,37,46,43,49,49,42,42,42,47,44,48,44,50,48,41,43,40,40,46,42,41,41,44,39,42,42,35,40,40,45,38,44,39,41,42,43,43,40,47,40,40,43,44,45,44,38,40,45,43,42,39,40,40,46,40,41,41,41,43,44,44,40,45,43,44,42,41,41,39,39,39,39,41,40,41,41,40,39,44,36,39,42,44,40,41,41,40,45,46,47,43,43,43,44,45,
41,39,42,46,43,46,44,43,44,45,47,47,48,45,40,40,41,43,43,39,40,42,43,43,45,46,44,42,43,43,39,39,46,44,44,48,48,40,43,41,41,43,40,42,45,42,39,40,39,39,38,41,45,43,45,44,41,39,40,40,39,42,40,41,35,44,43,39,41,43,38,44,41,39,41,39,38,41,42,45,47,46,43,48,45,41,45,43,41,49,46,43,39,42,41,44,38,44,44,45,45,38,43,40,39,39,39,43,42,44,45,45,46,41,45,43,41,46,37,41,40,43,41,41,41,42,39,39,40,47,42,43,40,48,36,43,43,40,43,43,41,41,44,41,45,46,41,49,49,44,43,44,42,41,45,40,41,48,42,45,44,45,38,47,43,49,42,44,46,48,48,48,46,40,40,41,42,41,41,41,42,42,42,42,44,40,43,36,41,38,43,42,41,46,43,43,43,43,37,41,42,41,48,44,48,41,47,39,46,40,44,42,40,41,38,43,44,42,43,43,44,43,40,40,43,45,44,46,42,42,40,45,39,41,41,42,43,41,41,44,46,41,39,39,42,42,43,46,46,47,47,47,43,44,44,46,
45,44,44,43,45,44,44,44,45,43,47,47,39,48,43,40,41,43,43,46,42,40,42,43,42,40,43,42,42,44,41,39,42,46,42,46,48,49,40,45,41,42,41,41,41,44,44,42,40,39,43,46,43,43,46,44,43,40,41,39,43,47,44,44,39,44,51,43,41,38,43,45,42,41,40,39,45,45,45,44,41,42,43,46,50,47,42,46,50,51,47,45,44,42,41,41,45,40,46,46,43,43,39,38,41,42,42,44,44,42,45,45,42,47,46,43,46,45,45,41,42,46,42,41,42,40,40,41,47,42,42,43,40,39,37,43,43,44,43,43,43,44,47,45,41,41,40,48,50,46,44,43,46,42,43,44,42,47,41,40,40,45,38,46,44,43,43,46,44,46,43,45,47,51,44,38,39,40,41,42,43,46,43,45,43,43,44,44,39,42,44,47,43,42,43,42,44,40,43,43,45,48,47,46,48,47,47,44,46,43,44,46,43,39,42,47,43,44,43,44,44,43,44,43,46,46,45,46,41,42,48,42,40,42,42,42,43,42,42,43,47,40,42,41,45,43,42,43,44,48,46,46,45,44,46,47,
41,45,45,45,45,45,47,46,44,45,45,43,43,42,43,41,43,41,44,42,43,47,43,43,48,45,44,44,43,45,46,42,42,45,45,43,50,50,45,45,41,39,43,45,42,45,41,44,44,44,44,45,46,46,46,47,44,43,42,41,40,43,44,45,39,39,42,45,41,39,47,45,45,43,46,40,45,45,43,45,46,41,42,49,49,46,47,40,44,41,52,46,46,41,45,45,42,40,41,47,41,44,41,43,45,43,44,44,44,45,45,45,44,47,47,44,45,45,43,39,43,46,43,43,44,44,42,42,44,48,45,44,42,44,41,40,45,42,43,42,42,43,46,46,45,41,43,44,42,44,46,43,45,42,44,43,39,46,42,41,40,46,43,43,48,45,47,45,44,44,45,47,43,48,43,48,44,39,43,43,43,43,43,46,46,44,44,46,45,42,41,45,48,47,47,46,45,39,42,43,45,48,49,43,48,47,46,40,45,41,45,45,45,38,43,47,44,43,42,45,44,45,42,43,41,47,46,47,42,46,48,42,45,42,47,42,43,43,42,45,42,43,41,41,42,43,43,44,49,48,47,46,46,46,44,46,
42,45,45,43,43,45,47,47,49,45,42,44,42,40,41,44,42,40,43,43,44,47,41,44,50,46,51,48,43,41,42,45,43,46,46,48,41,45,44,46,46,44,45,41,46,44,43,44,45,42,46,45,47,46,46,45,43,43,47,46,41,43,43,46,43,40,43,43,41,47,39,47,44,42,46,44,41,45,45,45,44,42,45,51,41,47,46,42,44,42,45,47,45,44,46,49,44,45,45,42,45,43,43,44,41,43,42,43,45,45,42,45,45,43,50,48,43,46,45,43,43,43,43,44,41,47,42,43,44,40,41,49,43,45,42,41,43,45,43,41,43,44,46,41,46,51,44,45,45,44,45,42,45,44,44,43,40,43,44,43,42,41,43,41,43,42,47,44,45,45,47,46,42,44,45,45,45,46,41,40,45,45,45,44,44,49,45,44,42,45,42,47,44,48,47,46,45,45,39,40,46,45,46,44,46,45,47,47,44,39,41,45,44,45,47,44,44,45,45,43,44,44,42,44,44,43,48,45,48,49,44,43,44,43,49,44,44,44,41,41,42,40,42,44,48,51,43,43,46,50,47,48,47,45,47,47,
47,48,48,48,47,46,46,47,49,47,49,43,43,43,45,45,44,45,43,43,47,46,51,42,50,45,51,52,46,48,42,47,46,46,41,49,43,47,46,43,44,44,45,44,41,44,44,44,50,46,46,45,46,43,47,45,48,44,45,45,46,45,44,46,48,47,41,39,38,47,40,46,43,43,45,44,45,45,48,46,48,48,43,49,46,46,43,46,45,45,48,45,44,44,46,49,44,45,49,48,46,44,43,43,50,49,43,50,41,46,46,45,44,44,44,42,47,43,43,45,44,43,42,43,49,47,44,43,47,45,40,50,43,44,41,43,43,42,42,44,47,45,45,48,47,51,52,51,50,46,46,46,46,43,45,40,40,47,45,42,43,41,42,46,42,47,49,45,46,45,47,47,47,45,40,46,45,49,42,45,46,42,43,45,47,46,44,45,50,45,48,49,45,44,48,44,45,44,50,46,43,44,44,46,47,46,48,42,40,40,42,46,45,46,47,47,43,44,46,43,45,50,42,45,47,43,46,47,45,45,44,48,45,42,47,46,41,40,42,40,42,43,41,44,44,49,48,50,47,46,47,45,48,47,46,48,
48,50,49,49,49,48,47,50,50,44,45,44,44,46,49,46,45,45,44,43,44,46,47,51,51,50,52,47,50,49,48,44,47,47,45,44,44,42,45,45,50,45,47,46,45,44,45,43,46,52,46,43,44,46,45,46,45,47,45,50,50,46,46,46,48,45,38,44,47,47,45,48,48,46,48,45,46,46,45,47,48,52,46,47,43,48,42,42,42,43,48,47,45,48,45,47,46,49,46,44,49,48,46,50,50,50,43,43,43,45,45,47,43,48,46,47,47,46,49,45,48,40,43,50,44,45,46,49,44,42,41,41,47,44,43,41,43,44,45,44,43,45,45,49,43,44,48,42,42,41,50,47,47,43,44,45,44,44,45,42,43,44,44,47,44,47,48,43,50,47,44,48,46,46,44,44,46,48,46,47,46,49,46,44,44,44,46,49,50,47,48,49,47,47,45,46,45,44,45,47,51,48,47,45,47,44,46,44,43,41,43,43,46,46,49,47,44,48,46,45,46,50,42,47,49,48,47,48,45,50,45,45,46,49,47,43,48,46,41,41,41,48,43,43,54,50,51,46,47,49,48,49,46,44,45,47,
47,49,50,49,47,48,50,49,52,42,41,47,45,44,45,47,46,47,49,46,47,46,45,46,45,52,47,48,46,51,49,47,48,46,45,43,49,45,46,44,46,51,47,46,46,53,45,52,46,46,51,43,45,45,49,46,46,44,50,47,48,47,47,46,42,48,44,39,46,48,46,45,50,47,48,46,48,46,48,45,48,45,47,44,44,47,48,49,43,47,49,46,45,47,46,47,47,46,48,47,46,49,47,46,47,52,44,46,44,46,47,45,45,48,46,47,47,46,44,44,49,46,43,50,47,44,46,48,47,49,43,47,44,47,44,49,42,43,44,47,44,46,49,50,42,48,43,45,44,42,50,46,47,44,45,44,47,45,46,42,46,48,43,40,42,46,48,44,42,45,48,48,47,46,44,50,48,47,47,47,46,47,47,46,46,45,45,53,49,47,52,49,47,47,44,45,47,46,46,49,46,47,48,48,48,44,45,49,44,44,45,47,49,48,46,46,46,48,49,45,46,43,43,43,49,47,45,42,45,46,47,48,46,49,44,47,48,47,42,47,45,48,52,43,54,52,51,48,47,48,50,49,45,45,47,49,
48,55,49,48,48,52,47,48,48,44,43,45,45,48,48,53,48,50,49,44,46,46,46,47,43,46,49,48,46,51,45,50,48,49,44,47,46,45,44,45,48,49,48,45,43,54,51,53,51,46,47,46,44,43,46,50,46,46,46,46,47,48,48,48,42,49,44,48,46,46,50,45,48,49,50,47,48,45,49,47,46,53,52,45,45,45,48,43,50,44,52,48,46,50,49,47,49,49,47,48,47,48,48,49,50,45,48,48,47,46,45,43,45,43,46,50,45,48,45,49,49,47,43,52,52,49,46,49,52,45,47,47,47,45,43,48,50,45,48,47,48,45,47,49,48,45,44,44,45,44,46,46,46,45,46,44,45,46,44,44,46,51,46,41,46,49,45,47,48,46,48,48,47,47,47,45,48,48,48,48,46,47,48,46,45,45,51,51,56,51,48,52,50,47,45,49,47,47,49,50,51,51,48,49,44,45,45,49,48,45,46,45,48,49,46,45,47,47,49,49,48,45,47,44,49,50,48,51,43,43,48,47,47,48,46,48,46,50,41,48,48,52,45,51,54,46,45,48,47,47,48,47,49,46,48,50,
54,56,50,50,49,54,49,50,49,51,51,47,46,48,48,53,54,54,54,53,47,49,48,47,48,50,45,50,47,47,49,47,47,48,47,48,48,50,46,49,45,48,48,48,47,50,55,50,52,48,51,51,45,49,44,47,50,46,47,49,48,49,49,49,49,51,48,45,44,51,50,51,51,50,49,47,47,47,50,47,49,43,53,53,47,46,45,47,50,51,49,50,54,51,51,52,44,50,47,45,48,49,49,48,50,46,48,47,49,46,46,47,44,46,49,47,46,46,50,50,47,47,53,50,52,49,49,45,44,46,51,49,46,51,53,46,46,43,49,49,43,45,47,50,49,50,47,44,46,45,47,46,44,48,46,42,49,47,45,46,46,51,44,44,47,49,48,48,48,50,47,49,49,44,48,47,48,48,50,49,48,52,49,43,46,53,52,51,52,53,52,47,48,50,48,48,48,49,50,48,49,50,50,49,44,44,49,46,47,45,47,47,48,51,52,51,47,48,47,50,44,45,49,50,50,52,50,47,52,53,52,50,47,46,45,46,46,48,50,43,44,48,50,54,52,47,48,47,47,48,49,48,50,50,48,49,
49,51,56,46,50,51,53,47,50,48,49,51,52,52,49,51,51,54,47,47,54,48,48,51,50,51,46,47,50,50,52,50,46,46,47,50,49,50,50,49,47,49,49,49,48,50,50,50,51,51,48,52,45,49,51,50,47,51,54,49,49,48,45,51,48,52,45,48,45,50,48,52,50,51,48,50,49,49,50,50,50,46,44,44,44,47,48,48,50,50,48,50,50,49,51,50,50,48,46,48,49,47,48,50,49,47,47,46,49,48,48,48,47,49,50,49,45,48,48,49,54,49,49,49,51,52,49,49,50,50,51,52,51,52,52,45,47,43,43,51,50,51,50,48,46,47,47,47,46,46,47,45,48,45,47,43,50,48,45,45,52,47,51,46,48,48,48,49,47,49,49,49,49,49,45,51,47,49,50,50,48,53,53,45,44,44,51,46,53,54,49,48,48,49,49,45,49,50,51,50,52,52,51,50,49,45,51,50,49,49,45,47,50,45,52,51,51,48,47,51,50,49,48,51,50,48,52,50,50,53,49,52,49,47,46,44,48,49,49,50,46,47,49,50,53,53,46,48,45,46,48,49,48,49,50,50,
49,52,49,49,51,52,54,48,49,46,50,49,52,48,51,51,47,49,50,49,52,47,52,51,47,51,50,46,47,50,50,51,47,49,49,49,46,47,48,49,47,53,52,50,48,51,51,50,54,52,49,47,52,49,49,47,50,46,52,55,49,52,49,49,48,52,46,49,51,46,49,48,53,51,50,49,50,50,52,53,46,51,50,47,43,44,51,49,50,51,50,53,51,52,52,54,51,49,48,49,47,47,44,48,49,51,49,49,50,47,51,49,47,47,49,49,46,49,48,50,47,50,47,51,53,52,51,49,54,49,52,49,49,53,52,50,49,44,44,46,51,45,48,52,53,47,47,47,50,47,47,45,45,48,45,50,50,47,52,49,52,52,50,47,52,47,49,51,50,49,50,51,50,50,49,52,48,51,48,51,50,52,53,52,49,52,46,46,53,49,49,48,48,47,50,46,54,51,49,48,50,50,53,50,50,51,51,51,50,45,50,46,52,48,53,46,47,48,49,48,51,50,46,51,54,49,52,51,51,51,50,49,51,49,49,45,49,50,49,50,51,47,48,54,48,52,49,45,46,48,49,48,49,49,49,51,
47,52,49,50,52,51,52,50,46,46,51,45,51,49,48,51,52,53,49,50,52,53,53,52,52,50,49,47,46,48,51,47,48,46,48,49,50,52,49,51,50,50,51,51,50,49,49,51,54,56,52,49,49,51,44,50,51,52,47,56,54,53,46,53,51,49,49,50,50,51,52,48,48,53,48,51,54,52,54,55,50,49,54,48,44,45,53,51,50,53,50,55,48,49,52,53,54,53,48,49,49,50,45,45,50,51,50,49,49,48,49,47,48,52,50,52,49,50,49,49,48,48,53,51,51,52,57,49,56,50,57,53,50,49,51,50,49,52,57,58,49,46,48,48,50,54,46,51,48,51,47,47,48,46,50,51,50,50,49,53,49,53,53,53,49,52,48,48,52,50,51,49,51,51,46,48,48,47,53,49,49,50,50,52,52,51,51,55,47,50,50,50,57,53,51,50,53,49,52,48,51,51,51,51,51,52,54,51,51,50,46,55,45,54,51,47,52,50,48,52,48,50,48,49,51,53,48,53,54,52,53,48,50,52,49,49,50,52,52,50,51,51,54,49,54,46,46,47,46,48,48,49,49,50,50,52,
54,51,51,51,58,50,50,47,52,53,54,50,45,53,52,52,49,54,50,49,48,52,49,53,51,49,51,49,49,49,47,48,48,47,49,49,50,54,52,49,51,48,53,52,52,49,49,49,49,55,51,50,51,52,46,45,53,51,48,47,50,50,51,51,54,51,52,49,52,50,52,52,50,54,49,51,51,53,53,56,50,50,52,54,52,52,53,52,50,54,56,53,53,47,50,48,54,54,50,49,49,48,48,46,46,50,50,53,49,51,51,52,52,53,48,53,49,45,53,50,49,54,52,50,51,52,52,51,56,55,51,54,51,52,51,51,51,50,53,49,48,49,51,49,49,49,54,51,51,50,51,54,54,53,47,52,51,51,50,50,48,50,50,51,51,54,51,52,49,46,52,49,51,46,53,54,49,49,49,49,51,51,51,53,52,51,52,56,52,51,52,50,55,54,55,48,52,55,50,55,52,50,51,51,53,49,48,54,54,50,50,50,46,46,50,49,52,50,51,52,50,49,50,52,54,50,49,53,54,53,52,54,49,55,50,52,49,49,51,52,54,48,51,52,48,47,47,53,47,49,50,51,51,49,50,50,
54,53,52,52,51,58,46,48,49,51,55,47,46,53,50,53,54,50,49,50,48,50,51,52,48,47,55,51,50,50,52,49,47,50,51,49,49,52,55,51,51,48,48,51,50,51,50,50,56,50,51,53,50,51,49,47,49,51,52,55,48,50,51,48,49,51,50,50,50,53,54,52,51,51,50,52,53,54,54,57,52,51,53,53,51,53,54,51,55,47,53,57,53,55,54,53,49,54,53,52,51,49,48,47,53,51,51,53,53,56,51,52,51,52,55,51,52,52,47,51,54,50,51,51,53,51,51,50,52,54,56,52,51,52,51,50,51,51,50,55,51,50,53,50,49,50,50,51,50,51,57,55,55,50,54,49,52,52,52,51,51,52,51,51,50,51,54,53,50,47,47,51,52,46,53,50,48,50,49,49,51,52,52,54,50,51,51,54,50,52,53,53,52,55,54,52,52,53,50,56,55,52,54,52,52,49,51,51,54,54,50,47,54,50,51,50,52,50,52,53,54,50,55,55,54,55,50,56,52,53,54,53,53,53,51,50,50,50,52,50,51,54,51,49,51,54,51,49,49,52,52,51,52,50,50,50,
51,54,53,53,50,54,47,47,48,56,54,50,49,50,48,54,52,54,50,51,51,51,50,53,51,52,52,53,49,51,55,52,51,51,52,52,49,52,52,52,53,53,50,52,54,48,51,51,51,50,53,51,49,52,50,50,49,53,52,56,50,50,50,53,50,50,51,52,52,51,49,50,52,49,50,53,54,53,52,55,50,52,53,51,55,51,52,52,50,48,48,54,55,56,57,54,56,55,54,54,53,52,52,51,51,53,51,53,54,50,52,51,50,53,52,52,53,49,52,51,55,51,52,52,51,52,51,51,50,54,54,53,52,52,52,52,51,55,51,55,52,51,52,50,51,49,56,52,52,52,51,58,52,51,51,52,52,56,52,52,53,54,54,50,52,52,50,52,53,51,51,52,52,47,51,51,52,51,55,50,53,51,50,52,50,54,53,52,54,53,53,53,52,54,55,52,53,54,54,50,56,50,54,55,51,50,51,51,51,54,48,48,52,52,53,51,53,52,52,53,53,54,51,49,55,48,48,52,53,51,55,53,53,55,51,48,52,53,54,52,52,54,55,53,51,54,54,52,55,52,51,53,51,52,51,51,
50,52,54,52,51,50,54,48,49,55,55,53,51,51,54,55,55,53,54,53,51,55,51,51,51,53,51,55,53,54,51,56,53,54,53,51,51,48,53,52,52,54,53,54,54,55,49,52,50,53,50,52,50,50,52,51,51,52,55,56,53,50,51,54,54,50,52,53,54,50,51,50,53,52,51,51,56,53,55,55,55,53,53,51,51,51,55,51,50,49,54,49,54,56,55,54,54,54,56,55,54,55,49,53,52,50,51,51,55,51,55,52,51,52,55,54,53,53,50,56,53,56,50,53,55,52,51,53,52,51,52,52,51,51,55,53,49,53,55,56,51,52,52,53,51,51,52,51,56,51,52,58,51,47,51,54,53,52,54,52,54,53,53,52,53,51,50,53,53,52,52,52,52,53,53,51,53,52,55,50,54,51,50,55,53,54,52,53,55,55,55,50,54,50,50,56,52,55,54,50,49,55,52,53,54,51,56,52,50,54,53,49,51,50,53,54,53,53,54,55,55,50,54,53,54,55,49,53,51,51,53,53,55,53,52,51,49,53,57,50,54,52,55,53,52,54,55,54,54,55,53,53,51,53,53,52,
55,54,54,53,51,52,51,54,49,52,56,53,52,50,53,55,55,52,54,51,57,54,55,54,54,54,53,53,53,55,55,55,53,55,55,52,55,55,57,53,54,52,53,52,53,53,51,55,53,54,54,55,51,51,52,54,52,53,54,56,55,52,54,53,54,52,52,54,53,54,51,52,52,51,56,52,54,51,56,52,56,54,53,54,52,55,53,55,52,52,53,55,51,53,57,56,52,55,54,56,57,57,48,49,51,50,54,53,55,54,53,56,52,55,51,53,50,55,51,54,54,53,52,53,53,54,54,55,51,53,53,53,52,52,53,55,53,52,50,51,54,52,53,52,54,52,52,52,57,52,57,54,52,54,49,53,51,53,55,50,52,50,55,53,55,54,52,55,53,53,53,53,52,53,52,51,54,53,55,55,55,51,51,53,54,52,50,53,53,53,56,51,51,53,52,56,52,54,54,54,54,56,50,54,56,52,50,54,52,50,53,54,53,55,53,53,54,54,54,53,55,53,54,55,54,54,55,51,54,52,56,55,56,54,54,52,52,55,57,57,51,53,54,54,54,52,52,56,55,54,56,53,54,53,54,57,
53,56,55,53,55,54,52,54,54,54,53,57,54,53,53,53,51,54,53,51,56,56,56,55,55,56,53,55,54,53,54,57,55,57,53,54,54,55,61,57,54,56,56,56,59,54,51,55,53,54,54,54,54,54,53,53,55,54,53,54,54,55,55,55,57,54,53,54,57,52,50,51,52,54,56,51,53,54,56,56,53,53,54,54,56,52,52,52,53,52,53,55,54,53,55,52,55,54,54,56,56,54,55,50,54,52,52,52,55,54,54,53,56,58,54,52,54,55,57,55,55,53,54,54,52,54,50,55,56,53,57,53,53,58,53,54,53,52,54,52,52,55,53,52,55,51,52,52,58,52,51,54,54,55,54,54,52,54,56,58,51,51,51,56,53,55,55,56,56,51,54,57,52,53,54,56,53,54,51,56,55,56,56,54,54,55,54,51,53,57,54,52,51,53,52,53,54,55,56,54,55,53,57,51,54,51,51,56,54,51,56,52,53,55,52,53,53,52,55,55,54,56,56,52,55,54,54,54,53,55,55,56,56,54,54,53,53,54,56,57,52,52,53,52,54,55,53,54,54,55,56,54,54,54,56,57,
55,52,56,53,52,53,55,54,55,57,58,59,57,55,54,58,56,56,57,52,54,53,57,55,56,55,55,55,55,56,52,56,57,57,53,59,59,55,58,56,55,52,56,53,59,55,53,53,54,54,56,55,55,55,54,53,52,52,52,55,52,54,54,56,57,52,54,53,58,58,54,54,53,52,54,54,53,56,55,56,55,54,55,54,57,57,53,53,53,53,55,56,56,53,56,52,54,55,57,54,55,54,55,54,56,54,55,52,55,56,54,58,56,53,56,53,55,56,58,54,53,56,55,55,55,52,55,51,58,58,53,52,53,55,60,55,56,52,57,55,53,56,56,54,56,56,56,54,53,52,59,52,55,54,54,54,54,54,55,57,54,53,53,56,55,54,56,57,56,56,57,54,55,53,55,54,54,53,56,54,55,56,55,56,53,56,55,55,52,53,57,55,52,53,55,54,55,54,58,57,53,53,55,56,54,57,56,56,55,54,54,56,51,52,53,57,54,54,51,53,54,55,52,53,53,53,53,55,53,56,57,56,53,54,54,55,54,53,58,53,54,53,53,57,56,56,55,57,55,55,57,57,54,54,55,56,
54,56,53,53,55,55,55,53,56,55,55,59,56,54,55,58,56,55,57,56,54,58,57,56,55,57,57,56,58,58,56,58,58,58,57,53,57,60,56,55,57,54,54,57,54,54,56,57,56,55,58,55,57,56,55,54,56,57,53,56,53,57,55,55,58,58,54,57,55,54,57,55,55,55,56,54,54,54,54,55,56,57,56,55,55,56,54,54,54,55,52,56,57,54,56,53,55,55,56,53,54,53,54,54,56,55,57,54,52,58,54,58,53,54,55,53,56,52,55,55,54,57,53,54,54,56,56,54,56,57,56,58,54,55,55,60,58,54,53,57,54,55,53,54,57,56,54,53,56,57,55,55,52,53,55,55,54,56,54,55,55,54,55,54,56,56,57,56,55,58,58,55,56,55,58,55,55,54,56,58,54,56,56,52,55,56,54,54,56,53,53,55,56,56,55,54,55,55,54,58,56,53,57,56,56,55,56,57,56,55,57,55,53,59,58,55,56,57,54,54,55,56,53,56,55,53,55,55,57,56,56,54,56,54,53,56,55,55,54,56,53,58,56,54,59,55,56,54,57,56,55,55,54,54,53,55,
55,55,57,53,53,56,56,53,56,56,56,55,54,57,55,55,56,57,56,56,58,56,55,57,57,55,58,58,58,56,57,53,58,57,58,57,58,56,57,57,57,55,55,57,55,58,55,57,58,56,56,54,54,57,58,57,54,56,59,60,58,56,59,55,57,55,58,56,56,56,55,58,55,56,57,55,55,52,55,54,56,57,57,57,56,56,59,56,55,56,54,56,56,56,55,56,54,54,56,54,55,56,55,54,56,56,55,56,58,58,55,55,57,54,53,57,54,56,54,56,58,55,54,55,54,58,56,58,54,57,56,55,59,56,62,56,56,56,57,59,55,55,56,56,53,57,55,54,57,56,56,53,55,57,57,55,57,56,55,56,57,55,55,53,55,54,57,56,55,57,58,58,57,57,54,56,55,55,57,57,54,60,56,53,54,56,58,56,56,54,54,56,60,58,55,55,55,56,56,55,58,54,57,56,58,57,58,57,55,55,56,55,54,57,54,57,57,57,57,55,54,54,54,55,55,54,56,56,55,54,55,53,58,55,56,58,55,56,55,56,56,56,56,59,55,55,56,54,56,54,58,56,55,57,54,55,
56,56,55,56,54,53,57,54,54,57,56,59,55,55,58,59,58,55,57,58,55,57,57,55,57,57,57,59,59,55,58,56,55,58,57,57,58,56,57,57,58,55,56,57,56,55,58,59,58,58,56,56,54,57,56,57,57,57,57,55,58,58,54,59,58,57,56,59,56,57,57,58,57,59,56,57,56,55,55,55,60,57,56,58,56,57,56,57,54,57,56,55,55,56,56,56,56,55,56,58,57,55,57,54,55,58,56,56,56,58,57,59,57,54,56,58,55,55,56,53,55,56,56,55,58,59,56,58,58,58,56,56,58,58,62,53,58,56,57,57,58,56,56,55,58,57,56,55,57,59,55,58,55,55,57,55,56,57,57,56,59,57,55,56,54,56,58,56,55,55,56,55,58,58,57,57,57,59,57,58,60,56,57,57,55,57,59,59,55,57,55,57,56,58,59,59,56,56,56,57,55,57,58,55,57,57,57,58,56,54,57,58,56,58,60,60,60,54,55,55,55,55,54,53,55,54,56,56,59,57,56,56,55,54,55,57,57,56,56,55,56,56,57,55,55,54,56,54,56,57,57,56,57,60,58,56,
56,58,56,58,58,57,58,59,57,58,57,57,58,56,56,58,57,58,58,57,58,58,58,55,57,58,59,56,57,54,58,56,59,61,56,59,58,57,57,58,57,57,56,57,55,55,59,59,60,55,59,56,60,58,57,56,55,58,59,60,59,56,56,57,58,57,56,59,57,58,58,58,58,59,58,56,56,59,58,56,57,57,57,57,57,59,58,57,56,58,57,57,56,59,58,57,55,57,57,59,58,59,58,58,60,57,54,60,56,55,59,56,58,56,57,57,57,55,58,56,54,56,57,55,56,59,58,57,58,58,60,57,59,57,54,57,57,56,57,57,57,57,57,57,58,56,59,56,59,56,56,57,58,58,54,57,56,56,58,58,59,57,57,57,55,59,57,56,58,57,56,56,56,57,61,57,57,58,57,58,56,58,56,57,57,58,56,60,59,57,57,59,57,59,57,59,59,55,58,56,57,57,58,59,59,58,59,57,59,57,57,57,58,59,60,59,56,58,57,59,57,56,56,56,56,56,59,56,57,58,58,57,58,54,55,56,58,57,56,56,58,58,59,56,56,57,61,59,57,56,55,59,56,58,58,57,
57,63,59,59,57,58,58,58,60,58,60,55,59,57,56,58,58,57,59,59,57,57,57,56,59,58,55,57,57,57,58,57,57,58,59,57,58,55,58,57,59,58,57,58,56,56,61,58,59,58,60,57,58,60,60,60,59,57,58,57,57,58,58,59,57,57,57,59,60,59,58,58,57,60,59,57,57,57,59,59,58,58,57,57,57,61,59,58,58,56,58,59,59,57,56,58,59,56,58,60,59,59,57,58,59,56,59,59,60,58,59,60,59,60,60,60,56,59,58,57,57,56,57,58,57,58,57,60,60,58,58,59,60,58,60,61,56,56,58,57,58,58,58,61,58,57,60,58,58,58,58,58,59,58,55,57,58,57,57,60,59,59,59,59,56,56,60,57,58,58,58,57,59,57,57,59,58,58,56,59,57,56,57,57,59,56,58,56,58,57,60,58,58,58,58,59,59,59,59,56,57,57,57,60,59,59,57,57,58,57,60,56,57,58,58,59,57,59,59,60,57,58,58,59,58,57,56,58,57,58,57,57,59,56,58,59,56,55,59,59,55,58,58,58,57,59,57,61,59,56,59,59,59,60,58,57,
56,62,57,58,58,58,59,59,57,59,60,58,56,58,57,58,57,58,58,62,57,60,60,58,59,58,57,57,56,57,58,58,59,57,57,59,58,59,58,57,58,58,58,58,60,56,59,60,59,58,58,58,59,60,59,59,59,58,59,58,56,58,59,56,59,59,58,59,58,58,58,57,60,61,56,58,58,59,60,58,60,59,58,59,58,61,58,59,59,60,58,58,58,59,57,59,57,58,59,59,61,59,60,60,60,60,57,56,59,58,60,60,60,59,59,59,59,57,59,58,59,58,60,59,60,58,56,60,60,60,59,58,59,58,58,59,57,59,58,59,59,59,58,60,58,58,60,60,58,58,59,59,59,59,57,56,58,58,59,58,60,58,59,59,59,58,60,59,57,58,58,57,57,59,61,59,58,59,59,57,59,58,57,58,58,60,59,59,60,61,59,59,58,61,58,60,60,60,59,57,57,57,59,60,61,60,58,58,58,59,60,57,57,58,57,56,57,58,59,57,60,58,58,58,58,58,57,57,58,59,56,58,61,57,58,61,57,60,56,60,58,56,58,57,58,58,59,58,59,58,60,59,59,57,58,57,
59,61,62,59,58,59,58,59,60,61,59,58,59,59,58,58,58,60,59,61,62,60,60,59,59,57,60,61,58,58,59,60,60,60,61,60,59,59,59,57,59,59,59,60,61,59,58,59,61,57,59,61,59,59,60,59,61,58,59,59,60,57,58,58,58,59,59,60,60,59,58,58,61,61,61,59,60,59,59,59,59,60,61,61,60,62,60,61,59,60,59,59,58,59,59,59,58,58,58,59,62,60,58,59,58,61,57,58,60,61,58,59,60,59,60,60,60,62,58,59,59,59,59,60,60,59,59,57,60,57,60,58,59,59,59,60,57,60,59,59,57,60,60,58,59,58,60,60,59,59,58,59,60,59,60,59,59,59,60,58,59,59,60,60,59,59,58,59,58,57,58,58,57,59,61,60,60,59,59,59,59,58,60,59,59,61,60,58,62,62,60,61,61,60,61,61,58,61,59,60,59,58,60,58,61,62,58,59,59,59,61,59,58,58,58,57,59,60,62,58,60,60,58,59,59,59,59,60,59,62,57,57,60,61,59,61,58,58,60,60,60,59,60,60,59,60,59,57,60,59,58,58,60,58,59,58,
59,60,60,60,59,59,60,60,60,61,59,60,60,59,59,59,59,60,61,61,62,62,60,60,60,58,60,61,61,59,59,61,59,61,61,61,60,60,59,59,59,58,60,61,61,58,61,59,60,62,61,63,60,59,60,60,60,61,59,60,60,59,59,60,60,59,60,61,60,61,59,59,61,59,59,61,61,61,60,59,60,60,60,59,60,60,60,60,61,62,60,60,61,61,60,60,59,59,61,61,61,60,61,59,58,60,63,58,60,59,63,59,60,62,61,61,61,58,58,59,61,63,59,61,61,61,60,59,60,60,60,59,62,59,61,59,60,60,59,61,61,61,60,59,60,60,59,58,58,58,60,60,60,60,61,59,61,60,59,61,61,62,60,61,61,59,59,60,59,59,59,60,62,59,60,59,59,61,59,61,59,59,60,60,61,60,61,59,61,59,63,61,60,60,60,59,59,59,61,60,60,59,60,62,59,61,60,59,59,60,62,61,59,59,59,59,60,61,59,62,60,61,59,59,60,61,59,59,60,62,59,61,59,60,61,61,61,58,59,60,58,60,58,59,59,61,58,59,60,59,59,61,61,58,59,59,
59,61,60,61,61,61,61,59,63,61,60,61,63,61,60,59,63,60,61,61,61,61,59,62,62,61,61,59,61,60,60,60,63,60,60,59,62,61,60,60,61,60,59,63,62,61,62,60,60,60,61,61,60,60,61,60,61,60,60,60,59,60,62,59,60,59,60,61,61,61,62,62,61,60,61,59,62,59,61,60,60,61,61,60,59,61,64,63,62,62,62,60,61,61,60,61,61,61,61,61,61,61,63,60,61,60,63,60,59,60,60,63,61,62,62,61,62,59,59,60,61,62,61,60,62,60,60,60,60,61,60,61,60,62,61,62,62,61,60,61,60,60,61,60,60,60,61,60,59,61,61,61,61,62,62,62,60,61,59,61,60,61,62,61,59,62,59,62,60,61,60,59,60,61,60,60,62,62,60,60,61,60,62,62,61,60,62,60,61,61,61,61,61,61,60,60,60,60,61,59,61,60,61,60,60,61,61,60,59,60,59,60,60,60,61,59,59,62,63,60,61,62,59,61,62,60,60,60,61,60,61,59,60,62,62,60,59,59,61,60,61,59,59,60,59,60,61,59,59,61,61,60,60,61,60,60,
60,61,61,64,61,61,62,63,62,60,61,61,60,61,62,62,61,61,62,61,62,60,60,61,63,62,62,62,60,61,61,60,63,61,62,60,60,62,61,61,61,60,61,62,62,63,61,62,63,61,62,62,61,62,62,62,62,61,62,62,62,61,62,60,63,61,60,60,61,62,62,61,62,60,62,60,62,60,60,60,61,61,61,61,61,60,62,64,62,62,62,61,63,62,60,61,60,60,62,61,60,62,62,61,61,63,61,61,60,60,62,61,60,62,63,63,61,60,62,61,62,63,64,62,61,60,60,60,61,60,60,63,62,61,60,61,62,61,61,61,62,62,62,61,60,62,61,60,60,60,61,61,62,63,63,63,61,63,63,61,61,60,61,62,60,62,61,61,63,60,61,62,60,61,62,62,61,62,61,62,62,61,62,62,62,60,60,61,60,61,62,61,60,62,61,60,60,61,61,61,60,61,61,61,61,61,62,61,63,61,62,63,61,62,63,63,61,62,63,62,61,61,60,60,61,61,60,62,62,62,62,60,61,63,60,60,61,60,62,60,62,62,62,61,60,61,61,61,60,61,61,61,61,62,61,62,
62,61,62,61,62,62,63,61,61,61,62,62,61,62,61,62,62,62,62,62,62,62,62,62,62,62,63,61,63,61,62,62,62,64,61,62,63,61,62,61,62,62,62,62,62,61,61,62,64,62,62,61,63,63,64,62,62,61,63,63,62,62,61,63,62,62,61,61,63,62,62,61,61,61,61,62,63,63,61,62,61,61,61,63,63,61,61,63,62,62,62,61,62,62,62,63,62,62,61,63,62,62,61,63,64,62,61,62,61,62,62,63,62,63,63,63,61,63,61,62,62,62,62,62,61,62,63,61,64,61,62,64,63,63,61,62,63,62,63,62,63,62,62,61,62,61,63,61,61,61,62,62,64,62,63,63,61,61,63,61,61,63,61,61,62,61,61,61,61,63,61,63,62,63,61,62,62,62,61,61,61,63,62,63,61,62,61,62,62,63,63,62,61,62,63,62,62,62,61,63,61,62,63,63,62,62,63,62,61,61,62,64,62,64,63,62,62,62,62,63,62,62,61,61,62,63,63,62,63,62,63,62,61,63,61,62,62,62,63,63,62,62,62,62,62,61,63,63,62,62,62,61,63,61,62,62,
63,63,63,63,63,63,62,63,62,63,62,63,62,63,62,62,62,63,62,63,62,62,62,63,63,63,64,62,63,62,63,63,63,63,63,62,62,64,62,62,62,64,64,63,63,63,62,63,64,64,62,62,62,62,64,63,63,62,63,62,62,63,62,63,63,62,62,63,62,63,62,64,63,62,62,62,63,63,63,63,64,62,63,63,62,63,62,63,63,62,62,62,62,63,62,63,62,63,62,63,63,63,63,62,62,62,63,64,63,63,63,64,62,64,62,63,63,62,63,63,63,63,63,64,64,63,64,62,62,63,63,63,64,62,62,62,62,63,62,64,62,62,63,63,63,63,62,62,62,63,63,63,63,64,62,63,62,63,62,63,64,63,62,63,62,62,63,63,62,62,63,63,64,64,62,62,63,62,62,62,62,63,63,63,62,63,63,63,62,62,62,62,62,62,62,63,63,64,62,62,63,64,63,63,64,62,62,62,63,64,62,62,63,62,62,62,63,63,64,63,62,62,62,62,63,62,62,62,63,63,63,63,64,62,62,63,64,63,62,62,63,62,63,63,63,62,62,63,63,63,63,63,63,63,63,63,
64,64,63,64,63,63,63,63,63,64,63,63,63,63,64,63,63,63,63,64,63,63,63,63,64,63,64,64,63,63,63,63,64,64,63,63,64,63,63,63,63,64,63,63,64,63,64,64,63,64,63,63,63,63,64,63,63,63,63,64,63,63,63,63,63,63,64,64,63,64,63,64,64,63,64,64,64,64,63,63,63,63,63,64,63,63,64,63,63,63,64,63,63,63,63,63,63,64,63,64,63,64,63,64,63,63,63,64,63,63,63,63,64,63,64,63,63,63,64,63,64,63,64,63,63,64,64,63,63,63,63,64,63,63,63,64,63,63,64,64,63,64,64,63,63,63,63,63,63,64,63,64,63,63,63,63,63,64,63,63,63,64,63,64,63,63,64,63,63,63,63,63,63,64,64,63,64,64,63,63,63,63,64,63,63,63,64,63,63,64,63,63,63,63,63,64,63,63,63,63,63,63,63,64,64,63,63,63,64,64,64,63,63,63,63,63,64,63,64,64,63,64,63,63,63,63,63,64,64,63,63,64,63,63,63,63,64,63,63,63,64,64,63,63,63,63,63,63,64,63,63,64,64,63,63,63,
64,64,64,64,64,64,64,64,64,64,64,64,64,64,64,64,64,64,64,64,64,64,64,64,64,64,64,64,64,64,64,64,64,64,64,64,64,64,64,64,64,64,64,64,64,64,64,64,64,64,64,64,64,64,64,64,64,64,64,64,64,64,64,64,64,64,64,64,64,64,64,64,64,64,64,64,64,64,64,64,64,64,64,64,64,64,64,64,64,64,64,64,64,64,64,64,64,64,64,64,64,64,64,64,64,64,64,64,64,64,64,64,64,64,64,64,64,64,64,64,64,64,64,64,64,64,64,64,64,64,64,64,64,64,64,64,64,64,64,64,64,64,64,64,64,64,64,64,64,64,64,64,64,64,64,64,64,64,64,64,64,64,64,64,64,64,64,64,64,64,64,64,64,64,64,64,64,64,64,64,64,64,64,64,64,64,64,64,64,64,64,64,64,64,64,64,64,64,64,64,64,64,64,64,64,64,64,64,64,64,64,64,64,64,64,64,64,64,64,64,64,64,64,64,64,64,64,64,64,64,64,64,64,64,64,64,64,64,64,64,64,64,64,64,64,64,64,64,64,64,64,64,64,64,64,64,