[64, 256, 128]
0,0,0,0,0,0,0,0,0,0,0,0,0,0,0,0,0,0,0,0,0,0,0,0,0,0,0,0,0,0,0,0,0,0,0,0,0,0,0,0,0,0,0,0,0,0,0,0,0,0,0,0,0,0,0,0,0,0,0,0,0,0,0,0,0,0,0,0,0,0,0,0,0,0,0,0,0,0,0,0,0,0,0,0,0,0,0,0,0,0,0,0,0,0,0,0,0,0,0,0,0,0,0,0,0,0,0,0,0,0,0,0,0,0,0,0,0,0,0,0,0,0,0,0,0,0,0,0,0,0,0,0,0,0,0,0,0,0,0,0,0,0,0,0,0,0,0,0,0,0,0,0,0,0,0,0,0,0,0,0,0,0,0,0,0,0,0,0,0,0,0,0,0,0,0,0,0,0,0,0,0,0,0,0,0,0,0,0,0,0,0,0,0,0,0,0,0,0,0,0,0,0,0,0,0,0,0,0,0,0,0,0,0,0,0,0,0,0,0,0,0,0,0,0,0,0,0,0,0,0,0,0,0,0,0,0,0,0,0,0,0,0,0,0,0,0,0,0,0,0,0,0,0,0,0,0,
0,0,0,0,0,0,0,0,0,0,0,0,0,0,0,0,0,0,0,0,0,0,0,0,0,0,0,0,0,0,0,0,0,0,0,0,0,0,0,0,0,0,0,0,0,0,0,0,0,0,0,0,0,0,0,0,0,0,0,0,0,0,0,0,0,0,0,0,0,0,0,0,0,0,0,0,0,0,0,0,0,0,0,0,0,0,0,0,0,0,0,0,0,0,0,0,0,0,0,0,0,0,0,0,0,0,0,0,0,0,0,0,0,0,0,0,0,0,0,0,0,0,0,0,0,0,0,0,0,0,0,0,0,0,0,0,0,0,0,0,0,0,0,0,0,0,0,0,0,0,0,0,0,0,0,0,0,0,0,0,0,0,0,0,0,0,0,0,0,0,0,0,0,0,0,0,0,0,0,0,0,0,0,0,0,0,0,0,0,0,0,0,0,0,0,0,0,0,0,0,0,0,0,0,0,0,0,0,0,0,0,0,0,0,0,0,0,0,0,0,0,0,0,0,0,0,0,0,0,0,0,0,0,0,0,0,0,0,0,0,0,0,0,0,0,0,0,0,0,0,0,0,0,0,0,0,
0,0,0,0,0,0,0,0,0,0,0,0,0,0,0,0,0,0,0,0,0,0,0,0,0,0,0,0,0,0,0,0,0,0,0,0,0,0,0,0,0,0,0,0,0,0,0,0,0,0,0,0,0,0,0,0,0,0,0,0,0,0,0,0,0,0,0,0,0,0,0,0,0,0,0,0,0,0,0,0,0,0,0,0,0,0,0,0,0,0,0,0,0,0,0,0,0,0,0,0,0,0,0,0,0,0,0,0,0,0,0,0,0,0,0,0,0,0,0,0,0,0,0,0,0,0,0,0,0,0,0,0,0,0,0,0,0,0,0,0,0,0,0,0,0,0,0,0,0,0,0,0,0,0,0,0,0,0,0,0,0,0,0,0,0,0,0,0,0,0,0,0,0,0,0,0,0,0,0,0,0,0,0,0,0,0,0,0,0,0,0,0,0,0,0,0,0,0,0,0,0,0,0,0,0,0,0,0,0,0,0,0,0,0,0,0,0,0,0,0,0,0,0,0,0,0,0,0,0,0,0,0,0,0,0,0,0,0,0,0,0,0,0,0,0,0,0,0,0,0,0,0,0,0,0,0,
0,0,0,0,0,0,0,0,0,0,0,0,0,0,0,0,0,0,0,0,0,0,0,0,0,0,0,0,0,0,0,0,0,0,0,0,0,0,0,0,0,0,0,0,0,0,0,0,0,0,0,0,0,0,0,0,0,0,0,0,0,0,0,0,0,0,0,0,0,0,0,0,0,0,0,0,0,0,0,0,0,0,0,0,0,0,0,0,0,0,0,0,0,0,0,0,0,0,0,0,0,0,0,0,0,0,0,0,0,0,0,0,0,0,0,0,0,0,0,0,0,0,0,0,0,0,0,0,0,0,0,0,0,0,0,0,0,0,0,0,0,0,0,0,0,0,0,0,0,0,0,0,0,0,0,0,0,0,0,0,0,0,0,0,0,0,0,0,0,0,0,0,0,0,0,0,0,0,0,0,0,0,0,0,0,0,0,0,0,0,0,0,0,0,0,0,0,0,0,0,0,0,0,0,0,0,0,0,0,0,0,0,0,0,0,0,0,0,0,0,0,0,0,0,0,0,0,0,0,0,0,0,0,0,0,0,0,0,0,0,0,0,0,0,0,0,0,0,0,0,0,0,0,0,0,0,
0,0,0,0,0,0,0,0,0,0,0,0,0,0,0,0,0,0,0,0,0,0,0,0,0,0,0,0,0,0,0,0,0,0,0,0,0,0,0,0,0,0,0,0,0,0,0,0,0,0,0,0,0,0,0,0,0,0,0,0,0,0,0,0,0,0,0,0,0,0,0,0,0,0,0,0,0,0,0,0,0,0,0,0,0,0,0,0,0,0,0,0,0,0,0,0,0,0,0,0,0,0,0,0,0,0,0,0,0,0,0,0,0,0,0,0,0,0,0,0,0,0,0,0,0,0,0,0,0,0,0,0,0,0,0,0,0,0,0,0,0,0,0,0,0,0,0,0,0,0,0,0,0,0,0,0,0,0,0,0,0,0,0,0,0,0,0,0,0,0,0,0,0,0,0,0,0,0,0,0,0,0,0,0,0,0,0,0,0,0,0,0,0,0,0,0,0,0,0,0,0,0,0,0,0,0,0,0,0,0,0,0,0,0,0,0,0,0,0,0,0,0,0,0,0,0,0,0,0,0,0,0,0,0,0,0,0,0,0,0,0,0,0,0,0,0,0,0,0,0,0,0,0,0,0,0,
0,0,0,0,0,0,0,0,0,0,0,0,0,0,0,0,0,0,0,0,0,0,0,0,0,0,0,0,0,0,0,0,0,0,0,0,0,0,0,0,0,0,0,0,0,0,0,0,0,0,0,0,0,0,0,0,0,0,0,0,0,0,0,0,0,0,0,0,0,0,0,0,0,0,0,0,0,0,0,0,0,0,0,0,0,0,0,0,0,0,0,0,0,0,0,0,0,0,0,0,0,0,0,0,0,0,0,0,0,0,0,0,0,0,0,0,0,0,0,0,0,0,0,0,0,0,0,0,0,0,0,0,0,0,0,0,0,0,0,0,0,0,0,0,0,0,0,0,0,0,0,0,0,0,0,0,0,0,0,0,0,0,0,0,0,0,0,0,0,0,0,0,0,0,0,0,0,0,0,0,0,0,0,0,0,0,0,0,0,0,0,0,0,0,0,0,0,0,0,0,0,0,0,0,0,0,0,0,0,0,0,0,0,0,0,0,0,0,0,0,0,0,0,0,0,0,0,0,0,0,0,0,0,0,0,0,0,0,0,0,0,0,0,0,0,0,0,0,0,0,0,0,0,0,0,0,
0,0,0,0,0,0,0,0,0,0,0,0,0,0,0,0,0,0,0,0,0,0,0,0,0,0,0,0,0,0,0,0,0,0,0,0,0,0,0,0,0,0,0,0,0,0,0,0,0,0,0,0,0,0,0,0,0,0,0,0,0,0,0,0,0,0,0,0,0,0,0,0,0,0,0,0,0,0,0,0,0,0,0,0,0,0,0,0,0,0,0,0,0,0,0,0,0,0,0,0,0,0,0,0,0,0,0,0,0,0,0,0,0,0,0,0,0,0,0,0,0,0,0,0,0,0,0,0,0,0,0,0,0,0,0,0,0,0,0,0,0,0,0,0,0,0,0,0,0,0,0,0,0,0,0,0,0,0,0,0,0,0,0,0,0,0,0,0,0,0,0,0,0,0,0,0,0,0,0,0,0,0,0,0,0,0,0,0,0,0,0,0,0,0,0,0,0,0,0,0,0,0,0,0,0,0,0,0,0,0,0,0,0,0,0,0,0,0,0,0,0,0,0,0,0,0,0,0,0,0,0,0,0,0,0,0,0,0,0,0,0,0,0,0,0,0,0,0,0,0,0,0,0,0,0,0,
0,0,0,0,0,0,0,0,0,0,0,0,0,0,0,0,0,0,0,0,0,0,0,0,0,0,0,0,0,0,0,0,0,0,0,0,0,0,0,0,0,0,0,0,0,0,0,0,0,0,0,0,0,0,0,0,0,0,0,0,0,0,0,0,0,0,0,0,0,0,0,0,0,0,0,0,0,0,0,0,0,0,0,0,0,0,0,0,0,0,0,0,0,0,0,0,0,0,0,0,0,0,0,0,0,0,0,0,0,0,0,0,0,0,0,0,0,0,0,0,0,0,0,0,0,0,0,0,0,0,0,0,0,0,0,0,0,0,0,0,0,0,0,0,0,0,0,0,0,0,0,0,0,0,0,0,0,0,0,0,0,0,0,0,0,0,0,0,0,0,0,0,0,0,0,0,0,0,0,0,0,0,0,0,0,0,0,0,0,0,0,0,0,0,0,0,0,0,0,0,0,0,0,0,0,0,0,0,0,0,0,0,0,0,0,0,0,0,0,0,0,0,0,0,0,0,0,0,0,0,0,0,0,0,0,0,0,0,0,0,0,0,0,0,0,0,0,0,0,0,0,0,0,0,0,0,
0,0,0,0,0,0,0,0,0,0,0,0,0,0,0,0,0,0,0,0,0,0,0,0,0,0,0,0,0,0,0,0,0,0,0,0,0,0,0,0,0,0,0,0,0,0,0,0,0,0,0,0,0,0,0,0,0,0,0,0,0,0,0,0,0,0,0,0,0,0,0,0,0,0,0,0,0,0,0,0,0,0,0,0,0,0,0,0,0,0,0,0,0,0,0,0,0,0,0,0,0,0,0,0,0,0,0,0,0,0,0,0,0,0,0,0,0,0,0,0,0,0,0,0,0,0,0,0,0,0,0,0,0,0,0,0,0,0,0,0,0,0,0,0,0,0,0,0,0,0,0,0,0,0,0,0,0,0,0,0,0,0,0,0,0,0,0,0,0,0,0,0,0,0,0,0,0,0,0,0,0,0,0,0,0,0,0,0,0,0,0,0,0,0,0,0,0,0,0,0,0,0,0,0,0,0,0,0,0,0,0,0,0,0,0,0,0,0,0,0,0,0,0,0,0,0,0,0,0,0,0,0,0,0,0,0,0,0,0,0,0,0,0,0,0,0,0,0,0,0,0,0,0,0,0,0,
0,0,0,0,0,0,0,0,0,0,0,0,0,0,0,0,0,0,0,0,0,0,0,0,0,0,0,0,0,0,0,0,0,0,0,0,0,0,0,0,0,0,0,0,0,0,0,0,0,0,0,0,0,0,0,0,0,0,0,0,0,0,0,0,0,0,0,0,0,0,0,0,0,0,0,0,0,0,0,0,0,0,0,0,0,0,0,0,0,0,0,0,0,0,0,0,0,0,0,0,0,0,0,0,0,0,0,0,0,0,0,0,0,0,0,0,0,0,0,0,0,0,0,0,0,0,0,0,0,0,0,0,0,0,0,0,0,0,0,0,0,0,0,0,0,0,0,0,0,0,0,0,0,0,0,0,0,0,0,0,0,0,0,0,0,0,0,0,0,0,0,0,0,0,0,0,0,0,0,0,0,0,0,0,0,0,0,0,0,0,0,0,0,0,0,0,0,0,0,0,0,0,0,0,0,0,0,0,0,0,0,0,0,0,0,0,0,0,0,0,0,0,0,0,0,0,0,0,0,0,0,0,0,0,0,0,0,0,0,0,0,0,0,0,0,0,0,0,0,0,0,0,0,0,0,0,
0,0,0,0,0,0,0,0,0,0,0,0,0,0,0,0,0,0,0,0,0,0,0,0,0,0,0,0,0,0,0,0,0,0,0,0,0,0,0,0,0,0,0,0,0,0,0,0,0,0,0,0,0,0,0,0,0,0,0,0,0,0,0,0,0,0,0,0,0,0,0,0,0,0,0,0,0,0,0,0,0,0,0,0,0,0,0,0,0,0,0,0,0,0,0,0,0,0,0,0,0,0,0,0,0,0,0,0,0,0,0,0,0,0,0,0,0,0,0,0,0,0,0,0,0,0,0,0,0,0,0,0,0,0,0,0,0,0,0,0,0,0,0,0,0,0,0,0,0,0,0,0,0,0,0,0,0,0,0,0,0,0,0,0,0,0,0,0,0,0,0,0,0,0,0,0,0,0,0,0,0,0,0,0,0,0,0,0,0,0,0,0,0,0,0,0,0,0,0,0,0,0,0,0,0,0,0,1,0,0,0,0,0,0,0,0,0,0,0,0,0,0,0,0,0,0,0,0,0,0,0,0,0,0,0,0,0,0,0,0,0,0,0,0,0,0,0,0,0,0,0,0,0,0,0,0,
0,0,0,0,0,0,0,0,0,0,0,0,0,0,0,0,0,0,0,0,0,0,0,0,0,0,0,0,0,0,0,0,0,0,0,0,0,0,0,0,0,0,0,0,0,0,0,0,0,0,0,0,0,0,0,0,0,0,0,0,0,0,0,0,0,0,0,0,0,0,0,0,0,0,0,0,0,0,0,0,0,0,0,0,0,0,0,0,0,0,0,0,0,0,0,0,0,0,0,0,0,0,0,0,0,0,0,0,0,0,0,0,0,0,0,0,0,0,0,0,0,0,0,0,0,0,0,0,0,0,0,0,0,0,0,0,0,0,0,0,0,0,0,0,0,0,0,0,0,0,0,0,0,0,0,0,0,0,0,0,0,0,0,0,0,0,0,0,0,0,0,0,0,0,0,0,0,0,0,0,0,0,0,0,0,0,0,0,0,0,0,0,0,0,0,0,0,0,0,0,0,0,0,0,0,0,0,0,0,0,0,0,0,0,0,0,0,0,0,0,0,0,0,0,0,0,0,0,0,0,0,0,0,0,0,0,0,0,0,0,0,0,0,0,0,0,0,0,0,0,0,0,0,0,0,0,
0,0,0,0,0,0,0,0,0,0,0,0,0,0,0,0,0,0,0,0,0,0,0,0,0,0,0,0,0,0,0,0,0,0,0,0,0,0,0,0,0,0,0,0,0,0,0,0,0,0,0,0,0,0,0,0,0,0,0,0,0,0,0,0,0,0,0,0,0,0,0,0,0,0,0,0,0,0,0,0,0,0,0,0,0,0,0,0,0,0,0,0,0,0,0,0,0,0,0,0,0,0,0,0,0,0,0,0,0,0,0,0,0,0,0,0,0,0,0,0,0,0,0,0,0,0,0,0,0,0,0,0,0,0,0,0,0,0,0,0,0,0,0,0,0,0,0,0,0,0,0,0,0,0,0,0,0,0,0,0,0,0,0,0,0,0,0,0,0,0,0,0,0,0,0,0,0,0,0,0,0,0,0,0,0,0,0,0,0,0,0,0,0,0,0,0,0,0,0,0,0,0,0,0,0,0,0,0,0,0,0,0,0,0,0,0,0,0,0,0,0,0,0,0,0,0,0,0,0,0,0,0,0,0,0,0,0,0,0,0,0,0,0,0,0,0,0,0,0,0,0,0,0,0,0,0,
0,0,0,0,0,0,0,0,0,0,0,0,0,0,0,0,0,0,0,0,0,0,0,0,0,0,0,0,0,0,0,0,0,0,0,0,0,0,0,0,0,0,0,0,0,0,0,0,0,0,0,0,0,0,0,0,0,0,0,0,0,0,0,0,0,0,0,0,0,0,0,0,0,0,0,0,0,0,0,0,0,0,0,0,0,0,0,0,0,0,0,0,0,0,0,0,0,0,0,0,0,0,0,0,0,0,0,0,0,0,0,0,0,0,0,0,0,0,0,0,0,0,0,0,0,0,0,0,0,0,0,0,0,0,0,0,0,0,0,0,0,0,0,0,0,0,0,0,0,0,0,0,0,0,0,0,0,0,0,0,0,0,0,0,0,0,0,0,0,0,0,0,0,0,0,0,0,0,0,0,0,0,0,0,0,0,0,0,0,0,0,0,0,0,0,0,0,0,0,0,0,0,0,0,0,0,0,1,0,0,0,1,0,0,0,0,0,0,0,0,0,0,0,0,0,0,0,0,0,0,0,0,0,0,0,0,0,0,0,0,0,0,0,0,0,0,0,0,0,0,0,0,0,0,0,0,
0,0,0,0,0,0,0,0,0,0,0,0,0,0,0,0,0,0,0,0,0,0,0,0,0,0,0,0,0,0,0,0,0,0,0,0,0,0,0,0,0,0,0,0,0,0,0,0,0,0,0,0,0,0,0,0,0,0,0,0,0,0,0,0,0,0,0,0,0,0,0,0,0,0,0,0,0,0,0,0,0,0,0,0,0,0,0,0,0,0,0,0,0,0,0,0,0,0,0,0,0,0,0,0,0,0,0,0,0,0,0,0,0,0,0,0,0,0,0,0,0,0,0,0,0,0,0,0,0,0,0,0,0,0,0,0,0,0,0,0,0,0,0,0,0,0,0,0,0,0,0,0,0,0,0,0,0,0,0,0,0,0,0,0,0,0,0,0,0,0,0,0,0,0,0,0,0,0,0,0,0,0,0,0,0,0,0,0,0,0,0,0,0,0,0,0,0,0,0,0,0,0,0,0,0,0,0,0,0,0,0,0,2,1,0,0,0,0,0,0,0,0,0,0,0,0,0,0,0,0,0,0,0,0,0,0,0,0,0,0,0,0,0,0,0,0,0,0,0,0,0,0,0,0,0,0,
0,0,0,0,0,0,0,0,0,0,0,0,0,0,0,0,0,0,0,0,0,0,0,0,0,0,0,0,0,0,0,0,0,0,0,0,0,0,0,0,0,0,0,0,0,0,0,0,0,0,0,0,0,0,0,0,0,0,0,0,0,0,0,0,0,0,0,0,0,0,0,0,0,0,0,0,0,0,0,0,0,0,0,0,0,0,0,0,0,0,0,0,0,0,0,0,0,0,0,0,0,0,0,0,0,0,0,0,0,0,0,0,0,0,0,0,0,0,0,0,0,0,0,0,0,0,0,0,0,0,0,0,0,0,0,0,0,0,0,0,0,0,0,0,0,0,0,0,0,0,0,0,0,0,0,0,0,0,0,0,0,0,0,0,0,0,0,0,0,0,0,0,0,0,0,0,0,0,0,0,0,0,0,0,0,0,0,0,0,0,0,0,0,0,0,0,0,0,0,0,0,0,0,0,0,0,0,0,0,0,0,0,0,0,0,0,0,0,0,0,0,0,0,0,0,0,0,0,0,0,0,0,0,0,0,0,0,0,0,0,0,0,0,0,0,0,0,0,0,0,0,0,0,0,0,0,
0,0,0,0,0,0,0,0,0,0,0,0,0,0,0,0,0,0,0,0,0,0,0,0,0,0,0,0,0,0,0,0,0,0,0,0,0,0,0,0,0,0,0,0,0,1,0,0,0,0,0,0,0,0,0,0,0,0,0,0,0,0,0,0,0,0,0,0,0,0,0,0,0,0,0,0,0,0,0,0,0,0,0,0,0,0,0,0,0,0,0,0,0,0,0,0,0,0,0,0,0,0,0,0,0,0,0,0,0,0,0,0,0,0,0,0,0,0,0,0,0,0,0,0,0,0,0,0,0,0,0,0,0,0,0,0,0,0,0,0,0,0,0,0,0,0,0,0,0,0,0,0,0,0,0,0,0,0,0,0,0,0,0,0,0,0,0,0,0,0,0,0,0,0,0,0,0,0,0,0,0,0,0,0,0,0,0,0,0,0,0,0,0,0,0,0,0,0,0,0,0,0,0,0,0,0,0,0,0,0,0,0,0,0,0,0,0,0,0,0,0,0,0,0,0,0,0,0,0,0,0,0,0,0,0,0,0,0,0,0,0,0,0,0,0,0,0,0,0,0,0,0,0,0,0,0,
0,0,0,0,0,0,0,0,0,0,0,0,0,0,0,0,0,0,0,0,0,0,0,0,0,0,0,0,0,0,0,0,0,0,0,0,0,0,0,0,0,0,0,0,0,0,3,0,0,0,0,0,0,0,0,0,0,0,0,0,0,0,0,0,0,0,0,0,0,0,0,0,0,0,0,0,0,0,0,0,0,0,0,0,0,0,0,0,0,0,0,0,0,0,0,0,0,0,0,0,0,0,0,0,0,0,0,0,0,0,0,0,0,0,0,0,0,0,0,0,0,0,0,0,0,0,0,0,0,0,0,0,0,0,0,0,0,0,0,0,0,0,0,0,0,0,0,0,0,0,0,0,0,0,0,0,0,0,0,0,0,0,0,0,0,0,0,0,0,0,0,0,0,0,0,0,0,0,0,0,0,1,0,0,0,0,0,0,0,0,0,0,0,0,0,0,0,0,0,0,0,0,0,0,0,0,0,0,0,0,0,0,0,0,0,0,0,0,0,0,0,0,0,0,0,0,0,0,0,0,0,0,0,0,0,0,0,0,0,0,0,0,0,0,0,0,0,0,0,0,0,0,0,0,0,0,
0,0,0,0,0,0,0,0,0,0,0,0,0,0,0,0,0,0,0,0,0,0,0,0,0,0,0,0,0,0,0,0,0,0,0,0,0,0,0,0,0,0,0,0,0,0,0,3,0,0,0,0,0,0,0,0,0,0,0,0,0,0,0,0,0,0,0,0,0,0,0,0,0,0,0,0,0,0,0,0,0,0,0,0,0,0,0,0,0,0,0,0,0,0,0,0,0,0,0,0,0,0,0,0,0,0,0,0,0,0,0,0,0,0,0,0,0,0,0,0,0,0,0,0,0,0,0,0,0,0,0,0,0,0,0,0,0,0,0,0,0,0,0,0,0,0,0,0,0,0,0,0,0,0,0,0,0,0,0,0,0,0,0,0,0,0,0,0,0,0,0,0,0,0,0,0,0,0,0,0,0,0,0,0,0,0,0,0,0,0,0,0,0,0,0,0,0,0,0,0,0,0,0,0,0,0,0,0,0,0,0,0,0,0,0,0,0,0,0,0,0,0,0,0,0,0,0,0,0,0,0,0,0,0,0,0,0,0,0,0,0,0,0,0,0,0,0,0,0,0,0,0,0,0,0,0,
0,0,0,0,0,0,0,0,1,0,0,0,0,0,0,0,0,0,0,0,0,0,0,0,0,0,0,0,0,0,0,0,0,0,0,0,0,0,0,0,0,0,0,0,0,0,2,1,3,1,1,0,0,0,0,0,0,0,0,0,0,0,0,0,0,0,0,0,0,0,0,0,0,0,0,0,0,0,0,0,0,0,0,0,0,0,0,0,0,0,0,0,0,0,0,0,0,0,0,0,0,0,0,0,0,0,0,0,0,0,0,0,0,0,0,0,0,0,0,0,0,0,0,0,0,0,0,0,0,0,0,0,0,0,0,0,0,0,0,0,0,0,0,0,0,0,0,0,0,0,0,0,0,0,0,0,0,0,0,0,0,0,0,0,0,0,0,0,0,0,0,0,0,0,0,0,0,0,0,0,0,0,2,0,0,0,0,0,0,0,2,0,0,0,0,0,0,1,0,0,0,0,0,0,0,0,0,0,0,0,0,0,0,0,0,0,0,0,0,0,0,0,0,0,0,0,0,0,0,0,0,0,0,0,0,0,0,0,0,0,0,0,0,0,0,0,0,0,0,0,0,0,0,0,0,0,
0,1,0,0,0,0,0,0,0,1,0,0,0,0,0,0,0,0,0,0,0,0,0,0,0,0,0,0,0,0,0,0,0,0,0,0,0,0,3,0,0,0,0,0,0,0,0,0,1,2,2,0,1,0,0,0,0,0,0,0,0,0,0,0,0,0,0,0,0,0,1,0,0,0,0,0,0,0,0,0,0,0,0,0,0,0,0,0,0,0,0,0,0,0,0,0,0,0,0,0,0,0,0,0,0,0,0,0,0,0,0,0,0,0,0,0,0,0,0,0,0,0,0,0,0,0,0,0,0,0,0,0,0,0,0,0,0,0,0,0,0,0,0,0,0,0,0,0,0,0,0,0,0,0,0,0,0,0,0,0,0,0,0,0,0,0,0,0,0,0,0,0,0,0,0,0,0,0,0,0,0,0,0,1,0,0,0,0,0,0,2,3,0,2,0,0,0,0,1,0,0,0,0,1,0,0,0,0,0,0,0,0,0,0,0,0,0,0,0,0,0,0,0,0,0,0,0,0,0,0,0,0,0,0,0,0,0,0,0,0,0,0,0,0,0,0,0,0,0,0,0,0,0,0,0,0,
0,0,0,0,0,0,0,0,0,0,0,0,0,0,0,0,0,0,0,0,0,0,0,0,0,0,0,0,0,0,0,0,0,0,0,0,0,0,0,5,0,0,0,0,0,0,0,1,3,3,1,0,0,0,0,0,0,0,0,0,0,0,0,0,0,0,0,0,0,0,3,2,0,0,0,0,0,0,1,0,0,0,0,0,0,0,0,0,0,0,0,0,0,0,0,0,0,0,0,0,0,0,0,0,0,0,0,0,0,0,0,0,0,0,0,0,0,1,0,0,0,0,0,0,0,0,0,0,0,0,0,0,0,0,0,0,0,0,0,0,0,0,0,0,0,0,0,0,0,0,0,0,0,0,0,0,0,0,0,0,0,0,0,0,0,0,0,0,0,0,0,0,0,0,0,0,0,0,0,0,0,0,0,0,0,0,0,0,0,0,0,0,2,2,0,0,0,0,0,1,0,4,0,0,0,0,0,0,0,0,0,0,0,0,0,0,0,0,0,0,0,0,0,0,0,0,1,0,0,0,0,0,0,0,0,0,0,0,0,0,0,0,0,0,0,0,0,0,0,0,0,0,0,0,0,0,
0,0,0,0,0,0,0,0,0,0,0,0,0,0,0,0,0,0,0,0,0,0,0,0,0,0,0,0,0,0,0,0,0,0,0,0,0,0,0,0,0,0,0,6,0,0,0,0,0,0,0,0,0,0,0,0,0,0,0,0,0,0,0,0,0,0,0,0,0,0,4,4,0,0,3,0,0,0,0,0,0,0,0,0,0,0,0,0,0,0,0,0,0,0,0,0,0,0,0,0,0,0,0,0,0,0,0,0,0,0,0,0,0,0,0,0,0,0,0,0,0,0,0,0,0,0,0,0,0,0,0,0,0,0,0,0,0,0,0,0,0,0,0,0,0,0,0,0,0,0,0,0,0,0,0,0,0,0,0,0,0,0,0,0,0,0,0,0,0,0,0,0,0,0,0,0,0,0,0,0,0,0,0,0,0,0,0,0,0,0,0,0,0,0,0,0,0,0,1,1,0,2,3,0,0,0,0,0,0,0,0,0,0,0,0,0,0,0,0,0,0,0,0,0,0,0,0,0,1,0,0,0,0,0,0,0,0,0,0,0,0,0,0,0,0,0,0,0,0,0,0,0,0,0,0,0,
0,0,0,0,0,0,0,0,1,0,0,0,0,4,0,0,0,0,0,0,0,0,0,0,0,0,0,0,0,0,0,0,3,0,0,4,0,0,0,0,0,0,0,0,0,0,0,0,0,0,2,0,0,0,0,0,0,0,0,0,0,0,0,0,0,0,0,0,0,0,0,0,2,0,3,1,0,0,0,0,0,0,0,0,0,0,0,0,0,0,0,0,0,0,0,0,0,0,0,0,0,0,0,0,0,0,0,0,0,0,0,0,0,0,0,0,0,0,0,0,0,0,0,0,0,0,0,0,0,0,0,0,0,4,0,0,0,0,0,0,0,0,0,0,0,0,0,0,0,0,0,0,0,0,0,0,0,0,0,0,0,0,0,0,0,0,0,0,0,0,5,0,0,0,0,0,0,0,0,0,0,0,0,0,0,0,0,0,0,0,0,0,0,0,0,0,0,0,0,0,0,0,4,3,0,0,0,3,0,0,1,0,3,0,0,0,0,0,0,0,0,0,0,0,0,0,0,0,0,0,0,0,0,0,0,0,0,0,0,0,0,0,0,0,0,0,0,0,0,0,0,0,0,0,0,0,
0,0,0,0,0,0,0,0,0,0,0,0,0,4,0,0,0,0,0,0,0,0,0,0,0,0,1,0,0,0,0,0,3,1,0,6,0,0,0,2,3,0,0,0,0,0,0,0,0,0,0,0,0,0,0,0,0,0,0,0,0,0,0,0,0,0,0,0,0,0,0,0,0,0,1,2,0,0,0,0,0,0,0,0,0,0,4,3,4,0,0,3,0,0,0,0,0,0,0,0,0,0,0,0,0,0,0,0,0,0,0,0,0,0,0,0,0,0,0,0,0,0,1,1,0,0,0,3,0,0,0,0,0,0,1,0,0,0,0,0,0,0,0,0,0,0,0,0,0,0,0,0,0,0,0,0,0,1,6,2,0,0,0,0,0,0,0,0,0,0,0,0,0,2,0,0,0,0,0,0,0,0,0,0,0,0,0,0,0,0,0,0,0,0,0,0,0,0,0,0,0,0,5,0,0,0,0,0,0,0,2,0,2,0,0,0,0,0,0,0,0,0,0,0,0,1,0,0,0,0,1,0,0,0,0,0,0,0,0,0,0,0,0,0,0,0,0,0,0,0,0,0,0,0,0,0,
0,0,0,0,0,0,0,0,0,0,0,0,0,0,1,0,0,0,0,0,0,0,2,0,1,0,0,0,0,0,0,0,0,0,0,2,1,4,2,3,3,0,0,0,0,0,0,0,0,0,0,0,0,0,0,0,0,0,0,0,0,0,0,0,0,0,0,0,0,0,0,0,0,0,2,2,0,0,0,0,0,0,0,0,8,0,4,4,5,5,0,0,0,3,0,0,0,0,0,0,0,0,0,0,0,0,0,0,0,0,0,0,0,0,0,0,0,1,0,0,0,0,0,0,0,1,0,4,2,0,0,0,0,0,0,0,0,0,0,0,0,0,0,0,0,0,0,0,0,0,0,0,0,0,0,0,6,0,6,0,0,1,0,2,0,0,0,0,0,0,1,1,5,4,9,0,0,0,0,0,0,0,0,0,1,0,0,0,0,0,0,0,0,0,0,0,0,0,0,0,0,0,0,0,2,1,1,0,0,3,1,3,2,0,0,0,0,0,0,0,0,0,0,0,0,0,1,3,0,0,0,0,0,0,0,0,0,0,0,0,0,0,0,0,0,0,0,0,0,0,0,0,0,0,0,0,
0,0,0,0,0,0,0,0,0,0,0,0,0,0,1,0,0,0,0,0,0,0,0,2,1,0,0,0,0,0,0,0,0,0,0,3,3,0,5,0,0,0,0,0,0,0,0,0,0,0,0,0,0,0,0,0,0,0,0,0,4,0,0,0,0,0,0,0,0,0,0,0,0,0,0,0,1,0,0,0,0,0,0,0,6,6,8,8,3,6,6,7,0,0,0,0,0,0,0,1,0,0,0,0,0,0,0,0,0,0,0,0,0,0,0,0,0,2,2,0,0,0,0,0,0,0,0,4,4,4,5,5,0,0,4,1,0,0,0,0,3,0,3,0,0,0,0,0,0,0,0,0,0,0,0,0,3,6,3,0,0,0,0,0,0,0,0,0,0,0,0,0,0,5,0,0,0,0,0,0,0,0,0,0,0,1,0,0,0,0,0,0,0,0,0,0,0,0,0,0,0,0,0,0,0,0,0,3,2,0,3,4,3,3,0,0,0,0,0,0,0,0,0,0,3,2,1,0,2,2,0,0,0,0,0,0,0,0,0,0,0,0,0,0,0,0,0,0,0,0,0,0,0,0,0,0,
0,0,0,0,0,0,0,0,11,0,1,0,0,0,0,0,0,0,0,0,0,0,0,0,0,0,2,0,1,2,0,5,5,0,0,0,3,3,0,0,0,3,0,0,0,0,0,0,0,0,0,0,0,0,0,0,0,0,2,3,5,6,3,5,0,0,0,0,0,0,0,0,1,0,0,2,2,1,2,0,0,0,0,0,7,7,0,9,9,6,0,0,8,0,0,0,0,0,0,0,0,0,0,1,0,0,0,0,0,1,0,0,3,3,0,0,0,0,2,0,3,0,3,0,0,0,0,6,5,0,0,6,0,0,0,3,5,0,1,0,1,0,3,0,0,0,0,0,0,0,0,0,0,0,3,0,3,4,6,3,0,2,0,0,3,0,0,0,0,0,0,2,0,0,0,0,12,0,0,0,0,0,0,0,0,0,0,0,0,0,0,0,0,0,0,0,0,0,0,0,0,0,0,0,0,1,1,0,3,2,4,0,0,4,0,0,0,0,0,0,0,0,0,0,0,0,2,1,1,0,0,1,0,0,0,0,0,0,0,0,0,0,4,0,0,0,0,0,0,0,0,0,0,0,0,0,
0,0,0,0,0,0,0,9,11,2,0,2,0,1,0,0,0,0,0,0,0,0,0,0,0,0,0,2,6,3,2,1,5,1,0,0,0,4,1,0,0,0,0,0,0,0,0,0,0,0,0,0,0,0,0,0,0,0,0,0,0,6,5,5,4,4,0,0,0,0,0,0,0,3,1,5,3,3,0,2,0,0,0,0,0,0,0,0,6,10,0,8,4,0,0,0,0,6,0,0,0,0,0,0,0,0,1,0,0,0,0,4,4,0,0,0,0,0,3,4,0,10,0,2,2,0,5,0,7,0,6,0,0,6,4,4,0,5,1,0,1,2,0,0,3,1,2,0,0,0,0,0,0,0,0,5,0,5,0,0,4,4,1,0,3,3,0,0,0,0,0,0,0,0,0,0,12,0,0,0,0,0,0,0,0,0,0,2,0,0,0,0,0,3,0,0,0,1,0,0,0,0,0,0,0,0,2,0,0,0,0,0,3,0,0,0,0,0,0,0,0,0,0,0,0,0,3,3,1,1,0,0,1,0,0,0,0,0,0,0,0,4,4,3,0,0,0,0,0,0,0,0,0,0,0,0,
11,2,0,3,0,0,0,9,7,1,5,1,2,2,0,0,0,0,0,0,1,0,0,0,0,0,0,0,0,7,1,7,0,2,3,2,0,1,0,0,1,1,0,1,1,2,2,0,0,0,0,0,0,2,0,0,0,0,0,0,0,0,0,5,0,4,0,0,0,0,2,1,0,0,0,1,6,3,0,2,1,1,0,0,1,0,0,0,0,0,0,9,4,0,0,1,0,0,0,6,0,0,0,0,0,0,0,0,0,0,6,0,0,0,0,0,0,0,0,0,0,11,0,2,0,0,7,0,6,6,7,5,0,0,5,5,0,0,6,0,0,0,0,0,3,3,0,0,0,4,0,0,0,0,0,0,3,6,7,7,11,4,0,1,5,4,3,0,0,0,0,0,0,0,0,0,0,0,0,0,0,0,0,0,0,0,0,0,0,4,5,3,2,0,1,1,0,0,0,0,0,0,0,0,0,1,0,0,0,0,0,0,0,1,0,0,0,0,0,0,0,0,0,0,0,0,0,3,2,2,0,0,0,0,0,0,0,5,0,0,0,1,1,2,0,0,0,0,0,0,0,0,0,0,0,0,
2,0,1,10,0,4,0,0,8,0,1,4,3,2,4,1,0,0,0,0,3,0,0,1,1,0,0,1,4,0,7,7,3,1,2,1,2,2,2,0,1,1,0,1,2,1,3,4,0,0,0,0,5,8,3,6,0,2,1,1,0,0,0,5,0,0,0,0,0,0,0,1,1,0,0,0,2,0,4,0,0,4,2,0,0,3,0,0,0,0,0,0,0,0,0,4,1,0,3,0,0,0,0,0,0,0,0,0,0,0,1,3,0,0,2,0,0,0,0,0,0,0,10,4,0,0,6,0,0,0,6,8,6,6,0,5,4,0,0,2,1,0,3,1,1,0,0,0,0,0,0,0,0,6,4,0,2,4,10,7,1,4,2,1,3,3,0,3,0,0,0,0,0,0,1,2,0,0,0,0,0,0,0,0,0,1,0,0,0,0,6,5,3,4,3,0,0,0,0,0,5,1,0,0,0,1,0,0,0,0,0,0,0,0,0,0,0,0,0,0,0,0,0,0,0,0,5,5,4,3,3,0,0,1,0,1,0,0,3,0,0,0,1,2,3,3,0,0,0,0,0,0,0,0,0,0,
3,3,0,0,0,0,0,1,0,3,0,3,0,3,0,1,1,0,1,0,4,3,0,1,1,1,0,1,2,0,6,8,4,1,0,0,3,2,0,0,4,3,1,5,2,2,4,5,4,0,0,0,0,0,6,6,0,5,0,2,0,0,2,4,2,0,0,2,0,0,0,0,1,0,0,0,2,0,0,0,0,0,3,1,0,3,4,0,0,0,0,0,0,0,4,0,4,0,0,0,0,0,0,0,0,0,1,2,0,0,2,6,0,4,3,1,0,0,0,0,0,0,0,5,7,0,8,9,0,1,0,0,7,7,0,1,3,6,3,0,3,0,0,1,6,0,0,0,3,0,1,0,1,7,0,6,0,8,5,6,11,2,5,3,6,4,6,0,6,1,1,0,7,0,2,2,0,1,4,0,0,0,0,0,0,5,0,0,0,0,0,3,0,9,4,10,0,0,0,0,0,7,2,0,3,1,2,0,0,0,0,0,0,0,0,0,0,1,0,0,0,0,2,0,0,0,3,4,4,0,4,3,0,2,2,5,1,0,2,0,0,0,1,2,3,5,0,0,0,0,0,0,0,0,0,0,
4,0,5,5,0,3,2,2,0,12,4,6,2,0,1,0,0,1,1,3,0,5,1,2,2,0,3,1,1,0,5,0,3,4,3,0,3,3,0,1,0,5,0,6,4,6,0,0,0,0,0,0,0,8,7,7,6,6,0,0,0,0,1,4,1,5,0,3,2,0,0,0,3,0,0,1,4,3,3,0,0,0,4,1,2,0,4,0,0,3,0,0,0,0,0,0,1,1,2,0,6,0,0,0,5,3,4,2,0,0,8,7,8,3,3,1,0,13,0,9,0,0,0,0,0,8,0,0,0,11,0,0,0,0,1,1,0,3,0,0,1,1,0,0,0,0,0,3,0,0,0,0,0,2,6,5,6,5,0,7,11,2,10,8,9,6,7,6,7,7,0,1,2,1,0,5,3,2,0,0,8,8,0,4,0,2,4,3,1,2,0,0,0,0,10,11,11,0,0,0,11,2,1,0,0,2,2,0,0,0,0,0,0,0,4,0,0,0,0,0,0,0,3,1,0,0,4,1,2,0,0,0,2,6,2,6,6,2,0,2,0,0,0,0,3,1,6,1,0,0,0,3,0,0,0,0,
4,0,4,3,4,3,4,0,1,2,2,2,0,5,0,0,0,1,1,5,7,0,0,4,6,1,1,3,0,0,0,1,6,4,1,0,5,7,1,3,9,0,2,1,7,4,6,5,0,0,0,0,0,7,8,8,0,7,0,0,0,0,0,0,5,2,4,8,3,4,5,3,2,4,3,0,0,0,3,3,0,2,3,3,0,0,3,4,1,0,1,4,0,0,0,0,5,1,1,2,0,0,3,0,2,6,3,0,12,12,8,10,8,8,0,0,11,13,13,1,10,12,0,5,2,1,0,0,5,9,11,1,0,1,1,1,0,2,0,0,0,2,0,0,0,1,1,3,1,0,1,0,5,3,4,6,0,6,3,12,0,9,10,4,10,7,6,8,7,4,10,7,3,2,2,1,2,3,6,8,7,3,9,4,3,1,5,3,5,4,4,0,1,0,0,11,12,11,3,0,1,12,3,2,5,0,0,0,0,0,0,0,0,0,4,8,0,0,0,0,0,0,5,0,4,6,3,1,1,1,1,3,0,7,4,7,3,2,2,0,2,7,3,1,0,3,2,4,3,0,2,0,0,0,0,0,
1,1,2,7,3,5,9,0,3,3,0,0,0,0,0,0,0,0,7,0,7,0,7,4,2,6,1,1,2,2,0,0,2,7,6,5,5,5,2,0,0,11,8,2,4,5,2,5,5,5,0,3,0,0,2,0,2,7,7,0,5,12,14,1,7,6,7,5,7,2,6,4,1,4,3,7,3,1,1,4,0,0,3,2,4,3,1,4,1,0,2,5,0,0,1,1,6,7,6,1,3,0,0,3,0,5,6,5,0,0,3,10,11,10,10,2,2,12,12,13,14,12,1,1,0,0,5,0,0,11,2,2,2,1,6,2,0,0,0,0,0,0,0,3,0,1,3,1,1,1,1,1,0,0,2,4,0,0,0,0,12,0,0,0,6,5,5,7,2,7,6,3,3,4,3,5,3,3,6,8,6,0,5,3,2,2,2,2,4,4,5,5,0,2,2,0,3,11,11,1,3,3,1,4,4,0,0,0,0,0,0,0,0,1,0,5,10,1,1,0,0,4,4,8,12,12,8,8,0,2,0,0,0,4,5,4,3,3,3,0,3,4,8,7,0,2,4,2,3,0,4,5,1,0,0,0,
1,2,3,5,4,1,1,1,1,4,4,0,0,3,3,1,0,2,7,8,0,8,7,8,7,1,2,1,8,4,3,4,2,3,0,0,0,8,2,0,2,0,9,10,3,10,2,3,3,7,0,3,4,1,0,0,8,8,2,0,6,9,14,2,1,8,8,6,8,1,0,3,0,5,4,3,10,9,2,1,0,4,0,4,3,0,0,0,3,5,7,1,2,0,1,0,0,4,7,7,3,5,1,0,0,0,6,5,0,0,1,3,11,11,0,3,0,12,14,13,0,2,13,0,0,3,1,3,0,4,11,0,8,1,6,2,0,5,4,0,0,1,0,0,0,0,0,3,3,1,2,2,4,1,2,9,0,11,12,0,5,7,0,0,7,5,7,5,7,8,7,9,1,10,4,5,5,6,4,4,0,0,8,5,4,5,4,2,4,2,4,2,0,0,3,2,0,0,12,2,2,4,6,5,1,0,0,0,2,0,4,2,8,0,9,10,11,7,1,1,1,7,4,4,8,9,1,6,9,6,0,10,1,3,4,5,5,3,3,0,4,5,2,5,0,0,2,5,4,2,5,3,3,0,0,0,
0,2,4,3,9,2,3,1,2,0,4,0,0,0,4,6,9,4,2,5,3,0,6,9,3,0,3,2,7,8,5,3,3,0,1,0,8,2,1,2,0,9,0,3,4,0,1,5,7,7,6,5,5,4,9,8,8,9,3,4,11,10,10,2,6,6,6,8,0,1,0,0,0,0,6,0,2,11,7,2,6,4,0,0,0,0,0,4,2,3,2,3,1,3,0,0,6,4,0,0,4,4,0,0,1,0,0,1,10,0,2,5,12,12,0,0,2,4,1,3,3,0,4,0,0,11,2,1,3,2,5,2,2,4,2,2,3,5,4,5,0,3,0,6,0,3,0,0,0,1,2,0,0,4,0,2,10,11,0,0,6,7,12,2,0,4,5,1,9,7,2,9,9,9,1,5,6,8,0,5,0,0,0,3,5,0,0,3,7,3,5,3,7,6,0,0,0,6,8,13,14,6,9,8,6,2,0,3,3,0,5,4,4,4,10,9,2,1,3,10,2,7,6,9,7,8,2,7,7,7,8,1,5,4,4,9,5,8,4,1,2,0,8,2,9,1,3,6,5,3,3,6,5,4,0,0,
2,0,10,8,9,10,4,3,1,7,1,7,5,0,5,6,6,0,5,6,6,3,5,4,4,4,0,5,8,4,7,3,0,4,0,6,1,2,3,6,1,2,0,3,4,1,8,8,8,9,1,5,6,6,6,2,5,4,12,3,4,4,13,3,7,6,6,6,6,0,0,0,6,0,7,6,10,0,0,11,0,0,0,0,5,0,3,1,5,5,2,3,2,0,0,0,0,4,0,5,6,4,2,3,2,0,9,2,10,0,2,2,0,0,0,0,4,3,3,4,0,1,0,3,2,3,10,1,8,4,2,2,5,4,4,0,0,4,0,6,0,3,4,2,6,0,1,0,1,0,0,0,1,0,10,1,11,4,8,8,0,15,14,7,2,1,8,6,2,7,10,10,6,4,2,11,1,10,6,9,9,0,1,5,0,0,1,3,4,3,6,5,7,2,7,5,0,6,7,8,4,6,7,10,9,9,8,5,4,2,8,5,5,10,5,5,2,2,11,3,1,2,2,9,6,8,9,1,7,8,9,14,14,7,0,9,4,5,2,0,0,4,1,5,7,1,5,6,7,4,4,11,7,0,0,0,
8,2,7,10,9,5,5,5,0,6,2,4,4,6,6,7,6,0,5,3,6,3,5,6,4,5,1,5,6,4,4,7,6,0,1,11,1,7,6,2,2,2,11,0,0,1,17,6,8,0,10,2,6,7,7,3,7,10,6,12,4,12,13,4,10,3,7,8,7,6,0,0,8,9,8,7,2,1,0,0,1,2,1,0,7,1,0,0,4,5,0,3,4,1,2,7,0,9,0,5,6,3,2,2,1,2,0,10,10,10,10,0,9,0,0,3,3,3,4,4,4,2,2,2,3,2,4,6,8,2,2,3,6,5,7,4,3,7,6,9,0,5,4,6,3,0,3,2,2,0,0,0,0,9,0,11,6,10,9,12,8,4,12,14,8,1,0,5,8,12,5,1,11,6,12,12,8,9,10,6,6,6,0,5,0,9,1,1,0,11,0,3,3,4,6,7,7,7,9,3,5,3,6,11,10,9,5,3,6,13,0,9,0,9,8,4,12,3,3,11,7,8,2,4,4,7,5,7,2,2,10,10,9,8,0,6,6,6,6,4,1,4,4,10,7,13,5,6,6,6,3,11,5,4,7,6,
9,9,6,7,5,6,4,6,6,7,7,2,1,5,7,6,2,2,2,0,3,5,7,8,6,5,6,6,5,4,7,8,8,2,0,1,14,7,6,6,7,5,11,3,4,10,9,18,8,6,9,9,6,6,7,4,4,10,10,6,14,16,14,7,6,5,4,8,7,1,2,5,17,7,10,8,7,1,2,1,4,2,1,0,3,0,3,8,7,4,1,1,2,2,3,8,7,5,8,5,5,7,4,5,8,2,3,0,0,0,10,10,3,10,0,3,8,3,2,7,8,3,0,3,4,6,5,3,7,7,8,8,5,3,6,7,3,8,9,12,0,9,8,6,8,3,3,3,3,2,1,2,0,0,0,0,4,6,14,8,13,4,16,1,10,9,7,9,8,5,13,9,1,7,8,3,11,10,10,12,0,12,6,0,0,3,10,8,4,11,11,6,4,8,9,9,8,7,7,10,12,4,7,7,7,8,4,4,11,7,0,0,0,9,3,4,4,5,4,8,11,8,3,1,11,0,8,9,9,3,8,7,6,0,0,0,6,7,12,0,5,3,2,12,10,5,10,7,7,6,6,6,5,5,5,7,
9,9,9,10,7,7,8,5,4,7,7,0,1,2,0,1,6,3,12,3,0,6,0,5,9,6,7,0,6,10,5,5,6,8,2,0,14,11,14,5,7,5,11,4,12,9,6,14,11,12,10,9,6,6,9,12,12,1,12,6,10,7,7,17,2,3,5,2,1,9,2,7,16,16,5,7,8,7,0,3,0,5,4,0,7,0,6,8,7,6,0,4,17,19,4,11,8,0,0,12,6,7,5,6,10,10,5,5,0,0,6,10,10,4,0,3,8,2,3,7,11,3,0,5,3,4,6,12,8,13,8,8,0,7,2,4,10,9,8,8,8,9,7,9,9,2,4,3,4,13,14,14,3,3,0,11,0,5,5,15,14,14,15,10,15,11,8,1,5,6,14,12,9,1,9,9,5,12,11,12,8,12,0,0,0,0,0,2,4,11,8,12,10,9,9,10,10,7,7,8,6,5,4,8,0,9,7,1,7,12,7,4,3,0,10,5,4,5,0,9,0,10,5,3,2,1,4,10,10,11,8,7,7,2,4,0,7,6,7,12,3,3,3,10,6,10,10,10,11,7,7,5,6,7,8,8,
5,9,7,11,7,9,8,4,8,4,5,6,8,1,0,11,7,1,13,0,4,1,1,0,6,7,9,1,8,8,5,5,1,6,4,12,3,12,15,2,8,4,5,4,3,9,0,13,13,12,10,7,7,8,13,13,13,11,3,8,7,8,5,18,9,3,7,13,10,10,10,11,15,17,4,6,8,4,9,0,0,0,0,5,5,8,7,6,7,20,1,18,18,2,1,0,0,9,8,7,8,5,5,5,10,4,7,5,6,0,4,11,7,5,6,4,2,4,10,8,0,11,0,4,5,6,13,13,3,10,8,8,10,5,5,2,10,10,6,9,6,9,6,11,4,4,6,16,4,14,17,15,15,6,0,14,0,5,12,15,14,15,3,4,2,3,11,2,3,7,6,0,10,8,2,2,2,12,3,12,10,7,0,8,1,0,9,3,9,9,12,12,13,6,3,2,11,12,11,8,9,8,6,5,3,6,7,0,3,16,0,5,0,3,0,7,0,5,0,10,0,10,10,6,4,4,6,11,10,4,8,9,10,8,0,8,9,3,6,13,2,2,2,2,8,11,9,10,9,9,8,9,7,8,8,9,
7,5,8,9,8,8,10,8,12,5,4,6,6,0,7,8,12,2,3,4,0,0,0,0,7,7,13,10,8,8,9,11,5,6,8,12,12,4,8,3,3,3,5,4,9,10,7,14,8,14,12,8,11,13,9,13,10,4,3,8,8,7,7,10,11,9,4,12,14,14,11,7,16,6,5,6,6,9,6,8,5,0,0,8,6,2,6,7,8,22,21,20,19,19,7,3,1,9,6,9,13,10,8,5,7,5,6,6,7,3,6,5,5,8,7,4,3,3,6,0,0,16,4,6,13,14,14,13,10,6,9,10,10,1,10,7,3,5,4,5,9,12,9,9,12,5,4,0,15,16,17,9,7,7,7,0,0,0,15,11,0,16,11,3,2,2,9,7,2,7,0,2,5,2,8,9,6,3,4,12,11,7,5,0,6,3,0,8,11,10,10,13,9,7,4,4,12,11,12,14,11,7,9,6,5,7,1,4,0,16,9,0,0,0,5,5,8,7,6,13,0,12,12,11,4,5,6,12,12,5,10,9,10,2,0,9,6,0,7,4,9,8,3,3,9,10,7,11,12,9,9,10,13,8,8,9,
8,6,9,9,10,9,10,7,8,5,5,14,7,0,0,5,13,8,13,12,5,9,1,0,3,13,9,9,7,11,8,12,8,10,9,6,9,8,11,9,3,4,4,3,4,6,8,13,0,0,8,12,4,12,8,14,11,12,14,10,8,9,8,13,11,8,9,6,6,14,12,20,15,8,6,7,6,6,6,4,2,0,0,0,2,1,2,9,9,21,22,5,20,6,8,1,10,1,7,10,10,11,10,12,12,6,6,4,7,3,7,6,6,7,4,12,15,4,3,0,15,17,4,12,13,15,15,14,11,7,7,12,11,8,10,10,11,9,5,5,12,12,9,12,9,1,5,8,17,4,8,10,8,9,7,11,0,0,15,15,0,0,17,10,16,9,8,5,8,8,17,2,7,3,1,1,4,3,10,10,10,11,9,4,8,8,0,8,8,11,9,11,11,6,7,4,2,1,14,14,9,9,6,9,8,7,7,5,0,0,9,7,4,0,7,6,14,15,7,12,6,8,13,6,5,8,5,4,9,5,11,12,11,5,0,0,3,1,4,6,9,5,6,4,6,13,11,11,10,12,10,10,11,14,15,10,
6,3,7,8,9,13,9,13,9,6,9,13,16,15,1,7,4,8,7,14,7,7,1,11,11,14,14,11,14,11,8,9,6,11,11,10,10,10,11,12,10,6,9,5,4,4,0,9,0,8,9,6,15,11,12,11,14,10,15,11,12,8,11,10,9,12,10,10,6,10,8,20,16,9,6,7,7,9,5,6,5,2,3,0,7,4,0,0,6,5,6,21,18,6,9,8,5,10,11,14,13,8,12,9,4,10,7,6,12,8,8,2,7,10,11,11,9,9,6,1,2,15,16,13,15,14,15,15,16,10,13,10,13,7,11,11,10,8,11,6,11,13,8,10,13,13,10,8,2,4,2,13,9,9,2,14,16,7,15,14,0,0,18,17,9,10,10,6,5,11,8,3,12,3,3,5,1,11,5,5,6,8,8,5,9,8,9,9,9,12,12,10,5,7,11,5,1,1,3,7,10,9,7,7,8,8,9,6,2,3,12,17,10,9,7,3,15,6,7,14,8,14,3,9,5,9,7,8,9,10,12,10,7,7,0,0,3,3,12,7,10,10,6,7,8,7,11,13,11,10,15,14,16,15,14,10,
12,7,7,9,4,4,13,16,13,15,17,14,19,15,18,14,18,4,15,8,9,19,7,11,12,11,9,12,11,13,10,11,10,8,8,9,11,11,11,6,6,6,6,6,5,6,4,1,5,5,0,6,7,16,12,13,15,14,12,9,9,11,6,14,10,11,12,8,11,11,11,8,10,12,7,8,15,8,7,7,3,4,2,9,8,11,0,0,0,7,8,10,7,9,7,7,9,7,11,12,11,9,8,10,8,8,9,17,7,13,12,0,10,11,11,5,17,7,14,14,2,10,8,16,16,15,16,15,11,11,12,10,13,8,10,11,11,14,9,9,14,12,5,9,4,12,11,9,4,3,3,9,10,10,2,15,15,18,11,2,14,0,0,6,10,9,7,13,4,6,4,6,6,3,2,4,2,4,14,6,8,7,9,9,9,8,10,10,11,10,12,2,4,8,6,6,5,8,7,4,7,6,10,14,14,9,9,9,7,4,7,16,11,11,10,1,3,17,8,6,10,15,5,6,8,9,8,13,4,4,6,6,14,10,3,0,2,4,3,10,12,13,6,12,11,8,8,12,4,11,8,14,8,14,14,14,
13,9,1,6,8,4,5,5,16,16,8,20,14,17,13,15,16,17,4,13,5,9,7,10,12,13,9,13,12,13,10,15,10,10,10,12,9,10,12,8,7,9,8,6,7,6,6,13,9,6,6,0,7,9,9,13,17,14,14,13,14,14,6,8,14,12,12,9,13,12,11,11,10,8,13,7,6,8,8,10,14,7,10,3,3,14,12,0,12,7,11,11,11,10,10,7,7,7,9,12,9,11,8,10,9,9,7,9,10,15,14,12,14,11,0,5,13,14,8,16,11,11,12,6,4,17,16,12,20,16,13,12,13,17,9,9,15,10,10,13,14,13,9,6,5,13,13,14,5,4,4,6,10,2,2,8,16,11,11,10,6,13,0,7,7,5,8,13,10,7,5,7,10,15,4,11,19,5,14,10,7,10,10,11,10,10,8,10,8,10,11,6,8,4,7,6,6,7,3,7,6,5,11,14,16,11,11,10,11,14,11,11,15,12,7,14,18,12,11,9,17,10,6,6,7,11,9,12,9,5,6,7,6,12,5,4,3,10,5,11,12,13,10,12,11,11,12,9,11,9,9,7,10,9,16,15,
9,11,8,7,7,6,5,16,4,16,11,21,17,18,18,18,17,19,4,18,9,17,11,12,14,12,14,10,13,11,13,11,12,11,15,9,13,7,9,9,7,9,7,15,7,13,14,13,9,11,12,6,10,16,8,10,12,14,15,14,13,15,13,12,15,10,13,14,14,15,12,11,12,17,8,12,17,6,7,8,14,9,7,12,15,13,12,3,14,12,9,12,10,11,15,8,10,8,10,10,8,11,11,9,10,9,9,9,18,9,16,14,14,11,0,4,14,4,10,8,11,12,11,10,5,7,17,17,16,13,17,13,10,13,15,16,15,11,10,15,14,15,13,9,12,14,12,14,16,6,6,8,3,2,1,0,4,11,11,11,5,14,14,16,7,12,9,8,13,14,12,9,10,15,4,14,18,6,16,9,8,9,12,9,8,11,9,9,8,12,12,11,6,9,8,7,4,6,8,11,10,5,15,15,12,12,12,12,11,7,14,13,18,15,8,11,19,10,11,11,9,11,11,9,10,7,12,10,13,11,5,5,7,12,7,5,10,10,11,8,11,7,12,11,13,11,14,8,10,10,10,9,18,10,16,16,
11,12,10,13,4,7,3,12,5,8,5,21,18,18,14,20,13,13,9,8,12,19,10,12,9,12,13,13,14,13,10,11,13,12,14,15,15,10,8,10,11,15,5,9,14,15,13,15,12,13,4,12,13,10,10,17,14,14,13,14,20,18,20,16,10,11,16,16,15,16,8,19,14,18,12,13,13,14,8,8,15,16,8,11,16,14,15,14,16,3,3,10,9,12,14,15,10,11,11,6,10,10,11,11,21,20,14,11,10,11,13,8,12,15,5,4,4,13,11,9,10,11,12,8,6,14,14,7,10,14,14,12,12,13,13,12,12,14,14,9,11,10,14,12,13,18,5,5,13,16,17,5,8,10,5,6,0,3,4,6,12,6,12,14,12,10,9,9,8,15,7,13,13,7,16,6,7,6,18,8,8,13,13,8,10,14,10,8,9,9,14,12,8,7,9,11,5,5,10,9,12,6,12,12,9,16,12,12,18,19,14,12,18,14,9,17,10,10,11,11,10,11,14,10,18,11,7,7,10,7,6,7,5,8,10,5,11,10,9,10,11,7,13,17,14,13,12,8,15,11,7,10,9,11,10,17,
11,11,9,13,6,11,13,5,13,6,7,12,18,19,8,17,9,14,24,8,9,9,13,5,13,13,12,14,15,13,15,12,10,15,15,15,14,13,11,11,12,16,6,16,24,7,14,15,15,14,14,14,11,11,11,16,16,13,18,14,17,22,21,10,12,18,17,17,16,15,15,15,11,15,9,13,14,13,15,8,18,11,10,18,17,15,15,11,7,6,3,10,3,5,10,16,10,11,11,11,11,8,11,11,20,9,14,11,12,14,13,17,18,14,12,14,5,11,13,15,13,12,12,11,7,6,16,9,11,15,15,14,13,13,7,13,13,13,11,11,11,15,16,13,9,14,8,8,7,14,9,6,9,10,10,8,1,4,7,7,13,14,13,14,13,11,11,11,10,8,8,18,9,15,8,16,7,7,9,19,8,8,7,11,13,6,15,10,10,6,8,9,12,11,10,18,11,12,10,10,9,6,14,13,7,11,10,19,19,20,9,13,13,8,18,17,13,13,11,15,10,13,11,11,9,18,12,14,9,9,8,8,6,6,6,8,12,12,13,8,16,13,14,13,15,14,17,14,10,16,19,14,10,10,11,17,
12,13,11,10,8,12,13,14,7,12,13,9,12,9,9,8,12,16,24,24,10,8,14,6,13,17,17,15,17,16,17,12,14,12,16,17,14,13,13,12,11,17,17,17,17,18,14,16,16,15,15,14,13,13,11,12,11,16,14,15,16,15,10,5,4,11,13,13,20,16,16,16,15,12,11,15,14,14,16,19,20,12,16,18,22,17,10,7,7,8,8,4,6,4,5,15,17,19,18,12,13,6,9,10,12,13,11,13,12,13,14,18,17,13,11,11,14,13,15,17,16,12,12,15,12,11,16,15,11,14,13,15,15,15,8,5,14,15,19,13,11,12,20,17,15,8,11,9,10,9,6,9,9,10,12,7,8,9,12,8,12,13,14,14,11,13,12,12,10,12,12,18,10,12,16,14,16,10,10,11,10,14,8,8,11,10,12,9,11,10,11,6,12,7,11,9,19,18,5,11,10,7,14,11,8,7,11,12,20,16,13,15,8,9,8,18,13,13,14,8,13,11,12,10,10,11,18,16,9,9,10,12,9,9,9,9,16,13,8,9,16,14,11,15,14,15,18,13,11,11,17,15,16,10,12,18,
13,8,15,16,13,10,11,14,13,8,7,13,13,12,12,13,11,13,17,25,11,7,17,7,6,15,17,15,17,18,11,16,18,13,12,21,19,13,14,15,10,9,18,9,17,29,9,23,14,14,16,16,12,5,11,10,8,15,17,16,16,12,6,6,12,12,13,14,13,18,21,16,13,10,15,15,18,15,21,15,12,13,16,17,13,10,15,10,10,10,8,9,6,5,10,13,20,19,12,20,15,14,13,19,12,11,13,10,13,15,15,15,16,13,7,11,7,14,6,10,16,13,12,10,14,12,13,13,12,13,15,15,16,15,13,6,5,14,17,14,21,12,21,14,16,14,9,7,10,7,8,8,11,12,12,11,9,10,9,13,10,9,17,15,15,17,13,11,12,11,8,13,3,13,17,3,17,9,10,9,15,15,15,10,12,12,12,17,7,11,8,7,8,14,12,11,17,8,8,21,11,7,12,8,11,8,9,10,12,12,14,14,7,8,20,18,17,14,11,12,13,17,9,13,11,11,17,6,10,6,6,16,13,17,8,13,9,12,13,10,12,15,11,15,16,15,19,20,16,16,15,17,17,15,12,12,
14,13,14,17,17,14,12,14,14,15,8,9,13,13,13,15,12,13,17,17,12,15,17,7,16,7,13,16,15,20,13,14,15,14,14,20,9,20,11,7,15,12,10,11,9,9,30,25,26,14,15,14,17,12,6,17,9,18,17,16,12,17,7,10,12,13,11,13,13,17,21,20,13,18,11,21,15,17,16,18,18,10,14,17,9,11,11,11,11,10,15,9,5,7,10,10,15,13,14,13,13,13,17,10,19,18,13,17,13,16,13,16,18,17,15,8,15,22,7,15,13,13,13,19,14,10,19,18,12,15,20,15,15,15,14,13,9,22,15,21,14,21,22,17,16,14,13,7,9,8,8,19,19,10,10,11,10,11,18,15,13,14,17,18,17,21,16,14,12,13,13,7,12,3,3,4,3,4,10,10,11,11,7,13,12,13,12,19,17,8,12,9,12,14,14,6,18,10,8,18,9,12,6,8,9,9,9,10,10,12,17,12,15,9,17,17,8,17,11,14,15,11,10,12,18,18,17,6,10,7,7,6,11,7,16,16,10,17,13,18,13,17,18,16,19,14,16,16,17,18,18,16,17,18,16,12,
16,14,15,15,18,15,16,15,11,8,9,9,13,11,14,17,17,15,18,18,18,12,17,18,14,17,15,15,10,19,12,22,23,10,15,14,21,10,17,16,19,15,12,11,11,10,14,29,27,18,15,15,12,13,9,12,17,17,17,16,12,13,8,13,13,15,17,14,14,14,17,17,17,21,22,21,24,18,12,16,19,14,11,16,10,12,14,11,11,12,13,16,6,7,6,15,16,16,12,14,13,16,17,15,15,13,14,14,13,15,17,16,18,15,16,17,15,16,12,14,15,13,14,13,16,17,14,11,17,13,22,23,16,10,14,14,19,10,23,15,18,21,10,21,10,17,14,14,8,13,9,13,20,10,11,12,11,11,16,17,17,17,19,18,22,20,21,15,15,13,14,12,12,12,12,8,4,12,14,14,17,16,13,15,12,15,11,21,20,18,22,13,13,12,13,13,10,11,16,18,18,16,18,7,17,8,10,10,10,11,8,18,14,16,19,16,11,16,12,16,19,15,14,13,22,14,17,16,7,5,7,6,5,7,17,14,15,15,14,12,15,13,12,16,10,17,15,15,19,19,17,18,16,17,15,17,
18,19,23,17,16,18,16,19,17,16,10,18,18,18,12,12,18,19,19,18,12,11,13,13,19,18,16,16,11,11,11,22,23,13,11,11,22,22,15,20,10,11,14,13,13,11,14,30,13,21,11,14,16,12,22,10,13,19,18,17,12,15,8,9,14,13,13,16,15,19,20,22,18,14,16,18,20,23,14,12,16,18,15,17,17,15,12,17,14,14,14,13,21,7,16,16,17,15,15,16,21,16,17,16,16,14,17,11,14,14,15,17,17,16,22,17,13,20,16,11,13,15,14,13,12,13,15,14,21,19,18,18,13,10,10,16,11,19,19,16,14,18,8,24,10,18,18,19,19,6,14,12,8,14,15,11,11,14,13,12,11,11,18,19,23,21,19,23,20,11,9,11,13,13,6,9,6,6,13,13,15,13,13,16,12,12,23,10,11,20,23,23,14,13,16,11,8,12,10,19,10,11,11,7,10,9,9,8,11,14,15,22,14,15,14,21,20,16,16,13,17,17,18,15,21,22,21,21,11,6,17,7,17,7,8,9,16,15,15,16,19,13,12,16,14,18,16,15,21,19,16,19,16,17,17,17,
18,16,18,24,18,18,24,20,16,21,13,18,19,20,18,13,23,17,17,19,21,12,13,14,15,13,20,14,17,16,23,20,22,15,14,16,19,16,14,14,14,16,14,14,14,14,12,15,13,16,14,16,14,22,22,13,14,14,14,19,12,14,16,11,15,16,14,18,19,19,16,22,21,21,23,19,19,14,23,13,21,14,18,18,16,18,16,19,11,13,13,16,13,17,18,24,14,15,12,14,21,18,17,20,16,19,18,15,17,18,16,15,18,16,19,18,20,26,11,19,18,17,16,14,13,15,14,14,12,13,15,20,10,24,13,14,24,10,9,14,11,19,24,22,12,16,14,20,8,18,24,23,4,8,15,12,13,15,15,12,14,11,22,13,19,23,21,25,20,10,10,13,14,14,15,7,7,7,5,15,14,16,13,13,11,18,23,20,11,14,18,19,18,16,16,21,7,21,11,18,11,12,12,12,21,10,10,9,10,8,7,23,18,18,14,21,14,17,14,15,17,16,18,17,10,15,22,21,21,26,8,27,18,7,9,22,17,21,17,12,14,16,14,14,18,19,16,14,21,20,19,17,20,20,18,18,
16,17,16,16,20,19,19,20,17,19,14,20,19,18,18,21,23,12,18,20,19,13,3,17,16,16,20,18,17,17,22,20,14,14,24,17,16,16,16,19,20,18,22,13,7,13,14,15,16,14,17,16,14,15,17,12,14,13,11,12,9,13,14,12,16,17,15,17,19,19,18,22,20,15,28,22,25,20,14,25,21,12,15,19,21,22,19,18,11,15,17,14,13,24,19,20,17,23,12,18,15,22,23,21,19,15,19,16,17,15,25,20,16,19,18,19,21,17,25,18,18,13,17,18,14,14,15,14,14,14,16,10,10,26,14,12,11,13,10,25,15,11,24,22,14,16,13,15,8,8,14,25,6,9,17,14,14,16,16,17,13,23,23,14,17,19,21,21,23,23,27,13,17,13,16,16,13,14,16,16,21,15,18,22,13,15,19,23,19,20,14,21,20,18,17,19,22,21,13,13,18,18,17,9,16,21,20,10,11,12,16,18,16,20,19,18,15,16,18,14,15,11,12,14,11,25,15,16,15,27,28,28,20,19,8,19,17,21,17,13,15,15,14,17,19,21,18,17,15,19,21,21,22,20,19,20,
17,18,20,23,20,21,20,18,22,19,13,21,21,18,18,10,9,13,20,13,20,19,4,17,17,16,16,21,18,18,18,14,15,15,23,18,21,16,17,20,16,15,15,7,8,8,20,21,17,16,15,17,17,24,14,17,12,13,13,13,11,19,11,13,21,20,18,15,20,20,20,17,21,16,15,21,24,26,20,25,23,22,15,15,15,18,23,15,12,17,19,22,14,21,19,13,21,22,9,14,12,22,23,24,23,20,19,20,21,16,20,16,22,9,19,24,19,17,26,19,19,18,19,15,16,16,16,17,15,14,15,13,12,13,27,13,11,25,14,16,16,17,18,24,18,19,17,16,17,9,17,24,13,8,16,17,15,15,17,18,19,18,23,11,18,22,22,23,23,25,23,27,21,19,16,17,17,17,17,17,16,22,19,19,20,12,14,20,21,21,18,21,20,14,20,20,20,20,16,14,14,13,19,18,16,17,14,11,12,22,16,17,16,18,18,18,16,17,20,14,15,18,18,14,14,12,23,16,16,28,29,29,20,13,19,11,22,21,21,20,16,16,20,16,19,16,16,17,19,18,19,18,20,19,20,21,
22,17,20,21,25,19,21,23,22,14,19,14,22,20,19,21,15,18,22,14,21,20,20,19,18,13,22,21,22,18,21,16,15,15,15,24,17,16,17,19,16,18,16,15,16,14,14,25,21,17,19,21,15,13,17,14,18,23,14,25,12,17,20,20,21,17,22,19,25,23,20,21,19,17,25,20,21,21,25,27,19,22,23,23,16,18,15,15,15,13,18,22,22,22,13,13,21,15,10,11,21,24,23,24,24,21,19,20,12,21,21,14,22,25,10,17,20,23,18,26,15,14,11,15,19,17,16,17,17,21,16,12,14,14,12,19,14,20,27,20,19,18,16,23,18,21,20,17,10,24,18,24,25,9,12,18,17,15,18,19,20,21,18,12,26,26,20,22,21,25,24,21,16,23,17,13,18,20,17,15,17,24,23,21,23,20,15,16,21,21,18,18,21,18,22,18,20,18,16,17,18,16,16,18,18,18,24,11,12,15,16,27,24,17,21,18,19,16,19,16,15,19,19,22,13,16,17,18,27,16,28,29,14,16,13,11,11,17,22,9,21,15,16,15,19,18,21,18,19,16,18,19,21,20,22,21,
21,21,21,18,19,22,24,23,23,15,15,16,16,21,20,20,19,23,19,22,16,22,22,6,16,14,17,19,21,13,21,18,14,15,16,17,17,18,18,13,17,18,21,17,16,20,25,13,15,22,13,20,19,16,19,19,18,18,23,26,26,13,21,21,19,18,18,25,21,19,23,21,19,18,19,17,18,22,20,21,23,17,24,23,24,22,15,15,20,20,18,17,19,20,16,23,21,26,16,26,22,22,24,19,21,21,21,14,13,22,21,22,15,8,24,20,17,24,18,16,20,14,11,11,16,20,19,18,17,17,13,13,13,14,21,23,20,16,27,24,17,19,17,25,24,23,20,18,16,10,6,11,9,10,14,11,19,20,15,19,18,21,18,12,13,13,20,23,22,18,18,22,21,20,24,19,14,18,21,19,21,19,17,18,22,19,24,16,20,22,15,18,16,19,18,19,18,18,19,18,22,17,18,23,14,10,10,8,16,13,23,25,24,22,17,21,19,19,20,20,18,14,21,19,15,15,19,16,29,17,17,16,18,22,16,16,12,12,25,10,9,16,16,17,20,18,20,18,23,18,21,19,15,22,22,18,
20,21,15,23,20,14,17,24,24,19,22,17,22,20,21,14,22,21,24,23,23,22,19,7,8,18,18,18,17,18,20,20,15,22,16,18,20,20,21,14,12,17,17,15,15,17,19,25,15,16,24,22,21,20,20,18,22,19,14,24,13,14,22,21,22,18,21,20,20,26,17,13,20,20,18,19,20,19,17,18,23,24,23,25,23,25,16,20,16,16,20,16,18,20,20,18,23,26,22,22,24,23,25,18,18,22,22,25,15,21,20,22,20,9,27,25,19,17,18,22,21,12,12,12,21,17,20,25,20,24,24,14,22,28,22,20,23,17,17,23,25,20,20,22,22,22,19,17,17,17,10,12,25,15,15,17,23,20,20,17,17,22,20,14,19,24,22,20,22,19,19,18,21,18,23,25,25,20,19,20,20,17,21,18,18,19,17,19,22,20,22,18,20,18,17,19,20,18,16,20,16,23,22,18,23,11,18,9,18,19,18,24,16,20,22,23,21,20,22,19,17,15,15,14,16,23,21,18,21,16,18,18,20,19,15,13,20,13,22,19,11,12,23,18,22,19,21,19,23,21,19,23,21,15,16,18,
25,22,14,14,23,18,20,16,21,23,19,17,25,23,14,20,24,23,21,24,22,23,20,8,19,22,19,19,20,18,20,17,16,16,19,19,17,19,21,16,17,14,17,16,20,19,20,27,28,22,23,24,21,22,22,19,19,25,14,14,14,25,15,25,19,22,21,18,20,27,19,18,20,20,20,18,19,20,26,18,24,24,19,23,25,25,21,17,17,19,17,18,17,21,18,18,24,24,12,25,23,24,26,21,26,21,23,23,24,21,13,19,21,22,24,28,27,19,18,17,17,16,16,13,16,18,15,17,23,22,25,21,22,29,29,29,15,15,16,22,26,19,23,25,23,22,22,18,18,18,19,11,25,13,15,14,19,23,20,22,19,19,15,20,20,14,24,21,18,19,25,22,18,18,19,18,23,19,22,20,21,18,21,17,20,17,18,22,20,20,20,21,19,19,18,18,21,20,20,16,16,24,20,19,15,24,17,17,19,20,21,19,19,17,18,21,20,22,24,18,17,17,22,15,15,17,17,16,17,17,17,21,20,20,19,17,13,21,20,21,14,13,12,21,22,22,21,22,22,18,22,16,19,21,17,16,
15,22,26,25,30,19,22,18,21,20,23,23,23,23,19,20,21,23,23,21,22,23,13,8,7,19,12,20,21,20,20,19,21,17,16,19,17,17,21,17,17,22,22,19,18,23,19,21,27,18,20,15,22,22,23,23,19,24,18,22,15,22,24,26,15,20,15,19,20,19,19,19,18,20,23,13,22,21,18,19,20,17,20,20,22,24,21,21,21,22,20,20,16,17,18,17,23,24,23,24,25,24,25,28,27,21,16,24,18,22,14,22,22,21,28,25,26,28,20,19,20,18,16,17,16,18,19,23,23,23,16,22,22,23,20,17,13,15,24,23,19,20,25,23,25,23,23,21,21,20,22,22,17,26,22,15,14,16,19,20,20,25,18,22,16,31,20,25,19,24,22,17,22,19,22,19,19,20,23,22,24,21,18,19,18,21,18,26,23,24,20,19,18,19,22,19,20,21,21,18,24,24,19,21,20,25,18,21,18,20,21,24,22,19,19,27,28,28,28,20,17,18,21,16,16,17,17,16,19,22,17,16,20,14,19,14,22,15,19,22,22,14,21,21,23,20,20,21,22,18,23,16,17,16,17,18,
19,24,27,28,17,20,18,17,20,21,19,14,24,16,14,20,23,24,22,23,23,14,8,9,13,18,20,13,14,22,18,23,17,18,17,18,18,24,27,20,18,23,23,24,23,19,22,22,24,28,23,20,21,15,24,14,21,18,17,23,23,22,23,24,27,16,17,15,20,22,19,19,19,21,21,20,20,22,20,18,19,18,18,18,22,24,25,24,20,21,23,20,15,18,22,19,21,19,22,14,15,25,20,27,28,18,23,16,14,18,17,24,22,22,22,17,28,29,22,21,24,18,18,16,17,24,20,20,26,23,24,20,18,20,20,18,17,24,15,14,26,26,27,26,26,17,24,22,19,22,22,21,24,23,23,24,23,24,20,20,22,25,27,28,18,17,19,23,26,20,24,22,17,14,20,20,20,24,19,15,24,24,24,20,20,28,19,26,24,24,20,19,22,18,22,25,20,22,31,18,27,24,25,25,25,20,22,21,20,17,22,21,23,21,29,28,29,29,29,31,18,18,18,16,25,26,27,18,22,22,24,18,21,21,19,15,24,15,22,23,23,21,22,22,21,20,20,22,25,21,19,22,18,19,18,19,
25,31,25,30,27,19,20,19,27,18,19,22,14,19,20,15,15,24,25,25,24,23,27,8,18,20,18,14,18,19,23,24,18,18,23,21,19,22,25,19,20,26,25,22,22,24,24,23,23,25,19,20,17,24,15,17,17,25,19,20,23,25,23,24,17,17,30,30,25,18,21,19,20,22,19,15,20,21,18,22,19,19,18,20,22,24,26,25,23,22,16,21,22,14,23,21,19,19,16,15,16,15,24,20,19,19,31,16,16,15,18,18,25,23,22,18,23,24,23,23,22,25,23,18,16,22,24,25,27,28,25,19,19,25,21,18,18,24,25,22,26,27,27,25,25,26,15,23,26,20,16,16,22,24,23,18,23,18,21,22,22,21,27,30,27,19,18,20,23,24,26,25,23,22,15,15,26,24,16,14,19,24,25,20,25,18,19,20,23,25,25,21,22,22,20,23,25,19,32,32,30,25,25,25,25,19,21,24,22,17,19,20,24,22,23,24,28,26,29,29,20,25,17,16,20,18,26,25,25,29,20,17,19,24,17,24,20,25,22,23,24,22,23,21,21,22,21,22,22,19,21,19,20,22,22,21,
26,23,32,27,26,28,23,14,27,29,17,18,16,21,25,24,20,24,23,25,25,22,28,22,9,19,23,21,23,14,20,24,23,18,24,20,17,23,29,26,28,26,25,23,24,24,24,19,22,24,25,29,20,21,16,17,17,18,21,21,21,21,29,23,33,32,31,20,26,16,18,26,18,20,23,20,25,23,22,23,25,20,19,26,20,20,25,24,25,24,21,22,16,21,21,20,19,25,22,23,16,16,20,21,18,19,24,18,17,16,29,15,25,24,19,19,19,24,29,29,22,19,19,22,22,18,22,23,27,28,25,29,20,19,19,19,24,24,25,25,26,24,21,26,22,27,24,25,17,27,19,22,17,24,23,20,23,17,17,23,22,24,25,28,28,27,17,17,17,18,21,20,22,24,16,23,16,17,17,16,21,21,28,23,25,19,26,27,23,20,28,22,22,20,20,20,23,24,20,20,31,20,27,22,25,20,27,22,24,23,20,23,16,26,23,23,30,29,26,31,29,21,22,25,17,22,22,28,25,24,19,21,19,18,26,24,23,21,23,23,24,21,25,20,21,22,20,24,22,22,23,20,20,20,23,21,
22,28,19,26,25,26,25,25,27,24,17,28,22,21,26,22,24,25,24,28,20,23,25,28,21,25,28,22,28,22,16,25,16,18,20,21,21,16,29,30,28,29,27,24,25,24,25,18,20,24,26,23,22,22,16,17,15,19,16,31,29,32,31,29,25,29,27,30,27,29,19,21,18,20,24,23,22,25,24,23,27,22,25,24,27,21,22,21,20,24,25,22,17,26,22,23,20,22,19,23,24,24,25,22,28,20,20,22,17,18,21,28,27,17,21,21,19,27,29,23,23,25,18,20,24,23,24,26,24,20,22,24,29,24,26,20,20,25,25,24,27,24,28,27,23,17,19,31,25,22,19,18,24,23,20,21,20,19,18,21,26,25,29,29,26,29,21,17,19,21,25,24,23,22,25,20,23,20,22,21,22,23,26,27,27,22,27,29,27,30,27,28,28,23,21,21,25,23,23,33,17,23,19,28,23,24,28,30,22,25,22,19,25,25,25,22,23,30,26,19,31,22,22,27,26,20,23,23,25,31,24,18,18,24,24,26,25,24,20,24,23,22,25,22,23,23,22,23,23,23,22,24,23,21,21,22,
19,28,16,24,26,17,14,19,26,24,24,29,16,23,20,18,18,25,25,23,28,25,29,28,22,22,26,29,28,23,16,16,28,19,22,27,20,27,32,30,31,33,24,29,25,23,25,24,20,20,16,23,31,22,24,27,17,20,30,30,29,20,31,28,28,30,29,27,21,30,30,30,33,21,20,18,22,25,23,25,25,27,24,24,23,29,27,22,22,20,18,25,23,26,23,23,25,23,25,27,23,24,25,26,28,30,27,26,21,23,22,24,18,17,17,19,17,25,28,24,28,23,21,17,23,24,23,24,25,27,28,28,27,26,26,22,20,25,25,28,25,27,23,29,22,18,19,28,32,31,21,18,19,22,23,24,25,23,28,25,22,26,26,25,26,30,22,23,27,29,26,28,25,24,21,25,25,21,21,19,21,22,27,21,21,24,28,31,27,30,23,25,29,22,24,22,25,24,25,24,18,28,24,29,31,16,29,30,22,22,23,20,19,25,22,23,23,21,29,19,32,27,22,27,27,24,22,20,19,28,24,20,22,18,17,25,23,26,25,23,22,28,23,22,22,25,20,21,23,23,25,23,25,24,22,21,
24,20,30,20,19,18,27,15,20,27,25,18,28,21,20,22,29,22,27,26,28,25,26,29,23,22,30,30,29,30,25,25,19,19,22,28,21,27,24,33,32,22,26,30,27,25,24,26,25,20,21,15,16,25,23,24,27,24,30,31,31,26,32,32,29,32,23,30,31,22,24,23,23,33,33,25,23,26,24,25,28,28,25,24,24,27,28,31,25,21,21,18,22,19,22,24,26,26,27,24,23,24,23,24,29,29,26,22,25,30,23,26,25,29,26,18,21,22,24,28,30,24,23,20,29,25,24,25,24,22,21,27,27,29,24,27,22,22,27,25,29,26,20,24,23,26,26,27,28,22,23,27,20,23,23,23,20,26,29,25,25,25,27,21,26,23,23,28,28,30,29,22,27,26,25,28,21,27,22,19,19,22,23,25,22,25,22,24,30,28,22,31,26,27,23,25,21,25,25,19,25,23,27,30,22,31,17,31,22,23,21,21,27,29,28,24,22,22,28,25,31,31,28,22,26,27,22,24,32,25,29,25,26,27,18,18,23,24,23,30,22,29,29,26,23,24,21,24,22,23,23,24,24,25,26,23,
26,25,21,25,25,18,18,27,23,17,28,20,19,24,25,22,24,19,27,19,29,22,29,30,30,30,28,33,30,29,30,25,25,25,29,30,21,24,27,22,33,25,27,31,28,28,24,16,26,33,21,20,16,26,29,30,19,18,30,23,32,32,31,33,33,28,23,28,26,24,23,29,24,23,33,25,26,23,26,24,28,28,25,24,22,27,29,22,22,26,22,21,18,19,24,22,32,27,28,30,30,25,21,24,25,24,24,24,26,27,24,24,30,23,28,22,21,28,23,23,29,24,23,21,21,19,30,25,30,24,26,23,30,29,24,23,23,23,28,30,26,26,27,21,29,27,26,26,23,22,20,26,25,24,25,25,24,23,28,30,28,24,27,32,26,25,25,29,27,30,28,29,25,23,27,28,22,22,29,24,27,20,21,26,26,25,23,26,25,26,31,23,26,28,24,20,24,26,25,24,19,20,32,27,27,27,18,24,28,23,26,20,21,26,29,22,29,24,27,29,31,32,31,24,27,28,26,26,33,25,26,25,26,28,18,18,24,28,23,23,31,29,30,28,22,29,24,23,24,23,24,23,24,26,26,26,
26,28,23,27,26,26,32,26,33,18,28,26,29,22,26,20,22,23,20,23,24,28,23,22,24,23,29,30,31,31,29,26,28,27,29,31,23,24,28,25,26,30,31,27,29,27,30,16,26,33,29,22,20,26,25,25,25,24,26,24,24,29,26,27,34,24,29,23,28,22,25,24,30,24,31,26,27,27,26,22,28,25,26,26,25,27,21,23,22,22,25,25,22,27,30,29,27,31,28,31,31,24,24,21,25,25,23,24,28,28,21,28,30,24,29,22,28,29,25,23,18,30,24,24,24,28,29,30,24,26,27,24,28,30,25,24,26,23,17,31,30,27,27,22,27,28,24,24,24,26,20,20,26,26,28,25,22,31,31,28,30,26,28,26,24,31,26,29,29,28,28,23,24,25,24,25,23,26,18,29,27,28,25,28,27,27,26,30,25,26,30,25,25,23,27,29,25,24,26,26,24,20,28,28,28,25,28,21,24,28,25,28,22,31,27,24,28,25,28,28,30,27,31,33,23,25,21,28,23,25,22,27,27,24,27,28,21,25,24,25,25,28,31,28,29,23,31,26,26,31,24,26,25,26,28,27,
29,26,27,27,28,27,32,32,28,18,19,25,29,29,20,24,20,33,21,23,25,29,25,31,25,31,33,33,33,31,32,32,23,27,22,30,23,23,28,24,29,31,28,28,28,29,27,19,17,29,29,28,27,22,24,23,25,29,20,26,26,30,30,25,28,28,30,29,29,30,25,28,31,30,23,24,27,27,21,22,24,25,29,26,26,22,25,24,23,23,27,27,25,29,30,28,26,27,28,33,32,29,26,27,22,28,31,25,24,33,26,23,29,28,29,26,23,30,20,19,25,30,28,25,28,28,28,30,25,30,25,25,30,24,25,24,26,26,18,21,20,32,30,27,28,24,23,23,24,26,27,26,26,27,26,27,27,32,22,30,28,29,29,25,27,23,31,20,30,29,21,27,26,26,35,25,26,25,28,28,26,28,28,26,29,30,29,28,24,26,25,27,25,31,31,22,29,26,31,27,30,29,17,29,28,25,26,22,29,25,24,26,29,31,23,24,33,30,28,29,28,28,34,35,27,26,22,28,25,25,23,20,26,25,25,27,22,24,32,25,29,29,32,30,31,32,27,27,27,29,30,26,28,25,27,28,
30,30,33,35,27,32,29,32,30,31,20,20,25,21,21,25,26,21,26,22,25,27,26,25,26,30,32,32,34,30,33,25,33,23,25,23,32,24,27,25,26,31,24,28,34,30,29,31,33,32,30,30,27,22,23,23,23,24,19,30,29,23,31,26,26,25,30,22,30,25,30,27,28,27,24,26,25,34,24,22,30,26,26,29,27,31,28,28,23,24,24,23,29,27,31,31,26,25,29,25,29,28,27,27,28,28,28,25,25,34,27,25,30,21,29,27,27,31,26,20,22,22,32,29,32,28,32,29,31,25,26,26,30,26,25,29,27,18,19,21,20,30,30,31,31,26,26,25,24,27,27,27,28,27,27,33,33,24,23,26,28,31,30,25,26,25,25,27,20,29,27,23,23,31,26,26,35,27,27,23,25,26,20,28,29,25,24,32,29,24,28,28,27,25,27,27,27,29,26,33,30,30,25,18,18,27,24,26,27,25,31,29,26,30,23,24,31,27,30,30,30,30,34,35,25,27,28,22,26,25,21,26,22,30,29,28,28,27,24,24,29,27,31,33,31,31,28,28,28,27,31,28,28,29,26,28,
30,25,30,30,30,24,30,33,33,33,29,26,25,27,33,25,26,35,22,37,31,30,27,29,28,25,31,27,34,34,30,29,25,33,33,31,26,32,28,33,26,27,25,29,29,30,29,29,35,30,31,27,32,29,28,23,23,25,21,21,29,30,27,30,26,26,25,31,34,26,35,29,28,27,28,26,31,35,29,25,26,31,33,27,29,33,28,27,24,26,25,26,25,28,29,26,27,33,29,26,31,24,28,28,26,31,29,28,29,24,25,24,24,22,30,26,25,27,28,21,22,30,29,24,33,33,33,30,28,26,29,27,31,28,27,29,25,28,20,19,23,31,25,28,30,33,25,26,24,25,26,28,26,27,28,28,28,25,33,32,27,31,30,28,26,27,26,23,22,20,29,24,25,25,30,35,26,27,29,25,23,26,25,29,24,26,25,32,32,26,29,27,28,29,28,28,29,30,28,27,27,35,32,27,23,23,26,28,24,24,26,30,23,27,35,33,34,28,30,32,30,29,34,31,27,33,24,27,22,29,22,31,26,27,28,28,28,24,25,30,34,28,26,33,33,32,33,35,29,29,28,23,29,29,26,28,
29,27,25,30,29,25,33,34,33,33,32,26,28,28,32,33,34,27,36,37,33,24,31,27,29,26,26,27,26,33,27,33,35,34,34,26,33,33,34,30,28,30,30,31,30,30,35,30,33,34,32,28,28,30,31,26,21,25,21,29,21,28,27,28,31,31,23,24,24,34,35,35,32,28,28,29,31,32,29,20,23,27,33,28,30,30,28,28,33,29,29,26,27,26,29,28,33,34,34,29,27,25,26,28,27,34,32,26,30,26,30,28,27,28,22,27,26,29,30,22,29,30,30,30,35,25,34,23,28,30,24,29,32,28,31,29,30,25,20,20,29,31,26,26,30,33,32,31,25,26,33,28,32,30,30,30,31,26,29,27,29,26,24,26,29,26,28,27,33,21,29,27,34,36,31,27,35,26,30,37,26,27,29,26,27,27,28,31,35,29,29,29,28,29,30,28,31,28,28,27,30,35,32,26,27,27,27,26,25,24,24,31,28,27,28,37,34,28,27,31,32,30,30,32,30,21,25,23,34,28,27,31,30,28,29,29,29,31,26,29,36,39,28,34,34,33,33,35,27,32,30,27,31,23,30,27,
30,30,26,31,29,29,27,28,24,35,32,34,27,29,26,26,35,33,30,35,34,30,31,32,33,30,26,28,26,25,33,34,30,35,30,27,31,33,32,31,35,26,30,30,31,31,32,30,35,34,29,28,30,30,38,27,27,26,22,23,30,26,28,28,23,31,24,26,25,30,33,29,31,35,28,30,31,30,30,27,24,21,28,30,32,32,31,30,28,28,28,28,31,26,28,29,26,26,34,28,30,32,28,29,31,26,34,24,25,30,29,26,28,28,23,23,27,33,28,26,23,30,30,30,31,29,25,24,32,31,24,32,30,33,31,30,30,30,27,27,29,30,32,32,29,31,26,31,26,32,33,32,33,31,31,32,35,31,31,28,33,23,25,26,27,26,28,27,31,28,34,27,37,35,34,36,28,27,36,28,26,27,28,29,27,28,29,25,30,32,30,31,30,31,33,29,36,32,30,31,29,30,26,27,28,27,29,32,27,25,28,32,31,27,30,36,37,26,25,29,29,29,31,33,33,25,23,24,34,29,35,28,30,28,29,36,28,29,29,31,37,39,28,40,34,34,34,35,34,28,29,35,25,24,29,31,
29,27,31,31,28,37,28,30,32,32,31,34,30,27,29,27,28,32,31,31,31,30,30,31,26,33,32,33,25,25,37,28,34,35,24,24,28,32,27,30,36,31,29,30,31,33,30,24,23,35,31,38,31,38,31,27,27,29,29,28,24,22,30,29,28,27,25,29,31,31,30,35,32,34,34,29,30,31,28,28,30,23,29,33,33,33,32,33,31,27,28,28,31,25,29,28,27,33,34,29,28,32,28,28,30,30,31,25,27,30,30,27,34,26,27,26,24,36,34,27,29,34,28,31,31,33,26,27,25,26,25,25,30,35,34,32,31,32,28,28,27,30,27,32,31,27,27,29,28,32,27,31,32,32,32,33,33,32,28,32,32,31,25,27,26,27,29,29,31,32,35,35,38,36,35,35,36,30,31,29,29,30,32,32,28,26,29,33,32,32,37,33,32,32,32,34,30,32,30,33,33,31,34,34,30,27,34,32,28,26,28,24,27,26,31,26,29,26,27,30,30,29,30,33,33,25,26,24,23,34,28,33,30,29,29,36,27,31,29,32,38,23,24,41,32,37,35,37,37,29,32,34,34,30,29,31,
29,28,31,31,36,31,37,32,38,25,34,34,26,33,26,31,34,29,30,33,33,31,31,30,31,27,32,26,26,25,30,26,31,35,31,25,30,28,37,32,31,32,33,31,33,33,32,28,22,33,32,32,35,32,33,36,32,30,30,28,34,34,28,32,28,34,26,26,26,31,30,32,33,37,37,33,29,32,32,33,30,24,24,32,34,32,32,31,31,27,27,27,29,28,29,27,28,28,27,32,33,31,32,29,30,33,31,30,28,31,31,37,35,28,27,39,31,35,34,34,29,29,35,28,27,33,26,28,27,26,26,30,30,29,34,30,38,29,33,29,28,27,28,28,29,35,28,27,29,33,36,32,33,32,32,33,34,33,28,33,28,24,24,35,29,28,28,29,31,29,33,36,33,31,36,36,35,33,32,30,31,32,32,28,28,24,25,31,33,32,33,32,33,33,33,33,35,35,35,35,31,34,35,26,28,28,29,31,30,29,26,25,29,26,41,30,29,29,29,28,29,30,30,30,35,28,31,27,26,32,32,38,34,30,32,39,27,30,30,30,33,31,37,30,41,31,37,35,35,38,32,33,35,35,36,36,
36,31,29,31,33,37,27,31,39,28,27,24,27,35,34,27,35,32,31,34,33,35,30,30,33,35,24,35,26,26,30,27,26,28,32,27,31,31,31,29,31,29,33,32,29,34,29,34,29,24,33,32,30,33,38,37,30,33,32,32,35,33,35,34,28,36,35,30,27,26,34,32,28,28,30,32,30,32,33,33,33,36,26,26,32,33,36,27,32,34,31,28,30,30,29,32,29,31,32,32,31,29,35,29,31,34,32,37,30,30,39,34,35,31,28,40,32,36,34,36,32,30,30,29,32,26,28,36,28,26,28,32,31,30,33,36,33,34,30,33,33,28,29,29,30,29,29,36,29,33,32,34,35,35,31,32,32,33,28,34,29,28,26,35,30,29,29,28,31,30,28,36,32,37,31,37,32,32,37,32,34,28,29,32,29,30,31,32,33,37,33,35,34,33,33,28,36,35,30,34,34,36,28,30,29,29,30,31,29,30,34,28,29,31,28,41,29,30,31,29,29,31,31,30,36,30,31,31,30,33,32,38,38,31,34,37,38,38,34,31,32,32,32,32,31,31,39,25,36,27,38,33,34,37,35,37,
34,28,28,29,37,38,32,32,39,39,35,26,25,26,35,30,35,32,33,32,35,32,31,33,33,32,25,36,35,27,29,28,28,29,28,34,32,30,32,37,30,32,36,32,26,32,32,34,34,30,33,33,38,36,34,34,30,33,36,34,33,35,38,31,29,34,36,29,30,29,32,31,29,36,29,27,32,33,31,37,34,37,29,35,31,34,34,28,32,34,32,32,30,30,29,32,35,29,32,32,29,31,28,31,35,31,33,29,41,32,39,39,37,36,40,40,34,30,28,31,34,31,32,39,39,29,39,28,27,27,29,33,33,32,32,31,33,33,31,32,34,31,28,29,30,30,29,30,33,34,33,37,37,35,35,35,30,30,32,34,35,33,30,31,30,31,29,30,30,31,36,35,32,26,36,33,37,33,31,31,25,29,31,30,31,31,27,33,34,34,32,35,35,34,34,30,36,32,37,32,35,36,33,29,30,27,31,32,29,31,36,35,29,35,35,29,35,30,32,29,31,29,34,32,37,35,31,32,31,31,30,35,37,32,32,32,36,39,39,29,32,33,32,30,34,32,33,35,27,36,27,39,38,34,35,37,
35,38,34,29,35,34,32,32,30,40,31,35,36,40,34,38,37,33,33,33,36,36,36,32,26,34,34,37,36,28,26,34,28,33,28,28,34,31,31,37,33,31,32,34,36,34,37,39,34,37,33,34,35,32,37,28,32,32,32,37,35,37,33,37,34,29,35,39,34,30,31,33,37,36,37,38,33,34,38,40,36,37,37,35,28,31,33,34,28,31,32,33,31,35,31,30,33,32,35,36,30,32,29,28,36,31,33,35,30,40,31,30,34,36,32,40,35,35,33,32,31,33,31,32,39,39,38,40,37,27,37,29,32,32,33,31,36,34,32,32,35,32,32,36,38,37,37,35,31,31,32,38,36,35,33,37,32,31,30,32,35,31,31,30,35,32,31,31,33,32,26,37,31,32,37,32,34,32,33,29,33,26,28,30,31,31,33,28,34,29,36,36,32,33,33,33,29,30,33,33,37,36,34,34,38,30,30,31,35,36,36,33,30,36,35,31,35,32,33,34,36,36,31,37,36,29,32,31,32,32,36,34,35,38,33,33,39,37,40,38,30,28,34,34,34,34,35,36,34,36,36,29,27,28,39,37,
37,29,34,33,35,31,35,30,32,32,31,32,36,33,35,33,33,36,34,36,33,34,33,37,33,34,36,36,32,34,27,35,33,33,32,28,32,31,31,32,31,35,35,37,36,36,39,38,30,35,32,36,31,30,33,32,28,32,33,33,36,38,34,37,36,36,30,39,31,35,31,33,35,37,36,36,36,38,37,28,37,37,37,31,33,29,28,33,35,32,34,35,32,38,31,33,32,37,32,29,36,30,36,32,32,33,32,29,31,29,33,30,31,31,34,39,34,32,34,34,32,31,33,33,31,39,38,39,34,28,37,31,30,33,33,32,31,37,31,33,27,36,28,29,35,38,33,35,36,32,35,38,33,36,33,38,33,33,36,31,36,31,27,30,35,30,33,32,34,32,29,34,32,33,32,33,32,34,33,35,33,33,36,37,32,32,34,33,34,29,33,38,33,37,35,33,33,32,32,37,34,38,35,25,35,37,31,34,34,32,32,35,37,36,35,30,37,32,33,31,30,38,30,32,38,30,29,32,33,37,34,35,38,37,35,33,35,42,37,37,33,29,29,34,34,35,35,35,35,35,32,29,34,28,36,38,
38,30,31,36,34,32,36,32,36,32,32,34,31,30,33,34,34,34,33,37,35,34,34,34,37,38,36,35,36,30,34,34,35,34,31,33,29,33,35,31,33,37,36,36,36,36,39,39,32,34,36,30,32,35,33,31,29,34,35,32,36,33,38,31,35,38,32,31,32,34,36,32,31,36,30,29,36,39,39,34,38,26,38,31,34,36,36,32,30,35,35,40,38,39,36,33,32,36,32,31,34,35,37,37,33,34,33,30,33,42,34,35,36,33,36,34,34,34,36,35,34,33,31,33,32,37,39,39,38,36,29,38,31,30,31,32,34,32,34,34,29,34,28,29,33,33,36,37,36,31,42,35,31,34,35,34,32,31,34,34,29,36,28,31,31,31,33,34,31,35,29,35,34,36,28,29,33,36,34,34,38,34,34,36,31,34,34,36,33,35,34,40,37,37,35,36,35,32,38,37,37,36,35,27,36,35,38,34,35,37,33,35,34,38,36,33,31,30,31,32,31,32,39,32,36,35,31,33,33,38,37,36,38,37,36,36,36,36,35,38,31,36,30,33,29,35,36,35,37,39,40,35,40,35,36,35,
35,27,36,27,37,35,33,36,36,34,30,33,29,32,37,39,39,34,35,39,37,35,40,35,32,33,36,33,36,32,31,34,35,38,34,34,36,35,30,32,31,38,37,38,35,36,41,40,32,38,33,33,33,35,33,34,32,32,35,35,32,34,33,32,40,36,34,35,33,32,37,33,32,31,35,30,36,28,39,40,39,31,29,32,30,35,32,32,29,38,32,39,37,37,36,36,34,38,33,36,34,34,37,38,35,34,33,29,33,32,45,33,36,37,37,36,34,36,32,35,35,30,33,34,39,39,40,36,38,39,38,30,33,32,32,32,35,35,34,31,33,32,35,31,33,31,34,33,33,33,33,33,35,33,32,31,32,29,33,34,31,32,37,32,34,32,34,32,28,31,32,32,35,37,30,32,30,35,35,30,34,37,38,31,34,35,35,34,36,35,36,37,32,33,33,36,37,33,40,37,39,30,36,33,37,35,31,35,31,30,32,36,34,35,36,37,36,31,30,33,43,36,32,30,30,35,35,31,37,33,38,34,35,35,37,38,36,36,36,35,34,38,41,34,40,36,34,35,36,37,40,36,36,37,36,36,
35,33,28,37,30,36,36,37,35,37,37,29,30,38,37,40,37,35,37,39,37,37,35,31,33,34,34,35,35,35,32,32,38,38,38,35,36,34,41,30,41,36,38,38,40,36,36,42,32,38,36,39,38,34,33,34,35,33,34,36,35,33,33,32,38,37,32,34,36,32,38,38,32,37,30,35,34,35,29,30,39,31,28,29,30,31,35,31,30,38,33,32,32,41,38,34,34,38,38,35,38,38,35,33,34,33,34,32,31,28,32,29,30,40,37,36,38,34,37,33,35,36,34,35,33,38,39,39,33,38,38,37,31,36,33,33,33,37,35,31,33,35,30,31,33,32,34,33,33,37,34,34,34,36,32,37,33,34,31,32,41,32,35,39,34,35,29,33,29,35,36,36,34,37,31,34,38,37,36,37,31,34,33,34,33,35,33,37,34,38,34,34,35,34,38,37,38,37,38,38,39,31,35,31,34,34,33,35,32,30,33,31,37,29,35,40,41,37,39,45,40,37,41,34,35,37,36,31,38,38,36,34,34,36,35,37,35,37,36,35,35,39,40,41,38,40,40,37,37,37,37,39,38,37,38,36,
37,34,29,38,30,36,37,35,37,37,33,33,29,39,33,37,33,39,36,37,33,40,36,34,37,38,35,38,35,42,36,34,35,39,39,33,35,36,37,43,34,32,39,33,40,35,37,37,42,38,41,40,33,34,32,34,32,34,35,32,33,39,34,33,37,40,37,35,37,33,37,37,33,34,31,31,34,32,36,30,37,32,31,30,36,31,33,33,32,31,30,33,36,33,42,35,34,35,35,35,38,39,36,39,34,34,41,38,32,32,32,32,31,44,34,38,38,40,35,33,36,37,35,36,37,32,38,38,40,40,39,31,38,32,32,37,34,30,30,38,33,36,37,31,35,36,35,39,37,37,36,35,33,33,38,35,33,31,31,33,44,42,38,39,36,36,37,30,42,30,30,37,38,33,35,35,37,37,35,37,32,40,35,33,31,32,33,38,38,37,37,37,35,35,36,37,37,38,33,39,41,32,34,35,33,34,34,34,33,33,32,31,32,30,30,39,36,40,40,38,35,41,38,34,35,38,36,33,32,39,40,31,35,32,35,37,37,33,36,38,36,41,42,39,39,39,39,38,38,39,38,40,41,37,39,38,
36,37,39,30,37,36,39,36,33,32,35,34,33,31,34,40,39,34,38,38,39,36,41,35,37,36,35,39,39,31,34,35,34,32,30,40,41,36,38,34,32,31,33,37,33,36,38,33,38,36,39,42,35,42,41,35,32,33,36,38,37,37,39,36,33,33,37,36,38,39,36,36,34,39,38,46,40,39,31,31,36,41,33,36,35,36,33,32,33,32,32,31,32,33,34,36,35,35,39,36,36,40,40,39,39,41,40,39,36,31,34,33,33,34,33,35,41,38,36,34,39,36,35,37,37,37,37,36,37,38,33,33,32,32,32,32,39,38,38,38,38,34,37,38,36,38,39,35,38,40,34,34,37,34,37,36,33,33,44,34,42,38,34,39,43,37,39,33,33,40,33,36,35,34,34,37,38,37,36,36,35,43,39,34,34,33,34,33,37,37,37,35,36,36,36,35,34,39,34,42,40,31,35,35,32,36,33,34,34,34,34,36,32,39,31,31,36,37,40,39,35,35,34,38,38,36,34,34,33,39,36,36,33,35,34,30,36,34,39,37,37,38,41,42,39,40,41,37,38,39,38,41,38,38,40,39,
37,35,38,37,36,39,37,41,35,34,34,35,39,39,34,42,40,40,40,39,37,38,39,37,39,38,34,34,40,39,32,44,35,33,39,40,42,40,45,46,38,32,36,34,34,33,33,37,41,40,32,36,39,35,36,37,36,33,36,38,36,38,38,33,35,34,37,37,37,35,37,37,38,35,37,39,42,31,39,37,40,35,41,37,35,34,35,41,36,35,35,32,33,35,33,32,36,34,36,41,39,37,37,35,41,41,39,40,39,37,40,35,36,34,45,35,36,40,39,38,39,38,37,39,40,38,35,37,38,36,36,44,37,33,40,32,40,38,38,39,40,39,42,41,40,41,38,43,35,33,34,35,32,38,34,41,38,41,37,33,43,42,38,40,35,33,43,40,41,42,33,37,44,36,35,37,38,38,35,40,42,43,41,36,35,34,35,32,33,33,39,37,37,39,37,41,40,43,36,35,41,33,35,33,35,33,36,34,34,36,34,33,37,37,35,37,38,40,41,40,38,36,37,36,36,38,37,35,33,34,33,34,37,36,35,32,31,33,38,37,37,43,39,40,39,40,43,41,37,39,42,38,39,40,40,41,
40,36,38,38,38,39,38,37,41,35,36,36,38,39,37,40,42,40,39,39,41,39,37,37,39,37,39,33,35,38,37,40,45,32,44,41,40,47,48,43,38,44,37,35,33,33,34,34,41,39,42,45,33,36,37,36,35,40,38,38,37,37,38,33,37,36,37,36,37,36,40,38,39,38,39,40,44,41,40,40,39,40,36,36,36,35,35,41,30,36,35,34,34,32,37,32,31,34,42,42,41,36,36,36,41,41,40,35,38,42,42,42,36,33,34,35,43,36,37,37,38,39,39,37,40,40,39,36,37,39,37,44,38,32,37,40,38,38,39,40,41,41,39,39,42,42,39,39,39,39,36,42,40,44,38,36,36,36,40,42,45,44,47,45,43,35,36,37,35,42,43,43,36,36,39,36,37,39,39,38,39,37,42,35,35,36,31,33,39,38,39,38,39,37,39,40,39,38,43,40,43,34,34,42,35,35,37,40,37,34,37,35,39,38,35,37,40,41,41,42,35,38,38,37,37,38,34,36,35,34,33,35,38,35,40,38,38,34,34,35,39,37,37,40,40,41,41,42,45,41,41,38,42,39,40,39,
40,41,39,40,37,41,38,38,43,31,35,37,35,39,38,41,40,41,38,41,38,41,41,39,39,39,37,35,33,36,37,40,40,32,44,45,44,36,37,46,44,39,35,38,35,34,36,36,41,39,38,34,37,34,34,35,37,37,38,36,38,40,40,39,37,37,37,38,37,37,37,38,40,34,39,41,40,43,41,44,40,43,35,36,39,43,46,36,39,31,36,35,35,33,42,33,36,40,43,41,41,37,36,37,36,40,40,39,43,43,37,43,40,41,42,42,42,37,37,37,37,38,40,38,39,37,38,40,36,39,33,44,45,38,45,37,39,39,41,41,42,37,42,41,38,37,40,39,38,39,38,37,34,43,45,38,33,39,42,42,40,46,46,40,41,38,36,39,41,40,39,45,44,37,37,37,36,40,39,39,38,42,37,35,39,31,35,31,36,36,40,39,36,38,37,41,45,43,38,40,43,34,34,35,36,40,38,39,38,39,34,32,36,39,38,38,40,41,41,41,37,43,40,39,36,38,39,35,37,41,35,39,38,38,38,40,38,36,35,37,38,39,38,41,42,41,42,44,44,38,41,40,42,39,43,40,
44,41,40,41,40,42,39,40,39,45,34,37,42,37,35,43,37,40,39,42,38,41,42,39,39,39,41,35,35,36,36,39,41,43,33,44,45,39,37,37,38,40,35,39,34,40,36,36,42,36,40,42,40,38,34,36,36,38,38,39,40,36,41,41,48,37,34,41,38,41,38,39,39,39,41,41,41,37,39,42,40,41,43,38,41,42,44,41,43,44,35,36,41,41,35,35,41,41,35,44,35,38,38,40,41,37,42,40,43,44,38,41,40,41,42,37,37,39,36,37,40,38,38,37,38,35,41,37,39,35,39,34,33,32,39,40,39,38,40,39,43,41,39,44,39,40,45,39,40,42,37,37,37,32,37,38,39,39,41,42,40,41,43,41,41,42,40,40,41,46,40,40,33,38,38,39,39,37,38,37,39,38,42,39,40,40,41,36,43,41,41,40,40,39,39,38,39,45,36,44,41,41,45,43,37,42,41,40,38,36,39,33,39,39,39,43,41,40,42,41,43,43,38,42,37,39,37,40,38,41,36,40,39,39,39,38,38,39,38,39,38,39,42,41,39,43,45,44,44,41,38,41,40,42,42,41,
41,45,43,41,43,41,42,41,38,45,37,37,44,38,38,35,42,41,44,38,39,42,42,40,38,37,39,36,40,37,39,40,41,40,43,41,39,39,38,34,38,38,38,39,37,39,43,42,41,42,39,40,40,38,35,42,36,37,37,40,34,39,37,41,41,41,37,40,41,39,39,40,39,42,41,40,39,38,45,37,40,46,34,38,45,43,43,38,40,43,42,37,37,41,36,37,42,44,41,40,39,38,38,38,37,40,40,41,42,44,38,42,40,41,41,37,38,40,39,38,40,38,38,43,40,35,42,39,41,44,39,34,35,36,40,41,38,40,41,39,39,43,42,38,44,40,47,42,40,39,39,38,38,36,38,38,39,40,40,38,36,45,37,42,41,41,42,40,44,42,41,40,43,33,34,40,41,41,41,39,38,38,39,40,42,42,39,38,44,39,42,41,42,41,34,39,32,45,45,37,44,44,42,43,37,37,42,42,39,38,39,40,43,39,38,43,37,41,42,42,40,38,37,42,38,39,37,40,38,42,42,42,37,39,34,38,38,38,38,37,39,38,38,39,44,43,43,43,44,42,44,41,43,41,43,42,
41,43,38,43,44,44,41,43,41,39,37,37,37,39,40,37,36,46,44,40,40,39,40,43,39,41,39,41,38,38,40,42,40,41,44,46,41,42,39,38,41,39,40,38,37,42,43,42,42,42,36,40,41,43,42,42,37,37,41,42,39,35,35,41,38,41,39,37,38,42,41,37,39,40,45,41,43,42,40,41,44,40,47,40,44,45,37,42,40,44,41,44,38,42,42,41,37,42,43,41,40,39,39,37,39,41,37,42,42,40,37,43,41,42,39,43,42,42,38,40,38,40,43,42,41,43,36,38,44,46,43,38,36,38,39,36,37,40,42,38,40,41,42,38,45,37,41,47,44,41,40,39,39,39,41,39,38,42,37,43,38,45,44,38,45,42,42,43,43,44,39,44,44,44,44,35,36,39,43,39,43,39,40,41,40,42,41,38,42,40,44,44,42,43,42,39,35,40,42,41,45,40,43,41,38,35,36,43,41,38,38,44,40,40,44,38,38,40,42,38,38,38,42,44,40,44,41,38,41,38,43,42,40,40,34,35,39,44,38,39,38,39,46,47,46,43,43,44,44,43,44,42,43,45,44,43,
42,44,43,40,43,45,45,43,45,35,40,38,39,41,40,38,40,38,47,47,45,45,49,39,41,42,40,42,38,44,42,42,45,41,41,38,43,45,43,39,42,38,42,39,39,42,41,43,41,43,41,43,41,44,43,42,42,47,42,41,42,39,44,39,41,35,37,38,37,41,43,41,41,40,40,43,43,42,46,41,44,38,41,40,41,46,46,40,39,42,42,42,45,41,47,46,43,40,42,39,42,39,40,37,37,41,38,44,37,40,40,38,42,41,39,44,41,41,39,40,39,41,41,41,41,38,43,37,45,45,44,39,37,39,40,37,38,37,41,39,39,45,42,38,39,46,40,42,42,41,42,41,39,35,42,40,41,38,37,39,39,37,38,43,46,40,45,42,42,44,39,42,42,46,42,36,37,37,38,38,43,44,43,40,44,41,41,41,43,44,41,45,45,44,39,39,35,38,41,42,46,40,41,40,42,38,36,39,42,36,39,41,41,43,46,37,38,41,40,39,37,39,43,39,45,45,46,42,44,41,43,46,42,40,41,37,39,40,38,39,39,38,41,45,42,44,44,43,44,45,43,43,42,40,45,44,
45,44,43,44,48,46,36,40,41,38,40,40,40,41,41,42,45,41,39,48,46,39,46,45,41,44,43,46,45,44,37,45,44,44,43,43,40,39,42,41,42,39,40,38,49,38,42,37,44,43,41,43,44,45,44,43,43,48,48,44,42,41,45,46,40,40,40,39,37,42,43,42,43,43,45,44,42,42,41,45,46,41,48,47,42,38,40,41,42,40,46,44,44,46,41,40,42,41,40,40,43,42,42,39,38,41,43,43,38,40,40,40,40,43,39,40,40,43,44,43,40,44,44,43,44,37,39,36,44,46,40,39,39,40,38,39,39,38,40,38,40,41,41,41,47,47,39,41,42,42,40,40,41,41,40,41,42,42,39,40,41,38,41,39,40,40,43,43,43,41,45,46,40,42,43,43,38,38,39,39,39,41,44,42,43,44,44,43,41,43,40,44,40,46,43,36,36,44,42,42,44,43,45,39,40,40,39,41,38,42,45,42,42,41,43,44,38,39,39,40,38,45,43,45,46,45,44,42,45,41,46,42,40,42,44,38,36,40,41,36,38,48,39,45,41,46,45,41,45,46,43,44,41,42,42,45,
45,42,42,44,45,48,46,40,41,42,39,43,49,42,41,44,42,43,41,43,47,39,49,47,44,43,44,47,46,46,37,43,45,42,45,42,43,40,43,44,42,39,41,50,50,41,39,38,49,38,43,43,41,41,45,46,44,48,43,42,42,42,43,46,41,42,40,44,47,44,41,43,46,46,41,42,48,43,47,45,42,42,41,45,40,39,43,41,44,43,46,43,43,43,45,43,42,42,44,46,41,44,42,40,41,42,42,43,42,43,46,41,44,43,41,42,43,46,45,41,48,44,45,45,43,45,44,44,45,42,41,41,44,46,39,38,38,42,40,38,40,42,46,45,43,47,48,37,41,41,42,40,40,41,42,39,43,44,38,41,40,42,42,45,42,44,44,43,44,44,47,46,44,44,44,43,43,39,41,42,43,42,42,40,46,46,47,44,42,43,46,41,41,42,43,42,42,41,45,43,46,47,46,41,41,41,40,41,38,47,42,43,42,42,43,45,44,39,43,42,46,45,43,43,44,45,45,45,44,42,44,43,43,44,44,42,37,44,43,38,39,37,40,50,48,43,42,42,44,46,46,45,45,43,44,43,
52,46,44,43,47,40,48,37,44,43,38,44,47,47,43,43,44,43,43,42,43,51,43,45,45,45,45,43,46,48,38,38,43,41,45,45,43,40,43,43,43,48,41,41,46,41,42,41,44,42,44,44,42,44,43,44,48,43,49,41,43,43,45,39,45,44,41,45,45,45,43,42,44,43,47,41,43,43,48,48,42,43,43,43,46,38,39,43,47,44,47,45,45,45,43,44,43,44,44,44,47,40,43,41,43,39,43,40,42,41,43,46,42,43,44,42,41,47,42,42,46,45,48,45,45,40,46,39,47,42,44,41,45,45,40,44,39,40,43,41,43,45,47,40,40,48,48,44,41,41,41,43,41,41,43,43,44,45,42,41,42,41,35,38,45,39,39,44,46,46,42,47,43,45,44,46,42,43,41,43,44,43,42,41,46,46,48,48,43,49,45,41,45,43,42,42,46,43,45,44,45,48,42,43,41,40,42,42,41,43,45,48,42,44,45,44,40,40,41,42,47,47,46,45,37,48,45,44,43,45,42,44,39,40,43,43,44,43,44,49,40,40,41,43,49,45,42,42,44,48,46,47,47,45,44,45,
52,46,44,45,47,49,41,40,39,44,46,44,48,50,44,44,42,41,43,43,44,44,46,43,42,46,42,43,48,48,48,49,44,44,44,45,44,40,44,43,44,43,43,42,41,42,46,42,47,40,40,44,47,41,45,44,44,47,44,48,44,42,44,40,45,47,45,43,46,45,43,43,42,46,46,41,41,41,38,40,43,43,42,47,39,39,47,43,47,48,47,46,49,45,42,44,45,45,44,45,43,47,43,40,44,44,44,43,40,42,42,43,43,44,44,45,45,46,47,47,47,50,48,48,46,41,47,40,47,43,44,47,43,48,44,42,41,45,43,41,43,46,46,42,39,42,49,41,43,40,42,41,45,42,41,40,41,43,46,43,39,41,38,48,45,42,44,39,46,45,40,42,43,44,43,41,45,44,45,42,42,39,44,49,50,45,47,48,43,50,40,43,42,42,43,43,44,47,47,46,45,41,45,44,41,41,43,43,44,45,45,40,49,47,44,46,42,43,42,43,43,45,49,47,48,42,49,44,45,44,45,42,43,41,45,44,44,44,42,45,50,43,43,44,44,43,42,43,45,45,45,47,44,44,46,46,
47,47,47,45,45,49,45,44,48,50,46,46,52,50,51,44,42,42,49,50,42,45,46,47,45,42,45,45,43,46,48,49,46,45,45,46,43,43,41,44,46,44,44,50,46,47,45,46,51,41,40,44,42,46,49,44,45,39,47,48,44,43,44,46,41,47,43,44,45,47,48,47,44,45,48,47,45,42,46,41,41,40,43,42,37,45,48,49,50,46,49,46,47,43,44,42,43,41,45,45,43,43,43,41,43,43,45,44,44,43,43,43,44,42,45,44,44,47,43,44,47,48,51,47,47,44,45,41,46,44,47,42,51,44,45,41,44,45,44,45,41,43,43,42,42,45,43,41,43,42,41,40,42,45,42,42,41,47,49,49,40,40,45,42,49,43,48,46,47,47,41,47,43,47,44,45,46,45,50,48,42,49,48,48,48,50,41,50,44,43,44,48,46,45,48,44,45,45,45,47,48,47,45,46,42,46,42,42,45,46,47,40,48,50,44,44,43,47,43,44,48,45,47,45,48,48,51,49,46,45,46,43,44,42,44,44,41,45,47,43,44,44,44,44,40,40,46,45,44,44,48,47,45,45,47,47,
48,49,43,46,46,49,46,42,45,41,50,45,45,48,52,46,45,51,50,43,44,47,46,48,46,47,45,45,44,48,43,44,45,46,45,47,46,45,43,44,48,45,47,44,46,47,47,50,51,47,45,48,47,48,43,46,50,44,49,46,41,44,45,49,46,48,46,46,45,42,49,43,47,43,46,46,51,46,46,48,47,42,39,43,49,46,41,46,46,49,47,48,50,45,44,43,43,42,43,43,43,44,46,43,43,44,45,47,45,44,46,43,49,43,43,44,45,41,44,46,47,45,47,46,47,53,46,48,48,46,45,48,51,47,45,40,44,44,41,46,40,41,46,47,42,43,45,42,43,40,42,44,40,46,39,45,46,42,45,50,50,47,45,46,44,45,48,48,46,46,47,47,44,45,45,45,46,46,45,50,47,50,45,51,50,48,41,45,45,44,44,47,46,44,46,47,46,48,45,47,48,48,45,48,47,47,47,45,51,43,43,44,45,48,45,44,48,47,44,44,48,47,46,45,46,46,48,47,50,46,47,46,43,47,44,47,46,45,44,44,45,45,50,45,41,43,41,40,42,45,48,48,46,46,47,47,
48,44,48,50,47,47,40,49,45,46,49,46,46,45,49,49,46,50,51,51,42,48,49,46,47,43,44,43,51,46,42,44,45,43,46,43,42,46,44,44,50,48,45,49,47,46,48,51,52,51,47,41,43,47,48,50,50,45,50,46,46,49,49,45,49,48,45,46,47,45,44,44,45,45,47,47,47,46,47,47,47,44,40,41,41,51,46,47,53,50,48,48,49,46,42,45,45,44,46,45,44,40,45,45,43,47,45,47,44,46,47,47,50,46,46,44,44,46,43,47,49,49,46,51,53,53,48,48,50,46,48,49,43,47,49,46,46,44,42,47,47,42,40,47,46,43,45,43,43,41,44,41,46,47,46,44,45,47,45,44,50,46,45,45,47,44,49,48,50,48,42,46,45,46,44,50,47,44,45,46,48,47,46,47,51,52,51,51,45,50,51,45,47,47,52,44,48,44,49,48,47,46,49,47,48,49,49,53,51,43,42,48,51,46,49,46,47,48,48,45,48,43,44,47,48,48,47,50,46,46,47,47,48,46,44,46,47,44,45,44,46,42,44,50,41,44,41,45,45,42,46,45,47,49,47,48,
48,45,45,47,50,39,49,50,50,50,45,43,48,46,48,51,50,47,45,52,49,48,51,42,46,44,46,48,51,44,43,45,43,46,47,44,43,43,45,45,46,51,50,46,49,48,47,47,47,45,47,47,46,49,49,49,48,49,45,50,50,48,47,48,46,47,45,47,48,48,45,44,46,49,47,48,48,51,51,47,48,48,41,42,50,52,47,48,48,43,46,49,50,49,47,51,45,45,45,42,46,47,41,45,48,51,48,44,44,49,49,48,48,47,47,44,45,45,48,47,48,49,47,47,47,46,45,48,50,51,45,49,49,49,47,48,47,46,45,46,48,48,44,41,52,44,44,48,49,43,49,45,44,47,47,49,47,45,46,44,44,46,46,49,46,48,50,45,49,50,42,43,46,47,44,44,46,48,46,47,51,48,52,53,52,51,51,49,46,49,48,51,46,52,53,52,44,45,49,48,47,48,50,47,49,49,45,51,51,42,43,46,49,49,46,45,45,47,46,45,49,47,43,48,52,48,48,49,46,49,46,47,48,46,50,47,46,47,48,49,45,45,47,43,44,44,44,45,44,46,46,43,50,49,49,48,
48,50,51,44,48,41,42,50,50,42,44,42,49,50,47,44,47,46,46,45,47,49,49,46,45,46,47,47,49,51,44,46,47,47,47,45,49,47,46,43,47,51,46,45,46,46,47,47,46,47,46,48,45,40,47,48,49,47,50,46,47,49,47,48,48,47,49,49,47,49,48,45,45,50,47,45,51,52,52,46,49,48,49,46,45,51,44,51,48,53,50,50,49,50,44,53,52,47,48,41,48,44,46,46,48,49,52,49,45,48,49,50,49,48,48,41,46,48,47,48,50,49,47,48,47,46,47,52,47,48,46,46,49,46,48,46,49,52,46,50,48,45,44,51,52,48,47,49,47,44,43,46,48,48,50,47,49,46,47,47,45,46,44,50,50,50,51,50,43,50,48,44,47,47,45,46,46,45,47,47,47,46,50,47,51,46,52,50,50,49,51,47,51,49,52,45,49,50,46,49,49,49,49,51,51,49,46,52,51,43,44,43,48,48,46,46,45,47,46,52,46,46,53,48,52,52,49,50,50,50,47,48,48,48,46,49,49,45,47,50,46,50,47,44,42,42,48,47,48,48,46,47,48,46,49,50,
48,49,48,45,43,44,46,50,52,51,45,45,48,52,48,46,46,46,47,52,47,47,49,54,45,49,45,48,46,49,45,47,47,46,48,48,46,47,47,50,43,51,46,47,47,47,47,52,47,45,45,45,47,46,42,47,44,47,51,47,49,49,45,46,47,49,47,45,51,50,45,47,47,50,46,46,46,46,46,49,47,50,51,49,50,46,45,47,44,49,49,49,51,52,51,51,49,48,49,51,43,44,45,43,43,50,50,50,50,50,48,51,51,46,48,42,47,49,50,48,48,45,48,47,50,48,48,49,47,49,46,47,47,47,50,48,47,52,53,48,50,48,45,46,46,48,48,49,48,54,53,46,46,51,51,48,49,49,51,47,49,49,50,47,50,51,49,47,47,48,48,49,50,48,46,45,48,47,48,47,48,48,49,48,51,51,47,48,50,49,53,52,45,48,47,50,52,45,51,51,48,50,48,50,52,47,47,45,47,44,44,44,47,49,45,46,48,48,49,47,50,47,52,43,52,44,52,48,48,50,45,47,49,46,47,48,47,47,47,46,47,50,48,50,51,49,47,48,50,49,47,47,48,47,50,51,
50,48,48,49,45,45,47,52,47,52,48,45,51,51,51,50,49,46,52,50,48,48,49,54,54,54,48,53,47,50,46,47,48,46,52,48,48,48,48,50,48,48,48,46,46,49,46,48,47,45,45,46,47,47,50,48,51,45,47,48,50,51,49,48,47,48,51,48,52,47,50,48,46,51,50,47,47,50,50,49,49,47,48,49,47,50,46,48,46,49,52,50,52,51,52,51,50,53,50,52,45,44,48,50,43,48,51,51,49,51,46,48,51,46,47,47,50,50,52,49,47,45,47,48,48,50,48,49,48,48,46,46,46,48,47,45,51,52,46,50,49,47,46,46,48,47,47,45,47,46,54,46,47,48,48,50,50,51,51,50,50,49,49,47,47,46,52,48,47,45,50,49,47,48,48,46,46,51,45,49,51,50,48,45,52,52,49,49,51,53,46,46,47,52,48,51,50,51,45,52,51,51,46,48,51,52,49,49,48,47,44,49,49,49,47,49,51,50,49,50,47,53,53,53,46,45,53,54,49,49,50,46,46,48,47,50,47,49,47,50,48,47,50,47,50,51,48,51,49,48,51,51,48,48,48,51,
47,46,50,51,49,45,48,48,49,48,48,50,48,52,51,52,52,49,48,53,50,47,52,47,54,55,47,46,49,48,51,49,49,48,48,48,49,48,48,48,49,49,49,51,51,50,52,47,47,50,47,47,47,50,50,51,48,53,52,51,47,51,50,50,51,49,52,52,52,49,49,46,50,47,51,51,51,53,51,49,50,47,47,46,48,48,47,47,46,46,51,53,54,46,51,50,53,49,52,50,46,46,49,50,47,51,51,52,52,50,51,48,51,51,47,49,50,48,52,49,51,53,52,51,49,52,49,47,49,48,48,49,50,49,53,49,49,48,46,49,48,47,50,53,48,48,49,49,55,47,46,49,47,48,49,46,46,48,51,52,49,51,50,49,47,51,53,53,49,49,47,47,47,49,48,46,46,49,49,51,52,47,52,46,47,47,46,48,46,53,47,46,49,47,47,51,49,50,46,51,47,52,48,47,50,55,50,49,45,45,46,49,50,51,49,50,52,50,52,52,51,50,50,50,47,46,45,53,49,53,49,51,48,49,46,54,52,48,50,47,50,50,49,46,51,50,52,52,48,49,48,50,51,52,51,48,
50,48,48,48,48,46,51,53,51,50,55,51,51,49,51,52,53,49,48,53,49,51,52,52,48,52,51,46,50,49,53,54,49,54,49,55,50,50,51,49,46,50,49,53,51,52,52,50,48,48,48,47,48,51,49,51,49,49,53,48,48,53,47,51,51,49,50,47,48,49,52,48,50,49,48,48,49,49,52,47,48,48,52,47,48,46,49,49,49,48,52,51,50,48,54,51,54,53,52,50,48,47,50,53,48,52,48,52,53,53,47,48,52,52,52,54,53,49,50,50,50,51,53,51,50,49,52,52,48,48,49,51,52,54,53,48,48,47,49,49,53,51,51,51,54,48,49,49,47,50,52,49,49,50,49,46,47,48,46,48,52,54,51,49,50,50,51,53,49,54,49,47,49,49,50,49,51,53,50,49,47,53,52,47,46,47,48,51,49,49,48,48,51,48,48,51,50,51,52,51,49,52,46,47,50,50,49,49,48,46,52,49,51,51,47,52,50,50,51,47,52,53,50,55,49,51,47,51,53,49,54,49,49,49,46,51,48,53,54,52,48,51,49,49,47,51,51,52,49,50,54,50,51,52,51,49,
54,50,52,52,55,49,50,52,50,51,51,55,51,49,52,55,53,53,52,54,51,48,52,51,53,51,51,56,50,54,54,53,48,50,54,56,56,50,51,50,46,47,50,51,48,53,54,51,50,50,51,49,49,53,49,52,50,52,51,50,53,53,48,51,49,54,53,48,51,49,54,53,48,49,51,49,49,49,53,50,50,49,47,52,53,49,48,50,50,50,52,51,51,49,53,49,49,54,50,51,50,48,49,50,49,54,49,45,53,53,54,53,49,47,52,55,47,49,51,51,50,51,47,53,53,54,52,50,50,51,53,50,52,52,54,49,48,48,49,54,53,51,51,51,49,55,49,49,56,50,46,49,50,50,50,50,48,48,48,52,52,51,51,51,52,50,52,54,50,55,50,53,49,49,50,50,52,52,50,52,49,53,54,48,49,46,48,50,49,49,49,52,52,50,49,55,53,52,47,52,52,50,48,52,51,52,51,55,48,49,49,50,50,51,48,52,48,52,52,51,52,54,54,51,51,54,54,51,54,50,48,55,52,50,50,52,51,48,50,49,53,47,55,52,53,48,53,50,50,52,51,51,51,53,53,50,
49,48,50,52,53,54,51,53,51,51,51,52,53,51,51,53,53,53,51,50,48,53,50,50,53,54,49,56,55,56,53,52,52,51,49,51,50,51,52,52,54,51,48,52,52,52,51,51,51,51,51,52,50,50,49,52,57,49,51,57,51,54,48,53,54,50,53,54,50,52,52,52,54,52,52,50,50,51,51,53,50,50,51,51,53,51,48,48,51,52,51,51,52,49,51,52,50,50,50,52,51,51,54,54,49,50,46,50,53,54,50,53,51,53,52,53,49,48,50,49,51,50,50,50,51,53,55,54,52,50,52,53,51,51,55,53,54,49,50,50,52,52,52,48,54,52,50,49,56,49,51,52,52,49,50,50,50,47,52,52,53,48,48,50,53,52,55,52,53,50,54,55,51,51,55,51,50,48,55,54,55,49,51,49,51,52,51,51,48,51,50,51,49,53,50,56,55,51,53,54,48,51,50,53,53,53,52,50,54,46,54,50,52,51,53,54,52,53,51,52,51,52,55,49,51,50,54,53,52,52,53,49,53,51,51,51,52,52,51,51,50,50,51,52,54,49,51,53,50,53,50,51,53,51,51,54,
49,49,47,52,51,50,55,55,51,50,51,49,53,51,51,50,54,51,51,52,49,52,51,51,51,55,52,56,51,57,53,53,52,50,50,51,58,51,53,52,54,50,49,49,51,52,53,52,53,51,50,50,51,51,51,51,57,56,55,55,53,51,50,52,55,50,50,55,55,51,53,52,53,54,47,50,50,52,54,52,54,52,50,52,51,51,52,49,53,53,53,54,49,50,50,50,55,51,51,49,52,51,52,52,54,55,50,50,52,53,51,52,50,52,53,48,52,50,51,50,50,54,51,50,50,51,53,49,54,52,56,51,52,52,52,55,56,55,52,51,51,52,49,48,49,51,54,54,49,52,48,52,51,52,50,52,52,49,52,53,51,49,52,51,51,55,56,53,55,54,54,55,52,51,53,56,50,49,49,57,48,50,48,57,54,52,51,51,49,52,52,51,52,52,53,52,54,56,52,53,50,53,52,54,55,54,53,52,52,55,54,52,53,53,55,52,53,53,49,52,52,53,51,50,52,52,50,52,52,54,49,50,52,52,53,51,50,52,52,52,53,53,57,54,51,53,51,52,50,51,51,53,53,49,51,54,
52,51,53,50,49,49,50,53,53,50,52,50,54,51,53,54,51,54,53,52,52,55,51,52,55,56,52,55,48,51,54,55,52,54,51,54,58,52,54,51,52,51,51,54,52,53,51,52,54,51,49,53,52,51,52,52,52,51,56,54,56,55,55,52,52,54,53,51,55,53,51,52,54,50,48,48,54,51,53,52,53,51,52,54,52,51,53,52,49,48,54,55,51,52,51,55,55,52,52,50,55,51,52,52,53,50,55,50,53,52,52,52,52,52,53,52,52,52,54,52,54,52,50,52,54,54,54,53,54,52,51,57,58,52,48,50,55,54,54,52,52,50,54,52,53,52,54,55,54,54,52,52,52,52,53,54,54,54,51,53,52,53,51,56,55,55,52,52,55,55,54,57,56,55,51,54,53,52,57,57,51,50,50,52,58,56,52,53,53,50,54,53,55,50,53,53,52,55,52,53,51,54,53,56,55,56,53,54,53,52,53,52,55,52,54,53,54,54,54,50,53,51,51,52,52,52,56,51,50,54,50,52,51,53,51,53,51,50,52,49,51,54,51,56,50,52,51,52,55,53,52,54,52,49,53,54,
53,55,49,54,50,52,54,52,53,51,51,53,55,54,53,54,51,55,55,53,52,54,52,51,52,57,51,52,53,53,50,53,55,53,51,54,55,53,54,52,52,53,51,53,57,54,58,53,53,55,53,52,54,52,50,57,59,58,55,52,57,57,55,53,53,54,53,52,53,53,54,51,55,51,50,49,55,52,51,54,52,51,52,52,54,56,52,51,51,54,50,54,53,54,53,54,54,52,54,54,53,53,50,51,53,53,53,56,54,53,54,53,53,54,52,53,52,52,54,54,54,53,56,59,56,54,55,55,54,52,52,51,50,58,53,51,55,54,54,53,52,52,55,52,53,54,52,55,50,50,55,54,52,52,55,55,53,55,52,55,54,53,51,53,55,55,53,52,53,52,50,57,52,53,51,54,54,53,52,54,52,54,50,53,54,56,53,52,54,52,55,55,55,58,53,54,53,55,55,57,54,53,56,56,51,52,55,54,53,53,54,53,57,51,52,54,52,51,56,52,51,52,51,51,51,52,57,57,51,53,51,51,52,55,53,51,53,53,51,55,50,52,52,51,51,58,54,51,56,56,52,55,52,51,54,54,
54,55,55,50,56,53,56,54,53,53,52,53,55,54,52,54,55,52,52,53,55,51,52,53,52,53,53,52,53,54,50,52,53,56,55,54,55,54,56,53,51,54,51,55,52,57,52,54,54,54,55,54,53,55,53,54,51,59,55,53,53,55,51,52,54,53,54,55,53,53,52,55,56,53,52,50,50,54,54,52,53,54,54,53,51,56,52,54,52,55,53,55,54,51,54,51,56,54,55,53,53,54,51,55,55,55,56,57,55,53,58,55,55,54,53,50,53,51,54,55,55,55,58,59,57,55,54,54,55,56,54,51,52,51,55,51,53,54,54,53,54,52,53,54,53,55,55,56,52,52,56,55,53,53,53,54,53,57,56,55,55,53,52,55,56,53,54,53,53,53,52,56,53,53,54,56,53,55,54,55,55,54,51,53,50,53,52,55,55,55,56,53,53,55,56,55,54,54,54,51,52,57,54,57,54,52,52,53,57,55,55,55,52,58,53,54,55,54,53,54,55,52,53,53,54,54,54,56,54,54,56,52,49,54,54,52,55,54,54,56,57,53,53,59,52,53,54,54,57,54,53,53,52,54,54,55,
58,56,54,55,56,54,54,56,52,54,54,51,56,56,52,55,55,55,56,55,54,53,52,55,56,52,54,53,55,55,54,53,53,55,56,56,55,57,53,56,54,52,54,57,53,58,54,54,55,53,54,55,56,56,54,54,54,52,53,55,54,53,54,53,53,54,53,55,52,57,56,54,56,55,54,56,57,55,55,56,56,54,53,56,55,54,53,55,54,52,52,55,54,54,52,52,56,55,54,57,54,55,57,54,55,52,51,54,54,54,55,56,55,55,54,54,55,52,56,55,56,55,55,53,57,56,56,54,55,54,56,54,52,55,57,53,50,54,54,54,53,52,54,57,56,53,56,57,56,53,57,55,54,53,54,53,57,53,57,53,56,55,53,51,56,53,55,55,54,57,53,57,56,55,55,56,56,56,56,54,54,52,57,55,54,53,53,54,55,53,55,55,54,56,57,56,55,55,53,52,57,58,52,53,54,54,53,55,54,57,56,53,56,53,54,56,55,55,56,55,56,55,57,54,55,53,54,54,54,55,56,56,56,54,56,53,56,55,56,54,54,54,54,54,53,55,54,56,55,56,56,52,52,54,53,52,
55,56,54,55,54,56,55,54,53,53,54,53,56,54,53,58,56,56,55,55,52,55,54,53,52,53,55,55,55,55,56,58,54,56,56,55,57,56,55,53,54,55,54,54,54,53,58,54,54,58,55,57,56,57,56,57,53,55,56,52,54,57,54,55,54,54,54,54,53,56,56,58,56,55,54,55,55,55,55,56,56,54,54,56,58,57,57,53,55,55,54,55,55,54,54,55,55,55,56,56,56,56,58,52,54,53,52,59,53,53,56,55,56,57,56,57,55,54,56,57,55,55,56,56,58,56,54,56,54,55,58,53,55,52,53,55,54,52,57,56,54,55,56,58,53,55,54,52,53,54,57,57,56,56,54,55,55,54,57,58,53,54,56,54,52,53,54,55,53,56,56,56,57,56,57,55,54,56,53,52,54,57,58,56,54,60,55,58,59,55,55,55,56,55,57,56,55,58,53,54,56,57,57,58,55,56,57,56,58,57,54,54,55,54,57,56,55,56,57,57,54,56,56,53,55,54,53,55,54,57,58,56,55,55,57,55,56,57,57,54,55,54,57,55,53,55,56,55,56,56,56,52,53,54,54,53,
56,56,56,56,55,57,59,56,57,57,54,54,57,56,53,56,57,57,58,59,56,57,54,55,55,57,56,57,57,55,56,57,56,57,58,56,55,58,56,54,56,56,55,59,54,57,58,58,58,59,56,55,57,58,56,56,54,55,56,57,57,54,57,56,57,57,57,53,55,57,56,55,57,56,55,55,56,56,56,56,56,57,54,57,59,58,55,60,54,59,55,56,55,56,54,54,57,56,57,56,57,57,56,56,54,56,55,54,56,54,57,58,56,56,56,54,56,55,56,55,55,58,57,55,55,54,57,55,55,54,57,56,55,53,53,55,54,52,53,57,56,56,56,56,55,55,56,55,58,55,57,57,57,56,56,56,56,56,58,60,59,55,55,55,55,53,54,55,54,56,57,56,57,57,57,58,57,57,54,56,56,59,57,55,54,61,55,59,55,56,55,56,56,54,56,57,55,56,59,54,59,57,58,56,54,55,57,56,59,55,57,55,56,54,57,58,58,56,56,55,55,56,57,55,58,61,55,54,55,57,58,57,57,59,56,55,55,56,58,56,55,55,57,57,56,55,56,56,53,53,56,59,54,54,55,55,
58,57,56,56,57,57,59,58,58,57,57,56,55,57,56,57,56,57,58,60,56,57,55,58,56,53,59,55,57,56,56,56,58,59,58,59,56,55,57,55,56,56,56,54,57,57,57,55,54,56,57,56,58,58,56,56,58,55,55,54,58,56,58,57,57,57,55,54,56,56,58,56,56,56,58,54,56,55,56,55,57,57,56,57,56,58,56,59,58,57,56,56,57,58,56,54,55,56,58,56,55,57,58,58,57,57,58,57,56,56,60,59,55,57,57,56,57,57,56,55,55,55,57,56,55,56,54,58,56,56,58,57,55,56,58,57,56,56,56,55,57,57,57,58,56,56,56,53,58,56,57,57,58,57,58,55,57,56,56,58,60,54,56,56,58,57,56,55,54,56,57,57,57,57,60,57,55,58,55,55,56,57,56,55,56,55,55,56,56,56,57,58,56,56,56,57,54,56,56,57,56,57,59,56,56,56,58,55,55,56,57,55,57,56,56,57,59,58,57,57,57,56,58,59,59,58,58,56,56,57,56,55,58,58,57,55,56,55,58,59,56,57,55,56,57,57,56,54,56,55,55,54,55,54,55,56,
59,56,57,59,58,57,59,58,57,56,56,56,57,58,60,58,57,57,61,59,57,60,57,58,57,55,59,59,56,56,57,55,58,58,57,58,57,56,57,60,56,57,57,55,58,59,57,58,54,57,58,57,59,56,58,57,58,57,56,56,58,58,58,57,57,56,58,57,57,58,57,60,57,60,59,59,56,56,59,57,58,57,57,57,55,57,57,60,58,59,59,57,57,58,58,58,55,55,57,59,56,57,58,57,60,59,58,57,55,57,57,60,61,59,57,57,54,59,58,56,57,55,56,55,56,56,58,55,58,59,55,57,56,55,58,57,57,58,57,57,57,58,57,57,57,55,56,55,56,59,56,58,58,57,58,58,56,56,57,55,60,58,55,57,58,56,57,58,58,59,57,58,58,57,55,58,59,58,57,55,56,57,56,56,57,56,58,57,57,57,56,57,58,56,56,57,56,57,57,56,57,55,60,56,57,55,56,58,56,59,56,56,56,58,58,60,58,58,56,55,54,59,62,58,55,58,58,57,56,59,58,55,57,59,56,59,56,57,56,59,57,58,56,56,58,57,56,57,56,57,59,57,58,55,55,57,
59,59,60,57,59,57,58,59,60,59,59,57,59,60,61,60,59,57,58,57,57,60,57,59,58,55,59,56,58,58,58,61,58,59,59,57,62,59,57,57,61,56,59,58,59,60,60,59,59,59,59,57,60,59,57,58,59,59,59,57,59,57,58,58,57,57,56,58,58,58,59,61,62,60,59,59,57,57,55,58,59,57,57,57,59,57,57,57,58,60,56,59,58,59,59,58,58,61,58,61,56,57,56,55,57,61,59,59,61,60,58,60,60,57,59,56,58,55,59,60,57,58,59,59,58,56,57,58,57,58,56,57,58,56,58,59,58,60,57,59,58,58,58,58,60,57,56,56,57,58,60,59,61,58,58,59,57,58,56,58,61,60,57,56,57,56,59,56,57,60,58,58,59,58,57,56,56,58,58,60,57,58,55,57,59,57,59,58,57,57,57,56,56,56,58,59,56,57,59,58,59,59,57,58,57,62,56,57,59,60,58,57,60,60,58,60,58,57,58,56,57,56,59,58,61,61,59,58,58,60,58,56,56,57,56,56,58,59,58,58,60,59,58,56,56,58,59,57,57,60,59,60,58,56,56,57,
59,59,61,59,57,57,56,58,60,61,58,60,59,57,59,58,63,60,58,57,58,57,61,58,58,58,59,56,58,57,58,59,58,58,59,57,59,61,59,60,59,57,59,59,59,56,60,60,58,59,57,60,60,59,58,60,59,59,59,58,59,58,59,58,59,58,56,59,59,59,58,58,61,59,58,57,56,56,58,59,58,59,58,57,60,58,58,58,59,58,60,56,60,58,59,59,57,59,59,62,58,58,58,56,58,60,59,60,60,60,59,61,61,60,59,58,59,57,61,57,60,59,57,59,58,59,57,58,58,60,59,57,59,59,60,60,57,59,61,57,61,61,58,60,61,57,59,59,57,60,58,60,60,59,59,60,57,58,58,58,57,58,59,59,58,59,58,58,58,58,61,59,58,59,60,59,58,59,60,56,58,57,56,60,58,59,59,60,59,59,58,59,60,58,58,59,60,58,61,59,60,58,57,57,57,62,57,59,59,60,58,59,57,60,57,60,61,57,61,57,58,57,58,61,57,61,60,60,59,58,59,57,60,59,61,58,58,58,59,58,60,59,62,60,59,59,58,59,59,56,59,58,60,59,57,59,
58,59,60,58,58,57,61,59,60,61,57,58,61,59,61,62,63,59,59,58,58,58,61,61,59,59,59,57,59,59,59,60,61,58,58,57,57,62,61,59,60,59,61,62,60,60,60,59,62,58,58,61,61,58,60,62,60,59,58,59,58,59,58,58,60,60,60,60,60,60,59,60,58,59,60,60,60,57,59,61,59,60,59,58,60,58,60,59,59,59,58,58,61,60,57,60,58,58,60,58,58,59,60,58,61,61,59,60,60,61,59,59,58,60,60,59,60,61,58,62,58,63,59,60,59,59,59,58,58,59,60,61,59,58,58,61,59,59,61,61,60,59,59,60,59,58,58,58,61,60,59,59,58,60,59,59,59,59,60,59,58,59,59,59,59,59,58,59,58,60,60,60,59,58,59,59,60,61,59,57,58,60,58,58,59,59,57,61,60,61,58,60,61,61,58,59,61,60,58,60,59,59,60,59,58,58,63,62,61,57,59,60,58,58,58,57,60,61,58,61,60,57,59,59,60,59,61,61,59,59,59,58,60,59,59,60,59,59,59,63,60,59,62,60,59,58,60,59,58,57,57,60,59,59,60,59,
60,61,60,59,59,59,61,59,59,60,58,59,59,62,59,62,63,63,60,60,59,61,59,61,61,61,61,60,59,62,60,62,61,58,60,58,58,63,60,61,61,60,62,61,60,60,61,61,61,60,60,58,61,61,61,60,60,60,59,59,59,60,60,63,61,61,59,61,59,61,60,61,60,58,61,60,58,58,60,62,60,60,60,59,61,62,61,62,59,60,60,59,58,60,61,62,61,59,61,63,60,59,59,60,62,60,59,59,59,59,62,60,61,60,61,62,61,60,60,61,60,64,61,61,59,59,60,60,60,59,59,59,60,59,59,59,59,60,60,62,61,59,59,59,59,60,60,60,62,61,61,59,61,59,59,60,60,60,60,61,59,59,62,61,60,60,63,59,58,58,61,62,61,60,59,59,61,61,58,60,59,59,61,59,60,63,61,61,62,62,58,61,59,58,62,58,58,60,60,62,60,60,62,59,59,61,61,61,62,58,59,59,62,61,60,58,60,60,59,60,61,62,62,60,60,62,59,64,59,60,60,59,62,60,62,60,59,60,59,59,63,61,60,62,60,60,60,59,60,60,60,60,61,60,60,61,
61,62,61,60,61,60,60,60,62,60,59,61,60,63,61,62,60,60,61,62,60,60,61,60,60,62,62,61,61,60,62,62,60,61,61,61,60,63,60,61,62,62,61,61,60,60,62,61,61,60,60,60,60,61,61,61,59,60,61,59,60,60,60,59,59,61,59,60,59,60,63,59,60,59,59,61,61,62,60,60,61,63,62,61,60,61,62,60,61,62,61,61,61,61,60,61,59,60,60,63,62,61,64,61,60,61,60,59,60,61,62,61,60,60,60,60,61,60,61,61,61,61,61,61,60,60,64,60,61,59,61,59,61,60,62,60,61,63,61,63,61,60,60,60,62,61,60,60,61,61,59,61,60,61,61,60,61,60,59,61,61,61,62,60,61,62,60,64,63,60,61,62,60,61,59,60,61,61,60,62,61,61,61,59,59,64,61,61,63,62,59,61,60,62,59,62,59,59,60,62,61,61,63,61,60,60,62,61,60,61,60,60,60,61,63,62,61,63,61,61,62,62,60,59,60,59,61,64,63,61,60,61,60,62,60,60,60,60,59,61,60,59,62,61,61,61,62,60,60,62,63,63,60,62,61,62,
60,61,62,61,61,61,61,61,61,62,61,61,60,60,63,62,60,62,60,61,61,61,63,60,62,61,62,61,60,61,62,63,63,62,61,60,62,61,61,61,60,62,62,60,61,61,62,61,60,61,61,60,61,62,61,62,61,62,61,63,61,60,61,61,61,60,62,63,62,61,63,60,61,61,61,62,61,60,63,61,61,63,61,62,63,61,62,62,61,61,63,61,61,63,61,61,60,62,62,60,63,62,61,62,61,61,61,60,60,61,62,62,61,62,61,60,62,62,60,61,61,62,61,61,61,60,61,62,61,62,62,61,61,62,61,63,62,63,60,63,61,61,61,60,60,61,61,60,60,62,62,61,61,61,60,61,62,62,61,62,61,61,61,63,64,63,62,62,62,62,61,62,61,61,61,61,61,61,61,62,61,61,61,61,62,60,64,60,64,61,62,62,60,61,61,63,63,62,60,62,62,61,61,61,61,61,62,61,61,60,61,63,62,60,63,61,62,61,63,63,62,61,61,61,62,62,61,63,60,62,61,62,62,62,62,62,61,63,60,60,61,61,61,62,62,60,60,61,62,61,63,61,62,60,62,62,
61,61,62,62,62,62,62,63,63,63,62,62,63,61,61,62,61,61,62,62,62,62,61,61,62,61,63,62,61,61,63,63,61,61,62,61,61,61,64,61,62,63,62,62,62,63,63,63,62,63,62,63,61,63,62,63,61,63,61,61,62,63,63,62,62,63,62,62,63,62,62,62,62,62,62,61,62,62,62,61,61,61,62,61,63,63,62,62,63,62,61,62,62,63,63,64,61,62,63,62,61,63,62,62,63,61,61,63,62,61,61,61,62,62,63,62,63,63,61,62,63,61,61,62,61,62,62,62,63,62,61,61,63,62,62,63,62,62,61,63,62,62,62,62,61,62,61,63,62,62,62,61,62,63,62,64,62,63,61,62,62,61,63,63,62,63,64,62,63,63,62,62,61,63,62,63,61,61,62,63,63,62,62,64,62,61,63,62,61,62,64,63,62,61,62,62,62,61,61,62,63,62,62,61,62,63,63,63,62,62,61,61,63,62,63,61,62,61,61,62,62,64,62,62,63,62,62,62,64,62,61,62,62,62,62,62,63,61,62,61,62,62,61,61,62,61,62,62,61,63,61,63,62,62,62,63,
63,62,63,62,62,62,62,63,64,62,63,63,62,62,62,63,62,63,62,63,63,64,62,62,63,62,62,63,62,62,62,63,64,62,63,63,62,62,62,63,63,62,63,62,63,63,64,63,62,63,63,62,62,62,62,63,63,63,62,62,63,63,63,62,63,62,62,63,63,63,63,63,62,63,64,64,63,63,63,63,62,62,62,63,63,63,62,62,63,62,62,63,62,63,63,63,62,63,62,62,62,62,64,62,63,62,63,63,63,62,62,62,63,62,62,62,62,63,63,62,63,62,63,62,63,63,63,63,62,63,63,62,63,62,63,63,63,62,63,62,62,63,63,63,63,62,62,64,62,62,63,64,64,63,62,63,62,62,63,63,63,63,62,63,64,63,62,64,64,63,62,63,63,63,63,62,63,62,63,63,64,63,63,63,62,63,63,62,63,63,63,63,63,62,63,63,63,63,63,62,63,64,63,62,63,64,62,62,62,63,62,63,63,62,62,62,62,63,63,63,62,62,64,63,63,62,62,63,63,63,62,63,63,63,62,63,63,62,63,62,62,63,63,63,64,62,62,63,63,62,63,63,63,63,62,63,
63,63,63,64,63,63,63,63,63,64,64,64,64,63,63,63,63,63,63,63,64,64,64,63,63,63,63,64,63,64,63,64,63,63,63,63,64,63,63,63,64,63,63,63,64,63,63,63,63,63,64,63,64,63,63,64,64,63,63,63,63,64,63,64,63,64,63,63,63,64,64,64,63,63,64,63,64,63,63,64,63,63,63,64,64,63,63,63,64,64,63,63,64,63,63,64,63,63,64,63,63,63,63,63,63,64,63,63,63,64,63,63,64,63,63,64,63,63,64,63,64,63,63,64,63,64,64,63,64,63,63,63,63,63,63,63,63,63,64,64,63,63,63,64,63,64,63,63,64,64,64,63,63,64,63,64,63,64,63,64,64,63,63,63,63,63,63,64,64,63,63,63,63,63,64,63,64,63,64,63,64,63,63,63,64,63,63,63,63,63,63,64,63,63,63,63,64,63,63,63,64,64,63,63,63,63,63,64,64,63,63,63,63,63,63,64,63,63,63,63,64,63,63,63,64,64,63,64,63,63,64,64,63,63,64,64,63,64,63,63,63,63,63,63,64,63,63,64,63,64,63,63,63,63,63,63,
64,64,64,64,64,64,64,64,64,64,64,64,64,64,64,64,64,64,64,64,64,64,64,64,64,64,64,64,64,64,64,64,64,64,64,64,64,64,64,64,64,64,64,64,64,64,64,64,64,64,64,64,64,64,64,64,64,64,64,64,64,64,64,64,64,64,64,64,64,64,64,64,64,64,64,64,64,64,64,64,64,64,64,64,64,64,64,64,64,64,64,64,64,64,64,64,64,64,64,64,64,64,64,64,64,64,64,64,64,64,64,64,64,64,64,64,64,64,64,64,64,64,64,64,64,64,64,64,64,64,64,64,64,64,64,64,64,64,64,64,64,64,64,64,64,64,64,64,64,64,64,64,64,64,64,64,64,64,64,64,64,64,64,64,64,64,64,64,64,64,64,64,64,64,64,64,64,64,64,64,64,64,64,64,64,64,64,64,64,64,64,64,64,64,64,64,64,64,64,64,64,64,64,64,64,64,64,64,64,64,64,64,64,64,64,64,64,64,64,64,64,64,64,64,64,64,64,64,64,64,64,64,64,64,64,64,64,64,64,64,64,64,64,64,64,64,64,64,64,64,64,64,64,64,64,64,