[64, 256, 128]
0,0,0,0,0,0,0,0,0,0,0,0,0,0,0,0,0,0,0,0,0,0,0,0,0,0,0,0,0,0,0,0,0,0,0,0,0,0,0,0,0,0,0,0,0,0,0,0,0,0,0,0,0,0,0,0,0,0,0,0,0,0,0,0,0,0,0,0,0,0,0,0,0,0,0,0,0,0,0,0,0,0,0,0,0,0,0,0,0,0,0,0,0,0,0,0,0,0,0,0,0,0,0,0,0,0,0,0,0,0,0,0,0,0,0,0,0,0,0,0,0,0,0,0,0,0,0,0,0,0,0,0,0,0,0,0,0,0,0,0,0,0,0,0,0,0,0,0,0,0,0,0,0,0,0,0,0,0,0,0,0,0,0,0,0,0,0,0,0,0,0,0,0,0,0,0,0,0,0,0,0,0,0,0,0,0,0,0,0,0,0,0,0,0,0,0,0,0,0,0,0,0,0,0,0,0,0,0,0,0,0,0,0,0,0,0,0,0,0,0,0,0,0,0,0,0,0,0,0,0,0,0,0,0,0,0,0,0,0,0,0,0,0,0,0,0,0,0,0,0,0,0,0,0,0,0,
0,0,0,0,0,0,0,0,0,0,0,0,0,0,0,0,0,0,0,0,0,0,0,0,0,0,0,0,0,0,0,0,0,0,0,0,0,0,0,0,0,0,0,0,0,0,0,0,0,0,0,0,0,0,0,0,0,0,0,0,0,0,0,0,0,0,0,0,0,0,0,0,0,0,0,0,0,0,0,0,0,0,0,0,0,0,0,0,0,0,0,0,0,0,0,0,0,0,0,0,0,0,0,0,0,0,0,0,0,0,0,0,0,0,0,0,0,0,0,0,0,0,0,0,0,0,0,0,0,0,0,0,0,0,0,0,0,0,0,0,0,0,0,0,0,0,0,0,0,0,0,0,0,0,0,0,0,0,0,0,0,0,0,0,0,0,0,0,0,0,0,0,0,0,0,0,0,0,0,0,0,0,0,0,0,0,0,0,0,0,0,0,0,0,0,0,0,0,0,0,0,0,0,0,0,0,0,0,0,0,0,0,0,0,0,0,0,0,0,0,0,0,0,0,0,0,0,0,0,0,0,0,0,0,0,0,0,0,0,0,0,0,0,0,0,0,0,0,0,0,0,0,0,0,0,0,
0,0,0,0,0,0,0,0,0,0,0,0,0,0,0,0,0,0,0,0,0,0,0,0,0,0,0,0,0,0,0,0,0,0,0,0,0,0,0,0,0,0,0,0,0,0,0,0,0,0,0,0,0,0,0,0,0,0,0,0,0,0,0,0,0,0,0,0,0,0,0,0,0,0,0,0,0,0,0,0,0,0,0,0,0,0,0,0,0,0,0,0,0,0,0,0,0,0,0,0,0,0,0,0,0,0,0,0,0,0,0,0,0,0,0,0,0,0,0,0,0,0,0,0,0,0,0,0,0,0,0,0,0,0,0,0,0,0,0,0,0,0,0,0,0,0,0,0,0,0,0,0,0,0,0,0,0,0,0,0,0,0,0,0,0,0,0,0,0,0,0,0,0,0,0,0,0,0,0,0,0,0,0,0,0,0,0,0,0,0,0,0,0,0,0,0,0,0,0,0,0,0,0,0,0,0,0,0,0,0,0,0,0,0,0,0,0,0,0,0,0,0,0,0,0,0,0,0,0,0,0,0,0,0,0,0,0,0,0,0,0,0,0,0,0,0,0,0,0,0,0,0,0,0,0,0,
0,0,0,0,0,0,0,0,0,0,0,0,0,0,0,0,0,0,0,0,0,0,0,0,0,0,0,0,0,0,0,0,0,0,0,0,0,0,0,0,0,0,0,0,0,0,0,0,0,0,0,0,0,0,0,0,0,0,0,0,0,0,0,0,0,0,0,0,0,0,0,0,0,0,0,0,0,0,0,0,0,0,0,0,0,0,0,0,0,0,0,0,0,0,0,0,0,0,0,0,0,0,0,0,0,0,0,0,0,0,0,0,0,0,0,0,0,0,0,0,0,0,0,0,0,0,0,0,0,0,0,0,0,0,0,0,0,0,0,0,0,0,0,0,0,0,0,0,0,0,0,0,0,0,0,0,0,0,0,0,0,0,0,0,0,0,0,0,0,0,0,0,0,0,0,0,0,0,0,0,0,0,0,0,0,0,0,0,0,0,0,0,0,0,0,0,0,0,0,0,0,0,0,0,0,0,0,0,0,0,0,0,0,0,0,0,0,0,0,0,0,0,0,0,0,0,0,0,0,0,0,0,0,0,0,0,0,0,0,0,0,0,0,0,0,0,0,0,0,0,0,0,0,0,0,0,
0,0,0,0,0,0,0,0,0,0,0,0,0,0,0,0,0,0,0,0,0,0,0,0,0,0,0,0,0,0,0,0,0,0,0,0,0,0,0,0,0,0,0,0,0,0,0,0,0,0,0,0,0,0,0,0,0,0,0,0,0,0,0,0,0,0,0,0,0,0,0,0,0,0,0,0,0,0,0,0,0,0,0,0,0,0,0,0,0,0,0,0,0,0,0,0,0,0,0,0,0,0,0,0,0,0,0,0,0,0,0,0,0,0,0,0,0,0,0,0,0,0,0,0,0,0,0,0,0,0,0,0,0,0,0,0,0,0,0,0,0,0,0,0,0,0,0,0,0,0,0,0,0,0,0,0,0,0,0,0,0,0,0,0,0,0,0,0,0,0,0,0,0,0,0,0,0,0,0,0,0,0,0,0,0,0,0,0,0,0,0,0,0,0,0,0,0,0,0,0,0,0,0,0,0,0,0,0,0,0,0,0,0,0,0,0,0,0,0,0,0,0,0,0,0,0,0,0,0,0,0,0,0,0,0,0,0,0,0,0,0,0,0,0,0,0,0,0,0,0,0,0,0,0,0,0,
0,0,0,0,0,0,0,0,0,0,0,0,0,0,0,0,0,0,0,0,0,0,0,0,0,0,0,0,0,0,0,0,0,0,0,0,0,0,0,0,0,0,0,0,0,0,0,0,0,0,0,0,0,0,0,0,0,0,0,0,0,0,0,0,0,0,0,0,0,0,0,0,0,0,0,0,0,0,0,0,0,0,0,0,0,0,0,0,0,0,0,0,0,0,0,0,0,0,0,0,0,0,0,0,0,0,0,0,0,0,0,0,0,0,0,0,0,0,0,0,0,0,0,0,0,0,0,0,0,0,0,0,0,0,0,0,0,0,0,0,0,0,0,0,0,0,0,0,0,0,0,0,0,0,0,0,0,0,0,0,0,0,0,0,0,0,0,0,0,0,0,0,0,0,0,0,0,0,0,0,0,0,0,0,0,0,0,0,0,0,0,0,0,0,0,0,0,0,0,0,0,0,0,0,0,0,0,0,0,0,0,0,0,0,0,0,0,0,0,0,0,0,0,0,0,0,0,0,0,0,0,0,0,0,0,0,0,0,0,0,0,0,0,0,0,0,0,0,0,0,0,0,0,0,0,0,
0,0,0,0,0,0,0,0,0,0,0,0,0,0,0,0,0,0,0,0,0,0,0,0,0,0,0,0,0,0,0,0,0,0,0,0,0,0,0,0,0,0,0,0,0,0,0,0,0,0,0,0,0,0,0,0,0,0,0,0,0,0,0,0,0,0,0,0,0,0,0,0,0,0,0,0,0,0,0,0,0,0,0,0,0,0,0,0,0,0,0,0,0,0,0,0,0,0,0,0,0,0,0,0,0,0,0,0,0,0,0,0,0,0,0,0,0,0,0,0,0,0,0,0,0,0,0,0,0,0,0,0,0,0,0,0,0,0,0,0,0,0,0,0,0,0,0,0,0,0,0,0,0,0,0,0,0,0,0,0,0,0,0,0,0,0,0,0,0,0,0,0,0,0,0,0,0,0,0,0,0,0,0,0,0,0,0,0,0,0,0,0,0,0,0,0,0,0,0,0,0,0,0,0,0,0,0,0,0,0,0,0,0,0,0,0,0,0,0,0,0,0,0,0,0,0,0,0,0,0,0,0,0,0,0,0,0,0,0,0,0,0,0,0,0,0,0,0,0,0,0,0,0,0,0,0,
0,0,0,0,0,0,0,0,0,0,0,0,0,0,0,0,0,0,0,0,0,0,0,0,0,0,0,0,0,0,0,0,0,0,0,0,0,0,0,0,0,0,0,0,0,0,0,0,0,0,0,0,0,0,0,0,0,0,0,0,0,0,0,0,0,0,0,0,0,0,0,0,0,0,0,0,0,0,0,0,0,0,0,0,0,0,0,0,0,0,0,0,0,0,0,0,0,0,0,0,0,0,0,0,0,0,0,0,0,0,0,0,0,0,0,0,0,0,0,0,0,0,0,0,0,0,0,0,0,0,0,0,0,0,0,0,0,0,0,0,0,0,0,0,0,0,0,0,0,0,0,0,0,0,0,0,0,0,0,0,0,0,0,0,0,0,0,0,0,0,0,0,0,0,0,0,0,0,0,0,0,0,0,0,0,0,0,0,0,0,0,0,0,0,0,0,0,0,0,0,0,0,0,0,0,0,0,0,0,0,0,0,0,0,0,0,0,0,0,0,0,0,0,0,0,0,0,0,0,0,0,0,0,0,0,0,0,0,0,0,0,0,0,0,0,0,0,0,0,0,0,0,0,0,0,0,
0,0,0,0,0,0,0,0,0,0,0,0,0,0,0,0,0,0,0,0,0,0,0,0,0,0,0,0,0,0,0,0,0,0,0,0,0,0,0,0,0,0,0,0,0,0,0,0,0,0,0,0,0,0,0,0,0,0,0,0,0,0,0,0,0,0,0,0,0,0,0,0,0,0,0,0,0,0,0,0,0,0,0,0,0,0,0,0,0,0,0,0,0,0,0,0,0,0,0,0,0,0,0,0,0,0,0,0,0,0,0,0,0,0,0,0,0,0,0,0,0,0,0,0,0,0,0,0,0,0,0,0,0,0,0,0,0,0,0,0,0,0,0,0,0,0,0,0,0,0,0,0,0,0,0,0,0,0,0,0,0,0,0,0,0,0,0,0,0,0,0,0,0,0,0,0,0,0,0,0,0,0,0,0,0,0,0,0,0,0,0,0,0,0,0,0,0,0,0,0,0,0,0,0,0,0,0,0,0,0,0,0,0,0,0,0,0,0,0,0,0,0,0,0,0,0,0,0,0,0,0,0,0,0,0,0,0,0,0,0,0,0,0,0,0,0,0,0,0,0,0,0,0,0,0,0,
0,0,0,0,0,0,0,0,0,0,0,0,0,0,0,0,0,0,0,0,0,0,0,0,0,0,0,0,0,0,0,0,0,0,0,0,0,0,0,0,0,0,0,0,0,0,0,0,0,0,0,0,0,0,0,0,0,0,0,0,0,0,0,0,0,0,0,0,0,0,0,0,0,0,0,0,0,0,0,0,0,0,0,0,0,0,0,0,0,0,0,0,0,0,0,0,0,0,0,0,0,0,0,0,0,0,0,0,0,0,0,0,0,0,0,0,0,0,0,0,0,0,0,0,0,0,0,0,0,0,0,0,0,0,0,0,0,0,0,0,0,0,0,0,0,0,0,0,0,0,0,0,0,0,0,0,0,0,0,0,0,0,0,0,0,0,0,0,0,0,0,0,0,0,0,0,0,0,0,0,0,0,0,0,0,0,0,0,0,0,0,0,0,0,0,0,0,0,0,0,0,0,0,0,0,0,0,0,0,0,0,0,0,0,0,0,0,0,0,0,0,0,0,0,0,0,0,0,0,0,0,0,0,0,0,0,0,0,0,0,0,0,0,0,0,0,0,0,0,0,0,0,0,0,0,0,
0,0,0,0,0,0,0,0,0,0,0,0,0,0,0,0,0,0,0,0,0,0,0,0,0,0,0,0,0,0,0,0,0,0,0,0,0,0,0,0,0,0,0,0,0,0,0,0,0,0,0,0,0,0,0,0,0,0,0,0,0,0,0,0,0,0,0,0,0,0,0,0,0,0,0,0,0,0,1,0,0,0,0,0,0,0,0,0,0,0,0,0,0,0,0,0,0,0,0,0,0,0,0,0,0,0,0,0,0,0,0,0,0,0,0,0,0,0,0,0,0,0,0,0,0,0,0,0,0,0,0,0,0,0,0,0,0,0,0,0,0,0,0,0,0,0,0,0,0,0,0,0,0,0,0,0,0,0,0,0,0,0,0,0,0,0,0,0,0,0,0,0,0,0,0,0,0,0,0,0,0,0,0,0,0,0,0,0,0,0,0,0,0,0,0,0,0,0,0,0,0,0,0,0,0,0,0,0,0,0,0,0,0,0,0,0,0,0,0,0,0,0,0,0,0,0,0,0,0,0,0,0,0,0,0,0,0,0,0,0,0,0,0,0,0,0,0,0,0,0,0,0,0,0,0,0,
0,0,0,0,0,0,0,0,0,0,0,0,0,0,0,0,0,0,0,0,0,0,0,0,0,0,0,0,0,0,0,0,0,0,0,0,0,0,0,0,0,0,0,0,0,0,0,0,0,0,0,0,0,0,0,0,0,0,0,0,0,0,0,0,0,0,0,0,0,0,0,0,0,0,0,0,0,0,0,0,0,0,0,0,0,0,0,0,0,0,0,0,0,0,0,0,0,0,0,0,0,0,0,0,0,0,0,0,0,0,0,0,0,0,0,0,0,0,0,0,0,0,0,0,0,0,0,0,0,0,0,0,0,0,0,0,0,0,0,0,0,0,0,0,0,0,0,0,0,0,0,0,0,0,0,0,0,0,0,0,0,0,0,0,0,0,0,0,0,0,0,0,0,0,0,0,0,0,0,0,0,0,0,0,0,0,0,0,0,0,0,0,0,0,0,0,0,0,0,0,0,0,0,0,0,0,0,0,0,0,0,0,0,0,0,0,0,0,0,0,0,0,0,0,0,0,0,0,0,0,0,0,0,0,0,0,0,0,0,0,0,0,0,0,0,0,0,0,0,0,0,0,0,0,0,0,
0,0,0,0,0,0,0,0,0,0,0,0,0,0,0,0,0,0,0,0,0,0,0,0,0,0,0,0,0,0,0,0,0,0,0,0,0,0,0,0,0,0,0,0,0,0,0,0,0,0,0,0,0,0,0,0,0,0,0,0,0,0,0,0,0,0,0,0,0,0,0,0,0,0,0,0,0,0,0,1,0,0,0,0,0,0,0,0,0,0,0,0,0,0,0,0,0,0,0,0,0,0,0,0,0,0,0,0,0,0,0,0,0,0,0,0,0,0,0,0,0,0,0,0,0,0,0,0,0,0,0,0,0,0,0,0,0,0,0,0,0,0,0,0,0,0,0,0,0,0,0,0,0,0,0,0,0,0,0,0,0,0,0,0,0,0,0,0,0,0,0,0,0,0,0,0,0,0,0,0,0,0,0,0,0,0,0,0,0,0,0,0,0,0,0,0,0,0,0,0,0,0,0,0,0,0,0,0,0,0,0,0,0,0,0,0,0,0,0,0,0,0,0,0,0,0,0,0,0,0,0,0,0,0,0,0,0,0,0,0,0,0,0,0,0,0,0,0,0,0,0,0,0,0,0,0,
0,0,0,0,0,0,0,0,0,0,0,0,0,0,0,0,0,0,0,0,0,0,0,0,0,0,0,0,0,0,0,0,0,0,0,0,0,0,0,0,0,0,0,0,0,0,0,0,0,0,0,0,0,0,0,0,0,0,0,0,0,0,0,0,0,0,0,0,0,0,0,0,0,0,0,0,0,1,0,0,0,0,0,0,0,0,0,0,0,0,0,0,0,0,0,0,0,0,0,0,0,0,0,0,0,0,0,0,0,0,0,0,0,0,0,0,0,0,0,0,0,0,0,0,0,0,0,0,0,0,0,0,0,0,0,0,0,0,0,0,0,0,0,0,0,0,0,0,0,0,0,0,0,0,0,0,0,0,0,0,0,0,0,0,0,0,0,0,0,0,0,0,0,0,0,0,0,0,0,0,0,0,0,0,0,0,0,0,0,0,0,0,0,0,0,0,0,0,0,0,0,0,0,0,0,0,0,0,0,0,0,0,0,0,0,0,0,0,0,0,0,0,0,0,0,0,0,0,0,0,0,0,0,0,0,0,0,0,0,0,0,0,0,0,0,0,0,0,0,0,0,0,0,0,0,0,
0,0,0,0,0,0,0,0,0,0,0,0,0,0,0,0,0,0,0,0,0,0,0,0,0,0,0,0,0,0,0,0,0,0,0,0,0,0,0,0,0,0,0,0,0,0,0,0,0,0,0,0,0,0,0,0,0,0,0,0,0,0,0,0,0,0,0,0,0,0,0,0,0,0,0,0,0,0,2,0,0,0,0,0,0,0,0,0,0,0,0,0,0,0,0,0,0,0,0,0,0,0,0,0,0,0,0,0,0,0,0,0,0,0,0,0,0,0,0,0,0,0,0,0,0,0,0,0,0,0,0,0,0,2,0,0,0,0,0,0,0,0,0,0,0,0,0,0,0,0,0,0,0,0,0,0,0,0,0,0,0,0,0,0,0,0,0,0,0,0,0,0,0,0,0,0,0,0,0,0,0,0,0,0,0,0,0,0,0,0,0,0,0,0,0,0,0,0,0,0,0,0,0,0,0,0,0,0,0,0,0,0,0,0,0,0,0,0,0,0,0,0,0,0,0,0,0,0,0,0,0,0,0,0,0,0,0,0,0,0,0,0,0,0,0,0,0,0,0,0,0,0,0,0,0,0,
0,0,0,0,0,0,0,0,0,0,0,0,0,0,0,0,0,0,0,0,0,0,0,0,0,0,0,0,0,0,0,0,0,0,0,0,0,0,0,0,0,0,0,0,0,0,0,0,0,0,0,0,0,0,0,0,0,0,0,0,0,0,0,0,0,0,0,0,0,0,0,0,0,0,0,3,3,3,0,0,0,0,0,0,0,0,0,0,0,0,0,0,0,0,0,0,0,0,0,0,0,0,0,0,0,0,0,0,0,0,0,0,0,0,0,0,0,0,0,0,0,0,0,0,0,0,0,0,0,0,0,0,0,0,2,2,0,0,0,0,0,0,0,0,0,0,0,0,0,0,0,0,0,0,0,0,0,0,0,0,0,0,0,0,0,0,0,0,0,0,0,0,0,0,0,0,0,0,0,0,0,0,0,0,0,0,0,0,0,0,0,0,0,0,0,0,0,0,0,0,0,0,0,0,0,0,0,0,0,0,0,0,0,0,0,0,0,0,0,0,0,0,0,0,0,0,0,0,0,0,0,0,0,0,0,0,0,0,0,0,0,0,0,0,0,0,0,0,0,0,0,0,0,0,0,0,
0,1,0,0,0,0,0,0,0,0,0,0,0,0,0,0,0,0,0,0,0,0,0,0,0,0,0,0,0,0,0,0,0,0,0,0,0,0,0,0,0,0,0,0,0,0,0,0,0,0,0,0,0,0,0,0,0,0,0,0,0,0,0,0,0,0,0,0,0,0,0,0,0,0,0,5,0,3,0,0,0,0,0,0,0,0,0,0,0,0,0,0,0,0,0,0,0,0,0,0,0,0,0,0,0,0,0,0,0,0,0,0,0,0,0,0,0,0,0,0,0,0,0,0,0,0,0,0,0,0,0,0,0,0,0,0,0,0,0,0,0,0,0,0,0,0,0,0,0,0,0,0,0,0,0,0,0,0,0,0,0,0,0,0,0,0,0,0,0,0,0,0,0,0,0,0,0,0,0,0,0,0,0,0,0,0,0,0,0,1,0,0,1,0,0,0,0,0,0,0,0,0,0,0,0,0,0,0,0,0,0,0,0,0,0,0,0,0,0,0,0,0,0,0,0,0,0,0,0,0,0,0,0,0,0,0,0,0,0,0,0,0,0,0,0,0,0,0,0,0,0,0,0,0,0,0,
0,0,0,0,0,0,0,0,0,0,0,0,0,0,0,0,0,0,0,0,0,0,0,0,0,0,0,0,0,0,0,0,0,0,0,0,0,0,0,0,0,0,0,0,0,0,0,0,0,0,0,0,0,0,0,0,0,0,0,0,0,0,0,0,0,0,0,0,0,0,0,0,0,0,0,0,6,5,0,0,0,0,0,0,0,0,0,0,0,0,0,0,0,0,0,0,0,0,0,0,0,0,0,0,0,0,0,0,0,0,0,0,0,0,0,0,0,0,0,0,0,0,0,0,0,0,0,0,0,0,0,1,0,0,0,0,0,0,0,0,2,0,0,0,0,0,0,0,0,0,0,0,0,0,0,0,0,0,0,0,0,0,0,0,0,0,0,0,0,0,0,0,0,0,0,0,0,0,0,0,0,0,0,0,0,0,0,0,0,0,1,0,0,0,0,0,0,0,0,0,0,0,0,0,0,0,0,0,0,0,0,0,0,0,0,0,0,0,0,0,0,0,0,0,0,0,0,0,0,0,0,0,0,0,0,0,0,0,0,0,0,0,0,0,0,0,0,0,0,0,0,0,0,0,0,0,
0,0,0,0,0,0,1,0,0,0,0,0,0,0,0,0,0,0,0,0,0,0,0,0,0,0,0,0,0,0,0,0,0,0,0,0,0,0,0,0,0,0,0,0,1,1,0,0,0,0,0,0,0,0,0,0,1,0,0,0,0,0,0,0,0,0,0,0,0,0,0,0,0,0,0,0,0,6,0,0,0,0,0,0,0,0,0,0,0,0,0,0,0,0,0,0,0,0,0,0,0,0,0,0,0,0,0,0,0,0,0,0,0,0,0,0,0,0,0,0,0,0,0,0,0,0,0,0,0,0,0,0,0,0,0,0,0,0,0,0,0,2,0,0,0,0,0,0,0,0,0,0,0,0,0,0,0,0,0,0,0,0,0,0,0,0,0,0,0,0,0,0,0,0,0,0,0,0,0,0,0,0,0,0,0,0,0,0,0,0,0,0,0,0,0,0,0,0,0,0,0,0,0,0,0,0,0,0,0,0,0,0,1,0,0,0,0,1,0,0,0,0,0,0,0,0,0,0,0,0,0,0,0,0,0,0,0,0,0,0,0,0,0,0,0,0,0,0,0,0,0,0,0,0,0,0,
0,0,0,0,0,0,0,0,0,0,0,0,0,0,0,0,0,0,0,0,0,0,0,0,0,0,0,0,0,0,0,0,0,0,0,0,0,0,0,0,0,0,0,0,2,2,0,0,0,0,0,0,0,0,0,1,2,0,0,0,0,2,1,0,0,0,0,0,0,0,0,1,0,0,0,0,0,0,0,0,0,0,0,0,0,0,0,0,0,0,0,0,0,0,0,0,0,0,0,0,0,0,0,0,0,0,0,0,0,0,0,0,0,0,0,0,0,0,0,0,0,0,0,0,0,0,0,0,1,0,0,0,0,0,0,0,0,0,0,0,0,1,0,0,0,0,0,0,0,0,0,0,0,0,0,0,0,0,0,0,0,0,0,0,0,0,0,0,0,0,0,0,0,0,0,0,0,0,0,0,0,0,0,0,0,0,0,0,0,0,0,0,0,0,0,0,0,0,0,0,0,0,0,0,0,0,0,0,0,0,0,0,0,0,1,0,0,0,0,0,0,0,0,0,0,0,0,0,0,0,0,0,0,0,0,0,0,0,0,0,0,0,0,0,0,0,0,0,0,0,0,0,0,0,0,0,
0,0,0,0,0,2,0,2,0,0,0,0,0,0,0,0,0,0,0,0,0,0,0,0,0,1,0,0,0,0,0,0,0,0,0,0,0,0,0,0,0,0,0,0,0,1,2,0,0,0,0,0,0,0,0,2,3,2,0,0,0,0,3,0,0,0,0,0,0,0,0,0,0,0,0,0,0,0,0,0,0,0,0,0,0,0,0,0,0,0,0,0,0,0,0,0,0,0,0,0,0,0,0,1,0,0,0,0,0,0,0,0,0,0,0,0,0,0,0,0,0,0,0,0,0,0,0,0,0,1,0,0,0,0,0,0,0,0,0,0,0,0,0,0,0,0,0,0,0,0,0,0,0,0,0,0,1,0,0,0,0,0,0,0,0,0,0,0,0,0,0,0,0,0,0,0,0,0,0,0,0,0,0,0,0,0,0,0,0,0,0,0,0,0,0,0,0,0,0,0,0,0,0,0,0,0,0,0,0,0,0,0,0,0,0,0,0,0,0,0,0,0,0,0,0,0,0,0,0,0,0,0,0,0,0,0,0,0,0,0,0,0,0,0,0,0,0,0,2,0,0,0,0,0,0,0,
0,0,0,0,0,0,0,1,1,0,0,0,0,0,0,0,0,0,0,0,0,0,0,0,0,0,0,0,0,0,0,0,0,0,0,0,0,0,0,0,0,0,0,0,0,0,2,0,0,0,0,0,0,0,0,0,0,2,0,0,0,0,0,0,0,0,0,0,0,0,0,0,0,0,0,0,0,0,0,0,0,0,0,0,0,0,0,0,0,0,0,0,0,0,0,0,0,0,0,0,0,0,0,0,0,0,0,0,0,0,0,1,0,0,0,0,0,0,0,0,0,0,0,0,0,0,0,0,0,0,0,0,0,0,0,0,0,0,0,0,0,0,0,0,0,0,0,0,0,0,2,0,1,0,0,2,0,0,0,0,0,0,0,0,0,0,0,0,0,0,0,0,0,0,0,0,0,0,0,0,0,0,0,0,0,0,0,2,0,0,0,0,2,1,0,0,0,0,0,0,0,1,1,1,1,0,0,0,0,0,0,0,0,0,0,0,0,0,0,0,0,0,0,0,0,0,0,0,0,0,0,0,0,0,0,0,0,0,0,0,0,0,0,0,0,0,0,0,0,0,0,0,0,0,0,0,
0,0,0,0,0,0,0,2,2,1,0,0,0,0,0,0,0,0,0,0,0,0,0,0,0,0,0,0,0,0,0,0,0,0,0,0,0,0,0,0,0,0,0,0,0,0,0,2,0,0,0,0,0,0,0,0,0,0,2,0,0,0,0,0,0,0,0,0,0,0,0,0,0,0,0,0,0,0,0,0,0,0,0,0,0,0,0,0,0,0,0,0,0,0,0,0,0,0,0,2,0,0,0,0,0,0,0,0,0,0,0,0,0,0,0,0,0,0,0,0,0,0,0,0,0,0,0,0,0,0,1,0,2,1,0,0,0,0,0,0,0,0,0,0,0,0,0,0,0,0,2,0,0,0,0,0,0,0,0,0,0,0,1,0,0,0,0,0,0,0,2,0,0,0,0,0,0,0,0,0,0,0,0,0,0,1,1,0,2,0,0,0,3,1,1,1,0,0,0,0,0,0,0,2,0,1,0,0,0,0,0,0,0,0,0,0,3,0,0,0,0,0,0,0,0,0,0,0,0,0,0,0,0,0,0,0,0,0,0,0,0,0,0,0,0,0,0,0,0,0,2,4,0,0,0,2,
0,0,0,0,0,0,0,0,0,0,0,0,0,0,0,0,0,0,0,0,0,0,0,0,0,0,0,0,0,0,0,0,0,0,0,0,0,0,0,0,0,0,0,1,1,0,0,0,0,0,0,0,0,0,0,0,0,1,0,3,1,2,0,8,0,0,0,9,0,0,0,0,0,0,0,0,0,0,0,0,0,0,0,0,0,0,0,0,0,0,0,0,0,0,0,0,0,0,0,3,0,0,0,0,0,0,0,0,0,0,0,0,0,0,0,0,0,0,0,0,0,0,0,0,0,0,0,0,0,0,0,0,4,0,2,0,0,0,0,0,0,0,0,0,0,0,0,0,0,0,0,5,2,0,0,0,0,0,0,0,0,0,0,0,0,0,0,0,1,0,0,0,0,0,0,0,0,0,0,0,0,0,0,0,0,0,0,0,0,0,0,0,0,0,0,1,0,0,0,0,0,0,0,0,0,0,0,0,0,0,0,0,0,0,0,2,4,3,0,0,0,0,0,0,0,0,0,0,0,0,0,0,0,1,0,0,0,0,0,0,0,0,0,0,0,0,0,0,0,4,2,2,0,0,2,2,
0,0,0,0,0,0,0,0,0,0,0,0,1,0,0,0,0,0,0,0,0,0,0,0,0,0,0,0,0,0,0,0,1,0,0,0,0,0,0,0,0,0,0,0,2,0,1,0,6,0,2,0,0,0,0,1,3,0,5,0,6,9,2,9,6,10,0,0,0,0,0,0,0,0,0,0,0,0,0,0,0,0,0,0,0,0,0,0,0,0,0,0,0,0,0,0,4,0,0,0,0,3,5,0,0,0,0,0,0,0,0,0,0,0,0,0,0,0,0,0,0,0,0,0,0,0,0,0,0,0,0,0,0,4,0,0,0,0,0,0,1,0,0,0,0,0,0,0,0,0,5,3,3,0,0,0,0,0,0,0,0,0,0,0,0,0,0,0,0,1,0,0,0,0,1,0,0,0,0,7,0,0,0,0,6,0,0,0,0,0,0,0,0,0,0,0,0,0,0,0,0,0,0,0,0,0,0,0,0,0,0,0,0,0,0,0,2,0,0,0,0,0,0,0,0,0,0,0,0,0,0,0,1,0,0,0,0,0,0,0,0,0,0,0,0,0,0,0,0,0,3,6,4,5,4,2,
0,3,0,0,0,0,1,0,0,0,0,0,1,0,0,0,0,0,0,0,0,0,0,0,0,0,0,0,0,0,0,1,0,0,0,0,3,0,0,0,0,0,0,0,0,1,0,0,0,1,0,0,0,0,0,0,3,0,0,0,4,6,6,10,7,0,10,0,0,0,0,0,0,1,0,0,0,0,0,0,0,0,0,0,0,0,0,0,0,0,0,0,0,0,0,0,1,2,5,0,0,0,5,4,0,0,0,0,0,0,0,0,0,1,0,0,0,0,0,0,0,0,0,0,0,0,0,0,0,1,3,0,0,0,0,0,0,0,0,0,0,0,0,0,0,0,0,0,0,0,5,5,4,0,0,0,0,0,0,0,0,0,0,0,0,0,0,0,0,1,0,0,0,0,0,0,0,0,0,0,0,6,5,0,0,0,0,0,0,0,0,0,0,0,0,0,0,0,0,0,0,0,0,0,0,0,0,0,0,0,0,0,0,0,0,0,0,0,0,0,0,0,0,0,0,0,0,0,3,3,1,0,1,0,0,0,0,0,0,2,0,0,0,1,0,0,1,0,0,0,3,4,0,5,5,4,
0,0,0,0,1,0,0,0,0,0,0,0,0,0,0,0,0,0,0,0,0,0,0,0,0,0,3,0,0,0,0,1,0,4,0,0,0,0,0,0,0,0,0,0,0,0,2,0,2,2,0,5,0,0,0,0,3,2,0,0,5,5,2,6,7,9,6,6,0,0,0,0,0,0,1,0,0,0,0,1,0,0,0,0,0,0,0,2,4,0,0,0,1,0,0,0,3,3,1,7,0,0,5,0,2,3,0,5,0,5,0,0,0,0,0,0,0,0,0,0,0,0,0,0,0,0,0,0,0,0,0,0,0,0,1,0,0,0,0,0,0,0,0,0,0,0,0,0,0,0,3,0,3,0,0,0,0,0,0,1,0,0,0,0,0,0,0,0,0,0,0,0,0,0,2,0,0,0,0,0,0,0,7,0,0,0,0,0,0,0,0,0,2,4,0,0,0,0,0,0,0,0,0,0,0,0,0,0,0,0,0,0,0,0,0,0,5,0,3,0,0,0,0,0,0,0,0,0,0,4,2,2,0,2,0,0,2,0,0,0,0,0,0,0,0,0,0,0,0,3,0,2,0,3,5,5,
0,0,0,0,0,0,0,0,0,0,0,0,0,0,0,4,1,0,0,0,0,0,0,0,0,0,0,4,0,0,0,2,0,0,2,0,0,0,0,0,0,0,0,0,0,0,0,2,2,0,3,3,0,0,0,4,0,2,3,4,2,0,2,5,3,10,13,7,0,0,0,1,0,0,0,0,0,0,0,0,0,0,0,0,0,2,0,3,4,0,0,0,0,0,0,0,0,0,0,0,0,1,6,2,2,5,0,7,0,5,0,0,0,0,0,2,0,0,0,0,0,0,0,0,0,0,6,7,8,0,1,0,0,0,2,0,0,0,4,5,3,0,0,0,0,0,0,0,0,0,3,3,0,5,0,5,0,0,0,0,0,0,0,0,0,0,0,0,0,0,1,0,1,0,3,2,0,0,1,0,0,0,0,0,5,0,0,0,0,2,5,0,0,6,0,0,0,0,0,0,0,0,0,0,5,0,0,0,0,0,0,0,0,0,0,2,3,0,0,0,0,0,0,0,0,0,0,0,0,3,4,0,0,1,0,4,5,0,0,0,0,0,0,0,0,0,0,0,0,0,4,3,4,0,0,1,
0,0,0,0,0,0,0,0,3,0,0,0,0,0,1,0,0,0,0,0,0,0,0,0,0,0,2,0,0,0,0,0,0,0,0,1,2,0,1,0,2,0,3,1,0,0,0,0,3,0,0,2,3,5,0,2,5,2,1,0,5,7,6,3,3,3,7,14,3,5,0,0,0,0,0,0,0,0,0,0,0,0,0,0,0,0,0,4,3,0,0,6,0,0,2,0,0,0,0,1,0,0,2,2,1,2,7,0,7,6,0,0,0,1,1,1,0,0,0,0,0,0,0,0,0,0,0,0,1,0,0,7,0,0,2,0,0,0,3,0,5,4,0,0,0,0,0,1,2,4,3,3,6,3,6,6,1,0,0,0,0,0,0,0,0,5,0,0,0,1,1,3,0,0,0,3,4,1,0,0,0,0,0,0,6,0,0,0,0,0,2,1,0,4,0,0,0,0,0,1,0,0,1,0,2,0,0,0,0,0,0,4,0,0,0,0,0,0,0,0,0,0,0,0,0,0,0,0,0,4,4,4,0,0,1,3,5,3,2,0,0,6,0,0,0,0,0,0,0,0,4,3,2,1,1,2,
0,2,2,3,0,0,0,0,0,0,0,0,0,0,0,2,0,1,2,0,0,3,0,0,4,2,3,2,5,0,0,0,0,3,0,3,5,3,0,0,0,0,3,0,0,2,0,0,0,4,0,0,2,0,4,4,4,3,5,0,5,5,6,0,6,4,8,8,5,0,6,0,5,0,0,0,0,0,0,0,0,1,0,0,2,0,0,0,4,0,4,4,0,0,1,1,1,0,0,0,0,0,0,2,2,5,7,2,7,7,7,0,0,2,2,3,0,0,0,0,0,0,0,0,0,0,0,0,2,7,0,3,2,1,3,3,0,0,0,4,4,5,0,0,0,0,0,2,5,3,1,3,3,0,3,0,0,0,0,0,0,0,0,3,0,2,5,0,0,3,0,0,4,1,2,0,4,1,0,3,1,1,1,0,0,7,0,0,3,0,1,1,2,5,0,0,0,0,3,1,2,1,2,4,6,0,0,1,0,2,0,0,4,0,0,2,0,0,0,0,0,0,0,0,0,0,0,0,0,0,5,1,4,5,1,1,4,0,2,0,0,7,1,0,0,6,0,5,0,5,5,3,5,3,2,2,
0,3,0,0,0,4,0,0,0,0,0,0,0,0,2,0,3,1,2,3,0,1,3,4,5,4,0,0,0,0,0,0,10,5,4,5,1,3,3,0,1,0,1,1,0,2,0,3,0,4,0,0,0,0,7,0,4,0,5,0,0,5,6,0,0,5,5,12,0,4,7,14,2,0,0,0,0,0,0,1,0,2,2,2,0,0,1,0,0,0,5,0,0,0,6,3,2,1,3,5,0,0,0,1,2,3,2,0,1,7,7,7,3,0,0,2,3,5,0,0,0,0,0,0,0,0,0,7,3,9,3,4,2,1,0,0,0,7,8,6,8,0,6,0,7,0,0,1,0,1,2,1,6,7,7,3,1,4,0,0,0,1,1,0,3,3,0,0,3,1,3,6,6,2,2,2,5,1,2,2,0,0,0,0,0,0,0,0,0,0,0,3,3,0,0,0,0,0,0,4,2,3,0,0,0,1,1,1,1,0,1,2,5,4,0,15,13,12,12,0,0,0,3,0,0,0,0,0,0,1,1,5,1,5,3,2,2,0,0,0,0,1,1,1,1,6,6,0,7,5,5,0,6,6,6,3,
0,6,0,0,4,5,0,1,3,0,0,0,0,0,0,0,0,6,2,0,0,0,4,5,5,5,4,0,6,3,7,0,0,10,6,5,2,1,3,0,0,2,0,0,0,0,0,6,2,5,0,2,0,0,0,7,9,4,0,0,0,0,6,0,0,0,7,12,9,11,0,15,1,4,0,0,0,0,0,0,0,1,0,3,0,0,2,0,0,0,0,0,0,0,7,0,3,3,4,3,0,0,0,1,3,3,3,0,7,3,3,7,3,3,0,0,6,0,5,6,0,0,0,0,0,0,0,0,0,4,10,0,3,0,1,1,1,7,7,8,6,10,0,7,6,0,0,0,0,0,0,1,1,3,8,0,1,2,0,0,0,0,2,2,5,0,0,1,1,0,0,6,6,4,2,3,4,0,2,0,0,1,1,6,0,0,0,0,4,0,0,0,0,0,1,0,0,0,0,0,0,0,2,0,0,1,0,0,2,3,6,2,5,5,0,0,16,7,14,3,0,0,0,3,0,0,1,0,0,0,1,0,0,2,0,0,0,0,0,0,0,0,1,0,2,1,0,4,1,0,6,6,6,0,7,4,
0,0,0,0,4,0,1,1,0,0,0,1,0,0,0,0,0,0,3,0,0,4,4,5,0,5,0,0,4,0,0,7,0,0,9,6,0,3,5,4,3,0,2,0,0,2,4,2,4,5,2,2,3,9,10,8,1,0,1,0,0,0,0,0,0,0,0,0,0,13,0,0,5,4,0,0,0,0,0,1,1,1,3,0,0,0,3,0,6,0,0,0,0,0,0,0,3,5,8,4,0,0,0,0,2,3,0,0,0,7,0,3,0,0,4,7,0,0,3,5,6,0,0,0,0,0,0,1,1,4,10,5,2,3,0,0,2,2,0,7,0,8,0,8,0,1,1,1,0,1,1,6,5,0,4,4,2,3,6,4,3,0,0,2,1,1,0,1,1,0,0,0,0,9,3,4,5,3,0,0,0,0,2,2,5,0,0,0,4,1,0,0,0,0,0,1,1,2,0,0,0,0,0,1,8,9,0,0,0,4,0,9,0,7,0,0,0,7,4,0,3,0,0,0,5,0,0,3,3,3,0,6,3,1,0,0,0,1,0,0,0,0,0,0,1,0,1,0,0,0,9,8,7,8,1,8,
3,5,1,0,4,5,0,0,0,0,0,0,1,0,0,0,2,9,1,1,0,0,5,0,0,0,0,5,3,6,0,0,0,0,6,5,10,5,6,0,3,5,0,0,1,0,5,3,5,4,2,3,0,6,8,3,2,10,0,0,0,0,0,0,0,0,0,1,1,0,0,0,0,7,0,5,0,0,0,0,1,2,0,0,0,0,0,0,6,0,7,0,0,4,0,0,5,8,8,3,0,0,3,0,0,3,0,2,0,4,3,0,0,7,6,4,8,1,0,0,0,7,8,0,0,0,3,1,0,2,3,11,1,3,2,0,0,1,0,0,0,0,0,0,5,1,6,0,2,1,1,3,0,0,0,4,4,7,4,4,0,0,0,0,2,1,0,1,1,0,2,6,0,3,7,6,0,0,3,0,0,0,0,0,6,6,0,0,7,1,3,0,0,0,0,0,0,2,0,0,0,0,0,0,2,12,6,1,0,0,0,0,0,6,8,8,8,8,5,2,0,0,0,1,1,5,0,3,0,6,4,4,4,0,1,0,1,0,0,3,0,0,0,0,0,0,1,1,3,0,3,0,7,8,9,9,
0,6,2,2,0,3,0,6,0,0,0,2,2,2,0,0,0,1,2,1,1,1,0,0,0,0,6,6,4,7,0,0,0,0,6,6,6,10,6,0,9,4,1,0,7,0,0,4,6,0,5,3,3,5,7,9,5,0,2,1,1,0,0,1,2,0,0,1,0,2,0,0,0,0,6,10,1,3,0,0,2,1,3,3,5,0,0,0,0,1,0,0,0,8,8,8,0,4,4,0,3,4,6,4,1,0,9,0,1,0,0,0,0,2,0,0,0,1,1,6,0,0,2,9,0,5,4,4,6,6,11,7,3,2,7,2,3,2,0,1,0,0,4,0,3,3,0,1,0,8,2,3,0,0,4,4,5,7,6,5,5,0,0,0,0,1,0,2,5,1,0,7,1,0,7,12,0,1,4,4,0,0,0,10,0,6,0,0,4,8,0,0,3,4,3,4,0,0,15,0,0,0,0,0,0,0,11,1,0,0,0,0,0,0,8,5,3,2,4,5,2,0,7,0,4,1,4,5,1,0,4,0,1,1,1,2,0,0,0,0,0,2,0,0,4,0,0,1,9,0,3,0,2,9,8,9,
5,3,3,3,2,2,1,8,8,0,0,7,3,3,0,0,0,4,4,3,3,5,0,0,0,0,0,0,5,5,2,0,8,0,0,3,6,5,11,0,6,4,5,8,8,8,0,0,7,1,1,2,6,5,9,10,7,0,3,0,0,3,5,5,2,2,5,0,0,0,0,0,0,0,1,7,7,11,0,0,0,0,1,4,4,5,2,7,0,6,0,6,0,10,9,9,0,6,0,0,0,6,7,5,5,12,10,11,2,2,0,2,0,4,4,7,0,0,2,6,0,0,4,10,0,0,2,2,3,4,7,7,5,4,1,10,4,3,0,0,0,0,0,5,4,4,9,0,0,0,8,8,3,10,5,6,2,2,8,0,5,0,0,0,0,0,2,0,2,2,1,0,5,2,12,8,2,0,4,4,6,0,3,0,8,0,0,1,3,11,0,0,0,3,5,3,0,2,12,0,0,0,0,0,13,12,12,0,1,0,1,0,1,1,0,1,9,6,5,3,1,3,1,1,9,0,2,0,3,9,8,0,2,3,2,2,0,0,0,1,2,3,0,0,2,2,0,4,6,1,10,4,3,0,9,9,
0,7,4,9,9,8,5,0,9,9,9,6,7,0,3,0,0,4,2,4,3,2,0,2,0,0,5,0,5,7,5,5,0,2,4,4,6,6,7,11,4,4,6,8,8,0,8,0,7,0,13,2,12,12,5,10,9,8,0,0,0,11,3,2,1,3,5,4,5,3,0,0,0,10,0,8,10,4,0,5,2,1,2,6,3,7,3,4,4,0,0,8,10,0,9,8,0,6,6,1,7,0,7,4,4,6,1,1,2,0,1,0,0,0,4,2,8,6,0,6,1,6,0,8,6,5,1,5,3,4,5,5,6,9,11,11,4,6,2,0,0,0,0,1,6,5,1,0,7,8,7,9,5,0,12,10,6,2,2,1,9,0,0,0,3,0,0,0,3,3,5,14,0,5,12,9,11,2,4,2,1,6,3,7,9,8,0,0,10,13,0,5,5,0,1,3,1,3,2,0,14,14,0,0,0,0,1,0,3,0,1,9,0,0,0,9,10,3,0,2,0,1,0,0,0,1,0,7,8,8,3,9,0,0,3,4,0,0,0,0,4,1,3,0,2,4,6,7,0,2,6,6,5,1,3,0,
1,0,8,10,8,6,2,1,8,9,9,6,8,1,9,0,0,0,4,4,4,3,0,2,0,0,3,6,7,9,4,6,5,3,2,6,7,9,5,12,7,9,9,8,10,8,8,2,7,5,13,3,5,11,14,7,9,0,0,0,0,8,0,3,0,2,3,9,8,3,0,0,1,3,0,9,1,8,2,0,1,2,3,7,9,6,8,4,2,0,0,4,8,4,9,1,0,0,2,2,1,0,10,4,0,7,2,5,10,5,1,0,1,2,0,2,12,9,12,8,0,0,0,6,0,8,5,5,8,7,5,4,0,10,4,6,5,5,0,0,0,1,1,0,0,6,5,1,6,9,9,9,13,6,2,11,10,7,5,6,0,0,0,0,0,1,1,0,2,4,0,9,0,0,11,13,5,2,4,3,2,2,0,6,6,5,6,2,5,1,1,1,6,6,1,1,7,12,3,0,0,15,7,0,9,0,12,2,13,3,9,10,1,9,0,11,2,0,0,1,1,1,0,0,0,3,3,8,4,3,10,0,0,2,5,5,1,2,0,5,2,3,2,4,0,3,2,1,3,4,0,1,7,3,0,0,
0,0,0,0,9,8,7,9,3,9,9,10,8,2,3,2,0,0,2,5,5,4,0,3,0,3,5,4,8,7,6,5,4,6,3,7,7,6,0,8,8,1,1,9,10,8,8,0,5,5,5,7,6,13,14,1,8,0,0,0,8,9,0,0,1,1,3,9,9,4,0,0,1,5,4,9,6,3,3,0,4,2,1,7,6,5,6,7,5,8,8,0,5,5,3,10,0,0,3,3,5,4,11,11,0,1,1,4,2,8,0,2,0,2,0,0,12,8,12,9,0,0,7,4,7,4,6,5,8,4,6,7,0,1,0,4,6,0,0,0,0,0,1,7,0,4,8,2,6,7,3,6,7,14,2,3,11,6,8,6,0,0,0,0,4,3,0,1,1,2,0,10,4,0,0,0,5,4,3,3,5,0,1,1,7,6,12,0,6,7,7,8,4,13,3,0,12,9,1,12,0,10,7,7,7,0,11,16,3,5,5,0,1,0,0,12,7,0,7,3,2,3,3,3,9,10,8,5,7,3,10,5,0,4,5,0,1,0,9,5,5,0,6,4,5,2,3,1,3,3,0,3,2,0,0,0,
1,0,0,0,8,10,9,11,11,0,9,12,10,3,2,2,4,3,0,5,11,11,0,0,15,4,5,5,4,11,10,6,4,4,5,2,8,0,0,8,7,2,9,10,10,3,6,0,6,6,6,7,12,12,15,2,1,1,0,11,9,3,10,2,1,2,1,7,10,9,6,5,0,7,7,10,9,5,3,7,8,8,5,4,9,7,3,6,6,10,9,1,4,7,6,5,4,3,4,1,5,4,2,0,18,5,3,5,0,11,6,0,0,0,2,10,11,4,12,10,10,10,0,5,0,3,11,4,7,7,0,0,4,0,9,1,5,3,1,2,0,1,0,0,0,8,5,3,6,1,3,6,4,7,5,5,3,1,6,6,1,0,0,0,0,0,3,3,2,0,0,0,3,7,0,10,0,5,12,4,3,6,1,8,8,8,13,0,13,7,9,8,0,7,0,13,2,10,14,13,7,6,8,8,7,11,12,12,16,16,4,3,0,16,16,0,3,0,7,9,8,3,9,4,7,9,11,10,6,5,4,5,6,3,5,3,3,1,9,0,0,3,10,6,5,5,2,2,4,4,3,1,2,1,6,11,
17,0,3,3,0,9,12,8,11,15,10,15,11,10,12,6,6,5,0,0,0,11,0,5,0,15,14,8,5,7,3,11,11,6,6,2,4,7,3,2,8,3,6,10,11,8,4,2,7,8,5,17,13,13,16,16,2,15,2,12,10,4,10,4,13,6,11,11,10,7,6,11,6,6,8,11,10,7,6,7,8,8,9,9,5,5,4,9,8,9,8,4,7,8,7,6,5,5,4,8,6,1,3,14,13,11,6,3,0,14,10,9,7,1,10,1,11,12,4,2,2,6,11,1,11,6,2,4,9,6,8,0,0,11,10,3,9,6,6,5,0,0,4,8,0,1,10,4,12,7,5,7,5,4,5,9,3,4,5,5,1,2,6,4,3,2,5,1,0,4,0,10,4,4,6,14,0,5,6,4,9,6,5,8,7,12,0,0,0,14,10,7,8,0,8,15,14,5,11,13,14,15,17,12,8,6,15,15,17,15,17,0,0,10,18,1,1,7,7,11,9,9,7,11,4,10,10,10,8,6,8,4,5,10,4,4,2,3,2,7,0,3,8,6,5,5,5,9,6,5,3,6,6,2,11,12,
5,7,3,4,1,8,10,4,4,3,16,13,4,13,13,14,6,5,9,13,0,12,12,2,9,15,15,10,12,8,8,11,11,4,0,2,4,8,1,3,4,4,11,7,7,9,4,7,6,8,6,4,17,14,15,15,17,16,9,5,5,11,11,5,12,14,11,12,11,10,10,7,12,10,12,8,3,10,14,6,9,8,2,9,6,5,6,10,9,9,9,8,10,6,7,7,7,0,13,10,9,9,4,6,7,5,12,13,14,14,13,12,8,7,12,13,11,13,13,3,3,10,11,3,9,0,7,6,9,8,9,9,10,10,11,6,8,10,3,2,4,9,4,10,7,0,4,10,7,7,11,7,3,9,5,11,5,4,1,6,6,3,4,10,5,0,6,1,6,4,5,0,10,11,10,14,7,5,5,4,8,6,6,3,6,7,10,5,1,14,15,0,8,0,16,15,11,10,5,2,16,8,18,7,13,9,7,11,8,16,8,14,11,13,10,2,13,8,8,5,6,10,11,11,7,8,8,11,10,11,10,7,6,10,6,4,4,2,3,4,5,10,12,10,7,9,11,6,7,7,5,10,6,8,10,10,
5,0,15,14,0,6,11,5,1,1,5,3,4,4,13,4,15,10,5,14,13,0,3,3,0,9,7,7,11,10,9,11,12,6,6,7,4,9,2,2,3,0,11,5,8,7,6,7,6,7,6,6,8,4,6,16,8,11,6,5,5,6,5,4,11,11,11,10,10,10,11,7,9,10,11,11,6,11,7,13,3,3,0,7,8,6,6,8,9,11,10,6,7,1,7,4,10,0,13,7,11,1,4,17,16,15,13,13,14,12,13,11,9,8,13,13,12,12,11,14,5,11,12,10,9,9,0,0,7,7,7,9,2,11,10,8,7,9,10,3,5,11,10,10,13,1,1,6,10,13,12,9,4,11,10,11,7,10,1,7,19,4,11,10,5,0,6,5,6,7,10,5,11,10,10,7,7,2,4,8,8,10,7,6,6,4,7,7,9,7,15,7,0,3,0,10,10,12,11,4,17,14,12,7,8,10,9,12,9,9,14,17,15,5,4,3,3,13,9,13,9,6,11,8,12,8,10,13,13,12,11,8,8,10,4,7,4,3,3,9,3,6,10,12,10,10,5,8,7,7,10,7,11,9,11,10,
6,5,13,15,4,3,8,13,2,2,4,11,4,12,15,0,16,9,10,13,14,13,16,4,4,9,7,4,12,12,8,7,7,7,6,17,5,13,3,8,0,0,3,1,2,10,7,1,1,8,7,6,6,12,7,8,17,18,16,11,9,8,4,5,12,11,12,11,11,10,7,7,10,12,11,11,8,12,8,14,4,4,6,10,7,10,6,9,7,10,11,6,8,7,4,11,12,12,14,14,5,2,16,18,15,13,12,12,13,12,6,14,14,14,11,8,7,13,12,12,5,11,11,13,2,5,11,0,0,0,6,9,5,12,6,8,12,10,10,4,4,6,8,12,10,10,7,2,9,12,13,13,10,10,4,12,9,10,9,6,8,15,19,0,6,7,18,7,8,7,6,10,7,10,3,8,6,7,9,8,7,10,7,6,3,7,3,13,10,10,10,0,0,4,4,2,4,13,12,2,10,14,14,8,10,10,9,14,11,10,11,17,8,9,6,0,4,15,13,9,10,11,7,9,10,12,11,12,13,12,11,13,9,15,6,6,7,6,6,13,9,12,7,7,8,9,7,8,9,9,11,9,9,12,12,11,
4,0,6,8,14,6,13,9,5,4,4,15,12,12,11,1,0,1,19,17,14,13,10,13,12,10,8,16,9,12,8,12,20,19,9,5,6,6,12,0,0,0,4,4,2,7,7,8,2,8,9,7,13,13,12,9,17,10,3,12,17,14,9,5,6,8,5,14,10,10,12,8,8,11,13,15,7,15,4,6,9,5,5,11,11,10,11,10,10,8,14,7,8,15,1,5,9,11,10,15,15,15,19,18,7,14,14,11,13,13,8,14,12,13,8,12,14,7,16,13,13,13,12,8,2,5,3,13,0,6,11,7,7,7,8,9,12,10,12,12,10,7,9,14,13,10,13,6,3,8,8,10,10,11,0,12,9,5,6,7,5,8,11,20,0,0,12,20,3,9,9,4,7,8,8,7,7,9,8,14,8,7,11,11,10,3,9,9,8,10,11,9,9,12,1,4,7,8,3,2,11,15,15,15,11,4,12,13,15,13,13,15,8,10,0,5,10,16,7,15,10,7,10,11,9,11,11,4,12,5,11,11,9,10,15,11,6,6,8,11,6,12,7,7,11,10,8,8,10,9,12,10,11,10,12,10,
11,15,18,15,10,18,8,16,14,5,5,5,14,15,13,15,13,16,8,8,16,15,14,16,12,15,13,13,16,10,9,13,6,11,22,18,19,5,14,10,0,0,5,9,12,8,8,7,9,10,10,10,9,14,13,7,18,11,11,11,18,11,9,7,7,5,5,5,5,1,7,9,8,15,12,7,16,11,5,5,6,6,11,6,10,9,11,11,10,9,10,6,8,13,10,2,6,8,7,11,1,16,19,20,18,7,15,13,10,8,12,15,8,14,13,7,15,14,8,15,15,8,13,10,5,10,4,3,5,6,6,7,11,9,10,8,11,11,13,11,7,8,8,11,9,11,5,8,4,9,13,12,14,9,0,0,0,17,13,6,10,6,6,16,6,12,12,12,21,8,5,4,11,8,4,4,5,10,5,14,14,14,9,9,13,6,9,9,10,10,11,11,13,13,3,2,3,5,7,4,6,11,9,16,14,12,11,12,12,14,14,16,14,9,5,1,14,9,16,9,9,8,8,10,11,7,9,10,6,5,16,11,10,16,10,14,12,15,12,8,13,6,7,12,10,6,9,8,8,12,9,10,11,11,12,12,
12,11,18,14,11,19,8,18,13,14,13,14,12,13,12,14,4,1,19,8,9,17,8,15,14,15,16,16,11,16,15,12,7,21,22,20,9,6,5,15,5,1,8,7,6,7,7,1,7,2,10,7,1,15,14,7,8,9,15,10,12,11,11,7,10,9,7,5,9,1,15,15,10,8,15,6,17,6,11,8,6,7,4,6,10,9,13,9,11,11,12,12,5,14,6,5,8,8,5,7,2,0,0,19,4,8,6,9,11,11,13,13,9,12,14,6,10,6,6,15,9,8,11,11,6,12,5,6,6,6,6,11,8,14,10,10,13,9,9,16,19,12,9,10,11,15,12,5,6,13,14,11,15,10,13,11,13,17,10,11,11,16,7,13,10,8,6,12,22,7,11,5,8,9,7,13,5,11,6,14,11,14,9,10,18,12,6,10,10,13,9,11,13,13,8,7,8,6,6,9,6,10,8,10,12,13,7,13,13,12,12,14,15,5,13,10,9,15,11,10,16,10,10,11,9,10,7,12,12,7,5,18,11,20,14,14,14,13,1,14,13,14,7,12,9,11,7,10,9,9,13,13,11,11,12,13,
12,13,9,11,14,16,14,19,8,15,14,3,16,16,14,14,14,3,2,5,9,12,8,12,15,13,17,12,11,14,16,12,13,9,14,20,22,9,6,8,8,5,10,11,9,7,6,6,2,11,6,11,13,5,11,12,8,7,12,10,12,21,8,11,12,11,5,7,10,4,16,13,18,15,8,7,7,8,11,4,7,5,4,4,13,10,12,10,10,11,14,12,11,6,6,6,8,6,12,11,9,0,1,14,10,5,9,12,12,10,14,14,9,9,8,6,10,10,8,7,10,10,10,10,7,9,6,9,7,6,7,8,9,10,9,11,13,9,18,9,20,22,13,12,13,7,7,6,5,8,12,8,11,12,4,15,14,18,18,18,18,17,16,15,14,10,6,6,7,9,11,9,12,11,12,13,8,12,13,18,15,6,17,14,13,18,7,7,11,14,10,11,11,12,11,10,3,7,7,8,9,8,11,11,4,13,9,8,14,12,14,14,15,7,6,14,13,5,13,12,12,11,10,10,11,5,7,11,9,6,9,16,17,20,14,14,14,14,2,1,18,17,16,14,13,8,8,9,13,10,16,12,11,14,11,10,
10,11,13,10,15,16,16,16,12,10,13,17,4,17,15,6,6,5,4,7,7,13,13,18,12,7,17,12,16,12,15,18,14,9,14,10,21,15,21,8,8,10,11,15,13,10,10,7,7,8,12,6,14,6,11,12,10,10,14,10,12,21,22,13,14,8,12,13,8,10,5,14,18,18,14,15,16,13,3,6,8,7,4,14,11,11,13,12,10,12,11,14,12,10,18,8,15,6,10,10,10,10,17,7,5,10,4,10,13,10,12,10,10,14,15,9,11,8,10,13,9,10,10,6,11,9,6,11,7,7,8,13,8,11,15,11,11,19,10,17,20,20,12,12,11,11,9,7,6,7,13,7,7,12,8,14,16,7,19,18,20,17,19,13,15,10,7,7,6,9,12,6,11,11,8,9,11,9,10,15,18,7,13,11,13,19,13,7,6,11,11,10,9,12,4,10,10,7,7,7,10,11,12,2,10,15,10,11,15,13,11,12,17,13,10,7,14,7,9,16,14,12,12,10,16,11,9,12,9,16,9,16,17,21,20,5,20,15,3,16,16,17,12,19,14,9,12,9,9,14,17,17,13,13,14,11,
2,17,12,12,17,16,14,16,17,12,11,5,6,5,15,8,15,10,6,11,8,10,12,19,15,13,10,11,11,11,20,19,15,15,16,13,14,13,10,9,9,12,12,15,12,10,13,11,10,8,12,13,14,13,16,12,14,13,9,14,16,13,12,21,10,10,13,9,9,8,6,8,18,16,10,15,8,13,10,5,11,7,10,8,9,13,12,13,14,13,11,9,15,8,19,12,17,9,16,13,14,10,12,17,12,6,10,9,10,13,13,6,10,9,11,6,11,9,11,12,13,10,10,9,7,8,15,9,11,13,8,8,10,9,11,14,18,15,20,16,19,11,13,13,14,12,15,9,6,6,13,14,6,14,19,6,8,16,6,19,19,18,19,15,15,21,9,15,8,10,10,10,12,11,9,13,13,15,15,15,15,19,21,8,14,14,19,18,12,16,14,12,12,8,6,5,11,10,5,7,12,10,12,14,11,5,11,11,11,11,19,16,11,18,11,13,17,18,11,12,15,19,16,12,17,13,17,6,24,17,17,17,17,22,4,6,20,21,21,22,17,5,13,18,20,14,20,10,15,15,19,13,13,14,14,13,
16,16,15,14,14,14,15,11,15,13,18,12,12,17,16,9,16,16,10,12,12,14,14,11,6,11,11,16,12,6,12,21,11,15,16,15,17,12,11,16,14,12,14,21,14,11,10,11,15,12,13,12,10,14,17,17,11,15,19,15,17,16,10,18,10,12,10,10,10,11,16,11,9,14,12,11,8,14,10,8,11,10,10,13,10,12,14,13,15,12,12,11,11,9,9,12,14,13,17,14,10,15,13,13,12,8,10,7,7,11,14,10,9,10,7,6,6,11,6,7,12,12,11,14,11,15,14,15,12,9,14,6,9,10,12,13,15,13,18,17,13,14,14,13,13,15,15,15,17,7,13,14,15,15,9,9,9,18,17,18,18,17,16,21,15,19,14,16,12,9,11,10,16,12,9,13,13,15,17,17,18,16,16,10,17,17,11,20,18,14,12,15,14,6,8,6,11,11,10,5,9,13,14,10,14,19,13,13,11,11,19,17,18,12,17,15,11,18,12,12,12,17,14,16,17,16,10,16,15,8,16,21,18,18,4,7,6,6,22,18,21,18,20,7,10,21,10,9,14,17,17,14,19,20,14,14,
13,17,16,17,18,16,16,15,12,18,14,19,17,16,17,17,7,6,6,15,12,9,12,8,16,10,15,10,15,16,13,12,16,15,15,19,16,15,14,14,19,13,14,13,14,14,4,14,13,14,13,18,14,11,18,16,15,16,16,19,20,19,11,18,13,18,21,11,21,11,10,17,9,12,12,12,16,9,18,9,16,11,11,13,16,12,12,6,13,14,12,12,10,9,10,16,14,11,13,10,11,13,12,9,10,9,16,8,8,15,11,11,8,11,11,16,7,13,6,13,13,13,11,15,12,15,14,9,13,13,10,9,11,8,6,19,16,14,13,14,20,11,23,12,13,13,16,6,17,13,14,13,13,10,8,7,11,18,12,18,18,17,17,14,16,20,16,8,16,12,10,16,19,12,12,12,15,9,12,19,19,16,17,17,18,16,19,22,18,16,22,15,15,12,10,8,8,10,9,14,15,12,14,14,11,8,12,14,15,14,7,20,17,13,14,15,16,12,14,12,19,17,17,18,13,16,10,12,17,6,9,9,21,19,5,5,12,15,6,6,4,21,10,8,7,14,12,10,10,21,14,14,20,22,20,14,
13,16,17,14,19,20,14,17,13,18,15,19,18,16,21,18,18,22,9,19,20,12,10,9,9,11,8,14,16,17,16,13,16,18,18,16,18,17,14,17,15,17,11,13,13,4,2,14,21,13,14,19,15,19,12,9,18,16,15,12,21,9,16,10,19,10,19,22,23,10,10,18,10,14,13,10,8,18,9,19,17,11,11,16,17,10,13,15,7,16,10,14,12,10,11,11,16,14,11,11,11,12,13,4,15,18,13,9,14,16,14,9,11,13,12,10,17,12,19,7,14,14,15,8,15,15,8,10,11,15,14,19,10,12,7,7,21,15,21,15,13,15,12,11,12,16,16,14,7,7,8,12,9,10,16,9,12,9,15,14,19,18,13,17,7,11,20,21,14,12,11,18,19,16,16,11,13,15,10,19,18,18,18,12,17,19,18,22,15,17,17,19,16,20,14,10,13,12,10,16,12,16,11,13,9,14,19,18,16,16,16,13,20,14,15,17,12,13,22,13,13,19,12,17,15,14,18,15,12,7,11,25,10,21,18,13,12,13,7,13,23,21,22,12,14,14,12,14,15,21,15,14,15,14,14,15,
13,9,11,15,15,13,17,14,14,18,16,18,20,21,22,16,14,22,11,13,15,13,19,10,9,9,15,15,9,14,9,16,17,14,20,17,20,17,20,19,18,18,14,3,5,14,15,13,22,15,22,14,13,14,16,10,10,16,15,14,21,12,19,9,11,10,19,24,23,12,11,9,18,16,15,17,10,16,16,18,10,11,11,12,11,9,10,13,11,11,16,12,14,11,12,12,5,15,18,11,12,20,20,16,16,12,10,15,14,17,14,11,12,13,12,11,18,18,19,8,9,15,16,11,14,16,8,11,7,12,16,19,11,18,13,8,13,21,12,22,11,12,14,14,14,16,15,17,8,8,12,10,15,10,11,12,17,15,13,14,13,12,14,15,8,14,21,22,22,8,17,17,19,15,17,18,15,14,19,16,16,20,18,11,19,13,15,15,16,14,20,20,22,20,15,10,19,16,11,11,12,14,16,11,12,15,14,19,21,17,17,16,16,15,16,17,13,19,19,23,12,14,13,12,17,19,20,19,17,13,12,18,17,16,22,20,15,15,14,15,19,23,13,13,12,15,16,14,14,16,15,20,15,14,15,17,
13,12,12,14,15,14,18,15,13,14,19,19,19,19,21,21,16,21,11,16,16,19,15,10,22,11,15,15,21,8,9,18,18,20,8,23,18,20,18,19,22,13,20,13,21,12,15,21,19,22,22,23,13,18,16,17,16,12,17,15,17,13,22,21,10,12,19,13,24,13,12,11,10,11,6,10,16,17,12,11,19,20,18,13,13,11,13,15,13,12,11,11,14,13,25,13,27,6,26,25,21,11,21,19,7,19,11,12,14,16,16,12,19,17,11,12,15,15,14,11,9,12,11,10,16,15,11,9,17,16,13,20,20,13,13,19,17,22,12,11,12,13,15,14,11,7,18,16,19,16,8,13,11,13,12,12,10,18,17,14,14,12,14,16,11,14,10,17,24,11,17,18,16,18,18,18,20,16,14,21,27,20,19,14,14,13,12,15,16,14,11,18,21,23,13,11,10,14,21,12,13,17,14,14,16,15,21,24,20,17,22,13,14,15,16,16,15,10,22,22,21,16,11,16,14,20,15,19,18,20,19,19,11,18,16,14,21,24,16,16,20,24,16,14,18,17,17,19,16,16,16,18,16,18,17,17,
8,13,12,18,15,15,15,14,18,18,18,19,22,21,22,20,17,16,22,19,17,15,16,19,12,22,8,15,23,9,10,19,22,21,9,20,19,19,19,21,20,20,21,14,24,14,14,17,11,23,24,15,14,19,19,17,18,17,17,14,17,11,20,20,11,21,19,19,21,13,8,7,12,6,6,16,12,13,13,14,14,12,13,13,13,14,16,16,14,17,15,15,14,13,27,25,26,27,27,10,22,21,11,13,11,19,13,13,18,17,17,14,19,20,20,11,16,18,13,11,12,8,10,10,17,18,10,9,16,18,17,17,21,14,12,20,12,16,17,16,12,11,13,14,12,16,18,15,19,18,18,15,13,14,10,12,13,15,15,13,21,12,12,13,12,20,16,17,17,12,12,17,15,18,18,16,25,16,15,21,21,28,16,15,16,17,17,12,14,11,12,20,19,19,16,15,17,22,20,22,23,13,15,17,17,14,16,22,18,12,22,12,20,16,15,10,15,8,24,14,11,17,19,17,17,15,14,17,19,18,19,19,11,11,14,14,16,25,17,17,17,17,16,15,18,16,18,17,14,21,21,17,17,23,19,19,
9,8,9,9,18,21,16,21,19,19,19,21,20,18,17,20,22,18,15,23,14,16,18,17,17,18,11,9,15,15,16,13,12,12,13,14,21,20,21,20,20,14,19,21,16,19,15,18,18,23,12,13,17,16,18,22,17,21,17,15,9,11,10,18,20,21,15,19,20,10,10,9,5,7,7,11,12,13,14,14,14,13,19,12,14,13,17,15,22,15,15,25,14,15,10,17,26,8,27,25,11,10,20,13,14,11,14,20,13,18,21,14,16,17,19,16,11,10,10,13,16,10,11,17,13,17,12,17,17,20,16,16,17,21,17,19,12,10,17,17,16,25,16,11,14,17,17,17,16,8,9,18,23,10,10,18,14,13,12,19,21,22,16,14,13,14,16,16,18,5,16,20,17,16,16,17,19,18,17,16,13,10,16,16,15,18,24,18,16,16,13,20,20,20,15,17,17,21,23,21,23,23,27,24,18,19,24,23,19,25,21,22,21,17,16,15,16,14,16,15,23,20,13,18,17,20,21,22,20,18,19,15,20,17,14,15,17,25,18,18,19,17,18,16,14,19,23,17,21,22,19,23,18,18,19,19,
21,14,10,9,17,16,16,21,21,20,20,20,13,12,23,18,17,20,16,15,15,20,19,17,16,18,18,10,17,15,17,14,12,11,22,22,12,13,14,21,19,15,20,13,16,13,19,15,15,15,13,17,17,17,17,20,18,19,17,17,15,12,11,22,20,21,22,8,21,15,15,17,9,11,11,15,10,14,14,14,22,10,12,19,14,18,18,18,18,19,16,19,25,24,15,9,17,11,28,26,14,14,23,22,21,13,19,17,13,15,16,21,17,16,15,20,15,11,11,12,15,15,11,17,18,17,18,15,17,19,20,20,20,17,22,12,10,13,12,17,16,25,21,18,14,15,11,18,15,16,20,10,11,24,17,19,14,13,11,13,18,17,17,16,15,17,15,17,19,8,6,15,20,17,16,17,18,13,18,15,14,16,26,13,16,12,19,18,15,17,14,14,18,21,16,18,18,16,23,24,17,24,26,16,18,20,21,24,18,20,20,20,22,20,18,15,16,14,24,22,24,21,19,19,19,21,20,21,21,19,19,20,21,18,21,22,19,18,16,19,23,20,24,16,16,15,23,23,17,21,22,23,19,21,20,21,
13,15,18,15,18,14,18,18,19,22,22,15,19,21,13,24,24,21,16,16,18,15,18,19,17,17,18,11,19,21,18,16,15,10,17,17,13,14,15,13,15,15,14,18,17,16,13,13,17,16,12,13,17,17,17,20,22,22,22,18,16,16,11,14,20,21,17,9,16,16,16,11,7,12,11,18,18,10,15,17,12,15,19,20,20,17,18,17,18,19,15,15,20,20,20,10,10,12,12,28,10,15,16,15,21,15,19,16,16,21,22,16,17,16,17,19,20,16,15,20,11,16,11,11,16,20,18,17,15,21,20,15,21,18,11,18,13,15,13,16,18,16,19,21,22,18,16,10,16,16,12,11,18,20,25,17,19,29,10,16,23,18,18,17,15,20,16,21,20,20,9,16,17,18,18,18,22,19,19,17,17,17,28,13,14,17,20,18,21,16,14,15,15,20,20,21,14,17,16,13,24,15,27,17,11,18,16,23,18,21,26,18,22,19,19,18,20,19,12,18,23,17,19,20,20,19,21,19,17,24,21,20,21,17,21,19,20,20,16,20,25,23,19,21,26,16,13,16,21,22,27,23,18,17,22,16,
16,14,15,14,14,20,19,18,21,22,16,17,15,23,22,18,21,17,18,15,15,15,11,23,14,19,19,18,18,21,18,10,11,22,18,19,14,18,18,15,15,18,15,19,17,18,12,14,18,16,14,13,13,17,18,14,21,19,23,22,19,17,27,15,23,20,23,17,19,17,12,19,8,10,16,15,19,20,27,11,18,12,13,20,20,19,17,18,19,13,16,20,16,21,23,21,21,25,13,11,11,16,17,19,19,16,19,18,17,16,13,22,14,21,20,20,19,21,20,17,16,18,15,17,16,23,19,18,15,18,22,17,16,21,19,19,20,15,14,18,14,13,19,19,22,16,15,17,10,17,12,26,19,14,20,12,18,19,16,16,24,19,13,14,18,16,17,20,21,18,9,18,17,18,21,21,10,19,18,21,17,18,17,21,13,14,12,19,13,10,20,15,21,19,20,19,20,17,18,19,13,19,16,16,10,11,22,23,21,24,26,22,22,20,7,22,20,20,20,18,17,21,20,20,19,19,21,19,19,22,22,17,22,24,18,22,22,18,20,16,26,23,24,16,26,21,14,14,17,21,27,18,20,22,17,17,
15,16,17,16,12,16,20,27,19,16,16,21,18,23,22,15,21,17,16,14,15,13,12,19,15,20,20,17,22,19,19,23,19,12,23,26,16,19,20,18,15,13,16,16,20,18,14,13,15,18,16,16,13,15,18,17,22,22,22,22,22,21,22,23,27,24,16,19,18,35,23,22,20,17,13,15,14,20,17,12,12,13,13,21,17,20,21,20,18,21,13,19,22,22,23,21,14,12,15,12,17,18,18,19,20,20,18,19,18,18,19,24,24,17,21,20,23,22,17,18,18,18,16,19,22,21,23,23,21,18,19,19,19,17,20,14,14,16,15,18,15,14,13,19,20,24,17,22,25,26,20,27,28,19,14,17,19,13,17,26,19,15,15,15,10,24,21,21,19,18,10,10,19,19,21,23,11,19,20,18,18,18,22,22,15,14,12,13,12,10,18,19,21,21,15,20,12,17,17,21,18,19,11,11,10,11,22,23,22,25,20,17,23,18,20,7,21,20,21,19,18,19,21,22,20,19,23,18,22,20,22,20,23,24,18,19,18,25,18,17,22,22,22,22,18,22,21,26,15,25,25,26,24,23,21,18,
14,17,16,18,25,17,20,28,16,18,22,23,22,20,24,15,16,17,15,17,19,17,17,13,12,20,21,22,18,22,23,21,19,19,25,27,18,18,20,20,23,18,27,21,21,26,20,18,18,16,18,17,18,23,17,21,23,22,18,21,22,23,23,23,24,15,17,21,20,22,34,32,23,18,14,15,20,17,18,16,17,17,12,14,17,18,16,21,21,18,18,19,24,23,23,18,27,15,15,15,16,16,18,23,19,20,18,23,19,19,20,22,18,19,18,22,20,20,17,14,18,18,18,20,25,21,23,23,15,19,22,16,15,17,21,17,18,15,14,15,12,15,15,21,20,24,19,18,21,26,22,28,29,20,21,27,13,27,14,18,19,16,11,12,11,13,23,26,28,18,17,16,23,20,21,15,16,20,18,18,21,18,17,17,14,13,14,14,14,12,20,13,12,13,23,16,17,23,19,21,13,19,12,26,11,11,21,18,22,23,20,19,17,17,17,18,22,20,20,20,21,22,22,19,19,19,18,19,18,23,26,21,23,20,27,19,18,19,27,18,19,20,20,23,18,22,22,24,27,25,26,27,19,25,20,21,
19,17,15,17,18,19,26,11,24,26,23,22,21,20,23,16,17,20,17,16,20,17,18,14,13,21,22,22,22,21,18,24,25,13,14,27,28,16,19,21,28,25,27,20,20,21,20,18,18,17,17,18,18,18,22,19,21,25,19,19,17,23,22,17,19,25,21,21,20,23,23,27,34,19,18,15,18,19,20,18,19,27,15,17,24,17,17,17,17,15,21,18,23,24,18,24,26,21,19,23,24,16,20,23,16,26,21,16,19,16,20,17,21,19,18,18,22,15,20,15,21,20,20,24,21,26,17,22,19,22,23,17,19,20,19,21,21,19,20,22,13,19,17,19,23,19,22,20,20,21,23,23,28,21,22,24,27,17,18,29,19,28,29,16,12,13,24,25,23,23,18,21,17,23,23,15,16,16,14,19,21,19,17,19,16,15,15,27,15,11,13,12,21,21,16,13,15,23,20,14,22,21,22,11,28,18,18,17,17,23,23,15,20,19,16,19,22,22,22,21,18,18,20,24,21,18,19,20,19,21,27,21,25,21,26,27,19,24,28,28,20,24,22,21,21,20,20,25,20,23,19,26,19,21,20,20,
14,19,21,19,19,17,17,20,21,23,24,22,24,25,21,24,24,17,17,20,17,18,19,19,15,22,21,21,22,20,23,22,28,25,15,22,21,22,23,21,20,23,25,27,20,21,25,22,18,18,17,21,18,19,22,20,18,25,19,23,22,23,21,23,22,17,22,22,22,23,23,32,20,20,19,20,23,19,22,19,27,27,16,21,16,17,16,17,21,25,20,18,17,22,23,27,26,21,21,25,24,22,25,25,18,21,17,17,19,20,26,17,24,20,15,17,19,20,21,20,17,16,20,20,15,19,27,25,23,18,18,17,15,37,20,23,19,22,22,23,21,19,20,16,22,22,21,20,18,22,24,23,21,21,24,24,19,18,30,28,29,29,27,28,21,13,12,26,27,18,18,27,25,14,16,15,16,23,15,18,15,20,19,18,22,16,16,26,28,12,12,22,22,22,18,13,24,24,19,23,23,19,25,25,19,23,17,18,24,24,22,25,21,19,16,16,18,23,18,19,21,19,20,22,20,21,20,18,21,25,28,20,24,26,26,22,19,25,22,29,28,20,24,24,22,24,24,24,23,21,22,21,21,22,21,22,
24,19,21,19,20,18,20,19,22,21,22,16,24,28,19,26,20,25,18,22,19,19,23,21,22,21,22,25,23,25,20,26,27,24,25,18,23,18,22,21,20,19,24,24,24,21,23,27,21,22,29,18,22,21,18,18,19,18,25,26,26,24,28,23,23,23,25,18,22,24,32,32,20,27,20,20,19,28,23,22,17,21,21,21,22,17,21,26,25,22,20,24,18,20,23,26,28,26,20,26,19,22,22,26,18,21,22,26,28,28,26,26,19,25,28,16,18,27,27,21,21,23,23,21,27,19,27,19,26,21,19,17,18,36,21,20,20,22,22,23,26,20,24,19,26,20,20,21,18,17,23,26,25,22,19,23,24,20,24,27,22,24,28,19,22,14,12,27,26,28,21,27,25,26,15,15,20,22,23,20,16,21,20,24,20,24,23,28,28,27,25,17,23,18,18,20,22,22,21,24,24,23,25,25,26,21,17,23,24,23,23,25,23,22,21,26,22,20,18,19,27,22,27,20,23,18,22,22,21,22,22,23,25,27,24,20,22,19,22,30,20,20,21,22,25,24,27,26,24,20,22,22,21,22,22,23,
23,20,19,19,18,19,20,16,20,19,26,23,22,28,19,18,21,19,20,20,22,20,25,23,23,23,24,25,25,24,26,27,23,28,24,24,19,19,22,23,23,20,28,22,22,23,19,17,28,22,19,19,21,24,21,20,19,23,21,20,24,26,29,23,23,27,25,21,22,34,34,31,28,21,21,24,21,29,24,24,18,20,20,21,19,30,18,23,26,24,19,20,22,25,24,25,27,27,24,19,27,22,23,22,20,23,28,27,23,26,28,20,20,17,19,19,17,18,20,22,21,19,20,24,22,21,20,18,25,23,19,32,17,18,21,21,25,19,22,22,27,22,21,25,26,24,19,20,19,20,20,26,24,25,24,20,24,20,25,19,23,27,22,24,20,29,27,23,26,23,22,28,27,26,27,16,20,20,22,20,27,20,21,20,23,21,24,19,29,30,23,22,18,18,19,15,17,22,16,23,25,22,22,26,22,24,23,23,26,24,22,26,27,23,28,27,23,22,20,20,22,19,27,26,21,22,16,17,22,22,25,28,27,25,18,25,21,27,27,30,29,29,23,23,25,23,24,24,20,20,22,24,24,22,22,22,
25,24,26,26,18,19,20,19,19,19,26,26,22,21,21,20,17,17,19,21,23,21,25,25,22,23,23,24,28,25,27,19,15,31,27,24,20,24,24,28,22,29,28,28,26,23,28,18,28,29,30,25,27,25,24,23,20,22,23,23,24,24,25,25,19,27,27,20,24,22,22,33,19,21,24,30,24,25,23,25,28,21,20,24,31,31,18,26,24,24,20,21,24,26,26,29,22,27,24,26,30,22,22,23,24,22,23,30,29,23,24,29,22,21,29,19,18,31,21,22,29,22,18,25,25,23,22,19,22,23,28,23,26,20,24,25,24,20,23,23,22,22,21,22,30,21,19,19,20,20,18,25,23,25,25,24,24,22,21,20,26,26,22,21,28,30,30,32,25,28,27,20,27,26,23,25,24,22,22,21,20,18,21,28,26,25,22,21,25,31,18,19,23,19,20,24,20,24,19,23,24,26,22,23,23,18,19,25,23,26,29,21,27,22,17,21,22,21,21,17,23,20,28,26,22,22,17,15,24,17,21,25,25,28,26,18,25,21,22,21,24,20,23,21,23,27,23,25,28,21,21,27,25,23,30,23,
21,24,25,25,19,19,21,20,20,22,21,26,21,19,21,20,20,23,25,31,21,21,30,23,23,26,31,25,21,24,27,28,15,25,32,27,29,24,24,29,28,30,24,29,24,24,23,29,30,30,30,18,28,26,23,23,24,23,23,24,20,25,20,24,25,19,19,28,25,25,20,33,24,22,24,23,24,24,22,24,30,29,28,27,25,31,29,19,29,25,27,21,22,24,27,28,28,28,23,28,25,29,28,22,22,25,24,25,25,28,26,30,21,21,19,19,19,18,31,32,22,31,23,31,27,24,20,20,22,26,28,27,31,20,25,25,27,25,26,21,22,22,24,24,29,26,21,20,21,20,20,21,26,23,17,19,23,24,22,21,22,24,27,28,22,28,30,26,25,32,29,28,21,26,26,24,25,26,23,24,21,19,29,29,23,26,21,22,22,23,20,27,20,21,19,22,21,30,20,20,26,24,19,22,24,24,24,24,26,23,27,21,21,31,22,21,18,22,18,18,24,19,28,28,27,22,15,14,15,22,22,22,26,26,26,26,21,22,22,21,25,21,21,21,28,24,24,24,27,28,22,28,24,29,30,24,
22,25,25,23,28,25,21,21,24,21,21,23,24,24,24,20,21,24,24,28,32,22,32,16,23,26,20,30,22,32,17,28,25,17,26,28,26,28,30,26,26,28,29,29,24,26,27,22,28,30,28,28,22,27,28,22,23,24,24,20,18,22,23,21,24,21,22,24,29,24,29,20,21,20,26,26,24,23,23,22,23,30,28,30,29,32,23,24,24,26,30,24,27,21,26,28,26,29,18,29,24,25,29,29,28,23,25,26,29,29,29,25,21,22,20,30,19,29,21,26,23,30,32,23,27,19,25,20,29,34,22,27,23,20,20,27,19,25,23,23,22,25,19,23,29,24,29,21,21,21,19,26,19,19,17,23,24,28,23,23,27,27,24,28,22,23,28,25,26,30,30,26,26,27,26,25,27,30,24,24,29,19,20,18,26,27,24,27,22,24,21,27,27,28,19,23,17,18,25,27,22,29,25,29,22,25,22,21,25,26,16,28,16,32,24,23,19,18,19,23,25,24,24,28,28,26,25,26,24,22,22,23,21,26,26,25,27,22,23,24,23,26,31,27,28,26,25,26,28,28,24,23,24,29,31,22,
22,25,25,25,24,25,23,24,24,28,25,24,24,25,22,26,25,28,23,28,30,33,32,33,25,24,21,32,31,32,30,18,25,26,26,29,28,28,21,27,30,28,29,26,21,27,28,25,23,33,28,30,20,23,26,24,23,23,24,21,19,26,22,28,23,24,30,20,27,27,29,22,26,21,27,26,26,26,26,24,26,24,25,25,30,24,24,22,28,26,26,25,23,21,29,27,28,22,26,27,32,27,30,30,25,27,26,26,27,29,26,26,20,24,31,28,20,27,21,25,25,31,32,28,27,27,27,20,31,30,31,28,29,31,24,23,21,24,17,27,22,25,20,20,22,25,28,29,22,20,18,26,20,25,18,23,25,24,24,29,30,29,28,25,28,23,21,21,24,29,25,32,30,34,27,23,31,30,25,27,27,24,19,19,27,28,30,24,28,22,23,27,19,26,18,20,24,25,26,29,28,29,26,30,24,23,24,24,22,26,27,24,31,18,30,24,31,18,19,25,23,27,27,24,27,26,27,25,22,23,22,20,23,27,27,27,25,22,26,25,27,33,33,29,27,27,27,26,26,27,30,26,27,29,23,23,
22,29,32,26,34,35,25,23,26,27,21,28,23,26,21,26,26,28,30,25,30,29,31,26,26,20,25,23,33,31,34,32,26,19,30,30,23,31,22,24,28,28,28,31,28,22,29,26,31,34,29,33,26,30,18,27,25,23,22,20,20,32,26,20,30,25,29,31,28,28,30,26,26,21,28,27,30,26,26,22,26,26,26,26,23,31,27,27,25,31,32,27,24,26,29,27,21,22,27,23,27,26,24,26,28,26,26,25,27,23,29,26,28,21,28,32,27,28,28,24,26,29,24,28,28,26,28,28,30,24,21,23,30,24,25,23,29,23,25,17,29,24,20,23,22,23,25,27,27,29,29,20,21,30,24,28,26,25,30,27,25,32,27,27,26,29,30,26,25,33,26,28,23,34,33,33,22,31,31,32,26,25,28,28,28,29,27,25,25,33,28,28,20,21,22,27,24,29,25,29,28,27,27,27,25,24,26,27,24,25,27,29,31,18,30,30,27,25,25,26,26,28,28,25,23,26,27,28,22,22,23,22,24,22,27,24,23,21,21,21,26,34,31,26,29,28,28,30,30,28,31,27,30,31,31,24,
24,29,33,33,26,34,25,28,26,27,28,27,24,25,26,30,24,25,24,27,32,32,32,27,27,24,21,23,25,32,34,30,23,23,19,31,23,32,22,28,30,29,30,31,32,28,29,28,30,25,34,26,27,31,24,19,32,21,22,21,31,32,21,26,30,27,24,22,29,32,28,29,29,22,29,27,29,27,26,23,26,27,28,32,32,27,24,21,29,31,32,27,29,25,19,28,23,26,23,23,27,23,27,27,27,23,27,27,25,25,31,29,30,27,25,26,33,30,26,26,26,25,33,25,28,27,19,33,30,24,26,24,32,31,23,25,19,24,23,24,26,21,22,23,24,24,26,29,30,31,29,21,24,24,25,25,28,28,28,31,31,29,28,27,31,27,25,22,25,27,27,34,27,24,24,22,25,25,34,33,33,29,21,27,28,25,30,33,26,34,33,27,21,21,30,23,30,30,27,29,29,25,27,25,26,26,25,28,28,26,27,29,29,29,29,32,27,30,25,26,28,24,29,29,21,23,23,26,27,27,22,23,23,23,21,23,28,22,21,26,31,31,34,32,27,26,29,31,30,30,31,31,32,29,25,25,
25,30,34,35,28,36,32,24,24,29,28,22,29,28,27,27,30,24,24,26,32,32,26,32,28,23,23,22,25,26,24,25,30,24,28,27,30,22,33,23,24,24,31,29,29,29,27,28,26,31,31,35,26,27,27,33,33,28,29,22,29,30,21,27,29,28,27,33,23,32,26,27,25,30,30,28,30,33,27,34,27,27,21,33,32,29,22,29,30,31,31,30,30,28,20,29,21,26,23,25,25,25,26,26,29,26,24,27,27,26,25,26,28,31,31,26,31,31,31,31,25,27,30,25,29,27,24,34,32,24,24,25,29,32,25,22,20,26,24,25,26,28,31,20,22,31,24,26,28,24,32,29,29,23,25,25,22,28,18,27,26,27,27,28,31,23,28,27,28,27,27,35,24,38,26,22,26,23,27,34,33,34,29,30,28,29,33,29,26,28,35,27,29,29,22,33,29,30,30,27,30,27,27,25,26,27,27,28,30,33,26,30,28,30,30,30,30,30,26,29,23,27,23,21,21,22,25,26,26,28,27,24,21,23,22,30,23,29,22,29,26,26,35,33,32,28,26,32,31,30,32,32,31,30,29,26,
37,26,27,35,28,27,25,25,29,25,28,23,32,29,22,28,29,30,31,27,28,32,31,31,24,31,25,30,26,25,25,26,34,26,29,29,28,24,24,29,27,29,30,31,29,29,30,32,28,27,27,32,27,29,32,30,34,34,29,29,29,30,30,29,28,26,28,34,26,24,27,28,30,31,30,32,34,34,34,34,35,29,28,22,23,31,31,31,30,31,30,32,32,29,29,21,26,27,26,26,25,25,24,25,25,27,31,31,27,28,27,31,29,31,31,32,32,28,25,32,25,26,30,31,30,29,25,25,25,25,25,26,30,30,25,25,25,28,26,24,28,22,27,20,30,31,32,24,29,24,24,31,29,29,28,28,27,30,25,28,26,27,28,25,25,29,33,29,29,28,27,29,26,31,40,24,23,26,36,28,37,36,31,31,32,33,30,34,29,34,31,31,28,25,23,34,22,30,31,32,28,28,28,27,29,26,28,31,30,33,30,31,29,29,26,30,34,30,31,25,25,28,24,26,26,22,23,26,27,28,26,27,29,22,30,29,23,24,24,20,29,33,24,24,30,28,28,31,33,31,31,32,32,31,30,31,
30,38,38,29,25,27,29,26,32,29,25,28,33,26,29,29,28,33,32,27,29,31,34,34,32,28,27,31,28,27,28,26,29,26,32,32,29,24,28,24,28,32,26,32,22,33,31,32,28,28,24,29,32,29,31,27,31,32,30,30,32,31,28,31,30,29,34,35,31,27,29,30,31,31,30,33,30,36,22,29,35,30,24,25,30,24,28,27,26,28,28,30,31,31,31,28,27,25,26,27,24,26,26,33,33,26,25,32,28,25,34,33,32,24,30,31,32,24,30,24,28,22,22,32,30,30,23,26,26,24,21,29,32,31,26,32,26,25,30,30,27,27,22,32,27,32,25,25,28,25,32,31,28,29,29,28,23,26,26,28,30,28,29,30,26,31,29,32,30,30,33,31,26,31,32,31,25,37,36,35,37,27,32,32,34,34,33,35,34,36,24,31,26,25,24,23,29,22,28,32,24,31,28,28,28,27,29,31,30,30,34,29,31,30,36,26,26,33,31,27,25,26,31,30,26,29,28,27,30,27,31,27,28,26,25,30,23,24,30,20,30,30,26,25,28,31,32,27,30,30,30,31,31,32,32,31,
29,33,39,37,28,26,36,30,29,27,31,33,29,28,29,28,32,36,33,31,29,36,33,32,35,29,28,28,26,24,28,31,30,27,32,32,32,27,28,30,25,26,32,27,32,34,31,31,30,25,25,30,29,29,30,27,30,28,31,28,31,29,32,32,30,27,29,30,31,31,28,27,31,31,29,33,34,34,24,29,35,26,35,31,32,25,32,29,29,32,31,31,33,32,33,29,29,27,27,27,28,32,27,35,33,26,30,25,29,28,25,31,34,32,29,32,26,25,25,25,34,27,34,26,37,31,28,24,22,25,27,22,30,36,32,33,27,33,32,27,31,29,23,28,27,27,26,34,29,29,31,34,24,24,28,29,24,26,33,29,30,31,29,30,32,32,27,32,32,34,25,37,28,32,32,33,32,32,38,35,25,36,29,29,35,35,26,27,27,37,31,30,26,33,32,30,31,26,33,31,31,31,24,32,29,32,35,29,30,27,31,30,30,37,37,36,27,33,34,27,27,24,28,36,30,30,30,29,30,31,34,31,30,26,34,28,26,25,25,30,29,31,31,29,30,30,32,32,31,29,30,32,32,31,32,33,
26,31,30,30,33,27,29,29,30,29,30,32,32,30,31,28,32,31,33,36,35,33,37,36,29,30,29,25,27,30,28,29,33,34,30,31,27,31,32,32,30,31,33,33,27,26,31,29,31,27,29,30,29,30,29,28,31,30,31,29,28,30,29,25,33,29,31,31,30,35,35,28,35,29,29,31,35,36,34,33,37,25,32,26,30,32,30,34,30,31,32,33,34,29,30,30,30,31,28,28,30,34,33,35,33,34,27,25,29,30,29,32,26,27,30,33,27,26,26,28,34,30,34,33,30,31,30,24,30,23,24,29,30,32,31,33,31,33,30,28,31,30,32,35,36,29,25,34,30,28,32,33,34,34,25,29,25,27,26,33,27,29,27,31,29,29,28,27,27,34,38,37,35,35,30,32,33,34,32,33,27,26,35,25,30,28,36,37,28,34,30,31,27,33,32,34,31,30,33,32,32,31,25,32,33,30,32,34,30,31,26,31,32,30,30,37,31,33,30,28,29,30,24,27,27,33,30,30,35,32,31,33,30,29,28,27,27,26,25,27,32,27,30,31,31,29,32,32,31,30,30,30,33,34,33,31,
33,27,34,31,32,30,32,33,33,31,32,31,29,33,30,32,32,32,37,34,33,28,33,29,30,29,27,32,26,36,28,29,31,32,31,31,32,28,31,32,30,31,36,36,34,27,29,32,27,28,31,31,29,30,30,30,31,28,31,27,27,30,34,30,32,30,29,30,36,31,32,31,36,33,30,32,32,30,37,36,25,33,26,26,32,31,36,34,31,28,32,31,32,30,30,32,31,34,32,29,27,26,26,34,33,33,32,32,31,33,32,26,28,27,27,28,27,27,28,31,34,34,35,28,30,36,32,31,31,30,31,36,37,31,31,31,34,30,30,31,29,29,24,23,35,28,30,35,26,34,25,37,24,36,35,36,28,29,30,34,29,31,30,29,31,30,32,29,35,35,30,36,36,36,33,31,32,35,38,34,25,31,33,30,32,31,26,29,30,34,32,33,36,36,35,31,36,30,33,33,32,36,33,28,31,31,35,28,31,30,26,27,36,28,29,37,35,32,26,33,34,26,29,27,27,32,30,38,33,34,36,37,37,29,35,33,28,33,26,26,27,27,28,29,31,31,34,31,34,29,31,27,33,35,30,30,
34,27,29,35,29,33,33,35,29,33,33,34,28,32,33,34,34,35,35,35,34,33,33,34,29,30,27,31,33,34,36,36,32,28,31,32,34,30,40,30,30,33,37,31,37,34,35,33,29,28,29,31,32,32,31,31,31,31,29,32,28,28,29,31,29,32,32,31,29,36,36,31,32,31,33,30,33,32,37,37,30,26,34,27,37,32,35,37,29,31,29,29,30,29,27,31,32,34,32,30,31,28,27,27,29,35,32,33,32,30,33,32,26,27,27,34,33,28,32,32,31,35,29,36,30,29,31,32,32,32,30,35,38,39,32,32,33,32,32,31,29,30,24,24,29,29,27,25,27,26,25,36,26,27,35,36,27,31,31,29,30,28,30,34,32,34,29,29,24,35,25,35,38,35,32,31,33,29,38,34,36,30,26,32,36,33,28,30,30,30,34,33,33,34,35,33,35,36,31,32,32,36,28,34,33,29,29,29,35,32,30,31,30,25,32,29,32,28,35,32,35,27,28,27,32,31,34,38,36,32,33,38,32,40,33,35,33,28,33,29,28,30,32,34,32,33,33,34,30,31,31,32,31,32,30,32,
34,34,28,29,32,28,31,32,35,37,32,35,35,29,34,36,35,29,37,36,33,32,35,34,40,32,28,36,31,35,30,36,34,33,31,29,32,31,40,33,30,32,37,38,38,34,36,35,38,30,30,31,34,33,31,32,32,31,31,33,29,29,30,32,27,30,29,30,30,38,37,34,32,30,31,32,30,31,31,37,33,27,32,37,32,35,37,38,30,38,31,29,29,32,28,32,30,39,34,34,29,30,29,30,30,35,25,29,31,33,31,33,26,27,29,30,28,33,31,34,32,36,32,33,34,30,30,30,33,32,31,37,35,39,33,32,34,29,33,32,34,27,27,31,26,27,26,28,36,38,26,34,26,36,35,36,36,30,32,35,30,35,30,27,31,29,30,30,34,25,32,36,36,34,29,32,32,28,28,39,30,31,34,32,36,37,31,33,31,32,28,32,35,34,35,37,28,29,33,33,33,33,32,33,33,33,32,30,30,33,30,30,35,26,29,33,33,27,29,27,26,30,32,28,33,33,31,31,30,33,33,38,31,40,41,41,35,34,34,28,27,30,33,33,31,33,33,33,34,30,31,32,29,31,29,30,
33,35,37,33,34,32,32,33,33,35,34,33,36,35,35,37,36,36,38,26,33,35,36,41,30,32,31,42,32,30,34,31,36,35,32,30,29,28,32,30,35,33,38,40,39,35,37,35,38,33,32,31,36,34,31,32,30,32,33,31,34,30,29,29,28,33,31,30,30,30,32,34,34,32,31,31,31,32,31,34,37,35,38,31,34,36,34,36,38,32,38,31,30,31,29,30,32,36,33,34,38,33,33,34,35,26,31,30,31,37,33,32,33,36,28,27,33,34,36,33,30,36,36,29,31,35,31,35,30,32,32,37,37,38,34,32,33,31,30,34,34,30,27,32,30,28,27,35,36,38,38,37,35,33,34,30,37,30,36,40,35,32,34,33,31,30,37,35,34,25,34,23,33,28,37,30,29,29,28,28,29,32,34,32,35,36,35,32,33,31,29,31,33,35,35,35,33,29,31,33,35,33,35,37,33,36,32,32,33,30,31,31,32,27,29,29,31,26,28,27,27,31,29,37,28,37,34,35,35,34,29,34,34,40,32,41,34,36,34,35,35,33,33,34,36,31,36,34,33,36,32,38,31,32,30,31,
34,34,38,34,32,33,32,35,33,33,34,36,34,36,36,34,37,27,39,34,34,27,35,44,41,31,34,31,32,31,35,38,33,34,32,31,30,32,29,30,33,34,33,32,38,36,40,36,38,33,33,33,32,34,31,35,31,31,32,34,32,30,30,31,29,32,32,31,31,35,33,29,34,34,34,30,33,33,35,35,38,36,38,32,36,34,34,37,39,32,33,32,31,32,33,32,31,36,39,34,33,34,35,34,26,26,40,32,32,32,34,32,36,36,34,29,29,34,33,37,33,34,32,37,37,38,35,30,33,32,36,35,30,37,35,30,33,33,32,32,32,31,31,32,29,33,34,35,34,28,36,37,31,37,35,37,33,37,35,36,36,33,36,35,35,35,32,34,42,33,34,33,34,30,33,38,34,34,31,36,29,29,39,31,34,38,36,34,33,33,29,32,34,37,36,36,34,34,33,32,32,32,38,35,36,39,36,32,34,33,25,32,33,37,34,30,31,31,29,29,29,36,34,36,33,35,34,36,30,34,30,35,30,28,40,41,30,35,35,36,36,32,34,32,33,37,32,34,35,32,39,39,37,32,32,31,
33,37,37,33,35,34,33,34,34,33,33,33,34,32,35,37,40,31,30,35,40,40,27,46,44,41,27,35,38,29,32,37,34,35,30,33,32,32,29,30,37,41,39,34,34,32,38,36,36,38,34,34,37,36,36,38,33,32,32,32,29,31,33,31,32,28,33,34,33,33,36,34,32,29,30,36,33,34,35,35,35,38,38,32,36,27,31,39,34,39,35,35,38,35,32,32,33,37,40,39,37,32,36,35,37,34,33,34,33,33,34,41,32,37,35,39,36,35,35,38,35,35,36,34,37,38,35,35,31,32,39,39,31,35,38,37,31,32,34,32,31,32,32,29,29,33,31,33,32,34,35,36,28,28,29,34,35,33,34,37,38,37,35,36,37,36,35,30,42,25,35,32,34,31,35,31,38,34,35,35,34,30,30,40,31,34,35,33,35,34,32,30,34,35,38,40,39,30,34,33,33,34,32,36,36,37,36,38,35,34,33,26,36,38,29,34,32,32,29,29,36,36,35,34,35,36,36,38,32,31,31,32,37,34,32,30,30,35,35,35,37,37,32,37,34,35,38,32,35,36,34,40,34,34,33,33,
36,37,36,38,34,35,36,34,32,31,33,34,31,34,36,39,39,33,30,31,30,32,41,47,45,43,44,30,36,35,30,31,37,35,31,33,32,31,37,31,33,42,40,35,33,29,39,40,35,38,29,40,32,35,36,37,37,31,33,31,33,36,35,32,30,37,30,34,35,32,39,34,34,35,35,36,37,37,36,34,35,37,36,40,36,28,32,39,37,40,38,36,33,33,30,30,34,38,39,39,39,35,35,37,35,34,32,35,33,39,39,34,35,39,31,32,34,36,31,40,36,38,37,35,33,34,36,36,32,41,40,30,38,36,37,37,32,33,32,38,31,32,35,33,34,31,35,34,33,34,29,33,28,29,30,28,34,34,35,39,39,35,38,36,38,37,34,31,37,43,32,33,31,31,33,36,37,38,36,32,34,36,31,32,36,31,36,35,35,33,33,32,35,36,35,33,35,38,30,33,32,40,38,36,36,37,33,39,30,33,34,29,41,40,30,34,28,34,38,34,31,33,37,37,34,38,36,33,39,30,28,32,30,37,36,37,37,35,37,37,37,38,32,36,34,36,39,38,36,37,30,35,34,33,33,33,
33,33,34,36,39,36,31,36,35,30,33,34,35,33,37,38,33,37,30,31,31,39,41,39,43,32,44,43,30,33,36,29,33,38,32,32,32,36,39,38,32,33,31,38,34,40,30,41,36,37,33,40,31,35,36,36,37,35,33,37,33,37,36,36,33,33,38,30,34,34,34,37,35,32,29,40,37,35,37,39,30,35,40,41,36,36,33,40,41,37,37,35,34,39,30,31,30,40,43,32,37,38,36,36,35,35,36,31,33,30,35,40,38,32,32,33,35,37,34,38,38,32,37,37,38,34,40,32,33,40,31,29,37,31,31,32,34,33,37,40,33,32,31,36,35,32,29,35,33,36,29,30,35,35,34,34,34,37,40,37,39,36,35,40,39,34,38,31,33,37,33,34,36,36,35,33,37,38,35,37,35,39,32,35,33,36,36,33,36,36,36,36,33,35,36,36,33,36,41,35,32,34,40,37,37,35,36,33,38,30,30,34,33,34,41,36,29,29,30,31,32,33,34,39,35,37,37,35,32,35,36,37,31,31,36,29,40,38,37,34,36,37,41,37,38,38,39,39,38,37,32,31,35,33,34,35,
32,34,31,36,37,38,38,38,34,31,32,36,31,32,35,37,35,39,31,34,31,43,41,44,44,46,44,45,46,43,36,33,35,33,32,30,30,30,37,35,33,38,33,32,34,36,40,32,42,38,33,32,35,36,34,35,38,36,30,35,29,38,36,40,34,38,39,35,34,35,32,37,33,33,32,35,34,35,41,32,36,36,37,41,32,37,37,36,42,41,34,42,35,40,33,31,41,37,41,37,38,38,39,37,35,38,33,36,32,31,40,39,40,39,40,34,35,38,39,38,39,40,38,39,38,38,37,40,38,39,37,34,39,36,34,35,33,34,36,33,34,32,33,31,33,33,30,30,33,36,36,36,37,36,36,34,33,37,40,36,37,41,42,40,40,34,35,38,37,37,31,34,37,36,33,34,36,36,36,36,38,33,35,33,36,37,34,37,37,30,37,38,36,36,36,38,37,34,38,40,35,35,40,35,39,39,35,34,33,30,40,31,32,32,37,38,33,32,36,32,33,37,33,36,35,40,38,36,36,35,34,33,33,35,37,36,30,38,37,39,34,36,42,37,38,38,39,39,39,39,37,35,33,36,35,35,
36,33,38,39,37,38,34,38,33,35,38,32,32,33,33,38,37,34,34,32,38,43,36,40,34,46,46,48,38,45,36,35,37,34,33,35,33,34,31,33,37,40,32,34,31,35,31,34,33,34,37,32,33,36,35,36,35,40,31,39,37,38,38,38,35,39,39,39,40,35,35,33,34,33,32,38,35,33,37,34,33,35,41,37,37,35,37,39,37,38,35,35,35,36,37,41,41,36,38,36,36,36,37,37,36,37,33,33,33,37,40,41,41,41,39,33,35,37,36,39,30,40,39,38,40,37,38,38,38,40,38,39,39,36,37,35,34,38,38,40,34,38,33,34,36,36,31,32,36,38,36,37,36,37,41,35,41,38,35,35,38,39,39,41,43,43,34,34,35,33,42,42,34,37,39,34,39,35,38,38,36,34,41,39,38,38,35,33,38,36,30,38,37,36,37,36,38,39,39,41,36,35,40,36,38,33,40,34,34,36,31,32,33,41,38,36,34,33,34,36,34,35,37,37,40,40,37,34,39,36,34,33,33,35,38,33,31,39,37,37,34,42,34,34,39,37,40,39,39,36,39,34,35,33,37,33,
38,35,39,39,38,38,39,32,38,42,38,38,39,34,34,42,40,39,33,34,35,37,39,37,35,35,47,47,41,37,37,35,32,31,41,41,39,33,39,32,38,34,33,32,37,33,33,37,34,32,38,39,37,33,38,36,38,41,36,41,38,42,38,39,39,38,40,41,40,42,35,35,34,36,34,41,36,38,34,34,38,38,39,38,38,38,34,39,35,39,34,35,35,39,38,38,36,33,35,37,37,40,37,37,39,38,36,40,34,37,37,38,43,42,39,41,36,40,35,36,37,35,39,38,41,37,39,38,37,39,39,31,40,31,31,38,40,40,39,41,39,35,37,35,40,34,35,32,34,33,36,37,36,41,37,35,42,41,40,43,40,37,40,39,41,42,34,35,42,32,33,42,35,34,34,41,44,36,37,38,38,36,40,41,35,39,35,35,38,39,37,36,33,37,38,37,36,34,39,40,34,35,36,35,40,41,34,34,33,33,32,36,35,40,39,37,39,40,39,38,39,36,37,38,38,41,37,34,34,39,37,34,33,40,36,38,35,40,40,39,39,35,35,38,36,38,38,38,38,37,34,35,36,36,37,35,
39,39,38,40,40,38,39,33,42,42,35,38,38,35,39,40,43,47,46,43,40,37,40,40,38,38,47,49,48,41,39,38,37,32,41,35,39,34,35,40,39,39,38,38,38,34,34,38,36,33,36,34,39,39,35,38,37,42,40,41,43,42,40,37,33,38,38,38,40,43,39,38,43,37,35,43,37,39,36,36,39,34,42,40,38,39,36,36,39,39,37,34,36,40,39,41,41,45,37,42,41,40,38,37,39,40,39,41,35,38,38,35,39,41,43,42,41,41,36,36,42,36,37,39,36,36,41,38,38,40,36,38,41,32,34,31,39,44,40,44,41,37,37,36,36,37,37,34,35,36,40,37,36,41,41,34,35,42,42,35,39,37,41,41,36,35,35,35,32,43,33,43,41,44,42,42,41,37,40,38,39,42,41,36,34,39,40,36,39,39,33,37,35,34,39,42,37,39,35,40,36,38,36,36,41,40,42,36,38,37,37,36,35,40,45,40,40,35,36,37,35,36,35,40,40,37,41,35,41,37,41,38,34,35,37,39,38,43,41,39,40,39,35,42,37,42,39,39,39,38,38,41,37,35,37,35,
36,42,38,38,40,39,39,40,39,42,41,43,36,39,40,39,35,43,48,44,41,39,38,47,40,38,37,41,48,37,41,42,38,33,39,42,40,40,36,35,39,37,35,39,40,39,37,36,34,39,34,34,38,39,36,38,38,39,42,40,38,43,38,41,38,41,42,43,43,37,42,38,43,42,39,41,35,37,36,37,42,36,36,40,37,39,37,40,40,35,39,38,34,44,39,42,42,46,42,38,40,41,38,39,37,40,39,41,41,38,39,34,39,34,35,37,35,40,41,39,41,36,38,36,37,36,40,39,37,39,39,38,38,32,34,39,38,44,45,41,42,38,37,38,40,38,39,38,35,33,39,31,37,42,37,45,42,36,40,42,42,39,37,40,40,39,36,35,36,36,44,37,40,43,42,42,43,42,37,41,43,35,42,41,36,38,37,37,34,39,33,32,36,33,39,38,39,39,38,36,37,39,36,37,40,38,42,39,35,38,38,38,36,36,40,40,39,41,38,40,36,41,35,38,40,37,41,43,42,43,40,38,39,39,35,40,36,41,39,42,40,36,39,39,39,43,43,43,39,42,41,35,37,34,39,35,
48,44,43,38,38,40,42,42,39,40,41,42,40,41,42,40,37,38,35,43,36,40,43,41,41,44,40,42,41,41,38,37,39,38,40,40,38,40,37,36,35,40,37,36,40,40,39,36,38,38,39,42,38,39,41,40,39,42,39,41,38,37,37,38,41,39,41,43,44,41,42,42,38,39,40,41,37,38,40,37,38,46,39,36,38,37,39,39,43,33,36,39,35,41,40,43,42,43,45,39,39,41,43,38,37,41,42,35,42,41,39,41,37,35,38,37,37,36,41,39,42,40,39,35,36,41,40,40,42,40,43,40,39,36,40,39,36,38,44,41,42,42,39,38,43,42,41,41,43,42,39,40,35,43,36,35,42,43,40,36,43,42,38,41,38,37,41,40,36,42,41,38,40,45,42,43,43,43,43,38,40,39,47,37,40,39,39,37,37,35,33,33,36,36,40,38,39,40,44,40,36,39,35,38,40,39,38,38,40,35,39,40,38,39,42,35,40,37,38,38,42,34,39,38,39,40,42,38,35,37,43,32,39,40,41,39,41,42,42,44,41,40,40,41,36,44,43,44,39,43,42,41,41,35,40,39,
41,37,37,45,37,37,41,42,44,37,43,43,39,42,45,47,40,38,39,44,42,36,48,44,42,41,39,42,44,38,38,44,42,39,43,42,37,40,38,40,36,35,40,46,42,43,38,38,41,38,38,42,43,38,41,39,43,39,43,38,40,38,38,40,42,41,41,40,43,39,43,43,36,43,41,42,36,40,40,40,46,39,41,40,40,38,39,41,43,42,36,38,37,39,42,38,43,35,40,40,40,40,43,39,42,36,37,42,35,41,39,35,37,36,38,38,36,36,42,41,41,39,40,39,39,38,42,40,41,39,42,41,44,38,38,39,41,41,41,47,44,43,41,42,43,35,41,37,35,42,39,39,43,40,38,36,36,37,39,36,39,44,43,39,39,35,42,42,44,38,38,42,41,45,37,38,43,37,42,43,44,43,36,48,39,39,40,39,37,38,39,34,40,38,37,37,38,41,45,41,40,37,36,37,39,39,39,40,40,44,40,40,40,39,39,42,39,36,39,39,42,44,40,35,40,39,40,40,42,40,37,38,39,38,41,39,39,38,36,44,45,40,40,41,37,38,45,42,40,40,40,42,42,42,40,42,
46,47,38,37,41,38,40,38,44,45,43,44,41,47,46,48,41,38,41,39,38,38,37,44,35,38,42,42,41,45,39,41,43,41,40,45,42,38,38,41,37,36,41,43,40,40,38,40,42,40,39,44,46,45,40,40,42,38,40,40,41,38,40,42,44,35,41,40,42,39,42,41,39,38,42,45,36,40,38,42,47,39,40,39,41,39,40,41,42,38,42,43,41,41,41,39,39,43,40,40,40,40,43,44,45,36,38,36,37,40,44,42,37,37,37,37,38,37,41,37,48,39,40,40,40,41,40,39,41,39,42,42,43,39,38,40,40,37,38,43,39,37,42,44,44,37,36,40,36,41,42,40,43,43,37,39,40,37,43,37,41,41,42,42,44,42,43,43,43,42,41,39,43,42,38,38,40,40,39,39,39,39,43,40,39,37,41,40,42,38,41,37,39,40,46,38,40,40,40,39,41,41,40,38,41,40,44,37,43,39,41,46,42,41,39,40,36,36,40,40,45,37,38,36,39,40,39,37,38,36,37,35,39,38,40,42,38,37,43,39,45,42,44,41,40,40,43,42,44,40,42,41,40,42,41,45,
44,47,36,38,41,42,40,41,40,44,44,45,40,41,40,46,42,39,40,39,38,41,44,39,42,43,45,43,44,45,42,40,41,43,41,48,40,39,40,38,48,45,39,42,42,47,41,41,40,41,41,42,47,44,42,40,42,43,45,42,41,38,39,42,42,36,39,41,44,40,41,41,40,40,43,42,46,42,38,43,47,44,42,41,41,40,44,41,39,39,40,45,47,42,48,46,40,45,44,45,42,41,40,45,45,44,37,43,41,40,43,37,38,38,37,39,39,39,44,42,48,41,48,40,40,38,41,40,41,40,40,45,36,44,43,42,39,41,39,38,39,38,38,40,44,39,42,41,41,37,36,37,44,45,38,43,44,36,38,43,44,42,42,46,43,38,39,43,41,43,44,40,43,35,36,44,46,48,41,43,40,41,45,40,41,37,38,41,42,40,44,38,40,40,41,40,40,40,40,40,41,42,41,41,45,46,45,45,38,44,40,42,50,41,44,40,36,38,43,42,35,44,38,38,38,40,38,37,38,39,44,40,40,40,41,41,38,39,42,44,40,40,42,44,40,42,47,43,45,40,39,41,41,42,43,44,
44,44,45,48,39,37,42,42,41,42,45,46,42,42,44,40,41,48,43,44,39,42,44,39,41,43,39,46,43,41,46,45,41,47,46,39,40,40,40,40,46,46,45,43,44,47,44,45,39,40,40,39,38,46,43,41,43,41,42,41,41,42,42,40,43,45,40,47,37,41,43,41,43,41,41,42,43,45,45,46,38,44,40,44,41,45,39,42,41,43,42,42,47,47,47,46,47,43,45,39,44,43,44,43,42,44,44,42,44,43,41,39,39,38,44,43,44,40,43,44,44,43,43,43,48,44,42,44,42,41,41,44,42,42,43,44,43,45,41,44,39,39,39,43,47,40,45,49,42,46,43,39,44,44,44,46,38,46,45,47,43,42,42,44,44,43,39,43,37,38,37,35,37,41,36,44,46,42,41,44,47,47,45,42,40,42,44,38,45,41,42,45,45,44,42,41,41,42,40,40,47,41,40,45,41,43,45,46,43,42,42,52,51,43,42,44,45,41,42,38,36,35,39,37,40,40,37,40,38,41,44,44,40,40,43,43,40,39,43,43,42,42,44,45,45,48,42,36,44,44,40,42,42,41,43,45,
45,48,45,40,39,46,44,42,49,39,41,40,42,43,44,45,42,43,45,41,45,39,43,44,43,45,45,44,40,43,46,46,46,45,47,46,39,39,41,48,42,46,46,45,46,49,44,45,40,42,41,39,39,42,41,44,44,44,40,41,41,43,43,41,43,40,41,42,37,38,43,45,41,44,45,44,39,45,39,41,46,38,42,43,41,42,45,41,44,44,43,43,42,40,49,42,47,47,42,39,47,46,44,38,42,42,40,46,39,42,44,46,39,45,38,45,44,44,46,44,45,41,43,42,42,41,40,45,42,41,39,44,45,42,43,43,47,43,39,42,40,46,39,40,42,44,46,49,44,42,45,41,39,44,46,43,46,38,43,47,45,43,45,43,46,42,43,42,44,43,40,44,47,43,42,39,44,46,48,45,40,40,40,39,44,44,46,44,47,48,42,43,44,44,39,41,45,43,41,41,41,38,43,45,47,48,43,45,44,42,43,42,43,44,44,42,45,45,38,38,37,37,37,46,38,41,41,40,39,44,42,44,43,41,42,41,42,41,42,43,43,47,43,46,45,46,48,45,44,44,44,42,42,46,44,45,
42,47,52,40,40,40,45,45,41,40,42,44,41,43,42,45,42,41,44,47,42,41,43,42,41,46,45,44,45,44,45,41,45,48,45,47,45,40,48,40,44,42,49,42,44,41,45,43,43,44,44,41,39,46,42,43,45,44,42,44,45,42,43,42,44,46,41,43,43,38,42,46,45,46,46,45,45,45,40,47,45,45,42,41,44,45,40,42,44,45,45,45,44,41,46,44,43,46,40,40,48,38,48,39,43,43,42,44,41,41,44,46,47,44,39,47,45,44,49,46,46,40,43,41,43,43,46,42,42,39,40,40,41,43,39,41,48,43,41,40,41,38,39,39,49,45,43,44,43,42,43,45,42,45,47,45,39,48,46,44,42,45,46,45,44,43,48,45,42,43,43,45,48,45,46,40,39,47,49,44,43,40,41,44,45,45,40,46,48,48,46,49,46,44,45,44,40,46,47,40,42,44,45,46,48,45,47,47,47,43,43,42,43,43,42,40,40,42,42,42,41,50,38,39,42,42,41,42,42,41,46,45,43,43,45,43,45,42,47,42,39,44,47,46,44,44,44,49,44,46,45,45,44,44,44,46,
45,48,47,40,40,41,42,44,45,42,41,43,44,44,46,46,43,42,42,45,44,42,44,42,44,44,43,44,44,43,46,45,44,48,44,49,40,45,41,39,46,43,45,47,47,45,48,47,43,44,44,42,45,46,43,43,44,47,43,42,39,44,40,44,42,45,46,45,44,43,43,43,46,47,46,44,46,48,41,46,47,45,44,49,42,44,41,43,43,43,43,42,42,41,51,45,45,47,41,44,41,39,45,49,42,46,44,44,40,41,40,44,41,46,47,48,46,46,50,40,43,44,45,42,44,44,48,43,41,41,40,40,39,40,43,41,41,42,43,42,44,43,39,39,40,50,50,45,42,48,46,44,47,43,47,45,48,48,47,45,45,45,47,47,44,45,41,47,46,44,44,45,44,43,49,44,48,46,44,44,42,43,44,46,44,41,44,47,49,50,47,45,48,51,45,44,43,42,42,42,49,45,45,45,45,44,46,47,47,48,44,44,42,44,43,44,44,43,43,44,42,42,44,40,47,41,43,42,42,41,40,44,44,44,44,45,47,46,47,45,40,43,46,44,46,45,45,50,43,41,45,46,48,45,45,46,
43,45,47,52,46,45,46,41,45,44,42,46,44,44,48,46,44,45,47,43,43,44,43,41,44,43,45,44,41,44,44,44,42,44,42,44,40,40,41,40,45,46,45,43,43,42,48,46,46,46,45,44,45,46,41,45,43,46,48,40,39,41,41,44,46,46,44,46,45,46,46,44,43,44,43,44,43,47,48,49,48,46,48,46,49,43,47,44,44,44,44,42,43,48,43,44,46,45,45,43,42,42,41,47,47,43,46,44,41,42,41,45,42,44,47,44,46,47,46,49,48,45,43,45,42,43,44,49,46,42,42,41,44,41,41,41,44,43,44,44,44,42,41,41,41,42,41,44,43,47,47,45,46,48,47,48,44,51,41,47,42,45,46,45,44,42,45,42,45,47,48,45,44,42,44,43,45,49,47,46,45,46,44,47,46,44,46,47,47,50,43,45,46,51,41,48,44,42,42,44,46,47,48,49,46,45,43,47,44,47,50,45,44,41,42,45,43,44,46,46,46,43,45,40,45,45,42,42,42,42,51,47,42,45,47,44,48,47,47,52,45,43,45,46,42,44,45,46,44,42,40,47,47,47,47,48,
42,44,47,53,46,47,46,45,49,45,46,46,46,46,44,42,43,46,47,43,42,43,43,44,44,44,44,45,44,41,44,47,46,44,42,45,47,46,46,46,41,48,46,46,44,48,45,47,41,46,45,47,41,48,43,46,42,44,47,46,42,47,48,42,47,46,42,46,47,46,47,45,44,45,44,45,43,49,48,50,47,49,46,48,47,40,46,46,47,46,44,43,43,45,40,45,46,47,46,46,42,43,47,49,46,45,43,44,45,44,47,44,46,42,42,44,44,42,44,44,46,45,48,44,43,46,45,43,50,47,44,44,46,45,48,42,44,45,45,50,45,46,39,41,44,51,42,46,44,41,47,44,46,47,50,49,46,44,47,41,41,46,46,47,45,46,47,46,47,48,48,47,41,43,45,47,44,45,45,49,47,45,49,46,45,45,45,47,48,48,46,49,46,48,48,46,42,42,43,45,46,44,44,49,45,45,46,43,43,47,43,50,46,48,43,44,46,46,46,42,45,47,46,45,46,46,46,42,43,45,46,50,44,45,47,44,46,49,48,47,47,50,43,42,42,44,45,45,45,42,41,46,40,47,49,49,
48,43,46,44,47,49,46,50,50,45,46,48,43,46,45,43,43,46,45,45,46,43,44,45,48,45,48,47,45,44,43,45,46,45,44,47,46,47,47,50,50,41,48,43,46,44,47,47,44,48,47,46,44,43,43,44,46,46,48,48,40,40,44,42,44,43,44,47,47,44,48,47,46,45,46,46,45,48,48,52,47,48,47,49,47,50,42,46,46,46,45,45,44,46,41,41,46,42,44,43,49,49,48,48,50,48,44,45,45,43,42,46,45,43,48,46,43,46,45,45,46,44,48,44,48,44,46,47,44,43,45,45,47,45,45,41,41,43,48,51,50,43,47,47,44,44,44,43,46,50,42,47,45,47,45,48,49,48,45,48,44,48,49,46,47,47,44,49,48,47,44,46,47,43,46,46,45,45,45,48,48,49,48,49,47,45,46,47,47,43,48,44,47,48,44,47,46,45,43,42,47,42,49,46,49,47,47,49,44,47,46,45,46,45,47,45,45,46,46,47,44,45,44,45,46,47,46,44,43,45,42,50,46,47,47,45,44,45,48,47,48,45,49,42,43,45,50,48,53,46,48,47,42,40,47,47,
48,49,48,45,45,51,47,47,51,48,46,45,43,46,46,49,44,47,45,45,44,44,46,47,46,45,52,52,47,47,44,46,46,46,47,48,48,48,43,48,43,43,48,44,47,44,48,47,45,46,45,48,45,45,43,43,43,44,48,46,41,41,45,45,48,44,47,44,44,44,45,46,47,45,46,44,48,50,49,49,49,49,47,49,45,51,51,44,45,46,45,44,47,45,48,48,46,44,45,46,43,45,49,50,50,51,50,50,46,50,47,50,46,47,44,48,44,44,48,45,46,45,44,46,47,47,47,45,48,42,44,44,46,44,44,47,46,49,48,48,50,44,45,48,48,45,49,43,44,50,43,52,47,51,49,44,46,51,45,45,45,46,48,46,47,48,47,46,50,47,45,46,46,43,47,45,47,41,46,45,46,49,49,44,47,47,46,46,44,48,47,47,44,48,49,45,47,46,46,50,45,43,50,44,49,47,47,48,44,45,46,43,48,46,47,46,47,46,46,44,43,44,45,48,46,46,48,47,47,44,45,44,47,48,48,48,44,45,44,46,47,48,50,48,48,49,46,50,48,50,46,43,48,48,44,47,
51,48,47,49,46,47,51,48,45,45,48,48,47,45,46,48,49,49,46,47,48,47,47,47,47,50,53,46,48,49,48,49,46,48,52,52,48,48,48,45,43,43,47,45,47,47,45,48,47,45,44,44,49,49,48,52,48,44,48,46,48,46,48,47,49,43,45,47,45,46,50,47,47,49,46,47,49,45,52,48,50,48,46,47,46,45,51,44,46,46,46,46,48,52,44,47,47,47,48,44,44,44,51,48,48,50,43,51,48,51,47,49,45,45,44,51,44,46,49,48,47,46,48,49,48,49,47,52,49,48,42,44,50,53,49,43,46,49,45,49,46,45,49,49,47,50,46,50,46,50,51,51,50,46,45,45,46,51,50,43,46,50,49,45,49,46,48,50,48,46,47,49,45,45,45,49,45,45,42,47,47,47,52,49,49,50,46,46,45,46,49,48,44,48,44,52,47,47,46,45,49,47,45,44,44,51,46,46,44,46,44,47,48,48,48,49,46,51,45,47,47,44,45,48,48,46,48,48,47,48,45,45,45,48,46,48,41,46,45,47,48,48,49,49,49,49,50,47,50,50,43,49,44,43,43,48,
52,48,49,50,50,50,46,50,50,46,48,49,47,49,49,49,51,48,48,47,47,49,45,46,47,50,49,49,49,53,50,47,46,49,48,52,43,47,44,46,46,45,50,49,46,45,49,48,46,46,44,50,45,47,48,48,49,49,46,50,49,47,49,49,52,49,48,46,47,48,46,49,47,49,49,48,49,46,50,53,50,49,47,48,49,46,50,45,45,46,50,47,48,50,46,46,47,47,47,44,45,46,52,45,50,49,45,46,46,53,45,46,49,53,46,53,51,46,46,44,50,48,51,52,49,49,48,47,52,47,46,47,49,52,46,43,43,51,46,48,49,47,49,47,48,51,48,50,47,47,47,48,47,46,46,43,48,45,45,45,53,51,50,49,46,47,49,50,48,51,48,47,46,47,46,43,44,44,48,46,47,52,53,49,50,48,43,47,46,46,46,49,45,49,50,48,49,50,48,48,51,44,45,44,45,51,45,47,46,45,55,45,48,48,49,46,47,51,46,49,46,49,44,46,48,47,47,50,48,48,50,51,46,47,47,47,50,42,47,46,51,50,49,50,48,47,50,51,49,50,49,44,49,50,45,45,
51,50,48,50,50,50,53,50,51,49,49,49,49,47,48,51,49,49,50,48,49,49,46,49,47,47,50,51,50,53,53,51,52,45,45,45,44,47,47,46,47,50,52,51,48,49,51,49,49,48,47,48,51,45,51,49,49,52,47,48,50,50,47,46,46,49,46,46,45,47,47,47,46,48,48,47,48,47,49,48,52,49,48,53,50,46,52,47,46,48,50,48,49,50,50,52,49,51,50,48,45,49,46,46,49,50,50,50,48,54,50,47,47,47,51,46,51,49,46,45,49,52,52,53,50,52,50,47,49,47,48,48,51,49,48,49,50,51,48,49,50,48,49,50,50,51,50,49,51,47,51,46,48,45,49,44,49,45,47,51,46,48,49,48,50,47,48,51,50,51,51,51,48,49,47,50,50,45,48,49,47,50,53,47,52,51,49,46,49,47,46,49,47,46,47,49,50,49,48,49,51,48,45,47,49,47,50,48,46,53,55,49,47,48,50,49,49,52,50,48,49,50,50,47,46,50,48,47,52,49,50,51,52,48,48,49,50,47,48,47,47,52,47,50,49,51,48,51,47,51,50,50,45,49,46,47,
48,51,49,51,51,52,49,50,50,48,52,49,47,49,50,47,52,47,48,51,49,50,49,49,50,49,47,50,48,55,54,54,53,49,46,45,47,45,46,47,48,49,52,53,49,52,49,49,48,47,47,47,46,52,49,52,50,50,53,49,48,48,48,47,54,49,49,46,47,47,48,48,49,49,50,49,47,48,52,48,53,49,49,50,53,49,47,52,46,50,50,48,52,52,49,52,49,51,49,46,46,47,49,50,50,50,48,48,48,48,48,53,50,50,52,52,50,48,52,50,48,47,52,53,49,53,48,46,49,48,49,49,50,49,49,50,50,47,53,53,50,52,46,51,46,49,51,51,50,53,46,46,47,52,48,48,49,47,49,51,52,50,48,50,52,52,49,48,51,49,52,46,51,53,51,49,50,49,53,44,50,55,50,52,50,47,49,44,49,46,46,48,47,48,45,50,50,51,50,50,52,51,48,53,47,49,49,46,47,49,48,48,48,51,51,50,51,49,51,50,46,50,49,51,53,47,50,50,54,51,50,52,52,52,45,49,49,50,52,47,52,52,51,52,50,51,52,52,51,48,47,51,51,50,52,50,
51,51,52,49,52,52,51,49,51,49,48,49,49,50,48,45,48,48,50,46,50,51,54,50,50,49,49,49,51,47,50,53,54,50,51,46,45,48,50,51,48,49,51,52,52,50,49,50,53,51,49,47,48,48,51,50,50,49,46,48,49,48,50,47,48,54,50,47,47,50,51,53,50,50,53,47,51,48,48,48,49,51,50,49,51,50,48,49,49,51,54,55,54,48,50,50,49,50,49,51,55,54,48,53,51,49,49,51,49,49,51,51,50,49,51,52,48,48,53,49,49,46,50,53,48,55,52,53,48,51,48,50,50,52,49,51,50,50,49,54,49,53,54,52,51,47,49,49,48,54,54,52,50,49,49,49,50,55,51,47,51,48,51,50,50,52,52,51,51,51,47,47,52,49,51,50,50,47,54,48,53,54,48,48,48,48,47,46,49,49,48,49,45,47,46,47,50,51,52,53,51,52,52,48,50,48,49,50,49,50,47,51,48,49,49,52,52,50,50,51,46,49,51,52,51,49,48,51,51,53,51,48,49,53,48,49,48,53,53,52,53,51,51,49,52,49,53,47,50,53,49,52,50,51,51,50,
57,51,52,52,51,51,52,51,48,55,49,49,49,55,50,49,49,49,51,49,46,47,45,52,51,50,49,49,50,48,51,52,52,50,52,50,45,50,54,50,51,49,51,50,51,50,54,50,55,52,51,50,49,49,52,50,50,50,48,49,52,49,51,49,47,55,49,49,48,52,50,51,51,52,50,51,51,52,48,51,52,50,51,55,52,51,51,51,50,50,54,49,55,50,49,50,51,54,53,52,46,47,54,53,49,52,56,51,53,50,50,47,50,51,52,52,52,51,51,51,48,47,47,55,49,55,50,50,48,49,53,51,52,50,50,49,52,52,49,55,54,50,49,49,48,48,52,51,51,49,54,52,48,48,48,53,51,50,52,52,49,50,51,50,51,50,50,51,52,50,47,50,48,53,48,50,53,49,55,49,54,50,51,49,53,51,51,53,49,50,50,49,46,46,47,48,50,51,50,54,51,52,52,52,49,50,50,50,51,51,53,48,48,49,49,51,50,50,51,52,50,50,51,53,52,49,49,52,52,48,49,48,56,49,49,50,50,49,52,52,54,52,46,52,49,52,51,51,52,49,50,50,50,53,52,51,
50,52,52,52,50,52,51,52,50,53,52,50,50,51,50,51,47,50,52,48,49,48,46,51,51,50,52,48,49,53,51,52,50,55,52,50,46,46,54,55,54,48,52,53,50,49,53,56,53,53,55,52,48,50,49,50,50,52,53,49,50,53,50,53,50,50,49,49,50,49,52,50,52,51,50,49,52,50,51,49,50,54,51,52,52,53,52,51,50,50,49,49,50,53,53,52,51,53,54,49,56,54,55,53,50,53,55,55,54,50,52,47,48,51,50,50,49,51,52,52,52,51,52,51,52,55,53,52,53,50,52,50,52,51,55,56,51,54,52,51,55,50,51,52,50,56,53,53,53,51,55,50,50,49,48,54,54,54,50,54,49,50,52,51,48,51,50,54,52,49,52,51,51,49,51,56,48,51,53,53,52,51,51,55,52,51,51,53,51,52,52,52,52,51,53,50,51,53,48,53,54,52,53,50,52,51,50,52,52,53,51,50,49,50,51,51,52,51,50,54,52,51,52,52,53,52,53,53,51,52,51,49,48,57,49,56,51,54,52,51,53,48,50,52,50,52,49,50,54,50,51,50,55,54,52,52,
48,50,51,53,52,53,53,51,51,52,52,52,52,54,53,53,53,50,52,51,51,50,52,48,49,51,52,53,55,54,54,55,52,53,54,53,52,52,55,52,55,51,55,54,54,50,51,55,55,55,56,51,52,50,49,50,55,56,54,53,53,54,52,49,54,51,54,50,50,52,49,49,51,51,52,50,51,52,51,50,51,53,53,53,53,54,55,51,51,52,52,50,49,52,53,53,52,52,50,55,49,53,54,54,52,53,54,55,56,51,53,52,48,52,52,54,50,53,53,53,49,52,54,53,52,49,51,53,53,52,53,53,53,53,56,56,55,53,54,51,52,53,51,52,49,55,54,53,51,53,51,49,50,54,54,53,55,53,55,50,51,51,53,50,48,53,52,51,51,50,49,50,49,54,51,51,55,52,53,54,51,51,53,53,48,53,54,49,53,49,53,53,51,51,52,52,54,50,51,53,53,52,51,51,54,52,51,53,53,49,52,47,52,52,54,51,52,53,51,50,54,52,52,52,53,49,48,51,54,54,52,52,53,49,55,49,52,50,51,55,51,49,50,53,51,52,53,51,52,52,51,51,51,54,53,52,
51,51,51,52,55,54,51,53,50,53,53,55,57,51,52,52,52,51,52,53,53,53,53,48,51,51,51,50,56,55,52,53,53,54,52,53,49,53,54,51,53,54,56,55,53,52,51,51,51,55,56,52,53,51,51,50,50,51,50,55,54,53,53,50,53,52,54,54,51,52,53,52,50,53,53,50,53,51,52,51,52,53,53,53,54,55,53,54,55,53,53,54,49,55,49,52,51,52,52,53,53,51,54,50,55,53,51,58,56,56,53,51,53,55,55,53,52,53,54,52,50,55,54,50,51,52,59,52,52,53,55,54,50,51,53,58,55,55,54,53,56,53,50,55,50,51,56,53,53,53,55,51,50,53,54,55,55,55,55,56,51,52,51,53,51,50,51,53,51,50,49,56,55,50,53,54,55,53,55,53,53,52,51,52,49,49,50,50,53,50,54,54,52,53,51,53,55,52,52,55,52,52,50,51,54,53,55,57,52,55,50,52,55,52,51,56,55,54,53,55,51,52,51,53,54,52,53,52,54,55,53,52,53,52,56,58,57,51,52,50,54,55,52,52,55,51,54,51,51,52,52,51,51,55,54,52,
55,53,54,52,56,55,51,52,54,55,58,54,55,58,52,55,53,54,52,52,52,54,51,53,51,50,49,49,52,52,52,54,54,54,53,50,51,54,54,54,54,54,54,56,55,53,52,52,50,56,53,53,53,52,51,52,51,51,54,55,55,53,55,55,50,52,54,55,52,55,53,54,53,51,50,50,52,54,51,53,53,51,53,54,55,56,55,53,54,54,54,52,57,54,50,52,56,51,53,52,55,54,55,55,54,57,52,51,57,59,55,54,55,54,55,56,52,56,54,54,53,55,53,51,51,52,53,52,52,53,57,53,51,51,58,59,54,56,55,53,50,51,56,54,51,52,58,52,53,53,55,58,52,53,54,55,54,53,55,56,52,52,52,53,52,52,54,53,51,52,50,53,57,56,56,55,52,50,55,54,54,56,52,54,54,50,53,50,54,51,51,53,53,53,54,54,53,53,55,49,53,55,53,54,51,54,52,55,55,53,54,55,52,55,57,57,53,54,52,52,55,53,50,52,52,51,54,54,52,55,54,51,54,51,56,51,58,49,52,52,53,53,56,56,52,53,51,53,52,52,53,53,55,55,55,53,
54,57,53,55,53,56,55,53,56,54,58,58,56,56,56,54,56,52,53,54,53,56,53,54,56,52,52,52,51,52,54,55,53,53,52,56,50,56,54,51,52,53,52,57,59,55,55,50,53,52,53,53,54,54,52,55,52,54,53,56,54,54,54,55,51,51,52,54,53,50,54,54,54,51,51,56,53,53,53,53,51,53,52,53,55,56,56,54,51,52,50,50,53,57,53,53,56,55,52,54,53,55,57,55,53,55,55,53,53,59,57,55,53,54,56,55,52,54,55,56,52,55,52,53,53,52,52,54,52,54,52,55,54,53,52,53,58,51,51,54,55,54,53,52,52,57,55,52,54,53,53,54,54,54,55,54,51,55,54,56,52,53,54,54,53,53,53,55,53,53,53,56,51,54,54,55,52,57,52,54,56,55,55,54,54,51,55,53,53,51,55,53,53,55,50,58,52,54,52,50,56,56,56,56,52,55,55,53,57,56,55,57,57,56,56,54,54,54,53,56,52,53,52,51,52,52,54,54,55,53,54,55,54,55,53,52,50,50,51,52,53,53,56,55,58,55,55,54,54,54,54,56,57,58,56,55,
55,57,58,53,53,55,56,55,55,57,55,57,57,57,56,56,55,56,53,53,54,57,53,55,54,59,58,54,55,52,56,53,53,56,55,56,54,53,57,58,54,53,52,53,56,54,56,53,50,54,55,55,57,56,55,56,55,54,52,53,55,54,53,56,54,54,55,54,54,55,52,57,56,55,55,54,54,56,55,54,55,54,55,55,58,56,55,57,53,55,51,56,54,54,56,54,55,55,55,54,55,55,54,56,56,57,55,54,56,52,57,53,54,51,57,53,52,53,55,55,59,53,58,56,57,54,58,55,55,54,54,52,55,52,54,53,53,52,52,55,55,56,54,54,58,57,57,56,55,54,54,57,55,54,51,55,53,53,55,57,57,55,57,55,54,55,54,57,55,54,53,50,51,54,55,57,55,58,54,52,55,54,55,55,54,56,54,53,54,56,56,54,56,58,54,54,57,58,55,55,56,55,54,56,54,56,56,55,56,58,56,56,53,56,53,56,55,52,54,56,58,57,54,51,54,52,54,52,58,57,56,53,54,54,53,55,53,59,51,54,54,54,54,57,56,56,56,52,55,55,55,56,58,57,59,54,
57,57,54,57,54,52,56,54,55,54,54,59,53,58,56,57,55,56,55,54,54,55,58,57,56,58,55,56,54,57,56,54,54,53,56,55,54,55,53,57,58,57,54,53,54,54,56,53,54,52,55,55,56,57,57,54,56,55,53,52,55,56,54,55,57,55,55,53,54,54,53,57,56,56,57,54,58,57,56,56,54,54,56,52,58,53,56,52,52,53,54,57,55,54,55,56,55,55,55,53,53,54,56,57,55,55,54,58,56,55,59,54,58,55,52,57,56,56,56,56,57,59,56,57,55,58,58,59,57,54,54,53,53,52,52,53,57,55,54,53,53,52,52,57,59,57,57,58,58,58,55,56,55,55,52,56,54,53,55,56,57,57,57,55,55,58,56,57,53,58,54,56,52,53,55,55,58,56,54,54,57,55,56,56,57,56,55,54,52,55,56,55,52,57,55,55,57,57,53,56,56,55,55,54,55,54,53,55,57,57,56,52,55,53,56,57,58,58,54,56,55,58,58,54,56,54,53,58,59,57,58,53,54,58,56,54,55,57,55,59,53,54,55,57,57,55,57,56,53,55,55,56,59,55,55,57,
56,54,54,54,57,56,53,55,55,59,55,58,59,57,57,59,57,56,57,55,55,56,58,58,58,58,56,56,55,55,55,56,56,55,55,56,57,55,56,55,58,56,55,57,56,56,55,60,54,52,54,56,55,55,57,53,55,56,58,53,57,56,56,56,56,57,55,54,54,55,54,56,54,57,55,54,57,55,55,56,56,55,58,53,53,55,57,55,56,54,54,56,54,56,55,56,55,55,56,57,54,56,55,56,55,55,56,56,56,57,59,55,56,59,57,55,53,54,55,56,57,57,57,56,57,59,57,59,56,56,53,55,53,53,55,55,56,55,57,54,54,53,53,54,58,57,59,58,58,58,56,55,56,56,55,53,55,53,56,55,57,55,57,57,55,55,55,58,54,54,58,55,57,55,57,53,55,59,55,55,57,56,57,56,57,56,57,55,56,53,55,58,57,55,54,56,55,55,54,55,56,57,56,56,56,55,56,54,58,58,55,57,56,53,53,57,54,54,58,55,58,54,54,55,54,55,54,55,56,57,58,55,55,58,57,56,57,57,58,55,54,54,55,57,55,58,57,54,57,54,56,56,60,54,56,53,
59,56,55,55,56,56,56,58,57,56,56,59,59,57,57,58,57,57,56,56,56,58,57,56,56,56,57,58,56,55,57,56,56,57,53,57,57,58,56,56,54,59,56,57,58,57,58,58,59,61,59,55,56,58,55,56,58,59,56,59,56,59,56,57,57,56,60,55,54,57,56,54,56,56,57,55,57,54,56,58,57,58,57,58,57,57,54,58,55,55,55,55,55,55,56,57,57,57,54,57,56,54,55,56,58,58,57,55,55,55,58,56,59,57,59,56,58,54,57,56,59,56,58,58,57,58,59,58,57,55,56,54,60,55,54,55,58,57,58,59,55,57,54,54,57,58,59,59,59,59,53,57,56,58,58,59,58,54,54,56,57,57,57,57,58,58,57,56,59,55,56,57,56,56,56,56,56,58,61,59,56,56,56,56,56,58,59,58,57,56,55,57,55,55,58,56,55,57,55,56,58,55,60,57,53,56,58,54,59,56,56,55,54,54,57,58,54,55,58,55,55,54,55,58,55,57,55,55,54,57,58,60,58,59,59,55,57,58,57,58,59,54,54,56,58,56,60,57,57,54,58,58,58,54,55,56,
61,57,58,55,55,56,55,56,56,58,57,57,57,57,58,57,58,59,58,57,57,56,58,57,57,56,58,56,57,58,64,59,54,56,57,54,60,56,58,56,58,59,59,59,59,58,58,58,59,55,57,59,60,56,56,56,59,59,57,60,59,59,59,57,58,57,59,57,54,57,56,54,59,59,57,55,59,56,55,58,57,57,57,56,57,59,55,59,57,55,59,56,59,56,56,58,56,56,58,55,56,58,57,56,58,58,55,55,56,60,57,57,60,60,56,56,58,59,60,58,55,56,59,58,58,59,58,57,56,56,59,55,56,55,57,55,59,57,58,55,57,56,58,57,58,55,58,59,58,58,57,58,55,59,57,59,59,57,55,56,57,59,60,58,57,58,59,60,55,56,54,57,54,55,57,57,58,58,61,56,56,58,58,56,60,57,59,59,59,58,57,55,56,59,59,58,56,58,58,56,57,60,57,55,56,54,57,59,55,59,56,56,55,57,57,59,55,56,59,55,56,55,55,55,58,57,55,57,59,55,60,57,60,54,58,59,55,56,57,60,56,55,57,59,58,58,59,56,57,58,58,55,56,59,58,56,
56,57,59,57,57,58,56,56,57,56,58,59,59,58,58,59,58,60,58,58,57,59,59,58,58,58,60,56,59,56,56,60,56,57,58,58,58,58,58,57,59,55,57,60,60,58,58,58,58,57,57,60,56,56,59,57,58,58,60,57,57,59,60,57,59,56,56,58,58,57,56,55,55,59,58,58,59,56,59,60,58,58,59,58,59,58,60,60,55,56,60,56,58,59,57,58,56,59,58,59,58,58,58,59,58,58,58,60,56,60,56,57,58,58,61,59,59,58,60,57,59,59,57,57,59,59,60,59,60,56,58,59,56,56,57,56,59,58,58,56,57,57,58,57,58,59,59,58,58,57,62,59,55,57,60,60,56,59,58,59,58,58,60,59,57,59,60,60,56,57,57,59,58,60,61,58,59,60,60,59,60,58,57,57,60,56,59,59,60,57,60,59,56,56,60,60,57,58,58,57,58,57,57,58,56,57,60,58,59,58,60,57,57,59,57,59,57,57,59,57,59,57,58,56,57,58,58,57,59,61,57,59,56,58,60,59,59,56,56,60,60,56,57,57,57,58,57,56,59,58,59,56,56,58,57,59,
59,57,57,60,57,56,58,57,57,58,57,59,60,56,58,58,59,58,61,58,58,58,58,58,61,60,59,57,59,57,60,57,63,58,58,58,59,58,61,58,59,60,60,62,59,59,59,58,60,57,57,58,60,59,59,56,58,59,61,57,58,61,58,58,59,57,58,62,59,58,57,59,58,60,61,57,59,62,58,62,59,58,60,58,59,59,57,59,58,57,59,59,59,58,58,58,58,59,57,58,59,59,58,60,60,58,58,60,59,58,59,58,59,58,59,58,60,59,59,58,60,60,58,59,57,60,59,60,59,58,58,60,61,59,57,58,60,60,59,60,59,57,57,59,59,59,60,60,58,57,61,57,61,60,58,57,57,59,58,61,59,59,61,58,58,58,60,58,60,58,59,59,56,60,57,61,59,58,60,57,60,61,61,58,59,59,57,60,57,57,60,57,59,60,57,57,59,57,58,57,58,58,58,60,58,58,59,61,60,58,59,58,58,58,56,58,59,58,59,62,58,58,59,59,57,57,59,61,58,60,59,57,57,60,59,60,56,58,58,61,59,61,58,58,58,59,60,59,61,57,58,59,58,58,59,60,
62,59,58,60,60,57,57,58,60,59,58,57,61,59,57,59,60,59,61,61,58,58,60,59,59,62,60,59,59,60,62,59,59,61,57,58,60,60,60,59,58,60,61,61,58,59,60,58,60,58,60,60,61,61,61,58,57,58,60,60,60,59,58,59,58,59,58,62,62,60,61,59,60,60,61,58,60,63,59,63,59,59,59,60,58,60,58,60,58,58,59,60,60,58,59,59,60,60,58,59,62,59,59,60,61,60,60,60,59,58,59,59,61,59,61,57,58,60,60,59,60,60,60,59,59,60,59,58,58,58,59,59,60,61,61,61,60,61,61,61,59,62,59,60,58,58,60,60,59,59,57,59,58,58,57,59,57,59,58,59,61,61,62,60,59,57,61,61,59,60,60,59,58,57,57,57,59,59,60,59,57,60,61,61,61,60,60,60,57,59,58,57,57,57,60,60,60,61,59,59,60,59,59,57,60,59,58,61,59,59,60,58,58,59,58,59,59,60,59,61,59,60,59,58,60,58,58,59,59,58,60,61,61,60,60,59,63,59,60,60,59,58,58,58,60,59,59,59,59,58,58,57,57,60,59,60,
61,62,60,59,62,58,59,61,61,60,60,60,63,61,60,58,62,59,62,61,61,60,59,58,58,59,60,60,60,59,60,61,60,62,60,59,58,58,58,60,60,59,60,60,60,59,59,59,62,59,60,59,60,60,61,61,59,61,61,61,60,60,60,61,60,59,59,61,58,58,62,60,59,60,59,59,60,60,60,60,61,60,61,59,59,58,61,60,60,59,59,59,59,61,60,61,61,59,61,61,62,61,61,62,61,59,60,60,60,59,60,60,60,60,60,59,61,59,60,61,58,60,59,60,60,60,60,60,58,59,59,59,59,59,59,63,59,61,60,58,59,60,62,61,60,61,61,62,60,58,60,59,59,60,62,58,58,60,60,60,60,59,58,58,60,58,60,60,61,60,61,60,61,61,60,59,60,61,62,60,61,58,60,62,60,61,62,61,58,60,60,59,61,60,58,60,61,61,60,60,60,58,59,60,58,59,58,62,61,58,62,59,59,59,63,58,59,60,59,60,60,62,59,60,58,60,59,59,59,59,59,61,61,59,61,59,63,60,58,59,60,59,58,59,58,60,63,60,60,59,59,61,58,62,61,61,
61,62,59,60,60,62,61,59,60,62,59,61,61,62,63,59,61,60,62,61,61,60,61,59,59,59,61,61,60,61,61,60,62,60,61,59,59,60,62,59,62,61,60,60,60,60,61,61,60,62,61,59,62,60,63,62,59,61,61,60,61,60,60,59,60,60,60,61,61,59,61,61,61,62,59,59,59,61,60,61,60,61,62,59,60,60,61,62,61,61,61,60,60,60,62,61,61,61,60,59,62,60,61,60,60,59,62,61,61,61,62,60,62,61,60,59,61,61,60,62,61,60,60,61,63,61,60,61,62,61,60,60,60,60,60,60,63,59,61,61,59,61,61,61,61,62,63,59,60,60,61,61,59,62,60,63,61,60,61,60,60,60,62,62,59,59,61,61,61,62,61,62,62,61,60,60,62,60,62,61,60,59,60,61,63,62,61,62,61,61,61,62,60,61,61,60,62,60,64,60,61,60,62,61,61,60,59,60,62,61,61,61,62,60,60,62,59,60,60,60,61,60,60,61,59,64,60,59,60,60,61,61,62,60,61,60,61,62,61,60,60,60,62,60,59,60,63,63,61,61,61,61,59,61,59,62,
62,62,60,60,62,61,62,62,62,60,60,62,62,63,62,62,60,62,61,62,62,60,61,63,61,60,62,61,62,60,63,60,61,61,60,60,61,62,60,61,63,61,60,62,62,61,61,61,60,62,60,61,63,61,61,62,61,62,62,62,62,61,60,61,60,63,61,63,62,61,63,61,62,62,63,62,61,61,61,61,62,61,62,61,60,62,62,62,61,61,62,62,62,61,62,60,60,61,60,60,61,62,62,61,60,62,61,61,61,62,61,60,63,61,62,62,63,61,60,61,61,62,60,61,61,61,63,62,62,60,62,62,61,61,61,61,62,60,60,62,62,61,62,62,60,63,61,63,60,61,61,61,61,60,61,62,61,61,61,60,61,63,60,63,60,61,61,61,62,63,61,61,61,63,62,62,60,61,62,62,61,60,60,61,63,62,62,63,61,60,61,61,60,60,61,60,60,61,61,61,62,61,61,61,61,62,62,61,61,62,62,61,62,62,60,61,61,62,61,60,60,62,62,60,62,60,64,61,61,61,64,60,61,62,62,60,61,62,62,61,61,60,63,61,61,62,62,63,62,62,61,62,62,62,60,60,
63,61,62,62,62,62,62,62,61,61,63,62,63,61,63,64,63,64,64,62,62,62,61,61,61,62,62,62,61,62,61,62,61,63,61,63,61,64,63,62,63,62,62,63,61,63,61,61,62,62,61,63,61,63,62,62,63,62,62,63,63,63,62,62,63,63,63,62,63,63,61,61,61,63,63,63,62,62,61,61,61,61,62,62,62,62,62,63,62,61,63,62,62,62,62,61,61,61,61,61,63,62,62,63,61,61,62,61,63,62,62,62,63,62,61,64,61,63,63,62,63,62,62,64,61,62,61,63,62,63,62,61,61,61,61,62,61,61,61,63,62,63,61,62,61,63,64,62,61,62,62,63,62,63,62,64,62,62,62,61,63,62,63,61,62,61,61,63,63,62,62,62,62,64,63,64,62,62,62,62,63,61,61,62,62,62,63,62,62,62,62,62,62,62,61,61,63,62,61,62,62,62,63,62,62,62,62,63,62,63,62,61,61,61,63,61,63,62,63,61,61,62,62,61,63,61,64,62,62,62,62,62,61,61,62,61,61,64,63,62,62,62,63,62,63,61,62,62,61,62,61,61,63,61,62,62,
63,63,63,64,63,63,63,63,62,62,63,62,63,62,62,63,64,62,62,64,63,62,62,62,63,62,63,62,63,63,62,63,63,63,62,62,62,64,64,63,63,63,62,62,63,63,62,63,63,63,63,63,63,63,62,62,64,63,62,62,62,63,62,63,63,63,62,63,63,63,62,62,64,63,62,63,63,63,62,63,62,63,62,63,62,63,63,63,62,64,63,64,63,63,63,62,63,62,63,62,64,63,63,64,62,62,64,63,63,63,63,64,63,62,63,62,63,62,62,64,63,64,62,62,63,63,63,62,62,63,62,62,62,63,63,62,63,63,62,62,63,63,63,63,62,62,63,63,63,64,62,63,62,64,63,62,63,62,63,63,62,63,62,62,63,62,62,63,63,62,62,63,63,62,63,64,63,63,63,62,62,62,62,62,62,62,63,63,63,63,63,62,62,62,62,64,64,64,64,62,64,63,62,64,63,62,62,63,62,63,62,62,63,62,64,62,63,63,62,62,62,62,62,62,62,62,62,63,62,62,63,63,63,62,62,62,62,64,63,63,63,63,62,63,63,62,62,63,63,62,62,63,63,63,63,64,
63,64,63,63,63,64,63,63,63,64,63,63,63,64,63,64,64,64,63,64,64,64,63,63,63,63,64,63,63,63,63,63,64,63,63,63,63,63,64,63,63,63,63,63,64,63,63,64,64,63,63,64,64,64,64,63,63,64,63,63,63,64,64,63,63,63,63,64,64,64,64,64,63,63,63,63,63,63,64,63,63,64,64,63,64,63,64,63,63,63,64,63,64,63,64,63,63,63,63,63,64,63,63,63,63,64,64,63,64,64,63,64,64,63,64,63,63,63,63,63,63,63,63,63,63,63,63,63,64,63,64,63,64,63,63,63,63,63,63,63,63,63,63,63,63,63,64,63,63,63,63,63,63,64,64,63,64,64,64,63,64,63,63,64,64,64,63,64,64,63,63,64,63,64,63,64,63,64,64,63,64,63,63,63,64,64,64,63,63,63,64,63,63,63,63,64,63,64,63,63,64,63,63,64,63,63,63,63,63,63,64,63,64,63,64,64,64,63,64,64,63,63,63,63,63,64,63,63,63,63,64,63,63,63,63,63,63,63,64,63,64,64,64,64,63,64,63,63,63,63,64,64,63,63,64,64,
64,64,64,64,64,64,64,64,64,64,64,64,64,64,64,64,64,64,64,64,64,64,64,64,64,64,64,64,64,64,64,64,64,64,64,64,64,64,64,64,64,64,64,64,64,64,64,64,64,64,64,64,64,64,64,64,64,64,64,64,64,64,64,64,64,64,64,64,64,64,64,64,64,64,64,64,64,64,64,64,64,64,64,64,64,64,64,64,64,64,64,64,64,64,64,64,64,64,64,64,64,64,64,64,64,64,64,64,64,64,64,64,64,64,64,64,64,64,64,64,64,64,64,64,64,64,64,64,64,64,64,64,64,64,64,64,64,64,64,64,64,64,64,64,64,64,64,64,64,64,64,64,64,64,64,64,64,64,64,64,64,64,64,64,64,64,64,64,64,64,64,64,64,64,64,64,64,64,64,64,64,64,64,64,64,64,64,64,64,64,64,64,64,64,64,64,64,64,64,64,64,64,64,64,64,64,64,64,64,64,64,64,64,64,64,64,64,64,64,64,64,64,64,64,64,64,64,64,64,64,64,64,64,64,64,64,64,64,64,64,64,64,64,64,64,64,64,64,64,64,64,64,64,64,64,64,