[64, 256, 128]
0,0,0,0,0,0,0,0,0,0,0,0,0,0,0,0,0,0,0,0,0,0,0,0,0,0,0,0,0,0,0,0,0,0,0,0,0,0,0,0,0,0,0,0,0,0,0,0,0,0,0,0,0,0,0,0,0,0,0,0,0,0,0,0,0,0,0,0,0,0,0,0,0,0,0,0,0,0,0,0,0,0,0,0,0,0,0,0,0,0,0,0,0,0,0,0,0,0,0,0,0,0,0,0,0,0,0,0,0,0,0,0,0,0,0,0,0,0,0,0,0,0,0,0,0,0,0,0,0,0,0,0,0,0,0,0,0,0,0,0,0,0,0,0,0,0,0,0,0,0,0,0,0,0,0,0,0,0,0,0,0,0,0,0,0,0,0,0,0,0,0,0,0,0,0,0,0,0,0,0,0,0,0,0,0,0,0,0,0,0,0,0,0,0,0,0,0,0,0,0,0,0,0,0,0,0,0,0,0,0,0,0,0,0,0,0,0,0,0,0,0,0,0,0,0,0,0,0,0,0,0,0,0,0,0,0,0,0,0,0,0,0,0,0,0,0,0,0,0,0,0,0,0,0,0,0,
0,0,0,0,0,0,0,0,0,0,0,0,0,0,0,0,0,0,0,0,0,0,0,0,0,0,0,0,0,0,0,0,0,0,0,0,0,0,0,0,0,0,0,0,0,0,0,0,0,0,0,0,0,0,0,0,0,0,0,0,0,0,0,0,0,0,0,0,0,0,0,0,0,0,0,0,0,0,0,0,0,0,0,0,0,0,0,0,0,0,0,0,0,0,0,0,0,0,0,0,0,0,0,0,0,0,0,0,0,0,0,0,0,0,0,0,0,0,0,0,0,0,0,0,0,0,0,0,0,0,0,0,0,0,0,0,0,0,0,0,0,0,0,0,0,0,0,0,0,0,0,0,0,0,0,0,0,0,0,0,0,0,0,0,0,0,0,0,0,0,0,0,0,0,0,0,0,0,0,0,0,0,0,0,0,0,0,0,0,0,0,0,0,0,0,0,0,0,0,0,0,0,0,0,0,0,0,0,0,0,0,0,0,0,0,0,0,0,0,0,0,0,0,0,0,0,0,0,0,0,0,0,0,0,0,0,0,0,0,0,0,0,0,0,0,0,0,0,0,0,0,0,0,0,0,0,
0,0,0,0,0,0,0,0,0,0,0,0,0,0,0,0,0,0,0,0,0,0,0,0,0,0,0,0,0,0,0,0,0,0,0,0,0,0,0,0,0,0,0,0,0,0,0,0,0,0,0,0,0,0,0,0,0,0,0,0,0,0,0,0,0,0,0,0,0,0,0,0,0,0,0,0,0,0,0,0,0,0,0,0,0,0,0,0,0,0,0,0,0,0,0,0,0,0,0,0,0,0,0,0,0,0,0,0,0,0,0,0,0,0,0,0,0,0,0,0,0,0,0,0,0,0,0,0,0,0,0,0,0,0,0,0,0,0,0,0,0,0,0,0,0,0,0,0,0,0,0,0,0,0,0,0,0,0,0,0,0,0,0,0,0,0,0,0,0,0,0,0,0,0,0,0,0,0,0,0,0,0,0,0,0,0,0,0,0,0,0,0,0,0,0,0,0,0,0,0,0,0,0,0,0,0,0,0,0,0,0,0,0,0,0,0,0,0,0,0,0,0,0,0,0,0,0,0,0,0,0,0,0,0,0,0,0,0,0,0,0,0,0,0,0,0,0,0,0,0,0,0,0,0,0,0,
0,0,0,0,0,0,0,0,0,0,0,0,0,0,0,0,0,0,0,0,0,0,0,0,0,0,0,0,0,0,0,0,0,0,0,0,0,0,0,0,0,0,0,0,0,0,0,0,0,0,0,0,0,0,0,0,0,0,0,0,0,0,0,0,0,0,0,0,0,0,0,0,0,0,0,0,0,0,0,0,0,0,0,0,0,0,0,0,0,0,0,0,0,0,0,0,0,0,0,0,0,0,0,0,0,0,0,0,0,0,0,0,0,0,0,0,0,0,0,0,0,0,0,0,0,0,0,0,0,0,0,0,0,0,0,0,0,0,0,0,0,0,0,0,0,0,0,0,0,0,0,0,0,0,0,0,0,0,0,0,0,0,0,0,0,0,0,0,0,0,0,0,0,0,0,0,0,0,0,0,0,0,0,0,0,0,0,0,0,0,0,0,0,0,0,0,0,0,0,0,0,0,0,0,0,0,0,0,0,0,0,0,0,0,0,0,0,0,0,0,0,0,0,0,0,0,0,0,0,0,0,0,0,0,0,0,0,0,0,0,0,0,0,0,0,0,0,0,0,0,0,0,0,0,0,0,
0,0,0,0,0,0,0,0,0,0,0,0,0,0,0,0,0,0,0,0,0,0,0,0,0,0,0,0,0,0,0,0,0,0,0,0,0,0,0,0,0,0,0,0,0,0,0,0,0,0,0,0,0,0,0,0,0,0,0,0,0,0,0,0,0,0,0,0,0,0,0,0,0,0,0,0,0,0,0,0,0,0,0,0,0,0,0,0,0,0,0,0,0,0,0,0,0,0,0,0,0,0,0,0,0,0,0,0,0,0,0,0,0,0,0,0,0,0,0,0,0,0,0,0,0,0,0,0,0,0,0,0,0,0,0,0,0,0,0,0,0,0,0,0,0,0,0,0,0,0,0,0,0,0,0,0,0,0,0,0,0,0,0,0,0,0,0,0,0,0,0,0,0,0,0,0,0,0,0,0,0,0,0,0,0,0,0,0,0,0,0,0,0,0,0,0,0,0,0,0,0,0,0,0,0,0,0,0,0,0,0,0,0,0,0,0,0,0,0,0,0,0,0,0,0,0,0,0,0,0,0,0,0,0,0,0,0,0,0,0,0,0,0,0,0,0,0,0,0,0,0,0,0,0,0,0,
0,0,0,0,0,0,0,0,0,0,0,0,0,0,0,0,0,0,0,0,0,0,0,0,0,0,0,0,0,0,0,0,0,0,0,0,0,0,0,0,0,0,0,0,0,0,0,0,0,0,0,0,0,0,0,0,0,0,0,0,0,0,0,0,0,0,0,0,0,0,0,0,0,0,0,0,0,0,0,0,0,0,0,0,0,0,0,0,0,0,0,0,0,0,0,0,0,0,0,0,0,0,0,0,0,0,0,0,0,0,0,0,0,0,0,0,0,0,0,0,0,0,0,0,0,0,0,0,0,0,0,0,0,0,0,0,0,0,0,0,0,0,0,0,0,0,0,0,0,0,0,0,0,0,0,0,0,0,0,0,0,0,0,0,0,0,0,0,0,0,0,0,0,0,0,0,0,0,0,0,0,0,0,0,0,0,0,0,0,0,0,0,0,0,0,0,0,0,0,0,0,0,0,0,0,0,0,0,0,0,0,0,0,0,0,0,0,0,0,0,0,0,0,0,0,0,0,0,0,0,0,0,0,0,0,0,0,0,0,0,0,0,0,0,0,0,0,0,0,0,0,0,0,0,0,0,
0,0,0,0,0,0,0,0,0,0,0,0,0,0,0,0,0,0,0,0,0,0,0,0,0,0,0,0,0,0,0,0,0,0,0,0,0,0,0,0,0,0,0,0,0,0,0,0,0,0,0,0,0,0,0,0,0,0,0,0,0,0,0,0,0,0,0,0,0,0,0,0,0,0,0,0,0,0,0,0,0,0,0,0,0,0,0,0,0,0,0,0,0,0,0,0,0,0,0,0,0,0,0,0,0,0,0,0,0,0,0,0,0,0,0,0,0,0,0,0,0,0,0,0,0,0,0,0,0,0,0,0,0,0,0,0,0,0,0,0,0,0,0,0,0,0,0,0,0,0,0,0,0,0,0,0,0,0,0,0,0,0,0,0,0,0,0,0,0,0,0,0,0,0,0,0,0,0,0,0,0,0,0,0,0,0,0,0,0,0,0,0,0,0,0,0,0,0,0,0,0,0,0,0,0,0,0,0,0,0,0,0,0,0,0,0,0,0,0,0,0,0,0,0,0,0,0,0,0,0,0,0,0,0,0,0,0,0,0,0,0,0,0,0,0,0,0,0,0,0,0,0,0,0,0,0,
0,0,0,0,0,0,0,0,0,0,0,0,0,0,0,0,0,0,0,1,1,0,0,0,0,0,0,0,0,0,0,0,0,0,0,0,0,0,0,0,0,0,0,0,0,0,0,0,0,0,0,0,0,0,0,0,0,0,0,0,0,0,0,0,0,0,0,0,0,0,0,0,0,0,0,0,0,0,0,0,0,0,0,0,0,0,0,0,0,0,0,0,0,0,0,0,0,0,0,0,0,0,0,0,0,0,0,0,0,0,0,0,0,0,0,0,0,0,0,0,0,0,0,0,0,0,0,0,0,0,0,0,0,0,0,0,0,0,0,0,0,0,0,0,0,0,0,0,0,0,0,0,0,0,0,0,0,0,0,0,0,0,0,0,0,0,0,0,0,0,0,0,0,0,0,0,0,0,0,0,0,0,0,0,0,0,0,0,0,0,0,0,0,0,0,0,0,0,0,0,0,0,0,0,0,0,0,0,0,0,0,0,0,0,0,0,0,0,0,0,0,0,0,0,0,0,0,0,0,0,0,0,0,0,0,0,0,0,0,0,0,0,0,0,0,0,0,0,0,0,0,0,0,0,0,0,
0,0,0,0,0,0,0,0,0,0,0,0,0,0,0,0,0,0,0,0,0,0,0,0,0,0,0,0,0,0,0,0,0,0,0,0,0,0,0,0,0,0,0,0,0,0,0,0,0,0,0,0,0,0,0,0,0,0,0,0,0,0,0,0,0,0,0,0,0,0,0,0,0,0,0,0,0,0,0,0,0,0,0,0,0,0,0,0,0,0,0,0,0,0,0,0,0,0,0,0,0,0,0,0,0,0,0,0,0,0,0,0,0,0,0,0,0,0,0,0,0,0,0,0,0,0,0,0,0,0,0,0,0,0,0,0,0,0,0,0,0,0,0,0,0,0,0,0,0,0,0,0,0,0,0,0,0,0,0,0,0,0,0,0,0,0,0,0,0,0,0,0,0,0,0,0,0,0,0,0,0,0,0,0,0,0,0,0,0,0,0,0,0,0,0,0,0,0,0,0,0,0,0,0,0,0,0,0,0,0,0,0,0,0,0,0,0,0,0,0,0,0,0,0,0,0,0,0,0,0,0,0,0,0,0,0,0,0,0,0,0,0,0,0,0,0,0,0,0,0,0,0,0,0,0,0,
0,0,0,0,0,0,0,0,0,0,0,0,0,0,0,0,0,0,0,0,0,0,0,0,0,0,0,0,0,0,0,0,0,0,0,0,0,0,0,0,0,0,0,0,0,0,0,0,0,0,0,0,0,0,0,0,0,0,0,0,0,0,0,0,0,0,0,0,0,0,0,0,0,0,0,0,0,0,0,0,0,0,0,0,0,0,0,0,0,0,0,0,0,0,0,0,0,0,0,0,0,0,0,0,0,0,0,0,0,0,0,0,0,0,0,0,0,0,0,0,0,0,0,0,0,0,0,0,0,0,0,0,0,0,0,0,0,0,0,0,0,0,0,0,0,0,0,0,0,0,0,0,0,0,0,0,0,0,0,0,0,0,0,0,0,0,0,0,0,0,0,0,0,0,0,0,0,0,0,0,0,0,0,0,0,0,0,0,0,0,0,0,0,0,0,0,0,0,0,0,0,0,0,0,0,0,0,0,0,0,0,0,0,0,0,0,0,0,0,0,0,0,0,0,0,0,0,0,0,0,0,0,0,0,0,0,0,0,0,0,0,0,0,0,0,0,0,0,0,0,0,0,0,0,0,0,
0,0,0,0,0,0,0,0,0,0,0,0,0,0,0,0,0,0,0,0,0,0,0,0,0,0,0,0,0,0,0,0,0,0,0,0,0,0,0,0,0,0,0,0,0,0,0,0,0,0,0,0,0,0,0,0,0,0,0,0,0,0,0,0,0,0,0,0,0,0,0,0,0,0,0,0,0,0,0,0,0,0,0,0,0,0,0,0,0,0,0,0,0,0,0,0,0,0,0,0,0,0,0,0,0,0,0,0,0,0,0,0,0,0,0,0,0,0,0,0,0,0,0,0,0,0,0,0,0,0,0,0,0,0,0,0,0,0,0,0,0,0,0,0,0,0,0,0,0,0,0,0,0,0,0,0,0,0,0,0,0,0,0,0,0,0,0,0,0,0,0,0,0,0,0,0,0,0,0,0,0,0,0,0,0,0,0,0,0,0,0,0,0,0,0,0,0,0,0,0,0,0,0,0,0,0,0,0,0,0,0,1,0,0,0,0,0,0,0,0,0,0,0,0,0,0,0,0,0,0,0,0,0,0,0,0,0,0,0,0,0,0,0,0,0,0,0,0,0,0,0,0,0,0,0,0,
0,0,0,0,0,0,0,0,0,0,0,0,0,0,0,0,0,0,0,0,0,0,0,0,0,0,0,0,0,0,0,0,0,0,0,0,0,0,0,0,0,0,0,0,0,0,0,0,0,0,0,0,0,0,0,0,0,0,0,0,0,0,0,0,0,0,0,0,0,0,0,0,0,0,0,0,0,0,2,0,0,0,0,0,0,0,0,0,0,0,0,0,0,0,0,0,0,0,0,0,0,0,0,0,0,0,0,0,0,0,0,0,0,0,0,0,0,0,0,0,0,0,0,0,0,0,0,0,0,0,0,0,0,0,0,0,0,0,0,0,0,0,0,0,0,0,0,0,0,0,0,0,0,0,0,0,0,0,0,0,0,0,0,0,0,0,0,0,0,0,0,0,0,0,0,0,0,0,0,0,0,0,0,0,0,0,0,0,0,0,0,0,0,0,0,0,0,0,0,0,0,0,0,0,0,0,0,0,0,0,2,2,0,0,0,0,0,0,0,0,0,0,0,0,0,0,0,0,0,0,0,0,0,0,0,0,0,0,0,0,0,0,0,0,0,0,0,0,0,0,0,0,0,0,0,0,
0,0,0,0,0,0,0,0,0,0,0,0,0,0,0,0,0,0,0,0,0,0,0,0,0,0,0,0,0,0,0,0,0,0,0,0,0,0,0,0,0,0,0,0,0,0,0,0,0,0,0,0,0,0,0,0,0,0,0,0,0,0,0,0,0,0,0,0,0,0,0,0,0,0,0,0,0,0,0,3,0,0,0,0,0,0,0,0,0,0,0,0,0,0,0,0,0,0,0,0,0,0,0,0,0,0,0,0,0,0,0,0,0,0,0,0,0,0,0,0,0,0,0,0,0,0,0,0,0,0,0,0,0,0,0,0,0,0,0,0,0,0,0,0,0,0,0,0,0,0,0,0,0,0,0,0,0,0,0,0,0,0,0,0,0,0,0,0,0,0,0,0,0,0,0,0,0,0,0,0,0,0,0,0,0,0,0,0,0,0,0,0,0,0,0,0,0,0,0,0,0,0,0,0,0,0,0,0,0,0,0,3,0,0,0,0,0,0,0,0,0,0,0,0,0,0,0,0,0,0,0,0,0,0,0,0,0,0,0,0,0,0,0,0,0,0,0,0,0,0,0,0,0,0,0,0,
0,0,0,0,0,0,0,0,0,0,0,0,0,0,0,0,0,0,0,0,0,0,0,0,0,0,0,0,0,0,0,0,0,0,0,0,0,0,0,0,0,0,0,0,0,0,0,0,0,0,0,0,0,0,0,0,0,0,0,0,0,0,0,0,0,0,0,0,0,0,0,1,0,0,0,0,0,0,1,0,5,0,0,0,0,0,0,0,0,0,0,0,0,0,0,0,0,0,0,0,0,0,0,0,0,0,0,0,0,0,0,0,0,0,0,0,0,0,0,0,0,0,0,0,0,0,0,0,0,0,0,0,0,0,0,0,0,0,0,0,0,0,0,0,0,0,0,0,0,0,0,0,0,0,0,0,0,0,0,0,0,0,0,0,0,0,0,0,0,0,0,0,0,0,0,0,0,0,0,0,0,0,0,0,0,0,0,0,0,0,0,0,0,0,0,0,0,0,0,0,0,0,0,0,0,0,0,0,0,0,0,1,0,0,0,0,0,0,0,0,0,0,0,0,0,0,0,0,0,0,0,3,0,0,0,0,0,0,0,0,0,0,0,0,0,0,0,0,0,0,0,0,0,0,0,0,
0,0,0,0,0,0,0,0,0,0,0,0,0,0,0,0,0,0,0,0,0,0,0,0,0,0,0,0,0,0,0,0,0,0,0,0,0,0,0,0,0,0,0,0,0,0,0,0,0,0,0,0,0,0,0,0,0,0,0,0,0,0,0,0,0,0,0,0,0,0,0,0,2,0,0,0,0,0,3,2,2,0,0,0,0,0,0,0,0,0,0,0,0,0,0,0,0,0,0,0,0,0,0,0,0,0,0,0,0,0,0,0,0,0,0,0,0,0,0,0,0,0,0,0,0,0,0,0,0,0,0,0,0,0,0,0,0,0,0,0,0,0,0,0,0,0,0,0,0,0,0,0,0,0,0,0,0,0,0,0,0,0,0,0,0,0,0,0,0,0,0,0,0,0,0,0,0,0,0,0,0,0,0,0,0,0,0,0,0,0,0,0,0,0,0,0,0,0,0,0,0,0,0,0,0,0,0,0,0,0,0,0,0,0,0,0,0,0,0,0,0,0,0,0,0,0,0,0,0,0,0,0,0,0,0,0,0,0,0,0,0,0,0,0,0,0,0,0,0,0,0,0,0,0,0,0,
0,0,0,0,0,0,0,0,0,0,0,0,0,0,0,0,0,0,0,0,0,0,0,0,0,0,0,0,0,0,0,0,0,0,0,0,0,0,0,0,0,0,0,0,0,0,0,0,0,0,0,0,0,1,0,0,0,0,0,0,0,0,0,0,0,0,0,0,0,0,0,0,0,0,0,0,0,0,0,4,2,0,0,0,0,0,0,0,0,0,0,0,0,0,0,0,0,0,0,0,0,0,0,0,0,0,0,0,0,0,0,0,0,0,0,0,0,0,0,0,0,0,0,0,0,0,1,0,0,0,0,0,0,0,0,0,0,0,0,0,0,0,0,0,0,0,0,0,0,0,0,0,0,0,0,0,0,0,0,0,0,0,0,0,0,0,0,0,0,0,0,0,0,0,0,0,0,0,0,0,0,0,1,0,0,0,0,0,0,0,0,0,0,0,0,0,0,0,0,0,0,0,0,0,0,0,0,0,0,0,0,0,0,0,0,0,0,0,0,0,0,0,0,0,0,0,0,0,0,0,0,2,0,0,0,1,0,0,0,0,0,0,0,0,0,0,0,0,0,0,0,0,0,0,0,0,
0,0,0,0,0,0,0,0,0,0,0,0,0,0,0,0,0,0,0,0,0,0,0,0,0,0,0,0,0,0,0,0,0,0,0,0,0,0,0,0,0,0,0,0,0,0,0,0,0,0,0,0,0,0,0,0,0,0,0,0,0,0,0,0,0,0,0,0,0,0,0,0,0,0,0,0,0,0,0,4,3,0,0,0,0,0,0,0,0,0,0,0,0,0,0,0,0,0,0,0,0,0,0,0,0,0,0,0,0,0,0,0,0,0,0,0,0,0,0,0,0,0,0,0,0,1,2,2,0,0,0,0,0,0,0,0,0,0,0,0,0,0,0,0,0,0,3,3,0,0,0,0,0,0,0,0,0,0,0,0,0,0,0,0,0,0,0,0,0,0,0,0,0,0,0,0,0,0,0,0,0,0,0,0,0,0,0,0,0,0,0,0,0,0,0,0,0,0,0,0,0,0,0,0,0,0,0,0,0,0,0,0,0,0,0,0,0,0,0,0,0,0,0,0,0,0,0,0,0,0,0,0,0,0,0,0,0,0,0,0,0,0,0,0,0,0,0,0,0,0,0,0,0,0,0,0,
0,0,0,0,0,0,0,0,0,0,0,0,0,0,0,0,0,0,0,0,0,0,0,0,0,0,0,0,0,0,0,0,0,0,0,0,0,0,0,0,0,0,0,0,0,5,0,0,0,0,0,0,0,0,0,0,0,0,3,0,0,0,0,0,0,0,0,0,0,0,0,0,0,0,0,1,0,0,0,0,0,0,0,0,0,0,0,0,0,0,0,0,0,0,0,0,0,0,0,0,0,0,0,0,0,0,0,0,0,0,0,0,0,0,0,0,0,0,0,0,0,0,0,0,0,0,0,3,0,0,0,0,0,0,0,0,0,0,0,0,0,0,3,0,0,0,0,4,4,0,0,0,0,0,0,0,0,0,0,0,0,0,0,0,0,0,0,0,0,0,0,0,0,0,0,0,0,0,0,0,0,0,0,0,0,0,0,0,0,0,0,0,0,0,0,0,0,0,0,0,0,0,0,0,0,0,0,0,0,0,0,0,0,0,0,0,0,0,0,0,0,0,0,0,0,1,0,1,0,0,0,1,0,0,1,1,0,0,0,0,0,0,0,0,0,0,0,0,0,0,0,0,0,0,0,0,
0,0,0,0,0,0,0,0,0,0,0,0,0,0,1,0,0,0,0,0,0,0,0,0,0,0,0,0,0,0,0,0,0,0,0,0,0,0,0,0,0,0,0,3,0,3,5,1,0,0,0,0,0,0,0,1,0,0,0,4,0,0,0,2,1,0,0,0,0,0,0,0,0,0,0,0,0,0,0,0,0,0,0,0,0,0,0,0,0,0,0,0,0,0,0,0,0,0,0,0,0,0,0,0,0,0,0,0,0,0,0,0,0,0,0,0,0,0,0,0,0,0,0,0,0,0,0,0,4,0,0,0,0,0,0,0,0,0,0,0,0,0,0,2,2,0,0,0,0,0,0,0,0,0,0,0,0,0,0,0,0,0,0,0,0,0,0,0,0,0,0,0,0,0,0,0,0,0,0,0,0,0,0,0,0,0,0,0,0,0,0,0,0,0,0,0,0,0,0,0,0,0,0,0,0,0,0,0,0,0,0,0,0,0,0,0,0,0,0,0,0,0,0,0,0,0,0,0,0,0,0,1,0,0,2,0,0,0,0,0,0,0,0,0,0,0,0,0,0,0,0,0,0,0,0,0,
3,0,0,0,0,0,0,0,0,0,0,0,0,0,3,0,0,0,0,0,0,0,0,2,0,0,0,0,0,0,0,0,0,0,0,0,0,0,0,0,0,0,0,0,0,1,4,1,3,0,0,0,1,0,0,1,0,0,0,0,0,8,2,3,3,0,0,0,0,0,0,0,0,0,1,0,0,0,0,0,0,0,0,0,0,0,0,0,0,0,0,0,0,0,0,0,0,0,0,0,0,0,0,0,0,0,0,0,0,0,0,0,0,0,0,0,0,0,0,0,0,0,0,0,0,0,2,0,0,4,0,0,0,0,0,0,0,0,0,0,0,3,3,3,0,0,0,0,0,1,0,0,0,0,0,0,0,0,0,0,0,0,0,0,0,0,0,0,0,0,0,0,0,0,0,0,0,0,0,0,0,0,0,0,0,0,0,0,0,0,0,0,0,0,0,0,0,0,0,0,0,0,0,0,0,0,0,0,0,0,0,0,0,0,0,0,0,0,0,0,0,0,0,0,0,0,0,3,1,0,0,0,0,0,0,0,0,0,0,0,0,0,0,0,0,0,0,0,0,0,0,0,0,0,0,0,
4,0,0,0,0,0,0,0,0,0,0,0,0,3,4,0,0,0,0,0,0,0,0,0,0,0,0,0,0,0,0,0,0,0,0,0,0,0,0,0,0,0,0,0,0,3,0,5,0,3,0,0,2,0,0,0,0,0,0,0,6,5,8,2,3,2,0,0,0,0,0,0,0,0,1,1,0,0,0,0,0,0,0,0,0,0,0,0,0,0,0,0,0,0,0,0,0,0,0,0,0,2,0,0,0,0,0,0,0,0,0,0,0,0,0,0,0,0,0,0,0,0,0,0,0,0,0,0,0,0,0,0,2,0,0,0,1,0,0,0,0,0,0,0,7,4,5,0,0,0,0,0,0,5,0,0,0,0,0,0,0,0,0,0,0,0,0,0,0,0,0,0,0,0,0,0,0,0,0,0,0,0,0,0,0,0,0,0,0,0,0,0,0,0,0,0,0,0,0,0,0,0,0,3,0,0,0,0,0,0,0,0,0,0,0,0,0,0,0,0,0,0,0,0,0,0,3,0,4,0,0,0,0,0,0,0,0,0,0,0,0,0,0,0,0,0,0,0,0,0,0,0,0,0,0,0,
0,0,0,0,0,0,0,0,0,0,0,0,0,0,0,0,0,0,0,0,0,0,0,0,4,0,0,0,0,0,0,0,0,0,0,0,0,0,0,0,0,0,0,0,5,5,2,5,0,4,0,0,0,0,0,0,0,0,0,0,0,0,0,0,3,0,0,6,0,0,0,0,1,0,0,1,0,0,0,0,0,0,0,0,3,0,0,0,0,0,0,0,0,0,0,0,0,0,0,0,0,0,3,0,0,0,0,0,0,0,0,0,0,0,0,0,0,0,0,0,0,2,4,0,0,0,0,0,0,0,0,0,3,3,0,2,2,0,0,0,0,0,0,0,0,0,0,0,0,0,2,0,0,5,0,0,0,0,0,0,0,0,0,0,0,0,0,0,0,0,0,0,0,0,0,1,0,1,0,0,0,0,0,0,0,0,0,0,0,0,0,0,0,0,0,0,0,0,0,0,0,0,0,3,0,0,0,0,0,0,0,0,0,0,0,0,0,0,0,0,0,0,0,0,0,0,0,0,0,0,0,0,0,0,0,0,0,0,0,0,0,0,0,0,0,0,0,0,0,0,0,0,0,0,0,0,
0,0,0,0,4,0,0,0,0,0,0,0,0,0,0,7,8,0,0,0,0,0,0,0,0,0,0,0,0,0,0,0,0,2,0,0,0,0,0,0,0,0,0,0,0,7,0,4,3,5,5,0,0,0,0,0,0,0,0,0,0,0,0,0,0,7,0,6,4,6,0,0,0,0,0,0,0,0,0,0,0,0,0,2,2,0,0,0,0,0,0,0,0,0,0,0,0,0,0,0,0,0,0,0,0,0,0,0,0,0,0,0,0,0,0,0,0,0,0,0,0,4,4,0,0,0,0,0,0,0,0,0,0,0,0,0,0,0,0,0,0,0,0,0,0,5,0,0,0,0,0,0,0,0,0,0,0,0,0,0,0,0,0,0,0,0,0,0,0,0,0,0,0,0,0,0,0,0,0,0,0,0,0,0,0,0,0,0,0,0,0,0,0,0,0,0,0,0,0,0,0,1,0,0,0,0,0,0,0,0,0,0,0,0,0,0,0,0,0,0,0,0,0,0,0,0,0,0,0,0,0,0,0,0,0,0,0,0,0,0,0,0,0,0,0,0,0,0,0,0,0,0,0,0,0,0,
0,0,0,0,0,0,0,0,0,0,0,0,0,0,0,0,0,0,0,0,0,0,4,0,0,0,0,0,0,0,0,0,0,0,0,0,0,0,0,0,0,0,0,0,0,6,7,0,4,0,4,3,0,0,0,0,0,0,0,0,0,0,6,0,0,8,0,6,6,7,0,0,0,0,0,0,0,0,0,0,0,0,0,0,0,3,3,0,0,0,0,0,2,0,0,0,0,0,0,0,0,0,0,0,0,0,0,0,0,0,0,0,0,0,0,0,0,0,0,0,0,0,0,0,0,0,0,0,0,0,0,0,0,0,0,0,0,0,0,0,0,0,0,0,0,0,2,0,0,0,0,0,0,0,0,0,0,0,0,0,0,0,0,0,0,0,0,0,2,1,0,0,0,0,0,0,0,0,0,2,0,0,0,0,0,0,0,0,0,0,0,0,0,0,0,0,0,0,0,0,0,0,2,0,0,0,0,0,0,0,0,0,0,0,0,0,5,0,0,0,0,1,0,0,0,0,0,0,0,0,0,0,0,0,0,0,0,0,0,0,0,0,0,0,0,0,0,0,0,0,0,0,0,0,0,0,
0,0,0,0,0,0,0,0,0,0,0,3,0,0,0,1,0,0,0,0,3,1,0,3,0,0,0,0,0,0,0,0,0,0,0,0,0,0,0,0,0,0,0,0,0,0,0,0,0,3,4,4,0,0,0,0,0,0,0,0,0,0,0,6,7,0,0,0,0,7,7,0,0,0,0,0,0,0,0,0,3,0,0,0,0,0,1,1,0,0,0,0,0,0,1,0,0,0,0,0,0,0,0,0,0,0,0,0,0,0,0,0,0,0,0,0,0,0,0,0,0,0,0,0,0,0,0,0,0,0,0,0,0,0,0,0,0,0,0,0,0,0,0,0,0,0,0,2,0,3,0,1,0,0,0,3,1,0,1,0,0,0,0,0,1,1,0,1,2,3,2,0,0,0,0,0,0,0,0,0,0,0,4,4,0,0,0,0,0,0,1,3,4,1,0,4,0,0,0,0,0,0,0,2,1,0,0,0,0,0,0,0,0,0,0,0,0,0,4,0,0,0,0,0,0,0,0,0,0,1,1,0,0,0,0,3,0,0,0,0,0,0,0,0,0,0,0,0,0,0,0,0,0,0,0,0,
0,0,0,0,5,0,0,0,0,0,0,3,4,0,0,0,8,5,0,0,1,0,0,4,1,2,0,0,0,0,0,0,0,0,0,0,0,0,0,0,0,1,0,0,0,0,0,2,0,4,0,0,0,0,0,0,0,0,1,0,0,0,0,5,0,0,9,0,0,0,0,0,0,0,1,0,0,0,0,2,0,0,0,0,0,0,0,0,3,3,4,0,0,0,0,0,0,0,0,0,0,0,0,0,0,0,0,0,0,0,0,0,1,0,0,0,0,0,0,0,0,0,0,0,0,0,0,0,0,0,0,0,0,0,0,0,0,0,0,0,0,0,0,0,0,0,0,0,7,4,0,2,0,4,0,0,4,1,0,0,0,0,0,0,0,0,0,4,1,5,3,3,0,0,0,0,0,0,2,0,0,0,3,2,0,0,3,0,0,0,0,5,5,3,0,0,0,0,0,0,0,0,4,1,1,2,3,0,0,0,0,0,0,0,0,0,0,0,0,0,0,0,0,0,0,0,0,0,0,0,0,2,0,0,0,5,3,1,0,0,0,0,1,1,0,0,0,0,0,0,0,0,0,0,0,0,
1,0,0,0,0,0,0,0,0,0,0,5,5,0,0,0,0,4,4,0,2,3,1,1,0,0,0,0,0,2,0,0,0,0,0,0,0,0,0,0,0,0,0,0,0,0,1,1,2,0,0,6,0,0,0,0,0,0,0,0,0,0,0,5,0,0,0,0,10,0,0,0,0,0,0,0,0,3,2,0,2,0,0,0,4,0,1,4,4,4,0,5,0,0,0,0,0,0,0,0,0,0,0,0,0,0,0,0,0,0,0,0,0,1,0,0,0,0,0,0,0,0,0,0,0,0,0,0,0,0,0,0,0,0,0,0,0,0,0,0,0,0,0,0,0,0,0,0,7,1,3,0,3,6,0,0,1,4,0,0,0,0,0,0,0,1,1,2,2,4,5,1,3,0,0,0,0,0,1,0,0,0,0,0,0,4,3,0,0,0,1,3,0,1,4,0,1,0,0,0,0,0,0,0,0,0,3,1,0,0,0,0,0,0,6,0,0,0,0,0,2,0,0,0,0,2,0,0,0,6,0,1,3,0,0,3,4,4,0,0,0,0,0,1,0,1,0,0,0,0,0,0,0,0,0,0,
3,2,0,0,0,0,0,0,0,0,0,5,0,0,0,0,0,0,0,3,0,4,1,0,1,0,2,0,0,2,0,5,0,0,0,0,0,0,0,0,0,0,4,1,0,0,1,1,3,0,3,3,1,0,10,3,0,0,0,0,0,0,0,5,0,1,1,0,0,2,0,0,0,0,0,0,3,4,1,0,0,0,0,0,0,0,4,0,5,5,0,0,0,0,0,0,0,0,0,0,0,0,0,0,0,0,0,0,0,0,0,0,0,0,0,0,0,3,0,2,0,0,0,0,0,0,0,0,0,0,0,0,0,0,0,0,0,0,0,0,0,0,0,0,0,0,0,0,2,3,0,4,3,6,8,0,0,2,0,1,1,0,0,0,0,0,3,4,0,5,6,3,1,0,0,0,0,0,1,0,0,0,0,0,0,4,5,0,0,3,0,0,0,0,6,0,4,1,1,0,0,1,0,0,0,0,0,0,0,0,0,0,1,0,0,0,0,0,0,0,3,4,0,0,3,3,3,1,0,7,0,0,1,0,0,4,5,0,1,1,2,0,2,0,1,1,0,0,0,0,0,0,0,0,0,0,
4,3,0,1,0,5,0,0,0,0,0,6,6,0,0,0,0,0,0,9,6,0,0,8,0,2,3,4,0,0,0,4,0,0,1,0,0,0,0,0,0,0,0,0,0,0,3,0,1,1,0,4,1,0,6,3,0,0,5,0,6,1,7,6,8,0,0,0,0,0,0,0,0,0,0,0,0,0,2,0,0,0,0,0,0,0,6,7,0,0,0,0,0,0,0,0,0,0,0,0,0,0,4,0,0,0,0,0,0,0,0,0,0,0,0,0,1,0,1,3,1,0,0,0,0,0,0,0,0,0,0,0,0,0,0,0,0,0,0,0,0,0,0,3,5,0,6,3,5,4,1,0,0,8,0,0,0,0,0,0,0,0,0,0,0,0,0,4,0,0,7,0,0,2,1,0,0,0,0,0,0,0,0,0,2,0,1,0,0,0,0,0,1,0,0,7,3,4,0,1,0,0,4,0,0,0,2,6,0,0,0,0,0,0,0,0,0,0,0,0,1,5,5,4,4,4,4,0,0,1,0,3,1,2,0,0,5,0,0,0,0,0,0,0,2,2,0,0,0,3,1,0,0,3,2,1,
5,3,6,0,3,3,6,6,6,0,0,0,0,0,8,9,0,0,0,7,8,9,0,0,0,0,0,2,3,0,0,0,0,0,1,1,0,0,0,0,0,0,0,0,0,0,0,0,1,1,0,0,2,5,2,7,0,0,0,3,2,7,6,8,2,0,2,0,2,0,2,0,0,0,0,0,4,0,0,6,0,0,1,0,0,0,0,7,0,0,0,0,0,0,0,0,0,0,0,0,1,5,0,0,0,0,0,0,0,6,0,0,0,2,0,0,0,0,4,0,2,0,0,0,0,0,0,0,0,0,0,0,0,0,0,0,0,0,0,0,0,0,0,0,4,4,6,1,4,0,1,2,0,0,0,0,0,0,2,0,0,0,0,0,5,2,1,0,0,0,0,0,1,1,0,0,0,0,2,1,0,0,0,0,0,0,0,0,2,0,0,0,1,0,0,7,4,0,0,2,1,0,0,0,0,3,3,6,3,0,0,0,0,0,0,0,0,0,0,1,1,0,5,6,6,5,5,5,0,0,3,4,4,0,0,0,0,0,0,0,0,0,0,0,3,0,0,0,2,0,5,2,0,2,3,1,
6,4,4,5,3,3,4,0,6,0,0,10,0,2,11,0,0,0,0,0,9,8,0,0,0,0,4,1,3,1,1,0,0,0,0,3,1,0,0,0,0,0,3,0,0,0,6,1,0,3,6,2,1,0,0,0,0,0,4,4,5,3,5,5,7,5,3,0,2,2,2,0,0,0,1,1,4,1,0,0,0,0,0,5,0,0,1,0,1,0,0,0,0,0,0,0,0,0,0,0,0,4,4,0,2,8,0,0,8,10,7,4,0,3,2,0,0,0,1,1,2,0,0,0,0,0,0,0,0,3,0,0,0,1,4,0,0,0,0,0,3,0,0,0,3,4,6,2,4,4,2,4,0,0,0,0,0,7,0,0,0,0,0,2,0,0,2,0,3,0,0,2,0,0,0,0,1,0,1,6,0,0,0,0,0,0,3,6,2,6,2,1,0,0,0,0,0,0,0,3,0,0,0,0,0,0,0,1,0,4,4,4,0,0,3,0,0,0,0,0,3,2,0,1,3,0,6,5,0,1,0,0,0,2,1,0,0,0,3,0,0,0,0,0,5,0,0,7,4,3,6,3,4,2,3,1,
4,0,4,4,1,6,6,8,0,0,0,9,2,3,5,11,1,0,0,0,1,0,0,0,0,8,7,0,2,2,2,2,0,0,2,3,2,0,0,0,5,0,4,5,0,0,2,0,1,6,6,4,1,7,0,0,8,2,0,0,6,6,6,4,7,3,3,2,3,4,3,4,0,0,0,0,3,4,2,0,0,0,0,7,0,1,0,0,0,0,0,5,0,0,0,0,0,0,0,0,3,6,5,4,2,0,0,0,9,9,10,9,1,4,2,1,0,4,0,0,0,0,0,0,0,0,0,0,0,0,0,0,0,0,5,0,0,0,0,0,3,0,0,0,0,4,7,4,6,5,2,3,0,0,0,0,0,2,0,0,0,5,0,6,0,0,3,0,3,0,0,4,0,6,0,3,3,2,2,7,1,2,3,0,0,4,4,1,2,3,5,3,2,0,0,0,0,0,0,0,1,0,0,3,0,0,0,0,1,6,0,4,4,4,0,0,0,0,0,0,0,3,7,4,2,4,1,7,6,1,0,0,2,2,3,1,1,5,3,1,3,1,4,0,0,0,0,1,0,8,6,5,4,0,0,0,
3,3,0,8,9,6,0,7,0,0,0,10,3,3,0,4,2,1,0,0,0,0,0,0,0,8,0,2,1,0,0,1,0,3,2,2,4,0,0,0,5,0,6,4,0,0,0,0,0,2,7,0,3,0,0,6,6,4,5,0,1,2,2,4,6,3,10,3,8,3,6,2,0,0,1,1,1,0,0,0,0,4,5,0,1,1,0,6,0,0,0,1,0,0,0,1,0,0,0,0,6,3,7,3,2,8,0,0,0,9,0,10,6,3,4,0,2,0,3,0,1,0,0,4,0,0,0,0,0,0,0,0,2,0,0,0,0,0,0,2,0,0,0,0,0,0,0,0,7,6,8,2,2,0,0,5,2,3,0,0,0,0,0,0,0,0,3,5,0,4,4,0,3,0,2,4,2,2,6,2,2,2,0,0,0,0,4,0,3,0,0,0,4,2,0,1,0,0,0,8,1,0,0,0,0,0,0,0,0,0,0,0,4,5,3,3,0,0,0,0,0,0,0,0,8,5,5,2,4,0,2,1,0,0,0,0,0,6,6,6,5,8,2,2,3,0,2,2,8,8,6,0,4,0,0,0,
5,4,3,7,9,8,6,5,0,7,0,0,4,6,4,0,2,2,0,0,0,0,0,3,0,9,0,0,7,2,2,0,2,3,1,3,1,4,3,1,0,0,0,4,2,1,4,0,0,2,2,0,4,0,0,0,1,3,4,5,6,2,6,5,7,3,4,9,0,4,5,0,7,0,0,0,0,0,0,0,4,4,6,1,1,1,1,1,6,0,0,2,4,0,0,0,0,1,0,0,0,5,6,3,0,8,1,13,0,6,2,0,6,0,0,0,0,0,0,0,0,0,0,0,0,0,0,2,0,0,0,1,0,0,0,0,1,6,0,1,2,1,0,5,2,2,0,0,2,0,0,2,4,0,0,6,0,6,1,0,4,3,0,0,0,5,6,0,0,5,5,0,5,6,0,2,2,3,4,2,0,1,6,12,0,3,3,1,0,0,0,4,3,5,2,0,0,3,4,5,1,2,0,2,0,0,13,0,0,0,1,1,5,5,0,3,0,5,0,0,0,0,0,5,3,8,7,4,5,5,0,2,0,0,0,1,4,0,3,7,4,6,8,0,7,0,0,0,0,9,9,7,6,0,0,0,
5,6,8,7,7,9,0,6,6,7,0,0,0,0,6,0,4,2,2,0,0,0,0,0,8,9,8,0,0,2,3,2,1,0,2,0,5,2,2,0,0,0,0,5,4,2,8,5,1,0,9,0,0,0,6,2,2,5,6,5,2,1,5,5,5,7,3,4,0,6,6,7,5,6,5,1,3,0,1,12,5,3,8,8,2,3,2,2,5,0,0,0,0,5,2,0,0,1,1,2,4,0,4,5,0,0,0,2,9,2,1,13,7,4,12,0,5,0,0,1,1,1,0,0,5,3,5,2,0,0,0,0,3,0,0,0,1,1,6,6,0,3,0,4,0,2,3,0,4,2,6,3,1,0,1,3,0,3,6,0,5,3,2,0,0,6,0,0,0,4,8,6,6,6,2,1,9,3,3,0,0,0,10,6,1,4,0,2,0,1,0,0,5,0,4,4,2,4,0,6,9,0,0,0,0,1,6,8,0,8,2,7,3,3,1,0,4,2,4,5,1,0,9,6,6,8,5,2,5,5,0,0,0,0,2,1,5,1,4,1,3,7,5,5,5,3,0,0,0,0,0,7,7,0,0,0,
3,11,9,5,8,6,9,6,0,7,10,2,0,1,0,0,6,5,4,0,0,0,0,9,0,11,0,9,0,4,0,3,2,0,0,0,0,0,2,0,0,0,4,3,1,4,8,8,6,7,6,2,12,0,3,5,5,5,4,6,3,3,1,0,6,11,6,11,0,0,8,5,6,5,6,1,3,1,1,12,8,2,0,8,8,3,0,3,0,0,0,0,1,0,2,4,0,6,3,3,1,0,2,3,6,7,0,0,11,10,2,4,0,13,13,0,6,0,0,0,0,0,4,0,5,5,5,3,2,4,0,0,0,0,0,0,0,0,6,4,4,5,5,5,5,4,2,0,0,0,2,6,7,6,4,4,4,7,7,2,1,5,0,2,1,0,0,3,0,6,4,0,7,6,8,6,15,6,4,4,4,0,3,11,2,2,5,1,4,6,1,5,4,0,4,5,5,2,0,0,0,0,0,0,0,2,1,1,1,7,8,3,3,4,1,1,0,0,5,5,0,0,0,9,7,5,8,5,5,6,7,2,0,1,1,2,1,2,5,7,4,5,6,0,6,0,3,0,0,0,0,0,0,0,0,0,
8,7,0,0,8,10,8,0,0,10,8,10,2,1,8,0,1,0,6,0,0,0,0,0,0,0,0,0,0,0,4,3,3,2,0,0,0,0,2,0,8,0,0,4,4,4,7,10,6,6,9,0,13,0,5,0,5,5,6,3,3,4,7,0,12,6,6,1,8,7,7,0,7,6,6,2,2,3,6,12,0,3,5,0,4,2,9,0,0,0,2,0,2,1,4,3,4,3,8,4,8,1,4,3,3,5,3,1,1,1,2,0,13,0,0,1,1,0,0,1,1,0,1,6,6,5,5,4,5,6,0,0,0,0,1,0,7,0,0,5,0,0,2,6,6,5,0,0,1,0,0,0,5,7,3,10,4,7,3,7,3,12,1,6,6,3,0,0,0,0,1,5,2,7,6,15,16,12,1,5,2,9,3,10,9,10,0,0,5,7,0,5,5,7,0,5,0,0,3,4,9,0,0,0,0,0,1,1,9,10,8,8,8,2,5,5,8,3,7,0,0,1,0,1,7,7,9,5,7,5,8,0,0,3,1,6,3,2,3,3,8,6,7,5,0,0,0,0,0,0,0,0,0,0,0,0,
9,5,14,0,0,12,14,5,0,2,11,3,0,0,2,3,1,3,0,7,7,6,0,0,2,3,10,11,0,6,0,0,2,3,0,0,0,0,1,0,3,0,0,0,4,4,6,4,10,7,6,0,1,1,4,4,5,4,7,7,0,1,6,12,0,12,7,10,2,0,7,0,0,2,7,3,3,8,2,7,2,3,5,5,0,2,2,7,0,0,4,4,0,0,3,3,5,1,3,8,0,9,4,3,3,6,6,7,6,0,0,1,2,0,0,0,0,1,6,2,2,0,7,6,0,5,3,5,5,5,7,0,6,7,4,7,1,7,0,0,0,0,6,6,8,0,0,0,0,2,1,1,5,6,4,5,10,1,0,12,1,4,6,6,7,4,0,2,4,2,1,2,8,3,7,7,14,15,14,9,3,9,0,3,8,10,0,0,6,7,2,5,8,7,8,0,11,0,0,0,10,3,0,0,0,0,3,2,3,3,3,9,7,5,5,4,5,8,9,11,0,1,0,0,0,1,7,4,1,1,0,8,0,2,0,9,0,1,4,4,5,8,5,8,8,7,0,0,5,0,0,7,0,0,5,0,
9,7,3,0,0,0,10,3,3,5,2,4,0,7,0,2,3,1,0,7,7,5,0,4,0,4,3,4,6,0,0,0,9,8,4,4,0,0,2,8,1,0,0,0,0,6,0,9,6,7,7,0,0,0,1,0,7,5,5,6,2,2,2,7,6,13,9,7,11,3,4,0,0,2,7,8,8,11,8,7,5,3,6,4,2,10,2,4,9,0,5,0,5,2,0,3,7,4,3,9,2,3,9,7,7,7,8,7,7,6,8,0,0,4,0,2,0,0,1,3,3,8,7,5,3,1,7,0,7,0,1,7,1,9,5,4,2,6,7,11,0,5,6,5,7,8,8,0,8,3,3,2,6,7,5,5,5,1,9,11,2,1,4,4,6,6,3,12,2,11,3,7,8,8,9,9,16,15,15,2,7,0,0,4,6,7,10,8,0,2,2,10,5,8,9,0,11,12,0,0,0,3,1,0,0,0,0,3,0,5,10,3,8,7,6,6,5,9,11,11,0,0,0,0,0,3,5,5,5,3,3,0,0,0,3,9,0,11,1,2,11,9,5,8,9,4,8,10,6,9,0,4,8,6,5,0,
0,4,1,0,4,0,17,11,10,6,4,0,2,10,9,0,1,6,5,0,0,4,6,0,8,5,5,4,4,9,0,0,9,9,4,6,5,10,2,5,0,1,0,0,4,9,0,10,0,7,0,1,0,0,0,0,0,0,0,7,2,4,4,3,8,7,7,8,8,8,10,1,2,1,0,8,8,9,9,8,7,4,4,5,11,12,11,9,9,1,10,4,1,10,4,5,9,9,8,9,2,4,3,5,10,7,13,7,8,8,0,2,0,1,5,0,0,5,0,7,9,9,8,8,3,4,1,4,6,3,1,9,8,9,6,9,6,6,10,7,11,2,7,5,4,8,1,4,9,11,4,10,8,8,6,8,4,2,5,0,11,1,5,6,11,7,5,12,3,12,12,7,7,4,7,11,7,9,16,4,7,8,4,5,8,8,11,12,0,5,2,8,6,0,1,0,0,5,12,0,0,0,0,0,5,4,0,0,0,2,10,8,10,3,13,3,7,10,6,7,1,1,0,4,3,2,4,4,0,2,2,1,2,5,4,3,0,11,12,3,9,12,6,6,7,10,7,9,10,4,1,0,4,0,0,0,
3,0,6,5,15,0,15,14,18,11,7,4,5,3,9,6,1,0,4,6,5,0,5,0,6,3,9,6,7,7,8,11,7,9,9,10,8,7,6,10,5,0,2,1,6,4,0,0,1,5,5,0,4,1,3,0,1,1,1,0,0,1,4,6,8,7,7,9,9,0,2,8,15,13,1,11,9,11,10,7,7,8,2,5,8,6,7,9,11,10,11,6,2,11,4,6,4,10,10,9,10,3,4,8,6,8,6,9,7,5,5,1,2,1,11,4,1,3,6,0,2,8,6,9,1,5,4,6,7,6,1,5,7,8,10,11,12,7,13,6,12,13,6,7,7,6,4,9,5,11,11,5,9,9,8,11,8,7,8,5,6,5,4,6,10,12,0,13,12,12,13,6,8,8,10,11,7,0,9,18,18,9,5,13,7,6,9,11,1,13,11,9,0,0,0,1,0,5,7,14,9,0,2,2,0,2,0,7,7,2,3,7,11,9,4,5,3,5,7,9,2,2,2,4,2,3,3,1,1,2,2,2,0,5,0,6,6,12,4,3,2,10,6,6,10,10,12,8,5,4,12,1,5,5,0,0,
9,2,6,6,17,0,23,15,20,4,7,6,5,7,7,12,1,2,2,5,6,3,0,8,5,6,9,9,9,12,10,9,5,13,11,11,15,8,6,11,5,3,1,2,6,4,7,0,2,6,1,9,5,6,5,3,2,1,10,4,0,1,3,8,12,7,0,7,6,1,3,8,11,14,13,14,11,4,10,8,8,7,11,3,6,11,8,6,10,8,11,12,6,12,11,4,5,5,11,10,10,11,10,8,8,12,15,12,7,12,11,6,11,7,11,11,5,5,6,0,1,9,7,7,6,4,3,3,8,4,7,7,8,8,9,11,11,6,10,12,7,12,14,8,8,12,6,9,9,11,4,6,9,9,10,11,3,8,7,6,3,4,14,9,7,11,13,0,14,14,9,5,7,8,6,7,1,12,0,12,11,8,4,14,3,10,10,9,8,10,12,10,11,1,1,0,0,1,7,0,14,0,9,3,3,3,6,7,2,3,10,6,13,10,12,9,8,4,9,9,11,13,3,11,2,4,8,1,3,8,3,10,1,7,2,8,3,4,6,3,5,5,7,11,0,12,11,8,12,11,13,2,7,7,7,0,
9,4,9,6,5,20,18,12,9,5,6,7,10,8,8,6,2,2,1,1,6,5,7,8,4,4,5,9,5,11,10,10,6,7,14,13,14,16,8,13,5,5,13,2,12,13,0,0,2,0,1,6,7,5,6,4,10,1,11,1,3,8,11,5,8,13,15,1,6,5,6,14,10,15,10,12,10,11,7,9,9,1,8,10,5,3,9,15,11,9,14,14,11,7,9,11,4,5,11,13,11,11,8,11,10,8,7,6,15,15,7,3,12,11,9,12,0,6,0,8,6,2,2,6,5,4,4,7,9,10,4,10,9,8,8,6,7,7,13,13,12,13,15,8,14,12,6,10,7,12,14,5,4,5,11,12,8,4,3,7,1,16,14,15,9,7,6,0,2,10,9,4,4,5,7,6,8,13,12,13,9,6,8,16,10,12,11,8,6,10,12,5,3,0,3,2,2,10,7,14,8,7,10,4,10,8,7,9,3,3,10,7,7,12,11,9,11,9,5,10,11,12,13,11,11,3,11,8,3,13,8,2,2,4,6,0,2,10,7,9,4,5,7,0,11,12,12,14,12,12,11,8,8,9,8,8,
10,2,10,5,6,21,23,16,14,20,7,7,11,11,9,1,7,3,1,5,5,5,7,5,11,5,6,6,9,6,8,10,7,8,6,11,9,8,8,8,6,7,4,1,14,0,0,1,2,2,1,8,3,7,3,6,5,5,11,2,6,3,8,9,9,9,13,7,2,6,8,15,14,6,15,12,13,14,10,9,9,13,3,10,5,4,5,6,10,14,14,6,7,12,4,12,5,12,4,16,12,2,9,8,11,8,10,11,6,6,13,11,4,16,8,13,6,0,0,7,9,3,3,3,9,3,12,4,5,5,5,7,8,11,9,10,7,15,13,15,16,16,14,6,15,14,13,8,9,7,7,4,6,5,7,5,6,4,4,5,6,8,2,4,16,4,5,4,2,9,11,10,5,5,10,9,9,10,8,9,10,5,7,8,12,9,6,7,7,8,7,12,6,3,1,3,1,2,14,12,15,10,9,11,11,10,11,10,8,12,11,8,9,14,12,10,9,10,11,3,12,13,13,8,11,3,13,12,11,9,7,8,7,3,4,2,3,7,3,5,5,6,7,7,10,13,13,15,13,13,11,12,9,10,7,8,
5,3,7,6,6,22,23,3,15,12,17,7,10,10,11,0,0,7,6,5,5,6,7,11,7,8,6,12,10,11,6,12,11,7,11,7,9,9,9,6,6,7,5,7,14,9,0,4,0,2,3,9,9,4,4,4,6,5,3,3,4,7,10,12,9,10,9,8,3,5,9,9,9,15,16,14,14,11,14,15,14,12,4,13,6,5,11,13,6,10,17,19,17,7,4,4,9,15,4,15,0,13,1,13,8,15,7,12,12,7,8,10,12,8,17,6,5,6,0,10,9,6,4,4,7,8,10,13,6,5,6,7,7,8,1,12,12,7,14,12,16,17,6,6,15,14,14,1,10,11,9,5,14,6,8,7,5,6,9,5,9,7,2,3,7,5,5,5,9,5,5,10,11,11,6,8,6,11,14,8,9,10,10,7,10,10,8,8,8,8,8,4,6,4,7,0,15,11,9,13,9,10,5,11,6,6,12,9,6,13,9,12,9,11,7,9,9,3,12,4,9,8,11,8,10,11,10,13,12,13,11,14,4,3,2,4,6,4,8,7,5,6,7,5,0,7,2,13,10,13,12,13,5,9,11,8,
6,4,8,5,6,5,12,15,15,13,9,11,8,11,11,5,0,8,13,4,6,7,7,8,1,8,7,7,10,13,3,0,1,17,18,7,9,10,10,6,7,8,8,7,7,10,3,0,0,0,8,4,7,9,10,5,10,5,8,3,3,5,13,13,4,10,15,6,13,5,4,6,9,13,16,15,16,11,14,13,10,11,11,13,13,8,6,8,14,8,18,15,8,8,4,5,6,10,17,9,3,1,2,10,10,16,7,16,13,12,8,10,10,13,10,8,15,2,8,6,8,14,8,11,15,12,11,11,14,12,11,8,9,1,14,13,12,12,9,15,13,14,15,7,13,15,1,2,11,10,7,9,17,9,12,8,8,6,9,3,10,3,6,5,1,3,6,12,9,8,8,14,11,11,6,8,7,12,12,9,9,13,11,10,10,11,10,12,14,5,3,13,4,4,0,1,10,11,11,10,9,14,5,6,3,7,7,7,6,9,6,8,10,9,9,8,9,14,14,16,11,15,14,12,14,9,20,19,9,18,11,2,4,6,1,4,8,8,8,5,8,12,13,9,9,7,13,10,11,11,12,14,8,7,10,10,
14,5,13,12,12,6,14,13,14,10,11,15,11,11,12,8,8,8,1,6,5,14,5,7,16,14,3,8,4,14,3,10,2,10,18,19,9,9,22,10,8,7,7,8,8,6,5,10,10,3,5,9,10,8,11,11,6,5,4,6,5,14,7,13,8,8,11,11,6,12,18,15,7,7,14,13,13,17,16,14,14,11,11,8,7,8,7,12,8,14,8,13,17,7,5,7,9,7,11,17,10,10,16,11,15,10,8,14,2,12,14,12,12,10,5,9,8,3,6,9,8,16,11,12,15,17,12,6,14,11,11,7,18,10,16,3,4,14,9,6,10,15,17,16,16,6,1,2,12,12,11,12,8,7,2,13,12,7,1,12,4,4,3,2,2,6,4,13,6,9,15,13,9,9,7,9,8,13,6,10,10,14,12,12,11,12,10,7,17,5,4,4,6,5,8,10,11,14,12,11,8,13,11,10,11,5,9,7,10,11,6,14,14,18,10,10,10,9,13,13,16,10,12,18,16,18,21,7,10,22,18,8,3,4,1,4,7,9,9,6,15,11,13,10,12,9,15,16,14,12,11,10,7,7,12,12,
13,6,16,12,6,13,14,15,10,14,14,12,9,10,11,7,13,9,1,10,7,15,6,7,16,14,16,4,12,4,4,12,13,14,14,14,19,19,8,22,15,14,8,10,8,0,6,13,0,9,5,13,9,17,14,14,11,4,5,5,12,14,14,8,8,7,8,7,7,7,8,9,17,9,7,17,12,14,17,14,15,15,12,10,8,10,8,7,7,12,12,17,11,6,7,6,8,7,9,11,10,11,16,16,16,12,9,15,3,3,11,12,11,9,6,9,9,7,9,10,16,17,14,14,17,9,13,14,12,12,8,8,10,1,8,16,16,4,8,7,13,15,16,15,19,9,16,8,17,10,12,11,12,5,18,14,13,8,13,7,7,5,5,4,4,7,7,7,7,11,5,14,10,8,8,1,10,11,13,9,14,14,7,13,10,9,11,8,14,18,7,5,4,7,7,9,16,15,18,11,9,13,11,10,8,12,4,7,11,13,11,13,15,17,18,11,14,10,15,14,19,16,10,19,16,21,23,9,8,8,15,15,4,4,3,2,13,12,10,9,16,8,14,12,12,11,13,17,15,16,10,12,12,8,14,13,
13,6,7,6,7,14,14,9,11,11,14,14,15,16,9,10,13,9,9,4,8,8,8,15,19,16,16,4,4,5,4,7,4,12,7,14,15,11,8,8,13,15,12,8,11,9,10,7,8,10,12,2,14,19,14,8,14,9,7,5,13,13,13,2,13,9,13,21,5,8,11,9,9,17,17,17,4,13,14,15,20,6,15,11,13,8,8,8,8,9,10,9,13,12,7,8,13,7,11,12,11,11,15,16,4,17,15,11,14,11,12,11,13,12,8,16,9,8,15,10,12,15,12,10,18,17,13,8,6,9,18,13,18,11,12,12,13,10,17,13,13,16,16,13,19,16,13,9,18,11,14,12,15,5,4,13,14,14,13,8,11,9,6,7,6,6,7,8,5,12,9,6,7,2,2,2,17,12,11,10,10,11,15,16,20,13,15,9,12,18,16,7,8,7,9,11,15,16,18,13,9,9,13,11,12,7,12,10,14,14,13,14,14,15,9,11,12,12,12,4,15,14,17,11,21,21,23,18,21,7,14,15,5,5,15,14,4,13,9,10,15,15,15,13,9,13,14,13,16,17,11,15,14,13,13,14,
18,17,14,15,8,11,15,8,10,11,14,15,9,13,13,13,13,20,11,9,8,10,9,12,8,18,17,15,12,17,5,11,7,6,13,9,16,16,17,11,9,14,12,11,14,10,10,14,12,11,12,16,17,19,17,17,18,9,8,14,6,0,14,15,20,14,14,9,10,7,10,11,10,13,18,9,15,20,14,4,7,6,20,11,5,13,11,9,10,9,10,11,12,12,13,5,14,9,8,14,8,6,13,13,13,12,17,14,15,13,13,12,14,13,11,10,15,9,12,17,11,15,13,12,11,18,10,8,10,11,10,14,13,14,10,11,16,6,17,12,12,14,13,16,14,13,12,16,9,13,18,15,15,19,15,14,16,15,16,20,10,12,6,6,10,5,6,12,15,13,13,15,9,18,8,12,18,5,4,11,11,11,14,20,11,14,17,16,16,16,18,17,4,8,10,11,10,16,19,17,14,13,16,10,13,13,8,13,9,14,11,14,14,15,10,2,14,13,12,18,15,20,14,13,20,19,21,22,22,8,15,6,13,6,16,9,4,13,15,10,19,14,14,14,15,13,17,18,13,17,18,14,13,15,14,14,
19,16,14,13,17,17,13,11,8,12,11,12,14,10,14,11,13,19,20,4,17,10,9,11,13,13,16,9,13,11,10,8,6,11,13,9,19,14,16,19,12,13,13,11,10,15,14,14,11,12,12,7,4,18,19,17,13,16,10,9,16,18,15,10,16,21,10,19,10,8,12,6,10,11,12,8,16,24,20,6,17,17,20,12,12,11,14,12,13,13,15,10,15,13,13,17,6,11,15,14,7,13,14,14,12,13,18,14,14,14,14,13,11,11,12,11,12,14,18,15,13,14,9,12,12,12,12,10,10,10,10,14,14,16,7,15,9,10,13,13,21,14,20,16,12,14,13,16,8,14,8,20,18,20,12,17,15,15,16,21,12,11,13,8,7,16,13,13,12,13,10,15,10,15,12,12,7,11,15,14,12,13,17,15,21,12,12,14,15,17,17,9,18,6,11,19,10,16,8,18,17,13,15,9,13,13,11,15,12,14,15,15,13,2,11,2,15,19,13,16,16,21,15,19,21,22,18,19,21,14,9,8,10,13,17,9,9,14,6,19,19,16,15,15,17,16,15,14,18,16,12,14,13,14,15,14,
14,15,14,9,10,13,13,10,9,9,13,7,7,14,14,12,13,13,18,10,5,11,10,10,18,17,17,15,10,10,10,6,6,13,12,14,18,15,10,17,10,12,12,17,14,11,14,13,14,14,13,14,17,5,18,14,14,12,17,21,17,2,12,12,11,11,16,21,8,8,17,10,8,11,14,13,18,23,8,17,18,16,15,21,16,11,12,18,7,14,13,17,13,13,14,14,17,15,17,16,8,13,15,12,15,16,18,15,15,18,17,16,13,11,19,11,17,15,16,14,14,14,9,10,8,10,14,12,11,7,11,9,7,17,8,16,18,11,19,24,12,23,22,15,16,13,11,19,15,9,9,9,10,11,13,13,15,15,16,16,13,15,11,19,15,18,17,13,13,10,12,12,17,20,8,13,7,13,9,15,14,17,15,18,18,15,18,17,17,14,11,17,10,16,11,19,11,8,6,9,7,16,10,9,19,14,15,14,16,16,13,14,14,13,13,3,11,19,20,11,17,14,18,19,7,16,10,20,21,20,9,13,10,11,11,13,15,15,6,22,21,15,16,16,15,17,14,18,15,16,17,13,16,14,15,15,
16,16,16,11,11,14,13,11,16,10,12,10,14,13,15,13,13,11,18,20,23,11,7,15,8,20,15,16,8,10,6,7,15,12,14,16,14,14,10,18,15,12,14,12,17,14,11,14,15,11,14,14,14,16,16,18,16,13,19,19,19,3,3,13,17,11,16,19,14,9,12,16,7,8,19,16,19,5,23,9,17,19,16,15,16,14,11,8,14,7,9,7,12,13,17,14,13,14,15,11,17,11,15,12,3,15,15,16,19,12,11,11,9,12,12,14,12,18,15,16,15,14,16,14,12,12,13,8,13,10,6,17,15,8,14,18,23,11,7,25,9,23,22,21,17,15,16,18,16,12,10,10,11,11,16,17,14,15,18,13,13,15,19,19,20,18,14,15,16,13,19,13,16,12,15,9,12,14,14,17,16,14,20,19,18,15,13,20,18,16,12,13,11,11,11,12,10,14,9,7,7,16,10,7,19,11,16,16,18,16,16,10,12,14,14,16,12,8,10,19,19,14,21,19,16,16,23,20,20,10,7,8,14,9,12,14,11,15,16,22,13,21,15,16,18,15,15,16,16,16,17,13,14,16,16,16,
16,17,7,13,13,13,15,14,10,15,14,15,15,17,11,10,18,12,14,21,22,11,7,9,15,9,13,16,9,16,10,8,7,10,16,12,11,15,17,15,16,7,14,14,16,13,14,12,15,18,13,15,14,15,9,16,16,17,14,3,16,19,4,5,16,16,15,19,20,14,14,18,17,22,19,17,18,24,23,23,19,19,20,16,15,16,18,12,14,6,9,10,9,15,17,20,13,15,15,12,15,16,12,16,16,14,17,15,14,19,11,10,9,10,9,15,16,11,21,16,15,17,15,15,10,12,8,9,11,10,7,19,14,12,12,13,9,7,13,10,10,24,22,23,22,14,14,18,19,13,22,18,16,12,21,18,17,16,16,17,19,18,21,19,7,20,15,16,16,15,14,18,19,14,15,16,10,15,15,19,17,16,15,21,20,16,18,14,19,13,14,14,12,11,11,12,10,14,9,8,6,7,11,8,8,17,13,11,17,17,17,12,13,17,17,17,17,9,10,18,20,15,20,15,12,15,18,17,14,21,8,9,9,11,14,18,12,19,16,23,23,24,23,16,17,17,15,14,14,15,12,14,12,17,16,17,
19,15,7,19,13,13,14,13,16,13,14,14,16,13,11,15,16,19,14,14,15,27,11,12,9,20,16,14,9,16,10,10,7,10,16,15,13,11,18,11,16,12,8,16,13,14,13,14,13,12,12,11,15,15,10,15,17,19,19,14,19,3,17,20,16,18,16,16,20,13,14,11,18,11,22,8,17,14,22,20,20,11,18,19,15,16,20,19,20,8,14,19,17,14,20,21,16,22,16,15,16,16,15,14,4,14,16,18,15,22,22,12,11,24,14,15,15,23,12,22,17,18,16,15,10,13,11,15,12,10,18,20,14,14,13,20,20,15,14,21,23,11,17,14,19,15,16,17,20,20,23,18,19,19,12,17,19,18,17,19,18,19,17,23,19,7,17,15,15,13,20,10,13,12,16,15,16,10,18,17,17,17,16,19,14,17,15,20,13,11,11,15,15,16,14,13,14,18,10,18,7,18,17,13,16,13,14,19,13,17,17,13,13,16,18,16,18,11,16,15,19,17,21,18,15,16,20,18,19,18,12,17,13,14,15,17,18,20,17,20,18,23,19,17,15,17,17,14,17,16,15,13,15,14,16,17,
18,19,18,8,16,13,13,10,15,13,13,14,18,12,17,16,17,17,19,16,17,20,27,14,13,17,21,15,15,9,15,15,11,11,15,17,15,12,12,13,13,15,17,17,12,13,14,14,13,13,18,12,12,15,15,19,17,19,19,20,19,16,18,20,17,16,16,17,19,14,22,11,12,13,23,8,8,19,9,16,20,11,21,20,17,14,13,13,21,22,11,18,19,18,15,21,17,16,19,16,18,17,18,15,15,20,15,15,16,22,23,14,12,24,16,20,15,21,20,24,21,16,17,14,11,14,17,15,12,16,13,13,18,15,14,20,21,12,21,12,23,20,17,23,23,20,18,18,21,22,15,23,22,14,26,22,25,17,18,19,16,23,19,15,20,18,17,21,17,12,20,11,11,20,17,17,17,17,17,15,18,19,18,19,21,15,18,11,13,12,16,16,16,17,15,11,15,17,9,21,8,8,17,17,17,15,14,19,10,10,18,14,12,17,17,11,17,16,12,17,13,18,17,19,18,11,20,13,19,23,14,13,15,13,15,13,17,19,15,21,22,20,24,19,16,16,18,20,16,15,15,17,13,15,16,14,
10,15,19,19,15,20,14,11,15,16,18,15,19,17,12,18,19,18,13,17,16,27,29,27,16,20,18,12,16,12,14,14,20,19,10,18,15,13,14,14,16,16,16,16,14,14,13,21,14,14,15,15,16,15,19,12,19,15,14,19,17,12,21,20,22,17,17,20,21,17,13,24,22,11,23,23,9,20,10,20,16,22,18,23,10,11,15,15,15,20,12,16,19,22,20,19,18,18,22,19,24,18,22,18,20,20,18,27,27,24,24,24,13,12,13,12,15,18,21,14,22,12,13,15,11,14,9,15,16,13,15,23,20,18,24,11,23,22,22,23,12,12,22,19,13,23,20,19,19,15,20,15,21,23,24,15,11,18,18,16,17,21,20,19,21,24,19,22,18,21,13,12,11,20,20,18,17,21,18,18,16,21,16,19,17,21,13,19,14,13,15,17,17,14,16,17,11,17,20,19,19,19,10,18,19,16,16,17,11,10,16,13,17,13,17,18,12,22,13,15,14,13,18,18,16,12,21,22,14,22,14,14,18,15,15,15,14,16,20,21,20,21,21,21,18,18,18,15,18,19,22,16,18,15,15,15,
10,12,16,18,20,21,14,15,18,16,25,15,18,18,11,11,8,15,18,11,13,28,11,29,19,15,13,13,13,13,18,14,20,10,20,9,17,17,16,17,14,16,16,18,18,15,16,17,19,15,15,12,15,16,15,19,16,18,16,15,12,13,13,16,17,23,20,20,12,20,20,16,16,16,12,23,9,22,10,21,17,17,19,23,14,10,11,11,15,25,12,24,18,23,21,19,19,20,18,20,14,21,18,19,15,16,18,19,25,23,19,24,12,14,25,13,16,20,19,23,22,21,15,13,15,12,11,13,20,16,18,23,25,19,16,12,26,24,23,14,13,21,19,17,14,17,25,18,20,20,19,17,16,17,19,18,18,12,19,20,19,21,17,18,26,24,20,25,17,23,21,16,12,11,20,21,10,12,15,11,16,13,15,18,17,17,17,17,17,13,16,17,17,16,15,14,15,22,18,18,22,16,11,11,20,19,18,22,18,20,14,14,15,19,21,19,18,12,16,16,16,20,14,16,15,17,12,13,17,14,15,15,19,16,19,15,16,18,21,22,22,23,22,21,20,19,14,15,16,19,18,19,18,17,16,16,
24,16,20,17,14,22,13,15,23,17,19,25,17,19,20,15,9,14,17,11,15,13,16,28,29,19,22,13,20,12,17,19,14,26,21,24,17,20,17,16,12,16,11,20,19,15,17,16,17,21,22,13,14,15,13,17,16,16,16,16,18,15,27,17,22,17,19,9,12,21,21,23,17,16,19,13,25,26,24,25,25,12,13,14,20,15,11,15,15,24,25,21,24,18,22,21,20,25,19,25,26,19,22,20,19,16,19,20,25,26,22,18,13,11,14,26,15,19,21,17,20,23,17,15,13,20,12,16,14,19,17,16,26,20,26,12,20,27,23,23,14,25,22,22,19,16,16,22,23,20,20,21,16,18,17,17,18,18,20,14,11,19,18,25,21,16,24,26,30,26,22,21,16,13,20,13,13,12,20,12,22,16,17,16,18,18,17,18,19,18,16,17,18,16,12,19,18,21,19,18,19,18,20,11,11,14,10,23,22,21,14,22,15,13,16,21,18,20,16,14,24,25,21,24,19,24,13,14,18,18,18,18,16,22,16,16,18,23,21,21,22,23,22,22,20,21,15,16,21,17,18,19,21,18,17,17,
16,19,20,16,16,15,17,14,16,17,20,17,27,19,21,16,17,23,23,14,13,15,17,19,30,17,11,13,20,13,18,18,15,19,14,14,13,25,19,20,12,16,15,22,19,18,17,17,16,20,21,22,15,17,14,19,17,17,17,19,18,17,22,23,20,22,19,19,12,17,26,18,16,16,24,20,19,16,26,26,15,27,13,22,20,18,17,13,19,15,26,10,26,24,16,13,21,21,22,25,26,23,18,21,19,16,19,20,27,16,23,12,12,12,24,15,24,20,23,19,21,23,18,14,14,15,18,21,18,21,20,17,17,27,12,27,20,29,26,26,28,26,23,23,20,17,22,16,24,20,18,19,23,20,15,17,18,18,16,14,12,20,24,19,21,17,23,19,20,27,14,17,17,12,19,13,20,18,13,20,15,18,22,18,21,15,20,19,15,15,18,17,18,13,13,19,21,19,20,20,20,20,23,11,11,12,11,25,24,23,17,22,23,15,15,21,19,12,18,16,25,14,26,21,20,23,25,13,14,18,19,19,21,23,23,18,18,22,21,14,21,26,25,23,21,17,16,16,16,21,18,20,25,17,26,17,
18,17,16,17,18,15,18,18,15,16,27,18,26,20,22,17,22,26,18,14,14,16,15,13,13,22,13,12,23,24,24,21,22,13,15,21,14,21,19,20,20,13,15,21,24,19,21,23,11,19,17,17,20,20,17,22,18,23,24,20,27,22,18,23,24,22,22,20,21,18,19,18,24,26,26,21,21,14,17,17,21,16,14,12,13,19,17,13,18,16,26,18,22,26,17,14,16,22,23,22,26,22,19,19,22,20,20,22,18,21,17,18,23,15,15,18,16,20,16,16,20,20,19,17,14,18,19,22,25,17,21,18,20,21,27,13,18,28,27,27,29,27,23,25,22,24,16,19,17,23,20,20,22,21,23,18,16,18,17,14,24,13,25,20,26,25,24,23,26,20,21,16,22,13,15,15,19,20,16,20,21,16,16,22,16,17,19,21,19,17,17,18,15,18,15,22,21,18,22,12,20,21,11,11,12,12,12,18,25,24,19,25,16,15,16,16,14,13,14,18,15,16,21,24,21,24,23,22,20,19,21,16,19,27,19,22,16,19,16,15,17,22,16,25,16,25,16,16,16,19,19,21,26,27,27,27,
13,21,18,18,20,20,18,16,15,20,17,25,27,24,21,23,18,23,15,25,17,23,14,14,19,23,13,20,23,17,24,21,20,14,13,19,23,18,20,19,21,16,19,22,20,21,22,24,23,18,12,18,18,21,20,23,19,24,25,22,27,25,23,19,18,24,21,22,22,18,20,20,19,22,27,19,23,15,22,17,17,16,18,21,13,13,16,14,22,19,24,17,22,25,15,14,24,23,22,15,15,27,26,19,20,20,30,22,22,28,23,18,18,23,24,13,17,17,21,25,25,21,21,21,22,20,23,23,23,19,18,18,21,21,22,19,19,20,29,27,30,29,20,19,23,23,24,16,18,22,16,24,21,20,24,29,27,17,27,26,26,25,24,17,25,25,26,20,26,21,17,17,26,18,15,14,22,16,21,21,13,20,19,14,13,21,15,15,19,17,18,19,18,16,15,18,31,23,12,21,22,20,20,12,25,21,14,19,21,20,21,25,20,17,17,17,20,14,24,18,23,23,24,22,24,22,20,23,21,22,22,22,19,21,22,16,17,16,17,18,18,22,26,21,21,23,25,20,17,23,23,27,28,26,27,28,
17,20,22,21,19,19,19,19,19,16,17,28,17,24,22,21,23,15,17,19,18,22,22,15,24,22,21,14,18,17,17,24,20,15,16,19,15,17,21,19,22,15,20,19,18,26,21,24,23,13,19,18,19,16,21,19,24,26,25,27,18,23,26,26,26,19,20,22,22,21,23,15,23,24,24,15,21,19,23,25,18,16,18,14,14,16,13,18,23,23,17,18,18,19,20,15,15,22,23,15,16,20,24,20,21,21,22,22,22,29,23,24,19,24,31,14,21,22,23,26,26,25,22,23,17,22,21,19,24,23,20,19,21,21,20,22,22,22,22,22,20,30,28,21,18,16,24,22,23,23,22,17,19,23,24,25,25,27,21,26,16,26,22,21,19,25,21,22,24,24,22,26,17,23,20,16,13,14,17,23,21,20,20,21,22,20,16,16,21,20,21,22,18,21,16,19,30,21,25,18,21,25,25,25,26,26,14,22,22,21,23,25,25,20,17,16,20,24,16,25,25,23,19,24,24,27,24,21,21,28,22,21,20,21,24,22,26,17,23,22,18,25,20,24,16,24,25,20,21,25,24,25,30,28,27,28,
18,20,23,22,20,20,20,18,17,12,21,18,18,16,24,25,21,22,19,16,26,25,27,23,20,23,25,22,21,27,18,22,20,21,24,21,22,27,18,24,24,24,17,21,20,26,22,22,24,19,19,22,19,22,20,20,21,19,19,24,18,18,24,28,20,21,21,24,22,27,22,24,26,24,24,16,18,23,17,16,22,18,15,19,15,15,15,23,25,23,21,20,19,19,21,17,18,22,24,24,21,22,27,24,28,22,25,29,24,23,25,24,23,24,23,31,32,18,22,22,19,27,25,24,22,23,24,25,21,24,25,19,18,18,21,18,25,22,23,25,23,21,22,22,19,23,17,22,23,24,16,18,20,22,20,24,22,24,22,22,22,27,22,23,22,25,19,23,22,18,21,23,19,17,20,19,14,22,14,23,13,23,21,21,14,22,20,17,21,25,23,25,21,24,21,19,22,25,26,18,25,27,25,24,24,20,14,23,22,23,20,22,25,24,21,22,19,25,25,25,22,23,24,25,25,25,19,25,23,20,24,20,25,23,27,27,25,26,20,20,21,18,21,24,19,27,26,26,25,25,27,24,26,27,29,29,
22,19,20,22,32,22,21,18,22,18,27,17,24,17,25,22,22,21,26,16,25,22,27,23,21,22,22,23,23,28,27,29,19,15,24,17,13,14,14,23,25,20,25,17,20,18,20,25,23,20,25,19,20,22,21,16,21,24,19,18,19,24,15,26,30,29,19,25,25,19,20,30,21,26,25,21,18,18,18,17,16,18,18,16,16,18,19,22,26,24,17,22,22,19,22,18,18,19,22,20,21,25,22,24,25,27,25,24,27,24,23,25,22,25,29,26,22,30,23,22,23,23,23,23,17,23,24,23,25,22,23,19,20,20,20,19,18,24,24,23,26,22,23,25,25,23,24,22,23,20,21,18,26,25,25,24,23,25,25,23,23,22,22,24,18,24,18,21,22,25,25,19,22,21,21,20,14,15,23,15,29,22,21,26,15,26,24,22,21,22,25,23,21,23,20,23,17,22,30,26,19,25,27,25,23,20,22,22,33,28,20,20,25,23,26,16,19,19,17,25,25,23,24,22,25,23,23,20,22,23,21,22,21,27,24,27,23,20,18,21,24,20,25,19,24,27,26,26,27,29,28,24,27,27,29,29,
17,23,23,22,21,31,22,30,30,28,28,18,25,25,18,27,22,22,26,22,26,26,28,22,24,22,22,26,25,18,24,23,22,30,23,17,23,16,14,22,23,23,20,21,21,20,22,20,25,22,19,20,20,24,27,17,19,20,19,19,20,24,24,21,30,17,24,24,18,24,23,23,22,24,22,28,19,18,20,24,18,25,19,21,19,23,19,16,24,27,25,24,23,24,23,22,22,26,20,22,21,25,25,25,26,29,28,24,24,28,24,21,25,21,26,31,31,31,24,23,25,24,24,25,24,20,18,24,25,24,22,22,21,24,21,24,20,24,25,20,18,27,21,24,24,21,25,21,26,21,22,16,22,25,26,21,22,20,25,26,25,20,23,22,22,18,19,20,22,23,26,20,22,21,24,23,25,28,27,26,23,26,23,22,25,27,23,28,23,22,22,22,22,20,20,26,25,18,33,22,21,25,23,25,24,23,33,22,23,23,24,25,26,27,28,23,23,17,17,18,22,26,25,24,24,22,24,25,20,24,22,22,22,28,28,24,27,27,21,26,25,25,25,20,20,24,30,26,30,29,29,19,25,30,30,30,
25,24,24,22,22,20,20,31,17,27,27,29,21,20,26,21,24,24,25,24,23,22,29,29,23,24,23,24,20,20,20,23,23,25,24,22,24,19,17,23,24,24,22,22,23,24,23,21,20,27,22,20,20,23,23,20,20,20,31,21,19,27,25,18,25,18,21,25,26,18,23,23,23,18,21,22,22,21,22,22,24,24,26,23,20,20,24,23,27,23,26,17,26,24,25,18,29,26,26,20,22,21,19,25,24,19,27,24,25,25,26,22,21,21,34,22,28,23,27,27,22,21,27,25,25,21,25,27,26,27,26,25,21,25,26,25,24,23,24,22,21,22,22,22,22,22,26,21,23,28,23,23,22,24,18,21,23,21,23,26,26,23,23,24,27,19,25,22,23,22,23,24,22,23,23,25,26,26,16,24,26,26,22,24,24,26,27,24,27,24,25,25,27,20,32,26,22,34,23,23,22,22,27,26,20,25,23,23,25,23,31,20,26,28,25,27,25,25,28,23,20,26,26,24,25,23,24,20,23,22,24,24,22,22,27,27,28,29,27,27,26,24,26,22,21,25,24,31,30,27,30,30,28,29,28,28,
22,24,30,29,24,30,20,20,21,21,26,22,27,20,27,28,22,24,29,25,24,23,27,20,23,23,19,24,21,22,20,21,25,26,25,23,23,17,19,24,25,21,22,24,22,22,22,21,20,28,28,22,22,23,23,32,21,21,22,20,30,21,26,26,26,19,25,24,19,25,29,25,24,22,22,28,23,21,22,25,16,21,26,22,21,25,23,24,23,22,18,20,27,20,21,19,24,25,26,33,21,22,20,25,29,24,27,20,28,27,26,25,22,22,34,23,25,35,25,25,27,23,27,30,29,25,27,28,26,23,24,27,22,26,24,26,25,22,23,22,27,24,22,25,21,23,23,27,24,17,24,25,27,18,25,19,33,24,24,25,27,24,22,26,29,27,24,24,23,23,23,24,21,21,24,27,25,23,26,21,23,24,27,25,25,24,26,22,27,28,25,26,26,20,20,33,29,25,24,15,23,23,23,20,21,21,20,23,21,23,24,32,29,21,28,28,22,19,28,26,26,27,27,25,26,24,27,20,20,25,25,25,24,28,22,24,27,24,22,25,28,26,30,24,23,27,31,22,20,21,28,29,31,20,30,29,
23,22,24,27,24,31,30,23,17,22,26,25,28,26,21,32,27,28,28,26,25,26,27,21,23,23,24,25,21,24,26,27,23,26,30,23,17,22,25,29,21,22,22,23,24,23,23,23,22,22,20,16,22,23,19,24,25,29,23,25,27,23,26,27,24,19,24,20,20,31,29,25,24,22,23,28,28,27,22,25,25,27,21,22,21,25,21,24,24,19,19,21,17,21,20,20,19,22,21,19,22,30,22,30,30,24,27,21,24,27,22,21,20,23,34,26,26,34,25,33,29,31,25,28,29,28,25,26,27,24,23,24,23,23,24,26,24,23,25,24,23,23,23,25,26,18,22,28,28,17,18,17,19,27,25,26,17,20,18,23,25,26,23,29,27,24,25,26,25,18,24,25,22,22,23,26,26,23,24,29,21,28,24,23,22,28,27,22,26,29,28,26,28,23,23,21,28,20,28,29,25,16,22,22,22,23,20,22,23,18,24,23,32,22,29,23,23,22,20,22,20,28,29,30,28,17,29,21,21,23,24,28,25,25,24,25,28,24,22,22,23,27,29,24,23,23,22,23,21,23,22,20,30,31,22,30,
24,25,25,31,23,32,27,21,22,34,27,29,29,29,33,32,26,29,28,27,27,23,27,28,26,25,24,29,26,28,24,27,23,26,28,23,24,24,26,31,23,22,24,24,25,27,24,23,23,25,23,24,23,22,28,20,26,22,23,26,24,28,22,28,29,25,22,22,22,30,28,29,33,27,24,24,27,27,27,25,25,24,27,22,22,26,22,23,24,22,21,20,25,27,23,23,20,36,21,21,32,31,31,31,31,27,26,27,25,21,22,23,28,27,28,26,22,37,26,37,28,29,31,26,29,29,26,27,23,24,24,28,22,25,25,22,30,24,26,24,24,27,23,24,25,20,24,27,19,18,26,28,27,18,25,18,18,20,24,26,21,25,26,26,30,25,26,27,26,27,19,25,25,26,24,24,26,26,23,26,23,21,23,24,24,28,32,23,30,23,26,31,23,23,28,22,27,21,25,29,25,25,25,26,23,20,20,20,23,19,23,25,21,22,24,23,23,24,23,28,28,29,18,30,26,29,23,28,25,24,22,24,26,25,24,25,27,25,28,26,24,27,24,22,23,24,24,24,29,24,24,22,22,22,20,21,
28,26,25,24,31,24,23,28,28,20,30,35,30,29,23,32,32,28,26,31,24,24,27,29,28,20,24,29,29,28,25,22,27,27,25,24,24,23,25,30,29,23,23,26,19,24,27,23,25,19,22,24,22,20,27,20,26,23,24,26,25,22,28,24,27,24,28,27,28,23,27,30,32,30,23,24,24,26,26,28,26,24,28,23,25,25,29,26,24,17,21,20,19,25,25,24,22,34,36,33,29,32,25,27,31,28,29,26,26,29,22,22,28,28,29,29,27,27,38,24,29,21,32,21,23,30,30,21,22,24,25,29,24,21,25,23,24,31,28,23,28,27,29,24,29,19,24,28,31,19,25,26,29,28,24,28,20,20,25,25,25,26,27,26,25,26,26,26,27,20,19,26,30,27,25,25,27,27,24,24,25,20,23,23,32,29,28,31,32,24,24,31,26,36,25,28,28,29,21,27,26,26,25,25,26,25,21,27,19,28,21,25,24,22,24,18,22,25,23,21,23,28,30,28,26,29,26,23,28,24,27,25,23,26,27,25,26,24,28,26,26,25,30,24,24,24,27,24,24,27,25,23,26,22,22,22,
25,23,27,28,26,26,29,27,28,29,21,19,37,30,23,33,33,26,27,27,30,25,28,22,27,26,25,34,24,29,26,23,23,25,28,24,22,26,26,27,27,26,25,22,25,23,27,24,25,24,33,23,24,22,30,28,22,24,23,24,29,26,29,25,28,28,24,25,29,23,32,31,31,29,31,25,26,27,26,27,25,25,25,25,25,25,25,27,27,20,28,21,20,26,23,25,22,34,34,33,29,30,30,28,30,30,31,28,19,28,24,28,23,29,29,28,20,24,21,25,25,31,30,28,28,23,21,29,29,26,24,25,25,25,26,24,24,20,26,30,29,24,26,27,30,30,30,25,31,32,26,33,28,28,24,21,28,27,23,26,26,22,27,27,25,25,26,28,29,22,23,31,31,31,27,26,27,26,25,28,23,27,24,24,32,35,29,36,23,30,29,26,26,35,36,24,39,36,34,29,22,27,28,27,27,30,30,27,30,28,32,21,17,24,23,24,23,24,25,26,26,29,26,26,29,26,30,28,25,24,23,24,24,31,24,29,24,25,24,29,25,26,32,29,29,28,26,28,28,26,28,23,23,23,22,22,
30,22,28,28,25,26,29,29,31,27,29,27,29,26,24,36,25,27,28,27,27,27,28,24,22,31,31,27,33,26,30,27,24,26,23,25,25,24,26,27,28,28,27,27,26,27,26,23,24,24,25,27,22,30,30,30,38,24,24,22,21,29,26,26,29,28,24,32,26,30,24,27,24,31,28,25,33,28,23,28,26,26,26,24,24,28,27,28,31,21,20,29,21,27,23,23,23,17,36,35,24,31,31,30,29,29,32,32,29,21,23,28,20,30,31,30,20,25,22,28,27,29,31,30,29,22,19,29,28,31,25,25,25,25,26,27,26,26,19,26,27,25,27,28,28,28,31,27,29,29,25,26,30,30,25,33,29,28,25,23,24,31,27,27,27,25,31,26,26,30,24,23,24,32,26,27,26,27,22,29,35,24,27,28,35,34,38,37,37,25,30,29,25,26,29,37,36,37,35,35,35,28,23,29,26,32,30,28,19,20,23,22,23,19,25,24,24,26,29,25,22,25,27,31,26,26,27,32,30,35,24,24,26,24,25,30,29,25,26,23,24,31,32,31,31,24,24,25,28,27,27,25,26,25,23,24,
27,23,23,29,30,26,29,32,31,29,22,21,29,37,28,24,28,27,24,27,28,30,30,24,25,25,26,27,26,27,22,27,28,28,28,32,26,35,25,29,26,33,33,33,29,28,27,25,24,28,29,34,27,29,31,27,36,37,25,23,25,25,27,27,26,29,29,25,27,29,27,26,35,26,25,31,29,29,24,28,22,28,28,32,25,27,26,29,33,31,24,28,29,28,27,24,24,24,17,27,28,17,33,31,35,32,33,36,22,30,29,28,31,31,25,29,31,30,23,24,23,23,30,23,30,22,31,19,29,26,25,26,27,26,26,25,24,31,26,27,27,29,28,33,28,34,29,36,34,28,25,26,30,30,31,34,31,21,25,28,22,27,30,28,27,27,31,32,27,31,32,31,31,30,25,27,29,24,25,29,35,36,23,27,35,35,37,38,26,25,26,25,25,25,29,27,36,37,38,28,28,29,31,30,29,30,32,28,33,20,30,29,22,25,25,32,25,30,29,29,29,27,25,25,28,27,30,28,31,30,29,29,26,26,30,29,31,31,29,26,32,24,29,25,31,25,25,26,28,28,28,29,27,27,25,25,
29,25,24,29,28,26,30,25,29,28,25,24,23,22,26,30,31,29,29,24,33,31,31,30,25,27,25,27,27,22,23,27,29,34,33,34,33,36,26,27,27,36,34,34,27,31,29,28,26,24,29,29,28,32,32,29,30,34,29,25,27,26,23,28,26,24,30,26,28,25,26,28,35,36,26,31,31,30,28,25,23,25,28,27,28,29,24,28,30,29,35,29,29,30,28,33,31,24,36,27,28,27,29,32,32,25,33,36,30,25,32,28,30,32,28,27,31,29,26,25,30,27,25,25,28,23,31,22,29,31,29,27,27,28,22,25,33,31,27,24,28,28,28,36,26,33,35,36,35,27,37,27,27,31,32,31,30,31,22,22,25,27,30,30,30,31,27,33,25,32,33,35,28,30,26,26,26,29,23,25,24,24,31,23,27,27,26,38,28,26,24,34,28,28,28,23,37,35,39,34,38,29,28,32,29,30,31,25,33,25,35,24,22,25,29,33,38,27,21,31,29,23,23,27,26,27,32,32,30,31,29,30,29,27,30,30,33,31,28,28,25,27,27,32,25,32,27,27,26,29,31,30,30,28,28,28,
25,24,28,24,29,27,34,25,29,25,31,32,23,33,26,34,29,32,28,29,26,26,25,30,36,29,27,25,28,30,32,28,29,29,29,30,29,31,27,28,29,24,26,26,25,29,29,29,27,33,32,34,30,29,28,36,30,35,29,30,27,27,29,28,33,28,27,26,27,28,26,35,35,36,38,27,32,29,31,30,26,26,26,28,30,35,25,31,30,27,32,36,32,31,28,33,32,33,25,36,32,30,31,29,33,29,27,27,32,33,32,23,30,32,35,27,27,32,30,31,31,28,28,27,26,28,31,29,30,31,29,26,27,27,26,23,25,32,34,27,27,28,29,34,27,28,29,30,29,27,38,28,28,28,27,31,31,32,33,30,28,28,28,30,31,32,35,27,36,27,26,34,29,27,31,29,31,27,25,27,27,24,32,24,30,29,29,29,27,27,27,25,30,30,29,22,30,28,29,35,27,30,30,29,24,29,32,26,26,28,26,35,24,37,26,29,37,28,35,34,23,24,28,24,28,28,32,27,33,33,31,29,33,32,32,31,31,33,28,28,35,30,30,27,31,32,27,27,28,32,32,31,29,29,28,28,
28,29,28,29,28,24,25,26,30,27,27,33,26,29,34,34,35,33,32,29,26,30,26,28,30,30,28,26,26,26,30,33,28,30,33,35,32,34,34,38,30,25,25,25,26,27,30,32,28,27,33,33,37,35,29,35,26,36,34,32,30,31,30,29,33,28,27,33,27,29,28,32,37,36,39,32,32,30,33,29,31,31,28,29,25,29,35,31,31,32,33,28,32,30,30,28,29,27,28,23,32,32,28,30,31,36,28,29,32,30,35,32,33,28,27,36,28,28,29,29,27,31,32,28,32,28,25,28,27,31,31,30,27,28,25,27,24,25,28,34,29,31,27,27,28,29,30,30,31,30,29,37,31,29,32,28,29,34,33,34,39,30,29,30,31,31,30,30,37,29,27,28,30,27,30,29,31,32,32,31,27,34,25,26,28,30,29,27,27,28,27,32,32,27,31,29,22,29,21,36,30,28,30,27,24,25,28,29,27,29,29,27,29,27,37,28,32,32,36,35,23,25,34,25,33,29,30,33,33,34,29,29,29,33,32,32,31,35,30,29,31,29,31,31,32,30,29,26,29,30,30,33,31,30,30,32,
34,29,37,30,38,30,26,25,30,30,33,31,31,27,30,32,33,29,28,29,29,30,32,27,29,36,28,28,26,26,25,29,34,35,34,30,36,35,35,33,31,32,30,29,27,28,30,30,30,28,28,36,37,37,36,36,36,39,35,29,31,31,31,30,28,31,32,28,34,30,30,25,25,38,26,35,32,33,31,29,36,31,30,30,26,32,30,29,31,32,30,28,25,29,29,28,29,30,29,23,27,35,32,30,31,32,36,29,24,30,34,32,35,34,38,33,27,36,36,29,38,31,32,33,29,28,28,28,28,29,31,30,25,27,26,27,25,37,25,26,29,32,27,30,30,31,31,31,30,31,30,30,30,30,34,31,34,35,33,29,40,34,35,27,31,31,32,31,36,36,28,30,30,28,31,30,29,34,32,33,33,26,28,34,29,32,28,27,30,29,23,30,32,29,31,31,31,22,24,22,35,32,29,31,35,24,29,29,28,30,30,33,29,28,29,28,31,34,34,35,35,23,25,31,34,34,35,31,34,34,30,33,29,30,26,32,32,37,32,31,32,30,27,30,32,31,29,30,27,28,30,32,30,31,31,33,
35,37,38,40,39,39,39,26,32,31,33,34,33,32,34,28,29,32,30,29,31,31,32,33,29,26,38,28,27,27,27,27,34,34,35,26,34,34,35,31,31,29,29,29,27,32,31,32,31,28,28,34,37,37,32,36,35,37,31,39,38,31,30,29,29,30,30,27,26,34,37,32,25,26,33,34,34,36,30,30,31,37,36,32,34,29,27,28,34,33,32,29,31,31,29,34,33,33,29,30,31,30,30,31,32,33,35,25,27,25,25,28,32,35,37,34,26,28,28,38,38,24,31,28,31,30,25,30,35,34,30,28,31,32,33,26,28,27,30,26,36,34,29,29,31,33,32,32,35,31,32,37,32,31,31,35,36,33,30,31,30,30,28,30,24,31,29,32,33,28,28,32,31,29,31,30,31,30,35,37,32,35,29,27,28,27,27,27,28,24,31,27,25,30,24,24,25,26,22,24,32,26,36,37,31,26,25,28,30,30,30,37,32,29,31,37,36,36,36,34,37,33,23,36,32,35,30,35,31,35,32,32,31,30,30,27,27,30,32,31,37,31,37,32,27,32,27,32,31,31,30,32,30,30,30,32,
40,41,42,39,35,38,40,24,33,39,30,34,30,34,34,30,30,30,29,31,30,33,33,27,33,25,37,34,34,35,34,34,33,33,35,36,34,35,35,34,33,30,32,30,27,28,33,32,30,33,26,29,37,38,29,39,37,40,39,39,32,33,30,29,32,29,31,34,33,32,29,32,32,26,26,29,35,35,30,30,32,32,34,33,34,33,32,29,39,33,28,30,32,29,29,35,36,31,34,34,32,30,33,30,32,34,33,35,34,28,26,27,28,31,29,38,35,38,26,30,32,25,25,31,31,33,35,31,37,34,31,31,33,34,33,31,31,34,27,31,36,36,35,31,34,33,33,35,31,32,37,31,31,32,28,34,36,29,38,31,32,28,30,32,24,25,30,29,32,34,31,32,32,33,34,31,35,28,30,30,33,29,30,28,30,34,28,28,29,27,31,31,28,29,26,24,24,21,26,34,24,23,26,34,32,35,30,29,27,28,26,31,38,33,31,36,36,33,36,29,33,34,35,35,35,37,36,38,33,35,31,30,33,34,29,28,28,27,32,29,35,31,37,30,33,29,27,30,28,33,31,30,31,32,31,31,
34,37,42,39,37,40,36,34,34,37,32,31,36,35,34,34,31,30,32,36,35,33,29,35,34,33,37,34,34,33,35,32,34,33,38,33,37,34,34,35,34,34,32,41,33,28,28,33,28,30,27,28,28,35,29,32,39,42,30,40,40,36,34,32,32,32,31,31,39,30,31,33,32,33,27,36,34,36,36,37,32,36,32,33,33,34,28,32,34,32,29,34,32,29,30,29,32,32,33,33,39,32,32,34,33,33,32,32,33,33,28,28,34,27,31,36,37,38,38,34,27,39,37,32,32,36,33,36,36,35,32,34,38,29,34,27,38,32,35,35,36,31,36,31,32,34,34,31,32,32,24,38,38,35,28,35,34,36,38,38,29,31,28,32,25,25,25,31,34,33,33,34,32,31,32,34,32,34,25,30,31,33,38,28,31,31,34,31,30,29,27,28,25,24,30,23,25,25,22,24,31,24,25,28,37,38,30,31,31,31,30,32,31,32,33,32,33,28,34,30,34,33,36,36,36,34,37,33,32,32,31,31,32,29,34,29,28,29,32,29,39,32,31,30,28,29,30,28,29,31,31,31,34,32,33,32,
33,29,37,40,41,34,32,40,32,37,38,33,35,38,35,35,31,35,33,34,33,32,32,33,32,37,35,35,39,33,34,33,34,34,34,34,30,36,35,32,35,33,28,37,39,37,33,29,31,32,26,29,34,34,29,38,42,40,31,32,35,37,36,33,36,32,32,33,33,33,34,40,37,40,29,36,36,35,33,34,37,34,33,33,33,28,28,34,33,32,29,39,33,32,29,31,32,30,32,40,31,40,34,32,35,33,32,32,33,34,32,35,31,28,33,37,34,34,35,34,27,39,39,28,30,36,31,34,32,32,35,39,39,31,34,29,29,28,37,30,31,32,32,30,37,32,35,29,33,33,34,25,39,39,32,38,36,37,38,37,36,32,32,33,33,37,33,32,32,34,31,33,26,34,32,35,35,32,32,31,34,33,34,32,30,31,36,31,36,28,28,29,29,30,28,30,31,35,32,24,38,33,32,33,30,30,35,31,31,32,30,28,36,28,31,33,34,34,34,35,36,33,34,36,37,32,38,38,37,32,32,31,31,33,33,31,34,34,33,33,39,33,31,30,32,29,31,32,29,30,30,32,32,33,31,33,
34,34,34,36,38,37,39,38,37,38,39,34,34,37,38,31,35,34,31,34,34,32,34,34,33,37,37,39,40,38,34,36,34,33,36,39,35,36,36,32,32,29,29,31,36,37,38,33,33,33,32,34,35,36,36,35,42,42,38,36,35,39,38,35,34,33,31,36,37,41,33,39,35,40,41,35,34,36,35,34,37,32,32,34,33,35,34,38,34,30,30,31,31,36,35,33,33,31,32,33,34,35,36,36,33,31,32,35,31,34,33,34,37,32,36,34,35,31,35,36,28,39,39,29,29,32,36,35,33,30,34,35,41,40,36,35,30,29,38,35,37,32,34,31,37,37,37,34,34,34,34,35,40,40,34,29,37,34,34,38,36,29,32,29,33,34,36,33,32,40,34,34,34,36,37,36,31,33,33,32,34,33,28,34,30,31,37,39,33,35,28,30,36,32,26,28,29,34,36,31,39,33,29,35,38,31,31,31,28,33,32,32,37,31,30,34,31,36,36,36,38,37,30,32,31,34,36,39,33,38,37,32,32,32,35,34,34,34,34,34,37,34,32,33,31,30,34,31,31,29,33,34,34,33,32,34,
33,37,36,35,36,31,31,31,39,35,36,33,33,37,35,34,32,34,33,32,34,35,41,33,41,40,38,40,39,37,35,35,35,35,36,40,39,31,36,33,34,32,30,33,34,39,38,36,33,37,33,36,36,36,35,32,35,32,35,27,37,37,36,35,34,34,32,37,32,37,31,37,38,36,39,34,35,37,37,36,38,41,33,33,40,33,33,31,35,39,31,38,33,36,35,35,33,32,41,42,37,42,36,37,35,35,34,36,32,34,34,36,38,39,39,34,34,37,39,36,29,33,36,40,34,33,36,36,33,34,34,34,40,41,37,35,35,32,40,31,31,33,35,35,37,37,37,34,34,33,35,35,34,34,34,38,38,37,39,38,38,37,37,28,37,40,36,35,32,34,33,34,34,35,34,30,32,36,32,32,34,33,33,32,36,31,34,39,33,33,35,31,32,36,26,27,25,34,39,33,35,36,31,36,36,30,36,35,34,29,33,32,35,36,33,30,32,36,37,35,38,35,30,32,33,39,37,33,39,34,38,35,38,35,35,35,34,35,33,32,35,36,35,32,32,36,37,33,31,30,31,31,34,35,34,34,
36,38,37,36,38,30,40,31,31,36,36,35,34,34,36,37,38,33,33,34,36,36,36,34,40,40,42,40,40,40,38,38,37,41,40,39,40,34,32,33,35,33,34,33,32,33,37,32,38,35,35,36,38,37,38,34,38,33,36,37,29,32,39,37,38,37,33,35,34,35,35,38,38,38,39,31,32,37,34,38,32,38,42,33,38,33,33,41,38,37,38,38,40,33,41,36,41,37,44,43,39,35,34,37,28,29,32,30,37,34,34,35,36,33,33,36,34,37,40,34,34,36,39,33,34,34,36,36,35,35,36,37,41,34,40,37,37,33,31,41,32,34,39,36,37,38,34,36,37,32,34,32,32,35,33,35,30,38,38,38,40,39,31,29,35,37,37,39,36,33,34,38,34,35,35,38,33,33,34,32,33,33,33,36,33,33,37,34,35,33,39,38,31,30,37,28,39,41,33,34,38,37,32,29,34,37,37,35,35,30,30,33,34,37,31,36,38,34,33,35,35,38,31,37,33,35,37,34,36,37,35,39,30,38,31,37,35,34,31,31,35,37,32,36,29,39,39,32,35,30,31,35,33,34,34,36,
35,38,38,39,39,32,40,32,40,38,36,35,36,35,42,37,39,37,34,37,35,38,37,34,34,38,41,43,40,34,32,29,35,37,40,40,36,39,34,37,33,34,35,34,33,35,34,34,28,39,37,37,37,35,38,38,35,37,37,36,37,29,41,42,36,38,37,34,34,37,37,36,39,38,39,41,38,33,37,36,36,36,35,34,38,34,39,39,42,35,40,36,36,38,42,45,42,37,39,40,44,36,35,36,37,37,33,37,35,33,33,36,33,31,35,37,38,36,37,35,40,33,39,33,34,35,37,38,36,38,37,33,34,36,39,38,38,36,38,41,32,35,35,35,39,39,33,35,37,35,35,37,33,34,39,35,34,38,36,39,39,40,34,33,33,36,38,35,36,37,36,33,36,33,33,35,37,35,39,41,35,34,36,35,34,34,38,37,36,39,28,34,34,34,30,28,40,35,41,36,37,38,36,32,35,33,38,36,35,36,31,35,37,44,36,32,38,35,36,34,39,37,39,36,38,36,37,38,34,38,36,37,33,39,32,41,34,34,38,38,32,36,36,36,32,40,29,39,38,38,32,37,33,34,35,32,
36,38,33,40,40,39,40,40,42,39,39,41,41,36,39,44,40,40,40,40,35,38,37,37,35,40,39,44,35,35,30,30,38,38,37,37,41,41,40,40,41,34,35,32,34,35,35,35,44,28,29,39,38,37,36,36,37,34,30,37,30,36,42,43,42,39,39,38,37,38,37,40,40,39,39,35,39,37,36,35,37,37,36,36,36,40,37,44,41,40,40,40,40,38,39,44,43,37,40,40,42,41,41,37,38,37,38,39,38,30,34,33,35,34,32,38,33,37,37,36,37,40,34,34,36,34,31,38,40,39,38,34,36,37,34,33,39,38,37,34,33,39,40,40,39,39,34,31,37,40,38,39,37,38,34,34,34,35,37,38,42,40,40,37,34,38,36,38,38,38,37,36,37,34,34,35,34,35,32,42,43,36,38,35,34,34,34,39,37,40,41,34,32,35,31,36,39,40,36,34,34,38,37,37,37,39,34,35,35,35,36,38,38,37,37,37,38,39,37,38,32,40,36,37,36,39,36,37,37,30,38,37,37,29,35,33,34,34,40,41,35,33,33,34,37,30,29,34,35,37,39,33,37,33,35,33,
36,38,38,40,41,39,37,42,41,41,41,42,40,44,37,44,43,32,40,40,39,39,37,30,38,40,38,33,32,36,32,33,37,39,38,37,36,40,41,40,41,41,42,33,34,33,36,41,35,30,42,42,38,39,37,37,39,42,40,42,37,37,34,42,37,38,39,40,39,38,41,36,38,42,45,36,35,33,38,37,36,34,37,36,37,37,38,44,42,42,40,39,41,40,37,45,42,39,38,45,33,40,40,37,38,38,31,44,39,33,40,31,39,36,36,33,39,34,36,34,37,42,36,35,36,32,36,31,38,40,35,39,38,39,38,38,34,35,36,35,39,32,32,34,36,41,32,32,33,41,38,40,37,39,39,37,33,35,38,38,42,36,40,40,32,29,30,39,35,38,38,36,32,41,34,35,36,44,35,33,34,41,37,39,35,33,36,35,39,40,40,35,35,35,37,40,38,38,37,35,43,39,35,37,40,37,36,36,36,37,36,40,38,40,39,37,39,41,35,38,39,34,38,35,37,39,37,37,32,37,34,33,38,41,35,35,36,36,37,35,34,34,37,38,36,36,35,32,37,41,37,34,34,37,34,34,
41,39,38,39,39,39,37,38,42,43,44,38,37,44,37,38,41,40,41,40,38,38,38,37,34,41,35,40,33,34,33,34,33,38,35,37,36,41,42,34,39,40,40,36,40,35,42,41,40,30,38,42,42,38,40,38,41,38,37,36,36,38,32,43,38,42,34,41,41,40,39,38,37,33,41,37,36,35,44,38,37,37,41,42,39,38,41,40,41,38,40,39,40,40,41,39,36,46,39,41,39,35,40,39,37,40,35,33,44,37,41,40,37,44,39,35,34,36,35,32,43,41,36,37,40,33,33,37,39,40,35,36,38,39,38,39,38,35,36,36,40,40,36,37,37,35,39,40,32,41,41,40,34,38,40,39,43,39,39,34,43,43,35,36,42,30,37,40,38,36,39,38,37,38,34,35,35,35,36,44,43,41,41,33,35,36,33,34,41,39,38,34,37,35,35,37,37,42,37,38,39,43,39,36,41,40,36,42,36,41,38,38,39,42,39,39,36,42,44,35,40,38,39,38,38,37,35,37,34,34,38,39,38,32,36,37,37,38,38,34,35,37,37,36,36,38,37,32,38,36,37,43,37,36,35,35,
38,42,39,39,40,39,38,39,43,39,44,40,35,40,36,41,36,42,43,39,38,41,39,38,40,37,36,35,38,34,35,35,33,32,33,35,40,41,42,43,39,37,41,40,39,40,35,42,41,42,41,38,40,39,45,41,40,38,39,38,37,37,36,38,44,39,42,42,39,40,38,38,40,43,42,37,40,36,38,40,40,38,42,41,43,41,38,39,41,41,37,38,42,41,42,39,36,46,45,41,40,41,40,36,38,34,35,35,35,46,37,37,40,33,37,43,41,44,36,40,43,43,40,38,39,43,35,36,36,40,34,38,39,39,38,39,42,39,38,37,39,41,39,39,35,36,36,41,40,37,42,35,35,39,41,40,44,43,43,42,34,38,36,34,43,36,31,39,41,38,40,37,39,41,34,35,41,37,36,39,45,39,42,36,35,35,36,35,40,40,41,38,34,36,35,37,38,42,37,38,38,39,41,41,39,43,39,38,37,37,39,36,39,38,40,38,40,43,38,36,36,36,41,36,42,38,36,39,35,35,37,38,38,41,33,36,32,38,37,35,35,36,37,36,34,39,39,35,42,38,38,43,38,38,36,36,
38,39,38,39,41,41,40,39,34,42,34,40,41,36,39,41,36,41,42,39,42,37,42,35,42,41,36,36,39,38,35,35,35,33,33,34,36,42,46,42,43,41,38,40,40,40,36,36,42,44,42,37,40,41,40,40,35,43,40,38,40,38,38,36,38,37,42,43,44,41,41,38,36,40,36,37,34,39,39,42,41,42,38,38,41,40,39,44,41,42,37,41,37,39,43,39,37,43,41,42,40,39,38,38,37,37,37,35,33,37,38,39,40,34,39,39,42,42,44,43,39,41,38,39,39,38,35,36,46,41,35,44,38,47,41,39,44,37,40,39,41,42,42,37,40,35,36,38,40,41,43,40,36,42,40,42,40,39,45,43,43,39,39,33,35,38,37,39,40,42,39,40,37,40,41,40,41,42,40,45,38,43,41,37,37,36,40,38,40,41,36,39,35,34,38,36,37,34,37,39,36,39,39,41,42,38,44,40,37,40,38,39,37,42,39,40,40,43,37,39,42,36,41,41,43,36,36,40,35,35,36,38,41,38,40,33,38,38,39,38,40,37,40,38,38,34,39,35,35,42,38,37,43,39,38,37,
39,40,39,41,38,41,41,42,40,35,35,43,38,43,40,40,43,42,40,42,43,37,38,41,43,40,36,40,37,39,39,36,35,34,41,34,45,36,44,43,41,46,42,42,41,39,38,41,42,41,45,40,41,42,43,41,39,37,41,37,43,42,38,38,39,40,38,42,41,43,39,43,44,36,37,39,35,38,38,43,42,39,39,42,39,41,42,42,42,42,38,38,38,41,41,39,39,43,44,39,42,40,39,38,39,38,38,38,39,38,37,36,38,43,39,40,40,45,43,45,39,39,42,44,42,38,38,38,35,37,47,45,42,39,42,42,42,42,36,46,43,45,41,42,44,40,39,44,42,41,43,42,39,38,42,45,42,38,46,44,44,37,40,40,38,38,33,34,41,41,38,41,38,36,41,37,37,41,40,40,46,37,41,37,37,40,41,41,40,41,39,38,38,41,38,37,41,39,38,39,38,40,41,40,43,38,39,39,42,38,37,39,41,42,43,40,43,41,38,38,37,40,37,41,41,38,37,37,35,36,34,40,41,39,37,42,35,34,41,35,40,40,40,40,39,38,38,39,43,43,41,39,38,42,38,38,
39,40,40,41,40,42,40,40,41,41,42,49,38,42,43,43,40,39,42,45,43,37,39,40,41,41,42,36,42,41,37,36,42,35,40,45,40,37,44,43,42,40,40,44,43,42,38,41,43,41,41,41,44,41,39,42,41,37,38,42,44,43,44,43,39,42,38,42,40,44,43,43,41,45,42,38,40,41,40,40,44,38,36,42,37,40,40,41,43,41,42,44,40,38,39,41,40,45,44,43,43,43,40,40,39,40,39,40,43,36,37,38,43,43,47,40,45,45,45,43,40,39,40,40,39,42,46,45,34,38,38,43,43,41,40,43,42,42,35,38,46,37,39,42,39,45,39,45,45,40,38,42,39,39,40,38,40,40,45,46,44,46,37,46,38,39,38,34,34,41,41,42,42,40,43,37,44,36,38,40,47,38,38,38,38,40,38,42,42,40,41,40,35,42,39,39,39,39,42,39,38,45,42,40,44,42,41,38,43,43,45,36,39,42,43,42,41,41,37,41,37,38,39,39,39,38,39,37,37,38,39,42,42,42,40,41,35,43,41,41,41,41,43,40,38,42,45,43,38,44,39,39,38,39,41,40,
40,39,40,40,40,41,41,42,35,42,45,45,42,43,43,42,44,44,42,44,41,45,47,40,43,43,44,37,42,42,40,40,45,43,40,41,41,40,41,44,42,42,47,42,45,41,42,44,43,42,45,41,42,39,45,42,42,43,42,39,42,42,44,41,46,41,39,42,44,47,44,43,44,42,42,43,37,46,41,41,42,39,37,37,36,38,39,41,42,42,43,43,43,39,43,40,40,40,39,44,39,44,38,40,40,43,45,41,38,37,44,46,44,40,42,46,45,47,46,40,41,40,41,40,41,43,43,47,47,36,36,39,38,40,42,42,42,43,45,39,43,42,40,45,46,41,39,40,41,39,41,38,44,38,41,38,40,40,40,43,43,48,37,48,39,39,39,35,37,42,43,41,42,42,48,44,43,41,37,40,41,38,37,41,42,40,39,38,43,36,40,39,36,41,40,42,41,42,39,44,39,39,45,46,44,43,40,41,40,43,45,38,38,43,41,41,42,42,40,38,38,35,40,41,39,41,38,39,40,38,39,41,37,42,40,40,39,45,44,41,42,42,44,43,40,39,43,39,38,42,40,40,39,39,40,40,
40,41,39,42,44,42,42,41,37,38,42,39,42,42,45,43,47,43,47,41,42,40,42,43,44,48,43,43,41,43,41,42,47,46,41,40,40,42,44,42,47,43,42,41,41,44,43,41,40,47,45,42,42,42,40,41,43,43,45,41,45,45,45,43,44,48,42,45,40,36,44,44,45,42,39,42,44,47,40,43,39,40,42,38,37,38,39,39,42,45,44,44,43,43,41,41,41,43,41,41,44,48,41,40,40,43,43,44,44,43,43,43,45,44,44,40,47,46,48,42,39,39,41,41,44,44,43,43,47,43,41,40,47,43,43,42,42,47,44,43,42,43,46,46,42,42,40,41,40,42,40,42,42,44,38,40,40,42,41,42,43,46,43,41,39,41,37,40,37,41,39,46,38,42,37,48,40,41,42,43,40,44,38,42,44,40,39,40,44,41,42,41,41,39,41,41,41,42,41,44,40,40,43,45,45,39,40,42,44,40,40,41,37,42,42,44,42,42,43,41,39,44,35,41,43,41,42,39,41,40,38,41,38,42,42,37,41,42,45,45,42,41,39,43,41,39,44,40,40,42,40,40,40,42,41,41,
44,41,41,42,43,44,39,42,39,42,39,41,44,42,41,40,44,45,47,43,43,42,41,45,44,43,45,36,37,42,42,41,41,45,44,42,41,42,45,47,47,46,43,43,46,45,44,45,42,43,48,46,46,46,40,42,42,41,41,39,45,44,45,43,42,43,49,36,37,37,42,44,45,44,43,45,43,37,44,40,41,41,41,41,38,39,43,40,42,44,43,48,43,44,39,41,37,45,38,41,40,43,42,42,41,47,43,46,46,43,43,44,43,43,44,41,41,48,46,43,46,39,39,46,41,44,44,44,43,41,41,40,37,38,46,38,43,47,40,40,43,40,46,46,43,46,43,42,44,43,42,41,43,42,41,40,40,42,42,42,43,44,47,43,41,41,43,37,39,41,43,43,39,40,38,46,40,40,40,38,38,41,44,44,45,42,42,40,43,41,43,42,41,43,43,40,41,40,42,45,42,40,43,43,44,40,42,42,44,41,39,43,38,46,42,43,42,43,43,43,40,45,45,44,37,43,41,38,41,40,40,39,38,41,42,38,41,39,38,38,42,41,43,45,42,46,40,39,41,42,37,40,42,40,40,42,
41,44,42,39,43,42,41,39,43,43,43,42,42,42,40,40,39,43,44,44,40,44,42,45,44,44,44,42,44,43,43,43,42,44,43,43,46,42,42,46,46,47,47,42,43,45,45,46,46,44,43,42,46,43,46,41,43,43,41,37,45,45,45,45,37,44,49,37,39,46,44,45,41,46,39,46,47,48,37,45,46,47,40,44,44,45,43,45,43,44,46,42,47,44,41,40,37,37,44,40,52,48,44,43,44,42,48,46,47,45,48,42,46,45,44,44,44,39,41,45,47,39,43,46,45,44,45,41,41,41,42,38,38,38,46,46,48,44,43,39,39,41,42,46,45,45,44,44,42,45,42,42,41,43,41,43,40,44,42,45,42,44,45,43,42,44,43,41,42,39,42,41,43,39,38,47,41,41,41,42,46,42,41,45,46,43,45,44,43,42,44,43,42,43,44,43,41,45,46,43,45,51,43,44,42,45,41,39,41,42,44,39,46,44,43,44,43,41,43,44,42,43,41,38,41,42,45,41,40,41,41,41,38,42,43,42,42,41,39,40,42,41,44,44,39,43,45,43,40,41,39,38,41,43,41,42,
46,45,48,42,46,45,41,45,40,43,43,41,40,42,45,42,41,39,40,45,47,46,47,42,47,44,45,46,43,46,41,44,43,48,42,46,44,48,46,43,48,48,49,46,46,46,45,46,46,50,43,43,43,43,47,41,44,40,43,43,43,46,45,47,39,48,41,50,40,38,43,46,39,42,44,42,46,48,44,44,42,41,41,44,47,45,40,46,46,44,43,43,46,45,41,44,46,48,46,41,48,49,47,42,45,47,43,48,45,47,47,43,44,46,44,46,43,44,40,42,42,49,40,46,43,45,46,46,45,42,41,45,43,43,47,47,44,47,44,46,40,48,42,43,46,45,44,45,43,40,43,38,42,43,41,40,39,39,39,45,42,43,41,44,44,41,43,41,40,45,43,44,45,42,39,39,47,42,48,43,42,48,42,46,43,44,43,43,44,42,41,43,42,40,44,40,42,43,49,45,45,46,44,52,46,40,42,41,44,42,45,46,48,47,43,45,45,46,45,47,44,43,47,45,41,42,44,43,47,42,45,41,40,47,43,46,43,45,41,39,45,44,43,43,40,40,45,41,46,42,44,39,43,43,43,41,
51,47,46,47,47,49,45,41,42,44,43,44,43,46,45,43,45,40,40,47,48,44,45,44,48,48,46,46,46,46,44,44,45,46,44,45,48,45,44,46,45,48,50,48,42,46,47,46,45,45,47,45,44,43,45,44,43,43,41,46,44,40,40,48,47,49,48,41,40,38,45,42,43,42,44,42,47,45,45,42,46,49,41,46,47,46,41,47,46,43,43,44,42,48,46,43,47,47,46,47,40,50,48,47,44,48,44,45,44,46,43,48,44,44,39,46,40,47,42,41,43,47,48,47,42,47,47,44,43,44,45,45,44,49,47,48,45,43,45,48,49,48,42,45,45,45,44,43,43,43,39,38,39,44,46,44,42,47,46,38,44,44,45,45,46,44,45,45,42,45,45,42,43,42,45,42,45,41,49,49,45,40,39,46,48,45,45,46,45,46,43,41,43,41,45,42,43,43,44,43,47,47,49,52,42,41,42,43,41,43,45,41,48,44,49,49,41,47,47,44,48,46,47,42,42,48,45,46,44,48,42,41,40,43,47,48,48,44,42,41,46,45,45,45,46,45,41,41,50,44,43,44,44,44,43,45,
45,46,47,48,45,49,44,45,42,45,47,44,45,47,47,47,43,47,44,46,44,49,44,45,44,49,44,47,47,46,48,45,45,48,46,50,48,49,45,43,41,48,48,50,39,43,47,44,46,45,48,45,45,45,41,48,47,46,42,40,44,40,41,49,48,47,44,43,42,41,46,43,42,41,44,42,46,44,46,47,48,44,50,46,48,48,47,47,45,43,47,44,47,43,47,47,48,44,46,43,40,46,49,52,47,50,46,44,44,47,47,44,46,45,51,40,40,48,48,47,48,50,48,43,46,45,47,43,43,45,45,47,46,50,49,48,49,48,45,45,49,50,45,45,46,44,43,44,44,43,45,40,40,42,44,44,45,48,42,40,42,41,47,43,47,45,46,46,47,45,45,43,42,43,49,43,43,44,43,48,44,45,40,48,49,40,42,42,48,47,49,48,52,45,42,42,44,45,44,44,45,47,47,52,44,42,44,42,48,44,41,45,48,48,48,50,49,45,45,46,45,40,48,47,40,41,47,48,48,49,43,45,44,41,40,49,48,45,46,49,47,45,46,44,44,42,45,49,50,45,44,46,46,46,44,45,
43,45,45,44,42,45,45,45,47,47,45,45,48,46,48,46,47,44,46,46,45,44,49,44,44,43,49,46,46,46,46,44,46,44,44,44,44,44,49,44,46,46,48,51,46,47,46,46,46,45,45,46,47,45,42,41,45,46,46,43,41,46,44,45,46,48,45,43,46,52,49,44,46,45,44,50,43,41,45,48,49,45,45,45,46,49,48,48,49,45,50,48,47,49,48,43,47,45,44,43,47,47,54,52,46,50,44,45,46,48,51,48,46,47,51,41,43,49,44,48,48,47,48,49,42,48,47,47,44,46,45,43,47,51,50,47,46,49,48,46,50,47,42,48,44,45,43,47,43,45,45,48,50,43,44,45,45,42,41,43,42,43,45,43,47,49,47,47,47,46,46,45,46,47,45,47,44,45,45,49,49,44,46,41,42,42,45,43,46,45,44,49,53,49,43,43,46,46,46,44,44,47,49,47,47,49,48,45,48,47,45,47,44,49,46,47,49,47,46,48,46,45,46,44,42,48,47,47,49,48,49,45,44,45,41,43,47,48,46,49,50,48,48,44,45,45,50,43,50,46,46,48,47,45,47,45,
44,44,44,45,47,45,49,47,48,46,46,46,51,48,49,47,45,44,44,44,48,46,50,49,43,44,43,50,46,46,47,49,53,46,45,45,43,44,46,48,47,46,45,51,48,49,46,46,47,46,46,49,47,47,45,43,42,50,47,43,43,43,48,47,44,43,42,44,47,48,50,49,46,49,46,50,43,49,50,48,46,47,47,47,47,47,47,48,43,49,50,50,45,48,49,48,44,49,45,48,48,49,48,53,46,47,44,48,48,50,47,49,47,47,47,51,52,47,43,48,46,49,48,50,50,43,48,45,48,45,49,44,47,46,45,46,49,46,52,47,52,51,44,48,49,46,44,44,46,46,46,45,50,42,44,47,46,46,42,43,48,44,45,44,44,47,49,48,49,48,50,49,44,48,44,46,43,47,46,46,46,47,51,47,43,43,45,45,47,46,46,45,49,50,43,46,46,47,51,46,48,48,48,49,47,49,48,49,48,48,49,48,44,45,44,44,46,45,47,49,46,45,48,45,43,48,48,48,50,51,47,47,48,44,43,43,45,48,46,48,50,47,45,45,44,45,43,47,50,50,49,48,46,46,47,48,
50,45,47,45,47,45,48,51,46,48,49,49,49,49,48,46,45,48,45,48,48,49,47,51,47,45,48,48,49,47,45,51,50,53,47,45,47,44,48,43,49,47,49,47,49,49,45,44,44,47,47,49,50,50,44,43,43,51,45,49,44,43,48,42,44,45,44,45,47,46,47,49,46,51,51,47,47,49,44,48,48,48,49,49,49,46,48,52,48,45,49,45,45,50,49,48,44,44,50,50,51,51,50,47,45,45,45,44,46,49,48,48,48,48,51,48,52,48,47,49,52,49,50,50,50,44,46,46,46,48,49,50,48,52,47,46,49,47,47,52,44,45,45,46,50,48,45,45,48,47,46,46,47,45,48,43,45,47,47,48,44,45,48,45,45,49,49,46,48,47,50,47,50,44,45,46,46,50,48,47,47,51,48,46,50,44,42,46,47,48,47,46,48,46,47,48,47,49,43,48,47,48,50,51,45,50,49,48,47,48,48,46,48,45,45,49,47,49,43,50,43,46,48,47,46,49,47,46,47,46,48,48,46,43,45,44,46,47,47,49,50,50,47,47,45,46,48,51,51,50,45,49,47,48,47,48,
49,49,48,47,50,49,48,45,46,48,48,47,46,50,46,48,47,47,49,48,48,48,52,53,52,45,49,49,49,50,47,47,51,56,54,51,46,45,49,46,44,46,45,50,49,49,51,52,46,47,44,50,51,47,49,48,51,51,51,46,50,49,43,44,49,53,44,48,45,50,48,49,49,43,52,47,46,51,49,51,48,47,49,47,50,50,48,51,52,47,44,48,49,48,50,50,51,44,45,50,51,45,49,52,50,45,48,45,47,45,47,52,48,48,48,50,52,49,48,51,47,48,51,50,53,51,45,47,47,51,51,50,50,51,51,48,49,45,45,48,50,52,45,46,48,47,49,47,46,43,47,47,48,48,49,44,48,48,47,49,48,50,45,45,49,50,51,50,44,49,49,54,48,47,44,45,46,45,45,48,48,46,49,46,47,47,43,44,46,47,46,48,48,48,48,51,48,50,50,47,51,50,48,50,50,51,50,52,51,47,48,47,46,45,47,50,50,44,43,45,45,51,48,49,47,44,48,48,49,47,48,49,44,50,46,47,47,45,47,45,50,48,47,49,48,50,46,49,47,51,47,49,50,48,48,48,
51,51,47,48,47,47,50,46,46,47,51,49,47,53,46,47,46,49,48,48,46,47,53,46,46,50,49,46,49,50,48,48,48,49,55,52,48,49,48,51,47,47,48,49,50,50,46,53,53,46,45,46,45,48,50,47,46,48,47,48,50,47,44,48,53,53,45,49,51,50,48,51,50,52,44,50,47,55,51,46,47,50,50,48,49,50,51,50,50,53,47,47,47,47,48,51,52,45,53,44,50,44,49,50,46,46,47,52,47,48,46,47,48,49,51,48,49,47,44,46,47,48,47,52,53,52,45,46,47,48,50,54,51,48,49,49,47,46,47,49,47,45,52,46,47,45,50,46,47,48,45,48,48,48,45,46,49,49,46,52,49,45,47,51,50,49,49,48,54,52,50,44,53,48,48,45,47,47,49,50,49,46,45,44,48,47,48,47,47,46,47,48,48,49,49,50,47,50,48,52,51,51,45,48,51,51,52,54,50,50,47,48,46,46,48,48,45,47,47,45,46,46,50,49,48,48,48,48,48,49,50,48,44,45,47,48,50,50,51,48,45,48,48,50,49,50,49,48,51,47,50,50,51,50,49,50,
50,51,50,46,48,46,48,48,48,48,47,50,46,48,48,50,50,49,49,46,48,48,45,52,47,48,51,54,50,50,48,52,51,50,47,55,55,48,53,52,52,50,49,48,52,54,51,47,54,53,49,47,47,49,49,47,46,47,48,49,49,50,46,49,50,54,55,48,49,47,50,50,48,53,53,52,50,51,48,48,46,49,51,50,51,49,45,51,51,47,48,46,48,48,52,49,54,57,53,52,51,47,50,50,48,50,46,53,52,53,52,53,48,48,50,47,51,48,50,45,51,48,47,48,52,46,48,46,49,50,50,51,55,50,51,51,53,49,46,50,48,49,48,53,46,46,46,47,46,48,47,46,48,51,50,44,46,48,51,47,54,45,48,48,52,49,48,49,55,55,53,46,53,49,47,48,48,46,50,48,47,46,47,46,46,45,48,48,48,47,48,49,48,49,50,48,50,51,49,52,53,51,48,49,48,46,52,49,49,51,51,51,47,48,47,49,52,46,47,50,47,46,50,49,48,48,49,48,51,49,48,49,46,53,51,48,51,51,50,51,50,46,47,48,49,51,50,49,48,48,50,51,51,52,51,51,
50,50,52,49,49,47,51,47,52,51,53,48,47,50,47,50,51,49,50,47,48,48,48,52,48,52,49,47,48,51,54,51,48,47,50,47,48,56,50,54,53,48,53,52,47,55,49,53,49,53,52,48,48,47,49,50,47,50,53,49,49,51,51,51,52,55,55,54,49,55,48,50,48,53,49,50,50,48,52,48,48,47,49,51,51,47,49,49,50,49,54,48,47,51,49,54,54,48,49,48,49,50,52,51,48,48,48,48,54,47,52,50,46,47,48,51,51,52,48,52,51,51,48,51,47,49,47,50,50,47,50,51,51,49,51,51,46,52,53,50,46,54,48,48,48,47,50,46,47,48,48,50,53,52,50,50,45,49,49,47,55,54,49,52,47,50,50,51,48,48,54,53,47,47,51,48,47,46,50,50,49,51,47,49,46,51,54,52,48,46,50,47,48,50,50,51,51,51,49,50,51,54,47,47,47,50,48,50,54,52,51,50,50,49,53,48,51,53,50,50,51,48,48,50,51,49,49,50,51,52,48,50,48,49,47,51,52,50,51,53,52,50,49,52,51,50,51,46,50,49,51,52,53,52,51,51,
51,51,54,49,50,52,55,51,48,53,48,51,48,48,47,50,53,48,51,53,46,48,47,51,49,48,50,52,49,53,54,53,49,48,54,48,51,49,53,50,54,55,49,54,50,50,53,49,47,51,53,52,48,50,49,49,53,47,49,55,52,51,46,52,47,51,55,50,55,47,48,51,50,49,49,51,51,50,52,48,49,49,48,51,52,53,50,49,48,48,50,54,48,52,53,49,56,48,48,57,50,51,49,46,47,51,47,49,54,48,48,51,47,51,50,49,53,52,49,50,51,52,50,51,52,49,48,49,52,50,51,50,49,51,50,52,50,49,53,53,47,51,51,49,48,47,50,48,48,48,52,48,50,50,49,50,50,55,48,50,50,56,55,50,48,52,51,51,51,49,55,47,48,47,55,50,47,46,49,50,49,49,49,48,52,52,52,55,51,49,47,48,47,48,52,47,53,52,52,49,48,50,52,48,48,52,52,49,52,51,51,51,52,52,51,49,48,49,52,52,49,50,49,49,50,51,53,52,49,50,53,52,51,48,50,48,52,51,52,50,51,51,52,50,52,51,51,50,53,51,53,53,52,51,52,53,
53,50,54,50,50,51,52,52,56,52,50,53,50,50,51,52,48,47,50,48,55,48,50,54,51,50,51,52,52,52,49,50,50,52,49,50,52,51,50,53,50,54,55,53,51,51,53,55,54,52,52,51,49,51,50,50,52,51,51,50,47,52,51,52,48,51,49,48,55,48,48,51,51,51,51,53,50,51,50,51,49,50,48,50,51,54,49,49,49,50,48,49,55,51,51,53,52,54,49,53,50,52,49,51,48,52,50,47,49,50,52,47,53,52,51,53,53,53,50,51,50,50,51,51,51,50,51,49,57,50,50,51,50,52,51,52,49,51,51,51,53,47,50,50,48,55,50,49,51,53,53,48,50,49,50,49,58,56,49,48,52,52,55,51,50,49,52,51,53,54,53,48,48,49,55,51,50,52,53,50,51,50,50,50,50,51,52,49,52,51,51,49,51,48,52,54,54,49,52,50,49,53,51,50,51,51,53,51,52,52,53,52,55,55,51,52,51,48,51,51,51,50,51,50,50,51,51,52,53,51,53,48,53,50,52,48,54,55,53,49,50,52,50,51,51,52,53,50,50,54,52,53,53,51,52,53,
51,54,55,51,53,55,49,52,50,51,55,52,52,51,48,53,48,48,54,53,48,53,51,51,50,52,52,49,52,55,54,50,51,54,51,52,51,49,51,47,54,51,55,51,52,52,54,54,54,56,53,52,50,50,54,51,55,51,52,52,53,48,53,49,51,52,53,51,50,49,48,54,49,51,53,50,54,54,52,52,51,53,51,51,51,56,53,51,50,51,50,54,50,52,53,52,52,49,54,53,52,53,51,52,48,53,50,48,51,53,53,53,51,54,55,52,55,54,51,52,51,51,52,52,52,52,50,55,50,58,52,51,54,53,54,55,53,52,52,54,52,53,51,50,55,51,53,50,54,53,49,49,53,51,51,51,54,55,49,56,52,52,51,52,52,52,53,52,51,54,53,49,50,50,51,51,52,51,50,51,53,51,53,53,52,51,53,52,52,49,51,51,50,54,49,54,55,50,49,52,54,48,49,55,51,54,51,57,52,54,53,51,52,53,52,51,51,49,51,59,53,52,52,53,53,51,51,50,50,52,53,51,52,51,51,54,51,54,54,52,51,51,51,49,50,50,53,51,51,51,53,53,54,52,55,55,
51,53,49,55,54,55,57,54,48,52,51,52,53,53,49,49,50,56,53,55,53,51,54,54,54,53,52,53,52,52,52,52,53,54,51,53,53,51,50,53,54,52,51,52,52,54,55,54,54,57,57,54,50,50,53,51,51,53,55,52,54,53,49,50,54,52,51,55,51,50,50,56,50,52,54,54,53,54,54,53,52,52,51,52,51,53,53,54,54,53,52,54,54,52,50,52,54,53,49,52,54,50,50,51,52,50,54,52,51,51,54,51,52,54,54,51,51,56,49,51,52,56,53,51,53,53,50,49,51,51,54,56,52,54,53,55,53,53,54,54,55,54,51,54,57,52,53,52,50,53,52,54,54,53,52,51,50,54,49,49,52,53,50,52,54,52,49,53,53,52,52,51,50,50,52,53,53,54,51,51,55,55,50,53,50,52,53,52,52,56,50,54,54,53,52,52,55,51,49,53,52,52,53,55,53,53,55,58,58,50,52,54,51,54,55,52,50,51,53,55,60,55,58,55,54,52,55,51,55,52,51,54,49,53,51,55,52,54,53,53,55,53,53,53,54,50,52,51,52,54,50,53,52,55,54,55,
55,54,55,55,56,54,55,58,56,54,51,53,56,56,49,51,51,51,53,54,51,55,52,52,55,54,53,53,52,54,54,53,55,53,52,54,54,53,56,55,58,53,51,53,54,51,50,57,52,55,52,53,51,51,54,58,51,53,57,53,52,51,51,53,53,52,52,53,51,53,51,55,57,56,57,58,54,53,53,55,53,53,51,53,48,50,51,52,54,53,54,51,52,52,51,51,52,51,50,55,53,54,51,57,50,54,55,55,51,51,54,53,52,52,52,50,52,53,55,54,52,52,54,50,53,54,53,52,52,53,51,52,55,54,57,56,55,54,54,53,53,56,52,58,54,51,57,54,56,53,54,57,53,53,50,53,55,50,50,54,57,57,52,54,52,52,51,52,53,54,55,52,54,50,53,52,55,52,54,52,55,54,54,50,54,52,53,53,52,51,53,53,55,54,53,53,52,49,51,51,50,53,52,49,52,55,55,56,51,50,50,55,53,51,53,55,52,53,53,57,56,56,58,54,53,53,52,55,55,52,52,53,54,51,52,53,53,55,57,51,54,53,53,53,51,50,53,53,51,52,52,52,55,56,53,55,
51,56,52,56,53,56,55,59,52,54,52,54,54,55,58,50,52,54,54,53,55,57,54,54,54,55,53,54,54,56,55,54,53,54,54,54,53,54,54,55,55,54,55,54,51,52,53,57,59,55,52,54,54,56,55,52,54,54,50,53,51,51,52,55,54,52,54,55,53,55,57,57,56,51,58,57,50,54,53,54,55,55,50,51,50,54,57,52,53,55,54,52,54,53,54,53,55,52,53,53,54,52,52,54,56,52,50,55,52,50,54,55,55,53,53,56,50,56,56,54,53,56,57,57,56,54,54,52,54,51,51,56,53,57,55,54,55,56,53,53,53,56,54,52,57,53,55,56,55,52,52,58,57,54,55,52,53,54,51,50,54,57,57,54,54,52,54,53,53,53,54,53,54,54,53,53,53,54,54,53,55,54,54,54,56,52,52,54,54,51,54,54,55,51,55,57,53,51,52,58,51,54,54,55,53,50,55,56,56,56,59,53,53,54,53,53,54,53,55,57,56,57,56,57,51,55,54,53,54,54,56,52,55,52,53,53,56,53,54,54,53,54,55,54,54,51,51,51,51,52,58,52,52,55,56,54,
52,54,51,54,55,54,58,61,52,52,53,55,52,53,56,54,56,54,56,53,56,58,58,58,54,53,56,56,54,54,57,52,57,55,55,53,53,56,54,54,56,55,54,55,54,55,56,54,54,54,53,55,55,55,52,53,56,54,54,53,56,56,59,56,57,53,52,54,55,53,55,57,52,53,52,53,51,53,55,53,55,52,51,51,50,54,56,58,57,52,52,51,54,53,54,55,55,53,53,54,56,54,55,56,54,55,54,52,51,57,57,54,55,56,54,56,55,54,51,55,56,56,54,53,57,57,54,52,55,55,52,52,55,57,57,55,55,56,53,53,55,54,55,57,56,58,57,54,57,58,54,59,52,56,56,52,53,56,55,51,55,55,54,53,54,52,53,54,54,54,54,55,56,55,53,56,53,56,56,53,53,55,53,56,53,55,55,53,53,57,51,55,55,57,59,57,57,54,53,58,56,53,55,55,55,52,54,57,57,57,53,54,54,55,54,53,52,55,53,55,52,57,56,58,54,56,56,55,59,57,56,53,54,54,55,53,57,53,57,54,54,54,54,54,54,52,52,56,52,53,56,58,54,53,52,56,
55,56,55,56,55,56,59,56,55,55,54,55,55,54,54,54,55,53,56,53,55,55,54,58,53,53,56,54,53,52,54,53,55,58,55,57,54,56,55,55,54,56,55,54,56,57,55,54,56,54,54,57,57,56,53,55,56,56,58,55,57,55,56,59,60,57,56,55,58,53,52,56,57,53,53,53,56,54,55,54,59,56,54,56,54,51,57,57,57,54,52,53,55,54,57,56,56,54,57,55,54,57,54,56,59,54,56,53,56,54,60,59,56,56,57,55,56,52,55,56,56,57,54,55,55,56,54,55,57,55,55,57,57,55,57,57,57,55,56,55,57,55,57,56,57,53,54,54,55,59,54,58,55,53,54,54,53,53,57,55,54,54,53,53,54,56,53,57,54,53,55,55,55,58,54,57,54,56,54,54,55,55,54,57,56,57,56,55,54,53,55,56,55,57,56,57,58,57,54,58,53,55,56,55,56,56,53,55,53,57,53,53,54,56,59,56,55,56,56,55,54,57,58,58,57,56,56,55,58,55,59,56,53,56,51,56,55,54,54,55,55,55,54,55,55,55,53,51,53,53,54,53,54,54,53,53,
58,58,57,56,57,55,57,56,55,55,54,54,56,56,55,55,56,52,54,53,54,57,56,55,55,55,54,59,59,58,56,57,54,57,54,55,55,54,55,56,56,55,56,54,56,54,56,56,57,55,55,57,58,57,55,55,54,58,58,56,57,57,57,59,60,56,58,56,56,58,58,57,55,55,56,54,56,56,56,55,57,60,59,58,55,55,58,58,58,54,54,57,58,56,56,57,55,55,57,58,56,55,55,54,55,55,55,56,54,54,54,56,56,56,58,52,56,52,54,57,57,55,57,56,55,57,55,62,55,58,56,57,57,54,56,57,53,56,59,56,56,55,57,56,57,57,54,57,57,55,55,57,55,56,55,56,54,53,60,55,56,55,54,54,55,58,57,54,54,59,55,54,55,58,55,55,58,56,55,56,57,56,57,54,59,57,57,54,56,55,56,55,55,57,55,58,56,57,57,56,56,57,53,57,56,57,58,53,56,54,57,54,56,56,57,56,56,57,56,58,55,54,56,58,55,58,56,57,57,60,56,57,54,54,56,52,56,55,54,54,56,56,55,55,56,55,54,53,56,53,53,58,57,57,58,54,
58,60,59,59,61,56,59,54,58,57,55,54,56,56,55,57,56,54,57,59,55,59,58,57,56,54,54,58,57,58,57,61,57,54,54,58,57,57,56,56,58,55,55,57,57,57,58,55,57,57,57,56,57,59,57,56,56,57,55,57,58,57,58,59,56,56,58,57,54,58,57,57,54,56,55,58,59,57,57,57,57,56,56,56,57,59,54,58,58,55,57,57,56,59,58,55,57,56,57,56,56,60,55,57,56,60,58,60,58,55,54,54,58,57,56,60,54,53,53,56,58,59,56,56,56,58,58,59,57,56,58,55,58,59,55,56,55,56,56,55,56,56,56,55,58,60,59,57,58,55,55,58,55,56,55,57,56,53,54,57,59,56,55,56,56,56,58,55,54,56,55,57,55,54,58,57,58,57,56,58,57,57,55,59,57,57,58,57,58,57,57,54,56,58,55,60,58,57,57,59,56,56,57,58,57,57,54,54,58,57,58,56,57,57,59,58,57,57,58,56,54,55,55,53,55,54,54,58,58,53,58,57,57,57,56,54,53,54,56,58,57,55,55,58,57,55,56,57,57,58,54,57,58,56,56,58,
56,60,61,60,56,60,56,58,58,58,58,56,57,56,56,57,58,59,56,59,55,58,58,58,61,57,55,55,58,56,58,59,56,55,59,58,60,58,56,57,59,59,56,56,55,58,58,55,55,58,58,56,58,58,57,58,55,56,58,55,56,55,59,58,56,55,56,57,59,58,58,55,59,58,57,59,57,57,56,58,56,57,56,57,58,58,59,59,55,56,56,55,59,60,60,55,59,56,57,55,56,55,57,58,59,56,57,60,60,56,58,55,55,56,58,61,57,55,54,54,58,56,56,58,57,57,58,60,56,57,56,58,54,59,56,56,57,58,57,55,58,55,54,58,56,60,58,59,58,56,57,57,58,58,59,57,58,57,54,59,60,57,57,57,58,56,57,55,55,56,58,60,58,59,60,56,57,59,57,56,57,58,59,56,58,58,57,59,59,57,59,56,55,59,59,55,59,58,56,57,57,59,58,55,57,58,57,55,58,60,60,57,57,58,57,56,56,57,59,55,58,57,57,57,58,60,58,58,60,59,58,57,58,56,57,58,59,56,58,57,57,57,58,57,57,57,56,54,57,56,59,57,56,58,57,60,
60,57,59,59,58,59,58,59,59,58,58,57,58,59,58,57,59,59,58,57,60,58,59,56,62,57,57,57,59,59,57,57,57,58,57,58,56,58,55,55,56,60,60,60,57,59,56,59,59,57,60,59,58,57,58,58,58,56,59,59,56,57,55,58,58,57,57,56,58,61,57,56,55,57,56,59,58,60,57,56,56,59,61,57,58,58,59,58,56,57,59,59,61,58,60,55,57,58,56,59,58,57,57,58,58,57,58,57,55,60,56,57,58,57,57,58,57,58,59,60,58,56,58,59,57,60,59,58,56,57,58,58,58,55,57,59,56,57,57,58,56,56,56,59,61,60,59,60,57,59,57,59,58,60,58,59,59,58,59,58,60,58,57,58,57,59,57,57,56,58,59,59,61,59,58,57,58,57,61,58,59,58,59,56,56,58,60,60,59,56,59,59,56,58,60,58,57,57,60,58,57,59,58,59,59,57,57,58,59,60,58,57,57,58,57,58,58,58,57,56,57,61,57,56,59,57,61,59,58,60,56,58,59,59,59,58,61,59,59,59,60,55,59,58,58,58,55,57,56,58,58,59,57,57,59,60,
60,60,58,57,58,59,58,61,56,58,60,58,58,57,60,59,60,56,58,59,58,59,60,58,59,58,56,58,58,58,59,59,57,57,58,59,59,59,58,60,59,60,60,60,60,59,60,58,60,58,59,60,58,59,58,59,58,59,57,58,59,60,58,59,59,57,57,57,58,62,58,57,61,58,59,59,59,60,59,57,57,60,59,58,60,58,57,60,56,58,58,60,62,61,62,58,60,58,58,58,58,58,58,59,58,57,59,59,58,62,58,58,60,59,59,58,59,60,60,59,59,58,58,59,58,59,61,59,60,56,59,59,59,59,59,58,58,58,58,58,57,60,57,60,57,58,58,59,59,58,58,57,59,60,58,57,59,58,59,59,58,60,58,57,59,59,59,60,57,57,59,59,59,57,61,57,58,57,58,58,57,60,60,57,56,60,57,59,60,60,56,59,59,57,59,58,57,58,62,58,58,59,58,58,58,58,59,57,61,60,58,62,59,59,59,59,58,57,58,57,60,59,60,57,57,58,62,61,60,59,60,62,59,58,58,61,61,58,59,58,60,57,60,59,58,59,61,57,58,58,61,60,59,57,57,59,
59,58,59,58,59,59,59,59,58,61,58,60,59,58,61,58,58,57,58,60,61,59,58,60,59,59,60,59,59,59,59,59,58,59,59,59,60,60,62,57,58,60,60,59,61,60,59,58,60,59,59,61,61,57,60,60,59,59,57,58,60,60,61,59,60,57,60,58,59,60,61,61,59,61,60,60,59,60,58,58,58,58,61,59,60,59,57,58,60,61,60,59,61,60,62,59,59,58,60,60,59,59,58,59,59,60,58,58,58,58,59,59,61,57,60,59,61,62,60,60,59,58,58,61,59,59,60,59,58,62,59,57,60,58,59,59,58,61,59,58,60,59,60,59,58,59,59,59,61,57,58,60,62,62,57,58,59,59,59,59,60,58,61,59,59,59,58,57,61,61,59,59,58,60,61,59,59,59,60,58,59,61,61,59,60,60,57,58,59,61,58,57,58,60,59,59,59,59,60,62,61,60,58,59,60,58,61,58,59,60,61,61,61,59,58,60,60,60,60,59,59,58,60,58,58,58,59,60,59,61,58,59,61,61,60,58,60,59,59,58,59,59,59,60,61,59,58,60,60,57,62,60,60,59,58,58,
58,61,62,59,58,59,60,59,61,61,62,59,60,61,61,58,61,58,59,59,60,62,60,60,59,59,59,59,61,60,60,58,59,59,62,59,60,61,61,61,58,61,61,61,59,60,61,59,59,61,59,62,62,61,59,61,60,60,61,62,61,61,59,62,58,60,60,59,60,60,62,60,60,61,59,61,60,60,62,59,59,61,60,61,60,62,59,61,61,61,62,61,60,61,59,60,59,60,61,60,59,59,58,61,60,62,60,61,59,60,59,59,60,60,61,58,62,60,62,60,58,58,58,60,62,59,62,60,59,62,62,62,59,61,59,60,60,61,61,58,60,60,61,61,60,60,61,61,62,58,58,59,62,60,58,58,59,61,58,60,60,59,60,60,59,60,60,59,61,60,59,60,60,59,61,59,60,60,60,59,61,60,60,60,60,60,61,59,59,60,59,59,60,60,58,62,61,61,61,61,59,60,61,59,60,61,61,59,59,63,61,61,61,62,60,61,60,62,61,61,59,59,61,60,60,59,61,61,59,59,62,60,61,58,60,63,59,60,59,59,61,60,59,60,60,58,61,60,61,60,58,60,61,61,60,59,
61,60,60,59,61,60,61,60,61,62,61,60,61,60,60,60,61,60,60,59,62,61,60,61,61,59,60,60,61,61,62,60,62,60,61,60,59,63,61,60,61,62,62,61,61,59,62,61,59,62,60,60,61,61,60,60,60,61,59,62,60,62,62,60,62,60,60,61,59,60,62,62,60,61,61,61,60,63,63,63,60,62,59,61,61,61,63,62,60,62,60,61,61,62,60,61,60,61,60,61,60,60,62,61,59,62,60,60,61,62,61,60,60,60,62,59,59,60,61,60,59,59,60,61,59,61,61,60,59,60,61,60,59,61,60,62,60,61,63,61,61,62,61,61,62,59,62,61,61,61,63,60,61,60,62,59,62,61,61,59,61,61,60,61,61,60,61,61,61,61,62,61,61,61,61,59,60,60,61,61,63,61,61,61,61,61,59,60,60,60,60,60,60,60,61,61,60,60,59,61,60,59,60,61,59,61,59,62,63,61,61,62,63,59,61,61,61,62,62,59,63,60,60,60,61,61,62,60,60,60,61,60,62,61,59,61,63,61,60,60,61,61,61,59,62,59,59,59,62,61,63,62,60,61,61,61,
62,60,62,62,61,62,60,60,63,61,60,62,61,62,61,61,61,60,61,63,63,62,61,61,62,62,62,61,61,61,62,61,62,64,61,61,60,61,61,62,62,61,61,62,61,60,61,63,62,62,62,61,61,63,61,60,61,60,62,62,62,63,61,62,63,62,60,63,61,61,61,61,60,61,63,61,62,60,62,62,61,60,61,62,60,61,62,60,62,63,61,61,62,60,61,61,62,63,62,61,60,61,60,61,63,62,60,61,61,61,62,62,62,62,63,61,62,61,60,61,61,62,61,60,61,60,61,61,63,61,62,60,60,63,64,61,61,62,63,63,61,62,63,61,63,62,60,61,62,62,62,60,62,61,62,60,62,61,61,61,63,61,61,61,63,62,63,61,61,61,62,60,62,62,61,61,61,60,62,62,62,63,62,60,62,63,60,61,61,61,61,63,61,61,60,63,62,61,62,61,61,63,60,60,62,60,61,60,60,61,60,62,62,60,61,62,62,62,63,64,60,60,60,61,61,61,61,63,62,61,62,61,62,62,61,63,61,62,60,60,62,61,62,61,60,61,63,62,62,63,63,60,62,61,61,63,
61,62,63,62,62,62,63,61,63,62,62,61,61,61,62,62,61,62,61,64,61,63,63,61,62,62,62,62,61,62,62,63,63,63,61,62,61,63,63,62,62,62,63,61,62,63,62,62,63,62,64,63,63,63,61,61,64,61,62,62,62,61,63,61,62,63,62,63,62,63,61,62,62,62,63,63,62,62,63,62,62,61,61,63,61,63,63,64,61,63,62,61,63,64,61,62,63,61,62,62,61,62,62,61,62,61,61,62,62,62,62,63,62,63,62,61,62,63,63,62,64,62,63,61,62,62,62,62,61,62,63,62,61,62,64,63,62,61,61,62,61,62,62,62,61,62,63,61,63,62,62,62,63,62,62,61,62,62,62,62,62,62,61,62,61,62,64,64,61,62,62,61,63,63,63,61,63,62,62,61,62,64,62,62,63,61,63,64,63,63,61,62,63,62,63,62,62,61,62,62,63,63,61,61,62,62,62,62,61,61,62,61,63,64,61,61,61,62,62,61,62,61,62,62,63,62,62,63,62,62,62,62,63,63,62,63,62,62,63,63,61,63,62,61,61,62,61,62,62,62,62,61,63,62,62,61,
63,62,63,63,62,62,62,62,62,63,63,62,62,62,62,63,62,62,63,62,63,62,62,62,64,63,62,62,62,62,63,63,62,63,64,63,62,63,62,62,62,63,62,63,64,63,62,63,64,63,63,63,63,62,62,63,63,64,63,62,63,63,63,62,63,63,63,63,63,62,63,63,64,62,64,63,62,63,63,63,63,63,62,62,64,63,63,62,62,62,62,62,63,63,62,62,63,62,62,63,62,63,62,62,62,64,62,63,63,62,63,63,64,64,63,62,62,63,64,63,62,64,63,63,63,63,63,62,62,62,63,62,62,64,62,63,62,62,62,62,62,62,62,63,62,63,63,62,62,62,62,63,63,64,63,63,62,62,62,63,62,64,62,62,62,62,63,63,62,63,63,62,63,63,63,63,64,62,63,64,62,64,63,63,62,63,64,62,63,62,63,63,63,63,63,64,62,62,63,64,63,62,62,63,63,62,62,63,62,62,62,64,63,64,63,62,62,62,63,62,62,62,62,63,62,63,62,63,64,62,64,63,62,63,62,63,63,62,63,62,62,62,63,62,62,62,63,62,62,63,63,63,62,63,62,64,
63,64,63,63,64,63,64,63,63,63,63,63,63,63,63,64,63,63,64,63,63,63,64,63,63,64,63,63,63,64,64,64,63,63,64,63,64,63,63,63,63,63,64,64,64,63,63,64,63,64,63,63,64,63,64,64,63,63,64,63,63,63,64,63,63,63,63,64,63,64,63,63,64,63,63,64,63,64,63,64,64,63,63,64,63,63,63,63,63,64,63,64,63,63,63,63,64,63,64,64,63,63,64,64,63,63,63,63,63,64,63,63,63,63,63,63,63,63,64,64,63,63,64,64,64,63,63,64,63,63,63,63,63,63,63,63,64,64,64,64,63,63,63,63,64,63,63,63,64,64,64,63,63,64,63,64,63,63,63,63,63,64,64,63,64,64,63,63,64,64,63,63,64,63,63,63,64,63,63,63,63,64,63,64,63,63,63,63,63,64,63,63,63,64,64,64,64,63,63,63,64,63,63,63,63,63,63,64,63,63,64,63,63,64,63,64,63,63,63,64,63,63,63,63,63,63,63,63,64,64,63,63,63,63,64,63,64,63,63,63,64,63,64,64,64,63,64,63,63,63,63,63,63,63,64,64,
64,64,64,64,64,64,64,64,64,64,64,64,64,64,64,64,64,64,64,64,64,64,64,64,64,64,64,64,64,64,64,64,64,64,64,64,64,64,64,64,64,64,64,64,64,64,64,64,64,64,64,64,64,64,64,64,64,64,64,64,64,64,64,64,64,64,64,64,64,64,64,64,64,64,64,64,64,64,64,64,64,64,64,64,64,64,64,64,64,64,64,64,64,64,64,64,64,64,64,64,64,64,64,64,64,64,64,64,64,64,64,64,64,64,64,64,64,64,64,64,64,64,64,64,64,64,64,64,64,64,64,64,64,64,64,64,64,64,64,64,64,64,64,64,64,64,64,64,64,64,64,64,64,64,64,64,64,64,64,64,64,64,64,64,64,64,64,64,64,64,64,64,64,64,64,64,64,64,64,64,64,64,64,64,64,64,64,64,64,64,64,64,64,64,64,64,64,64,64,64,64,64,64,64,64,64,64,64,64,64,64,64,64,64,64,64,64,64,64,64,64,64,64,64,64,64,64,64,64,64,64,64,64,64,64,64,64,64,64,64,64,64,64,64,64,64,64,64,64,64,64,64,64,64,64,64,