[64, 256, 128]
0,0,0,0,0,0,0,0,0,0,0,0,0,0,0,0,0,0,0,0,0,0,0,0,0,0,0,0,0,0,0,0,0,0,0,0,0,0,0,0,0,0,0,0,0,0,0,0,0,0,0,0,0,0,0,0,0,0,0,0,0,0,0,0,0,0,0,0,0,0,0,0,0,0,0,0,0,0,0,0,0,0,0,0,0,0,0,0,0,0,0,0,0,0,0,0,0,0,0,0,0,0,0,0,0,0,0,0,0,0,0,0,0,0,0,0,0,0,0,0,0,0,0,0,0,0,0,0,0,0,0,0,0,0,0,0,0,0,0,0,0,0,0,0,0,0,0,0,0,0,0,0,0,0,0,0,0,0,0,0,0,0,0,0,0,0,0,0,0,0,0,0,0,0,0,0,0,0,0,0,0,0,0,0,0,0,0,0,0,0,0,0,0,0,0,0,0,0,0,0,0,0,0,0,0,0,0,0,0,0,0,0,0,0,0,0,0,0,0,0,0,0,0,0,0,0,0,0,0,0,0,0,0,0,0,0,0,0,0,0,0,0,0,0,0,0,0,0,0,0,0,0,0,0,0,0,
0,0,0,0,0,0,0,0,0,0,0,0,0,0,0,0,0,0,0,0,0,0,0,0,0,0,0,0,0,0,0,0,0,0,0,0,0,0,0,0,0,0,0,0,0,0,0,0,0,0,0,0,0,0,0,0,0,0,0,0,0,0,0,0,0,0,0,0,0,0,0,0,0,0,0,0,0,0,0,0,0,0,0,0,0,0,0,0,0,0,0,0,0,0,0,0,0,0,0,0,0,0,0,0,0,0,0,0,0,0,0,0,0,0,0,0,0,0,0,0,0,0,0,0,0,0,0,0,0,0,0,0,0,0,0,0,0,0,0,0,0,0,0,0,0,0,0,0,0,0,0,0,0,0,0,0,0,0,0,0,0,0,0,0,0,0,0,0,0,0,0,0,0,0,0,0,0,0,0,0,0,0,0,0,0,0,0,0,0,0,0,0,0,0,0,0,0,0,0,0,0,0,0,0,0,0,0,0,0,0,0,0,0,0,0,0,0,0,0,0,0,0,0,0,0,0,0,0,0,0,0,0,0,0,0,0,0,0,0,0,0,0,0,0,0,0,0,0,0,0,0,0,0,0,0,0,
0,0,0,0,0,0,0,0,0,0,0,0,0,0,0,0,0,0,0,0,0,0,0,0,0,0,0,0,0,0,0,0,0,0,0,0,0,0,0,0,0,0,0,0,0,0,0,0,0,0,0,0,0,0,0,0,0,0,0,0,0,0,0,0,0,0,0,0,0,0,0,0,0,0,0,0,0,0,0,0,0,0,0,0,0,0,0,0,0,0,0,0,0,0,0,0,0,0,0,0,0,0,0,0,0,0,0,0,0,0,0,0,0,0,0,0,0,0,0,0,0,0,0,0,0,0,0,0,0,0,0,0,0,0,0,0,0,0,0,0,0,0,0,0,0,0,0,0,0,0,0,0,0,0,0,0,0,0,0,0,0,0,0,0,0,0,0,0,0,0,0,0,0,0,0,0,0,0,0,0,0,0,0,0,0,0,0,0,0,0,0,0,0,0,0,0,0,0,0,0,0,0,0,0,0,0,0,0,0,0,0,0,0,0,0,0,0,0,0,0,0,0,0,0,0,0,0,0,0,0,0,0,0,0,0,0,0,0,0,0,0,0,0,0,0,0,0,0,0,0,0,0,0,0,0,0,
0,0,0,0,0,0,0,0,0,0,0,0,0,0,0,0,0,0,0,0,0,0,0,0,0,0,0,0,0,0,0,0,0,0,0,0,0,0,0,0,0,0,0,0,0,0,0,0,0,0,0,0,0,0,0,0,0,0,0,0,0,0,0,0,0,0,0,0,0,0,0,0,0,0,0,0,0,0,0,0,0,0,0,0,0,0,0,0,0,0,0,0,0,0,0,0,0,0,0,0,0,0,0,0,0,0,0,0,0,0,0,0,0,0,0,0,0,0,0,0,0,0,0,0,0,0,0,0,0,0,0,0,0,0,0,0,0,0,0,0,0,0,0,0,0,0,0,0,0,0,0,0,0,0,0,0,0,0,0,0,0,0,0,0,0,0,0,0,0,0,0,0,0,0,0,0,0,0,0,0,0,0,0,0,0,0,0,0,0,0,0,0,0,0,0,0,0,0,0,0,0,0,0,0,0,0,0,0,0,0,0,0,0,0,0,0,0,0,0,0,0,0,0,0,0,0,0,0,0,0,0,0,0,0,0,0,0,0,0,0,0,0,0,0,0,0,0,0,0,0,0,0,0,0,0,0,
0,0,0,0,0,0,0,0,0,0,0,0,0,0,0,0,0,0,0,0,0,0,0,0,0,0,0,0,0,0,0,0,0,0,0,0,0,0,0,0,0,0,0,0,0,0,0,0,0,0,0,0,0,0,0,0,0,0,0,0,0,0,0,0,0,0,0,0,0,0,0,0,0,0,0,0,0,0,0,0,0,0,0,0,0,0,0,0,0,0,0,0,0,0,0,0,0,0,0,0,0,0,0,0,0,0,0,0,0,0,0,0,0,0,0,0,0,0,0,0,0,0,0,0,0,0,0,0,0,0,0,0,0,0,0,0,0,0,0,0,0,0,0,0,0,0,0,0,0,0,0,0,0,0,0,0,0,0,0,0,0,0,0,0,0,0,0,0,0,0,0,0,0,0,0,0,0,0,0,0,0,0,0,0,0,0,0,0,0,0,0,0,0,0,0,0,0,0,0,0,0,0,0,0,0,0,0,0,0,0,0,0,0,0,0,0,0,0,0,0,0,0,0,0,0,0,0,0,0,0,0,0,0,0,0,0,0,0,0,0,0,0,0,0,0,0,0,0,0,0,0,0,0,0,0,0,
0,0,0,0,0,0,0,0,0,0,0,0,0,0,0,0,0,0,0,0,0,0,0,0,0,0,0,0,0,0,0,0,0,0,0,0,0,0,0,0,0,0,0,0,0,0,0,0,0,0,0,0,0,0,0,0,0,0,0,0,0,0,0,0,0,0,0,0,0,0,0,0,0,0,0,0,0,0,0,0,0,0,0,0,0,0,0,0,0,0,0,0,0,0,0,0,0,0,0,0,0,0,0,0,0,0,0,0,0,0,0,0,0,0,0,0,0,0,0,0,0,0,0,0,0,0,0,0,0,0,0,0,0,0,0,0,0,0,0,0,0,0,0,0,0,0,0,0,0,0,0,0,0,0,0,0,0,0,0,0,0,0,0,0,0,0,0,0,0,0,0,0,0,0,0,0,0,0,0,0,0,0,0,0,0,0,0,0,0,0,0,0,0,0,0,0,0,0,0,0,0,0,0,0,0,0,0,0,0,0,0,0,0,0,0,0,0,0,0,0,0,0,0,0,0,0,0,0,0,0,0,0,0,0,0,0,0,0,0,0,0,0,0,0,0,0,0,0,0,0,0,0,0,0,0,0,
0,0,0,0,0,0,0,0,0,0,0,0,0,0,0,0,0,0,0,0,0,0,0,0,0,0,0,0,0,0,0,0,0,0,0,0,0,0,0,0,0,0,0,0,0,0,0,0,0,0,0,0,0,0,0,0,0,0,0,0,0,0,0,0,0,0,0,0,0,0,0,0,0,0,0,0,0,0,0,0,0,0,0,0,0,0,0,0,0,0,0,0,0,0,0,0,0,0,0,0,0,0,0,0,0,0,0,0,0,0,0,0,0,0,0,0,0,0,0,0,0,0,0,0,0,0,0,0,0,0,0,0,0,0,0,0,0,0,0,0,0,0,0,0,0,0,0,0,0,0,0,0,0,0,0,0,0,0,0,0,0,0,0,0,0,0,0,0,0,0,0,0,0,0,0,0,0,0,0,0,0,0,0,0,0,0,0,0,0,0,0,0,0,0,0,0,0,0,0,0,0,0,0,0,0,0,0,0,0,0,0,0,0,0,0,0,0,0,0,0,0,0,0,0,0,0,0,0,0,0,0,0,0,0,0,0,0,0,0,0,0,0,0,0,0,0,0,0,0,0,0,0,0,0,0,0,
0,0,0,0,0,0,0,0,0,0,0,0,0,0,0,0,0,0,0,0,0,0,0,0,0,0,0,0,0,0,0,0,0,0,0,0,0,0,0,0,0,0,0,0,0,0,0,0,0,0,0,0,0,0,0,0,0,0,0,0,0,0,0,0,0,0,0,0,0,0,0,0,0,0,0,0,0,0,0,0,0,0,0,0,0,0,0,0,0,0,0,0,0,0,0,0,0,0,0,0,0,0,0,0,0,0,0,0,0,0,0,0,0,0,0,0,0,0,0,0,0,0,0,0,0,0,0,0,0,0,0,0,0,0,0,0,0,0,0,0,0,0,0,0,0,0,0,0,0,0,0,0,0,0,0,0,0,0,0,0,0,0,0,0,0,0,0,0,0,0,0,0,0,0,0,0,0,0,0,0,0,0,0,0,0,0,0,0,0,0,0,0,0,0,0,0,0,0,0,0,0,0,0,0,0,0,0,0,0,0,0,0,0,0,0,0,0,0,0,0,0,0,0,0,0,0,0,0,0,0,0,0,0,0,0,0,0,0,0,0,0,0,0,0,0,0,0,0,0,0,0,0,0,0,0,0,
0,0,0,0,0,0,0,0,0,0,0,0,0,0,0,0,0,0,0,0,0,0,0,0,0,0,0,0,0,0,0,0,0,0,0,0,0,0,0,0,0,0,0,0,0,0,0,0,0,0,0,0,0,0,0,0,0,0,0,0,0,0,0,0,0,0,0,0,0,0,0,0,0,0,0,0,0,0,0,0,0,0,0,0,0,0,0,0,0,0,0,0,0,0,0,0,0,0,0,0,0,0,0,0,0,0,0,0,0,0,0,0,0,0,0,0,0,0,0,0,0,0,0,0,0,0,0,0,0,0,0,0,0,0,0,0,0,0,0,0,0,0,0,0,0,0,0,0,0,0,0,0,0,0,0,0,0,0,0,0,0,0,0,0,0,0,0,0,0,0,0,0,0,0,0,0,0,0,0,0,0,0,0,0,0,0,0,0,0,0,0,0,0,0,0,0,0,0,0,0,0,0,0,0,0,0,0,0,0,0,0,0,0,0,0,0,0,0,0,0,0,0,0,0,0,0,0,0,0,0,0,0,0,0,0,0,0,0,0,0,0,0,0,0,0,0,0,0,0,0,0,0,0,0,0,0,
0,0,0,0,0,0,0,0,0,0,0,0,0,0,0,0,0,0,0,0,0,0,0,0,0,0,0,0,0,0,0,0,0,0,0,0,0,0,0,0,0,0,0,0,0,0,0,0,0,0,0,0,0,0,0,0,0,0,0,0,0,0,0,0,0,0,0,0,0,0,0,0,0,0,0,0,0,0,0,0,0,0,0,0,0,0,0,0,0,0,0,0,0,0,0,0,0,0,0,0,0,0,0,0,0,0,0,0,0,0,0,0,0,0,0,0,0,0,0,0,0,0,0,1,0,0,0,0,0,0,0,0,0,0,0,0,0,0,0,0,0,0,0,0,0,0,1,0,0,0,0,0,0,0,0,0,0,0,0,0,0,0,0,0,0,0,0,0,0,0,0,0,0,0,0,0,0,0,0,0,0,0,0,0,0,0,0,0,0,0,0,0,0,0,0,0,0,0,0,0,0,0,0,0,0,0,0,0,0,0,0,0,0,0,0,0,0,0,0,0,0,0,0,0,0,0,0,0,0,0,0,0,0,0,0,0,0,0,0,0,0,0,0,0,0,0,0,0,0,0,0,0,0,0,0,0,
0,0,0,0,0,0,0,0,0,0,0,0,0,0,0,0,0,0,0,0,0,0,0,0,0,0,0,0,0,0,0,0,0,0,0,0,0,0,0,0,0,0,0,0,0,0,0,0,0,0,0,0,0,0,0,0,0,0,0,0,0,0,0,0,0,0,0,0,0,0,0,0,0,0,0,0,0,0,0,0,0,0,0,0,0,0,0,0,0,0,0,0,0,0,0,0,0,0,0,0,0,0,0,0,0,0,0,0,0,0,0,0,0,0,0,0,0,0,0,0,0,0,0,1,0,0,0,0,0,0,0,0,0,0,0,0,0,0,0,0,0,0,0,0,0,0,1,0,0,0,0,0,0,0,0,0,0,0,0,0,0,0,0,0,0,0,0,0,0,0,0,0,0,0,0,0,0,0,0,0,0,0,0,0,0,0,0,0,0,0,0,0,0,0,0,0,0,0,0,0,0,0,0,0,0,0,0,0,0,0,0,0,0,0,0,0,0,0,0,0,0,0,0,0,0,0,0,0,0,0,0,0,0,0,0,0,0,0,0,0,0,0,0,0,0,0,0,0,0,0,0,0,0,0,0,0,
0,0,0,0,0,0,0,0,0,0,0,0,0,0,0,0,0,0,0,0,0,0,0,0,0,0,0,0,0,0,0,0,0,0,0,0,0,0,0,0,0,0,0,0,0,0,0,0,0,0,0,0,0,0,0,0,0,0,0,2,0,0,0,0,0,0,0,0,0,0,0,0,0,0,0,0,0,0,0,0,0,0,0,0,0,0,0,0,0,0,0,0,0,0,0,0,0,0,0,0,0,0,0,0,0,0,0,0,0,0,0,0,0,0,0,0,0,0,0,0,0,0,0,0,0,0,0,0,0,0,0,0,0,0,0,0,0,0,0,2,0,0,0,0,0,0,0,0,0,0,0,0,0,0,0,0,0,0,0,0,0,0,0,0,0,0,0,0,0,0,0,0,0,0,0,0,0,0,0,0,0,0,0,0,0,0,0,0,0,0,0,0,0,0,0,0,0,0,0,0,0,0,0,0,0,0,0,0,0,0,0,0,0,0,0,0,0,0,0,0,0,0,0,0,0,0,0,0,0,0,0,0,0,0,0,0,0,0,0,0,0,0,0,0,0,0,0,0,0,0,0,0,0,0,0,0,
0,0,0,0,0,0,0,0,0,0,0,0,0,0,0,0,0,0,0,0,0,0,0,0,0,0,0,0,0,0,0,0,0,0,0,0,0,0,0,0,0,0,0,0,1,0,0,0,0,0,0,0,0,0,0,0,0,0,0,0,0,0,0,0,0,0,0,0,0,0,0,0,0,0,0,0,0,0,0,0,0,0,0,0,0,0,0,0,0,0,0,0,0,0,0,0,0,0,0,0,0,0,0,0,0,0,0,0,0,0,0,0,0,0,0,0,0,0,0,0,0,0,0,0,0,0,1,0,0,0,0,0,0,0,0,0,0,0,0,0,0,0,0,0,0,0,0,0,0,0,0,0,0,0,0,0,0,0,0,0,0,0,0,0,0,0,0,0,0,0,0,0,0,0,0,0,0,0,0,0,0,0,0,0,0,0,0,0,0,0,0,0,0,0,0,0,0,0,0,0,0,0,0,0,0,0,0,0,0,0,0,0,0,0,0,0,0,0,0,0,0,0,0,0,0,0,0,0,0,0,0,0,0,0,0,0,0,0,0,0,0,0,0,0,0,0,0,0,0,0,0,0,0,0,0,0,
0,0,0,0,0,0,0,0,0,0,0,0,0,0,0,0,0,0,0,0,0,0,0,0,0,0,0,0,0,0,0,0,0,0,0,0,0,0,0,0,0,0,0,0,3,1,3,0,0,0,0,0,0,0,0,0,0,0,5,0,0,0,0,0,0,0,0,0,0,0,0,0,0,0,0,0,0,0,0,0,0,0,0,0,0,0,0,0,0,0,0,0,0,0,0,0,0,0,0,0,0,0,0,0,0,0,0,0,0,0,0,0,0,0,0,0,0,0,0,0,0,0,0,0,0,0,0,0,0,0,0,0,0,0,0,0,0,0,0,0,0,0,0,2,0,0,0,0,0,0,0,0,0,0,0,0,0,0,0,0,0,0,0,0,0,0,0,0,0,0,0,0,0,0,0,0,0,0,0,0,0,0,0,0,0,0,0,0,0,0,0,0,0,0,0,0,0,0,0,0,0,0,0,0,0,0,0,0,0,0,0,0,0,0,0,0,0,0,0,0,0,0,0,0,0,0,0,0,0,0,0,0,0,0,0,0,0,0,0,0,0,0,0,0,0,0,0,0,0,0,0,0,0,0,0,0,
0,0,0,0,0,0,0,0,0,0,0,0,0,0,4,0,0,0,0,0,0,0,0,0,0,0,0,0,0,0,0,0,0,0,0,0,0,0,0,0,0,0,0,2,0,0,0,3,0,0,0,0,0,0,0,0,0,0,0,0,0,0,0,0,1,0,0,0,0,0,0,0,0,0,0,0,0,0,0,0,0,0,0,0,0,0,0,0,0,0,0,0,0,0,0,0,0,0,0,0,0,0,0,0,0,0,0,0,0,0,0,0,0,0,0,0,0,0,0,0,0,0,0,0,0,0,0,0,0,0,0,0,0,0,0,0,0,0,0,0,0,0,4,0,0,0,0,0,0,0,0,0,0,0,0,0,0,0,0,0,0,0,0,0,0,0,0,0,0,0,0,0,0,0,0,0,0,0,0,0,0,0,0,0,0,0,0,0,0,0,0,0,0,0,0,0,0,0,0,0,0,0,0,0,0,0,0,0,0,0,0,0,0,0,0,0,0,0,0,0,0,0,0,0,0,0,0,0,0,0,0,0,0,0,0,0,0,0,0,0,0,0,0,0,0,0,0,0,0,0,0,0,0,0,0,0,
0,0,0,0,0,0,0,0,0,0,0,0,0,5,5,0,0,0,0,0,0,0,0,0,0,0,0,0,0,0,0,0,0,0,0,0,0,0,0,0,0,4,2,1,4,0,0,0,0,0,0,0,0,0,0,0,0,0,0,0,2,0,0,0,0,0,0,0,0,0,0,0,0,0,0,0,0,0,0,0,0,0,0,0,0,0,0,0,0,0,0,0,0,0,0,0,0,0,0,0,0,0,0,0,0,0,0,0,0,0,0,0,0,0,0,0,0,0,0,0,0,0,0,0,0,0,0,0,0,0,0,0,0,0,0,0,0,0,0,0,0,0,4,0,0,0,0,0,0,0,0,0,0,0,0,0,0,0,0,0,0,0,0,0,0,0,0,0,0,0,0,0,0,0,0,0,0,0,0,0,0,0,0,0,0,0,0,0,0,0,0,0,0,0,0,0,0,0,0,0,0,0,0,0,0,0,0,0,0,0,0,0,0,0,0,0,0,0,0,0,0,0,0,0,0,0,0,0,0,0,0,0,0,0,0,0,0,0,0,0,0,0,0,0,0,0,0,0,0,0,0,0,0,0,0,0,
0,0,0,0,0,0,0,0,0,0,0,0,0,0,0,0,0,0,0,0,0,0,0,0,0,0,0,0,0,0,0,0,0,0,0,0,0,0,0,0,0,0,0,0,0,0,0,0,0,0,0,0,0,0,0,0,0,0,0,2,2,1,0,0,0,0,0,0,0,0,0,0,0,0,0,0,0,0,0,0,0,0,0,0,0,0,0,0,0,0,0,0,0,0,0,0,0,0,0,0,0,0,0,0,0,0,0,0,0,0,0,0,0,0,0,0,0,0,0,0,0,0,0,0,0,0,0,0,0,0,0,0,0,0,0,0,0,0,0,0,0,0,0,0,0,0,0,0,0,0,0,0,0,0,0,0,0,0,0,0,0,0,0,0,0,0,0,0,0,0,0,0,0,0,0,0,0,0,0,0,0,0,0,0,0,0,0,0,0,0,0,0,0,0,0,0,0,0,0,0,0,0,0,0,0,0,0,0,0,0,0,0,0,0,0,0,0,0,0,0,0,0,0,0,0,0,0,0,0,0,0,0,0,0,0,0,0,0,0,0,0,0,0,0,0,0,0,0,0,0,0,0,0,0,0,0,
0,0,0,0,0,0,0,0,0,0,0,0,0,0,0,0,0,0,0,0,0,0,0,0,0,0,0,0,0,0,0,0,0,0,0,0,0,0,0,0,0,0,0,0,0,0,0,0,0,0,0,0,0,0,0,0,0,0,0,0,0,2,0,3,3,0,0,2,0,0,0,0,0,0,0,0,0,0,0,0,0,0,0,0,0,0,0,0,0,0,0,0,0,0,0,0,0,0,0,0,0,0,0,0,0,0,0,0,0,0,0,0,0,0,0,0,0,0,0,0,0,0,0,0,0,0,0,0,0,0,0,0,0,0,0,0,0,0,0,0,0,0,0,0,0,0,0,0,4,0,0,1,0,0,0,0,0,0,0,0,0,1,0,0,0,0,0,0,0,0,0,0,0,0,0,0,0,0,0,0,0,0,0,0,0,0,0,0,0,0,0,0,0,0,0,0,0,0,0,0,0,0,0,0,0,0,0,0,0,0,0,0,0,0,0,0,0,0,0,0,0,0,0,0,0,1,0,0,0,0,0,0,0,0,0,0,0,0,0,0,0,0,0,0,0,0,0,0,0,0,0,0,0,0,0,0,
0,0,3,0,0,0,0,0,0,0,0,0,0,0,1,0,0,0,0,0,0,0,0,0,0,0,0,0,0,0,0,0,0,0,0,0,0,0,0,0,0,0,0,0,0,0,0,0,0,0,0,0,0,0,0,0,0,0,0,0,0,0,0,0,0,0,0,0,3,0,0,0,0,0,0,0,0,0,0,0,0,0,0,0,0,0,0,0,0,0,0,0,0,0,0,0,0,0,0,0,0,0,0,0,0,0,0,0,0,0,0,0,0,0,0,0,0,0,0,0,0,0,0,0,0,0,0,0,0,0,0,0,0,0,0,0,0,0,0,0,0,0,0,0,0,0,0,0,0,5,0,4,0,0,0,0,0,0,0,0,0,0,0,1,0,0,0,0,0,0,0,0,0,0,0,0,0,0,0,0,0,0,0,0,0,0,0,0,0,0,0,0,1,0,0,0,0,0,0,0,0,0,0,0,0,0,0,0,0,0,0,0,0,0,0,0,0,0,0,0,0,0,0,0,0,1,0,0,0,0,0,2,0,0,0,0,0,0,0,0,0,0,0,0,0,0,0,0,0,0,0,0,0,0,0,0,
0,0,0,3,1,0,0,0,3,0,0,0,0,0,0,3,0,4,0,0,0,0,0,0,0,0,0,0,0,0,0,0,0,0,0,0,0,0,0,0,0,0,0,0,0,0,0,0,0,0,0,0,0,0,0,0,0,0,2,0,1,0,0,0,0,0,0,0,0,0,0,0,0,0,0,0,0,0,0,0,0,0,0,0,0,0,0,0,0,0,0,0,0,0,0,0,0,0,0,0,0,0,0,0,0,0,0,0,0,0,0,0,0,0,0,0,0,0,0,0,0,0,0,0,0,0,0,0,0,0,0,0,0,0,0,0,0,0,0,0,0,0,0,0,0,1,0,0,0,0,4,0,1,0,0,0,0,0,0,0,0,0,0,0,0,0,0,0,2,0,0,0,0,0,0,0,0,0,0,0,0,0,0,0,0,0,0,0,0,0,0,0,1,0,0,0,0,0,0,0,0,0,0,0,0,0,0,0,0,0,0,0,0,0,0,0,0,0,0,0,0,0,0,0,0,2,0,0,2,0,0,0,0,0,0,0,0,0,0,0,0,0,0,0,0,1,0,0,0,0,0,0,0,0,0,0,
0,0,0,4,0,0,0,0,0,0,1,1,0,0,0,1,0,2,5,0,0,0,0,0,0,0,0,0,0,0,0,0,0,0,0,0,0,0,0,0,0,0,0,0,0,0,0,0,0,0,0,0,0,0,0,0,0,0,2,3,0,2,0,0,0,0,0,0,0,0,0,0,0,0,0,0,0,0,0,0,0,0,0,0,0,0,0,1,0,0,0,0,0,0,0,0,0,0,0,0,0,0,0,0,0,0,0,0,0,0,0,0,0,0,0,0,0,0,0,0,0,0,0,0,0,0,0,0,0,0,0,0,0,0,0,0,0,0,0,0,0,0,1,0,0,0,0,0,0,0,2,4,0,2,0,0,0,0,0,0,0,0,0,0,0,2,0,1,0,0,0,0,0,0,0,0,0,0,0,0,0,0,0,0,0,0,0,0,0,0,0,0,0,0,0,0,0,0,0,0,0,0,0,0,0,0,0,0,0,0,0,0,0,0,0,0,0,0,0,0,0,0,0,0,0,0,0,0,1,0,0,0,0,0,0,0,0,0,0,0,0,0,0,0,0,0,0,0,0,0,0,0,0,0,0,0,
0,0,0,0,2,0,0,0,0,0,0,0,0,0,0,1,6,3,3,0,0,0,0,0,0,0,0,0,0,0,0,0,0,0,0,0,0,0,0,0,0,0,0,0,0,0,0,0,0,0,0,0,3,0,0,0,0,0,0,3,0,1,0,0,0,0,0,0,0,0,0,0,0,0,0,0,0,0,0,0,0,0,0,0,2,1,1,1,0,0,0,0,0,0,0,0,0,0,0,0,0,0,0,0,0,1,0,0,1,0,0,0,0,0,0,0,0,0,0,0,0,0,0,0,0,0,0,0,0,0,0,0,0,0,0,0,0,0,0,0,0,0,2,0,0,0,0,0,0,0,0,5,0,2,0,0,0,0,0,0,0,0,0,0,0,0,3,0,0,0,0,0,0,0,0,0,0,0,0,0,0,0,0,0,0,0,0,0,0,0,0,0,0,0,0,0,0,0,0,0,0,0,0,0,0,0,0,0,0,0,0,0,0,0,0,0,0,0,0,0,0,0,2,0,1,0,0,0,2,0,0,0,0,0,0,0,0,0,0,0,0,0,0,0,0,0,0,0,0,0,0,0,0,0,0,0,
0,0,0,0,3,2,3,3,0,0,0,0,0,0,0,5,1,0,0,0,0,0,0,0,0,0,0,0,0,0,0,0,0,0,0,0,0,0,0,0,0,0,0,0,0,0,0,0,0,0,0,0,0,0,0,0,0,1,1,2,0,0,1,0,0,0,0,0,0,0,0,0,0,0,1,0,0,0,0,1,1,0,0,0,0,2,0,0,2,0,0,0,0,0,0,0,0,0,0,0,0,0,0,5,1,2,0,0,3,0,0,0,0,0,0,0,0,0,0,0,0,0,0,0,0,0,0,0,0,0,0,0,0,0,0,0,0,0,0,0,0,0,0,0,1,0,0,0,0,0,0,0,0,3,0,0,0,1,0,1,0,0,0,0,0,0,0,0,0,0,0,0,0,0,0,0,0,0,0,0,0,0,0,0,0,0,0,0,0,0,0,0,0,0,0,0,0,0,0,0,0,0,0,0,0,0,0,0,0,0,0,0,0,0,0,0,0,1,0,0,0,0,0,0,0,0,0,0,0,0,0,0,0,0,0,0,0,0,0,0,0,0,2,0,0,0,2,0,0,0,0,0,0,0,0,0,
0,0,0,0,1,3,2,0,0,0,0,0,0,0,0,0,3,2,0,5,0,0,0,0,0,0,0,0,0,0,0,0,0,0,0,0,0,0,0,0,0,0,0,0,0,0,0,0,0,0,0,0,3,0,5,0,0,0,0,3,0,2,3,1,0,0,0,0,0,0,0,0,0,0,0,0,0,0,0,0,0,1,0,0,0,0,0,0,3,0,0,0,0,0,0,0,0,0,0,0,0,0,0,4,5,0,0,0,3,0,0,0,0,0,0,0,0,0,0,0,0,0,0,0,0,0,0,0,0,0,0,0,0,0,0,0,0,0,0,0,0,0,1,0,1,0,0,0,0,1,0,0,0,0,0,0,0,2,1,0,0,0,0,0,0,0,0,0,0,0,0,0,0,0,0,0,0,0,0,0,0,9,0,0,0,0,0,0,0,0,0,0,0,0,0,0,0,0,0,0,0,0,0,7,0,0,0,0,0,0,0,1,3,0,0,0,0,0,0,0,0,0,3,0,1,0,0,0,0,0,0,0,0,0,1,0,0,0,5,0,0,0,0,3,2,3,2,0,0,0,0,0,0,0,0,0,
0,0,0,0,0,0,1,0,0,0,0,0,0,0,0,0,0,0,0,0,0,0,0,0,0,0,0,0,0,0,0,0,0,0,0,0,0,0,0,0,0,0,0,0,0,0,0,0,1,0,0,0,0,0,0,0,0,0,0,0,0,0,4,4,0,0,2,0,0,0,0,0,0,0,0,0,0,0,0,0,0,0,0,0,0,0,0,0,0,0,0,0,0,0,0,0,0,0,0,2,0,0,2,0,0,4,0,0,0,4,0,0,0,0,0,0,0,0,0,0,1,0,0,0,0,0,0,0,0,0,0,0,0,0,0,0,0,0,0,0,0,0,0,0,0,0,0,0,0,0,0,0,0,0,0,0,0,0,0,0,0,0,0,0,0,0,0,0,0,0,0,0,0,0,0,0,0,0,0,0,0,0,0,0,0,0,0,0,0,0,0,0,0,0,0,0,0,0,0,0,0,0,0,8,0,0,0,0,0,0,0,0,2,2,0,0,0,0,1,0,0,0,0,2,2,0,0,0,0,0,0,0,0,0,1,0,0,2,0,6,0,0,0,4,2,3,4,0,0,0,0,0,0,0,0,0,
0,2,1,0,0,0,2,0,0,0,0,0,0,0,0,0,0,0,0,0,0,0,0,0,0,0,0,0,0,0,0,0,0,0,0,0,0,0,1,0,0,0,0,0,0,0,2,0,2,0,0,0,0,0,0,0,0,0,0,0,0,0,0,4,0,1,0,2,0,0,0,0,0,0,0,0,0,0,4,0,0,2,0,0,0,0,0,0,0,0,0,0,0,0,0,0,0,0,0,0,0,1,3,0,0,8,0,0,0,0,0,0,0,0,0,0,0,0,0,0,0,0,0,0,0,0,0,0,0,0,0,0,0,0,0,0,0,0,0,0,0,0,0,0,0,1,0,0,2,0,0,0,0,0,0,0,0,0,0,0,0,0,0,0,0,0,0,0,0,0,1,0,0,0,0,0,0,0,0,0,0,0,0,0,0,0,0,0,0,0,0,0,0,0,0,0,0,0,0,0,0,0,0,0,0,0,0,0,0,0,0,0,0,0,0,1,0,0,0,3,0,0,4,3,0,0,0,0,0,0,0,0,0,2,1,2,0,0,3,3,0,0,0,0,0,0,4,0,3,0,0,0,0,0,0,0,
3,3,0,0,0,0,0,0,0,0,0,1,0,0,0,0,0,0,0,0,0,0,0,3,0,0,0,0,0,0,0,0,0,0,0,0,0,0,0,0,0,0,0,0,0,0,0,1,2,0,0,0,1,0,0,2,0,0,0,0,0,0,3,0,4,0,0,0,2,0,0,0,0,0,0,0,1,2,0,0,0,0,0,0,0,0,0,2,0,0,0,0,0,0,0,2,0,0,0,0,2,0,0,4,0,0,0,0,7,2,8,8,0,0,0,0,0,0,0,0,0,0,0,0,0,0,0,0,0,0,0,0,0,2,0,0,0,0,0,0,0,0,0,0,0,1,1,5,0,0,0,0,0,1,0,0,0,0,0,0,0,0,0,0,1,2,1,1,0,1,1,9,0,0,0,0,0,4,4,0,0,0,0,0,0,0,0,0,0,0,1,0,1,0,0,0,0,0,0,0,0,0,0,0,0,0,0,0,2,1,0,0,0,0,0,0,0,0,3,4,0,4,0,1,3,0,0,0,0,0,0,0,0,0,0,0,0,0,0,0,0,0,0,0,0,0,0,0,0,4,0,1,0,0,0,0,
3,0,3,3,0,0,6,0,3,0,0,0,2,0,0,0,0,0,0,0,3,0,0,4,0,0,0,0,0,0,0,0,0,0,0,0,0,0,0,1,0,0,1,0,0,0,0,0,0,1,0,0,0,0,0,0,0,0,0,0,0,2,0,0,6,0,0,2,0,0,0,0,0,0,0,0,0,0,2,0,0,3,0,0,0,0,0,2,0,0,0,0,0,0,0,0,0,0,0,0,3,3,0,0,0,0,0,0,7,0,8,8,0,0,0,0,0,0,0,1,1,0,0,0,0,0,0,0,0,0,0,0,0,0,0,0,1,0,0,0,0,0,0,0,0,0,0,4,0,4,0,0,0,2,0,0,0,2,0,0,0,0,0,0,0,0,2,0,0,2,9,9,0,0,7,0,0,0,0,0,0,0,0,0,0,0,0,1,0,0,2,1,0,1,0,1,1,2,0,0,0,0,0,0,1,0,0,6,0,3,0,0,0,0,0,0,0,0,2,3,0,1,0,2,3,0,0,0,0,0,0,0,0,0,0,0,0,5,3,4,5,1,0,0,0,0,0,0,0,0,0,0,0,0,0,0,
2,8,0,0,4,0,2,5,4,0,0,0,0,0,1,0,0,0,0,0,0,0,0,0,6,0,0,0,0,0,0,0,0,0,0,0,0,0,0,0,0,0,4,2,4,0,0,0,0,0,1,0,0,0,0,1,1,0,0,0,5,3,0,0,0,1,0,2,3,2,1,2,1,0,0,8,0,0,0,0,0,0,2,0,0,0,0,0,0,0,0,0,0,1,0,0,0,2,0,0,3,4,0,0,0,0,0,0,0,0,0,10,10,0,0,0,0,0,0,1,1,0,1,3,0,0,0,0,0,0,0,0,0,0,0,0,1,0,0,1,0,0,0,0,3,0,0,0,5,0,5,2,0,0,0,8,2,1,0,2,0,0,0,0,0,0,0,0,6,5,0,1,0,6,0,0,0,0,0,0,0,0,0,0,0,0,0,0,0,0,0,2,0,0,0,0,0,0,0,0,0,0,0,0,0,5,4,0,0,0,0,0,2,0,0,0,0,0,0,0,0,2,1,0,0,0,3,0,0,0,3,0,0,0,0,0,0,0,7,4,5,5,0,0,0,0,0,0,0,0,0,0,0,0,0,0,
0,8,0,0,0,0,4,5,0,0,0,0,0,0,0,1,0,0,0,1,0,0,0,0,0,1,0,0,0,0,0,0,0,0,0,0,0,0,0,0,3,0,0,4,4,1,2,0,0,0,0,0,0,0,0,0,0,0,0,1,0,7,0,5,0,0,0,3,0,2,0,4,1,0,0,0,0,0,0,0,0,0,3,6,1,0,0,0,0,0,0,0,0,0,1,0,3,3,4,0,0,0,0,0,0,0,0,0,0,0,0,0,0,1,1,0,0,0,0,2,2,0,0,3,1,0,0,3,0,0,0,2,0,0,2,1,0,0,0,0,2,0,0,4,4,3,0,0,1,2,1,0,3,0,8,2,10,0,4,1,0,0,0,0,0,0,5,0,0,0,2,1,1,7,0,4,0,5,0,1,0,1,0,0,5,0,0,0,1,0,0,2,0,0,0,0,0,0,0,0,0,0,0,0,0,0,6,5,4,1,0,0,0,2,2,0,0,0,0,0,0,2,2,0,0,0,0,2,0,0,0,0,0,0,3,0,0,0,2,3,0,0,0,0,0,0,0,0,0,0,0,0,0,0,0,0,
0,7,3,0,0,0,1,8,7,0,0,0,0,0,0,0,0,0,0,1,0,0,0,0,0,0,2,2,0,4,0,0,3,0,0,0,0,0,0,0,0,4,3,1,3,0,2,3,2,0,0,0,1,2,0,1,0,0,0,1,0,0,8,5,6,1,0,0,0,0,1,0,5,0,0,1,0,0,0,2,6,0,4,0,0,0,5,0,0,0,0,0,0,3,0,3,0,0,0,4,0,0,1,3,0,0,0,0,0,0,0,10,0,0,0,0,0,0,0,3,0,0,3,4,2,2,2,4,2,0,0,3,0,0,0,3,0,1,1,0,5,2,0,4,3,4,6,0,0,2,0,0,0,0,9,9,10,2,2,3,1,4,0,0,6,0,4,5,6,3,2,3,8,2,9,10,5,2,5,0,0,0,2,2,1,5,4,1,1,1,0,0,0,0,0,0,0,0,0,0,0,0,0,0,0,0,3,7,5,0,0,0,0,0,0,0,0,0,0,0,0,0,0,0,0,0,0,0,4,0,0,0,0,0,0,0,0,4,4,1,0,0,0,0,0,0,0,0,0,0,0,0,0,0,0,0,
0,9,8,8,0,1,0,1,0,0,0,0,0,0,0,0,0,0,0,0,0,0,3,0,3,2,3,3,2,5,4,0,2,3,1,0,6,0,0,0,0,5,4,0,3,0,0,2,0,0,0,0,0,0,4,0,0,0,0,2,4,0,9,2,0,0,0,6,4,0,0,1,4,5,3,0,3,2,3,3,6,0,0,0,0,0,3,4,0,4,0,0,0,0,4,5,3,0,0,0,4,1,4,3,2,2,0,0,5,0,0,2,10,2,0,0,0,3,0,0,0,0,0,4,3,4,5,0,2,3,4,4,0,0,0,0,7,2,2,0,0,4,3,3,2,4,2,8,0,0,0,3,1,1,0,10,0,3,3,4,4,4,4,6,0,0,0,5,0,4,2,11,12,2,2,9,0,0,1,0,1,1,4,3,3,0,0,8,2,1,0,0,1,2,0,0,1,0,0,0,0,0,0,1,0,0,3,2,7,3,3,0,0,0,0,3,0,0,0,0,0,0,0,2,0,0,0,0,3,0,0,1,0,1,0,0,0,0,5,0,4,0,0,0,2,0,0,7,6,0,0,0,0,0,0,0,
0,17,8,8,0,2,0,1,2,0,0,0,0,0,1,2,0,2,0,0,3,3,4,0,0,0,7,5,2,6,5,0,9,3,2,5,7,0,0,0,0,0,0,0,0,0,0,0,0,0,0,0,0,0,0,5,0,0,3,0,9,0,3,2,3,0,8,4,5,8,0,0,0,5,0,1,3,0,0,1,7,0,4,3,4,5,2,4,0,0,0,0,4,0,3,6,5,0,5,4,3,3,2,1,2,10,1,3,4,5,5,0,0,0,0,0,0,0,0,0,0,0,0,0,0,1,5,4,1,1,2,3,5,0,1,0,6,3,3,2,0,4,2,3,0,7,3,0,0,0,0,2,4,2,1,0,6,1,0,0,1,0,5,7,1,6,7,0,3,2,5,5,12,1,6,0,0,5,3,1,3,2,2,4,0,0,8,9,0,3,0,0,0,2,0,2,0,0,0,0,0,0,1,2,1,0,0,0,1,5,4,1,0,0,4,3,4,4,0,0,0,0,0,0,0,7,0,0,0,0,2,2,0,0,0,0,0,0,0,7,7,1,8,5,3,3,0,5,0,0,0,0,0,0,0,0,
12,11,11,9,10,10,13,1,2,2,7,0,0,0,0,0,0,0,0,0,1,4,4,5,6,0,0,8,6,6,0,12,0,1,3,3,7,0,0,0,0,0,0,8,0,0,4,0,0,0,0,0,0,0,4,0,0,0,4,4,4,8,0,4,5,0,8,3,5,7,0,0,0,6,1,0,0,3,5,1,4,0,3,3,4,6,5,6,0,0,1,0,4,0,2,6,5,5,4,0,0,10,4,4,0,3,9,8,4,5,5,6,0,1,3,0,0,5,0,0,0,0,0,0,0,6,1,4,2,2,2,5,3,1,0,3,4,6,5,4,0,6,2,4,3,0,10,10,0,0,5,3,3,3,9,2,9,8,0,0,0,3,0,3,4,7,9,8,2,0,8,5,1,13,7,12,9,7,4,4,0,3,2,2,0,0,4,0,0,0,0,0,0,4,1,3,1,1,4,0,0,0,3,2,0,0,1,1,7,2,5,5,1,0,1,3,0,5,6,6,0,0,0,6,2,8,0,0,0,2,0,0,0,0,0,0,0,0,0,0,8,9,4,3,6,6,4,3,5,0,1,0,0,0,0,0,
0,0,14,12,13,16,16,15,6,3,5,0,8,0,0,0,0,1,0,3,0,1,5,5,4,6,2,2,5,0,1,11,12,2,3,1,7,0,0,0,0,0,9,9,0,2,5,6,0,0,0,0,0,0,0,1,2,1,3,0,4,9,2,0,0,0,9,0,4,7,6,5,6,3,4,5,0,0,0,3,2,4,3,6,5,1,6,6,6,0,4,2,0,0,5,8,8,6,4,4,0,11,10,10,0,0,9,9,5,7,4,6,7,1,0,0,0,0,0,0,0,0,0,0,1,2,6,4,0,3,3,4,1,4,2,3,4,6,0,5,3,4,7,0,4,1,5,0,11,2,1,5,2,0,3,0,9,9,8,2,0,4,4,3,0,5,8,5,2,0,1,1,3,4,6,13,5,5,0,5,3,0,7,4,2,0,2,6,0,0,0,0,0,5,3,3,2,8,0,0,0,3,5,1,3,3,4,1,8,1,6,8,3,1,2,2,7,7,6,7,3,0,2,2,2,1,2,6,0,0,0,0,1,0,0,0,0,0,4,4,0,9,5,5,7,8,8,4,6,1,0,1,4,0,0,0,
0,0,16,14,14,6,15,17,15,5,0,1,1,8,0,0,0,0,0,1,3,2,6,5,6,3,6,7,10,6,2,1,7,8,7,1,0,0,0,0,0,0,0,0,0,0,2,4,0,0,4,0,7,0,0,1,0,4,4,2,0,4,4,11,0,0,0,2,0,9,8,8,6,6,3,5,7,0,3,3,2,2,0,3,1,6,3,3,7,0,6,2,0,10,6,8,0,8,7,6,3,3,3,6,4,3,0,0,2,5,10,8,0,0,1,2,6,1,7,0,0,0,0,0,7,3,3,2,4,0,0,2,5,3,11,7,6,8,1,6,5,5,0,6,4,2,4,6,0,3,0,5,0,2,0,0,0,11,4,4,4,0,4,4,7,0,6,5,4,3,0,3,3,5,3,6,4,6,4,1,8,7,7,5,4,4,3,0,6,0,0,0,0,0,1,2,0,5,9,5,4,4,4,7,3,4,7,3,4,3,7,6,3,1,0,2,7,3,7,9,4,4,3,3,3,4,0,2,2,0,0,0,0,0,0,0,0,0,5,0,0,0,5,6,10,7,5,7,0,5,1,2,4,6,0,0,
4,0,16,2,15,7,16,2,15,5,7,6,6,7,9,3,0,0,2,1,0,5,3,4,0,6,4,6,5,8,2,1,0,2,4,2,0,0,1,0,1,9,2,0,0,0,0,0,4,0,1,1,2,0,0,0,2,2,5,3,5,6,3,5,0,0,0,7,2,5,10,2,2,8,4,9,5,5,0,4,5,2,0,12,2,6,5,8,3,2,0,8,1,0,1,9,0,0,6,7,3,3,6,6,2,1,2,7,8,0,13,2,8,0,0,0,0,0,8,7,0,0,1,1,4,2,1,2,5,6,11,3,3,4,6,11,12,8,8,8,7,0,0,0,6,5,6,1,12,5,5,6,6,3,4,0,2,2,4,4,0,0,5,0,8,0,0,0,6,4,2,9,8,6,4,5,7,4,5,5,7,7,7,8,4,4,0,0,0,3,0,0,5,0,3,0,3,0,5,5,0,6,0,7,0,3,6,5,4,4,4,4,4,4,2,10,8,9,9,9,8,5,4,6,3,5,0,1,2,7,3,0,1,1,0,9,2,0,0,0,0,0,7,11,11,6,9,9,0,7,6,4,3,5,5,0,
0,4,19,17,3,9,6,5,3,6,7,3,6,0,4,0,1,1,1,2,1,12,3,5,1,8,5,7,7,13,3,2,4,2,1,6,0,2,1,2,1,1,1,0,0,0,0,4,0,0,0,1,0,0,0,0,2,0,0,3,8,3,8,0,0,0,10,5,6,9,11,10,9,7,8,7,7,4,5,1,5,2,11,12,7,3,3,5,4,8,10,2,7,4,2,0,0,6,8,4,6,8,4,9,11,2,6,6,6,8,0,2,2,2,2,0,2,10,10,9,8,8,6,2,7,9,1,2,0,0,10,11,10,2,6,13,13,13,10,6,9,12,10,0,5,7,6,2,6,2,6,5,0,0,0,5,0,3,0,0,0,0,0,0,0,8,5,4,5,0,1,9,7,8,7,6,6,5,5,6,7,7,5,5,2,6,0,0,0,0,0,0,5,7,1,6,1,5,0,6,6,6,6,6,0,4,5,5,3,4,6,13,2,5,11,3,13,0,3,6,8,5,6,4,6,6,0,7,2,7,0,0,2,2,5,6,2,2,2,1,1,8,8,9,12,10,8,9,2,8,4,5,7,4,5,5,
18,0,18,17,17,6,5,7,10,9,8,1,1,6,3,0,0,9,2,16,2,1,10,6,0,8,7,8,7,1,14,5,4,3,1,4,5,16,10,3,2,1,2,1,4,0,0,0,9,1,1,10,0,0,0,0,9,9,0,7,0,6,8,7,1,1,4,13,11,12,10,8,7,12,7,8,6,10,6,4,1,4,2,11,11,3,4,13,5,2,11,4,1,3,0,2,3,6,6,5,7,8,4,0,11,9,11,6,4,3,0,2,3,4,0,3,3,5,5,11,9,9,7,7,7,10,2,2,2,7,7,0,5,10,4,1,7,10,10,7,10,12,12,5,0,0,8,7,6,6,3,6,7,4,4,2,0,0,0,0,0,1,0,0,6,6,6,6,1,1,3,2,5,8,9,9,7,7,6,5,7,8,6,6,4,6,0,0,3,1,4,0,5,5,8,9,6,6,3,0,0,1,2,7,2,0,7,6,4,9,6,2,10,6,10,10,0,0,11,11,6,6,6,1,5,6,15,0,3,0,1,0,0,3,6,7,7,8,3,8,4,6,8,9,9,8,9,10,7,8,4,6,6,7,6,8,
2,19,18,0,9,7,7,6,8,4,8,6,6,3,0,4,0,0,10,13,2,2,2,13,11,0,3,9,0,8,0,5,5,5,1,5,16,3,4,2,5,2,6,1,1,5,0,4,11,10,3,6,6,0,1,10,0,10,7,8,7,14,8,0,1,3,2,5,13,5,9,12,7,8,9,13,9,0,4,9,5,0,3,4,11,6,6,8,14,9,0,4,0,2,4,2,2,4,9,10,11,8,5,0,8,6,11,7,4,3,5,12,8,4,4,4,4,11,6,6,6,12,11,8,5,8,2,3,3,6,6,4,5,6,9,7,8,11,11,8,11,9,2,0,5,7,0,7,9,8,7,7,7,4,6,2,3,0,0,3,0,0,1,2,7,4,8,11,6,5,6,5,3,5,6,5,10,5,6,7,5,6,9,6,14,15,9,14,2,1,1,1,3,6,8,15,9,7,13,5,0,6,0,2,3,4,8,7,7,7,14,15,12,8,10,10,10,12,14,13,16,10,11,17,6,17,9,4,3,8,0,0,0,2,7,5,3,7,4,9,7,3,8,9,14,9,8,11,11,2,4,7,7,7,9,9,
2,3,9,5,6,1,8,5,11,9,5,7,3,7,0,0,0,1,2,5,10,13,13,10,11,11,0,5,3,0,1,14,5,5,10,2,17,5,7,4,10,6,7,1,2,6,5,6,4,12,12,3,10,9,1,1,11,5,9,8,2,11,15,17,8,6,3,5,12,6,12,13,13,8,8,8,10,1,7,7,9,0,5,7,5,6,4,4,10,9,7,4,1,5,1,0,8,2,1,7,12,8,12,6,5,9,5,7,7,8,7,12,6,3,3,7,5,3,14,14,6,10,2,11,2,4,8,5,4,12,13,13,4,8,8,3,8,7,11,6,13,12,4,3,0,3,8,8,12,8,0,7,0,10,9,15,3,0,0,3,2,0,1,4,3,6,6,12,7,6,0,6,7,9,6,13,6,4,9,7,7,5,6,11,9,9,10,10,2,1,6,7,6,4,10,10,15,10,6,6,6,7,7,3,9,9,8,6,7,9,10,4,9,13,11,14,7,13,14,10,15,15,16,17,18,3,10,9,10,1,7,0,0,3,7,6,4,9,8,8,8,7,8,9,6,10,10,12,9,12,8,9,8,9,9,8,
9,10,3,10,1,5,6,6,0,5,2,2,5,0,0,0,0,5,3,6,5,14,13,9,11,3,0,10,12,7,5,2,8,6,10,10,8,8,7,8,6,7,8,0,1,6,7,6,13,5,10,12,12,10,7,2,0,1,5,8,0,3,7,1,9,3,3,8,7,5,6,6,4,12,4,9,10,1,2,18,13,8,9,5,6,8,4,7,8,10,8,5,2,10,11,2,9,1,2,10,13,9,12,7,6,10,5,6,8,8,6,9,5,4,4,4,9,10,5,5,15,11,4,3,6,8,9,4,9,14,8,5,4,1,3,15,11,13,8,14,11,9,7,5,3,5,2,11,9,9,0,0,0,8,10,9,5,6,6,6,2,3,4,4,5,6,7,11,12,5,0,0,4,6,0,0,1,13,13,6,7,11,10,7,8,7,11,9,3,1,2,4,8,11,12,11,12,11,5,9,7,8,6,2,6,10,9,7,7,9,9,4,9,12,8,11,6,10,11,17,9,15,16,17,3,19,19,11,10,9,10,5,0,0,9,8,7,6,7,13,6,9,7,13,11,14,10,10,12,7,9,9,8,11,10,9,
4,5,7,7,2,5,6,7,0,5,5,3,14,16,1,0,1,1,4,6,13,7,7,5,3,13,14,0,0,6,4,3,3,10,10,12,8,9,9,7,7,12,9,8,1,2,7,7,11,11,14,8,12,13,7,0,3,2,2,6,6,18,9,13,7,4,1,2,5,7,7,7,7,11,1,11,11,4,2,7,9,9,3,6,7,9,9,9,8,9,8,7,2,7,2,11,6,1,2,9,11,12,14,12,14,8,10,7,7,8,8,7,10,5,12,10,8,10,6,5,6,12,4,4,5,6,15,0,6,9,8,9,8,2,16,15,8,14,14,12,11,8,9,4,3,4,1,13,12,11,7,6,1,11,9,10,11,7,15,0,3,13,4,10,9,6,9,7,10,16,0,0,5,6,1,8,8,15,14,5,5,18,11,11,12,8,10,9,3,3,4,6,4,8,1,13,13,11,10,11,8,8,4,7,6,10,11,8,8,10,6,10,0,10,4,13,8,10,12,17,17,16,14,17,5,4,13,3,11,10,11,4,5,6,10,2,8,8,10,14,8,9,8,9,10,14,13,5,11,11,8,8,9,8,9,9,
10,6,10,10,3,7,8,6,8,10,5,7,7,7,17,8,5,17,4,5,7,13,9,12,9,4,8,5,2,7,6,12,4,12,11,14,12,7,8,10,6,8,9,8,9,6,9,8,9,12,7,8,13,11,8,13,12,7,3,3,0,12,9,9,9,8,1,8,5,7,7,7,6,8,15,14,4,4,4,2,10,9,14,1,6,7,3,10,9,8,7,1,2,2,7,5,3,8,8,10,11,12,14,12,14,13,11,12,10,12,8,4,3,6,8,13,9,9,11,2,5,9,4,5,4,5,6,12,1,0,10,13,9,9,1,8,8,16,16,18,11,8,8,13,5,3,2,11,13,14,7,9,8,13,12,7,7,8,15,9,14,14,8,10,9,8,7,12,6,10,16,0,5,7,6,7,7,16,8,13,6,9,18,13,12,11,11,10,10,4,6,5,6,9,13,10,1,6,11,11,2,1,10,10,7,9,11,7,9,8,9,0,5,0,10,11,11,7,9,4,17,7,16,14,14,19,14,15,13,8,11,13,5,8,8,2,16,10,11,10,9,9,7,10,12,4,11,12,10,11,12,10,8,10,8,10,
6,10,11,9,8,8,3,5,4,9,12,9,8,6,16,8,6,8,6,15,7,14,15,8,5,7,4,3,2,1,8,10,12,12,6,13,13,8,7,11,6,13,9,8,9,5,13,10,8,10,10,10,13,12,8,14,7,12,9,9,0,8,10,14,12,3,2,11,9,10,8,9,18,19,16,18,3,16,12,10,12,10,5,4,12,1,1,5,6,9,9,8,13,3,11,9,5,4,8,11,9,7,13,10,6,2,12,12,12,3,9,4,7,4,8,14,14,9,11,9,6,4,5,2,6,6,1,3,12,2,10,10,13,15,11,2,17,18,17,20,17,16,13,9,13,12,13,4,5,13,14,9,10,10,10,11,17,9,9,10,10,15,10,7,10,11,9,7,7,11,16,16,5,6,7,8,9,8,13,13,13,15,8,16,13,15,5,9,11,4,11,5,6,10,11,10,0,5,12,3,2,5,5,12,10,11,10,11,8,11,9,11,6,0,11,9,11,12,12,9,15,8,18,16,17,2,4,16,2,8,1,12,7,9,12,11,16,13,15,9,10,10,8,8,14,11,11,11,5,10,12,11,9,9,12,11,
7,7,11,8,9,3,3,4,7,12,11,4,11,9,17,17,6,7,5,16,16,10,15,14,9,7,11,8,4,4,10,5,7,6,6,9,13,4,7,7,13,6,13,8,11,14,6,14,4,4,3,10,12,9,10,8,14,11,0,0,8,11,11,13,13,15,4,12,12,10,11,19,7,19,16,16,17,16,11,10,11,11,5,6,2,13,1,10,5,7,7,9,9,13,11,9,5,8,7,11,11,9,12,12,11,5,3,7,6,6,4,14,8,15,16,12,14,12,10,11,11,9,5,4,4,5,4,10,13,7,2,11,14,14,13,13,6,12,19,20,18,13,13,13,10,13,5,7,15,14,7,9,11,12,10,11,11,17,7,10,10,16,10,11,12,5,9,8,9,12,12,10,6,7,5,9,10,13,9,12,11,16,9,16,17,6,14,7,11,9,5,6,8,11,10,10,11,6,5,12,7,6,1,11,11,8,10,12,8,12,9,12,7,0,0,12,15,14,16,15,16,16,8,19,18,5,8,16,7,2,9,13,12,10,12,14,14,14,15,15,10,9,11,12,10,12,6,13,12,11,9,11,12,9,11,10,
13,7,8,4,10,4,4,8,11,12,11,13,12,11,14,8,9,6,20,5,6,13,10,10,15,5,12,12,8,4,1,6,5,7,6,10,6,5,7,8,11,9,14,9,9,8,12,5,8,4,14,10,10,13,10,15,8,11,0,11,9,14,12,10,11,15,5,6,17,7,2,7,7,17,16,9,16,4,7,11,12,14,12,14,14,6,14,16,13,13,10,11,11,9,11,14,11,9,8,9,14,11,14,10,5,9,6,9,6,7,6,4,5,15,16,12,13,9,10,12,4,10,8,13,4,8,16,3,11,8,8,9,7,14,14,7,8,13,12,17,11,19,13,13,13,14,17,15,8,17,9,16,15,11,11,12,10,17,12,16,12,16,12,11,13,15,8,7,9,8,15,13,9,5,6,15,10,11,13,10,10,13,11,17,15,7,10,8,10,9,9,6,9,7,11,9,2,10,3,6,12,8,7,1,11,9,11,12,11,9,14,12,8,12,8,10,14,16,14,16,11,8,13,9,18,18,11,4,9,3,4,8,9,12,12,15,13,14,15,16,10,13,10,12,12,12,9,11,12,10,13,10,9,13,13,11,
14,7,12,5,9,8,6,7,13,13,11,13,13,14,9,9,10,6,21,22,22,21,10,10,9,8,12,3,12,9,4,12,3,13,8,10,12,11,6,7,9,6,18,7,9,8,7,12,9,9,4,14,12,13,14,16,16,9,9,12,12,13,14,10,13,15,15,16,18,18,17,2,8,18,14,12,9,9,10,16,15,4,13,13,9,7,11,16,13,13,17,18,12,11,16,10,9,10,12,15,17,12,9,13,19,11,9,16,7,7,8,12,9,17,17,8,12,13,11,4,4,9,8,14,9,13,8,16,13,10,4,18,9,13,15,9,16,9,13,18,12,19,13,13,15,18,15,18,8,8,10,9,11,18,7,11,11,11,14,19,17,17,12,12,14,15,14,16,5,16,8,13,14,10,16,4,15,15,15,16,11,16,12,8,8,7,9,10,10,10,10,7,11,8,9,16,3,2,11,11,8,8,12,8,9,11,8,9,13,13,13,7,17,12,11,8,15,13,11,16,11,8,16,16,7,5,12,4,7,11,10,11,10,12,12,11,15,14,17,17,13,9,10,11,16,13,10,11,8,13,11,11,8,8,12,13,
16,9,8,12,12,8,7,11,8,14,13,12,15,14,14,9,9,10,12,21,22,23,14,11,5,15,6,4,14,17,5,14,10,13,8,9,11,3,12,12,10,10,11,11,13,11,8,11,9,10,10,13,14,8,11,10,12,9,10,18,12,12,15,14,13,12,16,18,17,17,18,19,6,4,15,10,18,11,11,15,15,15,10,2,8,8,6,5,15,13,18,19,15,19,14,13,6,10,14,10,12,10,15,14,14,18,7,17,11,8,9,10,10,17,16,10,19,15,12,10,10,7,10,14,7,13,12,11,10,7,11,4,14,15,14,9,17,11,15,14,17,8,15,14,15,15,18,11,18,12,9,12,11,13,15,11,12,12,14,13,19,17,14,10,19,16,16,16,14,14,17,7,16,12,16,4,5,16,14,13,11,11,11,13,6,7,7,10,10,8,12,10,13,12,11,17,6,3,14,15,12,12,11,7,9,10,5,7,13,14,9,13,15,17,5,12,13,10,16,10,10,13,11,9,14,16,8,7,8,12,10,9,8,13,10,15,14,15,15,18,13,10,13,9,16,16,11,12,9,11,9,12,9,13,13,9,
13,12,18,13,14,9,8,9,9,14,14,6,2,16,15,11,7,10,12,23,5,23,26,15,15,16,13,5,9,14,7,13,13,10,11,6,11,11,12,13,12,12,9,9,13,17,18,6,10,10,7,10,14,12,12,11,9,16,18,13,13,12,6,12,14,12,17,19,19,18,9,7,7,16,5,16,19,12,20,18,10,14,12,11,8,9,7,20,16,8,17,16,16,15,16,15,14,19,17,14,10,11,8,16,14,20,11,8,10,11,11,10,11,12,13,13,20,8,14,5,11,9,8,15,10,13,12,21,11,9,14,20,15,8,15,10,15,12,20,17,12,12,12,16,12,12,10,14,12,13,12,13,12,10,13,13,12,13,12,19,11,16,10,11,19,17,14,17,6,12,15,13,7,13,16,16,16,4,9,14,7,10,12,9,12,9,8,10,9,10,13,14,11,17,11,10,19,11,6,14,14,9,11,11,7,14,5,9,11,14,15,15,14,7,6,14,4,7,12,14,11,14,13,8,12,17,10,7,8,8,11,10,13,15,14,11,11,18,16,16,18,13,11,10,7,8,15,12,14,11,11,10,9,11,13,10,
11,13,14,14,10,10,11,12,19,20,15,11,12,15,18,11,11,9,14,8,8,6,26,23,10,16,9,14,15,9,7,8,7,12,12,12,10,12,11,12,14,13,10,10,10,15,14,11,12,8,9,11,10,11,14,10,10,17,16,19,16,11,16,15,7,14,6,12,20,19,15,20,11,5,4,9,7,19,14,9,12,16,4,12,12,17,9,22,22,14,8,16,17,16,10,17,10,20,19,17,13,11,8,20,17,18,7,11,11,12,10,9,12,11,9,12,14,9,17,8,5,8,9,10,10,10,15,13,11,8,16,21,21,8,23,16,18,12,21,17,12,12,17,15,16,10,10,14,14,11,11,14,11,15,5,14,13,11,18,19,19,19,18,10,18,18,17,17,7,16,12,13,8,7,13,5,6,5,16,11,10,12,10,10,15,7,13,7,5,10,15,16,14,14,18,19,11,14,12,13,4,12,11,20,12,11,15,12,12,12,14,15,10,5,8,8,13,10,8,12,12,17,8,13,8,13,10,8,8,11,18,11,14,17,12,12,17,13,16,17,19,9,13,8,18,11,10,15,15,13,12,11,10,11,12,10,
14,9,8,15,12,11,10,11,20,21,15,12,11,16,16,16,12,9,9,6,15,13,24,24,12,15,16,9,18,9,8,9,7,13,13,15,14,11,11,13,12,13,15,11,18,16,14,15,16,13,9,8,8,12,12,14,10,23,18,18,17,12,16,14,15,15,6,13,13,11,15,19,14,12,10,10,14,12,14,9,14,15,4,12,12,11,18,12,22,15,21,20,8,17,10,15,17,10,8,20,13,11,12,20,20,20,12,17,12,13,9,10,16,14,10,18,13,16,18,18,12,6,8,15,12,16,10,13,22,7,16,6,6,24,20,22,19,21,18,18,18,17,17,17,17,16,11,11,16,19,16,12,12,12,6,7,23,12,19,20,21,20,12,12,12,11,17,17,10,9,7,17,7,13,12,10,10,7,17,11,10,13,14,13,13,11,16,13,14,14,13,16,15,13,12,15,13,14,14,14,11,9,5,14,19,13,17,12,12,9,13,9,8,6,16,8,14,11,8,16,13,17,15,13,11,10,14,12,9,12,9,14,14,14,16,17,18,18,15,20,20,11,12,9,15,16,14,11,12,21,13,11,11,12,10,12,
11,14,11,9,14,12,13,14,13,22,16,14,17,12,11,17,16,17,11,8,14,13,25,24,9,16,17,19,9,19,13,10,10,8,16,11,7,18,14,13,10,16,14,16,15,13,18,15,12,16,13,14,8,11,12,11,15,15,19,18,19,13,15,14,15,16,7,6,12,14,16,15,15,16,16,12,23,22,11,9,9,5,10,9,13,14,11,19,18,16,20,19,13,13,18,9,23,10,15,13,21,14,13,15,18,22,11,20,17,11,17,12,16,13,16,10,14,18,12,15,14,13,9,19,12,17,19,14,14,22,8,6,15,24,22,24,24,22,24,15,18,20,13,15,17,12,16,12,18,15,18,18,14,8,13,16,8,11,20,21,19,21,20,13,14,16,17,11,12,10,9,17,8,9,12,7,9,8,10,13,11,13,14,14,9,10,16,13,13,15,7,14,14,15,13,15,14,18,3,15,5,5,14,6,14,14,19,18,22,10,11,13,10,17,5,16,8,17,16,10,18,14,14,19,13,9,13,12,11,13,13,14,15,15,17,18,18,16,8,12,16,18,15,13,14,16,16,16,13,20,13,20,13,12,11,11,
13,12,11,11,11,14,13,14,18,20,23,19,16,20,13,15,19,20,11,18,20,14,14,25,12,19,18,20,11,10,18,15,13,10,17,19,8,8,9,10,12,14,14,15,17,17,14,18,12,9,14,17,14,14,14,23,12,13,19,19,19,19,20,19,16,18,16,13,21,21,20,10,17,16,18,18,12,11,12,8,10,7,5,17,15,13,12,12,15,16,12,19,17,14,10,16,10,12,24,15,14,15,18,14,18,18,15,12,9,17,16,17,19,11,11,17,14,21,10,17,18,18,20,18,17,13,20,17,15,15,14,18,18,7,16,15,23,27,25,16,18,17,14,16,18,12,19,13,17,16,18,18,13,13,8,9,18,17,16,20,20,20,21,14,21,18,12,15,11,19,9,15,18,15,16,14,16,14,14,13,13,14,9,14,14,12,14,17,16,18,8,8,17,16,14,11,14,14,18,16,21,10,7,18,16,15,16,15,22,14,19,13,14,10,18,13,18,19,19,16,19,16,19,20,14,16,14,18,13,16,13,12,15,15,9,11,15,16,19,20,17,11,14,15,13,16,16,15,16,20,22,21,23,14,21,13,
15,15,12,12,12,11,10,12,9,18,23,17,19,20,19,13,8,17,20,18,19,20,15,15,13,14,20,21,8,7,19,20,11,10,14,19,17,18,10,18,17,15,15,15,17,17,11,15,13,16,10,13,18,15,15,23,15,13,20,20,20,21,11,16,16,17,17,18,15,10,21,20,17,17,18,19,19,10,12,8,7,7,6,12,19,19,13,20,14,12,17,12,15,16,17,17,18,13,17,16,15,18,19,19,15,17,23,24,13,20,19,18,16,11,15,21,18,12,11,18,19,15,19,20,20,19,14,17,15,11,15,14,14,9,17,25,24,25,17,15,14,18,13,17,20,21,20,14,16,19,19,19,15,14,22,15,9,17,17,18,18,17,16,15,21,16,19,20,16,20,16,16,7,15,12,14,18,14,14,15,6,11,16,15,15,14,15,15,18,17,14,12,17,16,15,17,16,19,21,5,9,20,7,7,16,15,12,16,17,19,20,19,14,12,11,17,20,20,18,16,17,16,15,15,18,17,15,18,18,15,13,16,16,17,19,10,15,12,10,22,20,10,19,15,16,17,21,16,18,15,23,25,24,14,20,25,
17,16,16,13,12,12,20,12,12,12,21,20,18,18,21,20,21,14,18,18,19,21,18,17,21,20,15,14,10,15,8,18,12,9,15,12,13,8,12,14,18,17,16,18,17,17,16,13,13,15,14,9,20,11,15,16,13,14,19,18,21,18,12,23,11,17,18,12,20,18,20,19,19,10,19,16,19,9,11,12,13,17,11,20,12,12,19,16,17,12,13,13,12,17,16,18,14,14,15,18,16,19,18,20,19,18,18,24,20,22,19,22,16,24,16,17,22,21,21,17,18,18,20,19,19,15,17,14,17,14,12,17,15,10,18,22,25,24,22,18,16,18,18,18,12,10,21,16,20,18,20,16,20,23,23,16,10,18,17,16,16,14,17,16,15,16,16,21,21,17,16,16,16,17,13,17,13,18,17,10,7,18,16,17,16,13,15,13,12,18,19,14,15,20,16,16,16,16,12,19,20,22,22,13,17,19,15,18,14,17,17,14,15,12,13,18,18,19,19,16,14,16,19,20,18,16,15,16,18,16,17,14,18,20,17,16,13,13,23,12,22,23,24,21,22,22,17,22,19,24,25,24,24,21,21,25,
18,16,17,16,13,16,13,14,12,16,14,18,20,21,18,17,21,15,16,20,17,22,16,19,15,21,15,21,14,14,14,9,12,18,10,19,8,13,14,13,20,19,17,19,19,16,14,12,15,15,16,15,12,13,15,16,14,21,20,25,17,16,21,14,23,22,21,13,20,20,12,20,18,13,11,17,8,12,12,22,14,16,13,11,20,13,14,17,21,18,14,14,14,12,14,15,18,12,15,22,23,20,19,21,16,18,18,17,18,21,23,15,27,28,23,21,18,20,15,17,18,19,18,18,17,16,17,18,13,14,13,14,18,12,19,23,22,15,21,16,17,17,14,18,12,20,13,10,17,21,20,17,21,19,23,20,17,17,16,17,18,15,17,16,17,17,20,21,21,20,19,14,20,17,18,8,18,19,15,17,10,20,19,17,17,14,17,20,13,18,14,14,14,11,20,14,12,13,13,20,20,16,22,16,15,15,15,16,20,21,21,18,15,12,14,18,19,20,20,17,17,20,17,20,18,17,15,17,19,17,19,18,19,19,19,16,18,18,16,14,15,19,13,21,24,15,14,22,21,19,25,24,25,24,20,24,
25,25,16,18,20,16,20,14,14,13,18,18,12,18,18,19,17,19,19,21,19,18,18,15,18,16,14,16,16,18,19,13,13,12,11,18,19,10,14,16,19,20,20,16,19,16,15,16,20,15,17,16,14,14,16,24,16,22,21,24,24,20,18,22,21,20,16,22,22,21,14,19,14,14,15,14,13,9,18,9,18,18,17,14,19,20,21,21,22,13,16,11,15,12,16,16,16,16,23,23,18,11,22,22,19,18,19,19,18,16,19,23,22,21,28,23,19,22,20,19,19,22,20,19,20,21,20,15,19,20,13,13,18,18,14,16,16,14,16,13,18,19,24,15,12,21,11,11,20,15,14,20,16,19,19,21,21,20,17,19,19,14,16,17,15,17,17,21,22,18,17,15,21,20,19,13,14,18,16,18,18,11,18,9,19,18,18,17,19,19,14,29,16,20,13,14,21,16,14,12,19,23,15,16,17,20,18,16,20,19,21,22,13,16,13,17,18,21,20,21,16,18,21,19,14,17,15,17,17,19,16,19,19,18,19,23,15,23,13,15,15,18,22,22,25,15,16,14,13,19,19,25,23,24,23,24,
20,25,13,18,19,12,16,15,15,21,20,18,21,19,22,19,17,23,19,23,19,17,18,15,14,19,14,17,17,20,20,15,10,10,13,19,19,9,16,21,15,16,21,17,13,21,20,16,17,16,14,14,15,15,17,24,23,23,22,17,20,24,19,14,21,21,17,18,18,14,15,15,13,14,13,17,11,18,18,11,19,15,20,19,14,15,16,16,22,14,13,11,19,13,13,16,17,17,25,24,19,19,15,13,21,14,26,21,17,16,16,25,28,19,22,27,27,17,19,20,20,16,23,22,22,21,21,20,14,15,15,18,15,20,18,17,17,20,19,17,17,19,15,23,13,22,13,12,19,19,20,21,22,16,20,20,21,21,20,15,19,14,18,16,16,16,17,22,20,19,18,20,21,20,19,19,15,16,15,16,16,19,19,18,19,18,18,18,19,19,20,13,19,13,13,19,17,16,20,13,22,24,16,20,17,16,20,15,19,22,21,21,16,21,17,13,13,14,9,22,17,24,19,14,17,15,19,16,19,18,17,19,20,19,27,22,18,19,17,17,15,22,23,21,15,16,15,17,23,23,26,25,24,26,24,22,
26,21,15,13,13,15,15,21,24,22,21,18,20,20,24,19,19,16,20,24,13,13,19,16,15,17,15,15,17,19,19,20,17,11,20,20,21,16,22,17,16,17,22,18,14,16,22,12,17,18,19,16,15,14,17,14,24,25,24,16,20,21,15,15,15,14,21,18,22,18,15,13,24,14,24,16,18,22,14,16,17,18,20,18,17,17,12,16,14,16,15,14,20,11,13,14,18,17,17,19,21,20,16,21,21,15,26,22,21,17,17,17,27,20,23,26,16,18,15,16,18,18,18,20,22,18,22,22,20,15,15,19,20,20,21,20,20,15,19,17,19,19,17,17,15,24,14,11,13,20,23,21,20,15,16,20,21,20,19,17,17,20,19,19,18,17,17,19,17,16,18,17,19,13,18,14,15,20,16,16,15,15,21,15,19,16,23,19,20,28,20,30,27,21,14,18,19,18,13,17,23,24,13,16,16,11,17,20,16,15,22,17,22,14,18,18,16,13,20,11,23,24,20,14,14,20,19,17,20,18,16,22,22,18,20,26,16,21,20,22,26,24,22,22,16,22,16,25,17,14,24,23,27,23,24,23,
27,12,15,14,13,16,17,16,17,25,24,22,19,21,20,26,18,21,17,15,20,13,18,20,20,18,17,16,18,20,20,21,17,26,20,16,22,14,17,15,22,19,22,21,16,16,18,23,10,22,19,20,18,17,17,19,18,26,16,17,21,22,26,22,20,16,23,15,19,12,22,13,22,17,24,19,19,18,15,17,16,19,19,20,19,15,18,17,20,19,16,20,16,22,12,26,27,15,20,19,24,21,22,22,22,17,16,15,22,18,22,19,20,28,21,21,21,17,18,16,26,20,17,21,22,25,20,16,20,19,16,17,24,21,21,20,20,19,21,17,17,19,18,16,16,10,24,10,14,21,11,23,12,23,18,21,19,17,19,18,18,21,19,21,17,18,18,19,22,22,19,20,19,19,14,13,13,19,16,19,17,16,20,18,16,17,19,20,20,19,22,17,27,21,21,20,19,18,17,15,16,14,16,19,17,17,17,15,19,18,17,22,17,16,25,14,18,23,14,22,20,22,16,15,14,14,17,20,20,19,20,19,20,19,21,17,17,22,23,15,17,25,26,19,24,20,23,17,25,23,23,24,24,28,23,24,
18,19,26,16,14,13,28,18,25,25,24,25,23,24,23,23,21,21,17,22,15,20,14,15,19,19,18,17,20,21,20,23,18,20,20,26,15,15,17,14,21,18,22,18,17,15,14,24,18,11,14,21,18,17,19,14,14,19,16,18,18,21,17,23,21,21,24,24,25,21,22,23,14,21,20,20,23,17,16,16,16,16,20,21,17,16,18,13,19,21,21,21,16,14,15,24,27,18,16,17,26,25,22,16,17,15,18,19,20,22,30,19,20,22,17,25,24,24,17,24,17,26,24,21,23,26,22,19,16,20,15,28,25,25,22,21,22,19,18,18,17,15,21,20,23,11,11,11,22,22,18,11,11,12,13,20,17,20,21,19,19,17,17,22,23,18,18,20,23,21,20,20,20,22,20,18,13,18,19,25,19,17,26,28,22,26,25,19,23,22,23,17,21,23,21,19,21,19,19,16,15,15,16,16,15,17,18,15,20,18,28,15,23,25,17,15,20,18,21,23,24,23,21,22,17,21,19,18,21,20,21,19,22,18,16,22,23,22,23,15,27,17,18,20,17,21,20,25,25,15,18,15,18,25,23,24,
21,20,25,20,16,23,22,28,25,28,26,28,28,27,22,26,21,18,17,16,15,20,23,15,22,20,18,21,18,22,23,24,23,18,19,23,21,22,19,15,21,19,20,23,21,17,16,17,19,12,11,16,24,22,16,20,24,15,19,17,18,26,23,18,17,23,24,26,25,23,23,20,23,20,20,23,24,21,19,17,18,17,17,17,18,17,9,15,20,19,16,22,18,28,16,16,18,16,18,18,22,23,23,21,23,21,19,19,20,18,23,20,23,14,19,17,17,19,24,23,27,17,17,16,22,22,22,20,21,20,20,21,16,26,23,13,25,24,21,18,18,20,16,15,28,24,28,12,23,22,17,19,19,12,13,18,19,16,22,20,18,17,18,22,22,18,15,24,21,21,21,18,21,20,18,20,22,19,19,19,26,28,26,29,21,21,24,19,26,24,25,23,17,18,23,28,19,22,18,19,22,17,19,17,16,26,17,19,9,19,28,16,17,23,26,18,21,19,24,18,25,23,20,22,17,16,21,18,22,21,19,22,19,19,17,21,23,25,24,20,22,16,19,22,19,18,18,19,19,17,14,16,16,25,25,24,
22,19,21,22,21,23,14,21,32,27,20,29,29,21,22,22,24,26,23,22,22,21,20,22,20,21,24,23,19,22,20,19,24,19,17,26,23,22,24,23,22,20,19,20,19,22,19,16,19,25,14,29,25,13,14,21,21,18,23,24,18,17,25,23,20,23,24,24,25,24,24,22,23,18,24,18,25,20,20,18,18,19,20,18,21,23,10,17,16,17,17,16,17,28,20,17,18,19,19,18,22,24,24,26,12,22,23,14,19,17,17,24,19,16,15,19,18,19,15,24,24,27,18,17,17,16,23,19,20,19,20,21,22,21,13,24,25,25,22,21,23,18,15,21,19,23,29,22,13,23,22,18,18,22,21,18,16,13,22,23,21,19,19,22,25,25,25,25,24,23,26,19,21,22,20,21,18,21,27,18,16,27,20,27,23,20,25,18,26,25,26,24,24,23,26,29,30,23,22,19,20,23,14,14,21,25,26,20,11,11,11,18,17,17,24,12,23,16,18,26,19,23,20,20,27,18,20,19,22,24,20,27,26,18,20,23,21,23,25,25,25,17,19,21,23,26,19,19,18,18,15,17,17,17,16,25,
23,24,21,22,24,22,21,25,31,27,27,18,23,22,23,23,25,25,26,24,24,23,19,22,21,23,22,23,20,21,29,18,19,25,20,17,21,24,24,22,23,21,19,24,19,19,20,19,20,15,15,17,20,17,14,15,19,19,19,25,25,19,16,25,25,26,21,23,26,25,24,23,25,22,18,22,21,22,21,20,19,19,21,18,22,23,29,16,17,19,27,19,18,30,28,19,26,24,19,24,23,27,25,28,17,17,23,14,20,21,18,19,17,16,23,18,19,21,22,17,26,25,19,18,16,22,22,20,21,20,20,21,20,22,23,23,19,17,23,24,22,24,23,22,20,20,23,22,28,22,23,24,20,24,15,13,15,15,17,22,22,22,19,24,21,25,25,19,25,19,27,23,21,20,21,22,19,24,24,19,19,17,28,27,20,19,20,19,19,27,25,17,31,24,25,28,15,31,31,22,25,23,22,26,21,18,15,25,20,11,32,30,19,25,25,23,17,15,18,26,23,19,20,21,21,19,20,26,20,25,22,25,23,19,21,21,26,24,26,25,24,21,20,20,23,24,20,23,18,20,20,15,17,18,17,17,
24,21,25,22,25,25,28,20,33,32,27,24,26,24,22,25,26,26,26,21,26,24,17,22,23,23,22,24,24,21,21,28,26,21,21,22,21,21,25,24,26,21,23,20,23,25,20,25,20,26,25,17,22,21,29,15,21,21,22,16,26,19,17,21,20,22,24,24,28,20,23,24,22,23,22,23,24,24,23,21,20,18,18,18,23,23,22,24,25,20,27,28,18,28,31,20,21,26,24,26,26,27,29,30,13,23,21,18,21,24,23,19,18,18,24,18,17,22,24,21,23,16,23,20,17,22,21,20,21,21,20,22,17,23,28,24,25,23,21,18,24,23,24,23,31,29,25,22,23,27,27,25,25,25,25,14,23,16,15,22,25,25,26,27,26,26,22,25,19,19,19,23,23,21,21,19,23,17,28,18,23,29,18,32,19,19,21,30,19,29,18,18,21,24,29,29,29,31,20,27,25,22,24,24,27,18,16,28,21,17,32,33,26,21,22,23,18,18,18,21,20,20,20,27,20,25,19,25,27,21,24,28,24,22,22,22,17,27,26,20,27,26,22,26,22,24,23,24,20,21,20,19,20,19,16,18,
25,25,18,18,23,24,24,27,21,32,20,24,21,23,24,22,26,26,26,19,22,21,23,21,18,23,23,23,23,24,20,22,26,27,21,22,21,21,20,26,26,25,28,24,24,20,25,25,25,25,21,26,29,23,30,24,20,22,19,21,20,18,18,26,19,29,24,23,29,30,23,24,26,23,24,23,25,21,22,27,19,18,19,23,23,20,23,24,25,24,27,20,29,29,17,14,30,21,27,20,26,27,20,17,19,18,27,22,23,22,21,20,19,20,20,20,20,22,22,25,24,17,18,26,23,23,23,21,22,22,23,21,22,29,29,25,21,23,26,19,25,22,25,26,31,23,24,22,24,23,23,26,24,25,25,26,25,15,18,16,16,24,26,26,22,27,28,20,20,20,22,23,19,24,21,21,24,24,26,19,25,25,19,22,33,21,26,31,29,20,30,19,30,23,25,30,30,26,32,20,26,23,25,25,24,25,23,29,29,22,18,26,26,27,22,27,18,18,19,19,21,20,23,26,20,27,26,22,28,27,25,29,29,23,23,23,19,31,26,27,21,21,23,27,23,22,24,25,23,20,20,23,23,21,18,18,
24,20,23,19,25,21,24,25,23,32,23,21,23,20,23,27,26,22,27,27,23,23,21,22,20,24,24,23,24,24,30,23,25,24,25,23,26,22,28,18,27,29,25,24,25,21,22,21,26,28,22,24,24,19,23,25,32,20,20,21,16,20,24,23,20,20,20,31,32,27,28,26,26,27,25,22,26,29,22,22,28,24,25,25,24,28,26,25,21,24,24,21,24,21,21,16,15,25,27,30,28,28,27,27,19,19,26,27,23,26,25,25,26,22,23,21,20,20,22,20,26,17,19,21,23,20,26,22,23,20,19,18,29,15,29,30,17,23,28,21,27,25,23,26,22,24,23,25,23,24,25,27,29,25,26,22,26,17,24,27,23,23,25,27,23,28,29,21,21,22,21,23,21,26,21,23,21,27,25,24,23,26,26,21,34,22,26,27,22,31,31,25,31,25,29,30,27,23,33,21,26,20,25,26,25,26,26,23,22,25,22,30,32,22,23,23,19,19,20,21,25,20,24,27,28,29,29,23,28,27,28,28,29,27,25,24,20,29,21,23,25,22,22,27,27,29,26,25,24,25,21,23,21,23,24,18,
20,22,20,23,21,26,27,25,21,24,29,24,28,23,21,22,22,23,23,24,23,24,27,21,21,18,25,19,23,23,20,28,31,20,22,26,26,27,28,18,20,28,24,26,21,27,29,21,22,23,30,30,22,24,30,28,31,20,26,25,21,24,24,24,23,24,31,31,30,33,33,27,27,26,22,22,22,23,22,22,23,20,25,20,22,29,31,26,21,29,22,24,25,23,21,17,25,25,23,28,27,23,27,28,22,20,24,28,27,28,27,26,26,26,23,32,21,24,20,21,26,22,23,22,24,22,21,28,20,23,21,22,20,32,30,24,25,24,22,28,28,28,23,24,26,23,24,24,25,29,23,26,29,29,28,27,25,17,28,28,27,27,25,29,28,26,28,22,23,26,22,25,26,25,26,26,27,24,30,26,24,21,22,21,34,34,18,23,18,30,21,26,27,24,25,24,19,24,33,33,22,24,24,21,22,21,27,24,28,22,26,23,31,28,24,22,27,20,27,21,25,25,28,28,21,29,23,24,25,23,29,26,28,26,26,25,25,27,31,22,23,28,26,28,29,30,29,28,26,26,25,24,25,25,24,19,
22,21,21,24,27,23,24,27,23,25,20,30,30,29,23,23,26,28,26,23,24,20,28,30,21,19,19,19,20,21,21,30,31,29,29,23,23,27,25,28,20,26,29,24,24,26,29,30,31,24,30,33,31,23,20,30,31,28,22,26,25,25,24,25,24,28,29,33,27,32,34,28,28,27,26,25,23,25,30,23,23,21,25,22,24,22,23,21,21,29,20,21,22,21,24,26,26,26,24,28,28,25,24,26,28,19,26,18,29,28,28,21,25,27,23,24,32,33,23,23,23,24,23,23,23,28,28,28,22,23,25,21,20,21,32,28,19,28,29,27,29,30,24,24,24,25,24,25,29,19,24,24,29,29,29,29,26,24,28,23,23,28,25,25,27,26,28,30,24,27,27,22,26,25,20,26,28,26,30,30,22,22,26,24,22,18,19,23,23,21,32,23,21,25,25,18,20,19,24,23,21,23,25,21,25,26,25,28,25,25,24,23,26,30,24,23,29,20,30,18,31,26,26,29,29,29,28,28,24,29,29,19,28,27,28,27,28,26,31,29,22,28,28,27,22,29,21,27,22,27,24,25,26,26,27,24,
33,32,22,25,25,26,25,23,28,21,24,22,29,23,31,26,26,25,28,28,27,25,21,31,28,21,21,20,21,30,32,30,31,30,29,25,25,23,26,27,21,26,27,19,21,25,28,28,24,32,32,32,24,30,21,32,33,33,31,23,24,26,26,27,27,25,28,34,22,23,28,29,23,27,27,28,23,25,32,25,28,22,22,22,26,23,26,23,22,21,24,25,24,24,25,24,24,27,24,29,29,25,24,26,26,27,17,21,22,29,28,23,21,24,24,27,32,19,25,21,25,24,24,25,23,25,28,24,22,23,26,22,23,23,26,23,29,30,30,29,27,28,23,31,26,24,30,29,30,25,27,30,25,29,24,30,27,25,22,24,27,19,24,26,26,28,29,23,22,26,28,25,25,17,25,22,27,26,24,29,30,28,27,24,21,20,26,23,23,19,33,24,21,26,19,27,27,20,25,24,22,24,28,31,29,27,31,25,28,32,25,22,23,24,27,30,23,32,31,28,24,27,26,30,29,28,27,24,24,24,25,27,20,24,24,28,27,26,29,23,22,22,28,25,24,27,22,23,23,27,28,25,25,27,27,25,
35,33,33,31,25,26,28,28,27,24,30,22,23,25,31,26,28,26,25,28,29,28,26,21,30,20,22,30,29,30,33,32,31,31,30,29,25,28,26,26,21,23,20,20,26,22,21,22,32,25,23,33,24,33,32,32,33,28,31,26,24,24,23,26,28,28,26,29,27,24,29,30,28,29,29,30,24,26,28,27,30,27,27,22,30,25,24,23,22,22,24,25,25,27,24,29,25,25,26,24,30,30,27,27,20,27,20,21,22,30,23,22,22,20,25,26,31,28,33,26,26,27,26,25,24,29,30,32,25,23,23,22,26,28,27,27,21,31,26,30,30,27,29,24,28,29,31,30,26,28,26,31,25,28,26,31,25,28,26,23,28,20,20,26,26,28,29,24,30,23,23,26,25,27,18,33,29,28,28,31,30,29,26,22,20,20,20,27,24,22,22,20,26,18,17,18,19,22,19,27,25,27,31,23,23,28,26,31,27,30,23,23,23,28,28,30,23,28,29,28,30,25,31,34,28,27,27,30,28,27,23,25,30,24,23,23,29,27,33,20,28,28,23,24,27,26,28,26,31,28,26,26,26,28,27,27,
35,33,34,33,27,26,29,27,28,27,27,25,23,27,25,26,25,29,28,29,26,29,24,21,36,26,23,22,26,27,26,34,28,32,27,29,30,26,27,27,23,29,23,24,27,27,26,23,29,32,27,23,34,31,26,25,27,33,27,28,25,25,26,25,27,25,29,26,27,28,23,31,30,30,30,27,31,27,24,27,21,28,27,27,27,32,28,28,21,24,25,26,23,27,25,25,30,26,27,26,29,31,29,28,29,21,27,25,20,20,30,31,23,23,26,27,36,29,28,33,20,28,28,29,25,25,31,31,35,24,33,28,27,27,28,27,31,25,28,26,27,32,29,29,27,26,28,27,27,27,26,30,31,28,29,32,32,27,27,23,23,20,26,28,28,26,27,18,19,25,27,26,27,29,28,28,33,26,25,23,31,30,23,23,30,22,20,27,28,17,25,21,26,20,18,30,18,23,22,21,30,32,32,26,23,26,26,26,25,31,24,23,23,29,23,27,32,29,27,29,29,29,29,31,28,32,30,27,29,27,28,24,27,27,24,27,31,28,22,21,25,29,22,23,27,27,26,28,30,31,27,29,28,29,28,28,
34,34,35,36,34,36,32,32,29,29,27,25,29,28,27,26,25,32,30,28,26,25,34,26,31,30,27,27,28,28,29,28,29,30,29,28,30,28,20,28,26,29,30,32,24,29,22,23,27,30,24,32,35,33,28,31,34,34,32,28,34,26,25,25,32,30,26,26,24,30,34,31,33,27,29,32,28,26,29,25,28,29,28,23,29,27,25,25,23,25,22,26,26,28,26,26,30,28,26,27,29,29,29,29,26,29,28,28,27,29,26,31,29,28,28,27,29,28,28,33,35,25,26,28,29,27,26,28,34,29,33,23,26,26,27,28,27,28,27,25,28,30,32,30,28,20,28,21,32,32,32,35,30,30,28,31,30,27,30,27,21,32,26,27,28,26,28,29,19,20,25,25,26,30,29,27,26,25,27,29,22,24,28,30,30,23,23,20,18,18,24,18,24,19,20,23,28,24,22,22,29,26,32,33,27,26,26,25,26,31,24,25,29,27,23,31,30,34,30,25,30,29,32,29,33,32,26,29,28,24,28,29,29,27,29,27,28,29,28,26,32,26,23,27,24,24,24,28,31,28,28,27,28,28,29,29,
37,36,34,36,26,26,28,30,29,29,29,30,30,29,28,27,28,34,31,30,29,26,33,29,30,29,30,27,31,30,32,31,32,31,29,29,27,28,28,25,27,37,28,33,31,29,27,30,31,30,32,33,27,33,32,29,32,30,34,30,34,34,25,28,27,32,32,28,36,33,30,31,28,30,29,31,30,30,25,30,27,35,24,23,30,28,29,26,26,23,24,27,26,26,33,27,29,30,31,30,31,30,30,25,26,29,28,28,28,29,32,27,23,28,28,28,25,29,29,30,25,26,31,25,27,28,28,25,35,32,35,23,25,25,27,32,28,29,28,32,27,31,31,33,32,30,28,21,28,33,23,24,30,31,33,29,31,32,22,30,27,22,30,29,30,31,28,28,30,29,30,29,30,30,26,30,29,28,29,30,23,28,27,31,31,23,27,24,27,26,26,19,31,32,31,32,29,29,19,22,18,30,27,27,27,27,23,31,25,31,32,27,23,23,26,31,33,35,26,31,25,28,30,33,30,33,26,28,28,25,25,29,29,27,29,29,31,23,27,28,25,26,26,23,27,23,25,23,31,29,28,28,28,29,28,28,
32,37,37,27,26,26,34,32,33,29,31,29,29,31,30,31,32,34,27,31,31,33,34,30,32,31,35,30,31,31,31,33,33,30,32,31,31,28,24,25,27,22,18,31,31,30,28,32,27,32,31,28,26,28,29,31,35,36,33,31,29,29,35,29,33,33,34,29,32,34,33,30,29,30,29,32,32,32,29,29,28,35,36,33,33,31,35,27,27,25,29,25,27,27,32,36,30,32,31,31,24,28,24,31,25,25,28,29,28,32,29,30,27,32,30,32,32,27,27,30,31,26,32,31,28,27,30,29,25,32,27,30,27,26,28,30,25,28,29,29,27,27,31,32,27,30,31,21,20,30,24,23,25,29,33,34,32,34,34,33,22,28,29,30,29,31,30,31,32,29,30,30,26,26,26,27,27,29,30,31,30,32,28,28,32,32,27,27,24,32,32,30,32,31,32,31,31,27,29,29,26,26,31,32,28,28,28,27,40,34,31,27,27,26,27,26,25,31,33,33,32,31,29,29,34,30,27,28,27,32,31,30,32,32,25,30,31,27,28,28,30,29,27,27,28,28,24,23,25,33,25,29,30,30,31,27,
31,32,28,37,27,27,25,31,27,33,29,29,32,31,33,32,34,34,29,30,28,38,37,39,32,36,35,35,24,33,33,34,34,31,31,33,31,25,29,26,26,27,19,29,29,32,29,30,32,31,28,30,29,27,31,31,30,35,27,36,30,30,30,29,30,30,30,30,29,31,34,33,32,30,26,29,25,38,29,30,29,34,36,34,34,34,34,34,26,31,34,25,37,36,37,28,28,28,29,31,32,25,34,27,31,28,27,26,31,32,33,26,32,33,32,33,33,28,31,28,32,30,27,31,34,30,29,30,29,26,32,36,28,29,27,25,25,24,35,28,30,32,32,29,32,29,33,32,27,30,30,31,29,32,30,31,34,34,35,34,35,30,29,32,31,33,29,29,30,30,33,29,31,26,28,33,27,31,27,30,32,34,26,31,33,33,34,26,30,32,33,30,36,27,31,32,32,28,26,30,26,24,29,29,27,28,29,28,23,35,29,33,28,30,28,30,32,30,31,31,31,34,35,37,30,30,30,28,32,26,31,32,32,28,30,30,28,30,30,34,32,27,27,28,28,32,25,25,27,33,33,28,26,31,30,28,
32,35,33,28,30,33,31,32,30,28,35,33,38,39,31,33,30,35,30,29,36,39,37,34,34,35,36,24,29,36,29,32,34,37,33,32,28,31,24,24,26,35,29,21,21,28,38,30,31,31,32,28,31,30,31,25,32,33,31,28,37,31,32,32,30,34,31,29,31,32,32,34,28,33,27,28,27,30,39,32,30,32,35,35,35,35,35,35,33,35,40,31,38,36,37,31,35,38,34,34,32,30,35,31,27,30,27,27,27,33,30,26,24,24,26,27,32,34,32,31,32,27,34,35,34,31,31,31,31,32,32,31,31,30,37,25,28,24,35,35,25,33,33,33,32,29,35,33,27,28,30,32,33,31,32,34,34,30,33,36,27,31,31,31,29,30,30,31,33,30,37,26,30,26,29,36,35,32,30,28,29,33,31,31,33,32,34,28,36,35,36,35,29,27,29,27,33,31,31,31,30,25,33,30,32,28,30,27,42,31,29,28,29,30,32,31,33,25,32,31,32,30,36,35,30,30,30,33,33,34,35,34,33,26,31,27,27,27,31,33,33,31,35,32,28,28,33,32,33,26,28,26,27,28,26,27,
32,33,36,36,33,34,34,33,31,31,32,39,39,40,32,34,36,34,31,27,29,29,37,38,33,26,35,35,24,30,30,33,34,36,36,34,34,34,24,29,26,33,29,28,38,39,37,38,31,32,31,31,31,23,32,24,32,37,38,33,35,38,34,36,32,35,31,30,27,33,28,32,30,29,29,29,28,29,39,32,32,33,32,37,35,36,35,34,35,34,37,33,38,39,41,32,35,35,32,31,33,32,35,32,37,38,39,27,27,27,29,25,31,25,26,27,33,33,33,35,32,24,35,30,30,33,32,32,32,33,32,28,31,28,26,26,26,34,33,36,27,37,35,35,36,38,25,36,31,29,30,31,32,29,32,35,34,32,34,30,37,33,32,27,32,30,30,31,30,36,37,33,27,37,28,31,29,35,30,31,27,28,33,32,28,33,26,34,29,36,33,27,23,29,29,32,31,36,32,38,30,30,34,33,30,28,28,28,28,32,32,29,31,30,33,34,31,33,27,32,31,31,34,36,36,29,28,33,32,35,27,23,30,27,33,27,27,28,29,27,29,30,23,27,29,29,29,33,29,27,25,26,28,28,27,27,
34,33,36,35,36,37,35,30,30,27,40,27,38,39,36,35,26,30,34,36,28,25,29,38,33,33,28,35,25,26,30,31,36,38,36,37,36,33,34,28,35,36,38,29,22,39,39,25,33,35,37,32,33,33,32,25,33,30,39,33,36,32,35,37,33,33,32,32,30,34,26,29,32,29,28,29,29,32,30,28,33,37,33,34,34,34,33,35,36,38,38,37,40,39,42,36,35,36,33,33,32,31,32,26,40,40,28,27,28,30,30,30,32,32,27,38,35,34,36,30,29,33,25,32,34,31,29,34,33,33,34,31,29,30,27,26,27,36,34,28,28,27,36,35,34,28,28,32,32,30,36,34,32,34,34,37,31,32,31,36,32,30,34,35,36,33,32,32,31,27,37,34,31,37,38,28,30,32,30,30,31,31,30,29,29,34,35,29,34,29,33,32,27,31,33,33,31,40,31,31,29,31,34,34,30,29,29,30,32,31,33,33,31,31,30,35,36,36,30,28,29,32,28,35,30,30,28,34,34,32,26,24,29,32,33,28,28,29,32,28,32,30,24,24,30,30,29,29,34,30,28,28,28,28,29,30,
36,32,33,36,34,36,33,31,31,29,38,31,39,37,37,36,32,38,24,35,33,30,34,30,34,35,26,24,27,26,29,37,38,38,38,37,28,33,31,35,35,35,30,39,38,33,33,24,33,36,36,33,34,34,36,33,36,31,33,39,31,33,33,31,37,32,34,35,31,32,27,27,34,27,30,30,29,32,30,31,37,37,32,35,35,39,34,35,33,37,36,32,30,42,42,33,37,32,37,30,34,26,32,40,41,39,27,29,27,30,30,30,27,33,30,33,38,34,33,32,31,31,31,30,30,28,35,35,27,33,41,35,34,32,31,28,27,36,36,29,28,28,36,36,36,32,32,35,37,31,31,33,34,38,35,35,28,27,32,30,36,26,34,32,37,33,33,32,32,31,28,34,34,28,39,32,32,30,34,28,30,32,30,31,32,34,35,29,30,29,27,31,27,27,34,33,32,35,30,33,32,31,35,35,35,36,32,34,32,32,34,33,37,33,34,30,36,38,28,30,34,28,32,28,30,31,33,33,35,33,24,27,32,30,30,33,32,32,28,33,33,33,33,32,26,29,37,30,35,34,31,30,28,29,30,30,
34,33,34,36,34,36,37,40,34,27,32,31,29,32,32,32,34,38,36,35,35,31,30,34,32,28,26,26,25,26,27,32,29,38,37,37,35,30,38,34,33,36,37,36,34,34,34,34,38,34,36,34,28,35,34,34,39,35,40,33,30,33,33,33,36,33,30,34,33,30,30,35,34,34,29,32,33,37,36,34,37,38,36,36,36,36,34,34,35,33,34,33,35,41,37,42,43,35,33,30,29,28,31,39,40,32,28,31,35,33,26,30,34,34,31,35,34,34,34,33,40,28,31,31,31,36,33,36,38,33,34,35,35,33,32,35,29,39,38,29,31,30,36,32,32,35,36,32,38,35,32,34,37,37,36,36,38,33,37,31,26,24,26,24,25,33,34,33,30,34,33,32,27,32,29,33,34,33,32,29,32,35,31,33,32,30,36,30,34,30,32,32,34,34,35,34,33,32,37,33,32,38,35,36,37,38,32,31,32,33,31,32,38,33,34,37,31,39,33,32,31,31,29,30,29,32,34,31,32,34,25,25,35,37,33,34,34,32,32,31,31,31,33,33,26,28,31,41,31,32,31,31,31,29,31,30,
35,36,32,35,35,34,29,34,30,31,36,32,30,30,34,34,33,33,35,36,34,34,33,30,34,31,29,29,27,27,26,32,33,30,31,38,34,40,37,30,31,33,32,33,31,37,35,34,39,33,34,36,28,35,36,30,33,34,36,33,30,31,35,37,37,37,37,34,32,34,29,36,31,33,34,33,34,34,37,38,31,36,38,37,37,32,41,33,34,34,34,33,34,36,38,36,44,34,33,34,32,30,34,31,40,40,28,31,33,31,39,32,29,35,35,36,36,35,33,30,34,34,31,29,29,30,29,30,29,36,39,32,34,33,34,33,41,39,40,37,34,30,31,39,36,29,35,32,32,33,36,36,35,42,38,37,36,37,38,38,30,26,27,26,34,33,34,34,32,34,35,38,32,28,30,38,31,33,33,33,36,35,33,31,33,34,28,31,32,31,34,33,34,36,32,32,35,31,33,32,33,35,31,31,37,33,34,31,32,33,31,33,35,33,34,38,32,30,37,37,33,32,35,32,35,34,34,32,34,37,35,31,36,37,32,33,34,32,31,32,31,31,28,33,40,29,31,33,35,33,33,37,30,31,31,31,
36,36,35,34,36,37,30,29,30,36,36,37,37,31,35,34,34,34,37,33,35,35,31,31,31,36,36,32,33,41,30,28,33,34,32,38,38,42,37,33,32,32,38,35,33,41,37,35,33,34,31,35,32,36,36,29,40,37,36,33,34,34,36,37,38,39,35,38,34,34,33,32,35,33,34,34,35,34,33,38,38,36,37,38,38,38,42,33,34,37,35,33,34,37,38,39,36,35,34,35,32,37,35,36,32,30,29,28,31,36,39,40,38,30,36,36,35,31,33,38,41,35,31,28,28,32,31,30,37,37,36,34,38,37,37,35,35,31,41,41,35,32,40,38,36,35,36,31,38,34,33,36,36,33,33,37,37,35,33,30,29,31,31,28,27,27,35,35,33,35,36,35,34,30,29,38,33,34,32,33,36,31,33,33,37,35,27,29,35,31,34,37,35,36,34,33,33,34,34,41,34,36,36,32,31,34,34,32,34,30,31,36,36,36,36,35,35,37,35,35,38,34,31,32,32,31,30,35,34,32,33,36,36,40,33,33,36,33,33,33,32,33,33,33,38,40,40,41,32,33,34,36,33,33,32,32,
37,37,33,33,35,34,45,34,30,35,37,38,38,38,37,38,38,33,34,34,34,35,41,40,29,29,32,33,37,39,38,31,37,40,34,35,36,43,36,35,33,33,32,42,37,34,37,35,34,35,31,37,32,37,33,37,40,41,37,33,33,34,34,38,39,38,41,38,31,37,30,33,35,33,37,35,33,35,33,39,29,38,28,35,37,35,37,39,37,38,38,36,37,38,37,38,38,39,39,39,33,34,36,37,36,31,30,39,31,37,40,42,36,40,40,33,34,33,32,34,38,36,32,36,33,29,32,31,33,40,37,35,38,38,36,36,36,31,35,42,32,34,33,39,38,35,35,36,34,35,34,34,34,33,34,34,39,39,42,33,32,32,33,35,30,28,32,37,37,36,37,36,35,30,38,35,33,33,33,33,32,31,35,33,33,29,28,29,31,36,38,38,37,37,32,36,35,40,36,35,34,36,38,33,37,33,37,36,32,31,33,39,35,38,37,34,37,37,36,37,36,34,32,31,31,32,32,30,34,33,37,28,36,37,31,36,35,33,38,32,34,42,41,34,36,31,38,41,32,34,37,34,34,34,33,33,
37,38,35,31,36,35,46,30,36,40,40,39,37,38,39,40,39,39,34,35,35,38,37,40,37,30,36,34,42,36,37,38,37,31,34,34,38,37,45,35,36,33,38,42,37,35,36,36,37,36,36,35,36,32,33,33,36,41,41,38,38,39,36,40,38,39,37,38,38,37,36,34,36,36,34,35,33,34,40,39,29,29,28,34,36,37,35,37,36,37,37,35,37,37,38,39,39,38,40,36,33,35,38,36,33,34,33,30,40,38,37,35,35,40,34,34,32,35,33,37,36,36,37,36,33,29,32,36,34,42,36,36,38,38,37,36,33,34,37,42,33,33,36,37,33,36,38,36,37,34,35,32,35,37,33,42,32,31,43,31,33,33,29,34,34,36,33,34,37,38,36,34,35,42,34,40,34,39,39,36,34,32,35,42,38,30,36,29,31,29,35,38,36,38,32,37,34,34,40,40,39,35,38,36,37,39,37,37,32,33,34,33,34,38,36,35,32,38,38,38,35,37,31,31,32,31,31,31,36,34,34,36,34,38,36,37,36,37,40,37,34,36,41,36,37,36,36,42,36,35,37,38,36,35,36,34,
35,38,37,33,36,36,36,39,34,37,35,39,38,38,40,37,37,39,36,39,37,40,39,38,34,30,35,41,42,41,36,33,38,40,35,34,35,34,37,44,37,36,37,35,36,37,40,41,37,37,36,36,36,38,36,37,39,40,39,42,42,40,34,39,40,39,43,39,39,37,38,39,38,37,39,38,36,35,33,32,32,29,36,35,42,37,36,36,39,41,38,35,35,38,32,39,36,42,39,42,35,35,39,37,34,36,34,36,41,40,38,37,36,43,39,38,41,34,36,42,38,35,37,40,35,34,34,29,31,42,37,37,40,36,31,33,35,35,34,36,41,34,33,34,34,37,37,33,34,33,31,38,38,37,42,43,37,33,32,33,38,31,34,30,30,35,33,35,34,31,38,42,43,39,33,35,34,35,31,36,37,37,35,37,36,35,34,37,32,38,30,38,37,37,35,37,35,38,34,39,36,41,40,35,34,36,38,35,34,34,36,34,42,39,33,36,33,31,38,38,38,36,35,31,32,36,31,31,34,33,38,37,36,36,34,39,37,39,33,39,38,38,42,42,33,38,37,31,38,32,32,38,35,35,35,34,
36,36,35,33,37,34,34,34,38,37,36,34,39,39,31,40,39,37,37,40,40,38,40,40,37,37,35,36,38,42,35,36,34,38,34,38,41,42,38,42,39,38,38,35,35,37,38,43,38,41,36,37,38,39,37,38,35,40,41,40,43,37,34,45,41,41,32,38,39,38,39,38,40,39,39,38,37,36,33,37,32,33,36,36,39,37,37,40,39,37,38,32,35,34,40,39,40,34,42,42,34,36,39,39,37,34,37,37,39,41,38,39,33,36,39,36,42,35,37,37,42,38,39,36,38,32,35,36,33,30,31,35,41,37,32,34,34,35,35,38,35,35,39,37,37,37,36,37,33,39,39,38,39,35,36,41,37,34,34,33,33,37,32,31,31,35,37,37,35,30,33,42,41,37,38,34,32,36,32,33,43,39,35,37,37,41,35,37,35,34,34,33,35,38,36,37,38,40,35,37,40,38,38,39,33,36,37,36,35,35,38,36,36,37,39,38,37,41,31,40,36,37,35,36,36,36,37,33,36,36,31,38,36,36,40,35,32,40,37,40,36,40,34,40,36,37,39,35,38,33,33,35,37,37,37,36,
43,37,36,32,37,36,37,37,38,35,41,34,36,40,38,40,39,40,34,38,41,39,42,38,40,36,37,37,39,39,33,39,35,37,41,45,42,44,44,43,35,40,38,40,44,35,38,36,42,36,41,36,39,40,34,38,34,42,36,39,40,38,34,35,44,45,33,36,40,36,39,39,39,42,40,39,39,36,38,35,36,34,37,35,39,39,38,44,39,38,38,41,35,35,39,33,32,41,40,45,43,36,43,41,41,42,39,38,38,39,33,37,38,37,32,41,40,36,35,38,38,39,38,39,39,40,39,37,33,34,32,42,42,39,39,37,34,37,36,42,39,41,39,40,38,38,37,38,38,35,35,34,35,45,41,36,38,37,38,42,34,38,38,36,34,33,37,36,38,41,33,32,36,41,38,39,34,34,31,31,38,40,35,42,41,36,36,37,37,36,38,34,36,36,35,37,37,39,39,39,40,38,34,35,38,40,37,37,40,36,39,38,41,37,37,39,37,35,35,32,40,37,39,36,38,34,38,35,33,38,37,39,41,33,33,33,40,41,37,38,36,35,41,41,37,37,36,33,38,37,35,36,38,39,37,38,
37,38,36,36,33,33,39,40,35,36,36,41,37,39,39,41,39,38,34,40,39,39,43,39,41,39,37,37,36,36,37,36,41,41,41,40,40,41,43,45,43,40,38,39,38,40,38,39,41,42,36,37,42,36,39,34,38,38,42,40,40,40,35,36,35,33,33,37,40,42,35,35,36,44,42,41,40,36,36,40,34,36,40,40,35,40,39,39,40,42,38,42,37,37,41,39,42,42,39,40,41,36,42,44,44,36,39,36,39,38,42,39,40,37,33,40,34,36,34,39,42,38,39,41,41,40,38,38,34,38,33,43,43,39,43,38,33,42,37,41,41,41,40,36,39,39,38,38,39,40,37,36,45,45,40,37,39,37,39,42,34,37,38,38,38,33,35,38,32,34,34,35,44,34,35,34,36,44,32,34,39,40,36,42,42,46,38,38,34,38,35,39,43,39,36,37,37,40,39,40,40,42,38,36,35,41,41,36,42,41,39,43,42,46,37,38,40,39,35,41,38,41,40,39,42,34,40,38,40,38,43,39,41,34,38,39,38,41,36,38,38,37,38,43,41,38,38,33,39,37,36,38,37,37,36,37,
37,41,34,37,35,34,39,40,37,35,35,36,41,39,43,42,35,38,39,42,39,39,40,39,41,43,41,39,37,38,35,39,41,39,43,39,41,34,46,43,44,44,41,42,39,40,38,35,39,42,42,37,34,39,35,35,34,34,39,41,41,35,35,39,36,36,35,34,37,35,34,33,36,36,39,42,39,38,37,37,41,34,36,40,38,40,41,38,36,42,44,40,42,38,38,39,41,41,42,45,43,41,37,43,45,41,37,38,37,41,43,39,39,36,34,41,33,35,40,40,39,42,41,43,39,40,38,38,39,39,42,45,39,45,42,43,35,35,39,42,43,35,40,36,36,35,38,39,38,35,42,36,35,34,41,41,38,40,38,41,38,37,39,38,38,37,35,35,40,37,38,39,38,39,35,45,36,37,38,34,42,39,37,40,39,48,47,39,35,35,38,42,39,37,34,42,38,38,41,37,41,37,39,36,41,36,38,37,41,42,41,42,44,45,44,38,42,40,41,42,37,41,38,40,41,41,42,39,33,41,34,44,40,42,39,40,40,38,39,36,39,38,42,38,44,35,45,39,38,38,37,40,35,35,34,40,
39,44,35,37,40,40,39,37,44,36,36,35,42,42,42,40,39,41,36,37,43,43,39,43,42,38,41,39,39,40,39,38,37,43,40,42,39,42,43,39,46,45,33,41,40,40,42,40,36,36,40,42,39,34,42,34,35,34,39,38,36,37,36,38,40,41,35,35,36,41,34,37,36,42,44,36,42,40,38,40,41,36,43,36,36,45,42,39,41,37,44,45,42,43,35,40,42,42,44,45,42,40,40,41,46,46,43,38,38,41,43,38,37,37,37,37,44,42,41,36,44,38,34,43,44,37,41,40,38,39,41,42,40,43,39,42,35,47,45,39,40,38,37,41,37,39,40,42,39,43,38,39,37,35,35,38,41,36,38,40,39,40,39,46,40,39,37,38,36,42,34,41,39,38,36,45,44,37,41,35,37,36,40,37,39,39,47,47,40,48,39,43,43,41,41,40,39,40,44,47,38,47,41,39,41,42,39,43,45,43,45,40,44,36,40,39,41,42,42,43,38,42,41,42,43,41,42,46,40,40,39,36,41,39,40,38,41,40,44,41,41,42,41,45,46,35,38,38,40,39,39,39,40,39,42,41,
39,40,44,40,39,36,36,38,42,44,43,42,39,39,44,43,43,41,37,42,36,44,38,42,40,39,42,43,40,43,39,38,37,38,42,40,44,42,40,39,47,34,34,42,42,39,43,44,39,40,39,39,36,37,39,39,39,36,37,39,36,37,37,38,38,43,42,37,37,41,39,39,39,35,36,37,40,40,38,39,39,43,44,44,43,43,46,44,42,40,38,46,42,42,43,42,36,38,40,43,39,41,38,40,38,46,38,42,46,42,42,37,38,38,38,39,42,45,42,45,36,36,42,38,37,40,38,40,39,41,42,43,44,46,42,40,35,47,47,47,41,41,38,40,38,38,39,39,39,43,37,39,41,41,37,38,39,36,38,38,36,41,40,40,41,41,37,38,41,43,40,40,40,41,39,39,39,43,42,37,38,38,39,38,40,39,44,48,48,49,48,49,44,43,40,41,38,44,41,47,48,44,40,41,41,41,41,42,44,40,45,40,39,40,42,42,39,41,41,43,42,42,42,42,43,43,44,40,41,41,40,41,37,40,41,40,42,39,40,41,44,43,41,43,37,39,39,39,42,40,39,39,39,40,43,39,
43,41,40,41,41,42,45,46,40,41,44,47,40,39,45,43,41,42,42,45,43,37,45,39,43,40,41,46,47,44,48,47,38,39,38,41,41,44,38,39,40,40,46,39,40,39,40,45,45,46,40,40,37,46,39,36,40,40,36,39,38,40,37,40,38,40,42,37,42,41,39,39,40,47,43,36,41,45,39,40,40,42,43,44,45,46,44,39,40,40,43,42,40,39,39,36,36,37,37,40,40,41,42,39,39,38,46,42,46,41,43,42,44,39,44,41,43,44,42,44,36,42,43,39,38,45,44,40,42,45,40,44,43,41,40,40,39,36,36,42,47,42,41,39,40,43,39,40,39,44,42,40,40,41,43,41,38,40,41,38,40,38,40,40,42,46,40,37,39,45,40,39,35,40,40,40,43,43,38,36,40,39,41,41,40,41,40,43,44,48,49,49,43,44,41,41,40,47,44,44,43,43,45,46,40,42,43,43,42,39,39,42,43,37,40,40,38,43,41,43,44,42,43,44,45,44,46,43,43,41,37,42,37,43,43,41,40,40,42,42,40,39,42,39,38,37,45,39,40,40,40,42,41,40,42,42,
43,40,41,41,41,43,40,38,40,43,47,47,43,44,38,41,41,46,41,46,46,39,37,44,40,44,43,43,46,43,47,44,40,39,38,38,42,41,43,42,40,46,47,38,39,40,47,45,44,46,40,40,41,35,47,39,40,39,37,40,42,49,37,36,40,39,41,42,48,45,44,41,40,46,39,44,41,44,45,40,44,43,41,45,45,44,39,45,38,41,41,41,41,39,39,37,47,38,38,40,42,39,42,39,41,39,41,47,46,43,43,38,44,42,40,45,44,46,43,46,36,36,36,37,39,46,44,38,44,44,42,41,43,41,41,48,48,40,39,43,45,42,45,40,42,43,39,40,41,40,38,44,42,43,43,43,38,39,45,41,43,38,42,40,43,43,41,42,42,43,41,40,36,41,38,45,38,44,40,41,40,39,42,43,41,41,44,42,45,41,51,50,51,42,42,44,46,42,45,44,44,43,45,42,41,41,41,41,43,40,37,39,44,41,39,41,41,42,44,44,39,42,41,42,42,39,41,42,43,41,38,37,42,41,39,40,41,40,41,46,42,46,40,44,45,37,41,40,41,41,43,42,42,42,44,41,
42,40,41,41,43,43,43,46,43,43,44,47,43,42,44,42,42,43,47,46,42,45,46,39,40,45,44,41,44,51,49,44,45,44,38,42,42,42,40,40,41,42,44,43,38,39,41,47,48,40,41,42,41,41,37,47,38,41,46,40,39,49,41,37,46,40,40,43,45,48,47,45,40,51,51,40,44,44,45,44,47,44,44,43,44,46,40,43,39,47,42,42,41,45,46,39,38,48,40,41,39,42,43,41,39,40,42,41,38,45,43,43,41,44,43,44,44,45,46,47,41,37,38,38,46,43,44,45,46,43,45,41,44,42,40,43,48,36,40,45,44,44,39,42,42,41,41,45,42,42,39,39,37,40,42,43,44,39,45,40,46,44,47,41,41,44,41,45,43,44,42,42,38,41,43,40,45,39,39,39,39,39,39,38,44,44,44,43,46,40,43,50,51,45,48,45,43,43,43,47,43,45,46,42,43,42,41,39,41,41,41,38,42,38,39,46,42,42,42,42,40,40,43,42,42,42,42,43,44,43,41,39,43,45,41,41,42,40,40,46,41,44,46,44,44,44,46,43,41,43,44,42,47,42,42,45,
42,43,43,42,43,44,44,43,39,46,41,44,44,41,44,43,45,43,43,43,39,46,41,40,42,41,45,42,43,47,48,50,44,43,44,45,44,40,46,41,42,47,45,45,42,41,45,41,43,41,40,39,43,43,42,48,40,45,40,39,49,49,49,43,47,43,41,43,42,45,41,45,45,42,51,52,41,46,46,45,45,43,42,43,43,40,46,49,43,47,47,42,37,46,46,39,39,40,44,42,45,42,45,42,41,42,41,41,39,48,43,41,42,41,43,42,38,43,47,47,47,40,40,41,41,42,43,43,46,45,43,47,39,43,38,44,42,39,37,39,45,40,46,46,43,42,43,39,46,46,41,41,37,46,45,43,47,43,42,46,45,43,44,45,41,43,42,48,48,45,41,40,39,41,42,45,42,46,41,40,46,40,41,41,44,45,42,43,38,42,45,50,43,46,43,43,43,42,43,47,44,45,46,42,44,43,46,40,42,40,41,43,44,43,39,42,46,45,43,44,45,43,42,44,46,42,44,43,43,43,43,43,39,44,44,45,41,44,41,42,48,42,43,44,44,44,43,47,45,44,45,46,47,43,44,46,
40,44,42,41,45,45,45,45,41,42,42,42,43,42,44,44,43,44,43,44,44,43,41,50,47,43,44,49,40,48,40,51,42,44,50,43,44,45,46,46,45,42,48,48,43,42,43,45,39,39,42,42,42,44,46,43,45,47,46,45,40,48,41,50,42,49,43,43,44,46,47,45,45,44,39,52,43,42,46,46,48,44,42,44,45,43,42,43,40,42,48,43,43,43,40,38,39,41,42,39,44,43,42,45,43,41,44,42,42,44,46,46,44,47,46,44,43,42,44,47,43,42,43,46,42,44,40,48,45,46,45,47,40,40,38,44,40,37,39,40,41,48,45,45,46,43,43,45,40,42,46,42,41,42,40,45,49,46,46,46,40,39,45,44,45,47,42,48,47,50,41,41,41,40,43,43,42,42,48,43,42,42,43,42,45,42,42,39,44,43,43,43,43,44,44,47,44,44,44,44,44,47,48,47,48,47,46,47,48,41,45,45,45,43,46,44,42,43,44,45,45,41,41,42,43,46,45,45,47,46,44,43,41,44,46,45,42,42,46,42,43,44,46,46,46,45,47,44,45,47,47,46,47,45,46,45,
43,41,43,41,45,45,45,41,41,41,42,42,43,45,45,41,41,42,45,43,41,45,42,51,52,42,43,49,44,43,41,43,42,44,43,47,45,46,45,46,45,47,48,46,44,42,43,47,42,44,42,42,41,43,40,44,41,45,47,46,50,43,41,49,48,43,41,43,46,44,43,47,46,44,43,44,41,42,46,47,47,47,45,44,45,41,42,47,41,43,43,44,43,43,48,44,40,45,42,47,44,45,41,42,45,41,41,47,42,43,44,48,46,46,47,45,47,44,44,43,44,51,43,46,46,45,41,46,47,45,47,46,45,41,45,40,45,48,42,41,48,49,49,46,46,40,46,43,47,43,43,45,43,43,41,45,44,48,44,47,50,46,44,43,47,49,48,48,40,46,47,40,42,41,40,43,43,44,48,43,42,39,45,44,43,48,45,40,45,44,44,43,47,42,47,48,49,41,44,43,42,43,47,47,48,46,47,48,47,48,46,46,46,43,42,46,41,47,41,42,46,44,43,43,44,45,46,46,47,46,44,43,46,40,47,44,45,46,44,47,45,44,44,46,46,49,46,48,45,46,43,46,48,46,46,47,
46,43,45,45,45,44,45,43,42,42,40,42,44,40,46,49,42,43,43,42,43,48,47,45,45,43,48,49,45,44,42,45,41,45,46,44,44,45,49,48,46,46,49,47,47,45,49,48,43,42,46,43,47,45,42,42,42,45,48,46,51,50,44,42,43,48,43,42,48,45,44,46,49,46,49,45,44,44,44,45,45,48,45,45,45,42,48,44,44,44,48,43,51,44,43,45,45,46,44,43,43,46,46,47,43,42,42,43,43,44,47,42,50,47,46,43,46,45,45,44,45,43,45,45,46,47,43,42,47,46,49,45,48,44,41,41,46,40,43,48,48,45,49,48,47,46,45,44,45,45,43,45,47,43,41,49,41,50,48,49,51,47,45,44,45,47,41,46,41,50,40,41,42,44,45,44,47,45,45,50,40,41,46,43,45,44,45,44,45,44,49,43,46,47,44,45,50,48,42,44,43,42,44,45,50,45,47,46,49,47,46,46,47,48,47,47,47,42,42,42,43,43,45,46,44,45,44,47,45,49,47,43,46,45,47,47,48,47,45,43,45,46,48,47,46,47,48,48,49,50,48,46,46,47,46,46,
42,45,44,47,44,45,44,46,45,44,48,41,45,51,47,48,45,43,42,47,45,46,44,46,49,46,41,45,44,45,46,45,43,45,42,46,50,50,48,47,47,47,49,52,50,51,48,50,44,45,46,44,45,44,44,42,45,47,46,48,45,50,46,44,44,42,47,43,44,46,46,45,47,49,49,48,46,45,43,45,44,49,46,46,48,43,49,45,42,45,46,48,51,45,53,45,45,54,45,43,43,45,44,43,47,42,49,45,50,44,41,49,50,49,46,44,44,43,50,43,45,44,45,45,47,47,46,46,47,45,46,45,48,48,45,46,48,49,41,49,45,45,44,45,42,43,47,46,47,45,46,46,47,43,42,41,47,46,51,45,46,43,47,47,52,45,41,44,51,42,45,42,45,44,43,44,43,48,49,48,41,44,46,47,46,44,46,43,43,46,43,48,49,50,51,48,47,50,49,42,51,44,45,48,48,48,47,47,47,45,47,47,46,46,47,43,44,48,48,48,43,44,44,46,46,46,45,45,46,48,49,44,46,44,45,48,42,48,44,43,45,46,45,46,43,50,48,47,49,48,50,50,46,48,48,48,
49,48,46,46,47,48,45,46,45,46,46,48,44,45,52,48,45,43,43,50,46,46,45,45,50,50,48,49,45,45,45,44,44,48,44,44,47,49,47,46,47,48,49,51,51,48,45,50,51,46,46,45,47,47,45,46,47,45,46,47,44,49,48,44,50,48,47,44,45,49,47,46,50,50,50,47,46,48,44,47,46,46,47,46,46,44,48,50,49,45,46,49,48,52,53,46,48,54,46,46,44,46,41,40,47,43,44,48,44,50,47,48,51,43,48,45,45,50,51,48,46,44,45,55,55,46,47,47,47,52,46,47,44,51,48,49,51,50,49,47,46,45,49,44,44,43,47,47,46,46,47,50,46,51,43,47,42,43,46,46,43,46,47,48,47,50,43,43,45,45,47,45,42,44,46,45,45,44,48,51,48,48,46,48,47,51,46,44,47,45,47,45,49,49,42,44,48,49,44,50,47,47,48,45,45,53,52,48,48,47,48,48,48,49,53,53,54,45,48,51,45,45,45,46,48,44,46,46,48,48,49,50,45,47,45,46,47,44,45,43,44,44,45,42,44,45,47,46,46,49,49,48,48,48,49,48,
49,48,51,51,46,52,46,48,48,46,47,49,42,51,46,45,49,47,47,50,47,47,50,51,50,50,49,47,49,47,47,48,44,48,44,48,49,49,47,46,46,50,48,51,51,50,47,46,46,45,48,47,44,48,45,47,48,47,46,47,45,47,51,43,51,45,47,47,45,47,50,50,51,50,46,49,46,47,46,46,47,46,44,46,47,46,44,45,46,43,46,48,49,47,43,46,45,47,45,45,45,47,47,50,44,46,46,49,48,45,45,45,47,49,44,49,46,49,51,48,45,45,45,48,56,48,47,48,45,44,49,53,49,50,46,49,48,50,49,47,47,47,46,50,45,44,47,48,47,48,47,48,47,52,47,48,47,43,46,49,47,47,47,43,48,43,51,44,46,44,47,46,49,47,47,45,44,45,49,48,48,48,45,46,45,46,47,52,44,50,46,46,48,49,43,43,45,47,50,42,50,47,49,49,54,46,54,48,49,49,50,49,49,48,50,51,49,48,46,49,52,50,48,50,50,51,49,43,46,49,51,48,47,47,45,47,46,43,44,47,46,45,45,49,44,49,46,51,47,47,51,49,51,49,52,48,
50,44,47,52,51,50,47,47,48,49,48,46,43,44,51,47,52,47,48,46,44,48,46,50,51,51,50,48,48,50,50,47,47,48,48,50,46,47,48,47,50,52,48,44,52,47,50,49,46,45,45,47,45,46,49,46,49,48,51,47,49,48,45,48,44,50,45,46,47,49,49,46,50,51,47,49,51,47,50,46,42,48,46,47,54,48,47,47,48,48,50,48,48,47,45,46,47,46,50,45,47,45,46,50,46,46,46,47,49,46,48,48,47,52,49,50,45,45,50,46,46,51,45,49,46,49,49,47,49,45,45,49,50,50,51,50,49,50,50,50,50,47,47,47,47,48,52,48,49,51,46,48,47,48,49,45,48,48,50,47,47,49,46,46,48,45,52,48,46,45,47,47,47,46,48,46,46,47,46,48,49,45,49,47,47,47,46,50,51,45,50,49,50,49,52,44,43,43,44,45,47,46,50,49,43,54,43,46,49,50,47,45,47,45,46,45,50,48,50,48,49,49,49,46,51,50,47,44,47,50,47,47,49,47,46,48,47,47,47,49,48,45,46,47,49,45,54,50,45,45,52,48,45,49,49,49,
51,51,52,53,51,50,50,48,47,48,49,52,47,45,45,48,53,50,50,49,46,51,47,47,50,48,50,48,49,49,48,47,48,47,46,47,50,46,50,47,50,48,49,46,48,53,46,50,45,47,47,47,48,45,46,48,51,50,52,49,50,50,46,47,49,48,51,51,48,46,50,47,48,51,52,49,51,49,49,46,49,51,47,47,46,50,51,48,49,46,50,46,51,48,46,46,46,51,46,45,49,46,51,47,48,48,46,47,46,50,49,49,50,52,50,50,49,54,51,52,47,50,48,46,46,48,48,45,49,50,46,50,52,50,52,50,48,49,49,50,50,50,48,51,46,48,50,53,53,54,52,48,48,49,49,46,46,53,50,53,50,46,46,47,51,48,48,49,48,49,45,48,52,48,49,47,46,47,49,48,49,50,50,49,48,47,48,47,47,49,50,50,50,50,44,45,44,44,44,49,47,43,49,50,49,50,52,46,47,48,50,47,47,46,46,52,51,51,47,49,48,51,49,52,50,46,47,46,48,46,49,50,47,52,48,46,47,48,49,49,52,49,46,49,50,46,46,52,54,53,50,49,50,54,52,51,
52,52,49,52,52,51,47,50,49,47,49,51,48,48,46,48,48,49,51,53,48,53,46,47,46,49,51,51,47,52,50,48,47,48,47,48,48,49,48,46,48,49,49,47,47,50,47,51,46,48,46,50,48,48,48,49,47,48,51,47,48,50,51,46,49,47,51,50,53,50,46,50,48,48,48,49,49,49,44,48,47,46,51,48,48,52,49,50,50,46,46,50,52,49,49,48,48,49,47,48,45,50,49,48,48,49,47,48,50,51,49,51,50,47,51,52,50,54,48,53,51,49,48,50,49,48,48,46,46,51,49,52,51,49,44,51,51,51,48,51,50,46,51,45,52,52,52,52,52,47,47,49,48,49,49,53,47,47,54,45,53,50,48,52,52,48,47,50,47,51,47,49,51,52,51,51,52,48,51,49,50,49,50,50,51,46,47,53,49,47,50,50,52,51,51,48,49,53,45,50,47,45,48,50,48,48,52,46,51,50,48,49,47,48,48,52,53,52,54,48,51,51,47,52,51,51,47,47,51,49,47,49,50,51,46,47,50,47,49,49,50,48,50,50,49,47,47,46,50,52,53,47,53,52,52,50,
49,51,52,53,53,50,51,48,48,51,50,47,48,49,49,47,49,50,49,52,54,54,47,47,49,51,48,53,48,52,49,50,50,49,50,48,49,48,49,48,48,50,51,50,50,50,53,50,52,47,46,47,45,47,50,51,50,49,51,47,51,51,48,47,52,47,48,52,51,48,49,50,50,52,49,51,49,51,51,47,47,47,48,51,51,49,52,53,48,48,46,47,51,49,50,48,49,49,51,49,49,51,50,50,47,47,49,51,51,50,48,51,45,47,51,47,51,52,50,49,53,52,52,51,50,49,52,48,51,51,53,52,51,51,49,48,49,50,53,51,52,48,50,45,45,52,52,49,49,48,48,50,49,48,52,53,47,47,49,48,46,48,51,52,53,52,49,48,48,52,48,48,49,52,50,52,49,51,51,50,49,50,52,50,47,48,49,49,52,50,52,50,53,52,52,51,50,53,46,51,51,46,52,49,46,52,48,49,50,51,49,47,52,48,51,49,52,54,53,53,53,48,48,47,51,52,52,48,49,49,50,47,51,49,51,48,51,51,47,51,51,51,49,53,49,52,48,47,51,48,53,53,51,52,52,51,
49,54,53,52,54,50,52,48,52,54,49,48,48,50,50,45,49,51,49,52,50,55,51,49,52,51,53,53,49,49,50,47,53,53,50,49,49,51,49,50,49,48,49,52,51,51,48,46,49,52,50,50,52,48,48,51,50,51,47,54,48,52,49,50,50,53,52,47,51,48,50,51,52,53,51,50,52,51,49,51,50,48,54,52,50,52,49,49,52,51,49,47,50,53,49,54,48,49,54,50,49,50,51,50,52,48,50,49,52,51,50,52,46,50,49,47,52,49,50,48,50,52,50,53,48,50,49,49,48,50,52,53,46,48,50,50,51,48,50,53,53,50,51,48,46,50,48,48,53,51,50,50,50,48,48,52,49,49,47,50,47,48,49,48,49,53,49,50,49,53,51,49,47,49,49,49,51,52,52,52,51,53,51,51,51,47,49,50,49,52,53,55,53,52,55,54,52,54,54,54,54,52,50,53,52,53,48,51,50,54,51,51,51,51,52,49,52,52,49,49,50,51,52,47,48,51,50,52,51,50,50,48,49,51,44,50,49,53,51,49,51,52,53,48,49,51,50,53,47,53,55,47,48,54,53,53,
50,52,54,54,54,48,49,49,49,49,48,52,51,50,49,52,53,51,50,54,50,51,51,47,53,50,51,48,50,51,52,53,53,50,52,49,52,50,49,48,49,52,49,50,53,52,49,54,53,50,52,48,50,50,49,51,49,51,53,52,48,52,52,52,50,53,49,46,54,50,49,53,53,50,50,51,52,52,49,49,49,51,50,54,48,50,50,50,53,49,52,51,51,51,50,56,56,53,54,55,51,54,51,52,52,51,51,55,53,53,50,52,50,49,46,47,49,49,50,50,52,51,54,53,51,51,49,55,51,51,54,54,50,52,49,51,50,49,51,50,52,53,52,50,48,53,49,51,50,50,49,51,50,48,47,49,50,53,49,51,49,54,48,51,47,48,49,49,49,49,54,51,49,55,50,50,50,52,49,49,54,50,52,54,52,50,48,53,50,50,51,54,52,56,55,55,52,53,55,54,53,53,49,51,46,47,47,52,51,52,51,52,51,53,53,51,52,50,50,49,50,51,57,48,50,55,52,51,51,55,52,50,52,50,49,45,46,52,54,50,50,52,49,47,48,52,48,52,51,53,52,48,53,54,54,54,
53,52,54,54,54,54,48,48,49,49,49,54,51,51,54,52,54,54,51,51,48,52,50,51,51,52,50,51,52,51,51,50,50,53,54,53,54,54,55,49,48,51,52,51,51,53,52,54,54,53,51,52,53,51,53,52,51,51,54,51,50,49,49,51,51,54,54,52,52,51,50,52,53,53,52,52,51,48,54,52,54,53,52,53,49,52,49,51,50,50,48,53,53,49,53,56,55,54,51,51,53,53,54,55,51,52,55,52,54,52,50,53,51,49,47,49,48,50,50,50,53,52,52,54,52,51,49,51,52,52,50,55,55,53,47,50,52,51,54,51,53,51,53,55,49,55,53,52,51,50,52,51,52,51,53,49,53,53,53,51,53,54,52,51,52,48,49,52,53,51,52,51,58,56,49,51,51,53,49,51,52,55,52,54,52,53,52,53,52,51,54,47,55,57,57,52,53,54,53,54,54,54,54,55,47,47,58,50,51,52,53,52,51,51,51,53,53,51,54,50,52,51,52,52,51,55,56,53,52,51,52,54,52,50,52,51,54,52,52,50,53,54,52,55,51,52,48,52,54,51,50,52,50,54,53,54,
49,53,52,51,51,53,49,50,49,50,53,48,52,52,53,52,53,52,54,52,49,56,52,50,50,50,52,54,50,53,52,52,51,52,48,54,49,53,54,55,52,51,53,52,52,54,55,54,55,54,54,52,52,50,53,53,53,52,51,52,51,50,50,51,51,52,51,52,52,51,52,52,54,53,52,51,53,50,54,54,51,56,53,54,50,51,50,50,54,55,55,57,56,54,54,55,55,53,52,56,54,53,52,47,52,53,54,52,54,53,54,53,55,54,53,48,48,54,51,51,50,55,54,54,53,54,50,50,55,53,51,54,54,55,50,49,51,51,54,54,53,52,52,54,55,54,55,50,53,52,52,52,52,52,52,52,50,53,55,50,53,54,54,54,52,50,49,50,54,51,54,48,54,53,53,56,51,53,51,53,53,56,53,53,53,54,53,53,51,50,54,53,53,54,58,52,54,54,55,55,56,55,55,56,49,51,48,51,51,52,53,50,52,54,51,54,51,54,55,52,53,50,52,59,54,53,56,52,54,52,55,54,52,53,50,50,56,54,49,54,57,53,54,55,53,52,53,52,52,54,54,51,51,51,54,54,
51,50,54,52,52,54,54,53,51,53,53,49,53,53,53,52,53,55,53,53,53,52,56,50,51,56,52,54,53,53,53,56,56,51,55,50,56,55,55,54,56,54,56,53,53,55,55,52,53,52,52,54,52,54,54,50,52,54,54,53,52,52,51,55,55,54,52,54,54,55,52,53,57,53,53,52,53,50,52,52,52,53,54,55,54,53,54,55,52,52,56,55,57,54,54,54,54,52,53,54,54,54,52,53,54,55,55,54,54,56,54,55,55,55,54,53,50,49,54,52,53,55,56,53,55,51,53,51,53,55,55,54,54,55,53,52,53,54,56,51,55,53,53,55,54,55,55,55,51,53,53,53,53,54,53,53,55,54,54,56,53,53,54,52,57,57,53,55,52,54,54,54,49,50,58,52,54,54,52,51,53,54,54,55,54,54,53,53,54,51,51,54,53,58,57,53,57,53,53,53,53,54,56,52,50,55,55,52,54,56,53,51,53,55,54,53,54,54,54,53,51,54,53,59,53,54,55,56,53,53,54,55,57,52,55,51,51,48,53,50,55,56,55,54,54,55,53,54,52,52,52,55,52,52,56,55,
53,52,54,55,56,55,54,52,53,53,53,51,50,51,53,53,55,54,56,55,52,53,54,51,56,54,54,55,53,52,56,52,51,60,55,58,52,56,54,55,54,54,55,54,54,56,53,55,54,52,55,54,54,53,53,53,53,57,53,54,58,52,57,56,56,55,57,58,55,55,52,53,56,55,53,53,52,55,53,55,56,53,55,56,55,51,55,51,53,56,53,55,54,55,54,55,56,54,53,54,54,56,54,53,54,54,53,54,54,53,55,54,55,54,55,53,52,50,54,53,54,54,57,55,56,54,55,53,54,52,54,54,56,59,53,53,54,53,57,57,53,55,54,55,56,52,56,56,51,51,52,52,53,55,53,55,52,54,57,55,54,53,53,55,56,53,54,52,56,52,56,56,56,54,56,51,54,52,55,54,56,54,55,57,56,54,53,54,53,51,52,54,52,54,59,55,58,54,54,54,54,56,55,54,54,55,55,58,55,56,52,55,54,55,54,54,53,52,53,54,54,54,55,57,54,56,57,56,53,53,53,53,55,53,53,52,52,52,53,50,54,55,53,55,56,56,54,54,56,56,53,53,55,53,52,56,
55,55,53,57,57,57,53,57,55,53,55,55,53,52,55,57,53,56,56,54,53,53,55,52,55,55,54,53,57,54,57,55,52,57,54,53,54,57,54,56,55,56,51,53,55,56,54,55,56,55,54,55,55,55,54,57,54,55,54,58,59,56,55,53,57,56,56,57,56,55,56,53,57,56,56,54,58,56,52,56,56,57,53,56,56,54,54,56,53,54,53,56,55,55,54,57,56,55,53,53,56,56,55,55,55,55,54,57,57,55,59,54,55,54,53,53,52,53,55,54,56,56,56,56,51,52,55,52,53,53,52,53,57,54,59,59,54,55,56,55,54,55,55,56,55,54,56,57,53,52,53,54,53,54,55,54,54,55,54,57,55,54,52,54,54,56,52,56,57,56,57,53,56,53,53,55,55,59,54,56,54,55,54,56,56,55,51,54,54,52,52,54,54,54,53,56,55,55,55,56,57,55,57,56,56,56,55,55,59,58,53,55,61,55,55,53,56,53,55,54,55,56,55,57,56,56,53,56,53,56,54,55,57,57,53,57,53,52,55,54,56,54,55,53,54,57,59,55,55,56,55,55,54,56,54,53,
56,57,53,54,52,57,57,54,55,55,56,57,53,53,57,58,57,57,57,54,54,55,55,55,55,56,56,54,57,57,54,56,54,55,55,55,52,56,55,57,56,52,52,54,54,56,54,55,55,57,56,54,53,57,55,55,58,55,54,56,60,56,57,56,56,52,56,54,58,59,56,54,53,57,52,57,58,58,55,54,56,56,54,54,56,58,56,57,58,55,54,54,53,53,56,58,56,56,53,53,56,57,55,56,54,56,55,56,57,55,54,57,54,55,55,57,56,59,54,56,55,56,57,55,53,52,56,53,54,52,52,54,57,58,59,56,56,54,56,55,55,57,56,57,55,55,54,57,54,59,53,52,54,56,56,54,55,55,56,56,55,54,58,57,54,56,57,56,53,57,54,55,56,56,55,54,58,59,58,56,57,56,56,56,58,57,55,52,52,55,53,55,58,57,60,54,58,55,56,54,58,55,57,57,57,56,57,57,56,59,59,55,56,59,56,53,57,59,55,53,52,54,56,57,56,57,56,54,55,54,58,55,56,53,53,55,58,58,54,57,55,53,57,55,59,58,57,58,57,53,56,57,56,53,56,55,
55,54,54,55,57,56,58,54,57,56,56,57,54,54,58,58,58,58,54,55,55,58,58,56,56,57,54,55,57,57,57,55,56,56,54,54,57,56,58,57,56,54,55,55,55,56,55,56,54,55,54,57,56,53,54,56,57,58,56,57,56,56,58,53,56,56,57,57,54,60,57,55,57,58,58,53,59,55,58,56,59,57,56,54,57,54,56,57,58,57,54,55,54,56,58,55,56,55,54,54,57,57,59,56,57,57,58,55,56,57,57,57,57,56,55,54,54,54,55,55,56,55,55,55,55,56,56,57,55,54,53,60,57,56,60,57,56,55,58,56,55,57,58,57,55,56,57,55,55,59,58,57,54,56,57,58,55,57,57,55,55,54,58,58,58,56,57,57,54,54,56,56,56,57,57,55,60,59,59,56,55,57,57,60,56,56,57,58,57,56,56,57,58,58,58,55,57,58,56,57,55,56,55,56,57,57,57,56,55,59,59,61,55,60,57,58,55,54,55,58,55,55,56,57,55,54,57,55,56,56,57,54,53,53,53,58,58,57,55,56,54,53,54,58,58,56,58,58,56,56,55,54,56,55,55,54,
59,53,58,54,53,55,55,55,56,56,57,59,57,54,58,59,55,59,55,56,57,58,58,58,57,58,59,57,57,57,57,55,59,55,53,57,58,57,59,58,58,55,57,56,55,55,60,57,57,58,57,57,55,58,55,57,58,58,58,57,55,57,61,56,56,54,56,58,58,57,60,58,57,58,58,59,57,61,56,56,56,58,59,55,54,54,55,58,57,57,55,55,55,57,58,56,56,55,56,55,55,58,57,57,57,59,56,57,57,57,58,56,58,56,56,56,56,54,57,56,59,59,56,56,58,57,56,55,58,58,54,61,57,57,59,60,57,57,54,58,59,57,59,58,55,56,58,57,56,58,57,58,58,55,57,57,57,57,56,55,56,54,57,58,58,57,57,56,57,57,56,57,54,58,57,58,56,59,58,59,57,58,59,59,57,60,56,57,55,58,58,58,59,58,56,59,57,59,59,58,54,56,58,56,56,59,58,57,56,57,57,61,58,56,61,54,57,54,60,55,57,57,56,57,56,57,58,58,57,55,58,55,57,55,56,57,59,58,53,55,58,54,60,55,59,55,59,58,57,56,56,56,57,55,55,55,
56,58,58,57,56,56,55,55,56,56,58,59,58,58,56,61,57,59,56,59,58,60,59,57,57,58,58,56,57,56,58,60,57,56,58,58,57,58,57,58,59,57,58,57,59,56,59,58,57,58,58,57,57,58,58,58,56,59,58,57,58,57,57,61,57,57,56,55,59,60,58,56,56,56,58,56,56,58,57,58,60,55,57,56,56,56,54,54,54,55,58,55,54,55,58,57,55,56,58,56,56,55,59,58,57,56,56,60,59,57,56,58,57,58,57,56,56,59,59,58,59,58,58,57,56,57,57,55,56,57,57,59,56,57,56,60,56,59,55,58,58,57,57,56,56,56,54,58,58,59,59,57,57,55,58,58,57,58,58,57,58,56,55,59,59,58,57,59,54,57,58,59,59,59,54,55,55,60,58,57,57,59,57,57,61,61,61,54,57,59,59,58,58,57,57,58,57,56,59,60,60,56,58,60,56,56,60,55,57,58,59,59,56,57,56,56,57,59,58,55,58,58,57,57,56,56,55,58,58,55,59,56,57,57,57,57,58,57,55,54,59,58,58,60,55,57,59,56,57,57,58,58,56,58,58,57,
57,56,58,57,56,57,58,55,56,58,56,59,59,59,58,58,58,60,60,56,59,60,60,58,58,61,59,57,57,60,58,59,61,58,59,59,59,58,57,58,61,58,59,57,59,56,57,59,58,58,58,56,59,58,59,56,58,60,58,58,58,59,57,58,61,60,57,57,57,57,58,57,58,56,57,58,58,58,57,57,58,59,58,58,58,57,56,58,60,56,55,59,58,56,59,59,60,57,58,59,59,58,59,58,56,58,57,60,58,59,57,58,58,57,58,58,59,56,60,60,57,58,58,57,56,57,58,58,57,58,58,57,57,58,57,58,59,58,59,56,57,58,58,59,59,57,58,60,61,59,59,59,58,57,59,59,58,60,59,58,57,57,58,56,57,59,57,59,55,57,59,57,59,55,55,59,57,58,58,58,59,57,59,58,58,58,56,55,58,60,60,56,58,57,57,60,57,58,58,56,60,58,57,59,60,58,57,57,56,59,60,60,58,56,57,57,60,60,59,56,58,57,59,56,59,58,55,56,60,57,57,60,58,57,56,57,58,59,59,56,59,59,58,60,58,56,57,56,59,58,58,60,59,59,59,57,
59,57,60,59,58,58,59,58,58,57,59,57,58,58,58,61,59,61,60,58,60,59,59,59,58,59,62,56,58,58,59,60,61,61,59,58,60,59,59,59,58,61,58,58,61,61,58,60,58,59,59,58,59,58,59,60,58,58,56,59,58,59,59,59,60,60,60,57,57,57,58,58,57,59,59,58,58,57,59,59,59,60,61,58,57,58,58,58,58,57,58,58,59,60,60,59,60,56,58,58,60,58,60,58,58,60,59,59,59,58,58,59,59,59,59,60,59,59,58,60,58,60,60,58,58,57,58,59,57,57,58,58,58,59,59,58,59,57,58,57,58,58,59,59,60,61,57,61,59,59,56,60,58,58,59,58,57,60,61,56,59,60,57,57,60,58,58,60,59,57,57,59,59,56,59,59,58,58,56,58,58,57,58,58,58,58,58,58,58,59,57,60,60,58,59,61,60,59,58,60,64,58,59,61,60,59,59,58,58,58,60,60,60,62,60,60,58,59,59,60,57,58,58,57,59,60,57,60,58,57,59,61,61,58,60,56,58,59,58,56,57,58,59,59,57,59,58,57,58,59,59,59,60,58,60,60,
60,60,60,58,60,59,60,61,58,59,60,60,61,59,59,62,59,58,61,60,60,61,63,60,61,61,62,57,60,60,61,58,60,60,59,59,61,61,58,58,59,60,61,59,59,62,58,61,60,59,60,58,58,59,60,58,60,59,59,59,59,60,60,60,60,62,61,58,57,61,59,57,59,59,60,59,60,60,60,59,60,60,60,58,60,59,60,59,61,58,58,59,58,59,59,59,59,57,59,58,57,59,60,58,60,58,60,60,60,59,58,59,60,59,59,60,60,60,60,58,60,58,60,59,60,60,59,58,58,59,61,60,59,60,59,59,59,61,57,59,61,59,60,59,58,59,57,60,61,60,60,61,61,60,57,59,57,60,61,59,58,58,59,60,61,62,60,61,58,60,58,61,60,60,58,59,59,60,57,57,60,58,58,59,59,60,57,58,59,60,61,59,61,59,60,60,59,61,60,64,63,58,59,59,61,59,60,59,60,59,58,59,60,62,61,59,59,61,60,59,59,59,59,59,61,58,60,60,60,60,60,58,62,59,61,60,61,57,58,60,59,60,59,59,57,60,60,58,59,60,60,61,61,58,59,60,
61,60,61,61,61,59,60,59,59,60,61,59,61,61,61,59,59,60,60,60,58,60,59,61,61,61,60,58,59,59,59,61,60,59,58,61,61,59,60,60,59,60,60,60,60,60,60,59,61,61,60,61,61,58,59,62,60,60,62,59,60,59,60,60,58,59,59,62,62,60,61,62,60,60,60,60,60,60,58,62,59,60,60,61,61,61,61,60,59,60,60,60,60,61,61,62,58,58,60,59,60,58,59,62,61,59,60,61,60,59,60,59,60,59,58,59,60,59,59,61,61,60,59,61,61,61,61,60,60,60,59,61,61,62,59,58,60,60,58,58,59,60,59,60,59,60,60,58,60,58,61,61,61,61,60,59,59,61,60,60,60,59,60,60,61,62,60,61,64,59,60,62,58,59,61,61,59,59,61,60,58,60,59,59,59,60,60,61,61,61,59,62,59,61,60,59,61,59,58,60,64,63,60,60,59,60,61,58,61,61,58,60,61,60,60,61,61,60,61,60,61,59,61,59,59,61,61,60,60,59,60,61,60,62,63,62,61,58,61,60,61,59,61,59,62,58,60,62,61,60,61,59,61,62,61,60,
60,61,60,60,61,60,62,61,60,60,61,60,61,59,61,59,60,61,62,60,60,59,62,60,61,61,60,59,59,59,61,59,61,60,59,59,60,61,60,61,59,61,60,60,62,61,62,62,64,61,61,61,62,60,62,60,61,61,60,62,60,60,60,62,61,59,60,60,59,61,61,59,60,61,59,60,60,60,60,60,60,61,60,61,60,60,60,61,60,62,60,61,61,62,60,61,60,59,60,60,59,59,62,61,63,60,61,61,61,60,59,60,60,59,62,60,60,60,60,61,61,61,60,59,61,61,61,61,62,61,60,61,61,60,60,60,59,60,61,59,61,61,62,60,60,60,62,61,60,59,60,60,61,61,60,61,60,61,61,60,61,60,60,60,61,62,62,62,61,60,61,62,61,59,59,60,62,61,60,62,61,59,60,62,60,61,62,61,62,60,59,60,60,60,61,60,63,60,60,60,59,60,62,60,60,61,60,60,61,61,63,61,63,60,60,61,60,61,61,61,60,60,60,60,61,60,61,61,60,60,61,61,62,61,59,59,61,60,61,61,59,62,60,60,60,61,60,60,60,61,61,62,61,63,59,61,
61,61,61,61,62,61,61,61,60,62,62,62,62,63,61,62,61,62,61,61,62,62,61,63,62,61,61,61,60,61,60,60,61,61,61,60,60,62,62,60,62,62,62,62,62,62,60,62,62,61,61,62,62,61,60,60,60,61,61,62,63,61,61,62,60,60,62,60,61,61,60,61,61,62,60,62,60,61,61,61,61,60,60,61,61,62,61,61,62,63,62,62,63,62,62,63,62,61,62,63,61,60,61,61,61,61,61,62,61,61,60,61,61,60,60,63,61,62,61,61,62,62,61,61,61,61,62,60,61,62,60,61,60,61,60,60,61,62,60,60,60,61,61,63,61,63,61,63,62,61,61,64,62,63,60,61,61,60,63,64,61,61,60,62,62,62,62,62,63,63,63,61,61,60,61,62,62,62,61,62,61,62,61,60,61,61,62,62,62,60,62,60,61,62,61,63,61,62,62,60,63,61,60,62,61,62,61,62,61,61,60,60,61,60,63,61,63,62,61,60,60,61,62,61,62,62,62,62,62,61,61,61,62,61,60,61,61,61,63,64,60,60,62,61,62,61,61,60,63,61,61,60,62,61,61,61,
61,62,62,62,61,61,62,62,61,64,62,63,62,63,61,61,62,63,62,61,62,62,62,61,62,61,61,62,62,62,62,61,62,61,62,61,61,61,62,61,63,62,63,63,63,63,61,61,61,61,62,62,61,61,62,61,62,61,62,62,61,63,62,62,61,61,62,62,62,61,62,62,62,63,61,63,61,61,62,61,62,62,62,61,62,63,62,62,61,63,64,61,62,61,61,62,61,62,63,62,61,63,62,61,61,61,62,64,63,62,63,62,61,62,61,64,64,62,61,61,62,61,61,62,61,62,62,61,62,62,62,62,61,62,62,62,63,62,64,62,61,62,62,62,62,63,62,61,61,62,62,62,62,63,61,61,62,61,63,63,62,62,61,64,62,63,63,62,63,63,63,62,61,62,61,62,61,62,63,62,62,63,62,63,62,62,61,63,61,63,63,61,61,61,61,62,61,62,63,61,62,62,62,62,62,62,62,62,62,62,63,63,62,62,61,62,63,61,61,63,61,61,62,63,63,63,62,62,63,61,61,61,62,62,63,62,62,63,64,64,62,61,61,63,61,62,62,62,61,62,62,61,61,63,62,62,
63,62,62,63,62,62,62,63,62,63,64,63,63,63,62,62,62,62,62,63,63,63,64,63,63,63,64,62,62,63,63,62,63,63,63,62,63,62,63,62,62,63,62,63,62,64,63,62,62,62,63,62,63,63,62,63,62,64,63,63,62,63,62,62,62,62,62,63,63,63,62,62,62,62,63,64,63,62,62,62,64,63,62,64,62,63,62,63,62,63,62,62,63,62,63,63,62,63,63,62,62,63,62,63,63,62,62,62,63,63,64,62,62,64,62,63,64,62,64,63,62,62,63,63,62,62,62,62,63,63,63,62,63,63,62,63,64,64,62,62,62,62,62,62,63,63,62,62,62,64,62,63,62,64,62,62,64,62,64,63,63,62,64,64,62,63,63,63,62,63,63,63,62,62,63,63,63,64,64,62,63,62,63,62,62,62,63,64,64,62,62,62,62,62,62,62,63,62,63,63,62,62,63,62,62,62,63,63,62,62,63,62,62,62,62,62,62,62,64,63,62,63,63,62,63,63,63,63,64,62,63,62,63,63,62,63,63,63,63,62,63,62,62,64,63,62,62,64,64,62,62,62,62,64,62,63,
64,63,63,64,64,64,63,63,63,63,63,63,63,64,63,64,63,63,63,63,63,63,63,63,64,64,64,63,63,64,64,63,63,63,63,64,63,64,63,63,63,64,63,64,63,64,64,64,64,63,64,64,63,64,64,64,63,63,63,63,64,63,64,63,64,63,63,64,63,64,63,64,63,63,63,63,63,63,64,63,64,64,64,63,64,63,64,63,63,64,63,63,64,63,63,63,63,63,64,63,63,63,64,63,63,63,63,63,63,64,64,63,63,64,63,64,64,63,64,64,63,63,64,63,63,63,63,63,64,63,63,63,64,63,64,63,63,64,63,63,63,63,63,63,63,63,64,63,64,63,63,63,63,63,63,63,64,63,64,63,63,63,63,63,63,63,63,64,64,63,63,63,63,64,63,63,63,64,64,63,64,64,64,64,64,64,63,63,64,63,63,63,63,63,64,63,63,63,63,63,63,63,63,63,63,64,63,63,63,63,64,64,63,63,63,63,63,63,64,63,64,64,64,63,63,63,63,63,63,64,63,64,64,63,63,63,63,64,63,63,64,64,63,63,63,63,63,63,63,63,63,63,63,63,63,63,
64,64,64,64,64,64,64,64,64,64,64,64,64,64,64,64,64,64,64,64,64,64,64,64,64,64,64,64,64,64,64,64,64,64,64,64,64,64,64,64,64,64,64,64,64,64,64,64,64,64,64,64,64,64,64,64,64,64,64,64,64,64,64,64,64,64,64,64,64,64,64,64,64,64,64,64,64,64,64,64,64,64,64,64,64,64,64,64,64,64,64,64,64,64,64,64,64,64,64,64,64,64,64,64,64,64,64,64,64,64,64,64,64,64,64,64,64,64,64,64,64,64,64,64,64,64,64,64,64,64,64,64,64,64,64,64,64,64,64,64,64,64,64,64,64,64,64,64,64,64,64,64,64,64,64,64,64,64,64,64,64,64,64,64,64,64,64,64,64,64,64,64,64,64,64,64,64,64,64,64,64,64,64,64,64,64,64,64,64,64,64,64,64,64,64,64,64,64,64,64,64,64,64,64,64,64,64,64,64,64,64,64,64,64,64,64,64,64,64,64,64,64,64,64,64,64,64,64,64,64,64,64,64,64,64,64,64,64,64,64,64,64,64,64,64,64,64,64,64,64,64,64,64,64,64,64,