[64, 256, 128]
0,0,0,0,0,0,0,0,0,0,0,0,0,0,0,0,0,0,0,0,0,0,0,0,0,0,0,0,0,0,0,0,0,0,0,0,0,0,0,0,0,0,0,0,0,0,0,0,0,0,0,0,0,0,0,0,0,0,0,0,0,0,0,0,0,0,0,0,0,0,0,0,0,0,0,0,0,0,0,0,0,0,0,0,0,0,0,0,0,0,0,0,0,0,0,0,0,0,0,0,0,0,0,0,0,0,0,0,0,0,0,0,0,0,0,0,0,0,0,0,0,0,0,0,0,0,0,0,0,0,0,0,0,0,0,0,0,0,0,0,0,0,0,0,0,0,0,0,0,0,0,0,0,0,0,0,0,0,0,0,0,0,0,0,0,0,0,0,0,0,0,0,0,0,0,0,0,0,0,0,0,0,0,0,0,0,0,0,0,0,0,0,0,0,0,0,0,0,0,0,0,0,0,0,0,0,0,0,0,0,0,0,0,0,0,0,0,0,0,0,0,0,0,0,0,0,0,0,0,0,0,0,0,0,0,0,0,0,0,0,0,0,0,0,0,0,0,0,0,0,0,0,0,0,0,0,
0,0,0,0,0,0,0,0,0,0,0,0,0,0,0,0,0,0,0,0,0,0,0,0,0,0,0,0,0,0,0,0,0,0,0,0,0,0,0,0,0,0,0,0,0,0,0,0,0,0,0,0,0,0,0,0,0,0,0,0,0,0,0,0,0,0,0,0,0,0,0,0,0,0,0,0,0,0,0,0,0,0,0,0,0,0,0,0,0,0,0,0,0,0,0,0,0,0,0,0,0,0,0,0,0,0,0,0,0,0,0,0,0,0,0,0,0,0,0,0,0,0,0,0,0,0,0,0,0,0,0,0,0,0,0,0,0,0,0,0,0,0,0,0,0,0,0,0,0,0,0,0,0,0,0,0,0,0,0,0,0,0,0,0,0,0,0,0,0,0,0,0,0,0,0,0,0,0,0,0,0,0,0,0,0,0,0,0,0,0,0,0,0,0,0,0,0,0,0,0,0,0,0,0,0,0,0,0,0,0,0,0,0,0,0,0,0,0,0,0,0,0,0,0,0,0,0,0,0,0,0,0,0,0,0,0,0,0,0,0,0,0,0,0,0,0,0,0,0,0,0,0,0,0,0,0,
0,0,0,0,0,0,0,0,0,0,0,0,0,0,0,0,0,0,0,0,0,0,0,0,0,0,0,0,0,0,0,0,0,0,0,0,0,0,0,0,0,0,0,0,0,0,0,0,0,0,0,0,0,0,0,0,0,0,0,0,0,0,0,0,0,0,0,0,0,0,0,0,0,0,0,0,0,0,0,0,0,0,0,0,0,0,0,0,0,0,0,0,0,0,0,0,0,0,0,0,0,0,0,0,0,0,0,0,0,0,0,0,0,0,0,0,0,0,0,0,0,0,0,0,0,0,0,0,0,0,0,0,0,0,0,0,0,0,0,0,0,0,0,0,0,0,0,0,0,0,0,0,0,0,0,0,0,0,0,0,0,0,0,0,0,0,0,0,0,0,0,0,0,0,0,0,0,0,0,0,0,0,0,0,0,0,0,0,0,0,0,0,0,0,0,0,0,0,0,0,0,0,0,0,0,0,0,0,0,0,0,0,0,0,0,0,0,0,0,0,0,0,0,0,0,0,0,0,0,0,0,0,0,0,0,0,0,0,0,0,0,0,0,0,0,0,0,0,0,0,0,0,0,0,0,0,
0,0,0,0,0,0,0,0,0,0,0,0,0,0,0,0,0,0,0,0,0,0,0,0,0,0,0,0,0,0,0,0,0,0,0,0,0,0,0,0,0,0,0,0,0,0,0,0,0,0,0,0,0,0,0,0,0,0,0,0,0,0,0,0,0,0,0,0,0,0,0,0,0,0,0,0,0,0,0,0,0,0,0,0,0,0,0,0,0,0,0,0,0,0,0,0,0,0,0,0,0,0,0,0,0,0,0,0,0,0,0,0,0,0,0,0,0,0,0,0,0,0,0,0,0,0,0,0,0,0,0,0,0,0,0,0,0,0,0,0,0,0,0,0,0,0,0,0,0,0,0,0,0,0,0,0,0,0,0,0,0,0,0,0,0,0,0,0,0,0,0,0,0,0,0,0,0,0,0,0,0,0,0,0,0,0,0,0,0,0,0,0,0,0,0,0,0,0,0,0,0,0,0,0,0,0,0,0,0,0,0,0,0,0,0,0,0,0,0,0,0,0,0,0,0,0,0,0,0,0,0,0,0,0,0,0,0,0,0,0,0,0,0,0,0,0,0,0,0,0,0,0,0,0,0,0,
0,0,0,0,0,0,0,0,0,0,0,0,0,0,0,0,0,0,0,0,0,0,0,0,0,0,0,0,0,0,0,0,0,0,0,0,0,0,0,0,0,0,0,0,0,0,0,0,0,0,0,0,0,0,0,0,0,0,0,0,0,0,0,0,0,0,0,0,0,0,0,0,0,0,0,0,0,0,0,0,0,0,0,0,0,0,0,0,0,0,0,0,0,0,0,0,0,0,0,0,0,0,0,0,0,0,0,0,0,0,0,0,0,0,0,0,0,0,0,0,0,0,0,0,0,0,0,0,0,0,0,0,0,0,0,0,0,0,0,0,0,0,0,0,0,0,0,0,0,0,0,0,0,0,0,0,0,0,0,0,0,0,0,0,0,0,0,0,0,0,0,0,0,0,0,0,0,0,0,0,0,0,0,0,0,0,0,0,0,0,0,0,0,0,0,0,0,0,0,0,0,0,0,0,0,0,0,0,0,0,0,0,0,0,0,0,0,0,0,0,0,0,0,0,0,0,0,0,0,0,0,0,0,0,0,0,0,0,0,0,0,0,0,0,0,0,0,0,0,0,0,0,0,0,0,0,
0,0,0,0,0,0,0,0,0,0,0,0,0,0,0,0,0,0,0,0,0,0,0,0,0,0,0,0,0,0,0,0,0,0,0,0,0,0,0,0,0,0,0,0,0,0,0,0,0,0,0,0,0,0,0,0,0,0,0,0,0,0,0,0,0,0,0,0,0,0,0,0,0,0,0,0,0,0,0,0,0,0,0,0,0,0,0,0,0,0,0,0,0,0,0,0,0,0,0,0,0,0,0,0,0,0,0,0,0,0,0,0,0,0,0,0,0,0,0,0,0,0,0,0,0,0,0,0,0,0,0,0,0,0,0,0,0,0,0,0,0,0,0,0,0,0,0,0,0,0,0,0,0,0,0,0,0,0,0,0,0,0,0,0,0,0,0,0,0,0,0,0,0,0,0,0,0,0,0,0,0,0,0,0,0,0,0,0,0,0,0,0,0,0,0,0,0,0,0,0,0,0,0,0,0,0,0,0,0,0,0,0,0,0,0,0,0,0,0,0,0,0,0,0,0,0,0,0,0,0,0,0,0,0,0,0,0,0,0,0,0,0,0,0,0,0,0,0,0,0,0,0,0,0,0,0,
0,0,0,0,0,0,0,0,0,0,0,0,0,0,0,0,0,0,0,0,0,0,0,0,0,0,0,0,0,0,0,0,0,0,0,0,0,0,0,0,0,0,0,0,0,0,0,0,0,0,0,0,0,0,0,3,0,0,0,0,0,0,0,0,0,0,0,0,0,0,0,0,0,0,0,0,0,0,0,0,0,0,0,0,0,0,0,0,0,0,0,0,0,0,0,0,0,0,0,0,0,0,0,0,0,0,0,0,0,0,0,0,0,0,0,0,0,0,0,0,0,0,0,0,0,0,0,0,0,0,0,0,0,0,0,0,0,0,0,0,0,0,0,0,0,0,0,0,0,0,0,0,0,0,0,0,0,0,0,0,0,0,0,0,0,0,0,0,0,0,0,0,0,0,0,0,0,0,0,0,0,0,0,0,0,0,0,0,0,0,0,0,0,0,0,0,0,0,0,0,0,0,0,0,0,0,0,0,0,0,0,0,0,0,0,0,0,0,0,0,0,0,0,0,0,0,0,0,0,0,0,0,0,0,0,0,0,0,0,0,0,0,0,0,0,0,0,0,0,0,0,0,0,0,0,0,
0,0,0,0,0,0,0,0,0,0,0,0,0,0,0,0,0,0,0,0,0,0,0,0,0,0,0,0,0,0,0,0,0,0,0,0,0,0,0,0,0,0,0,0,0,0,0,0,0,0,0,0,0,0,0,3,3,0,0,0,0,0,0,0,0,0,0,0,0,0,0,0,0,0,0,0,0,0,0,0,0,0,0,0,0,0,0,0,0,0,0,0,0,0,0,0,0,0,0,0,0,0,0,0,0,0,0,0,0,0,0,0,0,0,0,0,0,0,0,0,0,0,0,0,0,0,0,0,0,0,0,0,0,0,0,0,0,0,0,0,0,0,0,0,0,0,0,0,0,0,0,0,0,0,0,0,0,0,0,0,0,0,0,0,0,0,0,0,0,0,0,0,0,0,0,0,0,0,0,0,0,0,0,0,0,0,0,0,0,0,0,0,0,0,0,0,0,0,0,0,0,0,0,0,0,0,0,0,0,0,0,0,0,0,0,0,0,0,0,0,0,0,0,0,0,0,0,0,0,0,0,0,0,0,0,0,0,0,0,0,0,0,0,0,0,0,0,0,0,0,0,0,0,0,0,0,
0,0,0,0,0,0,0,0,0,0,0,0,0,0,0,0,0,0,0,0,0,0,0,0,0,0,0,0,0,0,0,0,0,0,0,0,0,0,0,0,0,0,0,0,0,0,0,0,0,0,0,0,0,0,0,0,3,0,0,0,0,0,0,0,0,0,0,0,0,0,0,0,0,0,0,0,0,0,0,0,0,0,0,0,0,0,0,0,0,0,0,0,0,0,0,0,0,0,0,0,0,0,0,0,0,0,0,0,0,0,0,0,0,0,0,0,0,0,0,0,0,0,0,0,0,0,0,0,0,0,0,0,0,0,0,0,0,0,0,0,0,0,0,0,0,0,0,0,0,0,0,0,0,0,0,0,0,0,0,0,0,0,0,0,0,0,0,0,0,0,0,0,0,0,0,0,0,0,0,0,0,0,0,0,0,0,0,0,0,0,0,0,0,0,0,0,0,0,0,0,0,0,0,0,0,0,0,0,0,0,0,0,0,0,0,0,0,0,0,0,0,0,0,0,0,0,0,0,0,0,0,0,0,0,0,0,0,0,0,0,0,0,0,0,0,0,0,0,0,0,0,0,0,0,0,0,
0,0,0,0,0,0,0,0,0,0,0,0,0,0,0,0,0,0,0,0,0,0,0,0,0,0,0,0,0,0,0,0,0,0,0,0,0,0,0,0,0,0,0,0,0,0,0,0,0,0,0,0,0,0,0,0,0,0,0,0,0,0,0,0,0,0,0,0,0,0,0,0,0,0,0,0,0,0,0,0,0,0,0,0,0,0,0,0,0,0,0,0,0,0,0,0,0,0,0,0,0,0,0,0,0,0,0,0,0,0,0,0,0,0,0,0,0,0,0,0,0,0,0,0,0,0,0,0,0,0,0,0,0,0,0,0,0,0,0,0,0,0,0,0,0,0,0,0,0,0,0,0,0,0,0,0,0,0,0,0,0,0,0,0,0,0,0,0,0,0,0,0,0,0,0,0,0,0,0,0,0,0,0,0,0,0,0,0,0,0,0,0,0,0,0,0,0,0,0,0,0,0,0,0,0,0,0,0,0,0,0,0,0,0,0,0,0,0,0,0,0,0,0,0,0,0,0,0,0,0,0,0,0,0,0,0,0,0,0,0,0,0,0,0,0,0,0,0,0,0,0,0,0,0,0,0,
0,0,0,0,0,0,0,0,0,0,0,0,0,0,0,0,0,0,0,0,0,0,0,0,0,0,0,0,0,0,0,0,0,0,0,0,0,0,0,0,0,0,0,0,0,0,0,0,0,0,0,0,0,0,0,0,0,0,0,0,0,0,0,0,0,0,0,0,0,0,0,0,0,0,0,0,0,0,0,0,0,0,0,0,0,0,0,0,0,0,0,0,0,0,0,0,0,0,0,0,0,0,0,0,0,0,0,0,0,0,0,0,0,0,0,0,0,0,0,0,0,0,0,0,0,0,0,0,0,0,0,0,0,0,0,0,0,0,0,0,0,0,0,0,0,0,0,0,0,0,0,0,0,0,0,0,0,0,0,0,0,0,0,0,0,0,0,0,0,0,0,0,0,0,0,0,0,0,0,0,0,0,0,0,0,0,0,0,0,0,0,0,0,0,0,0,0,0,0,0,0,0,0,0,0,0,0,0,0,0,0,0,0,0,0,0,0,0,0,0,0,0,0,0,0,0,0,0,0,0,0,0,0,0,0,0,0,0,0,0,0,0,0,0,0,0,0,0,0,0,0,0,0,0,0,0,
0,0,0,0,0,0,0,0,0,0,0,0,1,0,0,0,0,0,0,0,0,0,0,0,0,0,0,0,0,0,0,0,0,0,0,0,0,0,0,0,0,0,0,0,0,0,0,0,0,0,0,0,0,0,0,0,0,0,0,0,0,0,0,0,0,0,0,0,0,0,0,0,0,0,0,0,0,0,0,0,0,0,0,0,0,0,0,0,0,0,0,0,0,0,0,0,0,0,0,0,0,0,0,0,0,0,0,0,0,0,0,0,0,0,0,0,0,0,0,0,0,0,0,0,0,0,0,0,0,0,0,0,0,0,0,0,0,0,0,0,0,0,0,0,0,0,0,0,0,0,0,0,0,0,0,0,0,0,0,0,0,0,0,0,0,0,0,0,0,0,0,0,0,0,0,0,0,0,0,0,0,0,0,0,0,0,0,0,0,0,0,0,0,0,0,0,0,0,0,0,0,0,0,0,0,0,0,0,0,0,0,0,0,0,0,0,0,0,0,0,0,0,0,0,0,0,0,0,0,0,0,0,0,0,0,0,0,0,0,0,0,0,0,0,0,0,0,0,0,0,0,0,0,0,0,0,
0,0,0,0,0,0,0,0,0,0,0,0,0,0,0,0,0,0,0,0,0,0,0,0,0,0,0,0,0,0,0,0,0,0,0,0,0,0,0,0,0,0,0,0,0,0,0,0,0,0,0,0,0,0,0,0,0,0,0,0,0,0,0,0,0,0,0,0,0,0,0,0,0,0,0,0,0,0,0,0,0,0,0,0,0,0,0,0,0,0,0,0,0,0,0,0,0,0,0,0,0,0,0,0,0,0,0,0,0,0,0,0,0,0,0,0,0,0,0,0,0,0,0,0,0,0,0,0,0,0,0,0,0,0,0,0,0,0,0,0,0,0,0,0,0,1,0,0,0,1,0,0,0,0,0,0,0,0,0,0,0,0,0,0,0,0,0,0,0,0,0,0,0,0,0,0,0,0,0,0,0,0,0,0,0,0,0,0,0,0,0,0,0,0,0,0,0,0,0,0,0,0,0,0,0,0,0,0,0,0,0,0,0,0,0,0,0,0,0,0,0,0,0,0,0,0,0,0,0,0,0,0,0,0,0,0,0,0,0,0,0,0,0,0,0,0,0,0,0,0,0,0,0,0,0,0,
0,0,0,0,0,0,0,0,0,0,0,0,0,0,0,0,0,0,0,0,0,0,0,0,0,0,0,0,0,0,0,0,0,0,0,0,0,0,0,0,0,0,0,0,0,0,0,0,0,0,0,0,0,0,0,0,0,0,0,0,0,0,0,0,0,0,0,0,0,0,0,0,0,0,0,0,0,0,0,0,0,0,0,0,0,0,0,0,0,0,0,0,0,0,0,0,0,0,0,0,0,0,0,0,0,0,0,0,0,0,0,0,0,0,0,0,0,0,0,0,0,0,0,0,0,0,0,0,0,0,0,0,0,0,0,0,0,0,0,0,0,0,0,0,0,0,0,0,1,2,1,0,0,0,0,0,0,0,0,0,0,0,0,0,0,0,0,0,0,0,0,0,0,0,0,0,0,0,0,0,0,0,0,0,0,0,0,0,0,0,0,0,0,0,0,0,0,0,0,0,0,0,0,0,0,0,0,0,0,0,0,0,0,0,0,0,0,0,0,0,0,0,0,0,0,0,0,0,0,0,0,0,0,0,0,0,0,0,0,0,0,0,0,0,0,0,0,0,0,0,0,0,0,0,0,0,
0,0,0,0,0,0,0,0,0,0,0,0,0,0,0,0,0,0,0,0,0,0,0,0,0,0,0,0,0,0,0,0,0,0,0,0,0,0,0,0,0,0,0,0,0,0,0,0,0,0,0,0,0,0,0,0,0,0,0,0,0,0,0,0,0,0,0,0,0,0,0,0,0,0,0,0,0,0,0,0,0,0,0,0,0,0,0,0,0,0,0,0,0,0,0,0,0,0,0,0,0,0,0,0,0,0,0,0,0,0,0,0,0,0,0,0,0,0,0,0,0,0,0,0,0,0,0,0,0,0,0,0,0,0,0,0,0,0,0,0,0,0,0,0,0,0,0,0,1,3,2,0,0,0,0,0,0,0,0,0,0,0,0,0,0,0,0,0,0,0,0,0,0,0,0,0,0,0,0,0,0,0,0,0,0,0,0,0,0,0,0,0,0,0,0,0,0,0,0,0,0,0,0,0,0,0,0,0,0,0,0,0,0,0,0,0,0,0,0,0,0,0,0,0,0,0,0,0,0,0,0,0,0,0,0,0,0,0,0,0,0,0,0,0,0,0,0,0,0,0,0,0,0,0,0,0,
0,0,0,0,0,0,0,0,0,0,0,0,0,0,3,2,1,3,0,0,0,0,0,0,0,0,0,0,0,0,0,0,0,0,0,0,0,0,0,0,0,0,0,0,0,0,0,0,0,0,0,0,0,0,0,0,0,0,0,0,0,0,0,0,0,0,0,0,0,0,0,0,0,0,0,0,0,0,0,0,0,0,0,0,0,0,0,0,0,0,0,0,0,0,0,0,0,0,0,0,0,0,0,0,0,0,0,0,0,0,0,0,0,0,0,0,0,0,0,0,0,0,0,0,0,0,0,0,0,0,0,0,0,0,0,0,0,0,0,0,0,0,0,0,0,0,0,0,2,0,3,0,0,0,0,0,0,0,0,0,0,0,0,0,0,0,0,0,0,0,0,0,0,0,0,0,0,0,0,0,0,0,0,0,0,0,0,0,0,0,0,0,0,0,0,0,0,0,0,0,0,0,0,0,0,0,0,0,0,0,0,0,0,0,0,0,0,0,0,0,0,0,0,0,0,0,0,0,0,0,0,0,0,0,0,0,0,0,0,0,0,0,0,0,0,0,0,0,0,0,0,0,0,0,0,0,
0,0,0,0,0,0,0,0,0,0,0,0,0,0,0,0,0,0,0,0,0,0,0,0,0,0,0,0,0,0,0,0,0,0,0,0,0,0,0,0,0,0,0,0,0,0,0,0,0,0,0,0,0,0,0,0,0,0,0,0,0,0,0,0,0,0,0,0,0,0,0,0,0,0,0,0,0,0,0,0,0,0,0,0,0,0,0,0,0,0,0,0,0,0,0,0,0,0,0,0,0,0,0,0,0,0,0,0,0,0,0,0,0,0,0,0,0,0,0,0,0,0,0,0,0,0,0,0,0,0,0,0,0,0,0,0,0,0,0,0,0,0,0,0,0,0,0,0,1,3,0,0,0,0,0,0,0,0,0,0,0,0,0,0,0,0,0,0,0,0,0,0,0,0,0,0,5,0,0,0,0,0,0,0,0,0,0,0,0,0,0,0,0,0,0,0,0,0,0,0,0,0,0,0,0,0,0,0,0,0,0,0,0,0,0,0,0,0,0,0,0,0,0,0,0,0,0,0,0,0,0,0,0,0,0,0,0,0,0,0,0,0,0,0,0,0,0,0,0,0,0,0,0,0,0,0,
0,0,1,0,0,0,0,0,0,0,0,0,0,0,0,0,0,0,0,0,0,0,0,0,0,0,0,0,0,0,0,0,0,0,0,0,0,0,0,0,0,0,0,0,0,0,0,0,0,0,0,0,0,0,0,0,0,0,0,0,0,0,0,0,0,0,0,0,0,0,0,0,0,0,0,0,0,0,0,0,0,0,0,0,0,0,0,0,0,0,0,0,0,0,0,0,0,0,0,0,0,4,1,0,0,0,0,0,0,0,0,0,0,0,0,0,0,0,0,0,0,0,0,0,0,0,0,0,0,0,0,0,0,0,0,0,0,0,0,0,0,0,0,0,0,0,0,0,0,0,0,0,0,0,0,0,0,0,0,0,0,0,0,0,0,0,0,0,0,0,0,0,0,0,0,0,0,6,0,0,0,0,0,0,0,0,0,0,0,0,0,0,0,0,0,0,0,0,0,0,0,0,0,0,0,0,0,0,0,0,0,0,0,0,0,0,0,0,0,0,0,0,0,0,0,0,0,0,0,0,0,0,0,0,0,0,0,0,0,0,0,0,0,0,0,0,0,0,0,0,0,0,0,0,0,0,
0,0,1,0,0,0,0,0,0,0,0,0,0,0,0,0,0,0,0,0,0,0,0,0,0,0,0,0,0,0,0,0,0,0,0,0,0,0,0,0,0,0,0,0,0,0,0,0,0,0,0,0,0,0,0,0,0,0,0,0,0,0,1,0,0,0,0,0,0,0,0,0,0,0,0,0,0,0,0,0,0,0,0,0,0,0,0,0,0,0,0,0,0,0,0,0,0,0,0,0,1,0,2,2,0,0,0,0,0,0,0,0,0,0,0,0,0,0,0,0,0,0,0,0,0,0,0,0,0,0,0,0,0,0,0,0,0,0,0,0,0,0,0,0,0,0,0,0,0,0,0,0,0,0,0,0,0,0,0,0,0,0,0,0,0,0,0,0,0,0,0,0,0,0,0,0,0,0,0,0,0,0,0,0,0,0,0,0,0,0,0,0,0,0,0,0,0,0,0,0,0,0,0,0,0,0,0,0,0,0,0,0,0,0,0,0,0,0,0,0,0,0,0,0,0,0,0,0,0,0,0,0,0,0,0,0,0,0,0,0,0,0,0,0,0,0,0,0,0,0,0,0,0,0,0,0,
0,0,0,0,0,0,0,0,0,0,0,0,0,0,0,0,0,0,0,0,0,0,0,0,0,0,0,0,0,0,0,0,0,0,0,0,0,0,0,0,0,0,0,0,0,0,0,0,0,0,0,0,0,0,0,0,0,0,0,0,0,2,0,1,0,0,0,0,0,0,0,0,0,0,0,0,0,0,0,0,0,0,0,0,0,0,0,0,0,0,0,0,0,0,0,0,0,0,0,0,1,0,0,2,0,0,3,0,0,0,0,0,0,0,0,0,0,0,0,0,0,0,0,0,0,0,0,0,0,0,0,0,0,0,0,0,0,0,0,0,0,0,0,0,0,0,0,0,0,0,0,0,0,0,0,0,0,0,0,0,0,0,0,0,0,0,0,0,0,0,0,0,0,0,0,0,0,0,0,0,0,0,0,0,0,0,0,0,0,0,0,0,0,0,0,0,0,0,0,0,0,0,0,0,0,0,0,0,0,0,0,0,0,0,0,0,0,0,0,0,0,0,0,0,0,0,0,0,0,0,0,0,0,0,0,0,0,1,4,0,0,0,0,0,0,0,0,0,0,0,0,0,0,0,0,0,
0,0,0,0,0,0,0,0,0,0,0,0,0,0,0,0,0,0,0,0,0,0,0,0,0,0,0,0,0,0,0,0,0,0,0,0,0,0,0,0,0,0,0,0,0,0,0,0,0,0,0,0,0,0,0,0,0,0,0,0,0,0,2,2,0,0,0,0,0,0,0,0,0,0,0,0,0,0,0,0,0,0,0,0,0,0,0,0,0,0,0,0,0,0,0,0,0,0,0,0,0,0,4,0,0,0,3,1,4,5,0,0,0,0,0,0,0,0,0,0,0,0,0,0,0,0,0,0,0,0,0,0,0,0,0,0,0,0,0,0,0,0,0,0,0,0,0,0,0,0,0,0,0,0,0,0,0,0,0,0,0,0,0,0,0,0,0,0,0,0,0,0,0,0,0,0,0,0,0,0,0,0,0,0,0,0,0,0,0,0,0,0,0,0,0,0,0,0,0,0,0,0,0,0,0,0,0,0,0,0,0,0,0,0,0,0,0,0,0,0,0,0,0,0,0,0,0,0,0,0,0,0,0,0,0,0,0,4,3,4,0,0,0,0,0,1,0,0,0,0,0,0,0,0,0,0,
0,0,0,0,0,0,0,0,0,0,0,0,0,0,0,0,0,0,0,0,1,0,0,0,0,0,0,0,0,0,0,0,0,0,0,0,0,0,0,0,0,0,0,0,0,0,0,0,0,0,0,0,0,0,0,0,0,0,0,0,0,0,0,2,1,0,0,0,0,0,0,0,0,0,0,0,0,0,0,0,0,0,0,0,0,0,0,0,0,0,0,0,0,0,0,0,0,0,0,0,0,0,0,5,0,0,0,7,0,5,0,0,0,0,0,0,0,0,0,0,0,0,0,0,0,0,0,0,0,0,0,0,0,0,0,0,0,0,0,0,0,0,0,0,0,1,0,0,1,0,0,0,0,0,0,0,0,0,0,0,0,0,0,0,0,0,0,0,0,0,0,0,0,0,0,0,0,0,0,0,0,0,0,0,0,0,0,0,0,0,0,0,0,0,0,0,0,0,0,0,0,0,0,0,1,0,0,0,0,0,0,0,0,0,0,0,0,0,0,0,0,0,0,0,0,0,0,0,0,0,0,0,0,0,0,1,0,0,4,0,0,0,0,0,1,0,0,0,0,0,0,0,0,0,0,0,
0,0,2,0,0,0,0,0,0,0,0,0,0,0,0,0,0,0,0,0,0,2,0,0,0,0,0,0,0,0,0,0,0,0,0,0,0,0,0,0,0,0,0,0,0,0,0,0,0,0,0,0,0,0,0,0,0,0,0,3,0,3,3,0,0,1,0,0,0,0,0,0,0,0,0,0,0,0,0,0,0,0,0,0,0,0,0,0,0,0,0,0,0,0,0,0,0,0,0,0,0,0,0,0,3,0,0,0,0,0,5,7,0,0,0,0,0,0,0,0,0,0,0,0,0,0,0,0,0,0,0,0,0,0,0,0,0,0,0,0,0,0,0,0,0,2,0,0,0,1,0,0,5,0,7,0,0,0,0,0,0,0,0,0,0,0,1,1,0,0,4,0,0,0,0,0,0,0,0,0,0,0,0,0,0,0,0,0,0,0,0,0,0,0,0,0,0,0,0,0,0,0,2,0,0,0,0,0,0,0,0,0,0,0,0,0,0,0,0,1,0,1,0,0,0,0,0,0,0,0,0,0,0,0,0,0,0,3,0,0,0,0,0,0,0,0,0,0,0,0,0,0,0,0,0,0,
0,0,0,2,0,0,0,0,0,0,0,0,0,0,0,0,0,0,0,0,0,0,0,0,0,0,0,0,0,1,0,0,0,0,0,0,0,0,0,0,1,0,0,0,0,0,0,0,0,0,0,0,0,0,0,0,0,0,0,0,0,0,4,4,0,0,0,0,0,0,0,0,0,0,0,0,1,0,0,0,0,0,0,0,0,0,0,0,0,0,0,0,0,0,0,1,0,0,0,0,0,0,0,0,0,3,0,0,0,0,5,0,0,0,0,0,0,0,0,0,0,1,0,0,0,0,0,0,0,0,0,0,0,0,0,0,0,0,0,0,0,0,0,0,0,0,0,0,0,0,0,0,0,6,7,7,0,0,0,0,0,0,2,0,0,0,0,0,0,0,0,5,0,0,0,0,0,0,0,0,0,0,0,0,0,0,0,0,0,0,0,0,0,0,0,0,0,0,0,0,0,0,0,1,0,1,0,0,0,0,0,0,0,0,0,0,0,0,0,0,3,0,0,0,2,0,0,0,0,0,0,0,0,0,0,0,0,4,3,2,0,0,0,0,0,0,0,0,0,0,0,0,0,0,0,0,
4,3,0,0,0,0,3,0,0,0,0,0,0,0,0,0,0,0,0,0,0,0,0,0,0,0,0,0,0,2,0,0,0,0,0,0,0,0,0,1,0,0,0,0,0,0,0,0,0,0,0,0,0,0,0,0,0,0,0,0,0,0,5,1,0,0,0,0,0,0,1,0,0,0,0,0,0,0,0,0,0,0,1,0,0,0,0,0,0,0,0,0,0,0,2,3,0,0,0,0,0,0,0,2,0,0,4,0,0,6,0,0,0,0,0,0,0,0,0,0,0,0,0,1,0,0,0,0,0,3,0,0,0,0,0,0,0,0,0,0,0,0,0,3,0,0,0,0,0,0,0,0,5,4,7,1,1,1,0,0,0,0,0,2,0,2,0,0,0,0,6,8,6,6,0,0,0,0,0,0,0,0,0,0,0,0,0,0,0,0,0,0,0,0,0,0,0,0,0,0,0,0,0,0,0,0,0,0,0,0,0,0,0,0,0,0,0,0,0,0,0,0,0,0,0,0,0,0,0,0,0,0,0,0,0,0,0,1,0,0,0,0,0,0,0,0,0,0,0,0,0,0,0,0,0,0,
0,3,0,0,0,0,0,0,0,0,0,0,0,0,0,0,0,0,0,0,0,0,0,0,0,3,0,0,1,0,0,2,5,0,0,0,0,0,0,1,0,0,0,0,0,0,0,0,0,0,0,0,0,0,0,0,0,0,0,5,0,0,5,5,0,0,0,2,0,0,0,1,0,0,0,3,0,2,5,0,0,0,0,1,0,0,0,0,0,0,0,1,1,0,0,0,0,1,0,0,0,1,0,7,0,0,0,0,2,0,0,0,0,0,0,0,0,0,0,0,0,0,0,0,2,2,1,0,0,0,0,0,0,0,0,0,0,0,0,0,0,0,0,3,4,0,0,0,0,0,0,0,0,4,0,5,0,0,1,0,0,1,0,0,1,0,0,0,2,0,1,3,9,6,0,0,0,0,0,0,0,0,0,2,5,0,0,0,0,0,0,0,0,0,0,0,0,0,0,0,0,0,0,0,0,0,3,0,0,0,0,0,0,0,0,0,0,0,0,0,0,0,0,0,0,0,0,0,0,0,0,0,0,0,0,1,1,0,0,0,1,0,0,0,0,0,0,0,0,0,0,0,0,0,0,0,
3,0,0,0,0,0,0,0,0,0,0,0,0,0,0,0,0,0,0,0,0,0,1,1,0,0,0,0,0,0,5,2,1,0,0,0,0,0,0,0,0,0,0,0,0,0,0,0,0,0,0,0,0,0,0,0,0,0,0,0,0,1,0,0,1,1,0,0,0,0,0,1,0,0,0,2,3,3,0,5,0,0,2,1,2,0,0,0,0,0,0,0,0,0,1,0,2,2,2,0,1,0,7,7,6,0,0,0,2,0,0,0,0,0,0,0,1,0,0,0,0,0,0,0,0,3,1,1,0,1,0,0,0,0,0,0,0,0,0,1,1,0,0,4,4,0,1,1,0,0,0,0,0,0,0,0,0,0,0,2,2,0,2,0,0,0,0,0,0,10,0,4,4,7,0,0,0,0,0,2,0,0,3,0,0,6,0,0,0,0,0,0,0,0,0,0,0,0,0,0,0,0,0,0,0,4,0,0,0,0,0,0,0,0,0,1,0,0,0,0,1,0,0,0,0,0,0,1,0,0,0,0,0,0,0,2,2,4,1,0,3,3,0,1,2,3,0,0,0,0,0,0,0,0,0,0,
4,4,3,0,0,0,0,0,0,0,0,0,0,0,0,0,0,0,0,0,1,0,0,0,1,2,0,1,0,1,0,0,0,0,2,0,0,0,0,0,0,0,0,0,0,0,0,0,0,0,0,0,0,0,0,0,0,0,0,0,0,1,0,0,0,1,0,2,0,0,0,0,0,0,0,2,2,0,1,5,0,3,3,0,0,4,0,0,0,0,0,0,0,3,2,2,2,2,2,0,0,0,0,0,7,0,0,0,2,0,0,0,0,0,0,0,0,0,0,0,0,0,1,0,2,0,1,0,0,2,0,0,0,0,0,0,0,0,2,0,2,0,0,0,8,0,8,0,3,0,0,0,5,0,0,3,0,0,0,0,0,0,2,1,0,0,1,0,0,0,1,11,8,5,0,1,0,0,0,0,1,0,4,4,0,0,0,0,0,0,0,0,0,0,0,0,0,0,0,0,0,0,0,0,0,0,0,0,1,0,4,0,0,0,2,1,2,0,0,0,0,0,0,0,0,0,0,0,0,0,0,0,0,0,0,0,0,5,1,3,1,4,0,1,0,0,0,0,0,0,0,0,0,0,0,0,
11,5,5,7,10,0,0,11,0,0,0,0,0,0,0,0,0,0,0,0,2,2,1,0,2,4,3,0,0,0,0,0,1,0,0,0,0,0,0,5,0,0,0,0,0,0,0,0,0,0,0,0,0,0,0,0,0,1,1,0,0,1,0,1,5,1,1,1,1,0,0,0,2,3,0,0,2,0,0,0,0,0,0,0,0,1,0,0,0,0,0,0,1,4,3,3,3,2,3,0,0,0,0,0,0,0,0,3,0,0,0,0,0,0,0,1,0,0,0,0,0,0,2,2,1,3,0,0,0,2,0,0,0,0,0,0,2,0,0,3,5,1,0,0,0,0,0,8,0,2,0,0,6,6,3,4,5,0,0,2,0,0,4,0,4,2,0,5,0,0,2,9,11,0,1,0,0,0,0,2,0,0,0,0,0,0,0,0,0,0,1,0,0,0,1,0,0,0,0,0,0,0,0,0,0,0,0,1,0,2,0,0,0,0,0,1,2,2,3,0,0,0,0,0,0,0,0,0,0,0,0,0,0,0,3,1,0,4,0,1,2,0,5,0,1,0,1,0,0,0,0,0,0,0,0,0,
9,9,1,7,7,0,0,1,0,0,0,2,0,0,0,0,0,0,0,2,1,1,0,2,1,0,0,0,0,0,0,0,1,0,0,0,0,0,0,0,0,0,0,0,0,2,0,0,0,0,0,0,0,0,0,0,0,1,0,0,8,0,0,0,0,1,1,0,1,2,5,0,0,4,2,0,0,0,0,0,1,1,0,0,0,2,0,0,0,1,0,0,1,4,0,3,2,0,0,0,0,0,0,0,5,0,1,2,10,0,0,0,0,0,0,4,0,0,0,0,0,0,0,3,0,3,0,0,0,0,0,0,0,1,0,0,1,2,2,3,1,5,2,0,0,0,0,9,0,0,0,3,0,0,0,4,0,0,0,0,3,1,4,4,5,3,0,0,0,0,0,1,10,10,11,0,0,3,0,0,3,0,0,0,0,0,0,0,0,0,0,0,0,0,1,1,0,6,0,0,1,0,0,0,0,3,0,1,0,2,0,0,0,0,3,0,3,0,0,0,0,0,0,0,0,1,0,0,0,0,0,0,0,0,0,3,0,0,1,6,4,0,4,0,0,4,0,0,0,0,1,2,0,1,0,0,
12,10,11,10,1,0,3,0,0,1,2,0,0,0,0,0,0,0,0,1,7,3,0,2,1,1,0,4,0,0,0,0,0,0,0,0,0,0,0,0,0,0,0,0,0,2,0,2,0,0,0,0,0,0,0,0,0,0,2,1,0,0,0,0,0,6,1,5,7,0,6,5,4,4,3,2,0,0,0,0,2,3,0,2,2,0,0,3,0,0,2,0,1,6,2,5,0,5,0,2,0,1,0,3,0,3,2,9,0,4,0,3,0,0,0,0,5,0,0,0,0,0,2,0,0,0,0,0,3,0,0,8,0,2,6,0,2,2,1,0,1,2,3,3,2,0,3,0,1,0,0,0,3,0,0,0,0,0,0,0,1,1,2,5,1,0,1,2,0,5,1,1,11,12,11,0,0,4,3,3,2,2,0,0,2,0,0,0,0,0,0,0,0,0,0,0,1,6,0,0,2,0,0,5,3,3,2,0,2,2,6,3,0,0,0,5,7,0,0,0,0,1,0,3,0,0,0,0,0,0,0,4,0,0,0,0,0,0,0,5,7,7,6,4,0,0,0,0,2,3,0,0,2,0,0,0,
13,0,12,12,0,1,3,0,0,2,2,3,0,0,0,0,0,0,0,0,5,7,4,0,1,2,2,0,5,0,0,0,0,0,0,2,0,0,0,0,0,0,0,0,0,1,0,3,0,0,0,0,0,0,0,0,0,2,3,0,0,0,6,0,1,0,7,0,5,7,0,2,4,5,3,2,0,0,0,0,1,3,0,4,3,0,0,0,3,4,0,3,6,0,0,5,0,0,4,6,3,0,2,0,4,0,3,0,0,4,5,0,0,0,6,0,5,4,5,3,2,0,7,0,1,0,0,0,0,1,0,4,9,1,5,5,5,3,3,4,0,0,4,2,1,1,1,2,3,0,0,0,2,0,0,0,0,0,0,0,0,0,4,0,1,0,1,5,7,6,2,5,1,12,1,2,0,3,3,5,3,4,0,0,1,4,0,0,0,0,0,0,5,1,1,0,0,7,7,0,0,2,0,6,3,4,0,1,0,2,2,6,0,0,1,5,6,1,1,0,2,2,0,0,9,4,0,0,0,0,0,0,0,0,0,0,0,0,3,4,5,4,7,3,3,0,0,5,4,1,1,1,0,0,4,0,
0,3,1,6,2,0,3,1,0,3,3,3,0,0,0,13,0,0,0,0,0,0,3,1,2,3,2,0,0,2,0,0,0,10,0,3,0,0,0,0,0,0,0,0,0,0,0,0,0,0,0,0,1,0,0,1,0,0,4,5,1,3,8,6,1,8,7,7,0,7,0,3,3,4,5,0,0,0,0,1,0,5,0,5,0,2,0,0,0,0,4,0,0,7,6,0,0,0,1,0,0,7,2,6,1,0,4,1,0,0,0,1,0,0,0,0,3,0,6,8,3,4,0,7,6,0,2,0,9,0,0,7,3,2,6,5,5,2,4,8,0,0,0,3,2,2,1,2,0,1,1,0,0,0,0,0,0,0,0,0,0,0,0,3,1,0,2,0,6,0,2,3,5,0,1,3,4,1,3,3,3,2,1,1,0,5,0,0,0,0,2,0,0,5,1,1,0,0,0,0,0,0,1,0,0,0,0,8,2,1,6,7,0,1,0,1,1,6,1,2,2,2,1,2,11,5,0,0,0,0,0,3,0,3,3,0,2,0,0,4,6,7,7,4,6,3,4,3,4,4,2,4,0,0,4,0,
15,3,16,1,6,3,0,1,0,1,4,3,0,0,0,0,0,15,8,0,0,0,4,4,5,3,3,0,0,2,1,0,1,0,12,0,0,0,0,0,0,4,0,3,0,3,0,0,8,0,5,0,0,2,4,0,0,3,12,11,0,4,0,1,1,0,6,6,5,0,9,5,6,1,0,1,0,0,1,1,0,1,1,1,0,7,3,0,0,0,0,0,0,1,0,5,0,1,2,1,0,7,8,9,3,7,3,2,8,0,0,0,0,0,0,8,10,3,4,7,4,5,6,3,6,6,2,1,0,10,1,0,2,0,11,6,5,7,5,1,8,0,0,1,4,2,4,3,3,1,4,11,1,0,0,0,0,0,0,0,0,0,2,0,1,2,1,1,0,2,1,4,6,6,3,3,3,2,3,2,3,4,6,3,3,5,0,0,0,0,3,0,3,3,6,2,0,0,0,0,0,0,0,0,4,1,0,1,2,8,3,0,3,6,8,2,7,4,7,7,9,0,3,3,1,5,0,1,0,0,0,0,2,1,0,0,3,5,5,3,3,4,4,6,9,6,5,0,3,3,3,2,6,0,0,0,
0,15,0,4,1,3,2,0,0,5,1,0,4,0,0,4,0,1,4,10,0,0,6,5,4,3,0,0,6,1,0,4,1,0,1,2,2,2,1,0,0,0,0,0,2,4,8,6,8,0,3,0,4,0,4,2,3,4,4,12,2,0,0,0,2,1,7,7,2,11,9,5,5,6,0,0,0,0,0,6,1,1,8,0,2,10,9,7,0,0,0,0,1,0,5,0,0,5,4,3,2,3,2,2,1,8,2,0,9,4,0,3,1,0,0,9,0,10,6,3,0,5,2,4,9,4,7,4,2,9,2,0,3,0,0,7,5,8,7,0,9,0,4,2,3,0,10,0,5,0,4,5,1,12,0,0,0,0,0,0,0,0,0,1,2,3,4,9,0,3,0,0,1,8,6,8,4,2,3,4,3,6,6,7,4,0,0,0,3,3,1,8,0,7,7,6,3,0,3,0,0,3,2,3,2,4,9,10,0,1,4,6,0,10,7,7,5,5,6,7,12,17,2,4,4,0,0,0,0,0,0,0,5,2,0,0,3,5,5,2,4,4,9,4,4,9,7,1,1,5,4,3,4,6,8,7,
7,16,1,5,0,2,0,1,0,6,1,0,0,0,0,0,2,1,1,9,9,0,0,5,0,4,2,8,0,5,0,0,6,6,5,4,1,2,2,0,1,4,3,2,5,0,6,5,0,0,8,0,0,0,0,0,3,3,7,11,14,2,4,3,3,2,9,2,10,3,10,7,0,6,5,0,0,4,0,0,2,2,0,2,5,6,5,5,2,0,0,0,8,1,0,0,0,5,5,9,3,3,9,7,5,1,1,2,1,3,0,4,0,1,3,0,8,0,6,4,3,2,3,8,5,5,5,10,3,0,12,3,0,0,9,6,7,9,4,5,2,0,2,4,3,9,10,0,10,0,5,2,2,0,0,0,0,5,0,0,0,1,2,3,9,3,6,9,8,0,0,2,2,10,7,10,9,3,4,5,4,8,6,6,8,0,0,1,1,0,0,8,8,11,7,4,7,0,0,0,6,4,2,4,4,2,6,4,11,0,6,4,1,4,7,7,8,5,10,12,12,16,7,0,0,0,0,6,0,0,5,0,5,5,1,0,10,7,8,7,5,9,9,9,9,4,8,6,8,8,3,6,4,7,5,8,
8,7,2,1,3,0,1,0,0,2,0,2,13,0,0,0,1,2,0,9,10,3,7,8,3,0,3,1,0,0,0,0,7,7,8,4,4,3,3,7,0,5,0,0,7,3,2,2,0,0,8,0,0,0,0,0,1,15,5,8,5,2,4,0,4,0,3,3,1,3,2,7,0,1,7,0,0,0,6,5,0,4,1,2,3,5,6,6,0,2,0,0,1,0,2,6,3,0,6,9,12,4,3,8,3,3,2,5,1,4,7,0,11,0,0,0,0,0,7,8,3,0,0,2,1,9,5,0,9,9,4,0,3,11,10,7,6,7,7,10,2,2,0,3,8,1,7,3,0,0,7,7,2,9,0,0,7,5,1,0,1,1,5,4,5,3,10,10,0,0,0,2,2,13,10,9,10,2,4,4,4,5,5,5,6,0,3,0,2,1,9,6,6,10,1,5,7,8,0,0,1,6,4,6,5,6,3,11,0,0,0,11,2,4,8,8,9,8,9,12,13,11,17,0,10,7,8,8,2,2,0,6,5,5,5,1,6,7,2,7,5,6,9,10,7,9,8,4,7,6,4,6,6,6,6,6,
7,8,8,3,2,6,3,7,1,2,5,14,12,0,14,0,14,1,1,6,9,9,9,3,4,0,0,2,0,3,8,0,7,6,4,5,5,3,11,7,0,7,5,0,4,5,8,3,3,1,8,10,6,0,3,0,0,16,15,7,7,6,3,0,0,4,5,4,4,3,12,13,8,7,7,7,6,9,7,8,0,4,2,0,4,5,4,4,0,3,0,0,8,6,0,1,0,9,0,9,10,11,11,4,6,3,2,6,0,4,10,7,10,11,9,5,4,2,2,0,4,1,1,2,1,8,7,11,11,5,4,0,4,11,4,11,11,6,10,6,4,3,0,3,8,1,8,0,3,0,9,4,4,4,5,10,0,10,12,3,3,4,4,7,6,7,11,7,1,0,0,0,3,13,11,12,8,2,3,7,8,12,8,6,6,6,7,0,3,2,2,3,0,4,7,6,7,4,6,7,3,6,5,2,5,4,4,6,6,5,10,12,10,3,10,8,9,4,2,9,10,13,15,0,11,0,0,5,8,2,3,4,3,5,7,7,5,5,2,3,9,6,6,8,7,0,7,5,5,6,4,3,8,8,8,7,
2,8,6,3,0,0,7,4,4,8,8,3,13,0,0,15,13,3,2,9,9,9,2,4,1,0,0,3,8,6,8,10,10,1,4,5,7,5,3,5,11,2,4,2,4,5,9,8,7,10,9,8,2,11,3,0,0,4,4,5,5,0,7,5,0,5,5,5,5,4,3,2,3,0,7,9,2,1,4,7,9,0,0,0,6,0,7,4,1,0,0,1,5,7,5,4,6,4,9,10,3,11,13,12,6,9,7,6,1,0,12,11,8,11,10,10,7,7,0,0,0,1,2,3,3,9,0,0,10,11,6,0,6,6,12,12,7,7,12,11,12,7,3,9,9,1,7,0,4,5,10,6,5,13,6,10,0,7,9,11,4,4,5,6,1,4,8,6,8,13,4,0,1,12,12,13,4,12,3,4,12,12,11,9,10,8,8,1,1,3,2,2,5,0,7,8,8,8,8,7,7,6,4,5,7,6,5,7,6,5,0,11,11,5,2,9,9,7,4,4,10,14,0,2,0,10,0,2,9,9,3,4,4,9,9,10,6,7,5,10,8,9,6,6,9,7,8,6,9,6,5,6,4,6,8,9,
3,1,5,8,7,1,0,7,6,5,8,4,6,13,15,15,0,14,5,8,8,10,3,3,0,5,0,0,6,0,7,6,10,9,1,5,5,2,4,3,11,11,3,1,7,0,9,0,6,8,11,5,3,4,8,7,0,0,0,5,10,6,13,5,0,0,5,15,5,4,4,14,10,1,12,11,8,9,7,11,11,5,12,0,0,6,0,7,5,1,9,0,7,2,5,4,6,7,7,6,4,12,13,0,5,7,8,2,0,11,2,8,11,11,6,10,7,6,2,2,0,1,4,6,0,0,0,0,11,7,9,8,7,6,7,8,13,8,14,14,11,8,7,8,9,3,4,3,5,7,6,6,6,6,7,7,10,11,7,10,5,7,5,4,4,2,4,9,9,8,0,1,6,6,8,13,6,10,10,9,13,11,9,12,2,6,9,2,2,1,4,4,3,4,5,8,8,9,3,5,6,2,6,6,7,6,7,8,3,0,0,0,8,5,5,5,10,11,16,4,5,4,12,2,11,0,0,0,3,8,4,4,8,5,8,9,7,7,6,3,7,8,8,8,8,8,8,6,3,6,6,5,6,7,5,8,
0,9,2,1,7,2,8,7,7,8,6,8,5,14,15,3,5,18,2,6,10,5,7,0,0,7,1,1,2,0,2,12,5,9,2,1,0,3,9,8,2,4,3,4,2,0,0,0,0,7,9,6,10,5,10,5,6,1,9,7,10,8,7,10,0,0,13,14,5,2,5,15,2,10,2,8,8,9,7,10,10,11,10,5,6,8,0,6,7,7,6,3,5,10,10,5,6,8,8,7,4,13,14,3,6,0,9,1,11,0,3,11,8,11,10,7,8,7,0,8,3,4,5,7,7,1,0,0,9,8,10,3,8,8,11,8,14,13,15,14,7,11,9,9,9,12,4,4,3,7,8,8,7,7,5,12,7,13,11,11,7,8,7,10,5,3,7,9,6,2,0,3,6,7,7,7,12,7,11,10,11,14,5,13,4,6,7,8,4,3,3,2,4,1,0,7,5,4,4,7,6,5,5,8,7,4,7,7,7,7,0,8,7,5,9,11,5,9,11,12,0,15,8,12,2,0,4,0,0,10,9,11,5,8,9,12,10,12,7,4,10,8,9,4,8,9,9,8,8,3,7,6,8,9,7,8,
4,0,0,3,1,5,1,8,7,8,9,7,7,4,16,3,3,17,2,17,9,6,0,1,8,7,8,9,2,1,6,8,1,8,2,7,0,2,3,4,5,6,5,4,4,5,0,0,1,0,10,9,9,10,12,9,8,4,7,8,13,9,7,6,15,14,14,14,11,3,15,3,3,0,17,9,12,9,11,11,5,11,11,5,9,7,16,8,7,8,6,6,1,13,11,4,7,7,8,8,14,7,7,4,4,10,5,5,11,12,1,5,9,12,5,9,8,7,3,8,10,11,10,6,8,4,8,0,0,10,9,10,2,6,3,1,8,9,8,11,8,11,14,15,9,15,4,6,5,4,7,4,9,7,6,11,12,12,7,8,8,10,11,10,8,6,11,10,13,10,1,2,2,8,7,8,11,13,8,9,3,15,3,6,4,8,7,9,6,4,6,4,4,4,0,8,6,7,6,5,7,7,4,8,3,4,5,5,12,9,10,9,8,5,10,10,5,5,4,5,0,5,8,8,13,12,0,6,6,9,10,11,10,13,9,10,11,11,9,6,9,9,10,9,10,8,5,4,9,6,4,6,7,8,7,7,
1,9,2,3,5,4,5,11,9,9,9,9,5,6,5,5,10,18,18,19,10,11,5,1,1,4,10,1,11,0,7,0,4,2,8,6,8,2,5,5,6,6,11,12,7,5,1,7,7,10,11,8,7,13,12,9,12,8,1,7,9,12,12,6,16,13,14,14,13,14,4,5,4,12,17,7,10,10,0,11,0,6,3,6,10,10,5,10,15,5,12,7,2,10,11,9,5,5,7,8,4,15,14,8,16,5,6,3,6,6,12,1,6,5,6,10,5,9,6,9,3,11,7,8,6,5,4,1,0,1,11,12,3,5,4,9,12,9,12,15,11,12,14,7,15,15,9,7,6,6,12,8,9,8,6,7,12,15,13,14,13,8,7,13,8,9,10,8,13,12,1,13,1,0,8,7,12,15,9,9,7,6,5,3,2,6,7,7,6,8,9,7,7,6,2,7,11,10,0,8,6,6,7,8,2,4,5,11,6,5,8,6,8,6,4,11,11,5,8,5,7,13,5,5,13,13,6,6,8,8,8,11,9,9,10,10,14,14,5,10,7,1,8,10,9,8,4,5,4,4,3,7,9,9,4,9,
14,8,5,4,5,3,5,9,8,17,15,11,6,11,8,4,4,0,1,20,19,13,8,7,2,4,7,8,3,9,1,0,1,6,8,9,10,10,7,6,11,5,8,8,7,4,6,8,9,11,10,6,8,13,13,10,12,12,6,8,8,10,11,10,16,13,15,8,7,2,14,12,0,0,14,10,8,8,10,0,0,9,6,2,14,11,14,11,6,11,8,11,11,2,3,11,7,7,8,9,6,5,13,2,16,5,3,6,7,8,9,8,2,14,5,11,11,5,1,7,8,11,12,7,11,10,8,15,3,4,12,12,11,11,7,9,11,10,10,6,13,12,9,9,9,16,14,8,8,5,6,10,9,8,6,15,13,7,14,14,14,13,7,14,9,12,11,3,10,3,11,2,2,1,1,1,1,13,15,15,6,9,4,7,3,5,8,8,9,7,12,7,7,7,7,2,10,11,7,3,4,5,8,4,3,2,6,8,10,6,3,9,9,8,8,5,11,8,11,5,9,14,13,6,6,13,5,9,6,7,11,10,10,12,13,11,8,12,12,7,6,2,13,12,9,9,9,9,4,5,5,5,7,9,9,5,
15,10,7,6,4,4,10,6,7,17,1,13,16,7,6,5,5,0,1,20,20,12,13,11,10,5,9,10,3,8,7,10,1,7,8,5,10,11,8,8,8,5,8,16,8,6,10,7,8,10,9,6,8,12,13,15,14,15,7,12,11,10,10,11,17,13,10,10,10,7,11,8,12,1,3,8,16,8,10,7,11,10,5,13,15,15,17,14,14,1,14,13,5,13,16,12,9,8,8,17,7,15,13,16,2,5,6,6,6,7,6,5,10,15,5,12,3,4,1,8,9,9,11,10,10,9,8,16,16,0,10,16,13,15,7,7,13,12,14,8,7,12,11,10,10,7,13,9,8,7,10,7,6,11,15,16,16,9,9,5,15,15,14,15,2,1,13,3,4,10,3,13,4,0,1,14,2,10,15,7,8,7,5,4,8,6,8,6,10,10,8,8,13,11,9,11,11,11,2,8,4,5,4,3,2,4,3,7,6,12,1,5,13,8,7,8,9,4,12,6,10,7,12,10,7,5,3,11,13,7,13,11,10,13,6,14,16,12,13,14,8,13,4,12,16,10,7,9,8,6,6,6,7,6,6,6,
16,12,8,6,5,4,9,11,11,8,6,14,11,11,13,6,5,6,5,21,22,23,9,11,11,17,16,4,4,4,8,8,10,7,7,8,6,7,11,9,12,8,14,8,11,12,7,3,7,3,4,8,7,12,10,10,13,15,16,12,12,10,11,10,17,10,16,11,10,11,12,4,4,18,10,8,9,9,13,12,12,5,8,13,14,9,18,17,14,7,13,14,7,6,12,3,18,8,7,9,10,7,16,10,13,7,6,8,6,7,6,7,11,10,7,5,13,10,4,5,8,8,12,7,13,3,10,12,10,16,18,8,12,18,11,8,8,13,12,15,14,14,14,13,12,8,14,13,14,11,8,8,8,8,11,15,16,9,9,6,6,6,11,15,16,15,7,3,13,11,10,4,9,6,3,4,15,9,7,8,12,11,5,5,4,8,8,13,10,12,12,8,11,8,11,12,9,12,8,1,9,8,13,3,4,12,10,7,7,7,2,1,10,9,10,7,4,5,11,12,7,7,10,8,11,9,8,7,7,8,11,12,8,7,7,12,16,15,8,15,9,5,6,13,8,11,7,10,10,7,5,6,8,7,7,7,
5,5,11,8,6,6,15,16,9,8,7,10,16,13,13,13,13,7,9,21,9,15,9,9,14,17,15,5,5,4,6,9,8,8,10,14,8,9,14,10,14,14,9,9,12,11,13,8,4,3,4,12,9,13,10,12,15,14,15,14,10,11,12,11,11,9,12,11,11,12,12,10,5,12,20,4,12,12,0,8,7,8,8,10,14,13,13,13,16,15,11,16,7,9,21,5,13,9,10,7,8,15,17,9,13,6,6,11,10,7,5,8,8,11,8,8,7,16,5,5,6,9,9,10,14,8,11,5,11,10,17,10,9,17,19,9,9,14,13,14,13,14,13,9,14,10,13,14,14,9,14,9,9,11,12,9,16,16,15,17,16,7,8,12,13,7,8,15,4,4,14,3,9,10,6,4,5,10,5,4,9,11,6,8,4,14,9,10,4,11,15,9,12,9,0,10,10,10,1,1,9,9,15,10,4,18,11,7,7,7,8,4,11,11,11,11,6,5,9,8,12,10,8,11,9,11,10,9,13,9,9,13,13,3,7,16,16,10,15,16,8,9,6,11,12,12,14,7,10,7,8,6,7,10,10,7,
6,11,9,8,9,5,16,11,17,13,14,10,10,12,14,13,13,5,10,22,5,19,15,16,16,14,14,15,10,5,17,10,16,3,11,7,12,9,8,14,12,12,15,10,13,11,14,4,11,13,5,8,9,9,13,15,15,15,14,17,14,11,13,14,11,14,17,17,13,12,13,14,5,13,8,8,5,4,2,3,8,5,9,16,15,11,11,14,13,17,17,13,15,11,7,6,8,14,12,8,9,14,16,14,13,10,6,12,12,12,16,6,9,7,17,8,15,8,17,9,12,11,12,8,13,12,11,5,5,2,11,23,9,19,18,10,14,14,14,16,15,14,12,9,9,9,11,13,15,14,10,10,9,12,13,11,17,17,15,17,16,17,10,14,14,7,8,7,6,4,14,12,12,12,11,10,5,6,11,11,12,11,12,9,13,14,14,8,10,5,13,11,13,12,14,13,11,4,17,1,11,10,12,10,11,11,12,15,14,13,6,1,13,15,12,12,11,10,10,14,16,9,12,9,10,9,11,8,9,10,13,10,13,14,7,10,16,14,10,15,18,12,12,11,13,14,11,18,16,8,8,11,8,7,10,10,
8,8,8,8,5,5,16,6,18,19,13,12,14,14,17,14,12,5,14,10,12,9,16,16,9,15,12,11,11,7,8,6,7,16,4,12,12,13,9,9,13,13,13,10,10,13,10,4,12,8,11,11,10,11,9,15,17,15,16,15,13,12,13,7,11,9,17,16,16,13,13,14,15,16,6,5,8,6,3,13,8,8,9,16,15,16,10,8,13,12,11,13,9,12,8,10,9,14,16,12,14,9,15,15,20,14,6,7,12,13,13,10,12,13,18,17,11,15,18,13,10,17,12,9,9,11,11,12,9,11,12,24,11,22,19,11,20,15,9,17,12,12,8,10,5,16,12,14,14,12,14,10,6,13,13,4,12,8,12,13,11,17,13,8,9,15,8,8,6,10,5,7,6,9,12,10,13,12,12,12,14,12,10,10,11,15,14,9,10,5,13,9,12,11,13,10,1,5,18,7,4,12,11,12,9,12,9,11,13,15,15,9,14,17,13,12,11,11,9,15,16,10,9,9,10,11,9,11,17,10,14,12,14,7,14,4,15,13,15,16,18,12,12,13,12,15,14,22,19,9,9,21,11,9,8,9,
10,9,10,5,8,6,4,13,21,19,14,12,16,10,9,13,13,16,6,16,12,16,18,11,9,8,9,16,4,13,5,16,7,4,13,5,10,9,15,13,15,14,12,12,8,11,11,11,12,13,3,13,12,9,11,20,17,14,17,8,13,12,9,14,13,8,18,16,17,14,14,13,6,13,18,15,9,6,5,15,4,14,15,11,16,10,9,8,17,12,13,12,9,10,10,15,9,14,14,14,15,15,15,16,16,17,6,6,7,9,13,12,18,8,12,10,8,15,15,14,13,15,17,11,10,12,13,9,9,13,22,22,13,20,14,21,13,15,15,9,10,12,15,16,16,16,15,15,11,11,11,14,12,11,5,14,9,9,10,17,13,12,18,14,16,11,16,15,13,10,12,10,8,15,10,10,16,13,12,12,13,12,15,11,10,15,13,14,8,11,16,12,9,12,13,6,6,4,8,17,9,16,14,12,8,11,13,12,14,16,16,16,13,18,18,13,12,11,12,12,14,15,13,11,11,11,12,13,11,11,10,14,15,10,15,6,12,7,14,17,20,19,13,14,14,15,19,22,18,22,10,17,16,8,18,9,
14,11,9,13,10,7,5,10,13,16,14,14,12,11,18,10,10,12,15,16,12,18,18,18,16,9,12,9,3,11,7,8,17,14,11,5,15,12,15,16,15,15,13,14,13,10,6,12,13,5,8,8,11,10,11,21,20,18,13,14,16,10,8,16,14,9,16,17,13,15,15,14,16,14,16,8,9,17,9,5,6,15,15,12,16,16,10,10,7,17,8,10,9,11,14,20,17,19,15,16,16,11,15,17,16,17,13,18,20,19,19,24,16,20,15,15,16,8,16,15,13,15,11,14,11,15,15,8,10,7,12,13,12,21,22,21,16,13,11,14,8,13,7,17,15,16,17,17,15,14,13,17,12,12,13,13,15,11,10,9,12,12,13,17,18,18,16,10,15,15,11,13,11,15,15,10,16,17,12,12,11,13,12,11,15,15,13,13,14,11,17,7,7,10,7,7,9,6,14,16,16,10,10,15,13,8,10,16,17,12,10,16,9,10,14,19,14,10,13,14,10,15,11,13,12,12,12,14,15,13,18,17,16,13,11,12,7,9,8,15,21,20,20,19,19,13,13,14,20,20,21,17,17,16,19,20,
12,12,12,13,9,11,8,11,13,15,12,13,17,14,19,16,11,16,16,16,16,13,19,9,17,18,10,14,4,16,12,8,4,15,14,11,9,15,16,13,15,12,14,15,14,15,13,13,14,14,6,9,11,11,11,12,21,15,18,15,18,10,19,9,17,16,16,18,14,12,15,12,12,9,16,6,6,12,19,16,15,16,16,15,17,15,8,8,6,8,8,11,10,12,19,18,18,15,19,19,17,9,14,17,14,15,15,18,21,19,20,24,24,16,20,17,16,15,15,16,17,12,12,12,16,16,15,14,7,15,13,14,13,15,11,11,19,14,14,16,12,9,9,10,17,17,11,18,15,16,17,16,17,13,13,16,16,14,11,12,15,13,12,11,12,19,16,18,15,11,12,9,13,8,11,11,11,11,15,13,17,12,13,12,15,12,15,25,9,12,9,15,15,15,16,12,10,15,10,17,17,12,14,11,15,16,16,17,15,13,13,10,13,15,17,14,19,11,12,13,15,13,13,12,13,13,15,15,16,14,23,14,15,11,14,13,13,10,18,12,16,21,21,13,19,9,16,14,21,21,23,18,18,21,20,21,
14,9,13,13,17,11,10,13,19,15,15,13,15,17,13,12,15,8,12,10,16,15,14,19,14,14,14,15,14,13,6,6,7,15,4,17,9,16,11,17,16,13,12,18,8,14,16,13,13,14,12,9,20,20,12,13,13,16,17,16,16,19,9,12,17,17,18,18,16,16,12,10,19,9,10,6,13,13,18,11,13,17,17,15,13,20,7,8,20,12,6,8,10,13,13,21,15,11,19,19,19,16,16,22,18,15,12,16,13,20,14,15,15,22,14,16,18,13,14,16,17,17,19,14,17,15,16,10,15,9,11,14,14,14,12,19,19,15,15,11,10,10,11,9,19,7,13,6,20,17,16,17,18,17,17,16,15,15,14,15,11,15,14,12,13,12,19,16,13,17,8,17,10,9,14,16,10,11,14,18,7,15,16,11,13,13,15,14,11,10,10,25,15,18,13,17,11,17,19,16,17,7,10,13,17,16,17,17,16,17,19,13,10,10,10,9,19,19,13,20,8,14,12,9,14,11,16,15,17,16,16,16,16,15,11,9,20,12,19,19,19,13,21,12,12,10,13,24,17,23,22,21,19,18,20,21,
15,10,13,10,19,18,18,14,14,14,17,15,17,17,14,13,16,21,9,14,7,12,15,11,15,19,18,16,15,21,10,7,6,16,14,15,11,18,13,13,17,17,17,11,13,18,16,15,16,15,9,9,11,12,21,20,22,18,17,18,20,11,11,20,11,20,13,15,9,11,15,17,20,15,9,18,18,11,16,18,14,18,14,17,12,12,8,17,11,14,11,10,9,13,13,15,16,16,12,12,11,12,17,22,18,19,15,12,11,21,14,17,16,14,14,16,17,16,15,15,18,18,18,13,13,11,10,16,15,17,11,16,14,15,18,19,11,14,16,16,12,19,11,20,20,13,9,14,13,6,16,17,17,16,15,17,10,11,15,15,12,11,13,12,15,13,16,17,13,16,15,15,14,16,18,17,18,14,18,16,15,17,13,12,21,13,17,16,16,11,15,26,23,13,14,14,18,17,19,18,10,8,16,14,18,15,17,19,11,10,13,14,11,11,14,10,9,20,15,9,17,10,8,10,17,13,15,16,16,14,17,14,17,16,15,22,21,17,12,10,23,19,20,13,12,14,15,25,18,23,24,21,20,21,20,18,
10,10,22,14,11,19,21,20,16,18,19,18,17,17,17,15,14,12,9,11,15,16,16,18,14,15,18,17,17,18,12,13,15,9,15,12,12,13,13,12,11,18,14,19,11,14,18,18,15,17,13,10,14,22,13,20,12,11,20,19,20,19,12,18,20,20,15,14,10,19,16,12,17,18,9,19,10,12,14,17,14,15,13,14,13,13,7,16,11,11,10,10,10,11,10,11,16,17,11,17,11,12,17,23,23,13,16,15,16,25,21,23,25,24,15,12,11,16,17,17,17,19,19,14,14,17,16,15,16,17,18,15,15,16,13,12,16,14,12,16,13,10,19,19,11,18,9,16,13,6,8,17,19,17,15,18,13,14,11,12,15,16,13,13,15,13,17,18,15,15,15,10,14,8,20,16,18,18,10,18,16,16,13,13,13,13,17,16,14,17,20,15,14,14,16,12,12,20,10,21,14,14,19,17,14,15,13,19,13,11,17,17,15,20,10,16,10,17,15,19,10,11,10,14,18,15,16,16,17,16,15,11,17,17,18,19,13,24,22,21,15,13,18,15,13,21,23,15,10,18,19,21,20,19,19,19,
22,11,15,13,12,23,20,21,21,21,17,18,19,22,21,16,15,11,17,11,14,17,15,18,14,15,17,18,17,14,13,13,24,10,10,14,13,13,17,17,13,13,18,14,8,12,13,7,18,17,11,14,22,11,23,21,13,21,14,20,19,19,13,17,11,17,20,16,14,17,19,17,18,18,18,19,14,14,13,16,13,16,12,14,12,14,10,14,18,16,13,17,11,13,11,15,12,22,24,18,14,12,12,14,13,13,13,16,25,20,22,9,19,25,24,15,12,12,14,20,21,21,21,18,15,13,16,17,16,22,18,17,16,16,20,19,18,12,15,18,13,13,11,7,12,19,19,18,13,7,22,9,9,17,16,12,16,17,14,12,16,16,14,16,14,18,17,16,16,12,16,17,15,11,14,14,17,14,14,13,22,24,24,14,22,16,15,20,15,18,17,17,18,14,17,13,15,20,20,22,15,10,15,14,16,18,14,14,13,12,19,21,13,21,10,10,18,18,20,16,19,11,18,13,14,16,17,17,15,17,15,13,16,21,18,19,23,24,14,18,13,18,19,17,21,22,16,23,11,24,12,10,21,21,20,21,
22,14,17,16,15,24,25,21,22,24,25,21,20,15,20,12,13,18,11,17,17,14,18,18,18,16,14,15,19,19,15,15,16,10,11,14,14,15,18,17,15,15,15,17,13,12,14,7,12,18,12,22,14,17,19,12,12,14,14,13,15,18,19,21,12,18,21,17,19,20,18,20,14,19,20,12,11,13,12,16,20,18,13,11,11,12,13,17,18,13,17,14,14,16,15,11,18,21,21,24,22,14,14,17,16,17,13,16,27,16,10,10,10,24,13,16,19,23,14,13,21,22,13,18,14,14,17,16,16,22,17,22,17,18,19,20,16,12,14,18,19,23,13,7,9,18,18,14,14,7,9,9,9,15,10,13,13,18,15,16,16,17,14,17,10,19,18,17,16,13,12,15,16,17,11,15,14,15,14,13,24,18,20,21,22,21,16,16,17,16,17,19,15,19,24,13,14,11,10,18,13,12,15,15,17,14,16,17,22,12,13,12,23,13,12,16,18,21,19,22,13,20,20,13,12,18,17,18,23,16,16,19,15,21,18,19,12,25,10,23,23,20,15,16,22,22,12,11,21,11,20,18,11,22,21,23,
22,22,17,18,28,29,17,21,18,23,18,17,21,19,21,19,18,21,21,15,17,15,14,16,17,16,18,14,18,17,15,14,12,17,18,17,20,19,16,18,19,16,16,12,15,14,13,8,13,19,19,11,15,20,20,20,13,13,15,15,14,15,15,18,22,23,22,18,18,18,19,16,14,16,15,18,18,12,13,13,17,16,16,13,12,12,13,14,13,12,14,14,14,15,15,20,16,18,20,22,23,22,24,19,6,18,18,16,21,28,20,14,10,16,22,20,20,19,15,14,14,11,14,19,18,20,15,16,18,22,16,17,21,18,20,20,17,13,18,13,16,18,24,25,22,8,8,18,13,15,15,10,10,17,16,9,18,17,16,15,17,18,18,21,19,11,20,19,19,15,19,15,16,18,16,15,15,17,14,21,23,24,19,19,15,24,16,19,17,12,16,10,18,21,18,18,13,14,19,20,21,20,12,16,15,14,15,26,23,12,14,14,20,12,13,13,17,19,15,17,18,19,21,15,16,14,18,19,18,14,20,13,20,20,20,19,13,17,11,23,19,20,19,17,17,23,15,11,10,22,13,13,19,22,23,23,
20,22,21,17,11,27,11,29,26,13,18,23,17,20,20,19,21,19,19,16,16,14,19,17,18,18,16,17,18,18,13,16,12,18,14,18,21,20,17,20,15,17,15,16,13,10,11,13,14,9,21,12,10,11,22,21,24,14,16,15,16,21,20,16,19,21,22,23,19,19,16,20,19,16,16,18,16,18,16,14,14,13,13,20,21,12,12,24,26,13,13,13,13,15,16,22,15,20,21,22,21,9,15,10,7,17,18,16,22,20,20,11,18,11,21,15,21,22,23,20,15,12,12,15,16,18,16,17,17,17,18,18,24,17,20,19,19,18,19,20,20,16,17,18,22,9,18,20,15,16,13,9,9,18,7,19,18,18,20,17,15,15,17,20,22,21,20,22,19,17,17,16,17,19,18,12,16,23,14,23,24,23,14,20,16,23,14,14,23,21,16,27,27,21,26,20,20,20,20,21,21,24,11,13,22,16,15,22,27,13,21,15,21,8,13,22,14,16,16,18,18,22,25,14,17,15,21,18,19,18,16,20,21,21,22,21,21,21,22,20,14,13,17,20,24,16,16,14,12,12,13,21,14,21,23,22,
16,18,23,16,20,28,14,20,26,21,20,19,23,20,20,22,21,19,22,21,14,15,19,20,16,19,17,17,17,17,14,15,13,13,17,21,19,21,22,23,17,16,17,15,14,20,10,11,11,17,18,22,19,13,16,18,13,15,24,12,16,23,21,21,21,24,22,22,21,23,21,20,19,21,17,19,19,20,14,16,14,18,19,20,22,21,12,24,28,27,13,26,14,23,16,23,22,23,21,24,22,11,10,9,11,11,17,18,20,21,21,15,17,18,20,22,22,23,16,19,16,18,16,15,15,17,15,17,18,18,18,17,17,17,16,21,19,20,19,15,15,21,15,27,22,23,17,25,18,16,20,15,18,10,22,12,18,11,14,20,16,23,26,14,14,21,16,15,16,17,17,17,19,14,20,21,20,24,24,13,23,14,23,13,16,28,24,26,23,14,16,23,24,24,23,27,19,27,19,21,22,24,12,13,16,22,17,13,29,22,15,21,22,8,8,12,22,13,14,18,20,23,17,15,17,17,16,16,21,21,19,18,21,18,19,28,22,22,16,14,17,14,20,20,20,24,16,24,15,11,12,15,22,14,22,23,
16,14,20,16,17,16,16,16,22,19,21,20,16,24,22,22,22,21,17,15,15,16,21,21,21,19,20,17,18,21,20,16,17,16,17,22,20,25,23,21,21,18,14,16,18,18,17,12,12,13,18,19,21,12,19,19,13,13,11,18,15,16,23,25,22,25,25,18,22,22,22,21,20,22,17,19,20,21,18,16,15,14,15,20,19,22,20,21,25,15,27,12,17,23,23,23,23,25,21,24,15,12,14,9,20,12,18,18,16,22,17,16,20,17,14,22,19,22,17,17,20,17,17,16,23,18,17,15,18,19,20,18,19,19,18,22,19,20,20,20,26,21,17,30,18,23,22,18,25,21,21,19,21,23,13,14,9,22,16,22,24,24,16,14,15,17,17,16,16,19,17,19,19,19,20,21,22,24,14,14,15,27,16,16,28,28,27,26,24,17,17,17,29,25,26,24,18,27,18,22,21,22,14,14,16,18,18,18,13,21,29,17,16,21,9,15,12,21,22,17,17,22,16,20,21,17,17,20,22,25,20,21,19,17,28,28,18,23,23,15,16,17,19,22,22,21,17,25,19,16,15,15,23,12,15,15,
16,15,20,20,20,16,16,17,22,16,20,19,21,22,23,25,23,18,20,19,17,16,21,23,16,22,19,16,16,21,23,13,20,22,25,25,25,16,26,22,20,22,23,15,24,23,23,23,26,14,25,19,23,29,19,20,15,13,19,18,15,17,17,26,26,30,21,22,19,22,21,23,17,22,22,20,17,22,22,23,16,16,15,22,21,22,15,20,25,19,28,18,12,10,23,23,10,22,25,24,14,16,18,23,15,12,18,19,20,17,22,16,21,18,16,22,14,13,15,14,23,17,18,18,17,21,19,21,15,18,20,11,19,19,19,13,23,20,20,21,17,19,18,20,19,18,24,22,22,26,25,21,20,22,13,10,10,22,22,23,25,22,21,22,25,23,19,19,17,17,18,18,17,17,20,20,21,19,24,14,15,29,16,16,21,17,26,16,14,26,27,18,20,20,27,25,17,27,27,17,15,23,17,20,14,26,23,18,18,14,22,19,19,20,10,14,15,21,22,16,24,23,24,16,18,22,24,22,21,23,24,24,22,26,19,18,27,30,17,16,17,17,22,22,21,19,18,18,18,19,17,15,13,12,13,14,
19,22,23,22,20,20,19,19,22,19,20,20,20,19,23,21,25,19,21,18,15,14,16,16,20,16,18,19,19,22,17,21,21,23,19,24,25,24,24,19,24,21,24,24,22,19,24,24,23,25,25,26,27,23,29,18,16,11,15,20,19,26,17,28,29,30,28,26,20,23,18,18,23,17,18,21,20,19,18,23,17,16,25,15,22,21,20,20,18,22,19,19,22,13,19,23,11,26,26,25,19,16,23,14,24,24,23,15,19,23,23,23,28,19,17,17,17,22,14,13,17,17,16,16,24,18,23,17,14,18,16,30,11,27,23,15,24,24,22,21,23,19,21,20,21,23,24,21,23,19,26,22,21,23,25,24,14,25,19,22,25,23,25,23,23,24,23,21,21,18,21,22,17,17,19,20,21,21,24,16,15,15,30,20,22,18,18,22,15,20,19,14,21,22,22,21,19,18,17,16,16,16,23,23,20,27,24,23,19,19,26,19,19,17,18,15,16,16,23,17,23,17,23,25,21,24,19,22,22,23,22,25,24,24,27,19,18,20,19,18,24,26,20,21,23,20,22,19,19,20,21,16,20,14,15,14,
17,20,22,21,23,19,20,20,19,20,20,16,20,18,18,22,21,21,20,25,26,16,16,13,20,18,21,19,20,16,21,16,28,26,18,22,25,23,21,25,20,23,25,25,18,23,21,23,28,25,21,26,20,15,25,24,18,17,20,16,17,20,26,19,29,27,24,22,30,23,18,19,18,20,22,21,19,22,25,21,24,23,18,26,16,23,19,22,18,17,19,17,17,19,21,20,24,27,22,22,18,21,24,18,17,25,24,16,19,18,23,23,24,29,26,18,18,18,14,14,18,19,17,17,21,20,25,18,15,17,17,24,12,26,14,17,22,26,24,26,23,18,19,22,19,25,23,22,25,19,25,25,23,27,26,22,26,20,22,24,23,23,17,25,24,24,19,18,21,22,21,14,23,24,20,19,22,22,21,24,20,20,31,21,18,14,18,27,19,22,19,20,21,23,22,17,20,18,30,20,17,17,22,25,23,21,24,20,19,27,21,20,20,17,16,19,14,17,24,23,22,24,24,24,22,26,26,21,24,24,23,22,23,24,27,26,19,20,23,19,24,25,18,18,28,24,22,20,20,21,23,20,21,15,15,16,
16,22,17,21,20,19,19,15,16,20,24,24,25,18,20,24,21,22,21,25,26,15,16,17,15,24,16,28,27,17,26,17,28,22,25,19,24,24,22,22,26,17,20,26,23,24,20,25,26,26,27,22,21,17,27,20,19,19,18,21,20,22,23,26,29,26,23,22,24,23,17,24,21,21,18,21,20,23,18,22,22,23,24,24,22,18,19,19,19,22,19,21,20,20,19,23,20,26,21,26,23,21,21,18,25,18,25,19,24,18,24,24,24,29,26,26,29,19,19,19,20,19,21,21,22,19,25,21,19,18,17,22,17,27,16,17,16,25,22,24,20,18,19,24,26,21,23,20,22,26,26,24,23,22,27,28,23,21,20,25,26,21,23,24,25,25,19,21,21,22,24,21,29,26,20,22,20,25,26,25,21,13,21,19,19,18,19,28,15,19,22,22,21,22,13,18,17,16,30,18,20,16,19,20,21,24,25,21,21,28,21,24,19,19,27,17,18,23,28,25,27,23,23,25,21,20,21,22,24,22,24,19,21,24,19,29,25,18,23,22,24,20,19,17,17,20,20,23,20,21,21,21,21,22,16,16,
21,21,18,21,20,20,18,16,17,17,26,25,26,19,24,25,21,24,25,26,20,25,27,26,20,25,16,29,28,26,30,26,22,23,23,22,25,18,14,22,21,19,22,19,25,28,28,28,21,27,21,21,31,30,18,28,26,24,18,21,21,24,24,21,30,23,22,23,27,24,25,25,20,21,27,23,21,21,23,23,22,23,20,24,19,18,16,20,17,20,21,23,21,22,23,23,23,22,21,24,23,23,21,15,24,16,26,22,19,19,19,22,25,28,29,28,30,29,20,21,23,21,20,21,19,24,27,21,17,17,18,21,21,25,17,28,17,20,26,24,23,23,25,25,24,23,27,23,22,23,27,24,24,27,28,27,23,22,19,26,26,24,23,21,19,23,23,20,22,23,21,22,14,28,25,23,19,19,20,26,22,19,26,22,22,17,20,18,16,21,22,22,22,24,13,17,26,16,17,26,22,19,20,23,18,21,24,20,20,19,21,26,20,20,20,30,27,17,26,25,26,23,24,24,21,21,21,19,25,21,25,20,21,28,18,27,27,25,19,26,17,21,26,20,18,19,26,22,21,21,22,20,25,24,24,17,
27,23,22,25,24,23,24,17,20,18,27,21,29,26,22,22,25,25,24,26,26,20,28,17,22,20,22,26,29,29,29,29,26,23,21,23,22,21,18,16,19,23,23,16,23,19,29,28,18,19,21,31,32,32,29,29,26,24,24,23,23,25,25,25,23,23,22,25,27,24,25,24,22,22,24,28,23,24,23,17,22,22,20,24,20,23,17,17,21,18,23,23,22,24,24,23,24,24,22,25,26,26,21,16,16,20,22,26,25,22,20,20,34,30,29,30,28,28,24,24,24,22,27,21,32,25,29,30,19,18,23,22,22,25,17,27,28,25,27,24,25,24,24,26,23,27,27,26,28,25,25,27,23,29,29,24,24,23,22,21,16,21,24,14,25,20,20,21,22,23,22,25,14,29,24,22,28,26,19,27,24,20,26,18,21,17,20,23,18,23,22,23,22,22,19,18,18,20,18,27,27,18,20,23,24,21,23,25,18,20,21,22,26,27,28,31,28,26,26,29,28,25,24,25,21,24,25,22,20,23,21,28,28,28,19,17,28,20,25,18,22,21,25,26,19,21,28,24,25,22,22,25,23,24,24,24,
28,28,22,25,27,24,23,21,24,24,27,21,23,26,23,23,25,25,24,26,27,26,24,22,25,22,23,28,26,26,30,30,24,28,27,22,20,21,24,28,27,24,18,24,20,20,30,29,30,21,22,25,32,25,31,28,28,29,30,29,29,30,25,24,24,24,30,25,23,26,22,27,22,23,23,23,25,24,22,25,23,18,22,19,21,20,21,21,19,21,21,25,23,27,22,24,24,22,24,25,25,24,27,24,21,21,22,27,27,28,25,23,21,21,26,25,29,29,32,24,24,22,25,23,22,18,31,24,29,20,25,24,27,27,24,25,27,23,22,22,25,25,25,26,24,24,27,23,22,27,25,25,26,26,26,25,20,21,25,18,24,25,23,23,23,15,16,22,23,25,23,15,15,30,25,22,23,29,27,28,23,23,26,19,18,21,20,21,21,13,19,29,28,23,25,26,19,26,21,23,27,21,21,22,26,22,27,29,21,19,21,21,25,29,29,25,24,22,25,24,28,28,24,25,24,24,23,19,25,21,24,23,23,17,20,17,17,20,20,20,24,19,25,20,18,21,27,24,28,23,23,26,24,23,25,25,
33,21,24,25,29,28,30,25,22,22,24,24,24,23,26,24,28,26,26,26,26,26,23,23,27,25,24,29,28,26,25,27,24,29,23,19,27,23,24,14,19,28,20,25,18,26,30,31,30,31,31,32,31,29,32,28,28,30,31,30,31,22,30,29,25,29,26,31,28,27,25,23,27,22,23,25,24,25,27,26,27,26,20,22,22,24,21,24,22,19,22,24,25,28,25,22,25,23,25,25,26,25,22,25,24,21,23,26,27,29,27,27,24,22,28,23,21,30,33,25,20,23,23,23,28,22,30,32,30,21,24,24,24,24,25,24,28,24,22,24,22,26,25,25,26,28,27,20,19,27,28,29,29,27,25,26,25,19,25,29,22,24,25,24,27,22,25,25,23,23,26,25,24,24,31,27,26,25,26,24,24,25,24,22,25,19,16,26,22,21,23,20,21,28,25,26,16,26,25,27,26,22,23,22,24,24,28,25,22,21,22,22,30,25,30,22,25,28,26,23,29,29,26,23,22,21,24,27,26,25,26,25,23,20,30,23,17,19,22,20,25,21,19,26,19,23,23,22,28,25,22,28,26,24,23,25,
33,31,23,24,26,29,30,25,25,27,25,29,24,29,28,27,29,28,27,28,26,26,27,26,27,23,24,25,29,26,27,27,31,29,24,23,21,25,15,18,23,28,28,25,25,23,28,27,24,33,31,32,30,30,26,31,31,27,32,31,22,22,25,27,30,30,26,28,27,29,26,24,28,29,23,35,25,24,33,27,28,28,20,20,31,23,23,29,20,26,21,22,23,24,28,25,25,21,26,27,29,23,23,26,26,22,29,25,27,31,31,26,27,23,28,29,26,31,30,33,33,27,31,26,24,20,22,20,23,20,24,24,22,24,21,19,29,25,26,27,23,29,27,23,27,27,16,28,25,20,28,27,27,27,26,29,22,23,23,20,29,31,24,27,23,24,24,22,26,27,22,28,27,26,26,25,28,25,27,25,25,26,23,31,21,16,16,31,27,21,28,28,21,24,26,22,27,27,27,20,27,27,22,24,22,21,23,17,23,22,22,24,24,23,20,22,23,28,25,24,27,26,26,30,24,22,23,28,21,26,28,26,24,24,19,23,19,26,26,26,21,24,24,28,26,30,24,25,23,24,24,23,23,25,24,24,
32,24,24,22,26,28,29,30,26,26,27,36,29,28,27,23,31,29,27,31,26,27,27,30,28,28,18,27,26,28,29,29,31,32,30,22,22,25,22,16,15,24,25,22,25,27,24,24,28,26,33,26,32,33,27,32,24,22,27,32,25,28,25,26,23,30,26,31,30,23,21,26,26,26,22,29,33,25,27,27,30,28,31,31,32,25,29,20,31,33,23,22,24,26,25,28,26,26,22,21,29,30,25,24,25,23,29,26,25,31,25,28,26,27,26,29,28,29,21,26,32,26,32,27,26,22,27,21,26,26,26,21,23,25,21,30,29,24,23,27,28,27,30,23,29,23,27,25,25,26,29,29,27,30,27,30,29,28,24,20,20,28,29,27,24,26,28,26,26,21,27,22,29,27,27,25,26,26,28,24,26,26,24,24,26,27,28,30,32,22,25,27,29,28,24,23,23,23,28,27,26,26,22,28,22,25,25,24,24,24,23,26,24,24,24,20,20,24,29,27,26,26,26,27,30,22,23,22,28,27,22,29,25,22,25,28,31,26,23,27,29,21,26,20,29,30,25,26,22,25,23,26,24,23,26,23,
33,29,23,31,26,28,29,26,28,35,26,36,26,25,26,24,30,26,33,28,32,32,30,33,29,24,18,30,27,30,28,29,30,23,30,25,23,21,27,27,18,15,32,25,27,28,26,26,25,17,33,24,25,21,29,28,24,32,23,27,27,28,27,27,25,26,26,32,29,32,24,23,23,38,23,34,34,27,27,25,29,30,29,32,31,29,31,32,21,33,31,32,24,31,27,27,27,32,31,30,22,30,34,25,23,26,28,28,27,28,26,24,23,28,31,27,29,19,23,23,24,32,32,28,27,29,22,26,26,26,27,27,22,28,30,31,32,26,32,28,28,21,30,28,29,27,23,29,22,31,27,26,25,26,30,31,30,30,24,27,21,26,25,32,30,27,27,31,24,27,24,25,22,29,27,25,27,25,26,24,26,27,26,22,25,32,31,31,24,24,27,31,25,26,30,24,27,28,23,20,27,26,26,25,25,22,24,25,26,25,23,29,28,25,28,28,21,26,25,31,31,27,27,27,25,26,23,28,29,28,22,22,22,25,28,28,25,31,28,24,31,24,23,25,21,30,30,31,26,22,24,22,26,21,25,24,
32,32,29,29,31,27,23,31,33,29,34,37,27,30,26,28,33,26,33,32,35,33,32,34,32,29,19,29,30,29,29,33,28,33,23,24,26,27,28,30,18,33,32,33,36,24,28,28,29,27,18,19,28,21,24,33,32,25,31,32,27,28,26,27,27,27,26,27,28,28,24,28,26,27,39,36,26,30,28,26,33,32,31,28,27,29,33,31,33,32,33,29,33,33,28,33,29,28,32,31,31,33,28,26,25,23,30,29,27,27,21,22,23,22,28,29,20,20,19,23,22,23,33,33,28,29,30,29,24,24,28,28,28,22,22,31,28,24,27,29,29,32,33,20,22,25,30,27,22,27,32,26,29,31,31,31,32,28,30,29,28,26,27,27,26,30,22,29,24,23,24,26,21,23,28,26,27,26,25,27,28,24,30,21,22,32,31,32,26,25,30,25,27,28,25,27,28,27,29,29,26,24,25,24,25,26,28,24,27,26,24,27,27,29,28,23,23,21,28,27,31,32,22,28,25,29,26,24,24,28,20,22,22,23,23,23,24,27,32,31,24,24,26,27,26,25,25,22,27,24,23,24,22,22,23,26,
29,26,30,30,31,28,27,25,24,28,30,36,32,24,31,28,23,34,34,21,36,34,35,30,33,28,22,29,33,30,30,33,32,34,25,29,24,28,23,28,31,26,25,35,33,33,29,29,33,29,29,29,28,25,34,34,28,29,30,34,29,29,27,28,29,26,28,29,27,25,24,28,26,25,26,37,29,25,29,29,32,29,31,29,30,30,31,38,34,35,34,32,33,32,34,29,29,30,28,29,37,32,33,24,25,27,31,25,28,28,26,22,22,29,23,31,29,27,20,20,30,25,31,26,22,27,30,30,28,24,25,26,22,23,23,31,32,29,35,29,30,22,34,22,22,26,31,26,27,29,30,27,27,29,24,27,32,33,31,31,30,29,27,27,27,27,29,23,25,32,33,27,23,22,24,28,28,27,26,27,28,24,24,21,22,25,33,32,20,22,19,26,26,28,28,27,28,27,26,29,25,33,25,26,25,26,24,27,25,27,29,28,29,30,30,23,29,22,25,28,29,23,28,24,32,23,30,23,25,24,21,31,23,22,25,25,24,28,28,22,32,25,24,32,24,27,27,25,22,26,26,25,26,22,23,24,
30,34,26,27,32,32,25,25,24,30,34,38,33,34,25,32,28,29,26,35,30,36,29,22,34,31,22,21,22,32,31,31,36,33,34,27,32,31,27,33,29,28,37,36,35,20,34,29,35,32,32,29,28,35,28,35,27,30,33,34,28,29,29,31,25,28,27,25,28,25,25,25,26,24,26,25,33,26,30,30,34,31,30,32,30,31,31,38,35,30,35,34,33,33,33,33,25,31,29,24,22,37,22,35,24,28,25,24,26,29,27,23,22,29,30,26,31,32,21,26,21,21,28,31,32,23,29,29,26,29,28,25,22,24,23,32,24,29,25,23,33,31,33,24,23,31,29,27,28,31,28,28,28,24,28,32,26,31,21,29,27,30,31,29,29,31,30,24,24,33,25,24,27,29,25,26,28,27,26,25,27,27,25,25,26,31,31,24,23,24,22,34,27,29,28,29,27,28,30,30,26,26,34,26,34,26,27,25,27,28,30,32,29,30,30,25,24,27,30,25,30,26,26,26,26,25,24,27,21,26,27,28,32,28,26,26,26,28,28,27,22,29,21,28,33,27,30,26,25,23,23,25,28,27,26,24,
30,34,27,32,27,36,26,25,29,28,34,36,28,23,23,30,33,33,27,35,23,30,23,23,23,31,31,24,23,29,26,32,36,34,34,29,32,31,31,33,34,28,33,37,30,29,33,21,31,30,33,31,31,29,34,31,28,25,30,28,28,29,27,29,30,27,24,25,24,22,22,26,29,22,25,29,32,33,34,30,35,35,32,31,31,30,28,32,34,30,31,31,33,34,33,34,25,27,30,25,34,22,23,35,24,24,29,27,25,25,25,30,30,31,31,28,27,28,33,25,26,26,26,35,36,25,34,30,31,27,29,27,26,26,24,36,26,25,27,26,34,33,34,27,33,28,29,27,28,31,30,33,29,30,27,28,29,25,33,21,21,30,31,31,29,27,30,22,21,27,25,25,21,25,29,30,29,28,28,26,27,29,26,26,31,27,32,27,24,24,29,33,33,31,29,29,29,29,27,31,30,28,35,33,27,28,27,29,30,31,31,32,32,33,27,26,34,28,28,27,23,27,27,24,30,33,30,28,29,23,28,26,28,24,29,27,25,26,28,23,22,22,22,24,28,30,30,31,27,25,24,27,25,28,26,27,
33,30,33,33,25,26,27,26,28,29,28,29,34,30,24,28,31,33,28,26,26,31,26,24,31,24,27,27,29,29,28,29,30,34,35,36,28,32,30,27,30,31,30,33,29,30,32,33,25,32,29,33,30,35,35,27,30,25,25,27,30,29,32,34,30,27,27,27,26,24,30,29,23,23,31,27,34,33,33,34,31,36,27,31,26,31,30,29,35,35,34,32,33,40,34,32,26,26,31,31,29,29,31,36,36,26,26,28,25,27,36,29,31,31,32,30,33,31,26,33,27,28,28,25,36,26,35,35,31,32,29,31,37,30,28,38,34,28,26,30,35,31,34,33,29,29,36,32,28,32,31,33,37,31,34,29,29,23,34,28,25,30,30,28,28,30,31,28,30,23,24,26,26,25,26,32,30,24,28,28,29,24,27,28,25,32,27,26,29,30,30,29,34,29,27,35,30,30,28,33,32,32,28,26,29,30,29,27,31,30,29,30,32,27,28,27,29,25,27,33,24,24,27,28,29,27,34,33,30,28,24,29,31,31,28,30,27,29,24,29,29,29,22,24,38,25,29,28,29,26,28,26,26,26,28,28,
33,32,30,34,26,32,28,25,28,34,29,33,32,35,31,28,31,38,29,29,38,27,28,31,26,32,34,27,24,29,29,30,31,34,31,38,35,29,28,31,30,28,28,32,31,30,33,35,26,27,30,32,31,32,29,28,29,31,29,28,33,33,36,36,34,32,30,28,31,29,29,28,30,33,32,28,30,24,33,34,34,33,31,33,38,34,31,31,29,32,31,34,33,35,39,35,27,27,33,29,30,25,30,37,37,26,24,34,27,35,36,28,31,29,32,34,26,32,33,37,31,31,29,24,26,33,35,31,32,29,30,33,32,32,26,27,39,28,31,35,35,28,33,34,31,30,29,31,29,28,28,29,30,34,34,32,30,34,29,24,24,22,22,22,30,30,32,28,30,34,23,24,31,26,27,29,31,32,28,28,28,32,25,26,28,25,27,32,30,29,31,30,30,30,28,28,29,31,30,28,28,28,33,28,29,29,29,24,30,29,29,34,29,33,28,25,31,35,34,34,28,28,27,31,30,30,30,29,26,28,29,29,30,29,30,28,29,28,30,25,30,33,37,37,30,26,30,32,29,30,31,28,28,27,27,28,
34,32,32,27,31,33,29,32,33,27,35,33,28,34,31,33,29,34,37,30,28,29,28,32,27,27,34,34,26,29,31,35,35,34,32,31,27,29,30,29,29,29,31,36,32,31,32,29,27,28,31,27,32,35,25,35,29,31,32,30,30,36,33,39,35,33,33,31,24,27,32,30,30,31,33,36,30,28,35,25,34,32,30,33,32,31,39,32,33,32,35,31,32,36,34,39,32,32,33,31,30,32,26,25,26,37,25,35,38,28,27,28,29,29,30,31,27,27,39,38,32,26,26,29,29,28,32,36,31,32,31,33,34,32,33,28,30,32,32,36,31,29,33,30,31,31,31,29,30,29,33,30,30,35,34,31,35,35,28,25,29,24,30,24,30,33,32,33,31,27,25,30,37,32,29,29,33,31,32,36,29,35,32,35,26,26,36,28,33,33,32,31,30,31,30,29,31,30,29,33,28,29,29,27,29,27,29,30,26,28,31,29,30,32,33,26,35,31,35,29,29,27,28,27,30,31,29,30,33,35,32,31,30,28,32,31,34,29,31,28,33,33,38,37,33,31,33,31,34,31,29,30,29,29,28,29,
29,31,33,33,30,32,28,32,33,33,34,34,34,33,34,30,30,34,38,37,32,29,30,38,28,37,34,31,34,27,34,29,36,32,33,30,29,28,29,34,31,30,29,33,33,32,33,31,31,33,28,29,35,36,41,38,36,34,32,31,34,35,34,39,39,36,33,31,32,28,29,31,31,30,31,30,37,34,25,30,25,22,30,31,33,31,40,31,34,29,31,35,33,33,35,32,29,32,33,30,29,32,29,26,31,36,29,27,36,38,28,31,34,35,30,29,34,28,29,39,33,37,33,26,27,29,27,32,31,32,32,35,33,32,30,32,31,30,33,29,29,31,35,34,34,32,31,29,30,30,31,33,30,35,35,35,28,27,32,29,29,29,25,29,24,27,32,34,35,34,36,31,39,28,29,33,30,32,29,32,33,30,36,32,24,23,24,34,34,34,36,33,31,28,30,29,32,30,30,31,34,34,35,28,35,28,28,30,28,27,34,38,28,29,33,31,34,33,32,26,30,28,28,28,27,31,31,29,29,32,29,32,28,32,36,34,35,29,33,29,30,38,36,33,39,32,35,34,33,32,31,31,28,30,29,29,
32,29,34,35,35,31,31,26,35,36,35,35,34,34,33,33,31,29,32,39,32,35,29,26,38,29,33,32,33,29,33,30,31,30,32,32,32,30,32,29,33,33,36,31,36,33,31,31,31,33,34,33,34,30,34,34,34,39,35,32,36,31,37,39,40,37,35,37,32,34,37,34,32,32,31,31,35,35,26,26,24,23,32,37,36,34,35,32,33,36,32,30,28,34,30,35,28,30,30,33,30,34,30,27,31,36,35,34,28,33,38,33,33,30,30,35,29,34,33,34,32,30,33,31,26,29,29,29,34,36,33,28,33,31,31,31,29,29,30,29,30,35,36,30,33,33,35,36,30,30,31,39,30,30,36,36,30,32,30,25,26,26,30,30,24,28,32,32,35,39,36,27,35,30,29,35,35,32,31,32,32,31,32,32,30,32,24,30,35,35,34,29,33,32,29,36,29,35,31,31,33,30,32,32,36,29,29,28,30,29,28,33,28,28,27,34,35,35,34,28,31,32,26,28,28,28,27,27,33,29,33,33,33,29,34,36,34,30,30,30,34,38,38,29,39,33,33,36,32,33,31,31,33,31,31,32,
31,34,33,28,33,37,32,26,31,30,30,35,34,35,34,34,31,36,35,35,35,36,37,33,32,32,38,33,33,32,31,36,36,31,33,38,32,34,33,32,34,31,37,37,29,37,39,33,33,37,32,33,31,35,35,35,36,33,41,29,42,38,38,36,35,34,36,36,37,35,38,34,32,34,35,33,35,33,31,27,31,31,33,40,32,35,36,37,33,33,37,31,33,29,37,37,37,39,38,30,33,34,34,29,28,30,35,34,29,33,25,33,33,37,32,31,32,37,37,38,35,37,35,31,32,27,30,30,26,33,39,36,35,34,31,32,37,34,33,30,29,34,35,30,34,35,33,38,36,31,31,31,38,30,31,31,28,28,28,29,30,31,33,31,30,32,29,36,35,39,32,40,34,31,30,27,27,39,39,39,32,33,37,36,35,31,25,25,26,35,36,29,32,34,32,30,36,36,33,33,33,29,29,37,32,31,32,29,32,29,34,31,33,30,36,37,36,35,35,32,31,32,32,36,29,29,28,34,32,30,33,26,36,33,32,36,36,34,31,31,35,35,32,30,29,26,34,30,33,33,31,31,33,34,30,32,
33,26,32,34,32,37,36,34,34,35,31,30,32,35,35,37,35,35,34,35,36,36,34,34,33,31,38,31,34,36,38,37,33,37,38,40,38,33,43,34,35,34,33,38,37,37,38,38,31,34,33,37,30,35,32,31,36,38,37,34,42,33,39,42,37,35,35,35,32,37,35,36,38,34,35,34,35,32,34,31,32,32,34,35,34,38,33,37,36,30,37,30,31,32,29,31,38,38,39,32,31,37,30,34,31,31,35,35,37,34,27,34,34,32,32,30,32,36,38,40,39,36,36,36,32,35,34,28,27,27,37,36,38,36,32,32,34,39,37,32,35,35,35,33,31,35,31,32,31,33,32,41,32,31,34,32,33,36,38,31,31,31,33,32,33,33,32,28,27,28,32,27,34,32,34,34,28,29,34,36,33,32,41,31,32,33,32,32,29,37,33,30,33,30,34,35,34,30,37,33,32,32,30,30,39,38,32,34,33,38,34,33,35,30,35,34,36,37,35,33,29,34,36,37,32,31,29,29,35,36,28,33,27,34,38,37,36,34,30,37,37,36,32,32,30,32,27,31,30,30,34,32,34,35,35,31,
34,35,35,36,32,33,30,35,32,35,31,31,35,37,36,34,37,35,35,35,34,39,32,31,34,32,39,31,31,36,36,36,35,37,38,41,41,33,34,35,35,34,34,39,36,38,36,38,38,37,32,36,30,30,32,33,35,38,32,30,35,35,28,32,37,29,36,37,37,27,39,37,35,36,32,33,36,32,35,31,33,35,37,35,35,35,36,36,35,37,33,30,37,33,36,39,31,36,39,38,39,38,37,35,36,35,35,38,38,28,28,29,33,30,33,35,33,33,36,40,36,36,36,37,37,33,30,29,28,40,37,37,38,29,32,33,38,35,37,35,36,38,34,34,33,30,32,36,32,33,32,43,32,32,32,33,33,33,28,33,31,32,31,32,30,31,28,36,28,35,28,31,35,36,31,35,32,35,35,32,33,43,42,38,34,35,32,33,31,32,33,37,36,31,31,36,33,36,38,32,35,33,38,30,33,38,38,39,37,38,35,33,40,34,35,37,37,38,34,32,33,35,34,37,32,36,35,30,36,36,29,29,30,36,35,36,36,34,29,40,37,37,39,35,35,36,33,31,31,33,33,28,34,35,35,37,
29,33,34,36,33,35,31,31,38,37,39,32,35,32,33,35,32,35,36,35,37,35,37,38,36,32,35,33,31,40,36,37,35,36,42,41,41,41,34,39,36,37,34,33,38,37,30,35,34,39,31,32,37,29,33,34,33,36,34,39,35,31,30,39,31,37,33,38,38,32,38,37,36,38,37,35,33,33,37,31,36,34,37,36,39,36,36,37,39,36,35,32,30,38,36,37,43,39,36,31,34,38,42,36,34,34,36,37,40,33,40,33,33,31,30,31,35,38,35,36,35,37,36,37,34,33,35,31,42,41,43,39,28,30,30,33,37,36,38,34,37,31,35,35,35,34,31,38,37,33,31,33,36,36,34,35,34,34,35,35,42,30,35,34,31,31,33,37,36,35,35,30,32,43,34,32,31,35,36,36,33,32,32,34,43,35,35,37,31,32,40,36,34,36,33,36,34,44,37,36,34,35,34,34,34,36,35,38,37,37,41,35,41,40,40,35,36,35,32,36,34,36,35,39,36,37,37,37,36,37,39,30,36,31,37,36,36,33,30,31,32,45,39,37,33,36,34,34,35,34,37,37,34,35,35,36,
30,33,36,36,36,38,39,32,32,37,38,37,39,36,35,32,31,39,36,35,34,34,33,33,35,33,34,38,38,31,33,38,36,39,44,45,42,39,41,40,40,36,36,38,34,38,40,39,38,38,32,33,32,35,30,34,34,37,31,31,35,31,31,32,37,30,34,31,35,31,42,31,38,32,37,35,34,38,36,37,40,37,36,37,38,38,35,36,36,37,34,35,39,37,33,40,44,36,41,35,35,37,36,42,32,41,42,37,39,33,34,32,33,32,40,39,32,39,36,36,37,30,37,37,33,36,36,36,36,40,37,43,35,31,31,39,37,41,39,37,33,31,33,34,35,35,33,39,32,38,32,34,35,37,35,37,36,36,31,38,35,32,36,34,34,33,32,31,38,37,35,35,33,32,30,29,30,32,37,36,35,33,34,34,35,35,35,43,38,40,38,34,37,33,34,34,36,34,36,45,34,35,37,35,39,38,35,38,43,40,37,40,36,34,37,36,37,34,35,35,35,39,39,37,37,40,37,36,36,37,32,36,37,37,33,40,40,37,34,32,35,38,45,40,36,33,35,35,37,37,36,37,34,34,34,35,
42,35,33,32,34,38,41,40,41,36,33,38,37,38,37,33,38,37,31,41,42,37,38,36,34,34,34,43,37,33,32,35,35,40,34,43,44,42,40,41,35,41,38,37,39,40,40,38,39,38,32,33,34,35,36,32,35,29,34,32,33,32,32,31,38,32,34,33,34,31,44,33,37,39,32,35,34,36,40,37,38,38,40,42,38,36,40,35,40,33,35,40,31,40,38,38,40,34,36,37,36,36,37,33,42,42,36,35,39,33,35,33,34,41,41,39,33,33,34,37,41,31,35,38,36,38,37,37,42,39,34,43,43,36,31,33,39,42,36,35,35,33,34,35,36,36,34,36,38,33,33,31,35,35,33,37,35,36,33,32,37,37,36,30,35,33,36,35,32,31,36,33,41,33,40,31,30,35,35,37,38,34,36,37,44,36,45,36,43,38,40,38,37,33,34,35,36,35,37,37,37,36,35,36,38,37,39,38,35,41,41,43,41,40,36,36,39,39,35,38,38,39,39,37,37,40,42,37,37,35,32,33,37,38,37,40,36,40,38,32,34,33,41,41,35,34,36,35,38,37,38,37,36,38,36,35,
42,41,36,32,35,44,39,45,38,35,37,36,40,36,39,42,39,38,31,39,42,39,42,39,38,36,38,37,42,34,33,33,36,35,38,44,37,44,36,41,35,36,42,37,34,42,37,39,37,37,35,32,30,34,33,33,32,36,37,35,34,36,34,33,39,42,36,38,34,35,44,44,37,39,42,36,37,37,36,40,41,42,35,42,43,40,36,35,36,35,36,35,32,32,38,31,38,43,36,38,33,36,40,35,40,40,37,38,34,34,39,39,39,35,41,39,39,32,34,38,39,39,43,35,34,39,36,41,42,37,34,35,35,37,36,36,41,43,35,37,35,35,34,36,36,34,35,41,39,37,33,38,33,36,37,37,37,36,33,31,36,37,37,38,37,34,32,36,30,31,30,38,36,38,42,38,40,32,37,35,37,37,37,37,38,37,46,47,45,44,40,41,36,39,38,38,39,36,41,42,37,36,36,37,39,40,40,33,41,36,42,39,42,40,37,38,37,39,39,36,39,40,42,40,37,44,43,39,39,31,39,35,34,34,37,39,40,41,41,38,39,35,37,36,36,35,36,36,38,35,39,38,37,39,35,36,
39,37,38,42,40,42,45,39,39,36,35,37,40,37,39,45,42,43,34,34,44,39,39,36,35,39,39,42,43,40,38,32,36,34,37,37,41,37,37,36,36,36,37,38,36,42,42,35,36,38,35,34,31,33,34,38,34,48,35,32,34,36,35,34,35,42,37,36,35,37,36,32,41,38,40,41,35,38,36,37,40,41,41,36,36,32,36,43,35,35,35,37,36,33,36,39,39,45,38,36,37,37,35,38,38,40,41,42,35,34,35,35,38,36,37,37,40,30,32,40,39,33,41,43,36,42,42,41,38,36,37,34,34,42,37,39,32,44,36,39,38,35,37,37,36,36,34,37,40,37,34,39,40,34,35,35,35,37,38,33,32,37,38,37,40,35,36,37,38,32,39,38,33,39,39,39,40,41,36,36,36,37,35,38,38,41,41,36,39,39,37,41,41,39,38,38,41,40,39,41,43,43,37,37,36,38,36,34,42,33,36,35,38,40,39,38,33,42,40,36,38,38,37,42,38,40,38,39,37,35,40,37,35,39,34,39,40,40,40,39,37,40,37,38,36,36,37,38,38,38,37,38,39,40,39,36,
35,39,38,42,41,36,41,40,40,38,41,39,41,38,38,45,45,43,38,42,42,35,40,38,38,40,41,39,43,41,39,40,38,39,39,42,41,40,38,41,36,36,39,38,38,43,40,37,38,34,35,37,37,34,37,45,47,48,33,33,44,36,35,34,35,35,39,37,37,38,36,37,37,32,39,42,39,39,40,38,42,41,42,38,37,37,35,40,35,36,38,37,42,41,33,36,34,39,35,38,37,37,38,37,39,39,41,35,36,40,39,35,41,37,37,41,43,39,38,43,40,38,41,42,40,39,41,42,39,39,38,39,36,35,42,32,40,38,38,40,39,36,41,37,36,36,36,43,42,41,35,37,40,34,41,36,42,41,40,43,33,38,38,38,44,36,35,37,35,32,38,36,35,35,41,36,37,42,37,36,37,34,38,37,39,39,41,48,46,45,46,40,42,42,39,42,42,41,42,41,42,39,38,37,39,37,35,36,37,38,33,33,40,39,39,40,40,40,34,35,40,38,39,38,38,38,40,40,34,33,36,40,37,35,39,35,40,40,39,40,37,40,41,40,38,37,37,39,41,41,40,38,37,41,42,40,
35,37,39,39,41,36,43,43,36,39,39,39,41,42,40,35,44,45,38,44,38,41,36,38,37,38,39,42,46,44,48,41,39,40,39,38,40,37,35,39,40,36,41,39,40,37,35,36,38,39,35,39,37,37,41,35,44,37,44,34,45,45,33,36,36,35,35,40,42,36,40,35,42,47,37,40,41,42,39,40,39,43,43,38,33,36,34,38,37,36,42,39,42,42,35,36,35,38,38,39,40,42,37,38,40,37,37,43,39,37,38,33,37,41,38,43,43,42,36,35,34,34,40,38,42,39,40,41,43,42,37,40,37,32,43,34,38,41,39,43,36,42,37,41,35,40,36,41,43,37,43,38,38,41,41,37,40,42,42,40,38,39,37,43,44,42,36,43,34,35,38,39,36,37,39,43,36,44,37,35,37,41,37,37,37,39,36,35,48,38,42,37,40,39,44,39,39,42,40,43,42,42,44,37,35,37,37,37,38,39,41,34,41,41,37,39,40,38,35,35,37,39,39,39,39,39,41,35,40,34,39,37,38,40,36,39,39,41,41,40,42,37,38,39,40,39,42,39,43,41,43,42,41,42,41,41,
36,39,38,39,41,37,43,38,37,42,40,39,40,35,35,40,41,38,35,39,39,42,38,39,39,46,39,35,44,44,40,40,40,38,40,42,43,36,43,37,38,41,37,39,44,38,36,37,39,39,39,41,42,43,42,45,46,42,44,38,46,46,43,40,37,40,36,41,40,41,41,37,35,37,42,41,41,43,41,38,39,40,43,43,35,37,39,35,39,39,43,43,37,35,35,35,40,36,41,41,40,37,40,39,40,35,37,38,40,39,38,44,34,40,39,38,44,38,39,38,38,38,37,39,40,43,41,43,43,44,43,35,32,32,32,35,36,34,45,42,40,39,38,38,37,35,37,36,42,38,34,34,43,39,41,40,44,40,43,40,45,44,44,37,44,44,35,43,41,44,39,37,38,38,41,43,44,37,45,40,41,38,42,38,39,40,40,37,37,43,43,39,39,40,39,40,41,43,35,44,43,39,42,43,44,40,36,38,45,38,40,35,38,37,37,39,40,39,37,38,38,42,41,40,40,37,43,42,36,41,40,38,45,41,41,41,41,40,40,43,43,41,41,40,41,44,39,41,39,41,41,41,42,43,41,41,
40,37,42,42,39,40,37,42,39,37,37,41,35,41,35,36,41,39,36,40,42,48,48,39,44,45,44,44,36,45,42,40,41,40,44,42,43,42,37,43,39,44,43,38,44,44,43,35,36,40,41,42,42,42,43,43,46,43,42,39,39,46,43,43,41,42,41,44,45,42,42,43,41,37,42,41,42,44,42,39,40,40,37,40,39,40,41,39,45,38,40,40,38,40,40,41,37,36,39,40,37,38,42,40,37,38,38,42,39,42,42,41,44,40,41,41,39,39,38,39,39,39,39,41,40,45,44,40,43,36,44,33,42,33,41,38,37,38,45,40,40,40,39,39,42,35,37,38,38,38,37,43,43,46,40,46,43,45,41,41,41,44,45,45,38,45,45,38,35,43,44,38,37,42,38,38,44,42,40,39,39,39,42,43,41,40,38,38,38,38,42,47,39,39,43,36,41,44,36,36,39,43,43,44,45,42,42,43,45,45,36,41,35,37,38,39,37,40,39,39,38,42,41,43,43,38,41,44,43,41,38,42,46,42,41,42,36,38,41,41,43,42,42,44,40,43,44,45,40,41,42,42,42,40,41,43,
38,42,40,42,40,41,39,43,39,37,38,43,42,36,40,37,44,40,43,43,42,45,42,48,41,40,46,37,38,35,42,42,41,39,41,44,44,42,42,49,45,46,45,39,39,44,44,43,39,43,41,42,39,43,38,39,41,49,43,39,38,41,44,41,46,43,39,43,39,45,41,39,43,40,41,42,44,43,44,40,39,41,41,38,47,41,43,39,40,38,46,39,41,41,40,37,39,40,37,37,37,39,42,43,46,37,39,38,37,44,48,43,41,39,40,41,38,38,40,39,40,39,40,44,38,46,43,41,40,36,37,35,42,43,41,37,39,46,42,46,44,36,39,39,40,44,44,38,38,39,37,45,44,36,45,40,43,43,42,42,46,40,45,46,45,42,47,39,40,37,39,39,39,43,43,40,38,41,40,39,37,41,38,43,41,44,40,40,40,45,45,43,44,42,44,45,38,45,37,37,40,42,45,44,45,43,43,40,44,45,39,37,42,44,36,38,45,39,39,40,41,42,42,41,42,40,45,42,43,41,42,43,43,43,39,41,38,37,41,42,45,44,43,42,43,44,44,45,46,43,42,42,42,45,42,43,
40,43,41,40,39,41,42,43,37,39,40,40,44,42,40,39,41,46,40,41,43,44,41,49,46,40,40,43,41,41,41,42,42,43,40,44,41,46,44,49,46,46,44,45,45,45,44,44,40,39,37,39,39,39,40,43,40,45,49,46,37,46,41,39,46,39,42,43,41,43,42,41,40,40,40,40,43,44,39,45,43,40,42,44,38,41,41,43,43,43,46,40,40,50,41,42,40,43,44,38,39,39,43,39,41,42,42,40,40,44,48,46,41,40,41,41,44,42,39,41,41,40,41,40,38,46,44,41,40,41,42,44,36,43,46,40,41,47,47,39,38,44,42,42,36,45,41,44,42,43,37,37,43,37,45,47,45,42,48,43,44,40,46,40,37,38,37,38,40,35,40,37,43,40,44,44,41,45,42,40,38,41,39,42,43,41,42,40,40,44,45,42,45,44,43,45,47,46,37,49,41,48,45,45,42,44,44,44,44,42,44,38,43,42,37,44,46,47,39,43,43,40,40,42,40,41,45,45,45,45,39,44,40,39,39,42,42,42,41,41,41,45,43,45,44,43,45,46,47,45,43,42,45,43,46,45,
41,41,41,43,42,42,40,40,40,39,41,41,42,43,38,39,46,39,46,43,45,44,43,42,41,41,42,42,42,39,42,43,42,42,43,43,43,41,44,46,46,46,45,45,46,45,41,44,39,41,40,42,43,44,44,43,44,44,43,40,41,45,46,40,39,46,40,46,42,41,44,45,41,42,42,41,43,41,44,39,45,43,42,41,41,40,46,44,42,44,49,47,50,49,43,43,39,47,39,44,39,39,41,36,47,42,40,41,42,46,41,47,42,46,41,45,46,42,39,43,51,43,42,42,42,42,44,49,41,43,38,42,40,45,46,41,45,42,46,41,44,39,39,42,45,42,41,44,43,43,43,49,37,46,42,47,48,42,43,48,47,41,41,41,41,48,37,39,44,44,41,41,42,43,40,42,44,41,39,42,42,44,41,39,42,41,41,43,45,45,39,46,42,42,44,46,45,45,45,44,40,43,47,41,45,44,47,42,46,44,42,44,48,49,51,51,43,48,45,44,48,41,42,42,42,41,41,39,46,39,42,42,41,41,40,42,41,42,42,42,45,47,38,44,42,46,45,44,48,47,42,45,44,44,43,43,
44,47,48,47,44,41,41,43,40,40,48,44,43,46,44,39,46,46,40,42,48,44,45,46,43,40,41,45,39,39,41,43,42,46,42,44,41,43,43,45,46,47,47,46,40,43,46,48,42,42,41,43,44,43,41,44,42,41,44,41,45,47,46,46,41,39,42,41,46,47,41,42,43,42,47,43,45,44,42,41,43,45,42,39,40,45,39,47,47,44,49,49,42,43,43,45,41,41,44,46,36,40,41,36,41,44,44,41,44,46,41,44,42,46,47,42,45,44,41,42,52,53,43,43,45,41,43,46,43,45,44,38,41,39,45,44,44,46,42,47,45,40,48,44,45,46,46,40,42,48,44,48,38,42,45,39,48,46,41,43,44,44,43,42,38,42,38,44,45,37,43,42,40,43,41,39,45,45,40,40,41,42,42,42,41,47,40,48,42,44,45,40,43,43,44,42,46,47,45,45,45,46,42,50,44,44,45,43,46,44,44,43,40,50,42,51,45,45,48,45,48,43,47,44,41,41,43,44,42,40,43,42,42,40,40,39,42,43,42,42,47,42,42,45,46,43,47,42,48,48,43,46,44,46,45,45,
48,48,48,46,48,49,41,43,45,41,41,48,50,44,46,46,46,45,41,43,41,48,46,47,43,45,41,45,41,40,41,41,46,47,44,43,42,44,43,49,47,48,48,43,42,44,43,43,42,42,45,40,46,45,42,42,47,46,45,45,41,47,45,43,46,41,43,43,43,42,41,43,43,42,45,47,46,42,43,43,45,45,46,42,42,41,43,40,40,43,44,48,44,50,42,46,42,42,48,42,45,47,41,42,43,40,44,47,42,46,42,42,48,47,47,42,45,45,48,41,41,53,53,45,46,40,47,46,43,45,46,45,42,39,45,44,45,45,44,43,47,47,42,44,45,44,46,41,43,46,44,46,39,45,41,44,47,47,44,44,43,42,45,40,40,39,45,42,40,44,44,44,42,40,42,41,46,45,45,41,44,43,41,43,41,48,41,45,44,45,48,44,45,40,44,42,42,38,48,46,46,45,42,43,43,44,42,46,45,45,45,43,43,47,51,42,44,44,49,46,45,43,45,42,43,46,45,43,42,42,42,44,44,43,43,41,39,45,40,41,42,42,44,49,49,44,44,44,42,45,47,48,45,45,45,45,
48,48,46,42,50,50,41,44,47,46,42,41,42,48,47,46,48,43,48,45,45,42,48,47,45,44,44,43,43,44,42,43,41,47,46,44,44,44,43,43,46,41,44,51,43,43,44,44,43,45,41,41,43,45,43,43,48,43,47,44,43,46,45,45,48,44,41,41,43,46,44,46,44,43,43,46,42,42,43,45,41,45,42,45,43,44,43,43,44,44,44,45,49,44,42,43,43,39,43,49,44,43,47,46,40,43,45,47,41,44,46,46,42,47,47,48,48,49,47,42,41,53,44,46,40,41,42,42,43,44,45,44,43,45,41,45,46,41,44,43,48,43,43,48,44,48,45,43,42,46,50,45,42,46,43,48,45,47,45,43,45,41,40,43,44,45,45,43,41,46,42,43,41,41,41,46,48,44,44,42,43,44,43,42,42,44,47,46,45,45,46,49,49,49,40,42,44,45,38,40,47,45,44,41,42,44,43,44,42,42,42,44,47,45,48,46,44,40,45,47,45,46,41,45,46,43,47,42,43,43,44,42,42,44,42,42,40,40,42,43,43,42,47,52,47,50,43,50,46,44,48,48,46,44,45,44,
47,43,49,48,44,51,45,41,45,45,46,41,43,49,50,48,49,48,46,45,43,43,44,45,45,45,43,43,44,44,43,43,43,42,42,42,45,42,43,47,44,45,45,43,44,47,41,44,42,41,46,44,42,42,45,46,44,48,45,46,45,43,44,45,47,47,48,42,44,47,45,47,46,47,46,44,41,42,46,46,42,42,43,44,49,45,43,44,44,44,45,45,44,45,43,44,44,44,44,51,44,44,45,45,42,45,47,46,47,42,48,48,47,46,46,46,49,44,45,47,47,42,46,45,46,41,49,46,43,46,46,45,50,47,46,45,48,42,45,47,47,43,39,50,49,45,48,42,43,43,45,41,42,50,43,41,46,46,45,44,44,47,43,45,44,45,46,46,42,45,43,48,47,46,42,45,48,47,46,48,43,44,44,43,43,47,47,45,47,48,47,49,50,50,41,47,42,45,42,40,40,42,42,42,44,44,44,42,43,48,43,44,48,49,48,47,45,51,45,47,47,46,47,45,46,45,44,43,44,45,45,45,42,45,43,46,43,47,42,45,46,47,43,52,52,45,46,47,47,49,46,49,48,47,45,46,
47,48,44,45,47,47,48,42,46,50,46,50,45,40,49,49,44,50,47,43,44,46,47,48,49,44,44,44,46,44,43,46,45,44,44,45,45,43,43,47,45,45,44,45,39,41,47,42,42,45,42,43,45,41,46,47,46,45,46,45,42,43,46,50,48,47,48,46,45,45,46,44,44,48,47,42,41,44,43,43,45,46,45,45,49,47,44,45,42,45,45,45,45,45,46,44,45,44,46,46,47,47,47,43,44,46,46,47,46,42,42,42,42,47,48,43,46,48,45,45,49,46,44,45,47,44,48,47,47,42,48,46,49,50,47,46,49,50,47,46,39,40,48,43,45,49,45,49,45,43,48,42,42,41,45,43,41,43,41,46,48,49,49,50,44,44,47,48,43,43,49,46,45,46,46,44,47,47,46,47,48,45,45,45,48,48,47,49,45,47,47,47,48,48,49,49,48,51,40,44,41,43,45,50,44,49,43,46,44,44,45,49,49,50,47,49,49,51,45,48,44,47,47,46,48,47,43,46,43,45,48,45,47,47,47,45,44,48,46,47,48,45,44,43,43,46,46,41,45,50,50,46,46,47,47,45,
48,50,45,46,48,48,44,44,45,43,51,50,49,41,47,46,45,48,48,42,44,40,45,48,45,45,44,48,47,47,41,46,46,47,44,45,46,47,44,45,48,46,49,49,40,47,42,46,45,45,45,46,44,47,46,43,42,48,46,48,43,43,43,46,46,48,47,47,47,46,49,49,45,48,49,50,43,45,44,44,42,46,45,46,48,50,47,47,48,43,43,51,46,45,46,45,45,49,46,47,47,46,45,45,44,45,46,47,45,46,42,47,43,45,43,43,46,45,46,46,49,47,47,45,44,45,50,49,42,42,46,43,45,51,48,45,49,49,48,48,40,45,49,48,46,43,45,46,48,44,47,47,48,46,44,44,42,43,42,47,44,44,45,51,48,44,48,48,46,44,43,42,45,46,47,47,50,49,50,47,47,47,45,42,42,48,48,49,47,47,52,48,49,47,50,51,50,51,42,48,41,48,45,46,48,51,47,47,47,47,47,45,51,51,47,47,50,49,46,46,48,45,45,49,47,48,46,45,47,39,46,48,49,48,47,48,47,49,45,46,44,46,46,47,44,52,48,42,46,43,49,49,47,48,46,46,
47,49,43,46,47,45,49,45,44,44,49,47,45,49,52,47,46,47,48,47,43,41,48,45,49,52,46,47,43,45,49,49,46,49,45,47,46,46,43,46,48,46,48,47,50,49,48,48,46,45,44,47,44,48,44,43,49,44,47,49,48,47,46,47,47,50,46,46,50,47,50,45,46,46,49,49,45,44,47,47,43,47,46,46,44,46,50,47,51,47,44,52,51,50,46,52,49,47,48,47,47,48,46,47,47,47,47,47,46,46,45,46,48,45,50,47,47,46,47,47,46,47,47,46,50,47,47,46,47,50,42,48,50,47,48,46,46,50,50,45,44,48,45,49,49,48,47,46,48,45,45,44,48,46,47,48,44,48,42,43,48,44,45,50,48,46,44,44,51,49,45,43,45,47,46,48,48,48,50,47,48,49,50,49,49,50,46,47,51,48,47,48,48,51,47,52,52,49,51,46,44,45,48,45,45,51,48,48,48,47,49,46,49,50,48,45,51,49,46,47,46,46,44,48,48,48,47,47,47,49,50,48,49,48,47,50,48,50,49,45,45,47,49,48,48,46,46,48,44,48,49,49,49,48,47,47,
48,50,44,46,47,47,44,46,45,49,49,49,46,50,52,47,47,47,48,49,48,48,51,49,48,52,47,48,50,48,49,49,46,49,50,47,47,47,45,46,45,47,50,50,48,50,48,49,48,46,45,46,49,48,48,47,49,44,49,46,46,47,46,42,46,41,47,45,45,48,50,50,48,47,49,48,49,45,45,45,47,49,51,47,44,45,49,46,51,47,47,49,52,52,49,46,48,51,48,52,50,47,47,48,48,46,47,48,45,46,49,45,44,45,45,46,48,45,46,47,50,49,48,49,46,50,48,45,49,50,51,46,51,47,49,46,49,49,46,47,48,46,50,46,50,47,47,49,48,48,51,44,50,46,47,50,50,51,43,43,49,49,46,45,48,50,49,45,49,50,46,46,50,46,44,48,49,47,49,49,50,46,50,46,49,44,50,48,48,49,48,48,54,53,49,51,51,50,50,51,51,51,45,47,47,50,50,48,48,48,46,49,50,48,48,46,45,51,47,48,47,52,47,46,46,52,49,49,49,45,50,47,48,48,48,49,52,48,51,48,44,47,44,50,46,44,47,45,48,48,50,50,48,49,51,48,
48,45,44,50,44,47,45,46,49,46,47,49,50,47,47,52,48,48,48,48,48,49,46,48,47,47,51,48,48,50,46,50,50,51,49,53,51,51,46,48,46,47,47,53,48,49,51,46,49,48,47,46,50,47,48,50,45,49,45,47,47,48,51,45,46,42,47,47,50,46,50,50,49,52,50,50,49,52,46,49,47,45,45,47,44,44,49,50,47,49,48,48,53,49,49,52,49,52,50,51,50,49,49,48,49,51,48,49,46,48,47,50,45,45,50,51,49,46,45,53,48,49,50,45,49,50,49,48,50,50,51,51,52,46,50,47,50,50,51,47,49,51,49,51,45,47,49,49,48,48,48,51,49,45,52,48,51,46,51,44,51,49,48,50,45,45,50,46,47,48,51,46,49,50,47,48,50,47,51,49,48,49,47,50,48,47,51,48,49,49,49,51,50,54,52,47,51,53,51,50,51,51,51,42,50,50,50,50,49,50,48,46,49,50,48,47,49,47,48,49,47,54,45,47,46,52,47,47,51,49,48,48,50,48,52,51,48,51,51,52,49,49,46,49,49,51,45,47,48,46,49,48,46,51,50,51,
47,46,49,51,45,45,46,47,47,47,48,51,49,49,51,48,53,49,46,48,48,48,47,49,47,48,47,52,47,49,53,47,47,50,52,54,53,52,53,49,47,49,49,49,51,49,52,49,47,48,47,48,49,47,48,48,51,48,47,51,48,48,49,48,51,53,47,49,51,49,51,46,49,47,51,48,51,49,51,52,50,46,48,51,45,46,49,50,51,54,50,49,50,51,49,49,53,49,50,50,51,52,52,52,48,49,48,48,49,50,47,50,51,52,45,52,48,47,50,50,53,48,50,50,46,48,49,49,51,50,52,48,48,45,49,49,48,51,51,51,49,51,49,51,49,46,46,47,46,47,51,49,49,50,49,53,52,50,50,50,53,48,49,49,46,46,50,44,48,47,45,49,50,50,47,49,49,50,49,51,50,51,48,51,48,47,53,50,48,49,50,53,52,55,49,52,49,52,51,52,50,49,49,43,47,49,50,48,50,52,50,50,47,49,48,49,52,49,47,46,47,48,55,48,52,51,48,47,50,50,46,49,52,47,49,47,45,47,50,48,50,50,48,49,50,50,50,50,46,51,50,46,51,51,50,51,
47,48,50,51,49,49,50,47,47,48,50,49,51,49,52,49,49,50,48,46,48,52,52,50,49,50,51,51,50,55,54,49,47,49,50,50,54,53,51,51,46,49,49,51,52,49,46,52,48,49,48,49,53,50,48,51,51,47,54,54,52,52,52,54,52,50,49,50,47,53,51,47,54,50,49,52,47,51,51,50,51,50,49,46,47,47,52,51,50,52,55,52,51,50,50,54,47,52,54,50,52,53,50,54,50,50,50,51,49,49,48,51,53,52,51,46,52,49,49,49,52,49,48,47,47,52,47,49,47,52,49,51,49,49,50,50,48,51,51,52,51,52,51,53,50,50,46,48,47,46,47,50,50,50,50,52,50,52,54,47,50,52,51,47,46,47,46,51,50,50,46,46,54,50,49,48,49,51,50,51,48,50,50,50,49,49,46,53,50,49,49,49,53,53,53,53,49,52,51,50,51,52,51,51,47,49,51,49,49,53,50,53,51,51,52,48,51,49,50,56,52,51,48,51,52,49,51,52,50,52,51,52,48,48,50,46,50,46,50,52,50,50,49,48,48,50,51,47,51,51,52,53,51,51,50,50,
48,53,53,49,50,49,51,51,50,49,54,52,49,49,48,54,52,49,50,49,49,51,50,51,50,51,49,51,51,51,57,48,50,49,48,54,53,54,47,53,47,52,49,49,51,52,51,51,49,49,49,49,50,48,51,52,50,48,52,48,53,52,53,54,53,52,51,51,48,52,53,54,51,50,47,48,50,48,51,49,52,50,49,48,47,46,46,49,51,51,50,52,51,49,51,51,51,53,52,51,50,52,52,52,50,51,48,50,52,50,51,49,52,53,53,48,49,52,50,50,52,49,46,51,47,52,50,50,50,53,51,53,52,52,54,51,51,49,51,52,53,50,50,52,52,51,48,49,47,47,47,51,51,51,52,48,51,50,51,48,50,52,52,52,52,51,51,47,53,53,52,53,55,55,52,50,49,48,49,52,48,51,53,51,48,51,48,47,48,48,50,49,49,50,53,50,52,53,50,50,51,51,53,51,50,50,56,49,53,48,51,53,49,50,49,49,51,46,50,51,54,53,53,52,52,52,52,51,50,53,52,47,52,48,49,49,49,49,51,51,50,51,49,49,49,50,52,48,49,49,53,52,52,51,49,51,
47,48,49,52,49,52,52,52,50,52,54,51,53,50,49,54,52,51,51,51,53,51,53,51,49,51,50,52,51,53,57,50,50,50,53,51,54,55,48,47,51,51,51,52,52,53,53,52,48,54,52,50,50,49,49,55,54,52,49,52,56,46,52,50,51,52,51,52,50,54,54,55,52,52,50,48,49,52,50,52,53,54,53,52,54,54,49,49,53,49,49,50,52,52,51,49,52,48,53,53,51,53,50,51,52,51,50,50,52,51,52,52,50,52,51,51,50,53,51,50,50,52,51,47,48,49,50,49,50,54,53,54,52,53,51,50,52,51,51,52,53,50,51,52,52,51,48,58,52,48,48,50,50,55,50,51,53,52,52,52,51,51,49,54,53,52,49,50,48,54,50,54,52,55,50,54,50,52,51,52,50,49,54,54,48,47,51,46,50,53,57,51,50,52,55,49,51,52,55,50,52,53,51,53,50,51,50,58,57,52,52,54,50,53,54,51,51,47,50,51,51,53,54,51,53,54,53,51,53,50,51,52,50,55,54,48,51,52,51,51,54,51,56,53,54,50,51,51,51,50,51,53,51,49,53,52,
48,52,51,54,54,50,52,52,51,53,49,56,53,53,52,54,51,56,51,52,52,51,49,50,51,51,52,56,53,52,53,54,49,59,53,54,52,50,48,48,48,51,52,52,54,53,51,51,48,54,56,51,51,52,50,52,53,50,50,50,54,47,48,52,53,53,51,58,51,52,54,55,56,53,50,49,54,51,51,53,51,49,51,52,52,54,50,49,52,49,49,51,52,51,51,50,49,52,52,51,53,51,53,56,51,54,53,51,50,52,53,50,53,50,51,51,51,54,50,57,52,53,52,48,51,54,50,49,51,49,55,53,52,54,52,54,51,51,54,52,53,54,48,53,52,51,52,50,53,53,52,51,53,51,52,52,52,48,48,53,53,51,52,53,53,50,50,51,50,50,50,52,52,50,55,56,54,54,50,52,54,50,54,54,55,49,53,51,54,53,57,55,51,52,50,54,52,53,55,55,53,53,53,53,53,52,51,52,57,57,47,54,55,55,55,52,50,52,48,52,52,55,55,54,51,54,54,50,56,53,50,49,54,56,55,50,56,53,53,50,48,49,52,54,51,51,52,51,54,51,54,51,52,50,53,54,
55,53,51,51,52,52,53,50,54,56,56,53,54,53,55,55,55,54,52,50,53,53,50,54,52,51,53,50,55,52,52,52,50,53,52,52,57,54,53,50,49,53,55,56,53,52,50,53,51,53,52,54,50,52,55,51,53,54,51,53,54,54,49,54,52,49,54,58,58,51,51,55,52,48,54,51,55,54,51,50,50,50,50,50,51,55,49,51,51,50,52,52,52,53,51,52,50,53,53,53,55,54,56,51,52,51,53,53,53,55,55,51,51,52,49,50,53,55,55,55,51,53,53,52,50,54,55,52,51,58,56,54,54,53,51,50,56,52,56,53,54,57,52,52,52,53,51,53,52,54,51,54,54,53,53,54,52,54,53,52,53,53,52,54,53,53,53,51,52,49,51,53,53,50,51,56,56,53,55,52,54,54,53,51,52,54,53,55,54,56,53,58,55,52,50,53,54,51,57,53,54,55,55,57,55,52,53,53,53,58,50,55,55,53,53,54,49,52,52,53,53,53,54,52,54,53,52,52,55,56,55,53,53,55,55,50,50,53,54,56,50,51,53,51,57,52,51,50,53,54,55,50,50,51,50,54,
51,54,53,51,53,54,53,50,52,54,54,54,54,53,55,55,56,55,52,55,54,53,54,52,55,53,52,53,52,55,54,53,53,53,54,52,53,55,54,56,51,51,58,56,55,56,54,51,56,54,53,55,56,54,56,53,55,55,54,52,53,55,55,54,51,50,52,58,57,54,55,52,56,56,56,54,51,54,51,53,51,52,51,51,53,52,51,52,52,51,53,52,52,53,56,55,54,51,51,53,55,55,56,51,52,57,55,54,54,52,56,55,52,53,51,53,52,55,55,54,59,51,51,52,52,50,51,55,51,57,52,52,55,56,53,51,52,53,54,52,55,53,53,51,53,53,55,53,53,54,53,54,53,53,53,53,52,52,54,54,55,53,54,56,54,56,55,53,53,55,53,51,51,52,51,52,56,54,53,54,55,55,52,52,56,52,54,55,55,52,51,52,55,53,51,53,53,51,55,55,55,54,55,55,58,50,53,53,56,53,52,49,56,53,53,55,49,58,54,53,51,54,55,56,52,52,54,52,52,56,53,54,55,54,51,53,50,49,49,53,56,50,53,52,52,53,54,53,52,53,52,51,51,51,53,51,
52,53,51,51,51,53,53,52,56,55,54,55,52,54,56,56,54,56,57,56,57,55,53,55,53,54,54,54,53,51,55,54,55,53,53,53,53,57,52,56,52,54,54,55,58,56,55,52,53,54,53,57,56,55,53,53,55,56,57,55,52,54,58,57,56,51,54,55,53,52,54,53,53,53,54,53,54,55,52,56,54,52,55,52,51,55,52,55,52,52,54,55,56,53,54,56,54,51,52,51,52,55,55,57,52,53,53,54,54,52,52,53,53,55,54,51,56,55,54,53,54,52,51,54,54,51,54,55,55,53,52,53,52,51,53,52,54,52,52,53,54,54,54,54,52,53,55,52,55,53,54,54,56,53,56,53,52,53,54,54,53,57,56,53,55,55,55,50,55,55,54,55,55,52,51,55,53,55,51,55,57,54,50,53,50,58,51,55,52,56,55,55,59,53,53,56,55,54,55,54,55,53,57,58,58,52,50,54,51,55,55,52,51,54,54,58,50,53,53,53,56,52,50,51,56,57,53,55,54,53,53,53,54,54,56,56,51,51,51,56,58,58,57,51,57,56,56,53,55,52,51,52,54,53,53,53,
55,53,54,55,56,53,52,55,56,57,56,56,56,53,54,55,54,57,54,56,57,55,54,57,56,54,57,55,54,52,52,53,57,55,54,54,57,54,57,55,55,53,54,54,55,55,54,53,52,57,54,54,58,55,54,55,56,54,55,57,56,55,59,57,55,53,54,53,53,53,55,53,53,53,55,55,55,56,54,57,57,55,54,56,52,57,53,52,53,53,53,55,53,55,54,53,55,52,56,55,57,57,54,54,53,54,57,56,55,54,56,57,54,56,57,53,57,55,55,53,55,54,54,54,55,55,54,54,57,55,53,55,53,55,52,54,55,55,53,53,54,54,53,56,55,56,56,57,54,53,53,55,56,54,53,57,54,53,53,56,56,55,56,55,56,55,56,52,53,55,56,57,57,57,54,54,54,54,56,54,55,54,51,52,52,52,52,55,54,55,55,55,57,57,56,55,56,56,56,55,56,54,56,54,59,53,56,55,52,52,53,54,56,52,55,56,58,53,54,56,56,56,53,56,57,57,58,53,56,52,55,52,54,57,55,55,56,55,53,56,55,57,53,52,57,55,56,55,55,55,52,53,54,54,55,53,
56,56,56,54,55,56,54,54,56,56,55,56,56,54,55,57,55,56,57,57,56,54,56,54,55,56,58,55,55,56,55,54,54,55,55,57,57,55,57,56,54,53,55,56,56,55,55,54,53,58,53,55,55,55,56,56,56,58,56,55,55,55,57,55,56,56,53,54,54,53,55,54,56,56,54,56,54,57,56,54,55,56,54,55,54,54,56,54,54,54,54,54,58,54,56,53,55,52,53,55,55,57,58,55,56,55,57,54,57,55,54,54,55,55,57,58,55,55,53,54,55,55,57,57,55,55,56,54,58,56,56,57,55,54,54,56,55,53,56,55,57,55,54,54,55,55,57,58,57,53,57,56,56,58,55,53,57,55,57,56,57,58,56,55,55,57,56,53,53,57,57,55,57,54,57,56,52,53,54,54,57,53,56,53,54,53,53,54,54,57,56,57,57,58,54,55,55,57,56,54,57,56,56,55,55,56,54,55,55,53,56,54,57,56,57,55,58,55,55,55,57,54,55,57,55,57,56,58,53,56,57,57,58,58,56,56,58,53,53,57,55,55,57,57,58,57,56,55,57,57,56,57,55,56,57,58,
58,58,57,55,57,56,56,57,57,58,56,56,55,57,56,55,56,56,58,58,57,55,55,55,55,56,57,56,58,56,56,56,56,55,56,58,57,59,56,54,54,55,56,55,58,54,57,54,60,58,54,54,55,57,57,58,58,55,56,56,53,55,56,55,53,58,55,54,56,54,55,56,57,56,55,59,57,55,58,56,55,55,57,56,56,55,57,54,54,57,57,57,56,58,55,54,55,53,54,53,57,55,56,58,56,58,55,56,55,59,59,54,55,58,56,58,55,56,56,55,58,56,58,57,57,58,57,56,54,59,58,58,55,54,57,55,57,53,55,56,54,56,57,56,54,56,56,59,58,58,54,57,55,54,58,58,58,57,55,58,57,56,57,57,55,55,58,55,58,58,55,56,52,56,55,57,55,56,54,55,55,54,54,55,53,56,55,56,56,59,55,55,55,57,58,59,55,57,56,59,53,58,57,56,55,56,55,57,57,56,57,56,54,54,57,56,58,55,56,54,56,58,59,56,56,58,55,55,54,57,57,59,53,59,57,58,57,56,58,57,56,56,56,58,57,57,55,56,55,56,57,58,57,58,58,58,
58,55,58,56,57,56,57,58,58,59,57,57,57,56,58,56,56,55,53,58,58,58,56,55,59,54,55,57,56,59,58,56,59,56,57,56,55,53,57,58,55,58,58,57,58,58,58,56,60,59,55,54,57,60,59,57,58,58,58,56,56,54,58,55,54,55,58,56,57,55,55,58,57,57,56,59,57,56,56,56,55,58,57,56,57,55,55,55,58,58,58,56,57,55,54,58,56,54,55,55,56,54,57,57,57,56,58,56,56,56,55,56,56,59,56,58,57,55,57,55,59,55,57,55,59,59,56,55,55,59,60,57,58,54,57,57,58,57,55,55,55,54,56,57,56,54,54,54,57,58,59,58,56,55,55,58,58,56,57,58,57,57,58,57,57,57,56,56,59,57,59,55,58,55,58,56,56,56,55,57,55,58,56,57,55,58,55,58,61,59,58,56,57,58,57,59,60,53,61,56,57,58,56,55,58,57,56,55,58,57,56,55,59,55,55,57,58,57,56,56,56,56,59,56,56,55,57,56,55,59,58,53,54,59,58,58,59,58,56,57,58,57,57,54,56,54,57,57,56,58,57,58,58,58,59,58,
56,56,56,58,58,56,58,59,58,57,57,58,59,56,56,57,58,58,56,57,59,57,56,57,57,54,54,56,56,57,57,57,57,56,59,60,56,54,56,60,58,58,59,57,56,58,59,58,57,58,56,58,58,56,56,59,58,59,60,59,57,57,57,57,59,58,56,57,57,56,57,57,60,59,57,58,59,58,57,57,56,58,57,60,56,55,59,56,57,58,58,58,59,60,55,56,58,57,56,55,58,60,58,58,57,57,59,59,56,57,57,56,57,57,56,57,55,56,56,56,59,60,58,57,59,58,58,60,56,58,58,55,56,55,57,56,56,56,56,56,56,56,60,59,59,58,54,55,59,55,57,60,59,57,59,58,57,61,57,58,58,58,59,60,59,57,61,56,57,57,54,56,56,56,59,58,56,60,56,57,56,58,57,57,56,57,60,59,61,58,56,59,57,62,60,59,59,55,54,54,57,58,56,56,60,58,56,57,58,55,57,55,59,58,60,59,58,58,57,57,56,56,56,59,57,57,57,56,56,59,57,54,58,61,59,59,62,59,59,59,59,58,57,57,57,58,61,56,59,60,59,58,56,59,58,59,
57,57,60,58,59,58,56,59,58,60,58,56,59,56,57,57,59,58,58,58,59,57,57,57,57,58,58,55,59,59,58,58,58,57,59,56,57,58,57,58,59,58,60,60,58,58,57,58,59,55,60,58,59,57,57,56,60,58,58,59,59,57,58,60,58,58,59,58,59,59,57,57,59,58,59,58,57,56,56,57,59,59,60,58,57,57,57,59,57,58,55,59,58,57,57,60,59,60,57,57,58,60,57,57,56,58,58,57,57,58,55,57,60,56,59,57,57,58,57,58,60,60,58,57,58,58,58,57,57,57,59,58,56,60,58,57,59,57,57,59,58,59,59,58,60,60,57,59,60,56,58,60,58,59,56,60,59,59,61,59,58,58,60,60,58,58,58,59,56,56,59,56,55,56,59,59,59,61,56,56,57,59,59,58,59,58,61,61,57,58,56,57,58,59,58,61,59,58,58,59,58,59,58,57,57,58,58,58,58,59,56,56,57,59,58,59,59,59,58,60,56,56,57,60,62,59,57,57,57,57,59,58,58,56,57,56,63,60,60,57,56,60,58,56,58,58,60,58,57,58,58,57,57,58,58,60,
59,57,58,60,59,57,59,57,58,59,57,56,57,58,58,57,59,59,57,62,58,59,60,58,58,58,59,59,60,58,60,59,59,58,57,60,57,60,58,58,60,60,61,59,58,59,57,57,59,59,59,58,58,58,58,57,61,59,61,60,57,59,60,58,57,58,59,59,59,58,59,60,58,58,57,60,60,58,58,60,59,58,58,62,59,58,60,60,58,59,58,56,57,57,58,57,60,58,58,59,58,59,59,58,60,57,61,61,58,58,59,56,57,57,61,59,59,57,60,58,59,57,61,58,56,60,58,58,59,58,58,57,59,63,61,59,58,58,58,58,56,58,59,61,59,61,60,60,59,63,57,59,58,60,59,60,58,58,59,58,60,59,60,59,58,57,58,62,57,58,58,57,59,59,58,59,59,59,60,57,59,57,59,59,59,61,59,57,58,59,57,57,60,58,59,59,60,59,59,58,59,59,58,61,58,57,58,58,62,58,60,57,58,60,59,61,60,59,58,61,59,59,61,59,62,60,61,61,57,57,60,60,58,57,60,57,57,57,57,61,56,61,58,59,57,58,58,60,58,58,59,61,58,60,59,60,
59,59,62,60,59,59,58,58,59,58,60,58,57,59,59,59,59,57,58,59,62,61,58,60,59,59,60,58,62,61,61,61,60,58,59,58,59,60,59,59,59,58,61,58,59,59,58,60,57,60,61,59,60,62,58,57,59,58,60,59,61,61,60,59,58,60,60,60,59,60,59,60,60,59,61,63,60,58,61,60,57,59,61,62,60,58,61,61,59,59,59,60,60,61,58,59,59,59,59,61,58,58,58,60,60,61,60,61,59,60,59,58,57,58,61,60,60,58,59,58,58,60,61,59,61,61,61,59,59,58,59,58,61,58,63,60,59,59,59,59,57,58,59,59,59,59,58,60,58,60,61,58,61,61,62,60,58,61,60,59,61,58,62,60,58,59,59,59,58,58,59,59,59,57,59,58,61,59,62,59,61,60,58,60,59,60,59,59,60,58,58,58,58,60,59,59,57,58,59,60,58,58,59,62,61,59,58,60,63,60,57,60,60,59,61,60,62,60,59,60,60,58,58,58,59,59,59,62,60,59,60,60,58,58,58,61,59,58,59,59,58,59,59,58,58,61,61,60,59,60,60,59,59,60,61,59,
62,61,63,60,61,59,61,59,60,62,59,62,60,60,59,60,60,58,60,61,60,61,60,61,60,61,61,59,62,61,59,58,60,59,60,59,61,60,60,59,62,59,59,59,58,60,60,60,61,58,59,60,63,63,60,59,59,60,60,60,59,59,60,60,61,59,61,60,59,60,61,61,59,60,62,60,63,59,61,62,60,60,61,58,58,58,58,60,60,61,62,59,60,59,61,60,59,59,61,61,60,58,60,60,61,60,61,60,59,61,60,59,58,59,62,62,61,60,60,60,63,59,59,62,60,60,61,60,61,59,59,61,61,61,58,59,60,59,60,59,58,58,58,60,61,60,59,58,60,59,59,59,58,58,60,59,61,59,62,60,60,59,60,61,58,60,60,60,59,60,59,61,60,60,59,60,61,59,63,58,62,59,59,60,60,60,61,60,59,60,60,59,62,61,61,60,60,59,60,60,59,59,58,61,62,60,59,60,58,58,60,59,61,60,60,60,59,61,60,60,58,60,61,59,60,60,60,59,60,59,62,60,61,59,61,60,62,59,61,60,59,60,62,61,61,58,60,61,60,60,61,61,61,58,61,60,
62,61,62,59,60,61,61,60,61,62,60,62,62,61,59,61,60,59,60,61,61,62,60,60,63,59,62,60,61,62,60,61,60,61,61,60,59,62,59,63,61,60,60,61,60,59,60,62,60,61,59,61,61,61,60,61,59,60,60,61,60,61,61,61,60,61,61,61,60,60,63,62,61,59,62,62,60,60,61,61,60,61,61,60,61,59,59,61,60,62,60,60,62,61,61,60,61,61,60,60,61,60,61,59,59,64,60,61,60,60,61,60,61,60,63,63,62,61,60,60,62,63,62,61,62,61,63,62,61,61,62,59,61,61,62,61,61,61,59,63,60,59,61,60,61,61,60,61,61,59,61,60,59,61,62,61,62,60,60,62,61,61,60,62,62,59,61,63,62,61,61,60,61,60,59,62,61,62,61,61,60,60,61,60,61,61,62,60,61,60,59,61,62,60,62,61,60,62,61,59,60,62,59,59,62,61,59,60,61,59,59,60,59,61,60,59,61,60,62,62,59,59,60,60,60,60,60,59,60,62,60,59,61,61,61,60,63,61,62,61,62,60,60,60,61,61,60,61,59,60,60,60,62,61,59,60,
62,62,61,63,61,62,60,62,62,63,61,60,61,61,60,60,60,62,61,62,60,60,60,61,61,61,62,62,60,62,62,62,62,60,61,61,61,61,64,61,63,61,60,60,60,63,62,63,61,63,60,61,62,61,61,61,60,61,62,61,62,61,64,61,62,62,61,61,61,60,60,62,61,60,62,61,61,62,62,61,61,61,60,61,61,61,60,62,62,62,61,61,60,61,60,63,62,61,62,60,62,61,63,61,60,64,63,61,60,60,61,61,62,62,60,63,62,61,62,61,62,62,63,61,61,62,62,63,63,62,62,60,60,61,62,62,60,62,62,61,60,60,62,61,61,62,60,60,61,60,60,60,62,61,60,60,60,62,61,62,62,62,60,60,60,61,62,60,62,62,60,62,61,61,60,60,63,63,63,62,62,60,62,61,61,61,62,61,61,62,61,60,62,61,62,61,61,61,62,60,61,62,61,61,62,60,60,61,61,60,62,60,61,61,60,62,62,60,61,62,64,61,62,61,60,60,62,62,60,61,62,61,61,60,62,60,63,60,61,61,63,61,61,60,62,62,61,62,60,61,61,61,61,61,63,60,
63,63,62,62,63,62,62,63,61,62,62,61,63,61,62,62,63,63,62,62,61,61,62,61,61,61,61,61,62,61,63,62,62,62,62,62,62,62,62,61,62,63,62,63,61,63,61,62,62,62,61,61,62,62,63,63,62,61,61,61,61,61,61,63,61,62,62,63,63,61,64,63,63,62,62,63,62,62,62,61,62,61,62,63,62,62,61,63,62,61,63,61,62,64,61,63,63,61,62,61,62,61,62,61,62,62,62,61,62,62,62,61,61,62,63,63,62,63,61,63,61,63,63,61,61,61,62,63,64,62,62,61,62,62,62,61,63,61,63,62,62,62,63,63,61,62,62,61,62,62,61,61,63,62,63,61,61,61,62,61,62,62,62,62,62,62,61,62,63,63,63,61,62,61,61,62,62,64,61,61,63,61,63,62,61,62,62,62,62,63,63,62,62,63,62,63,61,62,62,62,61,64,62,63,64,63,63,64,61,61,63,62,62,63,63,63,62,62,61,64,61,62,61,62,62,63,62,61,61,62,61,64,62,61,63,61,61,62,61,62,62,62,62,61,62,61,62,62,61,62,62,63,61,61,62,62,
63,63,64,62,63,63,62,64,62,62,63,63,63,63,63,64,63,63,63,62,62,64,62,62,62,63,63,62,64,63,62,62,62,63,63,62,62,63,63,63,63,63,63,63,62,63,63,62,62,64,62,62,63,62,63,63,63,62,63,63,62,62,62,64,63,63,63,64,63,63,62,62,62,63,62,63,63,63,62,62,63,62,62,64,63,64,62,64,62,62,62,62,62,64,62,62,63,63,62,63,62,63,64,62,62,62,64,63,63,63,62,62,62,62,62,62,62,62,62,62,63,63,63,63,62,63,62,63,63,63,63,62,64,63,63,62,62,62,62,63,64,63,62,63,63,63,63,62,64,63,64,62,63,63,63,63,62,63,63,63,62,63,62,63,62,62,64,62,63,63,62,62,63,62,63,62,63,62,63,62,63,62,64,63,62,64,64,62,62,63,63,63,62,63,63,63,62,62,62,64,63,62,63,62,63,63,64,64,62,62,62,63,62,62,62,63,63,62,64,64,63,62,63,63,62,63,63,63,64,62,63,63,63,63,62,62,62,62,62,62,64,63,64,63,63,62,62,62,62,63,62,62,62,62,64,62,
63,64,63,63,63,63,64,63,63,63,64,63,63,64,64,64,63,63,64,63,63,63,63,63,64,63,64,64,63,63,63,63,63,63,64,63,64,63,64,64,63,64,63,64,63,64,64,64,63,63,63,63,64,64,63,63,63,63,64,64,63,64,63,63,63,64,63,63,63,64,63,63,63,63,63,63,63,63,64,63,63,63,64,64,63,63,63,63,63,63,64,63,63,63,63,64,63,64,64,64,64,64,63,63,63,64,63,64,63,64,63,63,63,63,63,63,64,63,64,63,63,64,64,64,63,63,63,64,63,64,63,64,64,63,63,64,63,63,64,64,63,64,64,64,63,64,64,64,63,63,63,64,64,64,64,63,63,63,63,63,63,63,64,63,63,63,64,64,64,63,64,64,63,64,63,63,63,63,64,64,63,64,63,63,64,64,63,63,63,63,63,63,63,64,63,64,63,64,63,63,63,63,64,63,64,64,63,64,64,63,63,64,64,63,63,63,63,63,63,63,63,64,64,63,63,63,63,64,63,63,63,63,63,63,63,63,64,63,63,64,63,63,63,64,64,64,64,64,63,63,63,63,64,63,64,63,
64,64,64,64,64,64,64,64,64,64,64,64,64,64,64,64,64,64,64,64,64,64,64,64,64,64,64,64,64,64,64,64,64,64,64,64,64,64,64,64,64,64,64,64,64,64,64,64,64,64,64,64,64,64,64,64,64,64,64,64,64,64,64,64,64,64,64,64,64,64,64,64,64,64,64,64,64,64,64,64,64,64,64,64,64,64,64,64,64,64,64,64,64,64,64,64,64,64,64,64,64,64,64,64,64,64,64,64,64,64,64,64,64,64,64,64,64,64,64,64,64,64,64,64,64,64,64,64,64,64,64,64,64,64,64,64,64,64,64,64,64,64,64,64,64,64,64,64,64,64,64,64,64,64,64,64,64,64,64,64,64,64,64,64,64,64,64,64,64,64,64,64,64,64,64,64,64,64,64,64,64,64,64,64,64,64,64,64,64,64,64,64,64,64,64,64,64,64,64,64,64,64,64,64,64,64,64,64,64,64,64,64,64,64,64,64,64,64,64,64,64,64,64,64,64,64,64,64,64,64,64,64,64,64,64,64,64,64,64,64,64,64,64,64,64,64,64,64,64,64,64,64,64,64,64,64,