[64, 256, 128]
0,0,0,0,0,0,0,0,0,0,0,0,0,0,0,0,0,0,0,0,0,0,0,0,0,0,0,0,0,0,0,0,0,0,0,0,0,0,0,0,0,0,0,0,0,0,0,0,0,0,0,0,0,0,0,0,0,0,0,0,0,0,0,0,0,0,0,0,0,0,0,0,0,0,0,0,0,0,0,0,0,0,0,0,0,0,0,0,0,0,0,0,0,0,0,0,0,0,0,0,0,0,0,0,0,0,0,0,0,0,0,0,0,0,0,0,0,0,0,0,0,0,0,0,0,0,0,0,0,0,0,0,0,0,0,0,0,0,0,0,0,0,0,0,0,0,0,0,0,0,0,0,0,0,0,0,0,0,0,0,0,0,0,0,0,0,0,0,0,0,0,0,0,0,0,0,0,0,0,0,0,0,0,0,0,0,0,0,0,0,0,0,0,0,0,0,0,0,0,0,0,0,0,0,0,0,0,0,0,0,0,0,0,0,0,0,0,0,0,0,0,0,0,0,0,0,0,0,0,0,0,0,0,0,0,0,0,0,0,0,0,0,0,0,0,0,0,0,0,0,0,0,0,0,0,0,
0,0,0,0,0,0,0,0,0,0,0,0,0,0,0,0,0,0,0,0,0,0,0,0,0,0,0,0,0,0,0,0,0,0,0,0,0,0,0,0,0,0,0,0,0,0,0,0,0,0,0,0,0,0,0,0,0,0,0,0,0,0,0,0,0,0,0,0,0,0,0,0,0,0,0,0,0,0,0,0,0,0,0,0,0,0,0,0,0,0,0,0,0,0,0,0,0,0,0,0,0,0,0,0,0,0,0,0,0,0,0,0,0,0,0,0,0,0,0,0,0,0,0,0,0,0,0,0,0,0,0,0,0,0,0,0,0,0,0,0,0,0,0,0,0,0,0,0,0,0,0,0,0,0,0,0,0,0,0,0,0,0,0,0,0,0,0,0,0,0,0,0,0,0,0,0,0,0,0,0,0,0,0,0,0,0,0,0,0,0,0,0,0,0,0,0,0,0,0,0,0,0,0,0,0,0,0,0,0,0,0,0,0,0,0,0,0,0,0,0,0,0,0,0,0,0,0,0,0,0,0,0,0,0,0,0,0,0,0,0,0,0,0,0,0,0,0,0,0,0,0,0,0,0,0,0,
0,0,0,0,0,0,0,0,0,0,0,0,0,0,0,0,0,0,0,0,0,0,0,0,0,0,0,0,0,0,0,0,0,0,0,0,0,0,0,0,0,0,0,0,0,0,0,0,0,0,0,0,0,0,0,0,0,0,0,0,0,0,0,0,0,0,0,0,0,0,0,0,0,0,0,0,0,0,0,0,0,0,0,0,0,0,0,0,0,0,0,0,0,0,0,0,0,0,0,0,0,0,0,0,0,0,0,0,0,0,0,0,0,0,0,0,0,0,0,0,0,0,0,0,0,0,0,0,0,0,0,0,0,0,0,0,0,0,0,0,0,0,0,0,0,0,0,0,0,0,0,0,0,0,0,0,0,0,0,0,0,0,0,0,0,0,0,0,0,0,0,0,0,0,0,0,0,0,0,0,0,0,0,0,0,0,0,0,0,0,0,0,0,0,0,0,0,0,0,0,0,0,0,0,0,0,0,0,0,0,0,0,0,0,0,0,0,0,0,0,0,0,0,0,0,0,0,0,0,0,0,0,0,0,0,0,0,0,0,0,0,0,0,0,0,0,0,0,0,0,0,0,0,0,0,0,
0,0,0,0,0,0,0,0,0,0,0,0,0,0,0,0,0,0,0,0,0,0,0,0,0,0,0,0,0,0,0,0,0,0,0,0,0,0,0,0,0,0,0,0,0,0,0,0,0,0,0,0,0,0,0,0,0,0,0,0,0,0,0,0,0,0,0,0,0,0,0,0,0,0,0,0,0,0,0,0,0,0,0,0,0,0,0,0,0,0,0,0,0,0,0,0,0,0,0,0,0,0,0,0,0,0,0,0,0,0,0,0,0,0,0,0,0,0,0,0,0,0,0,0,0,0,0,0,0,0,0,0,0,0,0,0,0,0,0,0,0,0,0,0,0,0,0,0,0,0,0,0,0,0,0,0,0,0,0,0,0,0,0,0,0,0,0,0,0,0,0,0,0,0,0,0,0,0,0,0,0,0,0,0,0,0,0,0,0,0,0,0,0,0,0,0,0,0,0,0,0,0,0,0,0,0,0,0,0,0,0,0,0,0,0,0,0,0,0,0,0,0,0,0,0,0,0,0,0,0,0,0,0,0,0,0,0,0,0,0,0,0,0,0,0,0,0,0,0,0,0,0,0,0,0,0,
0,0,0,0,0,0,0,0,0,0,0,0,0,0,0,0,0,0,0,0,0,0,0,0,0,0,0,0,0,0,0,0,0,0,0,0,0,0,0,0,0,0,0,0,0,0,0,0,0,0,0,0,0,0,0,0,0,0,0,0,0,0,0,0,0,0,0,0,0,0,0,0,0,0,0,0,0,0,0,0,0,0,0,0,0,0,0,0,0,0,0,0,0,0,0,0,0,0,0,0,0,0,0,0,0,0,0,0,0,0,0,0,0,0,0,0,0,0,0,0,0,0,0,0,0,0,0,0,0,0,0,0,0,0,0,0,0,0,0,0,0,0,0,0,0,0,0,0,0,0,0,0,0,0,0,0,0,0,0,0,0,0,0,0,0,0,0,0,0,0,0,0,0,0,0,0,0,0,0,0,0,0,0,0,0,0,0,0,0,0,0,0,0,0,0,0,0,0,0,0,0,0,0,0,0,0,0,0,0,0,0,0,0,0,0,0,0,0,0,0,0,0,0,0,0,0,0,0,0,0,0,0,0,0,0,0,0,0,0,0,0,0,0,0,0,0,0,0,0,0,0,0,0,0,0,0,
0,0,0,0,0,0,0,0,0,0,0,0,0,0,0,0,0,0,0,0,0,0,0,0,0,0,0,0,0,0,0,0,0,0,0,0,0,0,0,0,0,0,0,0,0,0,0,0,0,0,0,0,0,0,0,0,0,0,0,0,0,0,0,0,0,0,0,0,0,0,0,0,0,0,0,0,0,0,0,0,0,0,0,0,0,0,0,0,0,0,0,0,0,0,0,0,0,0,0,0,0,0,0,0,0,0,0,0,0,0,0,0,0,0,0,0,0,0,0,0,0,0,0,0,0,0,0,0,0,0,0,0,0,0,0,0,0,0,0,0,0,0,0,0,0,0,0,0,0,0,0,0,0,0,0,0,0,0,0,0,0,0,0,0,0,0,0,0,0,0,0,0,0,0,0,0,0,0,0,0,0,0,0,0,0,0,0,0,0,0,0,0,0,0,0,0,0,0,0,0,0,0,0,0,0,0,0,0,0,0,0,0,0,0,0,0,0,0,0,0,0,0,0,0,0,0,0,0,0,0,0,0,0,0,0,0,0,0,0,0,0,0,0,0,0,0,0,0,0,0,0,0,0,0,0,0,
0,0,0,0,0,0,0,0,0,0,0,0,0,0,0,0,0,0,0,0,0,0,0,0,0,0,0,0,0,0,0,0,0,0,0,0,0,0,0,0,0,0,0,0,0,0,0,0,0,0,0,0,0,0,0,0,0,0,0,0,0,0,0,0,0,0,0,0,0,0,0,0,0,0,0,0,0,0,0,0,0,0,0,0,0,0,0,0,0,0,0,0,0,0,0,0,0,0,0,0,0,0,0,0,0,0,0,0,0,0,0,0,0,0,0,0,0,0,0,0,0,0,0,0,0,0,0,0,0,0,0,0,0,0,0,0,0,0,0,0,0,0,0,0,0,0,0,0,0,0,0,0,0,0,0,0,0,0,0,0,0,0,0,0,0,0,0,0,0,0,0,0,0,0,0,0,0,0,0,0,0,0,0,0,0,0,0,0,0,0,0,0,0,0,0,0,0,0,0,0,0,0,0,0,0,0,0,0,0,0,0,0,0,0,0,0,0,0,0,0,0,0,0,0,0,0,0,0,0,0,0,0,0,0,0,0,0,0,0,0,0,0,0,0,0,0,0,0,0,0,0,0,0,0,0,0,
0,0,0,0,0,0,0,0,0,0,0,0,0,0,0,0,0,0,0,0,0,0,0,0,0,0,0,0,0,0,0,0,0,0,0,0,0,0,0,0,0,0,0,0,0,0,0,0,0,0,0,0,0,0,0,0,0,0,0,0,0,0,0,0,0,0,0,0,0,0,0,0,0,0,0,0,0,0,0,0,0,0,0,0,0,0,0,0,0,0,0,0,0,0,0,0,0,0,0,0,0,0,0,0,0,0,0,0,0,0,0,0,0,0,0,0,0,0,0,0,0,0,0,0,0,0,0,0,0,0,0,0,0,0,0,0,0,0,0,0,0,0,0,0,0,0,0,0,0,0,0,0,0,0,0,0,0,0,0,0,0,0,0,0,0,0,0,0,0,0,0,0,0,0,0,0,0,0,0,0,0,0,0,0,0,0,0,0,0,0,0,0,0,0,0,0,0,0,0,0,0,0,0,0,0,0,0,0,0,0,0,0,0,0,0,0,0,0,0,0,0,0,0,0,0,0,0,0,0,0,0,0,0,0,0,0,0,0,0,0,0,0,0,0,0,0,0,0,0,0,0,0,0,0,0,0,
0,0,0,0,0,0,0,0,0,0,0,0,0,0,0,0,0,0,0,0,0,0,0,0,0,0,0,0,0,0,0,0,0,0,0,0,0,0,0,0,0,0,0,0,0,0,0,0,0,0,0,0,0,0,0,0,0,0,0,0,0,0,0,0,0,0,0,0,0,0,0,0,0,0,0,0,0,0,0,0,0,0,0,0,0,0,0,0,0,0,0,0,0,0,0,0,0,0,0,0,0,0,0,0,0,0,0,0,0,0,0,0,0,0,0,0,0,0,0,0,0,0,0,0,0,0,0,0,0,0,0,0,0,0,0,0,0,0,0,0,0,0,0,0,0,0,0,0,0,0,0,0,0,0,0,0,0,0,0,0,0,0,0,0,0,0,0,0,0,0,0,0,0,0,0,0,0,0,0,0,0,0,0,0,0,0,0,0,0,0,0,0,0,0,0,0,0,0,0,0,0,0,0,0,0,0,0,0,0,0,0,0,0,0,0,0,0,0,0,0,0,0,0,0,0,0,0,0,0,0,0,0,0,0,0,0,0,0,0,0,0,0,0,0,0,0,0,0,0,0,0,0,0,0,0,0,
0,0,0,0,0,0,0,0,0,0,0,0,0,0,0,0,0,0,0,0,0,0,0,0,0,0,0,0,0,0,0,0,0,0,0,0,0,0,0,0,0,0,0,0,0,0,0,0,0,0,0,0,0,0,0,0,0,0,0,0,0,0,0,0,0,0,0,0,0,0,0,0,0,0,0,0,0,0,0,0,0,0,0,0,0,0,0,0,0,0,0,0,0,0,0,0,0,0,0,0,0,0,0,0,0,0,0,0,0,0,0,0,0,0,0,0,0,0,0,0,0,0,0,0,0,0,0,0,0,0,0,0,0,0,0,0,0,0,0,0,0,0,0,0,0,0,0,0,0,0,0,0,0,0,0,0,0,0,0,0,0,0,0,0,0,0,0,0,0,0,0,0,0,0,0,0,0,0,0,0,0,0,0,0,0,0,0,0,0,0,0,0,0,0,0,0,0,0,0,0,0,0,0,0,0,0,0,0,0,0,0,0,0,0,0,0,0,0,0,0,0,0,0,0,0,0,0,0,0,0,0,0,0,0,0,0,0,0,0,0,0,0,0,0,0,0,0,0,0,0,0,0,0,0,0,0,
0,0,0,0,0,0,0,0,0,0,0,0,0,0,0,0,0,0,0,0,0,0,0,0,0,0,0,0,0,0,0,0,0,0,0,0,0,0,0,0,0,0,0,0,0,0,0,0,0,0,0,0,0,0,0,0,0,0,0,0,0,0,0,0,0,0,0,0,0,0,0,0,0,0,0,0,0,0,0,0,0,0,0,0,0,0,0,0,0,0,0,0,0,0,0,0,0,0,0,0,0,0,0,0,0,0,0,0,0,0,0,0,0,0,0,0,0,0,0,0,0,0,0,0,0,0,0,0,0,0,0,0,0,0,0,0,0,0,0,0,0,0,0,0,0,0,0,0,0,0,0,0,0,0,0,0,0,0,0,0,0,0,0,0,0,0,0,0,0,0,0,0,0,0,0,0,0,0,0,0,0,0,0,0,0,0,0,0,0,0,0,0,0,0,0,0,0,0,0,0,0,0,0,0,0,0,0,0,0,0,0,0,0,0,0,0,0,0,0,0,0,0,0,0,0,0,0,0,0,0,0,0,0,0,0,0,0,0,0,0,0,0,0,0,0,0,0,0,0,0,0,0,0,0,0,0,
0,0,0,0,0,0,0,0,0,0,0,0,0,0,0,0,0,0,0,0,0,0,0,0,0,0,0,0,0,0,0,0,0,0,0,0,0,0,0,0,0,0,0,0,0,0,0,0,0,0,0,0,0,0,0,0,0,0,0,0,0,0,0,0,0,0,0,0,0,0,0,0,0,0,0,0,0,0,0,0,0,0,0,0,0,0,0,0,0,0,0,0,0,0,0,0,0,0,0,0,0,0,0,0,0,0,0,0,0,0,0,0,0,0,0,0,0,0,0,0,0,0,0,0,0,0,0,0,0,0,0,0,0,0,0,0,0,0,0,0,0,0,0,0,0,0,0,0,0,0,0,0,0,0,0,0,0,0,0,0,0,0,0,0,0,0,0,0,0,0,0,0,0,0,0,0,0,0,0,0,0,0,0,0,0,0,0,0,0,0,0,0,0,0,0,0,0,0,0,0,0,0,0,0,0,0,0,0,0,0,0,0,0,0,0,0,0,0,0,0,0,0,0,0,0,0,0,0,0,0,0,0,0,0,0,0,0,0,0,0,0,0,0,0,0,0,0,0,0,0,0,0,0,0,0,0,
0,0,0,0,0,0,0,0,0,0,0,0,0,0,0,0,0,0,0,0,0,0,0,0,0,0,0,0,0,0,0,0,0,0,0,0,0,0,0,0,0,0,0,0,0,0,0,0,0,0,0,0,0,0,0,0,0,0,0,0,0,0,0,0,0,0,0,0,0,0,0,0,0,0,0,0,0,0,0,0,0,0,0,0,0,0,0,0,0,0,0,0,0,0,0,0,0,0,0,0,0,0,0,0,0,0,0,0,0,0,0,0,0,0,0,0,0,0,0,0,0,0,0,0,0,0,0,0,0,0,0,0,0,0,0,0,0,0,0,0,0,0,0,0,0,0,0,0,0,0,0,0,0,0,0,0,0,0,0,0,0,0,0,0,0,0,0,0,0,0,0,0,0,0,0,0,0,0,0,0,0,0,0,0,0,0,0,0,0,0,0,0,0,0,0,0,0,0,0,0,0,0,0,0,0,0,0,0,0,0,0,0,0,0,0,0,0,0,0,0,0,0,0,0,0,0,0,0,0,0,0,0,0,0,0,0,0,0,0,0,0,0,0,0,0,0,0,0,0,0,0,0,0,0,0,0,
0,0,0,0,0,0,0,0,0,0,0,0,0,0,0,0,0,0,0,0,0,0,0,0,0,0,0,0,0,0,0,0,0,0,0,0,0,0,0,0,0,0,0,0,0,0,0,0,0,0,0,0,0,0,0,0,0,0,0,0,0,0,0,0,0,0,0,0,0,0,0,0,0,0,0,0,0,0,0,0,0,0,0,0,0,0,0,0,0,0,0,0,0,0,0,0,0,0,0,0,0,0,0,0,0,0,0,0,0,0,0,0,0,0,0,0,0,0,0,0,0,0,0,0,0,0,0,0,0,0,0,0,0,0,0,0,0,0,0,0,0,0,0,0,0,0,0,0,0,0,0,0,0,0,0,0,0,0,0,0,0,0,0,0,0,0,0,0,0,0,0,0,0,0,0,0,0,0,0,0,0,0,0,0,0,0,0,0,0,0,0,0,0,0,0,0,0,0,0,0,0,0,0,0,0,0,0,0,0,0,0,0,0,0,0,0,0,0,0,0,0,0,0,0,0,0,0,0,0,0,0,0,0,0,0,0,0,0,0,0,0,0,0,0,0,0,0,0,0,0,0,0,0,0,0,0,
0,0,0,0,0,0,0,0,0,0,0,0,0,0,0,0,0,0,0,0,0,0,0,0,0,0,0,0,0,0,0,0,0,0,0,0,0,0,0,0,0,0,0,0,0,0,0,0,0,0,0,0,0,0,0,0,0,0,0,0,0,0,0,0,0,0,0,0,0,0,0,0,0,0,0,0,0,0,0,0,0,0,0,0,0,0,0,0,0,0,0,0,0,0,0,0,0,0,0,0,0,0,0,0,0,0,0,0,0,0,0,0,0,0,0,0,0,0,0,0,0,0,0,0,0,0,0,0,0,0,0,0,0,0,0,0,0,0,0,0,0,0,0,0,0,0,0,0,0,0,0,0,0,0,0,0,0,0,0,0,0,0,0,0,0,0,0,0,0,0,0,0,0,0,0,0,0,0,0,0,0,0,0,0,0,0,0,0,0,0,0,0,0,0,0,0,0,0,0,0,0,0,0,0,0,0,0,0,0,0,0,0,0,0,0,0,0,0,0,0,0,0,0,0,0,0,0,0,0,0,0,0,0,0,0,0,0,0,0,0,0,0,0,0,0,0,0,0,0,0,0,0,0,0,0,0,
0,0,0,0,0,0,0,0,0,0,0,0,0,0,0,0,0,0,0,0,0,0,0,0,0,0,0,0,0,0,0,0,0,0,0,0,0,0,0,0,0,0,0,0,0,0,0,0,0,0,0,0,0,0,0,0,0,0,0,0,0,0,0,0,0,0,0,0,0,0,0,0,0,0,0,0,0,0,0,0,0,0,0,0,0,0,0,0,0,0,0,0,0,0,0,0,0,0,0,0,0,0,0,0,0,0,0,0,0,0,0,0,0,0,0,0,0,0,0,0,0,0,0,0,0,0,0,0,0,0,0,0,0,0,0,0,0,0,0,0,0,0,0,0,0,0,0,0,0,0,0,0,0,0,0,0,0,0,0,0,0,0,0,0,0,0,0,0,0,0,0,0,0,0,0,0,0,0,0,0,0,0,0,0,0,0,0,0,0,0,0,0,0,0,0,0,0,0,0,0,0,0,0,0,0,0,0,0,0,0,0,0,0,0,0,0,0,0,0,0,0,0,0,0,0,0,0,0,0,0,0,0,0,0,0,0,0,0,0,0,0,0,0,0,0,0,0,0,0,0,0,0,0,0,0,0,
0,0,0,0,0,0,0,0,0,0,0,0,0,0,0,0,0,0,0,0,0,0,0,0,0,0,0,0,0,0,0,0,0,0,0,0,0,0,0,0,0,0,0,0,0,0,0,0,0,0,0,0,0,0,0,0,0,0,0,0,0,0,0,0,0,0,0,0,0,0,0,0,0,0,0,0,0,0,0,0,0,0,0,0,0,0,0,0,0,0,0,0,0,0,0,0,0,0,0,0,0,0,0,0,0,0,0,0,0,0,0,0,0,0,0,0,0,0,0,0,0,0,0,0,0,0,0,0,0,0,0,0,0,0,0,0,0,0,0,0,0,0,0,0,0,0,0,0,0,0,0,0,0,0,0,0,0,0,0,0,0,0,0,0,0,0,0,0,0,0,0,0,0,0,0,0,0,0,0,0,0,0,0,0,0,0,0,0,0,0,0,0,0,0,0,0,0,0,0,0,0,0,0,0,0,0,0,0,0,0,0,0,0,0,0,0,0,0,0,0,0,0,0,0,0,0,0,0,0,0,0,0,0,0,0,0,0,0,0,0,0,0,0,0,0,0,0,0,0,0,0,0,0,0,0,0,
0,0,0,0,0,0,0,0,0,0,0,0,0,0,0,0,0,0,0,0,0,0,0,0,0,0,0,0,0,0,0,0,0,0,0,0,0,0,0,0,0,0,0,0,0,0,0,0,0,0,0,0,0,0,0,0,0,0,0,0,0,0,0,0,0,0,0,0,0,0,0,0,0,0,0,0,0,0,0,0,0,0,0,0,0,0,0,0,0,0,0,0,0,0,0,0,0,0,0,0,0,0,0,0,0,0,0,0,0,0,0,0,0,0,0,0,0,0,0,0,0,0,0,0,0,0,0,0,0,0,0,0,0,0,0,0,0,0,0,0,0,0,0,0,0,0,0,0,0,0,0,0,0,0,0,0,0,0,0,0,0,0,0,0,0,0,0,0,0,0,0,0,0,0,0,0,0,0,0,0,0,0,0,0,0,0,0,0,0,0,0,0,0,0,0,0,0,0,0,0,0,0,0,0,0,0,0,0,0,0,0,0,0,0,0,0,0,0,0,0,0,0,0,0,0,0,0,0,0,0,0,0,0,0,0,0,0,0,0,0,0,0,0,0,0,0,0,0,0,0,0,0,0,0,0,0,
0,0,0,0,0,0,0,0,0,0,0,0,0,0,0,0,0,0,0,0,0,0,0,0,0,0,0,0,0,0,0,0,0,0,0,0,0,0,0,0,0,0,0,0,0,0,0,0,0,0,0,0,0,0,0,0,0,0,0,0,0,0,0,0,0,0,0,0,0,0,0,0,0,0,0,0,0,0,0,0,0,0,0,0,0,0,0,0,0,0,0,0,0,0,0,0,0,0,0,0,0,0,0,0,0,0,0,0,0,0,0,0,0,0,0,0,0,0,0,0,0,0,0,0,0,0,0,0,0,0,0,0,0,0,0,0,0,0,0,0,0,0,0,0,0,0,0,0,0,0,0,0,0,0,0,0,0,0,0,0,0,0,0,0,0,0,0,0,0,0,0,0,0,0,0,0,0,0,0,0,0,0,0,0,0,0,0,0,0,0,0,0,0,0,0,0,0,0,0,0,0,0,0,0,0,0,0,0,0,0,0,0,0,0,0,0,0,0,0,0,0,0,0,0,0,0,0,0,0,0,0,0,0,0,0,0,0,0,0,0,0,0,0,0,0,0,0,0,0,0,0,0,0,0,0,0,
0,0,0,0,0,0,0,0,0,0,0,0,0,0,0,0,0,0,0,0,0,0,0,0,0,0,0,0,0,0,0,0,0,0,0,0,0,0,0,0,0,0,0,0,0,0,0,0,0,0,0,0,0,0,0,0,0,0,0,0,0,0,0,0,0,0,0,0,0,0,0,0,0,0,0,0,0,0,0,0,0,0,0,0,0,0,0,0,0,0,0,0,0,0,0,0,0,0,0,0,0,0,0,0,0,0,0,0,0,0,0,0,0,0,0,0,0,0,0,0,0,0,0,0,0,0,0,0,0,0,0,0,0,0,0,0,0,0,0,0,0,0,0,0,0,0,0,0,0,0,0,0,0,0,0,0,0,0,0,0,0,0,0,0,0,0,0,0,0,0,0,0,0,0,0,0,0,0,0,0,0,0,0,0,0,0,0,0,0,0,0,0,0,0,0,0,0,0,0,0,0,0,0,0,0,0,0,0,0,0,0,0,0,0,0,0,0,0,0,0,0,0,0,0,0,0,0,0,0,0,0,0,0,0,0,0,0,0,0,0,0,0,0,0,0,0,0,0,0,0,0,0,0,0,0,0,
0,0,0,0,0,0,0,0,0,0,0,0,0,0,0,0,0,0,0,0,0,0,0,0,0,0,0,0,0,0,0,0,0,0,0,0,0,0,0,0,0,0,0,0,0,0,0,0,0,0,0,0,0,0,0,0,0,0,0,0,0,0,0,0,0,0,0,0,0,0,0,0,0,0,0,0,0,0,0,0,0,0,0,0,0,0,0,0,0,0,0,0,0,0,0,0,0,0,0,0,0,0,0,0,0,0,0,0,0,0,0,0,0,0,0,0,0,0,0,0,0,0,0,0,0,0,0,0,0,0,0,0,0,0,0,0,0,0,0,0,0,0,0,0,0,0,0,0,0,0,0,0,0,0,0,0,0,0,0,0,0,0,0,0,0,0,0,0,0,0,0,0,0,0,0,0,0,0,0,0,0,0,0,0,0,0,0,0,0,0,0,0,0,0,0,0,0,0,0,0,0,0,0,0,0,0,0,0,0,0,0,0,0,0,0,0,0,0,0,0,0,0,0,0,0,0,0,0,0,0,0,0,0,0,0,0,0,0,0,0,0,0,0,0,0,0,0,0,0,0,0,0,0,0,0,0,
0,0,0,0,0,0,0,0,0,0,0,0,0,0,0,0,0,0,0,0,0,0,0,0,0,0,0,0,0,0,0,0,0,0,0,0,0,0,0,0,0,0,0,0,0,0,0,0,0,0,0,0,0,0,0,0,0,0,0,0,0,0,0,0,0,0,0,0,0,0,0,0,0,0,0,0,0,0,0,0,0,0,0,0,0,0,0,0,0,0,0,0,0,0,0,0,0,0,0,0,0,0,0,0,0,0,0,0,0,0,0,0,0,0,0,0,0,0,0,0,0,0,0,0,0,0,0,0,0,0,0,0,0,0,0,0,0,0,0,0,0,0,0,0,0,0,0,0,0,0,0,0,0,0,0,0,0,0,0,0,0,0,0,0,0,0,0,0,0,0,0,0,0,0,0,0,0,0,0,0,0,0,0,0,0,0,0,0,0,0,0,0,0,0,0,0,0,0,0,0,0,0,0,0,0,0,0,0,0,0,0,0,0,0,0,0,0,0,0,0,0,0,0,0,0,0,0,0,0,0,0,0,0,0,0,0,0,0,0,0,0,0,0,0,0,0,0,0,0,0,0,0,0,0,0,0,
0,0,0,0,0,0,0,0,0,0,0,0,0,0,0,0,0,0,0,0,0,0,0,0,0,0,0,0,0,0,0,0,0,0,0,0,0,0,0,0,0,0,0,0,0,0,0,0,0,0,0,0,0,0,0,0,0,0,0,0,0,0,0,0,0,0,0,0,0,0,0,0,0,0,0,0,0,0,0,0,0,0,0,0,0,0,0,0,0,0,0,0,0,0,0,0,0,0,0,0,0,0,0,0,0,0,0,0,0,0,0,0,0,0,0,0,0,0,0,0,0,0,0,0,0,0,0,0,0,0,0,0,0,0,0,0,0,0,0,0,0,0,0,0,0,0,0,0,0,0,0,0,0,0,0,0,0,0,0,0,0,0,0,0,0,0,0,0,0,0,0,0,0,0,0,0,0,0,0,0,0,0,0,0,0,0,0,0,0,0,0,0,0,0,0,0,0,0,0,0,0,0,0,0,0,0,0,0,0,0,0,0,0,0,0,0,0,0,0,0,0,0,0,0,0,0,0,0,0,0,0,0,0,0,0,0,0,0,0,0,0,0,0,0,0,0,0,0,0,0,0,0,0,0,0,0,
0,0,0,0,0,0,0,0,0,0,0,0,0,0,0,0,0,0,0,0,0,0,0,0,0,0,0,0,0,0,0,0,0,0,0,0,0,0,0,0,0,0,0,0,0,0,0,0,0,0,0,0,0,0,0,0,0,0,0,0,0,0,0,0,0,0,0,0,0,0,0,0,0,0,0,0,0,0,0,0,0,0,0,0,0,0,0,0,0,0,0,0,0,0,0,0,0,0,0,0,0,0,0,0,0,0,0,0,0,0,0,0,0,0,0,0,0,0,0,0,0,0,0,0,0,0,0,0,0,0,0,0,0,0,0,0,0,0,0,0,0,0,0,0,0,0,0,0,0,0,0,0,0,0,0,0,0,0,0,0,0,0,0,0,0,0,0,0,0,0,0,0,0,0,0,0,0,0,0,0,0,0,0,0,0,0,0,0,0,0,0,0,0,0,0,0,0,0,0,0,0,0,0,0,0,0,0,0,0,0,0,0,0,0,0,0,0,0,0,0,0,0,0,0,0,0,0,0,0,0,0,0,0,0,0,0,0,0,0,0,0,0,0,0,0,0,0,0,0,0,0,0,0,0,0,0,
0,0,0,0,0,0,0,0,0,0,0,0,0,0,0,0,0,0,0,0,0,0,0,0,0,0,0,0,0,0,0,0,0,0,0,0,0,0,0,0,0,0,0,0,0,0,0,0,0,0,0,0,0,0,0,0,0,0,0,0,0,0,0,0,0,0,0,0,0,0,0,0,0,0,0,0,0,0,0,0,0,0,0,0,0,0,0,0,0,0,0,0,0,0,0,0,0,0,0,0,0,0,0,0,0,0,0,0,0,0,0,0,0,0,0,0,0,0,0,0,0,0,0,0,0,0,0,0,0,0,0,0,0,0,0,0,0,0,0,0,0,0,0,0,0,0,0,0,0,0,0,0,0,0,0,0,0,0,0,0,0,0,0,0,0,0,0,0,0,0,0,0,0,0,0,0,0,0,0,0,0,0,0,0,0,0,0,0,0,0,0,0,0,0,0,0,0,0,0,0,0,0,0,0,0,0,0,0,0,0,0,0,0,0,0,0,0,0,0,0,0,0,0,0,0,0,0,0,0,0,0,0,0,0,0,0,0,0,0,0,0,0,0,0,0,0,0,0,0,0,0,0,0,0,0,0,
0,0,0,0,0,0,0,0,0,0,0,0,0,0,0,0,0,0,0,0,0,0,0,0,0,0,0,0,0,0,0,0,0,0,0,0,0,0,0,0,0,0,0,0,0,0,0,0,0,0,0,0,0,0,0,0,0,0,0,0,0,0,0,0,0,0,0,0,0,0,0,0,0,0,0,0,0,0,0,0,0,0,0,0,0,0,0,0,0,0,0,0,0,0,0,0,0,0,0,0,0,0,0,0,0,0,0,0,0,0,0,0,0,0,0,0,0,0,0,0,0,0,0,0,0,0,0,0,0,0,0,0,0,0,0,0,0,0,0,0,0,0,0,0,0,0,0,0,0,0,0,0,0,0,0,0,0,0,0,0,0,0,0,0,0,0,0,0,0,0,0,0,0,0,0,0,0,0,0,0,0,0,0,0,0,0,0,0,0,0,0,0,0,0,0,0,0,0,0,0,0,0,0,0,0,0,0,0,0,0,0,0,0,0,0,0,0,0,0,0,0,0,0,0,0,0,0,0,0,0,0,0,0,0,0,0,0,0,0,0,0,0,0,0,0,0,0,0,0,0,0,0,0,0,0,0,
0,0,0,0,0,0,0,0,0,0,0,0,0,0,0,0,0,0,0,0,0,0,0,0,0,0,0,0,0,0,0,0,0,0,0,0,0,0,0,0,0,0,0,0,0,0,0,0,0,0,0,0,0,0,0,0,0,0,0,0,0,0,0,0,0,0,0,0,0,0,0,0,0,0,0,0,0,0,0,0,0,0,0,0,0,0,0,0,0,0,0,0,0,0,0,0,0,0,0,0,0,0,0,0,0,0,0,0,0,0,0,0,0,0,0,0,0,0,0,0,0,0,0,0,0,0,0,0,0,0,0,0,0,0,0,0,0,0,0,0,0,0,0,0,0,0,0,0,0,0,0,0,0,0,0,0,0,0,0,0,0,0,0,0,0,0,0,0,0,0,0,0,0,0,0,0,0,0,0,0,0,0,0,0,0,0,0,0,0,0,0,0,0,0,0,0,0,0,0,0,0,0,0,0,0,0,0,0,0,0,0,0,0,0,0,0,0,0,0,0,0,0,0,0,0,0,0,0,0,0,0,0,0,0,0,0,0,0,0,0,0,0,0,0,0,0,0,0,0,0,0,0,0,0,0,0,
0,0,0,0,0,0,0,0,0,0,0,0,0,0,0,0,0,0,0,0,0,0,0,0,0,0,0,0,0,0,0,0,0,0,0,0,0,0,0,0,0,0,0,0,0,0,0,0,0,0,0,0,0,0,0,0,0,0,0,0,0,0,0,0,0,0,0,0,0,0,0,0,0,0,0,0,0,0,0,0,0,0,0,0,0,0,0,0,0,0,0,0,0,0,0,0,0,0,0,0,0,0,0,0,0,0,0,0,0,0,0,0,0,0,0,0,0,0,0,0,0,0,0,0,0,0,0,0,0,0,0,0,0,0,0,0,0,0,0,0,0,0,0,0,0,0,0,0,0,0,0,0,0,0,0,0,0,0,0,0,0,0,0,0,0,0,0,0,0,0,0,0,0,0,0,0,0,0,0,0,0,0,0,0,0,0,0,0,0,0,0,0,0,0,0,0,0,0,0,0,0,0,0,0,0,0,0,0,0,0,0,0,0,0,0,0,0,0,0,0,0,0,0,0,0,0,0,0,0,0,0,0,0,0,0,0,0,0,0,0,0,0,0,0,0,0,0,0,0,0,0,0,0,0,0,0,
0,0,0,0,0,0,0,0,0,0,0,0,0,0,0,0,0,0,0,0,0,0,0,0,0,0,0,0,0,0,0,0,0,0,0,0,0,0,0,0,0,0,0,0,0,0,0,0,0,0,0,0,0,0,0,0,0,0,0,0,0,0,0,0,0,0,0,0,0,0,0,0,0,0,0,0,0,0,0,0,0,0,0,0,0,0,0,0,0,0,0,0,0,0,0,0,0,0,0,0,0,0,0,0,0,0,0,0,0,0,0,0,0,0,0,0,0,0,0,0,0,0,0,0,0,0,0,0,0,0,0,0,0,0,0,0,0,0,0,0,0,0,0,0,0,0,0,0,0,0,0,0,0,0,0,0,0,0,0,0,0,0,0,0,0,0,0,0,0,0,0,0,0,0,0,0,0,0,0,0,0,0,0,0,0,0,0,0,0,0,0,0,0,0,0,0,0,0,0,0,0,0,0,0,0,0,0,0,0,0,0,0,0,0,0,0,0,0,0,0,0,0,0,0,0,0,0,0,0,0,0,0,0,0,0,0,0,0,0,0,0,0,0,0,0,0,0,0,0,0,0,0,0,0,0,0,
0,0,0,0,0,0,0,0,0,0,0,0,0,0,0,0,0,0,0,0,0,0,0,0,0,0,0,0,0,0,0,0,0,0,0,0,0,0,0,0,0,0,0,0,0,0,0,0,0,0,0,0,0,0,0,0,0,0,0,0,0,0,0,0,0,0,0,0,0,0,0,0,0,0,0,0,0,0,0,0,0,0,0,0,0,0,0,0,0,0,0,0,0,0,0,0,0,0,0,0,0,0,0,0,0,0,0,0,0,0,0,0,0,0,0,0,0,0,0,0,0,0,0,0,0,0,0,0,0,0,0,0,0,0,0,0,0,0,0,0,0,0,0,0,0,0,0,0,0,0,0,0,0,0,0,0,0,0,0,0,0,0,0,0,0,0,0,0,0,0,0,0,0,0,0,0,0,0,0,0,0,0,0,0,0,0,0,0,0,0,0,0,0,0,0,0,0,0,0,0,0,0,0,0,0,0,0,0,0,0,0,0,0,0,0,0,0,0,0,0,0,0,0,0,0,0,0,0,0,0,0,0,0,0,0,0,0,0,0,0,0,0,0,0,0,0,0,0,0,0,0,0,0,0,0,0,
0,0,0,0,0,0,0,0,0,0,0,0,0,0,0,0,0,0,0,0,0,0,0,0,0,0,0,0,0,0,0,0,0,0,0,0,0,0,0,0,0,0,0,0,0,0,0,0,0,0,0,0,0,0,0,0,0,0,0,0,0,0,0,0,0,0,0,0,0,0,0,0,0,0,0,0,0,0,0,0,0,0,0,0,0,0,0,0,0,0,0,0,0,0,0,0,0,0,0,0,0,0,0,0,0,0,0,0,0,0,0,0,0,0,0,0,0,0,0,0,0,0,0,0,0,0,0,0,0,0,0,0,0,0,0,0,0,0,0,0,0,0,0,0,0,0,0,0,0,0,0,0,0,0,0,0,0,0,0,0,0,0,0,0,0,0,0,0,0,0,0,0,0,0,0,0,0,0,0,0,0,0,0,0,0,0,0,0,0,0,0,0,0,0,0,0,0,0,0,0,0,0,0,0,0,0,0,0,0,0,0,0,0,0,0,0,0,0,0,0,0,0,0,0,0,0,0,0,0,0,0,0,0,0,0,0,0,0,0,0,0,0,0,0,0,0,0,0,0,0,0,0,0,0,0,0,
0,0,0,0,0,0,0,0,0,0,0,0,0,0,0,0,0,0,0,0,0,0,0,0,0,0,0,0,0,0,0,0,0,0,0,0,0,0,0,0,0,0,0,0,0,0,0,0,0,0,0,0,0,0,0,0,0,0,0,0,0,0,0,0,0,0,0,0,0,0,0,0,0,0,0,0,0,0,0,0,0,0,0,0,0,0,0,0,0,0,0,0,0,0,0,0,0,0,0,0,0,0,0,0,0,0,0,0,0,0,0,0,0,0,0,0,0,0,0,0,0,0,0,0,0,0,0,0,0,0,0,0,0,0,0,0,0,0,0,0,0,0,0,0,0,0,0,0,0,0,0,0,0,0,0,0,0,0,0,0,0,0,0,0,0,0,0,0,0,0,0,0,0,0,0,0,0,0,0,0,0,0,0,0,0,0,0,0,0,0,0,0,0,0,0,0,0,0,0,0,0,0,0,0,0,0,0,0,0,0,0,0,0,0,0,0,0,0,0,0,0,0,0,0,0,0,0,0,0,0,0,0,0,0,0,0,0,0,0,0,0,0,0,0,0,0,0,0,0,0,0,0,0,0,0,0,
0,0,0,0,0,0,0,0,0,0,0,0,0,0,0,0,0,0,0,0,0,0,0,0,0,0,0,0,0,0,0,0,0,0,0,0,0,0,0,0,0,0,0,0,0,0,0,0,0,0,0,0,0,0,0,0,0,0,0,0,0,0,0,0,0,0,0,0,0,0,0,0,0,0,0,0,0,0,0,0,0,0,0,0,0,0,0,0,0,0,0,0,0,0,0,0,0,0,0,0,0,0,0,0,0,0,0,0,0,0,0,0,0,0,0,0,0,0,0,0,0,0,0,0,0,0,0,0,0,0,0,0,0,0,0,0,0,0,0,0,0,0,0,0,0,0,0,0,0,0,0,0,0,0,0,0,0,0,0,0,0,0,0,0,0,0,0,0,0,0,0,0,0,0,0,0,0,0,0,0,0,0,0,0,0,0,0,0,0,0,0,0,0,0,0,0,0,0,0,0,0,0,0,0,0,0,0,0,0,0,0,0,0,0,0,0,0,0,0,0,0,0,0,0,0,0,0,0,0,0,0,0,0,0,0,0,0,0,0,0,0,0,0,0,0,0,0,0,0,0,0,0,0,0,0,0,
0,0,0,0,0,0,0,0,0,0,0,0,0,0,0,0,0,0,0,0,0,0,0,0,0,0,0,0,0,0,0,0,0,0,0,0,0,0,0,0,0,0,0,0,0,0,0,0,0,0,0,0,0,0,0,0,0,0,0,0,0,0,0,0,0,0,0,0,0,0,0,0,0,0,0,0,0,0,0,0,0,0,0,0,0,0,0,0,0,0,0,0,0,0,0,0,0,0,0,0,0,0,0,0,0,0,0,0,0,0,0,0,0,0,0,0,0,0,0,0,0,0,0,0,0,0,0,0,0,0,0,0,0,0,0,0,0,0,0,0,0,0,0,0,0,0,0,0,0,0,0,0,0,0,0,0,0,0,0,0,0,0,0,0,0,0,0,0,0,0,0,0,0,0,0,0,0,0,0,0,0,0,0,0,0,0,0,0,0,0,0,0,0,0,0,0,0,0,0,0,0,0,0,0,0,0,0,0,0,0,0,0,0,0,0,0,0,0,0,0,0,0,0,0,0,0,0,0,0,0,0,0,0,0,0,0,0,0,0,0,0,0,0,0,0,0,0,0,0,0,0,0,0,0,0,0,
0,0,0,0,0,0,0,0,0,0,0,0,0,0,0,0,0,0,0,0,0,0,0,0,0,0,0,0,0,0,0,0,0,0,0,0,0,0,0,0,0,0,0,0,0,0,0,0,0,0,0,0,0,0,0,0,0,0,0,0,0,0,0,0,0,0,0,0,0,0,0,0,0,0,0,0,0,0,0,0,0,0,0,0,0,0,0,0,0,0,0,0,0,0,0,0,0,0,0,0,0,0,0,0,0,0,0,0,0,0,0,0,0,0,0,0,0,0,0,0,0,0,0,0,0,0,0,0,0,0,0,0,0,0,0,0,0,0,0,0,0,0,0,0,0,0,0,0,0,0,0,0,0,0,0,0,0,0,0,0,0,0,0,0,0,0,0,0,0,0,0,0,0,0,0,0,0,0,0,0,0,0,0,0,0,0,0,0,0,0,0,0,0,0,0,0,0,0,0,0,0,0,0,0,0,0,0,0,0,0,0,0,0,0,0,0,0,0,0,0,0,0,0,0,0,0,0,0,0,0,0,0,0,0,0,0,0,0,0,0,0,0,0,0,0,0,0,0,0,0,0,0,0,0,0,0,
0,0,0,0,0,0,0,0,0,0,0,0,0,0,0,0,0,0,0,0,0,0,0,0,0,0,0,0,0,0,0,0,0,0,0,0,0,0,0,0,0,0,0,0,0,0,0,0,0,0,0,0,0,0,0,0,0,0,0,0,0,0,0,0,0,0,0,0,0,0,0,0,0,0,0,0,0,0,0,0,0,0,0,0,0,0,0,0,0,0,0,0,0,0,0,0,0,0,0,0,0,0,0,0,0,0,0,0,0,0,0,0,0,0,0,0,0,0,0,0,0,0,0,0,0,0,0,0,0,0,0,0,0,0,0,0,0,0,0,0,0,0,0,0,0,0,0,0,0,0,0,0,0,0,0,0,0,0,0,0,0,0,0,0,0,0,0,0,0,0,0,0,0,0,0,0,0,0,0,0,0,0,0,0,0,0,0,0,0,0,0,0,0,0,0,0,0,0,0,0,0,0,0,0,0,0,0,0,0,0,0,0,0,0,0,0,0,0,0,0,0,0,0,0,0,0,0,0,0,0,0,0,0,0,0,0,0,0,0,0,0,0,0,0,0,0,0,0,0,0,0,0,0,0,0,0,
0,0,0,0,0,0,0,0,0,0,0,0,0,0,0,0,0,0,0,0,0,0,0,0,0,0,0,0,0,0,0,0,0,0,0,0,0,0,0,0,0,0,0,0,0,0,0,0,0,0,0,0,0,0,0,0,0,0,0,0,0,0,0,0,0,0,0,0,0,0,0,0,0,0,0,0,0,0,0,0,0,0,0,0,0,0,0,0,0,0,0,0,0,0,0,0,0,0,0,0,0,0,0,0,0,0,0,0,0,0,0,0,0,0,0,0,0,0,0,0,0,0,0,0,0,0,0,0,0,0,0,0,0,0,0,0,0,0,0,0,0,0,0,0,0,0,0,0,0,0,0,0,0,0,0,0,0,0,0,0,0,0,0,0,0,0,0,0,0,0,0,0,0,0,0,0,0,0,0,0,0,0,0,0,0,0,0,0,0,0,0,0,0,0,0,0,0,0,0,0,0,0,0,0,0,0,0,0,0,0,0,0,0,0,0,0,0,0,0,0,0,0,0,0,0,0,0,0,0,0,0,0,0,0,0,0,0,0,0,0,0,0,0,0,0,0,0,0,0,0,0,0,0,0,0,0,
0,0,0,0,0,0,0,0,0,0,0,0,0,0,0,0,0,0,0,0,0,0,0,0,0,0,0,0,0,0,0,0,0,0,0,0,0,0,0,0,0,0,0,0,0,0,0,0,0,0,0,0,0,0,0,0,0,0,0,0,0,0,0,0,0,0,0,0,0,0,0,0,0,0,0,0,0,0,0,0,0,0,0,0,0,0,0,0,0,0,0,0,0,0,0,0,0,0,0,0,0,0,0,0,0,0,0,0,0,0,0,0,0,0,0,0,0,0,0,0,0,0,0,0,0,0,0,0,0,0,0,0,0,0,0,0,0,0,0,0,0,0,0,0,0,0,0,0,0,0,0,0,0,0,0,0,0,0,0,0,0,0,0,0,0,0,0,0,0,0,0,0,0,0,0,0,0,0,0,0,0,0,0,0,0,0,0,0,0,0,0,0,0,0,0,0,0,0,0,0,0,0,0,0,0,0,0,0,0,0,0,0,0,0,0,0,0,0,0,0,0,0,0,0,0,0,0,0,0,0,0,0,0,0,0,0,0,0,0,0,0,0,0,0,0,0,0,0,0,0,0,0,0,0,0,0,
0,0,0,0,0,0,0,0,0,0,0,0,0,0,0,0,0,0,0,0,0,0,0,0,0,0,0,0,0,0,0,0,0,0,0,0,0,0,0,0,0,0,0,0,0,0,0,0,0,0,0,0,0,0,0,0,0,0,0,0,0,0,0,0,0,0,0,0,0,0,0,0,0,0,0,0,0,0,0,0,0,0,0,0,0,0,0,0,0,0,0,0,0,0,0,0,0,0,0,0,0,0,0,0,0,0,0,0,0,0,0,0,0,0,0,0,0,0,0,0,0,0,0,0,0,0,0,0,0,0,0,0,0,0,0,0,0,0,0,0,0,0,0,0,0,0,0,0,0,0,0,0,0,0,0,0,0,0,0,0,0,0,0,0,0,0,0,0,0,0,0,0,0,0,0,0,0,0,0,0,0,0,0,0,0,0,0,0,0,0,0,0,0,0,0,0,0,0,0,0,0,0,0,0,0,0,0,0,0,0,0,0,0,0,0,0,0,0,0,0,0,0,0,0,0,0,0,0,0,0,0,0,0,0,0,0,0,0,0,0,0,0,0,0,0,0,0,0,0,0,0,0,0,0,0,0,
0,0,0,0,0,0,0,0,0,0,0,0,0,0,0,0,0,0,0,0,0,0,0,0,0,0,0,0,0,0,0,0,0,0,0,0,0,0,0,0,0,0,0,0,0,0,0,0,0,0,0,0,0,0,0,0,0,0,0,0,0,0,0,0,0,0,0,0,0,0,0,0,0,0,0,0,0,0,0,0,0,0,0,0,0,0,0,0,0,0,0,0,0,0,0,0,0,0,0,0,0,0,0,0,0,0,0,0,0,0,0,0,0,0,0,0,0,0,0,0,0,0,0,0,0,0,0,0,0,0,0,0,0,0,0,0,0,0,0,0,0,0,0,0,0,0,0,0,0,0,0,0,0,0,0,0,0,0,0,0,0,0,0,0,0,0,0,0,0,0,0,0,0,0,0,0,0,0,0,0,0,0,0,0,0,0,0,0,0,0,0,0,0,0,0,0,0,0,0,0,0,0,0,0,0,0,0,0,0,0,0,0,0,0,0,0,0,0,0,0,0,0,0,0,0,0,0,0,0,0,0,0,0,0,0,0,0,0,0,0,0,0,0,0,0,0,0,0,0,0,0,0,0,0,0,0,
0,0,0,0,0,0,0,0,0,0,0,0,0,0,0,0,0,0,0,0,0,0,0,0,0,0,0,0,0,0,0,0,0,0,0,0,0,0,0,0,0,0,0,0,0,0,0,0,0,0,0,0,0,0,0,0,0,0,0,0,0,0,0,0,0,0,0,0,0,0,0,0,0,0,0,0,0,0,0,0,0,0,0,0,0,0,0,0,0,0,0,0,0,0,0,0,0,0,0,0,0,0,0,0,0,0,0,0,0,0,0,0,0,0,0,0,0,0,0,0,0,0,0,0,0,0,0,0,0,0,0,0,0,0,0,0,0,0,0,0,0,0,0,0,0,0,0,0,0,0,0,0,0,0,0,0,0,0,0,0,0,0,0,0,0,0,0,0,0,0,0,0,0,0,0,0,0,0,0,0,0,0,0,0,0,0,0,0,0,0,0,0,0,0,0,0,0,0,0,0,0,0,0,0,0,0,0,0,0,0,0,0,0,0,0,0,0,0,0,0,0,0,0,0,0,0,0,0,0,0,0,0,0,0,0,0,0,0,0,0,0,0,0,0,0,0,0,0,0,0,0,0,0,0,0,0,
0,0,0,0,0,0,0,0,0,0,0,0,0,0,0,0,0,0,0,0,0,0,0,0,0,0,0,0,0,0,0,0,0,0,0,0,0,0,0,0,0,0,0,0,0,0,0,0,0,0,0,0,0,0,0,0,0,0,0,0,0,0,0,0,0,0,0,0,0,0,0,0,0,0,0,0,0,0,0,0,0,0,0,0,0,0,0,0,0,0,0,0,0,0,0,0,0,0,0,0,0,0,0,0,0,0,0,0,0,0,0,0,0,0,0,0,0,0,0,0,0,0,0,0,0,0,0,0,0,0,0,0,0,0,0,0,0,0,0,0,0,0,0,0,0,0,0,0,0,0,0,0,0,0,0,0,0,0,0,0,0,0,0,0,0,0,0,0,0,0,0,0,0,0,0,0,0,0,0,0,0,0,0,0,0,0,0,0,0,0,0,0,0,0,0,0,0,0,0,0,0,0,0,0,0,0,0,0,0,0,0,0,0,0,0,0,0,0,0,0,0,0,0,0,0,0,0,0,0,0,0,0,0,0,0,0,0,0,0,0,0,0,0,0,0,0,0,0,0,0,0,0,0,0,0,0,
0,0,0,0,0,0,0,0,0,0,0,0,0,0,0,0,0,0,0,0,0,0,0,0,0,0,0,0,0,0,0,0,0,0,0,0,0,0,0,0,0,0,0,0,0,0,0,0,0,0,0,0,0,0,0,0,0,0,0,0,0,0,0,0,0,0,0,0,0,0,0,0,0,0,0,0,0,0,0,0,0,0,0,0,0,0,0,0,0,0,0,0,0,0,0,0,0,0,0,0,0,0,0,0,0,0,0,0,0,0,0,0,0,0,0,0,0,0,0,0,0,0,0,0,0,0,0,0,0,0,0,0,0,0,0,0,0,0,0,0,0,0,0,0,0,0,0,0,0,0,0,0,0,0,0,0,0,0,0,0,0,0,0,0,0,0,0,0,0,0,0,0,0,0,0,0,0,0,0,0,0,0,0,0,0,0,0,0,0,0,0,0,0,0,0,0,0,0,0,0,0,0,0,0,0,0,0,0,0,0,0,0,0,0,0,0,0,0,0,0,0,0,0,0,0,0,0,0,0,0,0,0,0,0,0,0,0,0,0,0,0,0,0,0,0,0,0,0,0,0,0,0,0,0,0,0,
0,0,0,0,0,0,0,0,0,0,0,0,0,0,0,0,0,0,0,0,0,0,0,0,0,0,0,0,0,0,0,0,0,0,0,0,0,0,0,0,0,0,0,0,0,0,0,0,0,0,0,0,0,0,0,0,0,0,0,0,0,0,0,0,0,0,0,0,0,0,0,0,0,0,0,0,0,0,0,0,0,0,0,0,0,0,0,0,0,0,0,0,0,0,0,0,0,0,0,0,0,0,0,0,0,0,0,0,0,0,0,0,0,0,0,0,0,0,0,0,0,0,0,0,0,0,0,0,0,0,0,0,0,0,0,0,0,0,0,0,0,0,0,0,0,0,0,0,0,0,0,0,0,0,0,0,0,0,0,0,0,0,0,0,0,0,0,0,0,0,0,0,0,0,0,0,0,0,0,0,0,0,0,0,0,0,0,0,0,0,0,0,0,0,0,0,0,0,0,0,0,0,0,0,0,0,0,0,0,0,0,0,0,0,0,0,0,0,0,0,0,0,0,0,0,0,0,0,0,0,0,0,0,0,0,0,0,0,0,0,0,0,0,0,0,0,0,0,0,0,0,0,0,0,0,0,
0,0,0,0,0,0,0,0,0,0,0,0,0,0,0,0,0,0,0,0,0,0,0,0,0,0,0,0,0,0,0,0,0,0,0,0,0,0,0,0,0,0,0,0,0,0,0,0,0,0,0,0,0,0,0,0,0,0,0,0,0,0,0,0,0,0,0,0,0,0,0,0,0,0,0,0,0,0,0,0,0,0,0,0,0,0,0,0,0,0,0,0,0,0,0,0,0,0,0,0,0,0,0,0,0,0,0,0,0,0,0,0,0,0,0,0,0,0,0,0,0,0,0,0,0,0,0,0,0,0,0,0,0,0,0,0,0,0,0,0,0,0,0,0,0,0,0,0,0,0,0,0,0,0,0,0,0,0,0,0,0,0,0,0,0,0,0,0,0,0,0,0,0,0,0,0,0,0,0,0,0,0,0,0,0,0,0,0,0,0,0,0,0,0,0,0,0,0,0,0,0,0,0,0,0,0,0,0,0,0,0,0,0,0,0,0,0,0,0,0,0,0,0,0,0,0,0,0,0,0,0,0,0,0,0,0,0,0,0,0,0,0,0,0,0,0,0,0,0,0,0,0,0,0,0,0,
0,0,0,0,0,0,0,0,0,0,0,0,0,0,0,0,0,0,0,0,0,0,0,0,0,0,0,0,0,0,0,0,0,0,0,0,0,0,0,0,0,0,0,0,0,0,0,0,0,0,0,0,0,0,0,0,0,0,0,0,0,0,0,0,0,0,0,0,0,0,0,0,0,0,0,0,0,0,0,0,0,0,0,0,0,0,0,0,0,0,0,0,0,0,0,0,0,0,0,0,0,0,0,0,0,0,0,0,0,0,0,0,0,0,0,0,0,0,0,0,0,0,0,0,0,0,0,0,0,0,0,0,0,0,0,0,0,0,0,0,0,0,0,0,0,0,0,0,0,0,0,0,0,0,0,0,0,0,0,0,0,0,0,0,0,0,0,0,0,0,0,0,0,0,0,0,0,0,0,0,0,0,0,0,0,0,0,0,0,0,0,0,0,0,0,0,0,0,0,0,0,0,0,0,0,0,0,0,0,0,0,0,0,0,0,0,0,0,0,0,0,0,0,0,0,0,0,0,0,0,0,0,0,0,0,0,0,0,0,0,0,0,0,0,0,0,0,0,0,0,0,0,0,0,0,0,
0,0,0,0,0,0,0,0,0,0,0,0,0,0,0,0,0,0,0,0,0,0,0,0,0,0,0,0,0,0,0,0,0,0,0,0,0,0,0,0,0,0,0,0,0,0,0,0,0,0,0,0,0,0,0,0,0,0,0,0,0,0,0,0,0,0,0,0,0,0,0,0,0,0,0,0,0,0,0,0,0,0,0,0,0,0,0,0,0,0,0,0,0,0,0,0,0,0,0,0,0,0,0,0,0,0,0,0,0,0,0,0,0,0,0,0,0,0,0,0,0,0,0,0,0,0,0,0,0,0,0,0,0,0,0,0,0,0,0,0,0,0,0,0,0,0,0,0,0,0,0,0,0,0,0,0,0,0,0,0,0,0,0,0,0,0,0,0,0,0,0,0,0,0,0,0,0,0,0,0,0,0,0,0,0,0,0,0,0,0,0,0,0,0,0,0,0,0,0,0,0,0,0,0,0,0,0,0,0,0,0,0,0,0,0,0,0,0,0,0,0,0,0,0,0,0,0,0,0,0,0,0,0,0,0,0,0,0,0,0,0,0,0,0,0,0,0,0,0,0,0,0,0,0,0,0,
0,0,0,0,0,0,0,0,0,0,0,0,0,0,0,0,0,0,0,0,0,0,0,0,0,0,0,0,0,0,0,0,0,0,0,0,0,0,0,0,0,0,0,0,0,0,0,0,0,0,0,0,0,0,0,0,0,0,0,0,0,0,0,0,0,0,0,0,0,0,0,0,0,0,0,0,0,0,0,0,0,0,0,0,0,0,0,0,0,0,0,0,0,0,0,0,0,0,0,0,0,0,0,0,0,0,0,0,0,0,0,0,0,0,0,0,0,0,0,0,0,0,0,0,0,0,0,0,0,0,0,0,0,0,0,0,0,0,0,0,0,0,0,0,0,0,0,0,0,0,0,0,0,0,0,0,0,0,0,0,0,0,0,0,0,0,0,0,0,0,0,0,0,0,0,0,0,0,0,0,0,0,0,0,0,0,0,0,0,0,0,0,0,0,0,0,0,0,0,0,0,0,0,0,0,0,0,0,0,0,0,0,0,0,0,0,0,0,0,0,0,0,0,0,0,0,0,0,0,0,0,0,0,0,0,0,0,0,0,0,0,0,0,0,0,0,0,0,0,0,0,0,0,0,0,0,
0,0,0,0,0,0,0,0,0,0,0,0,0,0,0,0,0,0,0,0,0,0,0,0,0,0,0,0,0,0,0,0,0,0,0,0,0,0,0,0,0,0,0,0,0,0,0,0,0,0,0,0,0,0,0,0,0,0,0,0,0,0,0,0,0,0,0,0,0,0,0,0,0,0,0,0,0,0,0,0,0,0,0,0,0,0,0,0,0,0,0,0,0,0,0,0,0,0,0,0,0,0,0,0,0,0,0,0,0,0,0,0,0,0,0,0,0,0,0,0,0,0,0,0,0,0,0,0,0,0,0,0,0,0,0,0,0,0,0,0,0,0,0,0,0,0,0,0,0,0,0,0,0,0,0,0,0,0,0,0,0,0,0,0,0,0,0,0,0,0,0,0,0,0,0,0,0,0,0,0,0,0,0,0,0,0,0,0,0,0,0,0,0,0,0,0,0,0,0,0,0,0,0,0,0,0,0,0,0,0,0,0,0,0,0,0,0,0,0,0,0,0,0,0,0,0,0,0,0,0,0,0,0,0,0,0,0,0,0,0,0,0,0,0,0,0,0,0,0,0,0,0,0,0,0,0,
0,0,0,0,0,0,0,0,0,0,0,0,0,0,0,0,0,0,0,0,0,0,0,0,0,0,0,0,0,0,0,0,0,0,0,0,0,0,0,0,0,0,0,0,0,0,0,0,0,0,0,0,0,0,0,0,0,0,0,0,0,0,0,0,0,0,0,0,0,0,0,0,0,0,0,0,0,0,0,0,0,0,0,0,0,0,0,0,0,0,0,0,0,0,0,0,0,0,0,0,0,0,0,0,0,0,0,0,0,0,0,0,0,0,0,0,0,0,0,0,0,0,0,0,0,0,0,0,0,0,0,0,0,0,0,0,0,0,0,0,0,0,0,0,0,0,0,0,0,0,0,0,0,0,0,0,0,0,0,0,0,0,0,0,0,0,0,0,0,0,0,0,0,0,0,0,0,0,0,0,0,0,0,0,0,0,0,0,0,0,0,0,0,0,0,0,0,0,0,0,0,0,0,0,0,0,0,0,0,0,0,0,0,0,0,0,0,0,0,0,0,0,0,0,0,0,0,0,0,0,0,0,0,0,0,0,0,0,0,0,0,0,0,0,0,0,0,0,0,0,0,0,0,0,0,0,
0,0,0,0,0,0,0,0,0,0,0,0,0,0,0,0,0,0,0,0,0,0,0,0,0,0,0,0,0,0,0,0,0,0,0,0,0,0,0,0,0,0,0,0,0,0,0,0,0,0,0,0,0,0,0,0,0,0,0,0,0,0,0,0,0,0,0,0,0,0,0,0,0,0,0,0,0,0,0,0,0,0,0,0,0,0,0,0,0,0,0,0,0,0,0,0,0,0,0,0,0,0,0,0,0,0,0,0,0,0,0,0,0,0,0,0,0,0,0,0,0,0,0,0,0,0,0,0,0,0,0,0,0,0,0,0,0,0,0,0,0,0,0,0,0,0,0,0,0,0,0,0,0,0,0,0,0,0,0,0,0,0,0,0,0,0,0,0,0,0,0,0,0,0,0,0,0,0,0,0,0,0,0,0,0,0,0,0,0,0,0,0,0,0,0,0,0,0,0,0,0,0,0,0,0,0,0,0,0,0,0,0,0,0,0,0,0,0,0,0,0,0,0,0,0,0,0,0,0,0,0,0,0,0,0,0,0,0,0,0,0,0,0,0,0,0,0,0,0,0,0,0,0,0,0,0,
0,0,0,0,0,0,0,0,0,0,0,0,0,0,0,0,0,0,0,0,0,0,0,0,0,0,0,0,0,0,0,0,0,0,0,0,0,0,0,0,0,0,0,0,0,0,0,0,0,0,0,0,0,0,0,0,0,0,0,0,0,0,0,0,0,0,0,0,0,0,0,0,0,0,0,0,0,0,0,0,0,0,0,0,0,0,0,0,0,0,0,0,0,0,0,0,0,0,0,0,0,0,0,0,0,0,0,0,0,0,0,0,0,0,0,0,0,0,0,0,0,0,0,0,0,0,0,0,0,0,0,0,0,0,0,0,0,0,0,0,0,0,0,0,0,0,0,0,0,0,0,0,0,0,0,0,0,0,0,0,0,0,0,0,0,0,0,0,0,0,0,0,0,0,0,0,0,0,0,0,0,0,0,0,0,0,0,0,0,0,0,0,0,0,0,0,0,0,0,0,0,0,0,0,0,0,0,0,0,0,0,0,0,0,0,0,0,0,0,0,0,0,0,0,0,0,0,0,0,0,0,0,0,0,0,0,0,0,0,0,0,0,0,0,0,0,0,0,0,0,0,0,0,0,0,0,
0,0,0,0,0,0,0,0,0,0,0,0,0,0,0,0,0,0,0,0,0,0,0,0,0,0,0,0,0,0,0,0,0,0,0,0,0,0,0,0,0,0,0,0,0,0,0,0,0,0,0,0,0,0,0,0,0,0,0,0,0,0,0,0,0,0,0,0,0,0,0,0,0,0,0,0,0,0,0,0,0,0,0,0,0,0,0,0,0,0,0,0,0,0,0,0,0,0,0,0,0,0,0,0,0,0,0,0,0,0,0,0,0,0,0,0,0,0,0,0,0,0,0,0,0,0,0,0,0,0,0,0,0,0,0,0,0,0,0,0,0,0,0,0,0,0,0,0,0,0,0,0,0,0,0,0,0,0,0,0,0,0,0,0,0,0,0,0,0,0,0,0,0,0,0,0,0,0,0,0,0,0,0,0,0,0,0,0,0,0,0,0,0,0,0,0,0,0,0,0,0,0,0,0,0,0,0,0,0,0,0,0,0,0,0,0,0,0,0,0,0,0,0,0,0,0,0,0,0,0,0,0,0,0,0,0,0,0,0,0,0,0,0,0,0,0,0,0,0,0,0,0,0,0,0,0,
0,0,0,0,0,0,0,0,0,0,0,0,0,0,0,0,0,0,0,0,0,0,0,0,0,0,0,0,0,0,0,0,0,0,0,0,0,0,0,0,0,0,0,0,0,0,0,0,0,0,0,0,0,0,0,0,0,0,0,0,0,0,0,0,0,0,0,0,0,0,0,0,0,0,0,0,0,0,0,0,0,0,0,0,0,0,0,0,0,0,0,0,0,0,0,0,0,0,0,0,0,0,0,0,0,0,0,0,0,0,0,0,0,0,0,0,0,0,0,0,0,0,0,0,0,0,0,0,0,0,0,0,0,0,0,0,0,0,0,0,0,0,0,0,0,0,0,0,0,0,0,0,0,0,0,0,0,0,0,0,0,0,0,0,0,0,0,0,0,0,0,0,0,0,0,0,0,0,0,0,0,0,0,0,0,0,0,0,0,0,0,0,0,0,0,0,0,0,0,0,0,0,0,0,0,0,0,0,0,0,0,0,0,0,0,0,0,0,0,0,0,0,0,0,0,0,0,0,0,0,0,0,0,0,0,0,0,0,0,0,0,0,0,0,0,0,0,0,0,0,0,0,0,0,0,0,
0,0,0,0,0,0,0,0,0,0,0,0,0,0,0,0,0,0,0,0,0,0,0,0,0,0,0,0,0,0,0,0,0,0,0,0,0,0,0,0,0,0,0,0,0,0,0,0,0,0,0,0,0,0,0,0,0,0,0,0,0,0,0,0,0,0,0,0,0,0,0,0,0,0,0,0,0,0,0,0,0,0,0,0,0,0,0,0,0,0,0,0,0,0,0,0,0,0,0,0,0,0,0,0,0,0,0,0,0,0,0,0,0,0,0,0,0,0,0,0,0,0,0,0,0,0,0,0,0,0,0,0,0,0,0,0,0,0,0,0,0,0,0,0,0,0,0,0,0,0,0,0,0,0,0,0,0,0,0,0,0,0,0,0,0,0,0,0,0,0,0,0,0,0,0,0,0,0,0,0,0,0,0,0,0,0,0,0,0,0,0,0,0,0,0,0,0,0,0,0,0,0,0,0,0,0,0,0,0,0,0,0,0,0,0,0,0,0,0,0,0,0,0,0,0,0,0,0,0,0,0,0,0,0,0,0,0,0,0,0,0,0,0,0,0,0,0,0,0,0,0,0,0,0,0,0,
0,0,0,0,0,0,0,0,0,0,0,0,0,0,0,0,0,0,0,0,0,0,0,0,0,0,0,0,0,0,0,0,0,0,0,0,0,0,0,0,0,0,0,0,0,0,0,0,0,0,0,0,0,0,0,0,0,0,0,0,0,0,0,0,0,0,0,0,0,0,0,0,0,0,0,0,0,0,0,0,0,0,0,0,0,0,0,0,0,0,0,0,0,0,0,0,0,0,0,0,0,0,0,0,0,0,0,0,0,0,0,0,0,0,0,0,0,0,0,0,0,0,0,0,0,0,0,0,0,0,0,0,0,0,0,0,0,0,0,0,0,0,0,0,0,0,0,0,0,0,0,0,0,0,0,0,0,0,0,0,0,0,0,0,0,0,0,0,0,0,0,0,0,0,0,0,0,0,0,0,0,0,0,0,0,0,0,0,0,0,0,0,0,0,0,0,0,0,0,0,0,0,0,0,0,0,0,0,0,0,0,0,0,0,0,0,0,0,0,0,0,0,0,0,0,0,0,0,0,0,0,0,0,0,0,0,0,0,0,0,0,0,0,0,0,0,0,0,0,0,0,0,0,0,0,0,
0,0,0,0,0,0,0,0,0,0,0,0,0,0,0,0,0,0,0,0,0,0,0,0,0,0,0,0,0,0,0,0,0,0,0,0,0,0,0,0,0,0,0,0,0,0,0,0,0,0,0,0,0,0,0,0,0,0,0,0,0,0,0,0,0,0,0,0,0,0,0,0,0,0,0,0,0,0,0,0,0,0,0,0,0,0,0,0,0,0,0,0,0,0,0,0,0,0,0,0,0,0,0,0,0,0,0,0,0,0,0,0,0,0,0,0,0,0,0,0,0,0,0,0,0,0,0,0,0,0,0,0,0,0,0,0,0,0,0,0,0,0,0,0,0,0,0,0,0,0,0,0,0,0,0,0,0,0,0,0,0,0,0,0,0,0,0,0,0,0,0,0,0,0,0,0,0,0,0,0,0,0,0,0,0,0,0,0,0,0,0,0,0,0,0,0,0,0,0,0,0,0,0,0,0,0,0,0,0,0,0,0,0,0,0,0,0,0,0,0,0,0,0,0,0,0,0,0,0,0,0,0,0,0,0,0,0,0,0,0,0,0,0,0,0,0,0,0,0,0,0,0,0,0,0,0,
0,0,0,0,0,0,0,0,0,0,0,0,0,0,0,0,0,0,0,0,0,0,0,0,0,0,0,0,0,0,0,0,0,0,0,0,0,0,0,0,0,0,0,0,0,0,0,0,0,0,0,0,0,0,0,0,0,0,0,0,0,0,0,0,0,0,0,0,0,0,0,0,0,0,0,0,0,0,0,0,0,0,0,0,0,0,0,0,0,0,0,0,0,0,0,0,0,0,0,0,0,0,0,0,0,0,0,0,0,0,0,0,0,0,0,0,0,0,0,0,0,0,0,0,0,0,0,0,0,0,0,0,0,0,0,0,0,0,0,0,0,0,0,0,0,0,0,0,0,0,0,0,0,0,0,0,0,0,0,0,0,0,0,0,0,0,0,0,0,0,0,0,0,0,0,0,0,0,0,0,0,0,0,0,0,0,0,0,0,0,0,0,0,0,0,0,0,0,0,0,0,0,0,0,0,0,0,0,0,0,0,0,0,0,0,0,0,0,0,0,0,0,0,0,0,0,0,0,0,0,0,0,0,0,0,0,0,0,0,0,0,0,0,0,0,0,0,0,0,0,0,0,0,0,0,0,
0,0,0,0,0,0,0,0,0,0,0,0,0,0,0,0,0,0,0,0,0,0,0,0,0,0,0,0,0,0,0,0,0,0,0,0,0,0,0,0,0,0,0,0,0,0,0,0,0,0,0,0,0,0,0,0,0,0,0,0,0,0,0,0,0,0,0,0,0,0,0,0,0,0,0,0,0,0,0,0,0,0,0,0,0,0,0,0,0,0,0,0,0,0,0,0,0,0,0,0,0,0,0,0,0,0,0,0,0,0,0,0,0,0,0,0,0,0,0,0,0,0,0,0,0,0,0,0,0,0,0,0,0,0,0,0,0,0,0,0,0,0,0,0,0,0,0,0,0,0,0,0,0,0,0,0,0,0,0,0,0,0,0,0,0,0,0,0,0,0,0,0,0,0,0,0,0,0,0,0,0,0,0,0,0,0,0,0,0,0,0,0,0,0,0,0,0,0,0,0,0,0,0,0,0,0,0,0,0,0,0,0,0,0,0,0,0,0,0,0,0,0,0,0,0,0,0,0,0,0,0,0,0,0,0,0,0,0,0,0,0,0,0,0,0,0,0,0,0,0,0,0,0,0,0,0,
0,0,0,0,0,0,0,0,0,0,0,0,0,0,0,0,0,0,0,0,0,0,0,0,0,0,0,0,0,0,0,0,0,0,0,0,0,0,0,0,0,0,0,0,0,0,0,0,0,0,0,0,0,0,0,0,0,0,0,0,0,0,0,0,0,0,0,0,0,0,0,0,0,0,0,0,0,0,0,0,0,0,0,0,0,0,0,0,0,0,0,0,0,0,0,0,0,0,0,0,0,0,0,0,0,0,0,0,0,0,0,0,0,0,0,0,0,0,0,0,0,0,0,0,0,0,0,0,0,0,0,0,0,0,0,0,0,0,0,0,0,0,0,0,0,0,0,0,0,0,0,0,0,0,0,0,0,0,0,0,0,0,0,0,0,0,0,0,0,0,0,0,0,0,0,0,0,0,0,0,0,0,0,0,0,0,0,0,0,0,0,0,0,0,0,0,0,0,0,0,0,0,0,0,0,0,0,0,0,0,0,0,0,0,0,0,0,0,0,0,0,0,0,0,0,0,0,0,0,0,0,0,0,0,0,0,0,0,0,0,0,0,0,0,0,0,0,0,0,0,0,0,0,0,0,0,
0,0,0,0,0,0,0,0,0,0,0,0,0,0,0,0,0,0,0,0,0,0,0,0,0,0,0,0,0,0,0,0,0,0,0,0,0,0,0,0,0,0,0,0,0,0,0,0,0,0,0,0,0,0,0,0,0,0,0,0,0,0,0,0,0,0,0,0,0,0,0,0,0,0,0,0,0,0,0,0,0,0,0,0,0,0,0,0,0,0,0,0,0,0,0,0,0,0,0,0,0,0,0,0,0,0,0,0,0,0,0,0,0,0,0,0,0,0,0,0,0,0,0,0,0,0,0,0,0,0,0,0,0,0,0,0,0,0,0,0,0,0,0,0,0,0,0,0,0,0,0,0,0,0,0,0,0,0,0,0,0,0,0,0,0,0,0,0,0,0,0,0,0,0,0,0,0,0,0,0,0,0,0,0,0,0,0,0,0,0,0,0,0,0,0,0,0,0,0,0,0,0,0,0,0,0,0,0,0,0,0,0,0,0,0,0,0,0,0,0,0,0,0,0,0,0,0,0,0,0,0,0,0,0,0,0,0,0,0,0,0,0,0,0,0,0,0,0,0,0,0,0,0,0,0,0,
0,0,0,0,0,0,0,0,0,0,0,0,0,0,0,0,0,0,0,0,0,0,0,0,0,0,0,0,0,0,0,0,0,0,0,0,0,0,0,0,0,0,0,0,0,0,0,0,0,0,0,0,0,0,0,0,0,0,0,0,0,0,0,0,0,0,0,0,0,0,0,0,0,0,0,0,0,0,0,0,0,0,0,0,0,0,0,0,0,0,0,0,0,0,0,0,0,0,0,0,0,0,0,0,0,0,0,0,0,0,0,0,0,0,0,0,0,0,0,0,0,0,0,0,0,0,0,0,0,0,0,0,0,0,0,0,0,0,0,0,0,0,0,0,0,0,0,0,0,0,0,0,0,0,0,0,0,0,0,0,0,0,0,0,0,0,0,0,0,0,0,0,0,0,0,0,0,0,0,0,0,0,0,0,0,0,0,0,0,0,0,0,0,0,0,0,0,0,0,0,0,0,0,0,0,0,0,0,0,0,0,0,0,0,0,0,0,0,0,0,0,0,0,0,0,0,0,0,0,0,0,0,0,0,0,0,0,0,0,0,0,0,0,0,0,0,0,0,0,0,0,0,0,0,0,0,
0,0,0,0,0,0,0,0,0,0,0,0,0,0,0,0,0,0,0,0,0,0,0,0,0,0,0,0,0,0,0,0,0,0,0,0,0,0,0,0,0,0,0,0,0,0,0,0,0,0,0,0,0,0,0,0,0,0,0,0,0,0,0,0,0,0,0,0,0,0,0,0,0,0,0,0,0,0,0,0,0,0,0,0,0,0,0,0,0,0,0,0,0,0,0,0,0,0,0,0,0,0,0,0,0,0,0,0,0,0,0,0,0,0,0,0,0,0,0,0,0,0,0,0,0,0,0,0,0,0,0,0,0,0,0,0,0,0,0,0,0,0,0,0,0,0,0,0,0,0,0,0,0,0,0,0,0,0,0,0,0,0,0,0,0,0,0,0,0,0,0,0,0,0,0,0,0,0,0,0,0,0,0,0,0,0,0,0,0,0,0,0,0,0,0,0,0,0,0,0,0,0,0,0,0,0,0,0,0,0,0,0,0,0,0,0,0,0,0,0,0,0,0,0,0,0,0,0,0,0,0,0,0,0,0,0,0,0,0,0,0,0,0,0,0,0,0,0,0,0,0,0,0,0,0,0,
0,0,0,0,0,0,0,0,0,0,0,0,0,0,0,0,0,0,0,0,0,0,0,0,0,0,0,0,0,0,0,0,0,0,0,0,0,0,0,0,0,0,0,0,0,0,0,0,0,0,0,0,0,0,0,0,0,0,0,0,0,0,0,0,0,0,0,0,0,0,0,0,0,0,0,0,0,0,0,0,0,0,0,0,0,0,0,0,0,0,0,0,0,0,0,0,0,0,0,0,0,0,0,0,0,0,0,0,0,0,0,0,0,0,0,0,0,0,0,0,0,0,0,0,0,0,0,0,0,0,0,0,0,0,0,0,0,0,0,0,0,0,0,0,0,0,0,0,0,0,0,0,0,0,0,0,0,0,0,0,0,0,0,0,0,0,0,0,0,0,0,0,0,0,0,0,0,0,0,0,0,0,0,0,0,0,0,0,0,0,0,0,0,0,0,0,0,0,0,0,0,0,0,0,0,0,0,0,0,0,0,0,0,0,0,0,0,0,0,0,0,0,0,0,0,0,0,0,0,0,0,0,0,0,0,0,0,0,0,0,0,0,0,0,0,0,0,0,0,0,0,0,0,0,0,0,
0,0,0,0,0,0,0,0,0,0,0,0,0,0,0,0,0,0,0,0,0,0,0,0,0,0,0,0,0,0,0,0,0,0,0,0,0,0,0,0,0,0,0,0,0,0,0,0,0,0,0,0,0,0,0,0,0,0,0,0,0,0,0,0,0,0,0,0,0,0,0,0,0,0,0,0,0,0,0,0,0,0,0,0,0,0,0,0,0,0,0,0,0,0,0,0,0,0,0,0,0,0,0,0,0,0,0,0,0,0,0,0,0,0,0,0,0,0,0,0,0,0,0,0,0,0,0,0,0,0,0,0,0,0,0,0,0,0,0,0,0,0,0,0,0,0,0,0,0,0,0,0,0,0,0,0,0,0,0,0,0,0,0,0,0,0,0,0,0,0,0,0,0,0,0,0,0,0,0,0,0,0,0,0,0,0,0,0,0,0,0,0,0,0,0,0,0,0,0,0,0,0,0,0,0,0,0,0,0,0,0,0,0,0,0,0,0,0,0,0,0,0,0,0,0,0,0,0,0,0,0,0,0,0,0,0,0,0,0,0,0,0,0,0,0,0,0,0,0,0,0,0,0,0,0,0,
0,0,0,0,0,0,0,0,0,0,0,0,0,0,0,0,0,0,0,0,0,0,0,0,0,0,0,0,0,0,0,0,0,0,0,0,0,0,0,0,0,0,0,0,0,0,0,0,0,0,0,0,0,0,0,0,0,0,0,0,0,0,0,0,0,0,0,0,0,0,0,0,0,0,0,0,0,0,0,0,0,0,0,0,0,0,0,0,0,0,0,0,0,0,0,0,0,0,0,0,0,0,0,0,0,0,0,0,0,0,0,0,0,0,0,0,0,0,0,0,0,0,0,0,0,0,0,0,0,0,0,0,0,0,0,0,0,0,0,0,0,0,0,0,0,0,0,0,0,0,0,0,0,0,0,0,0,0,0,0,0,0,0,0,0,0,0,0,0,0,0,0,0,0,0,0,0,0,0,0,0,0,0,0,0,0,0,0,0,0,0,0,0,0,0,0,0,0,0,0,0,0,0,0,0,0,0,0,0,0,0,0,0,0,0,0,0,0,0,0,0,0,0,0,0,0,0,0,0,0,0,0,0,0,0,0,0,0,0,0,0,0,0,0,0,0,0,0,0,0,0,0,0,0,0,0,
0,0,0,0,0,0,0,0,0,0,0,0,0,0,0,0,0,0,0,0,0,0,0,0,0,0,0,0,0,0,0,0,0,0,0,0,0,0,0,0,0,0,0,0,0,0,0,0,0,0,0,0,0,0,0,0,0,0,0,0,0,0,0,0,0,0,0,0,0,0,0,0,0,0,0,0,0,0,0,0,0,0,0,0,0,0,0,0,0,0,0,0,0,0,0,0,0,0,0,0,0,0,0,0,0,0,0,0,0,0,0,0,0,0,0,0,0,0,0,0,0,0,0,0,0,0,0,0,0,0,0,0,0,0,0,0,0,0,0,0,0,0,0,0,0,0,0,0,0,0,0,0,0,0,0,0,0,0,0,0,0,0,0,0,0,0,0,0,0,0,0,0,0,0,0,0,0,0,0,0,0,0,0,0,0,0,0,0,0,0,0,0,0,0,0,0,0,0,0,0,0,0,0,0,0,0,0,0,0,0,0,0,0,0,0,0,0,0,0,0,0,0,0,0,0,0,0,0,0,0,0,0,0,0,0,0,0,0,0,0,0,0,0,0,0,0,0,0,0,0,0,0,0,0,0,0,
0,0,0,0,0,0,0,0,0,0,0,0,0,0,0,0,0,0,0,0,0,0,0,0,0,0,0,0,0,0,0,0,0,0,0,0,0,0,0,0,0,0,0,0,0,0,0,0,0,0,0,0,0,0,0,0,0,0,0,0,0,0,0,0,0,0,0,0,0,0,0,0,0,0,0,0,0,0,0,0,0,0,0,0,0,0,0,0,0,0,0,0,0,0,0,0,0,0,0,0,0,0,0,0,0,0,0,0,0,0,0,0,0,0,0,0,0,0,0,0,0,0,0,0,0,0,0,0,0,0,0,0,0,0,0,0,0,0,0,0,0,0,0,0,0,0,0,0,0,0,0,0,0,0,0,0,0,0,0,0,0,0,0,0,0,0,0,0,0,0,0,0,0,0,0,0,0,0,0,0,0,0,0,0,0,0,0,0,0,0,0,0,0,0,0,0,0,0,0,0,0,0,0,0,0,0,0,0,0,0,0,0,0,0,0,0,0,0,0,0,0,0,0,0,0,0,0,0,0,0,0,0,0,0,0,0,0,0,0,0,0,0,0,0,0,0,0,0,0,0,0,0,0,0,0,0,
0,0,0,0,0,0,0,0,0,0,0,0,0,0,0,0,0,0,0,0,0,0,0,0,0,0,0,0,0,0,0,0,0,0,0,0,0,0,0,0,0,0,0,0,0,0,0,0,0,0,0,0,0,0,0,0,0,0,0,0,0,0,0,0,0,0,0,0,0,0,0,0,0,0,0,0,0,0,0,0,0,0,0,0,0,0,0,0,0,0,0,0,0,0,0,0,0,0,0,0,0,0,0,0,0,0,0,0,0,0,0,0,0,0,0,0,0,0,0,0,0,0,0,0,0,0,0,0,0,0,0,0,0,0,0,0,0,0,0,0,0,0,0,0,0,0,0,0,0,0,0,0,0,0,0,0,0,0,0,0,0,0,0,0,0,0,0,0,0,0,0,0,0,0,0,0,0,0,0,0,0,0,0,0,0,0,0,0,0,0,0,0,0,0,0,0,0,0,0,0,0,0,0,0,0,0,0,0,0,0,0,0,0,0,0,0,0,0,0,0,0,0,0,0,0,0,0,0,0,0,0,0,0,0,0,0,0,0,0,0,0,0,0,0,0,0,0,0,0,0,0,0,0,0,0,0,
0,0,0,0,0,0,0,0,0,0,0,0,0,0,0,0,0,0,0,0,0,0,0,0,0,0,0,0,0,0,0,0,0,0,0,0,0,0,0,0,0,0,0,0,0,0,0,0,0,0,0,0,0,0,0,0,0,0,0,0,0,0,0,0,0,0,0,0,0,0,0,0,0,0,0,0,0,0,0,0,0,0,0,0,0,0,0,0,0,0,0,0,0,0,0,0,0,0,0,0,0,0,0,0,0,0,0,0,0,0,0,0,0,0,0,0,0,0,0,0,0,0,0,0,0,0,0,0,0,0,0,0,0,0,0,0,0,0,0,0,0,0,0,0,0,0,0,0,0,0,0,0,0,0,0,0,0,0,0,0,0,0,0,0,0,0,0,0,0,0,0,0,0,0,0,0,0,0,0,0,0,0,0,0,0,0,0,0,0,0,0,0,0,0,0,0,0,0,0,0,0,0,0,0,0,0,0,0,0,0,0,0,0,0,0,0,0,0,0,0,0,0,0,0,0,0,0,0,0,0,0,0,0,0,0,0,0,0,0,0,0,0,0,0,0,0,0,0,0,0,0,0,0,0,0,0,
0,0,0,0,0,0,0,0,0,0,0,0,0,0,0,0,0,0,0,0,0,0,0,0,0,0,0,0,0,0,0,0,0,0,0,0,0,0,0,0,0,0,0,0,0,0,0,0,0,0,0,0,0,0,0,0,0,0,0,0,0,0,0,0,0,0,0,0,0,0,0,0,0,0,0,0,0,0,0,0,0,0,0,0,0,0,0,0,0,0,0,0,0,0,0,0,0,0,0,0,0,0,0,0,0,0,0,0,0,0,0,0,0,0,0,0,0,0,0,0,0,0,0,0,0,0,0,0,0,0,0,0,0,0,0,0,0,0,0,0,0,0,0,0,0,0,0,0,0,0,0,0,0,0,0,0,0,0,0,0,0,0,0,0,0,0,0,0,0,0,0,0,0,0,0,0,0,0,0,0,0,0,0,0,0,0,0,0,0,0,0,0,0,0,0,0,0,0,0,0,0,0,0,0,0,0,0,0,0,0,0,0,0,0,0,0,0,0,0,0,0,0,0,0,0,0,0,0,0,0,0,0,0,0,0,0,0,0,0,0,0,0,0,0,0,0,0,0,0,0,0,0,0,0,0,0,
0,0,0,0,0,0,0,0,0,0,0,0,0,0,0,0,0,0,0,0,0,0,0,0,0,0,0,0,0,0,0,0,0,0,0,0,0,0,0,0,0,0,0,0,0,0,0,0,0,0,0,0,0,0,0,0,0,0,0,0,0,0,0,0,0,0,0,0,0,0,0,0,0,0,0,0,0,0,0,0,0,0,0,0,0,0,0,0,0,0,0,0,0,0,0,0,0,0,0,0,0,0,0,0,0,0,0,0,0,0,0,0,0,0,0,0,0,0,0,0,0,0,0,0,0,0,0,0,0,0,0,0,0,0,0,0,0,0,0,0,0,0,0,0,0,0,0,0,0,0,0,0,0,0,0,0,0,0,0,0,0,0,0,0,0,0,0,0,0,0,0,0,0,0,0,0,0,0,0,0,0,0,0,0,0,0,0,0,0,0,0,0,0,0,0,0,0,0,0,0,0,0,0,0,0,0,0,0,0,0,0,0,0,0,0,0,0,0,0,0,0,0,0,0,0,0,0,0,0,0,0,0,0,0,0,0,0,0,0,0,0,0,0,0,0,0,0,0,0,0,0,0,0,0,0,0,
0,0,0,0,0,0,0,0,0,0,0,0,0,0,0,0,0,0,0,0,0,0,0,0,0,0,0,0,0,0,0,0,0,0,0,0,0,0,0,0,0,0,0,0,0,0,0,0,0,0,0,0,0,0,0,0,0,0,0,0,0,0,0,0,0,0,0,0,0,0,0,0,0,0,0,0,0,0,0,0,0,0,0,0,0,0,0,0,0,0,0,0,0,0,0,0,0,0,0,0,0,0,0,0,0,0,0,0,0,0,0,0,0,0,0,0,0,0,0,0,0,0,0,0,0,0,0,0,0,0,0,0,0,0,0,0,0,0,0,0,0,0,0,0,0,0,0,0,0,0,0,0,0,0,0,0,0,0,0,0,0,0,0,0,0,0,0,0,0,0,0,0,0,0,0,0,0,0,0,0,0,0,0,0,0,0,0,0,0,0,0,0,0,0,0,0,0,0,0,0,0,0,0,0,0,0,0,0,0,0,0,0,0,0,0,0,0,0,0,0,0,0,0,0,0,0,0,0,0,0,0,0,0,0,0,0,0,0,0,0,0,0,0,0,0,0,0,0,0,0,0,0,0,0,0,0,
0,0,0,0,0,0,0,0,0,0,0,0,0,0,0,0,0,0,0,0,0,0,0,0,0,0,0,0,0,0,0,0,0,0,0,0,0,0,0,0,0,0,0,0,0,0,0,0,0,0,0,0,0,0,0,0,0,0,0,0,0,0,0,0,0,0,0,0,0,0,0,0,0,0,0,0,0,0,0,0,0,0,0,0,0,0,0,0,0,0,0,0,0,0,0,0,0,0,0,0,0,0,0,0,0,0,0,0,0,0,0,0,0,0,0,0,0,0,0,0,0,0,0,0,0,0,0,0,0,0,0,0,0,0,0,0,0,0,0,0,0,0,0,0,0,0,0,0,0,0,0,0,0,0,0,0,0,0,0,0,0,0,0,0,0,0,0,0,0,0,0,0,0,0,0,0,0,0,0,0,0,0,0,0,0,0,0,0,0,0,0,0,0,0,0,0,0,0,0,0,0,0,0,0,0,0,0,0,0,0,0,0,0,0,0,0,0,0,0,0,0,0,0,0,0,0,0,0,0,0,0,0,0,0,0,0,0,0,0,0,0,0,0,0,0,0,0,0,0,0,0,0,0,0,0,0,
0,0,0,0,0,0,0,0,0,0,0,0,0,0,0,0,0,0,0,0,0,0,0,0,0,0,0,0,0,0,0,0,0,0,0,0,0,0,0,0,0,0,0,0,0,0,0,0,0,0,0,0,0,0,0,0,0,0,0,0,0,0,0,0,0,0,0,0,0,0,0,0,0,0,0,0,0,0,0,0,0,0,0,0,0,0,0,0,0,0,0,0,0,0,0,0,0,0,0,0,0,0,0,0,0,0,0,0,0,0,0,0,0,0,0,0,0,0,0,0,0,0,0,0,0,0,0,0,0,0,0,0,0,0,0,0,0,0,0,0,0,0,0,0,0,0,0,0,0,0,0,0,0,0,0,0,0,0,0,0,0,0,0,0,0,0,0,0,0,0,0,0,0,0,0,0,0,0,0,0,0,0,0,0,0,0,0,0,0,0,0,0,0,0,0,0,0,0,0,0,0,0,0,0,0,0,0,0,0,0,0,0,0,0,0,0,0,0,0,0,0,0,0,0,0,0,0,0,0,0,0,0,0,0,0,0,0,0,0,0,0,0,0,0,0,0,0,0,0,0,0,0,0,0,0,0,
0,0,0,0,0,0,0,0,0,0,0,0,0,0,0,0,0,0,0,0,0,0,0,0,0,0,0,0,0,0,0,0,0,0,0,0,0,0,0,0,0,0,0,0,0,0,0,0,0,0,0,0,0,0,0,0,0,0,0,0,0,0,0,0,0,0,0,0,0,0,0,0,0,0,0,0,0,0,0,0,0,0,0,0,0,0,0,0,0,0,0,0,0,0,0,0,0,0,0,0,0,0,0,0,0,0,0,0,0,0,0,0,0,0,0,0,0,0,0,0,0,0,0,0,0,0,0,0,0,0,0,0,0,0,0,0,0,0,0,0,0,0,0,0,0,0,0,0,0,0,0,0,0,0,0,0,0,0,0,0,0,0,0,0,0,0,0,0,0,0,0,0,0,0,0,0,0,0,0,0,0,0,0,0,0,0,0,0,0,0,0,0,0,0,0,0,0,0,0,0,0,0,0,0,0,0,0,0,0,0,0,0,0,0,0,0,0,0,0,0,0,0,0,0,0,0,0,0,0,0,0,0,0,0,0,0,0,0,0,0,0,0,0,0,0,0,0,0,0,0,0,0,0,0,0,0,
0,0,0,0,0,0,0,0,0,0,0,0,0,0,0,0,0,0,0,0,0,0,0,0,0,0,0,0,0,0,0,0,0,0,0,0,0,0,0,0,0,0,0,0,0,0,0,0,0,0,0,0,0,0,0,0,0,0,0,0,0,0,0,0,0,0,0,0,0,0,0,0,0,0,0,0,0,0,0,0,0,0,0,0,0,0,0,0,0,0,0,0,0,0,0,0,0,0,0,0,0,0,0,0,0,0,0,0,0,0,0,0,0,0,0,0,0,0,0,0,0,0,0,0,0,0,0,0,0,0,0,0,0,0,0,0,0,0,0,0,0,0,0,0,0,0,0,0,0,0,0,0,0,0,0,0,0,0,0,0,0,0,0,0,0,0,0,0,0,0,0,0,0,0,0,0,0,0,0,0,0,0,0,0,0,0,0,0,0,0,0,0,0,0,0,0,0,0,0,0,0,0,0,0,0,0,0,0,0,0,0,0,0,0,0,0,0,0,0,0,0,0,0,0,0,0,0,0,0,0,0,0,0,0,0,0,0,0,0,0,0,0,0,0,0,0,0,0,0,0,0,0,0,0,0,0,
0,0,0,0,0,0,0,0,0,0,0,0,0,0,0,0,0,0,0,0,0,0,0,0,0,0,0,0,0,0,0,0,0,0,0,0,0,0,0,0,0,0,0,0,0,0,0,0,0,0,0,0,0,0,0,0,0,0,0,0,0,0,0,0,0,0,0,0,0,0,0,0,0,0,0,0,0,0,0,0,0,0,0,0,0,0,0,0,0,0,0,0,0,0,0,0,0,0,0,0,0,0,0,0,0,0,0,0,0,0,0,0,0,0,0,0,0,0,0,0,0,0,0,0,0,0,0,0,0,0,0,0,0,0,0,0,0,0,0,0,0,0,0,0,0,0,0,0,0,0,0,0,0,0,0,0,0,0,0,0,0,0,0,0,0,0,0,0,0,0,0,0,0,0,0,0,0,0,0,0,0,0,0,0,0,0,0,0,0,0,0,0,0,0,0,0,0,0,0,0,0,0,0,0,0,0,0,0,0,0,0,0,0,0,0,0,0,0,0,0,0,0,0,0,0,0,0,0,0,0,0,0,0,0,0,0,0,0,0,0,0,0,0,0,0,0,0,0,0,0,0,0,0,0,0,0,
0,0,0,0,0,0,0,0,0,0,0,0,0,0,0,0,0,0,0,0,0,0,0,0,0,0,0,0,0,0,0,0,0,0,0,0,0,0,0,0,0,0,0,0,0,0,0,0,0,0,0,0,0,0,0,0,0,0,0,0,0,0,0,0,0,0,0,0,0,0,0,0,0,0,0,0,0,0,0,0,0,0,0,0,0,0,0,0,0,0,0,0,0,0,0,0,0,0,0,0,0,0,0,0,0,0,0,0,0,0,0,0,0,0,0,0,0,0,0,0,0,0,0,0,0,0,0,0,0,0,0,0,0,0,0,0,0,0,0,0,0,0,0,0,0,0,0,0,0,0,0,0,0,0,0,0,0,0,0,0,0,0,0,0,0,0,0,0,0,0,0,0,0,0,0,0,0,0,0,0,0,0,0,0,0,0,0,0,0,0,0,0,0,0,0,0,0,0,0,0,0,0,0,0,0,0,0,0,0,0,0,0,0,0,0,0,0,0,0,0,0,0,0,0,0,0,0,0,0,0,0,0,0,0,0,0,0,0,0,0,0,0,0,0,0,0,0,0,0,0,0,0,0,0,0,0,
0,0,0,0,0,0,0,0,0,0,0,0,0,0,0,0,0,0,0,0,0,0,0,0,0,0,0,0,0,0,0,0,0,0,0,0,0,0,0,0,0,0,0,0,0,0,0,0,0,0,0,0,0,0,0,0,0,0,0,0,0,0,0,0,0,0,0,0,0,0,0,0,0,0,0,0,0,0,0,0,0,0,0,0,0,0,0,0,0,0,0,0,0,0,0,0,0,0,0,0,0,0,0,0,0,0,0,0,0,0,0,0,0,0,0,0,0,0,0,0,0,0,0,0,0,0,0,0,0,0,0,0,0,0,0,0,0,0,0,0,0,0,0,0,0,0,0,0,0,0,0,0,0,0,0,0,0,0,0,0,0,0,0,0,0,0,0,0,0,0,0,0,0,0,0,0,0,0,0,0,0,0,0,0,0,0,0,0,0,0,0,0,0,0,0,0,0,0,0,0,0,0,0,0,0,0,0,0,0,0,0,0,0,0,0,0,0,0,0,0,0,0,0,0,0,0,0,0,0,0,0,0,0,0,0,0,0,0,0,0,0,0,0,0,0,0,0,0,0,0,0,0,0,0,0,0,
0,0,0,0,0,0,0,0,0,0,0,0,0,0,0,0,0,0,0,0,0,0,0,0,0,0,0,0,0,0,0,0,0,0,0,0,0,0,0,0,0,0,0,0,0,0,0,0,0,0,0,0,0,0,0,0,0,0,0,0,0,0,0,0,0,0,0,0,0,0,0,0,0,0,0,0,0,0,0,0,0,0,0,0,0,0,0,0,0,0,0,0,0,0,0,0,0,0,0,0,0,0,0,0,0,0,0,0,0,0,0,0,0,0,0,0,0,0,0,0,0,0,0,0,0,0,0,0,0,0,0,0,0,0,0,0,0,0,0,0,0,0,0,0,0,0,0,0,0,0,0,0,0,0,0,0,0,0,0,0,0,0,0,0,0,0,0,0,0,0,0,0,0,0,0,0,0,0,0,0,0,0,0,0,0,0,0,0,0,0,0,0,0,0,0,0,0,0,0,0,0,0,0,0,0,0,0,0,0,0,0,0,0,0,0,0,0,0,0,0,0,0,0,0,0,0,0,0,0,0,0,0,0,0,0,0,0,0,0,0,0,0,0,0,0,0,0,0,0,0,0,0,0,0,0,0,
0,0,0,0,0,0,0,0,0,0,0,0,0,0,0,0,0,0,0,0,0,0,0,0,0,0,0,0,0,0,0,0,0,0,0,0,0,0,0,0,0,0,0,0,0,0,0,0,0,0,0,0,0,0,0,0,0,0,0,0,0,0,0,0,0,0,0,0,0,0,0,0,0,0,0,0,0,0,0,0,0,0,0,0,0,0,0,0,0,0,0,0,0,0,0,0,0,0,0,0,0,0,0,0,0,0,0,0,0,0,0,0,0,34,0,0,0,0,0,0,0,0,0,0,0,0,0,0,0,0,0,0,0,0,0,0,0,0,0,0,0,0,0,0,0,0,0,0,0,0,0,0,0,0,0,0,0,0,0,0,0,0,0,0,0,0,0,0,0,0,0,0,0,0,0,0,0,0,0,0,0,0,0,0,0,0,0,0,0,0,0,0,0,0,0,0,0,0,0,0,0,0,0,0,0,0,0,0,0,0,0,0,0,0,0,0,0,0,0,0,0,0,0,0,0,0,0,0,0,0,0,0,0,0,0,0,0,0,0,0,0,0,0,0,0,0,0,0,0,0,0,0,0,0,0,0,
0,0,0,0,0,0,0,0,0,0,0,0,0,0,0,0,0,0,0,0,0,0,0,0,0,0,0,0,0,0,0,0,0,0,31,0,0,0,0,0,0,0,0,0,0,0,0,0,0,0,0,0,0,0,0,0,0,0,0,0,0,0,0,0,0,0,0,0,0,0,0,0,0,0,0,0,0,0,0,0,0,0,0,0,0,0,0,0,0,0,0,0,0,0,0,0,0,0,0,0,0,0,0,0,0,0,0,0,0,0,0,0,0,34,0,0,0,0,0,0,0,0,0,0,0,0,0,0,0,0,0,0,0,0,0,0,0,0,0,0,0,0,0,0,0,0,0,0,0,0,0,0,0,0,0,0,0,0,0,0,0,0,0,0,0,0,0,0,34,0,0,0,0,0,0,0,0,0,0,0,0,0,0,0,0,0,0,0,0,0,0,0,0,0,0,0,0,0,0,0,0,35,0,0,0,0,0,31,0,0,0,0,0,0,0,0,0,0,0,0,0,0,0,0,0,0,0,0,0,0,0,0,0,0,0,0,0,0,0,0,0,0,0,0,0,0,0,0,0,0,0,0,0,0,0,0,
0,0,0,0,0,0,0,0,0,0,0,0,0,0,0,0,0,0,0,0,0,0,0,0,0,0,0,0,0,0,0,0,0,38,33,0,0,0,0,0,0,0,0,0,0,0,0,0,0,0,0,0,0,0,0,0,0,0,0,0,0,0,0,0,0,0,0,0,0,0,0,0,0,0,0,0,0,0,0,0,0,0,0,0,0,0,0,0,0,0,0,0,0,0,0,0,0,0,0,0,0,0,0,0,0,0,0,0,0,0,0,0,35,0,0,0,0,0,0,0,0,0,0,0,0,0,0,0,0,0,0,0,0,0,0,0,0,0,0,34,0,0,0,0,0,0,0,0,0,0,0,0,0,0,0,0,0,0,0,0,0,0,0,0,0,0,0,0,0,0,34,0,0,33,0,0,0,0,0,0,0,0,0,0,0,0,0,0,0,0,0,0,0,0,0,0,0,0,0,0,37,0,0,0,0,0,0,29,32,0,39,0,0,0,0,0,0,0,0,0,0,0,0,0,0,0,0,0,0,0,0,0,0,0,0,0,0,0,0,0,39,0,0,0,0,42,0,0,0,0,0,0,0,0,0,0,
0,0,0,0,0,0,0,0,0,0,0,0,0,0,0,0,0,0,0,0,0,0,32,0,0,0,0,0,0,0,0,0,0,38,0,0,0,0,0,0,0,0,0,0,0,0,0,0,0,0,0,44,0,0,0,0,0,0,0,0,0,42,0,0,0,0,0,0,0,0,0,0,0,0,0,0,0,0,0,0,0,0,0,0,0,0,0,0,0,43,0,0,0,0,0,0,0,0,0,0,0,0,0,32,0,0,0,37,36,0,38,0,0,0,0,0,0,0,33,0,0,0,0,0,0,40,0,0,0,0,0,0,0,0,0,0,0,0,0,0,0,0,0,0,32,0,0,0,0,0,0,0,0,0,0,0,0,0,0,0,0,0,0,0,0,0,0,0,0,0,36,33,33,0,0,0,0,0,0,0,0,0,0,0,0,0,0,0,0,0,0,0,0,0,0,0,0,0,0,0,36,36,0,0,0,0,0,33,0,0,0,41,0,0,0,0,0,0,0,0,0,0,0,0,0,0,0,0,0,0,0,39,0,0,0,40,0,0,0,0,0,0,0,0,43,0,0,0,0,0,0,0,0,0,0,0,
0,0,0,0,0,0,0,0,0,35,0,0,0,0,0,0,0,0,0,43,0,0,38,0,0,0,0,0,0,35,0,0,0,39,0,0,41,0,0,0,0,36,0,0,0,0,0,0,0,0,0,0,0,0,0,0,34,0,0,0,0,0,42,41,0,40,0,0,0,0,0,32,32,0,0,31,0,0,0,0,0,0,0,0,0,0,0,0,0,43,0,0,0,0,0,0,0,0,0,0,0,0,0,0,0,0,37,39,37,37,37,36,0,0,0,0,0,0,0,0,0,0,0,0,0,0,0,39,0,0,0,0,0,0,0,35,0,33,0,0,0,0,0,35,0,0,0,0,0,0,0,0,0,0,0,0,0,0,0,0,0,0,0,0,0,0,0,0,0,0,38,34,0,0,0,0,0,0,0,0,0,0,0,0,0,0,0,0,0,0,0,0,0,34,0,0,0,0,0,34,0,0,0,0,0,0,0,32,0,33,0,0,0,0,0,0,0,0,0,0,0,0,0,0,0,0,0,0,0,0,0,40,0,0,0,0,0,0,39,0,39,0,0,0,0,0,0,0,0,0,0,0,0,0,0,0,
0,0,0,0,0,0,36,0,0,0,38,0,0,0,0,0,0,0,0,0,33,0,0,0,0,0,0,0,35,34,0,0,0,36,40,0,0,0,0,0,36,33,37,0,0,0,0,0,0,0,0,0,36,45,0,35,34,0,35,0,0,0,0,0,0,0,39,42,37,0,37,33,0,0,0,0,0,0,0,38,0,32,0,0,0,0,0,0,0,41,43,42,0,0,0,0,0,0,0,0,0,0,0,0,0,0,35,0,38,38,38,37,38,0,0,38,0,0,0,0,35,0,0,0,0,0,0,36,37,0,0,0,0,36,0,34,0,0,0,0,0,0,0,0,0,0,0,0,0,34,0,0,0,0,0,0,0,0,0,0,0,0,0,0,0,0,0,0,0,0,37,38,0,0,0,0,0,0,0,0,0,0,0,0,0,0,0,0,0,0,0,34,0,36,0,0,0,0,35,0,0,0,0,0,0,37,0,0,34,34,38,35,0,0,0,0,0,33,0,32,0,0,0,0,0,0,0,0,0,0,0,0,0,0,0,39,39,0,40,0,41,0,0,0,0,0,46,0,0,0,0,0,0,0,0,0,
0,0,0,0,0,0,31,35,0,0,35,38,36,0,0,0,0,0,0,0,0,42,39,35,33,35,0,40,35,37,0,34,0,35,0,32,0,0,0,0,0,37,0,0,0,0,0,0,0,0,0,35,37,46,45,37,37,0,36,0,0,35,0,37,0,0,40,42,0,36,37,0,35,0,0,0,34,0,37,37,0,33,33,0,0,0,0,0,0,0,0,43,36,0,42,0,0,0,0,0,0,0,0,0,0,0,0,0,0,36,0,38,38,38,0,0,0,36,0,0,0,36,0,0,0,0,0,0,36,37,0,38,0,40,0,36,0,0,0,36,0,0,0,0,37,0,0,0,0,39,39,34,35,37,0,0,42,0,0,0,0,0,0,0,0,0,0,36,35,0,0,41,0,0,41,0,39,0,0,0,0,0,0,39,0,0,0,37,0,39,35,0,0,37,36,36,0,0,35,36,0,37,37,36,38,0,0,36,33,34,35,41,36,0,33,0,34,42,32,0,33,0,0,33,0,0,0,0,0,0,35,0,0,0,40,40,36,0,40,40,41,0,0,40,0,0,47,0,0,0,0,0,0,0,0,0,
0,0,0,0,36,0,32,0,0,37,35,39,33,0,0,34,0,0,0,0,0,0,0,35,37,34,35,41,0,41,0,0,0,44,37,33,0,0,39,0,42,39,40,0,0,35,0,0,0,0,0,0,45,36,42,46,47,42,45,43,39,37,40,41,0,0,39,0,0,36,36,0,42,0,0,0,0,0,0,38,0,36,0,0,0,40,0,0,39,0,0,44,37,38,41,38,41,0,0,34,0,0,0,0,0,0,0,35,0,0,39,39,39,0,43,0,0,0,36,0,0,0,39,41,0,0,0,36,36,38,38,0,0,0,40,38,38,0,0,0,0,34,0,0,0,0,0,0,0,36,39,35,38,36,33,46,0,0,0,0,0,0,0,0,0,40,0,37,38,38,42,0,43,0,42,41,40,40,0,0,0,0,0,39,40,0,0,37,0,38,40,38,37,38,37,38,38,0,37,36,37,38,37,37,40,37,38,37,36,35,34,37,36,0,39,39,41,42,33,44,0,0,34,0,36,0,34,0,0,0,41,36,0,0,0,0,38,0,41,0,0,0,49,40,40,0,0,0,0,0,0,0,0,0,0,0,
39,0,40,0,36,36,32,45,0,0,36,36,35,36,36,39,37,36,0,34,0,0,36,35,0,34,35,40,0,42,45,36,39,44,44,0,38,42,41,42,40,40,40,41,40,36,35,39,0,0,42,0,43,37,41,46,47,41,42,38,44,39,43,38,42,39,41,35,40,0,38,37,42,39,0,0,0,0,0,0,0,0,39,0,0,41,41,44,43,38,40,35,44,38,39,41,41,38,0,0,36,0,35,0,0,0,0,36,36,39,40,40,40,43,0,0,40,36,35,36,0,31,0,38,41,41,0,0,40,38,39,32,0,38,44,45,0,0,39,0,0,0,37,34,33,0,34,0,35,32,38,39,39,36,36,0,45,0,35,0,0,0,0,0,32,0,38,39,39,0,41,43,43,0,43,42,45,40,0,0,0,0,0,0,0,38,0,41,36,0,38,0,40,37,41,40,0,39,41,0,42,38,0,38,40,38,38,38,39,37,40,0,39,38,0,40,42,44,43,46,0,0,37,38,0,37,34,34,34,37,0,46,37,0,40,0,39,40,42,35,0,0,37,40,41,42,40,0,0,0,0,0,0,0,0,0,
38,40,40,0,44,39,33,39,45,0,37,36,35,35,36,41,38,0,37,36,41,37,37,36,33,35,36,41,40,44,43,40,39,39,44,45,38,39,0,44,42,41,45,38,37,39,39,42,36,43,43,43,0,42,39,41,44,45,41,38,46,43,40,40,39,36,41,36,41,35,38,43,42,40,39,0,0,0,0,0,0,40,40,0,0,43,42,42,45,46,0,40,35,41,41,35,40,39,39,0,35,36,35,0,0,0,0,0,0,0,34,40,41,39,44,45,41,44,37,36,36,36,0,0,0,0,0,0,47,38,39,34,32,32,36,44,0,0,0,0,0,0,38,39,33,34,35,34,36,37,40,40,40,37,36,0,45,43,36,46,40,0,0,0,38,33,32,42,0,43,44,37,40,35,41,44,46,44,44,0,36,0,38,38,37,39,39,42,39,0,0,0,36,43,37,41,39,41,39,38,39,42,39,40,39,39,41,40,40,42,39,40,42,39,39,40,40,39,45,43,0,38,40,40,35,38,35,37,34,34,39,0,48,38,0,40,41,45,43,35,35,40,0,38,42,42,43,41,37,0,41,0,0,0,0,0,
40,39,0,38,41,43,40,40,40,37,38,38,40,41,37,42,0,0,38,36,38,42,35,32,33,37,44,39,40,38,38,45,41,41,43,45,45,40,42,41,44,45,42,45,45,40,40,45,43,40,39,42,42,43,40,42,40,42,46,44,42,43,39,41,40,0,40,42,41,43,36,38,42,38,40,40,0,0,40,0,39,40,39,40,41,44,43,42,44,42,47,40,41,39,36,40,38,39,39,41,38,38,36,0,0,0,43,39,0,0,39,42,40,41,39,47,46,42,41,38,36,37,36,44,0,0,0,38,0,0,40,39,38,33,40,0,0,0,0,39,0,39,0,40,46,38,35,35,0,36,42,41,38,41,40,44,48,45,43,47,40,0,39,34,0,39,33,38,40,38,45,44,41,37,41,42,45,45,45,43,37,0,39,39,37,38,40,45,42,39,36,38,37,45,44,41,40,40,41,39,39,40,40,39,38,40,39,41,43,43,41,39,0,43,40,41,40,40,39,39,39,41,39,40,38,39,38,0,35,38,35,39,48,35,0,40,47,41,44,36,36,42,41,0,0,42,44,39,39,41,0,0,0,0,0,0,
42,39,39,43,38,42,44,39,0,0,0,39,40,39,42,0,0,0,0,0,36,37,38,36,34,36,42,45,44,41,42,39,38,41,45,39,47,41,45,43,38,39,45,46,46,48,47,43,46,46,38,42,43,44,36,41,44,41,42,37,45,41,44,41,41,40,42,44,41,44,43,43,42,41,40,41,42,34,40,39,40,0,40,38,41,38,36,38,39,43,43,40,41,40,40,42,41,38,39,37,48,39,41,38,49,0,43,40,41,0,42,45,42,40,43,48,47,39,41,45,39,38,37,42,43,0,38,39,0,0,42,45,40,39,38,41,0,38,0,0,0,40,42,0,41,37,39,0,0,39,38,47,46,39,39,40,40,43,45,46,41,43,0,0,35,41,43,43,39,42,38,40,43,42,41,42,43,45,40,36,38,38,37,38,41,37,39,39,43,43,39,40,38,39,44,43,39,44,40,37,37,47,47,43,43,39,42,41,43,44,41,37,40,44,36,44,37,41,41,39,40,39,40,41,40,42,39,40,0,36,39,41,39,39,0,43,40,47,43,43,42,42,42,41,45,0,40,40,43,40,42,42,41,43,41,40,
38,38,38,41,44,43,38,40,40,41,0,39,40,41,44,40,40,39,39,41,40,39,38,38,35,44,37,38,36,44,42,42,45,43,42,44,41,39,39,47,42,44,37,42,42,41,46,37,38,37,41,40,41,40,39,39,41,41,38,39,40,46,42,42,41,41,45,40,42,42,45,44,43,42,45,42,37,34,40,42,40,40,39,40,42,38,37,42,45,40,46,43,41,41,41,42,41,39,37,40,40,50,48,49,40,0,44,44,45,0,40,40,43,45,43,42,42,48,41,37,44,41,39,44,42,42,44,42,41,40,42,41,44,44,40,46,0,38,45,0,40,41,41,42,42,47,38,37,39,41,38,49,37,41,39,41,43,0,47,47,40,43,43,39,42,42,43,43,37,40,38,38,43,38,40,42,41,45,40,37,37,37,38,39,39,40,38,46,43,45,40,39,45,45,42,44,39,46,41,39,47,44,43,44,44,44,39,43,42,43,41,40,40,39,38,45,45,35,42,41,42,41,42,39,42,40,39,39,41,39,38,42,40,45,40,40,39,42,41,44,40,48,42,43,45,0,43,40,44,44,40,44,42,41,40,41,
42,40,42,37,43,43,39,41,42,41,38,35,39,42,40,43,41,41,40,40,40,40,39,39,44,44,35,40,42,45,43,42,42,44,43,44,42,41,41,47,44,45,38,43,42,42,40,39,44,38,38,44,42,40,45,43,42,43,46,39,40,39,40,45,42,43,45,44,42,43,43,42,43,43,43,43,43,37,40,41,42,46,40,44,42,43,42,41,45,46,44,39,44,41,42,44,42,43,37,41,40,38,42,38,38,42,0,45,0,37,44,45,41,46,43,42,36,49,44,42,45,42,44,40,42,46,45,42,40,42,40,42,41,43,42,44,46,39,43,45,41,39,40,43,43,40,38,38,40,39,38,41,39,42,39,39,39,42,44,47,45,43,43,41,41,38,41,43,40,43,39,44,38,44,41,40,42,41,40,40,42,38,44,38,47,44,45,39,41,39,46,47,45,42,42,40,40,39,41,45,44,48,45,44,43,41,42,40,43,39,43,43,40,43,38,38,43,39,39,42,42,42,42,37,42,41,40,39,42,41,40,38,43,46,46,41,42,41,43,43,44,45,42,42,44,45,41,45,43,45,42,42,45,41,42,42,
42,44,43,39,41,39,45,39,41,43,39,45,45,42,47,42,44,40,42,40,40,42,40,42,37,38,36,46,42,46,42,42,43,45,38,40,43,40,40,42,44,40,44,40,44,45,41,48,43,43,45,44,44,45,52,53,46,43,45,47,41,40,42,44,45,45,44,45,45,44,45,43,44,43,45,46,43,44,43,39,47,44,46,43,42,43,43,39,43,43,45,40,40,43,42,43,43,40,43,41,40,39,49,39,40,42,40,38,38,36,45,40,46,41,45,37,37,37,42,45,42,43,44,43,41,43,43,42,46,41,41,43,43,39,42,42,42,47,46,44,45,45,43,42,44,43,44,39,41,41,44,45,40,40,41,42,45,46,41,0,41,40,44,42,42,45,41,43,42,45,43,40,44,41,42,43,40,43,41,41,40,41,41,42,42,47,41,40,41,42,47,48,43,42,42,37,36,47,40,42,47,44,47,45,41,42,42,42,39,40,42,41,44,44,45,44,47,48,49,42,44,43,43,42,38,45,41,40,41,43,43,42,44,43,43,42,42,43,40,42,42,43,43,45,45,42,42,45,41,41,44,44,44,45,42,42,
42,45,40,44,42,39,42,45,41,46,44,41,43,43,42,48,44,45,41,41,43,41,41,42,48,38,41,38,47,44,46,40,41,43,44,41,40,41,38,42,45,45,40,45,47,45,47,46,44,44,43,45,44,43,44,53,52,42,48,45,48,46,45,45,43,44,45,42,44,43,43,43,44,43,43,42,44,44,44,47,43,47,46,44,43,46,44,46,44,45,45,40,45,41,41,45,45,43,41,41,41,47,39,40,42,43,42,41,38,37,37,41,40,40,45,39,39,38,37,46,45,46,45,41,44,42,39,42,41,46,44,44,40,45,42,44,44,48,44,45,38,45,41,42,43,42,44,43,43,44,44,45,41,41,43,42,44,46,42,0,44,42,46,43,44,43,46,42,42,42,43,46,47,43,44,41,45,42,44,43,43,43,42,41,47,48,41,42,41,39,43,48,36,37,43,37,45,44,42,43,40,48,47,46,43,42,43,43,41,38,43,41,41,45,43,44,45,41,49,43,44,43,39,42,39,47,44,49,42,41,43,44,43,44,43,44,47,41,41,48,43,48,46,43,43,48,45,44,46,42,45,45,47,46,45,47,
45,46,41,43,46,47,42,43,40,41,41,42,43,45,42,49,43,42,46,41,42,43,44,42,45,39,44,45,45,47,47,46,42,40,45,41,41,42,46,42,43,43,45,45,47,45,47,43,47,45,43,43,42,43,43,45,41,42,49,49,49,41,49,46,46,46,46,43,46,43,49,45,46,43,47,45,43,46,43,47,47,44,46,42,47,42,45,45,44,41,44,41,48,46,40,39,46,43,41,41,44,42,49,41,47,43,42,42,40,41,40,40,40,46,45,46,38,39,38,42,47,43,50,43,45,42,39,42,43,42,46,45,46,41,48,41,47,45,41,43,40,46,40,49,45,45,43,45,42,41,47,45,40,40,44,45,44,44,45,43,45,40,46,41,42,43,45,43,42,44,43,46,43,43,44,45,47,44,47,42,43,43,44,46,42,43,44,43,43,42,41,43,37,36,37,38,39,45,41,45,45,45,48,42,44,43,43,42,46,39,39,40,43,45,47,44,44,42,42,44,43,45,39,45,48,47,44,43,49,44,47,45,43,45,46,43,41,48,42,42,42,45,44,48,50,49,43,43,42,47,47,43,45,45,47,47,
45,46,44,44,45,45,42,41,39,42,46,42,45,44,50,44,43,44,45,45,43,43,43,44,43,45,44,46,46,43,42,46,42,41,41,48,45,44,40,39,43,40,45,45,44,42,45,44,44,46,48,44,42,43,44,45,44,42,47,43,50,46,45,43,45,49,45,46,43,42,44,44,48,44,44,44,45,43,43,43,47,46,47,42,49,45,42,50,45,42,42,45,46,47,46,46,45,44,42,40,44,43,46,50,49,46,46,48,42,51,51,41,43,42,43,38,40,39,48,42,42,43,50,50,41,42,42,43,41,42,43,43,46,45,48,44,47,46,42,44,44,42,41,40,49,47,44,44,46,44,44,40,44,42,45,45,49,45,45,46,46,45,42,48,45,43,41,42,42,40,44,45,44,41,45,47,47,46,46,44,42,50,46,48,45,46,47,45,45,44,43,42,46,38,46,49,38,45,43,47,46,48,48,49,47,44,43,44,45,44,40,44,42,47,45,47,44,43,48,46,43,42,40,46,41,48,44,45,43,48,48,47,44,46,45,43,47,40,46,47,43,43,49,49,50,49,42,43,44,43,47,45,45,46,46,43,
46,48,47,46,46,46,45,45,42,40,47,46,45,47,44,50,46,41,43,46,43,44,44,47,43,49,46,46,43,44,44,46,40,50,41,49,46,46,45,45,47,44,44,45,45,44,46,45,44,43,48,44,43,43,44,44,47,44,46,47,48,47,46,46,46,45,44,50,44,44,44,45,45,47,48,44,49,45,44,45,47,44,48,45,48,45,43,49,50,42,48,48,46,46,43,42,41,43,42,43,42,43,41,49,45,48,46,49,49,49,50,44,43,44,41,38,44,42,42,43,43,43,44,46,42,42,43,46,42,42,43,47,45,44,43,47,45,45,43,43,44,40,46,47,49,46,46,45,43,44,45,45,42,48,43,45,46,46,50,46,49,45,42,47,44,46,47,44,42,42,45,45,46,42,41,44,42,44,46,47,45,44,49,48,46,45,46,46,45,46,46,45,46,46,46,49,47,49,45,48,47,48,49,47,47,42,45,42,42,46,44,43,45,48,50,47,45,45,46,46,43,42,45,45,49,44,45,45,46,46,45,45,46,45,49,45,49,41,47,50,47,46,46,46,50,44,43,42,46,45,43,45,45,45,46,44,
48,45,41,45,46,45,46,41,41,46,47,45,46,46,45,45,46,42,42,44,45,47,46,47,45,49,45,48,48,48,44,49,45,43,50,48,47,46,46,47,46,48,44,45,43,44,45,44,45,44,44,48,43,47,43,45,49,42,48,46,48,48,48,47,44,46,46,50,45,45,49,47,45,47,44,42,47,50,46,46,45,45,45,47,49,46,47,47,47,49,52,46,47,42,44,49,43,45,46,44,43,43,42,53,49,49,47,47,46,50,52,46,44,39,43,41,45,43,43,43,46,45,44,46,46,47,46,43,42,42,42,41,47,42,46,54,46,46,48,47,43,43,46,45,46,45,46,46,46,43,45,46,44,46,47,47,46,47,50,45,47,48,46,48,44,46,47,47,44,41,42,42,47,44,44,43,46,45,45,47,52,50,50,47,49,46,46,41,46,45,47,45,47,47,49,47,48,48,46,45,49,49,44,47,48,43,47,45,46,45,47,47,47,44,48,50,50,48,45,44,46,43,46,46,46,45,49,47,48,47,45,46,47,46,48,45,47,49,45,50,48,46,44,45,45,46,48,45,44,45,46,47,43,46,44,45,
48,46,43,46,44,47,46,45,45,50,47,43,49,46,45,42,42,47,47,44,48,47,48,48,47,47,46,49,48,50,45,47,46,52,45,49,49,48,49,48,44,44,47,45,45,49,50,45,45,44,47,48,44,48,44,42,46,49,47,48,47,47,50,50,47,47,46,45,47,45,50,45,47,47,45,48,50,49,47,47,46,46,44,45,45,46,45,46,45,46,51,48,46,48,48,49,47,46,48,44,46,44,43,50,49,48,50,48,52,50,49,53,47,46,46,41,42,40,45,46,42,47,50,45,49,49,51,46,44,43,42,43,42,50,46,44,55,46,49,48,44,49,46,47,45,46,46,47,46,47,46,43,49,45,49,47,48,46,47,45,46,43,48,48,48,44,49,47,46,44,42,48,47,44,49,44,44,47,46,46,48,52,46,45,48,48,47,48,48,49,46,47,46,47,48,46,49,49,47,50,49,46,45,45,44,47,45,45,44,45,47,49,48,47,49,48,49,50,49,47,46,46,47,48,48,45,47,48,48,44,47,47,47,43,47,46,44,48,46,46,48,48,45,45,44,42,49,46,44,46,45,48,44,45,45,45,
46,49,45,45,44,44,46,48,44,48,45,44,45,49,47,43,43,47,48,50,48,49,51,46,50,47,48,48,50,49,49,49,52,53,50,49,49,49,46,49,45,46,45,46,45,45,47,51,47,49,47,45,44,47,49,47,44,50,43,48,49,51,48,51,47,48,45,47,47,49,49,48,47,48,46,49,48,46,48,49,47,46,49,50,47,46,49,47,46,49,52,44,48,49,49,44,50,47,48,44,44,47,45,51,45,46,50,46,49,48,51,50,52,52,44,47,44,47,45,45,47,46,48,45,48,50,49,53,50,45,48,45,46,42,51,45,45,55,48,49,45,46,50,49,51,46,50,46,48,48,46,48,45,45,47,50,52,48,45,46,44,46,49,48,45,45,49,48,46,45,44,43,49,49,49,46,46,44,45,47,46,45,45,44,46,47,45,48,50,50,47,50,47,47,49,48,50,49,48,53,51,50,48,50,45,46,47,45,47,46,48,50,47,48,47,45,42,44,46,46,47,49,48,46,49,49,49,47,48,47,49,48,44,48,47,47,45,48,45,47,47,46,44,47,45,48,43,48,47,45,44,47,44,47,47,48,
52,47,46,46,46,47,48,50,48,48,49,47,45,47,50,52,50,51,48,48,51,48,48,52,46,50,49,49,50,50,50,49,48,48,50,50,48,48,46,49,50,48,47,46,46,49,46,45,48,47,47,45,48,45,46,48,50,44,49,46,51,48,52,49,45,49,48,48,46,48,47,48,49,42,48,49,50,48,46,45,45,49,46,47,49,47,47,47,47,46,48,46,46,44,44,49,50,48,51,48,46,48,49,51,48,45,53,50,47,47,43,51,50,48,43,42,49,49,47,46,48,46,48,51,46,52,46,54,49,50,50,49,49,46,46,43,45,48,49,47,49,47,47,49,51,47,48,51,51,50,47,47,46,51,47,47,47,48,45,46,45,46,49,50,48,46,49,50,49,46,45,45,48,49,50,47,46,45,51,51,48,48,47,46,46,46,52,45,49,51,48,51,48,47,50,50,48,50,50,51,53,50,49,49,50,48,45,50,45,45,48,51,46,48,42,45,43,43,43,43,46,46,49,49,48,50,50,49,48,49,46,50,44,48,48,48,48,51,46,48,48,44,45,47,48,48,44,47,50,46,46,50,45,48,47,47,
49,49,48,52,50,51,50,48,49,50,47,46,46,52,48,50,51,50,49,51,52,51,47,48,50,48,51,49,44,49,51,50,50,47,49,51,49,51,48,49,48,49,50,49,47,45,53,47,47,46,47,49,48,49,50,47,51,48,45,47,46,51,50,49,50,47,49,51,46,48,50,48,49,45,50,47,46,50,45,47,50,50,50,45,48,48,45,49,49,49,49,54,52,51,48,50,50,49,51,52,49,47,52,51,48,46,53,49,49,49,50,44,52,51,49,43,47,48,47,48,48,47,51,46,51,50,47,47,50,47,50,47,50,51,50,49,43,45,49,47,47,50,51,50,45,48,49,47,51,51,51,52,51,46,51,50,49,50,49,47,47,46,51,50,51,48,49,50,50,48,46,49,49,49,48,50,47,45,48,48,51,47,48,47,47,46,52,50,50,47,52,49,50,52,52,51,52,51,51,52,49,47,49,50,49,49,46,49,47,51,47,52,52,49,48,43,46,52,46,44,45,46,53,51,48,50,53,50,48,49,49,51,47,49,54,52,49,49,50,48,47,45,48,47,49,47,48,47,51,51,49,52,51,51,48,48,
49,50,49,50,51,52,49,50,49,53,48,48,50,50,49,48,51,50,50,50,47,54,53,49,47,53,48,49,46,50,51,51,51,47,47,49,47,53,48,49,49,49,51,49,51,46,51,48,48,47,49,50,50,49,50,50,46,47,49,49,48,47,46,50,45,50,51,51,54,48,49,50,55,46,49,49,49,47,49,46,52,50,47,46,49,50,53,53,48,51,49,50,53,46,47,50,48,51,52,48,52,49,49,48,48,46,52,54,52,49,49,50,52,53,51,49,48,47,46,51,47,48,45,48,51,48,48,48,48,48,49,51,48,49,48,47,44,46,46,50,48,51,51,51,50,52,50,48,49,49,52,53,50,52,50,51,49,53,50,54,47,47,47,51,50,49,50,50,51,48,51,47,51,50,48,48,50,46,49,51,49,49,49,50,48,52,52,50,54,48,49,50,50,53,51,52,53,53,49,53,48,50,47,51,50,51,50,50,49,53,47,49,53,50,46,50,46,47,51,52,47,46,45,51,52,52,52,54,50,50,47,51,51,51,53,53,47,49,49,51,52,48,52,48,49,51,49,50,51,52,53,52,52,52,52,52,
54,53,50,48,50,50,50,51,48,52,55,50,50,52,51,51,51,50,52,51,52,51,48,53,49,48,47,49,51,54,53,51,51,49,47,49,51,47,48,52,49,50,51,48,48,48,56,52,49,50,48,50,49,48,50,47,52,48,49,49,48,48,50,46,49,51,49,52,52,50,50,49,49,56,49,53,54,56,49,50,52,51,48,51,52,53,53,52,54,54,53,50,47,47,49,47,48,49,50,47,47,51,49,49,50,47,55,49,54,54,48,50,50,51,52,50,52,51,48,51,48,53,47,46,48,49,50,51,52,49,50,49,48,50,48,49,49,48,50,51,50,50,52,51,50,52,52,51,53,51,53,52,47,50,50,51,52,53,53,53,54,48,50,49,51,51,49,53,48,52,49,49,51,51,51,51,49,48,50,49,50,50,51,51,51,51,50,55,50,53,51,50,50,50,49,50,53,54,53,51,50,51,50,48,51,52,50,50,50,49,50,49,47,46,51,51,50,49,49,53,52,51,48,48,52,48,53,50,50,50,49,48,53,52,51,54,54,47,50,49,50,53,53,51,52,50,48,47,53,52,52,52,49,53,53,52,
54,52,52,48,51,51,51,52,49,54,54,51,51,50,50,51,53,50,52,50,52,52,48,47,50,54,48,50,51,52,50,50,50,49,50,50,45,48,50,51,50,47,49,48,48,51,54,56,51,50,48,52,51,49,51,53,51,51,49,48,50,49,50,52,50,49,48,49,53,51,50,53,49,52,50,56,52,57,52,51,53,53,49,48,52,53,52,52,49,54,54,54,50,48,47,51,53,53,49,50,49,47,52,56,54,50,54,51,54,54,50,52,51,50,52,50,51,52,50,52,52,51,52,48,50,52,49,51,53,52,49,50,49,48,49,50,50,47,48,51,52,50,51,50,51,50,53,50,55,55,50,47,47,47,51,52,51,50,51,51,55,48,48,50,52,53,50,49,49,53,55,50,52,51,52,50,50,51,51,49,51,48,51,49,51,52,51,50,55,57,52,52,48,54,51,51,52,50,47,52,49,53,51,55,53,51,49,49,50,51,49,51,47,51,50,52,50,50,49,53,53,52,49,45,49,49,53,51,50,51,49,51,50,51,54,52,52,49,51,50,51,50,49,54,50,51,52,51,51,47,53,51,53,52,55,53,
51,50,51,57,51,47,51,52,50,51,53,47,52,52,50,52,52,53,52,51,52,53,52,52,48,48,50,54,52,51,50,52,52,58,51,50,49,49,49,52,53,52,53,52,48,49,50,50,51,50,49,50,51,51,50,51,52,52,52,49,50,52,50,52,51,48,50,50,51,51,52,51,50,53,50,55,48,55,52,55,52,52,53,51,53,53,52,54,51,50,53,55,50,53,54,52,54,54,54,50,50,52,48,53,53,49,52,51,47,54,54,50,52,50,52,53,51,53,51,52,52,51,49,48,53,53,49,50,52,51,51,50,52,51,54,54,53,48,53,55,53,51,51,53,51,51,51,50,55,50,51,56,54,50,51,49,51,51,51,52,53,49,51,50,51,51,50,54,54,50,55,56,53,50,52,55,51,51,52,51,52,48,51,51,52,48,53,51,56,55,53,53,53,50,53,50,52,51,48,50,50,55,50,52,52,49,52,55,51,50,50,51,51,52,50,50,51,50,53,50,49,51,53,53,49,53,54,47,50,51,50,52,52,51,52,54,50,48,48,49,49,50,50,51,51,51,52,52,51,54,48,52,53,52,55,55,
51,51,51,52,55,56,55,53,51,51,52,48,52,53,52,51,51,52,54,52,54,52,51,52,52,52,51,51,54,50,51,52,52,51,50,52,49,55,50,52,54,51,52,54,53,50,50,54,51,52,50,54,53,52,52,51,54,54,53,52,51,51,52,54,55,50,50,50,52,52,56,52,51,52,49,56,48,50,53,52,52,52,50,54,53,53,56,55,51,51,54,51,54,50,52,51,53,50,56,51,50,52,50,53,53,49,53,52,48,52,54,52,49,51,53,53,54,54,54,52,52,51,52,50,50,56,50,53,53,53,50,52,52,52,56,54,56,55,56,54,54,54,55,50,53,49,52,51,54,53,51,52,57,51,51,51,53,51,52,50,51,51,49,49,52,53,53,51,50,54,50,53,51,55,51,52,55,50,52,53,53,50,52,53,51,53,50,52,53,54,56,54,52,52,54,50,51,53,52,52,51,54,52,51,52,50,57,56,55,54,53,54,52,53,55,52,50,50,54,55,50,51,52,51,50,53,54,55,54,54,51,53,51,52,52,55,52,49,51,52,50,52,51,46,53,54,53,52,54,50,50,49,49,54,53,55,
53,54,52,55,55,56,54,53,53,50,52,52,52,55,52,53,53,56,52,53,50,52,51,51,52,52,53,50,53,51,51,51,54,50,52,53,50,55,51,52,55,52,53,52,51,53,51,55,50,50,53,54,53,54,55,52,52,53,56,53,53,54,53,52,53,51,54,50,53,51,53,53,55,54,50,51,51,51,52,53,56,54,53,51,56,57,57,55,52,51,52,53,51,51,52,55,53,51,55,54,51,51,52,53,54,51,52,50,55,55,56,53,49,50,54,55,54,54,55,53,53,54,51,51,51,49,53,55,52,51,51,51,53,53,55,56,55,51,52,57,54,55,54,52,54,53,50,53,52,54,54,55,52,52,51,51,52,51,53,56,51,53,53,52,51,52,53,54,52,54,52,52,57,51,54,53,51,55,55,53,53,52,53,54,54,53,52,53,53,54,54,54,53,53,50,51,53,52,56,53,55,57,55,55,52,51,51,50,56,54,53,54,55,55,53,54,51,52,54,54,57,55,54,49,52,51,53,54,54,52,52,53,53,52,52,53,52,50,50,51,52,53,51,47,54,54,54,53,54,52,52,50,51,51,54,53,
56,53,55,56,56,54,55,55,54,54,51,52,53,51,54,55,51,52,57,52,52,51,52,53,52,52,54,50,51,53,54,52,53,54,53,53,53,55,55,53,55,55,53,54,57,55,56,56,54,51,57,54,56,53,51,52,53,54,53,54,55,53,54,52,54,54,55,51,55,52,53,53,55,54,55,53,51,52,53,52,54,55,53,55,52,53,57,57,51,52,55,53,54,52,50,57,54,54,56,54,54,52,53,53,54,52,52,53,51,57,55,55,56,50,54,57,56,59,54,56,54,53,54,52,55,51,53,53,57,54,54,53,54,51,53,56,53,52,51,57,55,56,51,53,55,54,50,53,53,54,54,54,53,52,52,54,53,51,50,56,56,53,55,53,55,50,54,54,52,53,51,51,55,51,55,55,52,56,53,53,54,54,52,54,54,54,54,53,54,54,50,55,51,52,56,51,53,55,56,54,55,54,57,54,55,56,53,54,51,55,52,53,55,55,54,51,54,52,55,52,54,55,51,55,53,56,54,54,55,55,53,54,54,55,53,53,52,52,55,52,52,52,52,48,55,55,55,55,55,52,54,53,53,53,53,54,
55,55,57,52,55,51,55,53,54,55,53,52,54,52,51,56,55,52,55,56,57,51,58,54,57,54,54,54,52,55,54,56,54,55,54,53,53,54,55,54,55,55,52,54,55,56,55,54,56,55,54,55,55,54,55,54,54,56,56,55,54,52,54,53,54,52,51,53,52,55,56,56,55,55,55,53,54,51,54,52,54,55,56,57,51,56,53,57,51,55,53,53,54,54,54,54,53,54,57,55,57,57,53,52,55,54,55,51,52,53,57,55,56,56,54,55,57,55,54,55,55,54,55,52,51,54,58,54,60,56,54,53,54,54,54,54,55,53,55,56,53,51,54,51,55,52,54,57,54,53,55,55,54,54,54,53,55,52,54,54,56,56,55,56,54,53,55,52,54,54,53,54,52,53,52,54,53,53,52,52,50,54,52,53,55,53,55,51,54,54,51,51,54,53,54,53,54,53,56,55,58,54,54,56,54,57,55,52,54,57,54,52,53,52,54,51,53,55,56,52,58,55,50,52,51,57,57,57,56,57,56,54,53,56,54,54,55,54,56,53,57,52,50,49,51,56,55,54,56,56,54,54,55,54,53,53,
54,55,53,58,51,52,56,54,54,53,54,53,53,54,51,54,52,56,53,55,54,52,52,58,54,54,56,53,53,54,53,53,52,55,55,55,55,55,54,54,55,55,54,56,54,55,55,55,56,56,54,55,55,55,57,55,55,54,55,54,55,51,52,52,54,54,55,53,54,56,57,54,55,56,56,53,56,55,55,54,54,56,52,57,53,58,57,54,54,55,52,53,53,54,53,55,57,54,53,56,58,53,57,55,57,56,53,55,54,55,53,59,56,56,55,55,56,56,56,55,54,54,55,51,51,55,53,58,57,55,54,55,54,54,57,56,56,56,56,52,54,53,54,53,54,54,54,56,54,54,54,55,61,55,55,55,54,55,52,56,55,57,57,55,56,54,53,54,55,53,54,57,55,60,54,53,54,55,51,52,51,54,57,54,55,55,53,56,53,52,51,56,54,53,53,52,54,56,53,54,52,53,54,56,55,55,56,57,53,55,55,55,53,53,54,51,54,55,56,55,54,57,54,51,52,57,53,55,56,56,58,56,57,57,55,55,55,52,57,57,58,55,57,51,55,58,55,54,57,54,56,55,56,57,54,54,
56,54,54,54,55,55,52,54,55,51,57,54,54,58,56,55,57,56,57,54,57,57,55,57,55,55,57,54,52,55,53,55,56,53,56,54,57,56,56,58,54,56,54,53,58,55,56,56,55,56,56,55,56,55,56,57,56,55,55,54,55,53,52,52,53,54,58,53,57,57,56,55,54,55,56,54,54,54,56,56,55,57,56,52,56,55,56,53,54,54,56,53,53,57,56,55,56,56,53,57,54,54,53,54,53,57,54,54,54,57,54,57,54,57,56,56,55,57,53,57,53,57,55,57,55,56,56,56,57,58,57,53,56,55,58,56,52,58,56,57,56,55,54,54,55,54,54,52,58,56,55,56,55,55,55,58,55,55,52,53,56,56,57,56,56,55,54,54,58,58,58,58,58,55,55,57,59,56,58,57,53,55,55,53,54,55,54,56,56,57,54,53,54,55,55,53,52,57,55,54,54,55,54,56,56,55,57,56,58,55,55,55,52,55,54,52,56,55,53,54,55,57,55,52,52,58,53,56,56,57,54,57,56,55,54,54,54,53,54,55,57,57,55,52,53,56,56,58,57,56,58,56,57,58,55,56,
56,56,56,55,55,58,55,53,52,58,57,58,55,60,58,56,56,58,55,57,57,56,55,56,56,56,58,53,56,55,55,56,54,54,57,56,57,56,57,56,55,55,55,55,57,56,57,57,56,57,56,55,56,57,55,56,56,56,55,58,56,56,56,56,52,57,59,56,58,56,55,56,57,56,57,57,58,55,56,57,57,60,58,57,57,56,55,58,55,56,53,54,59,58,57,55,55,57,57,56,61,58,54,57,55,54,55,53,55,56,55,57,56,55,57,58,54,59,57,58,56,54,56,60,56,56,56,55,58,57,55,55,54,55,58,55,57,53,54,57,54,54,55,55,54,58,57,57,58,55,57,60,56,56,55,56,54,56,56,54,55,56,57,55,54,56,55,54,55,58,58,56,59,57,57,53,55,61,57,58,57,57,56,57,59,55,54,56,54,55,55,55,55,54,55,56,58,54,54,53,59,57,58,59,60,58,57,59,54,55,59,55,56,53,54,54,55,57,55,56,55,55,57,56,52,53,56,54,55,57,56,55,57,55,56,55,56,55,55,53,54,59,57,53,54,57,54,58,59,58,57,57,58,56,57,57,
58,60,56,57,58,58,57,58,54,55,59,57,58,59,58,58,56,57,57,59,56,57,57,59,55,58,58,56,57,54,55,57,55,56,54,58,58,57,56,57,56,58,57,55,58,58,58,57,56,58,56,56,54,57,57,56,57,54,58,58,58,57,56,57,58,56,58,57,57,56,56,56,56,57,58,57,56,56,56,56,56,61,56,60,58,59,57,56,58,56,55,57,58,59,56,57,56,57,58,59,59,59,60,55,54,54,56,53,57,55,57,57,58,59,56,56,56,55,59,54,57,57,56,60,56,56,59,56,57,59,55,56,58,57,58,57,57,57,53,55,55,55,55,60,55,60,59,59,57,59,59,55,56,58,57,59,57,58,55,54,58,55,60,55,56,55,57,57,55,57,58,57,59,57,58,56,56,62,54,59,56,60,58,56,57,56,58,55,60,56,55,55,56,59,56,57,59,59,56,57,54,57,59,56,54,60,57,56,54,55,56,55,56,59,55,56,56,60,56,57,56,55,55,57,56,57,56,58,59,56,57,56,56,56,57,55,55,56,56,53,58,58,56,57,54,58,56,60,59,58,58,59,57,57,57,56,
58,60,57,58,58,56,59,55,59,59,56,56,57,58,59,58,57,58,58,59,56,57,58,60,60,58,58,58,60,56,59,60,58,56,56,56,60,58,57,57,59,57,58,56,55,59,57,58,59,58,56,57,55,54,57,60,59,56,59,55,56,58,57,57,56,59,59,58,59,57,58,57,56,57,58,56,61,56,57,60,57,58,61,59,58,57,59,58,59,60,57,57,58,56,57,57,56,58,59,59,57,57,57,56,55,55,54,54,59,56,58,58,59,57,55,58,61,56,55,55,59,58,57,58,58,57,57,56,58,61,59,55,57,59,59,58,60,58,57,54,57,56,57,56,61,60,59,56,56,58,58,61,56,56,58,59,58,60,57,57,55,56,56,60,58,57,58,58,58,57,57,59,57,58,59,57,58,59,56,59,57,60,59,55,56,56,59,59,57,58,57,56,57,57,57,59,59,60,58,57,58,57,57,60,59,56,58,57,55,57,59,57,60,59,57,56,58,56,58,60,57,57,58,56,58,57,58,58,58,58,57,57,56,57,58,56,57,56,57,56,59,55,59,57,55,59,57,60,57,57,58,59,59,56,57,57,
57,58,58,55,57,57,60,60,57,58,58,56,58,59,55,57,58,60,59,57,56,57,60,62,61,61,59,57,59,57,57,60,58,57,57,58,60,59,58,58,59,58,59,58,56,59,57,57,59,57,58,59,57,57,58,59,59,58,56,55,57,57,59,59,58,56,58,59,59,60,58,56,57,58,59,57,56,61,57,57,59,58,61,60,57,58,58,61,59,62,57,60,58,60,58,58,56,57,60,59,59,58,58,57,60,56,59,58,59,59,58,58,59,58,56,60,58,59,57,57,57,57,56,57,55,59,57,60,59,62,57,56,56,59,61,58,61,59,60,57,58,57,57,57,59,59,61,57,60,59,59,58,58,59,56,56,59,60,61,58,57,57,58,58,58,57,58,60,59,57,58,57,58,59,59,56,58,59,59,56,57,58,59,59,59,56,58,58,58,59,59,57,59,58,58,62,57,58,58,57,59,58,58,60,60,57,60,58,59,56,58,56,60,59,59,58,58,56,58,59,59,58,58,59,58,58,57,59,58,59,56,56,56,58,56,58,60,58,57,59,62,60,57,57,57,57,58,58,59,58,60,61,58,58,58,57,
58,59,63,60,57,58,58,57,58,60,60,57,58,61,60,58,59,58,60,60,57,60,57,58,61,59,59,57,61,60,60,58,59,59,58,58,57,59,60,61,60,58,59,59,57,59,58,57,59,59,56,59,59,61,57,58,60,59,59,57,56,57,60,60,59,58,58,60,58,61,57,61,59,58,56,57,57,58,57,58,58,60,58,61,59,58,60,62,57,62,58,61,57,59,59,57,56,57,61,61,59,57,58,59,58,61,58,59,58,58,56,58,59,59,58,61,57,60,59,59,61,58,59,59,56,61,59,59,60,61,59,57,62,58,60,59,58,60,60,57,58,58,58,56,58,59,62,58,57,59,61,58,58,60,60,59,58,60,62,56,57,57,58,60,58,59,60,58,56,58,58,60,58,59,58,58,59,60,60,58,57,58,57,59,56,59,59,58,57,60,59,57,57,58,58,60,62,59,59,58,58,59,59,56,60,60,60,60,61,59,58,60,59,60,59,58,59,57,60,57,58,57,60,60,61,59,59,57,60,58,60,57,60,60,59,57,58,57,60,60,60,58,58,59,60,59,59,57,56,57,58,60,61,60,57,59,
61,60,62,63,58,61,59,60,60,59,61,61,59,59,59,60,60,62,62,59,59,59,58,59,59,59,61,59,58,61,59,61,60,58,59,59,58,60,59,60,61,57,60,57,60,60,60,57,59,60,59,58,60,59,62,58,61,60,59,59,61,59,58,60,60,59,58,58,60,58,60,58,61,59,60,59,60,59,59,58,59,61,62,59,62,59,59,59,59,60,59,60,59,61,61,57,59,57,58,60,58,58,61,59,61,58,59,61,59,58,60,59,61,59,58,58,58,58,59,61,59,60,60,60,60,58,59,58,58,61,59,59,62,60,59,60,59,59,59,60,58,58,58,61,57,58,59,58,59,60,60,60,59,61,60,62,59,60,60,60,59,57,59,61,61,61,58,61,59,60,58,60,61,60,59,58,58,58,59,59,60,59,60,60,59,59,60,59,58,57,60,60,60,58,60,58,60,58,61,59,59,61,59,58,60,59,57,60,59,58,62,61,60,60,61,60,58,60,58,62,59,59,58,61,61,61,57,59,59,60,60,58,61,58,60,58,58,60,61,58,61,57,58,58,61,62,60,58,57,58,60,61,59,60,58,60,
61,62,61,63,63,60,61,60,60,59,59,61,60,61,59,60,59,61,59,60,59,60,59,60,60,62,59,60,61,61,59,60,59,59,58,60,60,59,60,58,60,59,61,60,61,61,62,59,60,61,61,60,59,61,58,61,60,61,58,61,59,61,59,59,60,59,59,62,60,60,61,60,61,61,60,60,59,59,60,60,58,60,58,58,63,62,60,60,60,61,60,60,60,63,62,62,59,59,59,59,61,58,61,58,58,59,61,60,59,59,59,62,60,62,59,59,59,59,60,61,60,61,60,60,63,60,58,59,59,61,60,62,60,61,61,62,62,59,60,58,60,60,60,59,59,58,59,62,59,60,59,59,58,60,61,58,62,60,60,60,59,58,59,59,61,61,59,60,59,59,59,59,60,60,60,60,59,59,59,61,60,59,60,61,60,58,59,60,61,60,61,60,60,62,62,59,59,59,59,61,60,61,62,60,60,60,58,59,59,62,63,60,59,59,60,61,60,61,61,61,62,60,59,60,62,62,62,59,62,61,59,60,61,61,59,59,59,60,60,58,60,58,61,62,60,61,61,60,61,61,58,59,60,60,59,60,
62,60,61,62,61,60,61,59,61,59,61,59,61,61,60,62,61,60,60,59,61,60,61,60,61,61,61,61,62,61,60,61,61,61,61,61,59,61,61,59,59,60,60,60,62,62,64,62,60,61,60,60,60,60,59,59,61,60,61,62,61,62,62,61,61,60,60,61,60,60,59,60,62,62,62,62,62,60,60,60,63,60,62,59,63,63,61,62,61,61,59,60,62,60,63,61,61,61,59,59,61,61,62,61,60,60,61,60,61,59,60,60,61,60,61,60,60,60,63,62,62,61,61,60,62,64,64,62,62,60,60,61,60,61,61,60,62,61,61,61,59,61,61,60,61,61,62,61,60,60,61,60,59,60,60,60,61,59,60,61,62,61,59,61,60,61,60,60,60,62,60,62,60,61,60,61,60,61,60,62,59,60,60,62,59,60,59,60,62,60,61,62,61,62,62,60,60,62,62,60,62,60,60,61,62,61,60,60,60,60,61,61,60,61,60,62,59,61,62,61,62,60,62,63,60,61,63,62,62,60,61,60,61,63,63,60,60,60,59,59,60,60,62,63,62,60,61,61,63,63,60,60,59,60,61,60,
60,60,61,62,61,61,60,61,61,61,61,62,61,61,62,60,62,61,61,62,62,62,61,63,60,61,64,63,62,63,61,62,61,61,60,61,61,62,60,60,60,61,62,61,61,62,62,60,62,61,61,62,61,60,63,61,62,61,60,62,61,60,62,61,62,61,61,61,61,60,62,62,61,61,62,61,61,61,61,60,61,61,62,61,61,60,60,63,62,62,60,61,62,62,62,62,61,61,60,60,60,63,63,62,61,60,60,61,63,63,61,61,60,62,61,61,61,60,63,62,63,61,61,60,61,61,63,61,60,62,62,62,60,62,61,61,60,63,60,62,62,62,60,60,61,61,62,61,63,61,61,63,62,60,60,61,63,60,61,61,63,62,61,61,61,60,62,61,61,62,61,61,60,61,61,63,61,62,61,63,61,60,62,62,60,61,60,62,61,61,60,62,63,63,62,61,62,62,62,61,62,61,61,60,61,62,60,62,61,61,62,62,61,62,60,61,63,61,62,62,61,60,60,62,62,61,60,62,62,61,61,62,61,63,63,61,61,61,62,62,61,62,62,61,63,60,62,62,62,60,64,61,60,60,61,61,
61,61,62,61,63,62,61,61,62,63,61,63,61,61,63,62,62,62,62,63,61,61,62,62,62,62,64,62,61,63,61,63,61,63,62,62,63,62,61,63,62,63,63,61,63,63,62,62,63,63,62,62,61,63,64,63,61,63,62,62,63,62,61,61,63,62,61,62,63,63,61,62,62,62,63,61,62,63,62,61,62,63,61,62,61,61,62,62,61,61,62,62,62,62,62,63,62,63,63,63,64,62,62,62,62,61,62,61,63,62,63,61,62,63,63,62,63,62,62,62,63,62,64,62,62,61,62,61,61,62,63,61,63,63,61,62,62,63,61,62,62,61,61,61,61,61,61,61,61,61,61,61,62,63,61,61,62,62,61,62,62,63,61,62,62,61,63,62,62,62,63,62,62,61,62,61,63,64,61,61,63,61,63,62,62,61,61,62,62,62,62,61,63,61,62,62,61,61,61,62,63,61,63,63,61,61,61,62,62,62,62,62,61,62,64,62,61,61,62,63,61,64,61,63,62,61,62,62,62,63,62,63,63,64,63,62,61,62,63,63,62,63,62,63,62,62,61,63,61,64,63,62,62,62,61,63,
62,62,62,62,62,63,63,64,62,64,62,64,62,63,62,63,63,63,62,63,62,62,62,63,63,62,63,62,62,64,63,63,63,63,63,62,63,63,63,62,62,62,63,63,63,63,63,62,62,62,63,63,63,62,63,64,63,62,63,63,62,63,62,63,62,62,62,63,63,63,62,63,63,62,62,62,62,63,64,62,62,63,62,62,62,63,62,62,63,62,63,63,63,62,62,62,63,62,63,63,64,63,63,63,62,62,62,63,62,64,63,62,62,63,64,63,62,63,63,64,62,62,63,63,62,62,62,63,62,62,62,63,62,62,62,62,63,62,63,63,63,64,62,63,63,63,63,63,64,63,62,62,63,62,63,63,63,64,64,62,62,62,63,62,63,63,64,63,62,63,63,63,63,62,62,63,63,62,64,63,63,63,62,63,63,62,62,63,62,62,63,63,62,62,63,63,63,62,62,62,62,62,62,62,62,63,63,62,63,62,62,64,62,63,63,63,62,63,63,62,62,63,63,62,63,62,63,62,63,62,63,63,63,64,62,64,64,63,64,63,62,63,63,62,63,62,62,63,63,64,62,64,62,62,63,63,
63,63,63,64,63,63,64,64,64,63,63,63,63,63,63,63,63,64,63,64,63,63,63,63,63,63,63,64,63,64,63,63,64,63,64,64,63,63,64,63,63,63,63,63,63,63,64,63,63,63,64,63,63,64,64,64,64,63,63,63,63,63,63,63,63,64,63,63,63,63,63,63,64,63,63,63,63,64,64,63,64,63,63,63,64,63,63,63,64,63,64,63,63,63,63,63,64,63,63,64,64,63,64,64,63,63,63,63,63,63,63,63,63,64,64,63,64,63,63,64,64,63,63,63,64,64,64,63,63,64,63,63,63,63,63,63,64,63,63,64,63,64,63,63,63,63,63,64,63,64,64,63,63,63,63,63,64,63,64,64,63,63,63,64,64,64,63,64,64,63,63,63,63,64,63,64,64,63,63,63,64,63,63,63,64,64,64,63,63,63,63,63,63,63,63,63,63,63,64,64,63,64,63,63,64,64,63,63,63,63,63,63,63,63,64,64,63,64,64,63,63,64,63,63,63,63,64,63,64,64,63,64,63,63,63,64,63,64,63,63,63,64,63,63,63,63,63,63,63,63,63,63,63,64,64,64,
64,64,64,64,64,64,64,64,64,64,64,64,64,64,64,64,64,64,64,64,64,64,64,64,64,64,64,64,64,64,64,64,64,64,64,64,64,64,64,64,64,64,64,64,64,64,64,64,64,64,64,64,64,64,64,64,64,64,64,64,64,64,64,64,64,64,64,64,64,64,64,64,64,64,64,64,64,64,64,64,64,64,64,64,64,64,64,64,64,64,64,64,64,64,64,64,64,64,64,64,64,64,64,64,64,64,64,64,64,64,64,64,64,64,64,64,64,64,64,64,64,64,64,64,64,64,64,64,64,64,64,64,64,64,64,64,64,64,64,64,64,64,64,64,64,64,64,64,64,64,64,64,64,64,64,64,64,64,64,64,64,64,64,64,64,64,64,64,64,64,64,64,64,64,64,64,64,64,64,64,64,64,64,64,64,64,64,64,64,64,64,64,64,64,64,64,64,64,64,64,64,64,64,64,64,64,64,64,64,64,64,64,64,64,64,64,64,64,64,64,64,64,64,64,64,64,64,64,64,64,64,64,64,64,64,64,64,64,64,64,64,64,64,64,64,64,64,64,64,64,64,64,64,64,64,64,