[64, 256, 128]
0,0,0,0,0,0,0,0,0,0,0,0,0,0,0,0,0,0,0,0,0,0,0,0,0,0,0,0,0,0,0,0,0,0,0,0,0,0,0,0,0,0,0,0,0,0,0,0,0,0,0,0,0,0,0,0,0,0,0,0,0,0,0,0,0,0,0,0,0,0,0,0,0,0,0,0,0,0,0,0,0,0,0,0,0,0,0,0,0,0,0,0,0,0,0,0,0,0,0,0,0,0,0,0,0,0,0,0,0,0,0,0,0,0,0,0,0,0,0,0,0,0,0,0,0,0,0,0,0,0,0,0,0,0,0,0,0,0,0,0,0,0,0,0,0,0,0,0,0,0,0,0,0,0,0,0,0,0,0,0,0,0,0,0,0,0,0,0,0,0,0,0,0,0,0,0,0,0,0,0,0,0,0,0,0,0,0,0,0,0,0,0,0,0,0,0,0,0,0,0,0,0,0,0,0,0,0,0,0,0,0,0,0,0,0,0,0,0,0,0,0,0,0,0,0,0,0,0,0,0,0,0,0,0,0,0,0,0,0,0,0,0,0,0,0,0,0,0,0,0,0,0,0,0,0,0,
0,0,0,0,0,0,0,0,0,0,0,0,0,0,0,0,0,0,0,0,0,0,0,0,0,0,0,0,0,0,0,0,0,0,0,0,0,0,0,0,0,0,0,0,0,0,0,0,0,0,0,0,0,0,0,0,0,0,0,0,0,0,0,0,0,0,0,0,0,0,0,0,0,0,0,0,0,0,0,0,0,0,0,0,0,0,0,0,0,0,0,0,0,0,0,0,0,0,0,0,0,0,0,0,0,0,0,0,0,0,0,0,0,0,0,0,0,0,0,0,0,0,0,0,0,0,0,0,0,0,0,0,0,0,0,0,0,0,0,0,0,0,0,0,0,0,0,0,0,0,0,0,0,0,0,0,0,0,0,0,0,0,0,0,0,0,0,0,0,0,0,0,0,0,0,0,0,0,0,0,0,0,0,0,0,0,0,0,0,0,0,0,0,0,0,0,0,0,0,0,0,0,0,0,0,0,0,0,0,0,0,0,0,0,0,0,0,0,0,0,0,0,0,0,0,0,0,0,0,0,0,0,0,0,0,0,0,0,0,0,0,0,0,0,0,0,0,0,0,0,0,0,0,0,0,0,
0,0,0,0,0,0,0,0,0,0,0,0,0,0,0,0,0,0,0,0,0,0,0,0,0,0,0,0,0,0,0,0,0,0,0,0,0,0,0,0,0,0,0,0,0,0,0,0,0,0,0,0,0,0,0,0,0,0,0,0,0,0,0,0,0,0,0,0,0,0,0,0,0,0,0,0,0,0,0,0,0,0,0,0,0,0,0,0,0,0,0,0,0,0,0,0,0,0,0,0,0,0,0,0,0,0,0,0,0,0,0,0,0,0,0,0,0,0,0,0,0,0,0,0,0,0,0,0,0,0,0,0,0,0,0,0,0,0,0,0,0,0,0,0,0,0,0,0,0,0,0,0,0,0,0,0,0,0,0,0,0,0,0,0,0,0,0,0,0,0,0,0,0,0,0,0,0,0,0,0,0,0,0,0,0,0,0,0,0,0,0,0,0,0,0,0,0,0,0,0,0,0,0,0,0,0,0,0,0,0,0,0,0,0,0,0,0,0,0,0,0,0,0,0,0,0,0,0,0,0,0,0,0,0,0,0,0,0,0,0,0,0,0,0,0,0,0,0,0,0,0,0,0,0,0,0,
0,0,0,0,0,0,0,0,0,0,0,0,0,0,0,0,0,0,0,0,0,0,0,0,0,0,0,0,0,0,0,0,0,0,0,0,0,0,0,0,0,0,0,0,0,0,0,0,0,0,0,0,0,0,0,0,0,0,0,0,0,0,0,0,0,0,0,0,0,0,0,0,0,0,0,0,0,0,0,0,0,0,0,0,0,0,0,0,0,0,0,0,0,0,0,0,0,0,0,0,0,0,0,0,0,0,0,0,0,0,0,0,0,0,0,0,0,0,0,0,0,0,0,0,0,0,0,0,0,0,0,0,0,0,0,0,0,0,0,0,0,0,0,0,0,0,0,0,0,0,0,0,0,0,0,0,0,0,0,0,0,0,0,0,0,0,0,0,0,0,0,0,0,0,0,0,0,0,0,0,0,0,0,0,0,0,0,0,0,0,0,0,0,0,0,0,0,0,0,0,0,0,0,0,0,0,0,0,0,0,0,0,0,0,0,0,0,0,0,0,0,0,0,0,0,0,0,0,0,0,0,0,0,0,0,0,0,0,0,0,0,0,0,0,0,0,0,0,0,0,0,0,0,0,0,0,
0,0,0,0,0,0,0,0,0,0,0,0,0,0,0,0,0,0,0,0,0,0,0,0,0,0,0,0,0,0,0,0,0,0,0,0,0,0,0,0,0,0,0,0,0,0,0,0,0,0,0,0,0,0,0,0,0,0,0,0,0,0,0,0,0,0,0,0,0,0,0,0,0,0,0,0,0,0,0,0,0,0,0,0,0,0,0,0,0,0,0,0,0,0,0,0,0,0,0,0,0,0,0,0,0,0,0,0,0,0,0,0,0,0,0,0,0,0,0,0,0,0,0,0,0,0,0,0,0,0,0,0,0,0,0,0,0,0,0,0,0,0,0,0,0,0,0,0,0,0,0,0,0,0,0,0,0,0,0,0,0,0,0,0,0,0,0,0,0,0,0,0,0,0,0,0,0,0,0,0,0,0,0,0,0,0,0,0,0,0,0,0,0,0,0,0,0,0,0,0,0,0,0,0,0,0,0,0,0,0,0,0,0,0,0,0,0,0,0,0,0,0,0,0,0,0,0,0,0,0,0,0,0,0,0,0,0,0,0,0,0,0,0,0,0,0,0,0,0,0,0,0,0,0,0,0,
0,0,0,0,0,0,0,0,0,0,0,0,0,0,0,0,0,0,0,0,0,0,0,0,0,0,0,0,0,0,0,0,0,0,0,0,0,0,0,0,0,0,0,0,0,0,0,0,0,0,0,0,0,0,0,0,0,0,0,0,0,0,0,0,0,0,0,0,0,0,0,0,0,0,0,0,0,0,0,0,0,0,0,0,0,0,0,0,0,0,0,0,0,0,0,0,0,0,0,0,0,0,0,0,0,0,0,0,0,0,0,0,0,0,0,0,0,0,0,0,0,0,0,0,0,0,0,0,0,0,0,0,0,0,0,0,0,0,0,0,0,0,0,0,0,0,0,0,0,0,0,0,0,0,0,0,0,0,0,0,0,0,0,0,0,0,0,0,0,0,0,0,0,0,0,0,0,0,0,0,0,0,0,0,0,0,0,0,0,0,0,0,0,0,0,0,0,0,0,0,0,0,0,0,0,0,0,0,0,0,0,0,0,0,0,0,0,0,0,0,0,0,0,0,0,0,0,0,0,0,0,0,0,0,0,0,0,0,0,0,0,0,0,0,0,0,0,0,0,0,0,0,0,0,0,0,
0,0,0,0,0,0,0,0,0,0,0,0,0,0,0,0,0,0,0,0,0,0,0,0,0,0,0,0,0,0,0,0,0,0,0,0,0,0,0,0,0,0,0,0,0,0,0,0,0,0,0,0,0,0,0,0,0,0,0,0,0,0,0,0,0,0,0,0,0,0,0,0,0,0,0,0,0,0,0,0,0,0,0,0,0,0,0,0,0,0,0,0,0,0,0,0,0,0,0,0,0,0,0,0,0,0,0,0,0,0,0,0,0,0,0,0,0,0,0,0,0,0,0,0,0,0,0,0,0,0,0,0,0,0,0,0,0,0,0,0,0,0,0,0,0,0,0,0,0,0,0,0,0,0,0,0,0,0,0,0,0,0,0,0,0,0,0,0,0,0,0,0,0,0,0,0,0,0,0,0,0,0,0,0,0,0,0,0,0,0,0,0,0,0,0,0,0,0,0,0,0,0,0,0,0,0,0,0,0,0,0,0,0,0,0,0,0,0,0,0,0,0,0,0,0,0,0,0,0,0,0,0,0,0,0,0,0,0,0,0,0,0,0,0,0,0,0,0,0,0,0,0,0,0,0,0,
0,0,0,0,0,0,0,0,0,0,0,0,0,0,0,0,0,0,0,0,0,0,0,0,0,0,0,0,0,0,0,0,0,0,0,0,0,0,0,0,0,0,0,0,0,0,0,0,0,0,0,0,0,0,0,0,0,0,0,0,0,0,0,0,0,0,0,0,0,0,0,0,0,0,0,0,0,0,0,0,0,0,0,0,0,0,0,0,0,0,0,0,0,0,0,0,0,0,0,0,0,0,0,0,0,0,0,0,0,0,0,0,0,0,0,0,0,0,0,0,0,0,0,0,0,0,0,0,0,0,0,0,0,0,0,0,0,0,0,0,0,0,0,0,0,0,0,0,0,0,0,0,0,0,0,0,0,0,0,0,0,0,0,0,0,0,0,0,0,0,0,0,0,0,0,0,0,0,0,0,0,0,0,0,0,0,0,0,0,0,0,0,0,0,0,0,0,0,0,0,0,0,0,0,0,0,0,0,0,0,0,0,0,0,0,0,0,0,0,0,0,0,0,0,0,0,0,0,0,0,0,0,0,0,0,0,0,0,0,0,0,0,0,0,0,0,0,0,0,0,0,0,0,0,0,0,
0,0,0,0,0,0,0,0,0,0,0,0,0,0,0,0,0,0,0,0,0,0,0,0,0,0,0,0,0,0,0,0,0,0,0,0,0,0,0,0,0,0,0,0,0,0,0,0,0,0,0,0,0,0,0,0,0,0,0,0,0,0,0,0,0,0,0,0,0,0,0,0,0,0,0,0,0,0,0,0,0,0,0,0,0,0,0,0,0,0,0,0,0,0,0,0,0,0,0,0,0,0,0,0,0,0,0,0,0,0,0,0,0,0,0,0,0,0,0,0,0,0,0,0,0,0,0,0,0,0,0,0,0,0,0,0,0,0,0,0,0,0,0,0,0,0,0,0,0,0,0,0,0,0,0,0,0,0,0,0,0,0,0,0,0,0,0,0,0,0,0,0,0,0,0,0,0,0,0,0,0,0,0,0,0,0,0,0,0,0,0,0,0,0,0,0,0,0,0,0,0,0,0,0,0,0,0,0,0,0,0,0,0,0,0,0,0,0,0,0,0,0,0,0,0,0,0,0,0,0,0,0,0,0,0,0,0,0,0,0,0,0,0,0,0,0,0,0,0,0,0,0,0,0,0,0,
0,0,0,0,0,0,0,0,0,0,0,0,0,0,0,0,0,0,0,0,0,0,0,0,0,0,0,0,0,0,0,0,0,0,0,0,0,0,0,0,0,0,0,0,0,0,0,0,0,0,0,0,0,0,0,0,0,0,0,0,0,0,0,0,0,0,0,0,0,0,0,0,0,0,0,0,0,0,0,0,0,0,0,0,0,0,0,0,0,0,0,0,0,0,0,0,0,0,0,0,0,0,0,0,0,0,0,0,0,0,0,0,0,0,0,0,0,0,0,0,0,0,0,0,0,0,0,0,0,0,0,0,0,0,0,0,0,0,0,0,0,0,0,0,0,0,0,0,0,0,0,0,0,0,0,0,0,0,0,0,0,0,0,0,0,0,0,0,0,0,0,0,0,0,0,0,0,0,0,0,0,0,0,0,0,0,0,0,0,0,0,0,0,0,0,0,0,0,0,0,0,0,0,0,0,0,0,0,0,0,0,0,0,0,0,0,0,0,0,0,0,0,0,0,0,0,0,0,0,0,0,0,0,0,0,0,0,0,0,0,0,0,0,0,0,0,0,0,0,0,0,0,0,0,0,0,
0,0,0,0,0,0,0,0,0,0,0,0,0,0,0,0,0,0,0,0,0,0,0,0,0,0,0,0,0,0,0,0,0,0,0,0,0,0,0,0,0,0,0,0,0,0,0,0,0,0,0,0,0,0,0,0,0,0,0,0,0,0,0,0,0,0,0,0,0,0,0,0,0,0,0,0,0,0,0,0,0,0,0,0,0,0,0,0,0,0,0,0,0,0,0,0,0,0,0,0,0,0,0,0,0,0,0,0,0,0,0,0,0,0,0,0,0,0,0,0,0,0,0,0,0,0,0,0,0,0,0,0,0,0,0,0,0,0,0,0,0,0,0,0,0,0,0,0,0,0,0,0,0,0,0,0,0,0,0,0,0,0,0,0,0,0,0,0,0,0,0,0,0,0,0,0,0,0,0,0,0,0,0,0,0,0,0,0,0,0,0,0,0,0,0,0,0,0,0,0,0,0,0,0,0,0,0,0,0,0,0,0,0,0,0,0,0,0,0,0,0,0,0,0,0,0,0,0,0,0,0,0,0,0,0,0,0,0,0,0,0,0,0,0,0,0,0,0,0,0,0,0,0,0,0,0,
0,0,0,0,0,0,0,0,0,0,0,0,0,0,0,0,0,0,0,0,0,0,0,0,0,0,0,0,0,0,0,0,0,0,0,0,0,0,0,0,0,0,0,0,0,0,0,0,0,0,0,0,0,0,0,0,0,0,0,0,0,0,0,0,0,0,0,0,0,0,0,0,0,0,0,0,0,0,0,0,0,0,0,0,0,0,0,0,0,0,0,0,0,0,0,0,0,0,0,0,0,0,0,0,0,0,0,0,0,0,0,0,0,0,0,0,0,0,0,0,0,0,0,0,0,0,0,0,0,0,0,0,0,0,0,0,0,0,0,0,0,0,0,0,0,0,0,0,0,0,0,0,0,0,0,0,0,0,0,0,0,0,0,0,0,0,0,0,0,0,0,0,0,0,0,0,0,0,0,0,0,0,0,0,0,0,0,0,0,0,0,0,0,0,0,0,0,0,0,0,0,0,0,0,0,0,0,0,0,0,0,0,0,0,0,0,0,0,0,0,0,0,0,0,0,0,0,0,0,0,0,0,0,0,0,0,0,0,0,0,0,0,0,0,0,0,0,0,0,0,0,0,0,0,0,0,
0,0,0,0,0,0,0,0,0,0,0,0,0,0,0,0,0,0,0,0,0,0,0,0,0,0,0,0,0,0,0,0,0,0,0,0,0,0,0,0,0,0,0,0,0,0,0,0,0,0,0,0,0,0,0,0,0,0,0,0,0,0,0,0,0,0,0,0,0,0,0,0,0,0,0,0,0,0,0,0,0,0,0,0,0,0,0,0,0,0,0,0,0,0,0,0,0,0,0,0,0,0,0,0,0,0,0,0,0,0,0,0,0,0,0,0,0,0,0,0,0,0,0,0,0,0,0,0,0,0,0,0,0,0,0,0,0,0,0,0,0,0,0,0,0,0,0,0,0,0,0,0,0,0,0,0,0,0,0,0,0,0,0,0,0,0,0,0,0,0,0,0,0,0,0,0,0,0,0,0,0,0,0,0,0,0,0,0,0,0,0,0,0,0,0,0,0,0,0,0,0,0,0,0,0,0,0,0,0,0,0,0,0,0,0,0,0,0,0,0,0,0,0,0,0,0,0,0,0,0,0,0,0,0,0,0,0,0,0,0,0,0,0,0,0,0,0,0,0,0,0,0,0,0,0,0,
0,0,0,0,0,0,0,0,0,0,0,0,0,0,0,0,0,0,0,0,0,0,0,0,0,0,0,0,0,0,0,0,0,0,0,0,0,0,0,0,0,0,0,0,0,0,0,0,0,0,0,0,0,0,0,0,0,0,0,0,0,0,0,0,0,0,0,0,0,0,0,0,0,0,0,0,0,0,0,0,0,0,0,0,0,0,0,0,0,0,0,0,0,0,0,0,0,0,0,0,0,0,0,0,0,0,0,0,0,0,0,0,0,0,0,0,0,0,0,0,0,0,0,0,0,0,0,0,0,0,0,0,0,0,0,0,0,0,0,0,0,0,0,0,0,0,0,0,0,0,0,0,0,0,0,0,0,0,0,0,0,0,0,0,0,0,0,0,0,0,0,0,0,0,0,0,0,0,0,0,0,0,0,0,0,0,0,0,0,0,0,0,0,0,0,0,0,0,0,0,0,0,0,0,0,0,0,0,0,0,0,0,0,0,0,0,0,0,0,0,0,0,0,0,0,0,0,0,0,0,0,0,0,0,0,0,0,0,0,0,0,0,0,0,0,0,0,0,0,0,0,0,0,0,0,0,
0,0,0,0,0,0,0,0,0,0,0,0,0,0,0,0,0,0,0,0,0,0,0,0,0,0,0,0,0,0,0,0,0,0,0,0,0,0,0,0,0,0,0,0,0,0,0,0,0,0,0,0,0,0,0,0,0,0,0,0,0,0,0,0,0,0,0,0,0,0,0,0,0,0,0,0,0,0,0,0,0,0,0,0,0,0,0,0,0,0,0,0,0,0,0,0,0,0,0,0,0,0,0,0,0,0,0,0,0,0,0,0,0,0,0,0,0,0,0,0,0,0,0,0,0,0,0,0,0,0,0,0,0,0,0,0,0,0,0,0,0,0,0,0,0,0,0,0,0,0,0,0,0,0,0,0,0,0,0,0,0,0,0,0,0,0,0,0,0,0,0,0,0,0,0,0,0,0,0,0,0,0,0,0,0,0,0,0,0,0,0,0,0,0,0,0,0,0,0,0,0,0,0,0,0,0,0,0,0,0,0,0,0,0,0,0,0,0,0,0,0,0,0,0,0,0,0,0,0,0,0,0,0,0,0,0,0,0,0,0,0,0,0,0,0,0,0,0,0,0,0,0,0,0,0,0,
0,0,0,0,0,0,0,0,0,0,0,0,0,0,0,0,0,0,0,0,0,0,0,0,0,0,0,0,0,0,0,0,0,0,0,0,0,0,0,0,0,0,0,0,0,0,0,0,0,0,0,0,0,0,0,0,0,0,0,0,0,0,0,0,0,0,0,0,0,0,0,0,0,0,0,0,0,0,0,0,0,0,0,0,0,0,0,0,0,0,0,0,0,0,0,0,0,0,0,0,0,0,0,0,0,0,0,0,0,0,0,0,0,0,0,0,0,0,0,0,0,0,0,0,0,0,0,0,0,0,0,0,0,0,0,0,0,0,0,0,0,0,0,0,0,0,0,0,0,0,0,0,0,0,0,0,0,0,0,0,0,0,0,0,0,0,0,0,0,0,0,0,0,0,0,0,0,0,0,0,0,0,0,0,0,0,0,0,0,0,0,0,0,0,0,0,0,0,0,0,0,0,0,0,0,0,0,0,0,0,0,0,0,0,0,0,0,0,0,0,0,0,0,0,0,0,0,0,0,0,0,0,0,0,0,0,0,0,0,0,0,0,0,0,0,0,0,0,0,0,0,0,0,0,0,0,
0,0,0,0,0,0,0,0,0,0,0,0,0,0,0,0,0,0,0,0,0,0,0,0,0,0,0,0,0,0,0,0,0,0,0,0,0,0,0,0,0,0,0,0,0,0,0,0,0,0,0,0,0,0,0,0,0,0,0,0,0,0,0,0,0,0,0,0,0,0,0,0,0,0,0,0,0,0,0,0,0,0,0,0,0,0,0,0,0,0,0,0,0,0,0,0,0,0,0,0,0,0,0,0,0,0,0,0,0,0,0,0,0,0,0,0,0,0,0,0,0,0,0,0,0,0,0,0,0,0,0,0,0,0,0,0,0,0,0,0,0,0,0,0,0,0,0,0,0,0,0,0,0,0,0,0,0,0,0,0,0,0,0,0,0,0,0,0,0,0,0,0,0,0,0,0,0,0,0,0,0,0,0,0,0,0,0,0,0,0,0,0,0,0,0,0,0,0,0,0,0,0,0,0,0,0,0,0,0,0,0,0,0,0,0,0,0,0,0,0,0,0,0,0,0,0,0,0,0,0,0,0,0,0,0,0,0,0,0,0,0,0,0,0,0,0,0,0,0,0,0,0,0,0,0,0,
0,0,0,0,0,0,0,0,0,0,0,0,0,0,0,0,0,0,0,0,0,0,0,0,0,0,0,0,0,0,0,0,0,0,0,0,0,0,0,0,0,0,0,0,0,0,0,0,0,0,0,0,0,0,0,0,0,0,0,0,0,0,0,0,0,0,0,0,0,0,0,0,0,0,0,0,0,0,0,0,0,0,0,0,0,0,0,0,0,0,0,0,0,0,0,0,0,0,0,0,0,0,0,0,0,0,0,0,0,0,0,0,0,0,0,0,0,0,0,0,0,0,0,0,0,0,0,0,0,0,0,0,0,0,0,0,0,0,0,0,0,0,0,0,0,0,0,0,0,0,0,0,0,0,0,0,0,0,0,0,0,0,0,0,0,0,0,0,0,0,0,0,0,0,0,0,0,0,0,0,0,0,0,0,0,0,0,0,0,0,0,0,0,0,0,0,0,0,0,0,0,0,0,0,0,0,0,0,0,0,0,0,0,0,0,0,0,0,0,0,0,0,0,0,0,0,0,0,0,0,0,0,0,0,0,0,0,0,0,0,0,0,0,0,0,0,0,0,0,0,0,0,0,0,0,0,
0,0,0,0,0,0,0,0,0,0,0,0,0,0,0,0,0,0,0,0,0,0,0,0,0,0,0,0,0,0,0,0,0,0,0,0,0,0,0,0,0,0,0,0,0,0,0,0,0,0,0,0,0,0,0,0,0,0,0,0,0,0,0,0,0,0,0,0,0,0,0,0,0,0,0,0,0,0,0,0,0,0,0,0,0,0,0,0,0,0,0,0,0,0,0,0,0,0,0,0,0,0,0,0,0,0,0,0,0,0,0,0,0,0,0,0,0,0,0,0,0,0,0,0,0,0,0,0,0,0,0,0,0,0,0,0,0,0,0,0,0,0,0,0,0,0,0,0,0,0,0,0,0,0,0,0,0,0,0,0,0,0,0,0,0,0,0,0,0,0,0,0,0,0,0,0,0,0,0,0,0,0,0,0,0,0,0,0,0,0,0,0,0,0,0,0,0,0,0,0,0,0,0,0,0,0,0,0,0,0,0,0,0,0,0,0,0,0,0,0,0,0,0,0,0,0,0,0,0,0,0,0,0,0,0,0,0,0,0,0,0,0,0,0,0,0,0,0,0,0,0,0,0,0,0,0,
0,0,0,0,0,0,0,0,0,0,0,0,0,0,0,0,0,0,0,0,0,0,0,0,0,0,0,0,0,0,0,0,0,0,0,0,0,0,0,0,0,0,0,0,0,0,0,0,0,0,0,0,0,0,0,0,0,0,0,0,0,0,0,0,0,0,0,0,0,0,0,0,0,0,0,0,0,0,0,0,0,0,0,0,0,0,0,0,0,0,0,0,0,0,0,0,0,0,0,0,0,0,0,0,0,0,0,0,0,0,0,0,0,0,0,0,0,0,0,0,0,0,0,0,0,0,0,0,0,0,0,0,0,0,0,0,0,0,0,0,0,0,0,0,0,0,0,0,0,0,0,0,0,0,0,0,0,0,0,0,0,0,0,0,0,0,0,0,0,0,0,0,0,0,0,0,0,0,0,0,0,0,0,0,0,0,0,0,0,0,0,0,0,0,0,0,0,0,0,0,0,0,0,0,0,0,0,0,0,0,0,0,0,0,0,0,0,0,0,0,0,0,0,0,0,0,0,0,0,0,0,0,0,0,0,0,0,0,0,0,0,0,0,0,0,0,0,0,0,0,0,0,0,0,0,0,
0,0,0,0,0,0,0,0,0,0,0,0,0,0,0,0,0,0,0,0,0,0,0,0,0,0,0,0,0,0,0,0,0,0,0,0,0,0,0,0,0,0,0,0,0,0,0,0,0,0,0,0,0,0,0,0,0,0,0,0,0,0,0,0,0,0,0,0,0,0,0,0,0,0,0,0,0,0,0,0,0,0,0,0,0,0,0,0,0,0,0,0,0,0,0,0,0,0,0,0,0,0,0,0,0,0,0,0,0,0,0,0,0,0,0,0,0,0,0,0,0,0,0,0,0,0,0,0,0,0,0,0,0,0,0,0,0,0,0,0,0,0,0,0,0,0,0,0,0,0,0,0,0,0,0,0,0,0,0,0,0,0,0,0,0,0,0,0,0,0,0,0,0,0,0,0,0,0,0,0,0,0,0,0,0,0,0,0,0,0,0,0,0,0,0,0,0,0,0,0,0,0,0,0,0,0,0,0,0,0,0,0,0,0,0,0,0,0,0,0,0,0,0,0,0,0,0,0,0,0,0,0,0,0,0,0,0,0,0,0,0,0,0,0,0,0,0,0,0,0,0,0,0,0,0,0,
0,0,0,0,0,0,0,0,0,0,0,0,0,0,0,0,0,0,0,0,0,0,0,0,0,0,0,0,0,0,0,0,0,0,0,0,0,0,0,0,0,0,0,0,0,0,0,0,0,0,0,0,0,0,0,0,0,0,0,0,0,0,0,0,0,0,0,0,0,0,0,0,0,0,0,0,0,0,0,0,0,0,0,0,0,0,0,0,0,0,0,0,0,0,0,0,0,0,0,0,0,0,0,0,0,0,0,0,0,0,0,0,0,0,0,0,0,0,0,0,0,0,0,0,0,0,0,0,0,0,0,0,0,0,0,0,0,0,0,0,0,0,0,0,0,0,0,0,0,0,0,0,0,0,0,0,0,0,0,0,0,0,0,0,0,0,0,0,0,0,0,0,0,0,0,0,0,0,0,0,0,0,0,0,0,0,0,0,0,0,0,0,0,0,0,0,0,0,0,0,0,0,0,0,0,0,0,0,0,0,0,0,0,0,0,0,0,0,0,0,0,0,0,0,0,0,0,0,0,0,0,0,0,0,0,0,0,0,0,0,0,0,0,0,0,0,0,0,0,0,0,0,0,0,0,0,
0,0,0,0,0,0,0,0,0,0,0,0,0,0,0,0,0,0,0,0,0,0,0,0,0,0,0,0,0,0,0,0,0,0,0,0,0,0,0,0,0,0,0,0,0,0,0,0,0,0,0,0,0,0,0,0,0,0,0,0,0,0,0,0,0,0,0,0,0,0,0,0,0,0,0,0,0,0,0,0,0,0,0,0,0,0,0,0,0,0,0,0,0,0,0,0,0,0,0,0,0,0,0,0,0,0,0,0,0,0,0,0,0,0,0,0,0,0,0,0,0,0,0,0,0,0,0,0,0,0,0,0,0,0,0,0,0,0,0,0,0,0,0,0,0,0,0,0,0,0,0,0,0,0,0,0,0,0,0,0,0,0,0,0,0,0,0,0,0,0,0,0,0,0,0,0,0,0,0,0,0,0,0,0,0,0,0,0,0,0,0,0,0,0,0,0,0,0,0,0,0,0,0,0,0,0,0,0,0,0,0,0,0,0,0,0,0,0,0,0,0,0,0,0,0,0,0,0,0,0,0,0,0,0,0,0,0,0,0,0,0,0,0,0,0,0,0,0,0,0,0,0,0,0,0,0,
0,0,0,0,0,0,0,0,0,0,0,0,0,0,0,0,0,0,0,0,0,0,0,0,0,0,0,0,0,0,0,0,0,0,0,0,0,0,0,0,0,0,0,0,0,0,0,0,0,0,0,0,0,0,0,0,0,0,0,0,0,0,0,0,0,0,0,0,0,0,0,0,0,0,0,0,0,0,0,0,0,0,0,0,0,0,0,0,0,0,0,0,0,0,0,0,0,0,0,0,0,0,0,0,0,0,0,0,0,0,0,0,0,0,0,0,0,0,0,0,0,0,0,0,0,0,0,0,0,0,0,0,0,0,0,0,0,0,0,0,0,0,0,0,0,0,0,0,0,0,0,0,0,0,0,0,0,0,0,0,0,0,0,0,0,0,0,0,0,0,0,0,0,0,0,0,0,0,0,0,0,0,0,0,0,0,0,0,0,0,0,0,0,0,0,0,0,0,0,0,0,0,0,0,0,0,0,0,0,0,0,0,0,0,0,0,0,0,0,0,0,0,0,0,0,0,0,0,0,0,0,0,0,0,0,0,0,0,0,0,0,0,0,0,0,0,0,0,0,0,0,0,0,0,0,0,
0,0,0,0,0,0,0,0,0,0,0,0,0,0,0,0,0,0,0,0,0,0,0,0,0,0,0,0,0,0,0,0,0,0,0,0,0,0,0,0,0,0,0,0,0,0,0,0,0,0,0,0,0,0,0,0,0,0,0,0,0,0,0,0,0,0,0,0,0,0,0,0,0,0,0,0,0,0,0,0,0,0,0,0,0,0,0,0,0,0,0,0,0,0,0,0,0,0,0,0,0,0,0,0,0,0,0,0,0,0,0,0,0,0,0,0,0,0,0,0,0,0,0,0,0,0,0,0,0,0,0,0,0,0,0,0,0,0,0,0,0,0,0,0,0,0,0,0,0,0,0,0,0,0,0,0,0,0,0,0,0,0,0,0,0,0,0,0,0,0,0,0,0,0,0,0,0,0,0,0,0,0,0,0,0,0,0,0,0,0,0,0,0,0,0,0,0,0,0,0,0,0,0,0,0,0,0,0,0,0,0,0,0,0,0,0,0,0,0,0,0,0,0,0,0,0,0,0,0,0,0,0,0,0,0,0,0,0,0,0,0,0,0,0,0,0,0,0,0,0,0,0,0,0,0,0,
0,0,0,0,0,0,0,0,0,0,0,0,0,0,0,0,0,0,0,0,0,0,0,0,0,0,0,0,0,0,0,0,0,0,0,0,0,0,0,0,0,0,0,0,0,0,0,0,0,0,0,0,0,0,0,0,0,0,0,0,0,0,0,0,0,0,0,0,0,0,0,0,0,0,0,0,0,0,0,0,0,0,0,0,0,0,0,0,0,0,0,0,0,0,0,0,0,0,0,0,0,0,0,0,0,0,0,0,0,0,0,0,0,0,0,0,0,0,0,0,0,0,0,0,0,0,0,0,0,0,0,0,0,0,0,0,0,0,0,0,0,0,0,0,0,0,0,0,0,0,0,0,0,0,0,0,0,0,0,0,0,0,0,0,0,0,0,0,0,0,0,0,0,0,0,0,0,0,0,0,0,0,0,0,0,0,0,0,0,0,0,0,0,0,0,0,0,0,0,0,0,0,0,0,0,0,0,0,0,0,0,0,0,0,0,0,0,0,0,0,0,0,0,0,0,0,0,0,0,0,0,0,0,0,0,0,0,0,0,0,0,0,0,0,0,0,0,0,0,0,0,0,0,0,0,0,
0,0,0,0,0,0,0,0,0,0,0,0,0,0,0,0,0,0,0,0,0,0,0,0,0,0,0,0,0,0,0,0,0,0,0,0,0,0,0,0,0,0,0,0,0,0,0,0,0,0,0,0,0,0,0,0,0,0,0,0,0,0,0,0,0,0,0,0,0,0,0,0,0,0,0,0,0,0,0,0,0,0,0,0,0,0,0,0,0,0,0,0,0,0,0,0,0,0,0,0,0,0,0,0,0,0,0,0,0,0,0,0,0,0,0,0,0,0,0,0,0,0,0,0,0,0,0,0,0,0,0,0,0,0,0,0,0,0,0,0,0,0,0,0,0,0,0,0,0,0,0,0,0,0,0,0,0,0,0,0,0,0,0,0,0,0,0,0,0,0,0,0,0,0,0,0,0,0,0,0,0,0,0,0,0,0,0,0,0,0,0,0,0,0,0,0,0,0,0,0,0,0,0,0,0,0,0,0,0,0,0,0,0,0,0,0,0,0,0,0,0,0,0,0,0,0,0,0,0,0,0,0,0,0,0,0,0,0,0,0,0,0,0,0,0,0,0,0,0,0,0,0,0,0,0,0,
0,0,0,0,0,0,0,0,0,0,0,0,0,0,0,0,0,0,0,0,0,0,0,0,0,0,0,0,0,0,0,0,0,0,0,0,0,0,0,0,0,0,0,0,0,0,0,0,0,0,0,0,0,0,0,0,0,0,0,0,0,0,0,0,0,0,0,0,0,0,0,0,0,0,0,0,0,0,0,0,0,0,0,0,0,0,0,0,0,0,0,0,0,0,0,0,0,0,0,0,0,0,0,0,0,0,0,0,0,0,0,0,0,0,0,0,0,0,0,0,0,0,0,0,0,0,0,0,0,0,0,0,0,0,0,0,0,0,0,0,0,0,0,0,0,0,0,0,0,0,0,0,0,0,0,0,0,0,0,0,0,0,0,0,0,0,0,0,0,0,0,0,0,0,0,0,0,0,0,0,0,0,0,0,0,0,0,0,0,0,0,0,0,0,0,0,0,0,0,0,0,0,0,0,0,0,0,0,0,0,0,0,0,0,0,0,0,0,0,0,0,0,0,0,0,0,0,0,0,0,0,0,0,0,0,0,0,0,0,0,0,0,0,0,0,0,0,0,0,0,0,0,0,0,0,0,
0,0,0,0,0,0,0,0,0,0,0,0,0,0,0,0,0,0,0,0,0,0,0,0,0,0,0,0,0,0,0,0,0,0,0,0,0,0,0,0,0,0,0,0,0,0,0,0,0,0,0,0,0,0,0,0,0,0,0,0,0,0,0,0,0,0,0,0,0,0,0,0,0,0,0,0,0,0,0,0,0,0,0,0,0,0,0,0,0,0,0,0,0,0,0,0,0,0,0,0,0,0,0,0,0,0,0,0,0,0,0,0,0,0,0,0,0,0,0,0,0,0,0,0,0,0,0,0,0,0,0,0,0,0,0,0,0,0,0,0,0,0,0,0,0,0,0,0,0,0,0,0,0,0,0,0,0,0,0,0,0,0,0,0,0,0,0,0,0,0,0,0,0,0,0,0,0,0,0,0,0,0,0,0,0,0,0,0,0,0,0,0,0,0,0,0,0,0,0,0,0,0,0,0,0,0,0,0,0,0,0,0,0,0,0,0,0,0,0,0,0,0,0,0,0,0,0,0,0,0,0,0,0,0,0,0,0,0,0,0,0,0,0,0,0,0,0,0,0,0,0,0,0,0,0,0,
0,0,0,0,0,0,0,0,0,0,0,0,0,0,0,0,0,0,0,0,0,0,0,0,0,0,0,0,0,0,0,0,0,0,0,0,0,0,0,0,0,0,0,0,0,0,0,0,0,0,0,0,0,0,0,0,0,0,0,0,0,0,0,0,0,0,0,0,0,0,0,0,0,0,0,0,0,0,0,0,0,0,0,0,0,0,0,0,0,0,0,0,0,0,0,0,0,0,0,0,0,0,0,0,0,0,0,0,0,0,0,0,0,0,0,0,0,0,0,0,0,0,0,0,0,0,0,0,0,0,0,0,0,0,0,0,0,0,0,0,0,0,0,0,0,0,0,0,0,0,0,0,0,0,0,0,0,0,0,0,0,0,0,0,0,0,0,0,0,0,0,0,0,0,0,0,0,0,0,0,0,0,0,0,0,0,0,0,0,0,0,0,0,0,0,0,0,0,0,0,0,0,0,0,0,0,0,0,0,0,0,0,0,0,0,0,0,0,0,0,0,0,0,0,0,0,0,0,0,0,0,0,0,0,0,0,0,0,0,0,0,0,0,0,0,0,0,0,0,0,0,0,0,0,0,0,
0,0,0,0,0,0,0,0,0,0,0,0,0,0,0,0,0,0,0,0,0,0,0,0,0,0,0,0,0,0,0,0,0,0,0,0,0,0,0,0,0,0,0,0,0,0,0,0,0,0,0,0,0,0,0,0,0,0,0,0,0,0,0,0,0,0,0,0,0,0,0,0,0,0,0,0,0,0,0,0,0,0,0,0,0,0,0,0,0,0,0,0,0,0,0,0,0,0,0,0,0,0,0,0,0,0,0,0,0,0,0,0,0,0,0,0,0,0,0,0,0,0,0,0,0,0,0,0,0,0,0,0,0,0,0,0,0,0,0,0,0,0,0,0,0,0,0,0,0,0,0,0,0,0,0,0,0,0,0,0,0,0,0,0,0,0,0,0,0,0,0,0,0,0,0,0,0,0,0,0,0,0,0,0,0,0,0,0,0,0,0,0,0,0,0,0,0,0,0,0,0,0,0,0,0,0,0,0,0,0,0,0,0,0,0,0,0,0,0,0,0,0,0,0,0,0,0,0,0,0,0,0,0,0,0,0,0,0,0,0,0,0,0,0,0,0,0,0,0,0,0,0,0,0,0,0,
0,0,0,0,0,0,0,0,0,0,0,0,0,0,0,0,0,0,0,0,0,0,0,0,0,0,0,0,0,0,0,0,0,0,0,0,0,0,0,0,0,0,0,0,0,0,0,0,0,0,0,0,0,0,0,0,0,0,0,0,0,0,0,0,0,0,0,0,0,0,0,0,0,0,0,0,0,0,0,0,0,0,0,0,0,0,0,0,0,0,0,0,0,0,0,0,0,0,0,0,0,0,0,0,0,0,0,0,0,0,0,0,0,0,0,0,0,0,0,0,0,0,0,0,0,0,0,0,0,0,0,0,0,0,0,0,0,0,0,0,0,0,0,0,0,0,0,0,0,0,0,0,0,0,0,0,0,0,0,0,0,0,0,0,0,0,0,0,0,0,0,0,0,0,0,0,0,0,0,0,0,0,0,0,0,0,0,0,0,0,0,0,0,0,0,0,0,0,0,0,0,0,0,0,0,0,0,0,0,0,0,0,0,0,0,0,0,0,0,0,0,0,0,0,0,0,0,0,0,0,0,0,0,0,0,0,0,0,0,0,0,0,0,0,0,0,0,0,0,0,0,0,0,0,0,0,
0,0,0,0,0,0,0,0,0,0,0,0,0,0,0,0,0,0,0,0,0,0,0,0,0,0,0,0,0,0,0,0,0,0,0,0,0,0,0,0,0,0,0,0,0,0,0,0,0,0,0,0,0,0,0,0,0,0,0,0,0,0,0,0,0,0,0,0,0,0,0,0,0,0,0,0,0,0,0,0,0,0,0,0,0,0,0,0,0,0,0,0,0,0,0,0,0,0,0,0,0,0,0,0,0,0,0,0,0,0,0,0,0,0,0,0,0,0,0,0,0,0,0,0,0,0,0,0,0,0,0,0,0,0,0,0,0,0,0,0,0,0,0,0,0,0,0,0,0,0,0,0,0,0,0,0,0,0,0,0,0,0,0,0,0,0,0,0,0,0,0,0,0,0,0,0,0,0,0,0,0,0,0,0,0,0,0,0,0,0,0,0,0,0,0,0,0,0,0,0,0,0,0,0,0,0,0,0,0,0,0,0,0,0,0,0,0,0,0,0,0,0,0,0,0,0,0,0,0,0,0,0,0,0,0,0,0,0,0,0,0,0,0,0,0,0,0,0,0,0,0,0,0,0,0,0,
0,0,0,0,0,0,0,0,0,0,0,0,0,0,0,0,0,0,0,0,0,0,0,0,0,0,0,0,0,0,0,0,0,0,0,0,0,0,0,0,0,0,0,0,0,0,0,0,0,0,0,0,0,0,0,0,0,0,0,0,0,0,0,0,0,0,0,0,0,0,0,0,0,0,0,0,0,0,0,0,0,0,0,0,0,0,0,0,0,0,0,0,0,0,0,0,0,0,0,0,0,0,0,0,0,0,0,0,0,0,0,0,0,0,0,0,0,0,0,0,0,0,0,0,0,0,0,0,0,0,0,0,0,0,0,0,0,0,0,0,0,0,0,0,0,0,0,0,0,0,0,0,0,0,0,0,0,0,0,0,0,0,0,0,0,0,0,0,0,0,0,0,0,0,0,0,0,0,0,0,0,0,0,0,0,0,0,0,0,0,0,0,0,0,0,0,0,0,0,0,0,0,0,0,0,0,0,0,0,0,0,0,0,0,0,0,0,0,0,0,0,0,0,0,0,0,0,0,0,0,0,0,0,0,0,0,0,0,0,0,0,0,0,0,0,0,0,0,0,0,0,0,0,0,0,0,
0,0,0,0,0,0,0,0,0,0,0,0,0,0,0,0,0,0,0,0,0,0,0,0,0,0,0,0,0,0,0,0,0,0,0,0,0,0,0,0,0,0,0,0,0,0,0,0,0,0,0,0,0,0,0,0,0,0,0,0,0,0,0,0,0,0,0,0,0,0,0,0,0,0,0,0,0,0,0,0,0,0,0,0,0,0,0,0,0,0,0,0,0,0,0,0,0,0,0,0,0,0,0,0,0,0,0,0,0,0,0,0,0,0,0,0,0,0,0,0,0,0,0,0,0,0,0,0,0,0,0,0,0,0,0,0,0,0,0,0,0,0,0,0,0,0,0,0,0,0,0,0,0,0,0,0,0,0,0,0,0,0,0,0,0,0,0,0,0,0,0,0,0,0,0,0,0,0,0,0,0,0,0,0,0,0,0,0,0,0,0,0,0,0,0,0,0,0,0,0,0,0,0,0,0,0,0,0,0,0,0,0,0,0,0,0,0,0,0,0,0,0,0,0,0,0,0,0,0,0,0,0,0,0,0,0,0,0,0,0,0,0,0,0,0,0,0,0,0,0,0,0,0,0,0,0,
0,0,0,0,0,0,0,0,0,0,0,0,0,0,0,0,0,0,0,0,0,0,0,0,0,0,0,0,0,0,0,0,0,0,0,0,0,0,0,0,0,0,0,0,0,0,0,0,0,0,0,0,0,0,0,0,0,0,0,0,0,0,0,0,0,0,0,0,0,0,0,0,0,0,0,0,0,0,0,0,0,0,0,0,0,0,0,0,0,0,0,0,0,0,0,0,0,0,0,0,0,0,0,0,0,0,0,0,0,0,0,0,0,0,0,0,0,0,0,0,0,0,0,0,0,0,0,0,0,0,0,0,0,0,0,0,0,0,0,0,0,0,0,0,0,0,0,0,0,0,0,0,0,0,0,0,0,0,0,0,0,0,0,0,0,0,0,0,0,0,0,0,0,0,0,0,0,0,0,0,0,0,0,0,0,0,0,0,0,0,0,0,0,0,0,0,0,0,0,0,0,0,0,0,0,0,0,0,0,0,0,0,0,0,0,0,0,0,0,0,0,0,0,0,0,0,0,0,0,0,0,0,0,0,0,0,0,0,0,0,0,0,0,0,0,0,0,0,0,0,0,0,0,0,0,0,
0,0,0,0,0,0,0,0,0,0,0,0,0,0,0,0,0,0,0,0,0,0,0,0,0,0,0,0,0,0,0,0,0,0,0,0,0,0,0,0,0,0,0,0,0,0,0,0,0,0,0,0,0,0,0,0,0,0,0,0,0,0,0,0,0,0,0,0,0,0,0,0,0,0,0,0,0,0,0,0,0,0,0,0,0,0,0,0,0,0,0,0,0,0,0,0,0,0,0,0,0,0,0,0,0,0,0,0,0,0,0,0,0,0,0,0,0,0,0,0,0,0,0,0,0,0,0,0,0,0,0,0,0,0,0,0,0,0,0,0,0,0,0,0,0,0,0,0,0,0,0,0,0,0,0,0,0,0,0,0,0,0,0,0,0,0,0,0,0,0,0,0,0,0,0,0,0,0,0,0,0,0,0,0,0,0,0,0,0,0,0,0,0,0,0,0,0,0,0,0,0,0,0,0,0,0,0,0,0,0,0,0,0,0,0,0,0,0,0,0,0,0,0,0,0,0,0,0,0,0,0,0,0,0,0,0,0,0,0,0,0,0,0,0,0,0,0,0,0,0,0,0,0,0,0,0,
0,0,0,0,0,0,0,0,0,0,0,0,0,0,0,0,0,0,0,0,0,0,0,0,0,0,0,0,0,0,0,0,0,0,0,0,0,0,0,0,0,0,0,0,0,0,0,0,0,0,0,0,0,0,0,0,0,0,0,0,0,0,0,0,0,0,0,0,0,0,0,0,0,0,0,0,0,0,0,0,0,0,0,0,0,0,0,0,0,0,0,0,0,0,0,0,0,0,0,0,0,0,0,0,0,0,0,0,0,0,0,0,0,0,0,0,0,0,0,0,0,0,0,0,0,0,0,0,0,0,0,0,0,0,0,0,0,0,0,0,0,0,0,0,0,0,0,0,0,0,0,0,0,0,0,0,0,0,0,0,0,0,0,0,0,0,0,0,0,0,0,0,0,0,0,0,0,0,0,0,0,0,0,0,0,0,0,0,0,0,0,0,0,0,0,0,0,0,0,0,0,0,0,0,0,0,0,0,0,0,0,0,0,0,0,0,0,0,0,0,0,0,0,0,0,0,0,0,0,0,0,0,0,0,0,0,0,0,0,0,0,0,0,0,0,0,0,0,0,0,0,0,0,0,0,0,
0,0,0,0,0,0,0,0,0,0,0,0,0,0,0,0,0,0,0,0,0,0,0,0,0,0,0,0,0,0,0,0,0,0,0,0,0,0,0,0,0,0,0,0,0,0,0,0,0,0,0,0,0,0,0,0,0,0,0,0,0,0,0,0,0,0,0,0,0,0,0,0,0,0,0,0,0,0,0,0,0,0,0,0,0,0,0,0,0,0,0,0,0,0,0,0,0,0,0,0,0,0,0,0,0,0,0,0,0,0,0,0,0,0,0,0,0,0,0,0,0,0,0,0,0,0,0,0,0,0,0,0,0,0,0,0,0,0,0,0,0,0,0,0,0,0,0,0,0,0,0,0,0,0,0,0,0,0,0,0,0,0,0,0,0,0,0,0,0,0,0,0,0,0,0,0,0,0,0,0,0,0,0,0,0,0,0,0,0,0,0,0,0,0,0,0,0,0,0,0,0,0,0,0,0,0,0,0,0,0,0,0,0,0,0,0,0,0,0,0,0,0,0,0,0,0,0,0,0,0,0,0,0,0,0,0,0,0,0,0,0,0,0,0,0,0,0,0,0,0,0,0,0,0,0,0,
0,0,0,0,0,0,0,0,0,0,0,0,0,0,0,0,0,0,0,0,0,0,0,0,0,0,0,0,0,0,0,0,0,0,0,0,0,0,0,0,0,0,0,0,0,0,0,0,0,0,0,0,0,0,0,0,0,0,0,0,0,0,0,0,0,0,0,0,0,0,0,0,0,0,0,0,0,0,0,0,0,0,0,0,0,0,0,0,0,0,0,0,0,0,0,0,0,0,0,0,0,0,0,0,0,0,0,0,0,0,0,0,0,0,0,0,0,0,0,0,0,0,0,0,0,0,0,0,0,0,0,0,0,0,0,0,0,0,0,0,0,0,0,0,0,0,0,0,0,0,0,0,0,0,0,0,0,0,0,0,0,0,0,0,0,0,0,0,0,0,0,0,0,0,0,0,0,0,0,0,0,0,0,0,0,0,0,0,0,0,0,0,0,0,0,0,0,0,0,0,0,0,0,0,0,0,0,0,0,0,0,0,0,0,0,0,0,0,0,0,0,0,0,0,0,0,0,0,0,0,0,0,0,0,0,0,0,0,0,0,0,0,0,0,0,0,0,0,0,0,0,0,0,0,0,0,
0,0,0,0,0,0,0,0,0,0,0,0,0,0,0,0,0,0,0,0,0,0,0,0,0,0,0,0,0,0,0,0,0,0,0,0,0,0,0,0,0,0,0,0,0,0,0,0,0,0,0,0,0,0,0,0,0,0,0,0,0,0,0,0,0,0,0,0,0,0,0,0,0,0,0,0,0,0,0,0,0,0,0,0,0,0,0,0,0,0,0,0,0,0,0,0,0,0,0,0,0,0,0,0,0,0,0,0,0,0,0,0,0,0,0,0,0,0,0,0,0,0,0,0,0,0,0,0,0,0,0,0,0,0,0,0,0,0,0,0,0,0,0,0,0,0,0,0,0,0,0,0,0,0,0,0,0,0,0,0,0,0,0,0,0,0,0,0,0,0,0,0,0,0,0,0,0,0,0,0,0,0,0,0,0,0,0,0,0,0,0,0,0,0,0,0,0,0,0,0,0,0,0,0,0,0,0,0,0,0,0,0,0,0,0,0,0,0,0,0,0,0,0,0,0,0,0,0,0,0,0,0,0,0,0,0,0,0,0,0,0,0,0,0,0,0,0,0,0,0,0,0,0,0,0,0,
0,0,0,0,0,0,0,0,0,0,0,0,0,0,0,0,0,0,0,0,0,0,0,0,0,0,0,0,0,0,0,0,0,0,0,0,0,0,0,0,0,0,0,0,0,0,0,0,0,0,0,0,0,0,0,0,0,0,0,0,0,0,0,0,0,0,0,0,0,0,0,0,0,0,0,0,0,0,0,0,0,0,0,0,0,0,0,0,0,0,0,0,0,0,0,0,0,0,0,0,0,0,0,0,0,0,0,0,0,0,0,0,0,0,0,0,0,0,0,0,0,0,0,0,0,0,0,0,0,0,0,0,0,0,0,0,0,0,0,0,0,0,0,0,0,0,0,0,0,0,0,0,0,0,0,0,0,0,0,0,0,0,0,0,0,0,0,0,0,0,0,0,0,0,0,0,0,0,0,0,0,0,0,0,0,0,0,0,0,0,0,0,0,0,0,0,0,0,0,0,0,0,0,0,0,0,0,0,0,0,0,0,0,0,0,0,0,0,0,0,0,0,0,0,0,0,0,0,0,0,0,0,0,0,0,0,0,0,0,0,0,0,0,0,0,0,0,0,0,0,0,0,0,0,0,0,
0,0,0,0,0,0,0,0,0,0,0,0,0,0,0,0,0,0,0,0,0,0,0,0,0,0,0,0,0,0,0,0,0,0,0,0,0,0,0,0,0,0,0,0,0,0,0,0,0,0,0,0,0,0,0,0,0,0,0,0,0,0,0,0,0,0,0,0,0,0,0,0,0,0,0,0,0,0,0,0,0,0,0,0,0,0,0,0,0,0,0,0,0,0,0,0,0,0,0,0,0,0,0,0,0,0,0,0,0,0,0,0,0,0,0,0,0,0,0,0,0,0,0,0,0,0,0,0,0,0,0,0,0,0,0,0,0,0,0,0,0,0,0,0,0,0,0,0,0,0,0,0,0,0,0,0,0,0,0,0,0,0,0,0,0,0,0,0,0,0,0,0,0,0,0,0,0,0,0,0,0,0,0,0,0,0,0,0,0,0,0,0,0,0,0,0,0,0,0,0,0,0,0,0,0,0,0,0,0,0,0,0,0,0,0,0,0,0,0,0,0,0,0,0,0,0,0,0,0,0,0,0,0,0,0,0,0,0,0,0,0,0,0,0,0,0,0,0,0,0,0,0,0,0,0,0,
0,0,0,0,0,0,0,0,0,0,0,0,0,0,0,0,0,0,0,0,0,0,0,0,0,0,0,0,0,0,0,0,0,0,0,0,0,0,0,0,0,0,0,0,0,0,0,0,0,0,0,0,0,0,0,0,0,0,0,0,0,0,0,0,0,0,0,0,0,0,0,0,0,0,0,0,0,0,0,0,0,0,0,0,0,0,0,0,0,0,0,0,0,0,0,0,0,0,0,0,0,0,0,0,0,0,0,0,0,0,0,0,0,0,0,0,0,0,0,0,0,0,0,0,0,0,0,0,0,0,0,0,0,0,0,0,0,0,0,0,0,0,0,0,0,0,0,0,0,0,0,0,0,0,0,0,0,0,0,0,0,0,0,0,0,0,0,0,0,0,0,0,0,0,0,0,0,0,0,0,0,0,0,0,0,0,0,0,0,0,0,0,0,0,0,0,0,0,0,0,0,0,0,0,0,0,0,0,0,0,0,0,0,0,0,0,0,0,0,0,0,0,0,0,0,0,0,0,0,0,0,0,0,0,0,0,0,0,0,0,0,0,0,0,0,0,0,0,0,0,0,0,0,0,0,0,
0,0,0,0,0,0,0,0,0,0,0,0,0,0,0,0,0,0,0,0,0,0,0,0,0,0,0,0,0,0,0,0,0,0,0,0,0,0,0,0,0,0,0,0,0,0,0,0,0,0,0,0,0,0,0,0,0,0,0,0,0,0,0,0,0,0,0,0,0,0,0,0,0,0,0,0,0,0,0,0,0,0,0,0,0,0,0,0,0,0,0,0,0,0,0,0,0,0,0,0,0,0,0,0,0,0,0,0,0,0,0,0,0,0,0,0,0,0,0,0,0,0,0,0,0,0,0,0,0,0,0,0,0,0,0,0,0,0,0,0,0,0,0,0,0,0,0,0,0,0,0,0,0,0,0,0,0,0,0,0,0,0,0,0,0,0,0,0,0,0,0,0,0,0,0,0,0,0,0,0,0,0,0,0,0,0,0,0,0,0,0,0,0,0,0,0,0,0,0,0,0,0,0,0,0,0,0,0,0,0,0,0,0,0,0,0,0,0,0,0,0,0,0,0,0,0,0,0,0,0,0,0,0,0,0,0,0,0,0,0,0,0,0,0,0,0,0,0,0,0,0,0,0,0,0,0,
0,0,0,0,0,0,0,0,0,0,0,0,0,0,0,0,0,0,0,0,0,0,0,0,0,0,0,0,0,0,0,0,0,0,0,0,0,0,0,0,0,0,0,0,0,0,0,0,0,0,0,0,0,0,0,0,0,0,0,0,0,0,0,0,0,0,0,0,0,0,0,0,0,0,0,0,0,0,0,0,0,0,0,0,0,0,0,0,0,0,0,0,0,0,0,0,0,0,0,0,0,0,0,0,0,0,0,0,0,0,0,0,0,0,0,0,0,0,0,0,0,0,0,0,0,0,0,0,0,0,0,0,0,0,0,0,0,0,0,0,0,0,0,0,0,0,0,0,0,0,0,0,0,0,0,0,0,0,0,0,0,0,0,0,0,0,0,0,0,0,0,0,0,0,0,0,0,0,0,0,0,0,0,0,0,0,0,0,0,0,0,0,0,0,0,0,0,0,0,0,0,0,0,0,0,0,0,0,0,0,0,0,0,0,0,0,0,0,0,0,0,0,0,0,0,0,0,0,0,0,0,0,0,0,0,0,0,0,0,0,0,0,0,0,0,0,0,0,0,0,0,0,0,0,0,0,
0,0,0,0,0,0,0,0,0,0,0,0,0,0,0,0,0,0,0,0,0,0,0,0,0,0,0,0,0,0,0,0,0,0,0,0,0,0,0,0,0,0,0,0,0,0,0,0,0,0,0,0,0,0,0,0,0,0,0,0,0,0,0,0,0,0,0,0,0,0,0,0,0,0,0,0,0,0,0,0,0,0,0,0,0,0,0,0,0,0,0,0,0,0,0,0,0,0,0,0,0,0,0,0,0,0,0,0,0,0,0,0,0,0,0,0,0,0,0,0,0,0,0,0,0,0,0,0,0,0,0,0,0,0,0,0,0,0,0,0,0,0,0,0,0,0,0,0,0,0,0,0,0,0,0,0,0,0,0,0,0,0,0,0,0,0,0,0,0,0,0,0,0,0,0,0,0,0,0,0,0,0,0,0,0,0,0,0,0,0,0,0,0,0,0,0,0,0,0,0,0,0,0,0,0,0,0,0,0,0,0,0,0,0,0,0,0,0,0,0,0,0,0,0,0,0,0,0,0,0,0,0,0,0,0,0,0,0,0,0,0,0,0,0,0,0,0,0,0,0,0,0,0,0,0,0,
0,0,0,0,0,0,0,0,0,0,0,0,0,0,0,0,0,0,0,0,0,0,0,0,0,0,0,0,0,0,0,0,0,0,0,0,0,0,0,0,0,0,0,0,0,0,0,0,0,0,0,0,0,0,0,0,0,0,0,0,0,0,0,0,0,0,0,0,0,0,0,0,0,0,0,0,0,0,0,0,0,0,0,0,0,0,0,0,0,0,0,0,0,0,0,0,0,0,0,0,0,0,0,0,0,0,0,0,0,0,0,0,0,0,0,0,0,0,0,0,0,0,0,0,0,0,0,0,0,0,0,0,0,0,0,0,0,0,0,0,0,0,0,0,0,0,0,0,0,0,0,0,0,0,0,0,0,0,0,0,0,0,0,0,0,0,0,0,0,0,0,0,0,0,0,0,0,0,0,0,0,0,0,0,0,0,0,0,0,0,0,0,0,0,0,0,0,0,0,0,0,0,0,0,0,0,0,0,0,0,0,0,0,0,0,0,0,0,0,0,0,0,0,0,0,0,0,0,0,0,0,0,0,0,0,0,0,0,0,0,0,0,0,0,0,0,0,0,0,0,0,0,0,0,0,0,
0,0,0,0,0,0,0,0,0,0,0,0,0,0,0,0,0,0,0,0,0,0,0,0,0,0,0,0,0,0,0,0,0,0,0,0,0,0,0,0,0,0,0,0,0,0,0,0,0,0,0,0,0,0,0,0,0,0,0,0,0,0,0,0,0,0,0,0,0,0,0,0,0,0,0,0,0,0,0,0,0,0,0,0,0,0,0,0,0,0,0,0,0,0,0,0,0,0,0,0,0,0,0,0,0,0,0,0,0,0,0,0,0,0,0,0,0,0,0,0,0,0,0,0,0,0,0,0,0,0,0,0,0,0,0,0,0,0,0,0,0,0,0,0,0,0,0,0,0,0,0,0,0,0,0,0,0,0,0,0,0,0,0,0,0,0,0,0,0,0,0,0,0,0,0,0,0,0,0,0,0,0,0,0,0,0,0,0,0,0,0,0,0,0,0,0,0,0,0,0,0,0,0,0,0,0,0,0,0,0,0,0,0,0,0,0,0,0,0,0,0,0,0,0,0,0,0,0,0,0,0,0,0,0,0,0,0,0,0,0,0,0,0,0,0,0,0,0,0,0,0,0,0,0,0,0,
0,0,0,0,0,0,0,0,0,0,0,0,0,0,0,0,0,0,0,0,0,0,0,0,0,0,0,0,0,0,0,0,0,0,0,0,0,0,0,0,0,0,0,0,0,0,0,0,0,0,0,0,0,0,0,0,0,0,0,0,0,0,0,0,0,0,0,0,0,0,0,0,0,0,0,0,0,0,0,0,0,0,0,0,0,0,0,0,0,0,0,0,0,0,0,0,0,0,0,0,0,0,0,0,0,0,0,0,0,0,0,0,0,0,0,0,0,0,0,0,0,0,0,0,0,0,0,0,0,0,0,0,0,0,0,0,0,0,0,0,0,0,0,0,0,0,0,0,0,0,0,0,0,0,0,0,0,0,0,0,0,0,0,0,0,0,0,0,0,0,0,0,0,0,0,0,0,0,0,0,0,0,0,0,0,0,0,0,0,0,0,0,0,0,0,0,0,0,0,0,0,0,0,0,0,0,0,0,0,0,0,0,0,0,0,0,0,0,0,0,0,0,0,0,0,0,0,0,0,0,0,0,0,0,0,0,0,0,0,0,0,0,0,0,0,0,0,0,0,0,0,0,0,0,0,0,
0,0,0,0,0,0,0,0,0,0,0,0,0,0,0,0,0,0,0,0,0,0,0,0,0,0,0,0,0,0,0,0,0,0,0,0,0,0,0,0,0,0,0,0,0,0,0,0,0,0,0,0,0,0,0,0,0,0,0,0,0,0,0,0,0,0,0,0,0,0,0,0,0,0,0,0,0,0,0,0,0,0,0,0,0,0,0,0,0,0,0,0,0,0,0,0,0,0,0,0,0,0,0,0,0,0,0,0,0,0,0,0,0,0,0,0,0,0,0,0,0,0,0,0,0,0,0,0,0,0,0,0,0,0,0,0,0,0,0,0,0,0,0,0,0,0,0,0,0,0,0,0,0,0,0,0,0,0,0,0,0,0,0,0,0,0,0,0,0,0,0,0,0,0,0,0,0,0,0,0,0,0,0,0,0,0,0,0,0,0,0,0,0,0,0,0,0,0,0,0,0,0,0,0,0,0,0,0,0,0,0,0,0,0,0,0,0,0,0,0,0,0,0,0,0,0,0,0,0,0,0,0,0,0,0,0,0,0,0,0,0,0,0,0,0,0,0,0,0,0,0,0,0,0,0,0,
0,0,0,0,0,0,0,0,0,0,0,0,0,0,0,0,0,0,0,0,0,0,0,0,0,0,0,0,0,0,0,0,0,0,0,0,0,0,0,0,0,0,0,0,0,0,0,0,0,0,0,0,0,0,0,0,0,0,0,0,0,0,0,0,0,0,0,0,0,0,0,0,0,0,0,0,0,0,0,0,0,0,0,0,0,0,0,0,0,0,0,0,0,0,0,0,0,0,0,0,0,0,0,0,0,0,0,0,0,0,0,0,0,0,0,0,0,0,0,0,0,0,0,0,0,0,0,0,0,0,0,0,0,0,0,0,0,0,0,0,0,0,0,0,0,0,0,0,0,0,0,0,0,0,0,0,0,0,0,0,0,0,0,0,0,0,0,0,0,0,0,0,0,0,0,0,0,0,0,0,0,0,0,0,0,0,0,0,0,0,0,0,0,0,0,0,0,0,0,0,0,0,0,0,0,0,0,0,0,0,0,0,0,0,0,0,0,0,0,0,0,0,0,0,0,0,0,0,0,0,0,0,0,0,0,0,0,0,0,0,0,0,0,0,0,0,0,0,0,0,0,0,0,0,0,0,
0,0,0,0,0,0,0,0,0,0,0,0,0,0,0,0,0,0,0,0,0,0,0,0,0,0,0,0,0,0,0,0,0,0,0,0,0,0,0,0,0,0,0,0,0,0,0,0,0,0,0,0,0,0,0,0,0,0,0,0,0,0,0,0,0,0,0,0,0,0,0,0,0,0,0,0,0,0,0,0,0,0,0,0,0,0,0,0,0,0,0,0,0,0,0,0,0,0,0,0,0,0,0,0,0,0,0,0,0,0,0,0,0,0,0,0,0,0,0,0,0,0,0,0,0,0,0,0,0,0,0,0,0,0,0,0,0,0,0,0,0,0,0,0,0,0,0,0,0,0,0,0,0,0,0,0,0,0,0,0,0,0,0,0,0,0,0,0,0,0,0,0,0,0,0,0,0,0,0,0,0,0,0,0,0,0,0,0,0,0,0,0,0,0,0,0,0,0,0,0,0,0,0,0,0,0,0,0,0,0,0,0,0,0,0,0,0,0,0,0,0,0,0,0,0,0,0,0,0,0,0,0,0,0,0,0,0,0,0,0,0,0,0,0,0,0,0,0,0,0,0,0,0,0,0,0,
0,0,0,0,0,0,0,0,0,0,0,0,0,0,0,0,0,0,0,0,0,0,0,0,0,0,0,0,0,0,0,0,0,0,0,0,0,0,0,0,0,0,0,0,0,0,0,0,0,0,0,0,0,0,0,0,0,0,0,0,0,0,0,0,0,0,0,0,0,0,0,0,0,0,0,0,0,0,0,0,0,0,0,0,0,0,0,0,0,0,0,0,0,0,0,0,0,0,0,0,0,0,0,0,0,0,0,0,0,0,0,0,0,0,0,0,0,0,0,0,0,0,0,0,0,0,0,0,0,0,0,0,0,0,0,0,0,0,0,0,0,0,0,0,0,0,0,0,0,0,0,0,0,0,0,0,0,0,0,0,0,0,0,0,0,0,0,0,0,0,0,0,0,0,0,0,0,0,0,0,0,0,0,0,0,0,0,0,0,0,0,0,0,0,0,0,0,0,0,0,0,0,0,0,0,0,0,0,0,0,0,0,0,0,0,0,0,0,0,0,0,0,0,0,0,0,0,0,0,0,0,0,0,0,0,0,0,0,0,0,0,0,0,0,0,0,0,0,0,0,0,0,0,0,0,0,
0,0,0,0,0,0,0,0,0,0,0,0,0,0,0,0,0,0,0,0,0,0,0,0,0,0,0,0,0,0,0,0,0,0,0,0,0,0,0,0,0,0,0,0,0,0,0,0,0,0,0,0,0,0,0,0,0,0,0,0,0,0,0,0,0,0,0,0,0,0,0,0,0,0,0,0,0,0,0,0,0,0,0,0,0,0,0,0,0,0,0,0,0,0,0,0,0,0,0,0,0,0,0,0,0,0,0,0,0,0,0,0,0,0,0,0,0,0,0,0,0,0,0,0,0,0,0,0,0,0,0,0,0,0,0,0,0,0,0,0,0,0,0,0,0,0,0,0,0,0,0,0,0,0,0,0,0,0,0,0,0,0,0,0,0,0,0,0,0,0,0,0,0,0,0,0,0,0,0,0,0,0,0,0,0,0,0,0,0,0,0,0,0,0,0,0,0,0,0,0,0,0,0,0,0,0,0,0,0,0,0,0,0,0,0,0,0,0,0,0,0,0,0,0,0,0,0,0,0,0,0,0,0,0,0,0,0,0,0,0,0,0,0,0,0,0,0,0,0,0,0,0,0,0,0,0,
0,0,0,0,0,0,0,0,0,0,0,0,0,0,0,0,0,0,0,0,0,0,0,0,0,0,0,0,0,0,0,0,0,0,0,0,0,0,0,0,0,0,0,0,0,0,0,0,0,0,0,0,0,0,0,0,0,0,0,0,0,0,0,0,0,0,0,0,0,0,0,0,0,0,0,0,0,0,0,0,0,0,0,0,0,0,0,0,0,0,0,0,0,0,0,0,0,0,0,0,0,0,0,0,0,0,0,0,0,0,0,0,0,0,0,0,0,0,0,0,0,0,0,0,0,0,0,0,0,0,0,0,0,0,0,0,0,0,0,0,0,0,0,0,0,0,0,0,0,0,0,0,0,0,0,0,0,0,0,0,0,0,0,0,0,0,0,0,0,0,0,0,0,0,0,0,0,0,0,0,0,0,0,0,0,0,0,0,0,0,0,0,0,0,0,0,0,0,0,0,0,0,0,0,0,0,0,0,0,0,0,0,0,0,0,0,0,0,0,0,0,0,0,0,0,0,0,0,0,0,0,0,0,0,0,0,0,0,0,0,0,0,0,0,0,0,0,0,0,0,0,0,0,0,0,0,
0,0,0,0,0,0,0,0,0,0,0,0,0,0,0,0,0,0,0,0,0,0,0,0,0,0,0,0,0,0,0,0,0,0,0,0,0,0,0,0,0,0,0,0,0,0,0,0,0,0,0,0,0,0,0,0,0,0,0,0,0,0,0,0,0,0,0,0,0,0,0,0,0,0,0,0,0,0,0,0,0,0,0,0,0,0,0,0,0,0,0,0,0,0,0,0,0,0,0,0,0,0,0,0,0,0,0,0,0,0,0,0,0,0,0,0,0,0,0,0,0,0,0,0,0,0,0,0,0,0,0,0,0,0,0,0,0,0,0,0,0,0,0,0,0,0,0,0,0,0,0,0,0,0,0,0,0,0,0,0,0,0,0,0,0,0,0,0,0,0,0,0,0,0,0,0,0,0,0,0,0,0,0,0,0,0,0,0,0,0,0,0,0,0,0,0,0,0,0,0,0,0,0,0,0,0,0,0,0,0,0,0,0,0,0,0,0,0,0,0,0,0,0,0,0,0,0,0,0,0,0,0,0,0,0,0,0,0,0,0,0,0,0,0,0,0,0,0,0,0,0,0,0,0,0,0,
0,0,0,0,0,0,0,0,0,0,0,0,0,0,0,0,0,0,0,0,0,0,0,0,0,0,0,0,0,0,0,0,0,0,0,0,0,0,0,0,0,0,0,0,0,0,0,0,0,0,0,0,0,0,0,0,0,0,0,0,0,0,0,0,0,0,0,0,0,0,0,0,0,0,0,0,0,0,0,0,0,0,0,0,0,0,0,0,0,0,0,0,0,0,0,0,0,0,0,0,0,0,0,0,0,0,0,0,0,0,0,0,0,0,0,0,0,0,0,0,0,0,0,0,0,0,0,0,0,0,0,0,0,0,0,0,0,0,0,0,0,0,0,0,0,0,0,0,0,0,0,0,0,0,0,0,0,0,0,0,0,0,0,0,0,0,0,0,0,0,0,0,0,0,0,0,0,0,0,0,0,0,0,0,0,0,0,0,0,0,0,0,0,0,0,0,0,0,0,0,0,0,0,0,0,0,0,0,0,0,0,0,0,0,0,0,0,0,0,0,0,0,0,0,0,0,0,0,0,0,0,0,0,0,0,0,0,0,0,0,0,0,0,0,0,0,0,0,0,0,0,0,0,0,0,0,
0,0,0,0,0,0,0,0,0,0,0,0,0,0,0,0,0,0,0,0,0,0,0,0,0,0,0,0,0,0,0,0,0,0,0,0,0,0,0,0,0,0,0,0,0,0,0,0,0,0,0,0,0,0,0,0,0,0,0,0,0,0,0,0,0,0,0,0,0,0,0,0,0,0,0,0,0,0,0,0,0,0,0,0,0,0,0,0,0,0,0,0,0,0,0,0,0,0,0,0,0,0,0,0,0,0,0,0,0,0,0,0,0,0,0,0,0,0,0,0,0,0,0,0,0,0,0,0,0,0,0,0,0,0,0,0,0,0,0,0,0,0,0,0,0,0,0,0,0,0,0,0,0,0,0,0,0,0,0,0,0,0,0,0,0,0,0,0,0,0,0,0,0,0,0,0,0,0,0,0,0,0,0,0,0,0,0,0,0,0,0,0,0,0,0,0,0,0,0,0,0,0,0,0,0,0,0,0,0,0,0,0,0,0,0,0,0,0,0,0,0,0,0,0,0,0,0,0,0,0,0,0,0,0,0,0,0,0,0,0,0,0,0,0,0,0,0,0,0,0,0,0,0,0,0,0,
0,0,0,0,0,0,0,0,0,0,0,0,0,0,0,0,0,0,0,0,0,0,0,0,0,0,0,0,0,0,0,0,0,0,0,0,0,0,0,0,0,0,0,0,0,0,0,0,0,0,0,0,0,0,0,0,0,0,0,0,0,0,0,0,0,0,0,0,0,0,0,0,0,0,0,0,0,0,0,0,0,0,0,0,0,0,0,0,0,0,0,0,0,0,0,0,0,0,0,0,0,0,0,0,0,0,0,0,0,0,0,0,0,0,0,0,0,0,0,0,0,0,0,0,0,0,0,0,0,0,0,0,0,0,0,0,0,0,0,0,0,0,0,0,0,0,0,0,0,0,0,0,0,0,0,0,0,0,0,0,0,0,0,0,0,0,0,0,0,0,0,0,0,0,0,0,0,0,0,0,0,0,0,0,0,0,0,0,0,0,0,0,0,0,0,0,0,0,0,0,0,0,0,0,0,0,0,0,0,0,0,0,0,0,0,0,0,0,0,0,0,0,0,0,0,0,0,0,0,0,0,0,0,0,0,0,0,0,0,0,0,0,0,0,0,0,0,0,0,0,0,0,0,0,0,0,
0,0,0,0,0,0,0,0,0,0,0,0,0,0,0,0,0,0,0,0,0,0,0,0,0,0,0,0,0,0,0,0,0,0,0,0,0,0,0,0,0,0,0,0,0,0,0,0,0,0,0,0,0,0,0,0,0,0,0,0,0,0,0,0,0,0,0,0,0,0,0,0,0,0,0,0,0,0,0,0,0,0,0,0,0,0,0,0,0,0,0,0,0,0,0,0,0,0,0,0,0,0,0,0,0,0,0,0,0,0,0,0,0,0,0,0,0,0,0,0,0,0,0,0,0,0,0,0,0,0,0,0,0,0,0,0,0,0,0,0,0,0,0,0,0,0,0,0,0,0,0,0,0,0,0,0,0,0,0,0,0,0,0,0,0,0,0,0,0,0,0,0,0,0,0,0,0,0,0,0,0,0,0,0,0,0,0,0,0,0,0,0,0,0,0,0,0,0,0,0,0,0,0,0,0,0,0,0,0,0,0,0,0,0,0,0,0,0,0,0,0,0,0,0,0,0,0,0,0,0,0,0,0,0,0,0,0,0,0,0,0,0,0,0,0,0,0,0,0,0,0,0,0,0,0,0,
0,0,0,0,0,0,0,0,0,0,0,0,0,0,0,0,0,0,0,0,0,0,0,0,0,0,0,0,0,0,0,0,0,0,0,0,0,0,0,0,0,0,0,0,0,0,0,0,0,0,0,0,0,0,0,0,0,0,0,0,0,0,0,0,0,0,0,0,0,0,0,0,0,0,0,0,0,0,0,0,0,0,0,0,0,0,0,0,0,0,0,0,0,0,0,0,0,0,0,0,0,0,0,0,0,0,0,0,0,0,0,0,0,0,0,0,0,0,0,0,0,0,0,0,0,0,0,0,0,0,0,0,0,0,0,0,0,0,0,0,0,0,0,0,0,0,0,0,0,0,0,0,0,0,0,0,0,0,0,0,0,0,0,0,0,0,0,0,0,0,0,0,0,0,0,0,0,0,0,0,0,0,0,0,0,0,0,0,0,0,0,0,0,0,0,0,0,0,0,0,0,0,0,0,0,0,0,0,0,0,0,0,0,0,0,0,0,0,0,0,0,0,0,0,0,0,0,0,0,0,0,0,0,0,0,0,0,0,0,0,0,0,0,0,0,0,0,0,0,0,0,0,0,0,0,0,
0,0,0,0,0,0,0,0,0,0,0,0,0,0,0,0,0,0,0,0,0,0,0,0,0,0,0,0,0,0,0,0,0,0,0,0,0,0,0,0,0,0,0,0,0,0,0,0,0,0,0,0,0,0,0,0,0,0,0,0,0,0,0,0,0,0,0,0,0,0,0,0,0,0,0,0,0,0,0,0,0,0,0,0,0,0,0,0,0,0,0,0,0,0,0,0,0,0,0,0,0,0,0,0,0,0,0,0,0,0,0,0,0,0,0,0,0,0,0,0,0,0,0,0,0,0,0,0,0,0,0,0,0,0,0,0,0,0,0,0,0,0,0,0,0,0,0,0,0,0,0,0,0,0,0,0,0,0,0,0,0,0,0,0,0,0,0,0,0,0,0,0,0,0,0,0,0,0,0,0,0,0,0,0,0,0,0,0,0,0,0,0,0,0,0,0,0,0,0,0,0,0,0,0,0,0,0,0,0,0,0,0,0,0,0,0,0,0,0,0,0,0,0,0,0,0,0,0,0,0,0,0,0,0,0,0,0,0,0,0,0,0,0,0,0,0,0,0,0,0,0,0,0,0,0,0,
0,0,0,0,0,0,0,0,0,0,0,0,0,0,0,0,0,0,0,0,0,0,0,0,0,0,0,0,0,0,0,0,0,0,0,0,0,0,0,0,0,0,0,0,0,0,0,0,0,0,0,0,0,0,0,0,0,0,0,0,0,0,0,0,0,0,0,0,0,0,0,0,0,0,0,0,0,0,0,0,0,0,0,0,0,0,0,0,0,0,0,0,0,0,0,0,0,0,0,0,0,0,0,0,0,0,0,0,0,0,0,0,0,0,0,0,0,0,0,0,0,0,0,0,0,0,0,0,0,0,0,0,0,0,0,0,0,0,0,0,0,0,0,0,0,0,0,0,0,0,0,0,0,0,0,0,0,0,0,0,0,0,0,0,0,0,0,0,0,0,0,0,0,0,0,0,0,0,0,0,0,0,0,0,0,0,0,0,0,0,0,0,0,0,0,0,0,0,0,0,0,0,0,0,0,0,0,0,0,0,0,0,0,0,0,0,0,0,0,0,0,0,0,0,0,0,0,0,0,0,0,0,0,0,0,0,0,0,0,0,0,0,0,0,0,0,0,0,0,0,0,0,0,0,0,0,
0,0,0,0,0,0,0,0,0,0,0,0,0,0,0,0,0,0,0,0,0,0,0,0,0,0,0,0,0,0,0,0,0,0,0,0,0,0,0,0,0,0,0,0,0,0,0,0,0,0,0,0,0,0,0,0,0,0,0,0,0,0,0,0,0,0,0,0,0,0,0,0,0,0,0,0,0,0,0,0,0,0,0,0,0,0,0,0,0,0,0,0,0,0,0,0,0,0,0,0,0,0,0,0,0,0,0,0,0,0,0,0,0,0,0,0,0,0,0,0,0,0,0,0,0,0,0,0,0,0,0,0,0,0,0,0,0,0,0,0,0,0,0,0,0,0,0,0,0,0,0,0,0,0,0,0,0,0,0,0,0,0,0,0,0,0,0,0,0,0,0,0,0,0,0,0,0,0,0,0,0,0,0,0,0,0,0,0,0,0,0,0,0,0,0,0,0,0,0,0,0,0,0,0,0,0,0,0,0,0,0,0,0,0,0,0,0,0,0,0,0,0,0,0,0,0,0,0,0,0,0,0,0,0,0,0,0,0,0,0,0,0,0,0,0,0,0,0,0,0,0,0,0,0,0,0,
0,0,0,0,0,0,0,0,0,0,0,0,0,0,0,0,0,0,0,0,0,0,0,0,0,0,0,0,0,0,0,0,0,0,0,0,0,0,0,0,0,0,0,0,0,0,0,0,0,0,0,0,0,0,0,0,0,0,0,0,0,0,0,0,0,0,0,0,0,0,0,0,0,0,0,0,0,0,0,0,0,0,0,0,0,0,0,0,0,0,0,0,0,0,0,0,0,0,0,0,0,0,0,0,0,0,0,0,0,0,0,0,0,0,0,0,0,0,0,0,0,0,0,0,0,0,0,0,0,0,0,0,0,0,0,0,0,0,0,0,0,0,0,0,0,0,0,0,0,0,0,0,0,0,0,0,0,0,0,0,0,0,0,0,0,0,0,0,0,0,0,0,0,0,0,0,0,0,0,0,0,0,0,0,0,0,0,0,0,0,0,0,0,0,0,0,0,0,0,0,0,0,0,0,0,0,0,0,0,0,0,0,0,0,0,0,0,0,0,0,0,0,0,0,0,0,0,0,0,0,0,0,0,0,0,0,0,0,0,0,0,0,0,0,0,0,0,0,0,0,0,0,0,0,0,0,
0,0,0,0,0,0,0,0,0,0,0,0,0,0,0,0,0,0,0,0,0,0,0,0,0,0,0,0,0,0,0,0,0,0,0,0,0,0,0,0,0,0,0,0,0,0,0,0,0,0,0,0,0,0,0,0,0,0,0,0,0,0,0,0,0,0,0,0,0,0,0,0,0,0,0,0,0,0,0,0,0,0,0,0,0,0,0,0,0,0,0,0,0,0,0,0,0,0,0,0,0,0,0,0,0,0,0,0,0,0,0,0,0,0,0,0,0,0,0,0,0,0,0,0,0,0,0,0,0,0,0,0,0,0,0,0,0,0,0,0,0,0,0,0,0,0,0,0,0,0,0,0,0,0,0,0,0,0,0,0,0,0,0,0,0,0,0,0,0,0,0,0,0,0,0,0,0,0,0,0,0,0,0,0,0,0,0,0,0,0,0,0,0,0,0,0,0,0,0,0,0,0,0,0,0,0,0,0,0,0,0,0,0,0,0,0,0,0,0,0,0,0,0,0,0,0,0,0,0,0,0,0,0,0,0,0,0,0,0,0,0,0,0,0,0,0,0,0,0,0,0,0,0,0,0,0,
0,0,0,0,0,0,0,0,0,0,0,0,0,0,0,0,0,0,0,0,0,0,0,0,0,0,0,0,0,0,0,0,0,0,0,0,0,0,0,0,0,0,0,0,0,0,0,0,0,0,0,0,0,0,0,0,0,0,0,0,0,0,0,0,0,0,0,0,0,0,0,0,0,0,0,0,0,0,0,0,0,0,0,0,0,0,0,0,0,0,0,0,0,0,0,0,0,0,0,0,0,0,0,0,0,0,0,0,0,0,0,0,0,0,0,0,0,0,0,0,0,0,0,0,0,0,0,0,0,0,0,0,0,0,0,0,0,0,0,0,0,0,0,0,0,0,0,0,0,0,0,0,0,0,0,0,0,0,0,0,0,0,0,0,0,0,0,0,0,0,0,0,0,0,0,0,0,0,0,0,0,0,0,0,0,0,0,0,0,0,0,0,0,0,0,0,0,0,0,0,0,0,0,0,0,0,0,0,0,0,0,0,0,0,0,0,0,0,0,0,0,0,0,0,0,0,0,0,0,0,0,0,0,0,0,0,0,0,0,0,0,0,0,0,0,0,0,0,0,0,0,0,0,0,0,0,
0,0,0,0,0,0,0,0,0,0,0,0,0,0,0,0,0,0,0,0,0,0,0,0,0,0,0,0,0,0,0,0,0,0,0,0,0,0,0,0,0,0,0,0,0,0,0,0,0,0,0,0,0,0,0,0,0,0,0,0,0,0,0,0,0,0,0,0,0,0,0,0,0,0,0,0,0,0,0,0,0,0,0,0,0,0,0,0,0,0,0,0,0,0,0,0,0,0,0,0,0,0,0,0,0,0,0,0,0,0,0,0,0,0,0,0,0,0,0,0,0,0,0,0,0,0,0,0,0,0,0,0,0,0,0,0,0,0,0,0,0,0,0,0,0,0,0,0,0,0,0,0,0,0,0,0,0,0,0,0,0,0,0,0,0,0,0,0,0,0,0,0,0,0,0,0,0,0,0,0,0,0,0,0,0,0,0,0,0,0,0,0,0,0,0,0,0,0,0,0,0,0,0,0,0,0,0,0,0,0,0,0,0,0,0,0,0,0,0,0,0,0,0,0,0,0,0,0,0,0,0,0,0,0,0,0,0,0,0,0,0,0,0,0,0,0,0,0,0,0,0,0,0,0,0,0,
0,0,0,0,0,0,0,0,0,0,0,0,0,0,0,0,0,0,0,0,0,0,0,0,0,0,0,0,0,0,0,0,0,0,0,0,0,0,0,0,0,0,0,0,0,0,0,0,0,0,0,0,0,0,0,0,0,0,0,0,0,0,0,0,0,0,0,0,0,0,0,0,0,0,0,0,0,0,0,0,0,0,0,0,0,0,0,0,0,0,0,0,0,0,0,0,0,0,0,0,0,0,0,0,0,0,0,0,0,0,0,0,0,0,0,0,0,0,0,0,0,0,0,0,0,0,0,0,0,0,0,0,0,0,0,0,0,0,0,0,0,0,0,0,0,0,0,0,0,0,0,0,0,0,0,0,0,0,0,0,0,0,0,0,0,0,0,0,0,0,0,0,0,0,0,0,0,0,0,0,0,0,0,0,0,0,0,0,0,0,0,0,0,0,0,0,0,0,0,0,0,0,0,0,0,0,0,0,0,0,0,0,0,0,0,0,0,0,0,0,0,0,0,0,0,0,0,0,0,0,0,0,0,0,0,0,0,0,0,0,0,0,0,0,0,0,0,0,0,0,0,0,0,0,0,0,
0,0,0,0,0,0,0,0,0,0,0,0,0,0,0,0,0,0,0,0,0,0,0,0,0,0,0,0,0,0,0,0,0,0,0,0,0,0,0,0,0,0,0,0,0,0,0,0,0,0,0,0,0,0,0,0,0,0,0,0,0,0,0,0,0,0,0,0,0,0,0,0,0,0,0,0,0,0,0,0,0,0,0,0,0,0,0,0,0,0,0,0,0,0,0,0,0,0,0,0,0,0,0,0,0,0,0,0,0,0,0,0,0,0,0,0,0,0,0,0,0,0,0,0,0,0,0,0,0,0,0,0,0,0,0,0,0,0,0,0,0,0,0,0,0,0,0,0,0,0,0,0,0,0,0,0,0,0,0,0,0,0,0,0,0,0,0,0,0,0,0,0,0,0,0,0,0,0,0,0,0,0,0,0,0,0,0,0,0,0,0,0,0,0,0,0,0,0,0,0,0,0,0,0,0,0,0,0,0,0,0,0,0,0,0,0,0,0,0,0,0,0,0,0,0,0,0,0,0,0,0,0,0,0,0,0,0,0,0,0,0,0,0,0,0,0,0,0,0,0,0,0,0,0,0,0,
0,0,0,0,0,0,0,0,0,0,0,0,0,0,0,0,0,0,0,0,0,0,0,0,0,0,0,0,0,0,0,0,0,0,0,0,0,0,0,0,0,0,0,0,0,0,0,0,0,0,0,0,0,0,0,0,0,0,0,0,0,0,0,0,0,0,0,0,0,0,0,0,0,0,0,0,0,0,0,0,0,0,0,0,0,0,0,0,0,0,0,0,0,0,0,0,0,0,0,0,0,0,0,0,0,0,0,0,0,0,0,0,0,0,0,0,0,0,0,0,0,0,0,0,0,0,0,0,0,0,0,0,0,0,0,0,0,0,0,0,0,0,0,0,0,0,0,0,0,0,0,0,0,0,0,0,0,0,0,0,0,0,0,0,0,0,0,0,0,0,0,0,0,0,0,0,0,0,0,0,0,0,0,0,0,0,0,0,0,0,0,0,0,0,0,0,0,0,0,0,0,0,0,0,0,0,0,0,0,0,0,0,0,0,0,0,0,0,0,0,0,0,0,0,0,0,0,0,0,0,0,0,0,0,0,0,0,0,0,0,0,0,0,0,0,0,0,0,0,0,0,0,0,0,0,0,
0,0,0,0,0,0,0,0,0,0,0,0,0,0,0,0,0,0,0,0,0,0,0,0,0,0,0,0,0,0,0,0,0,0,0,0,0,0,0,0,0,0,0,0,0,0,0,0,0,0,0,0,0,0,0,0,0,0,0,0,0,0,0,0,0,0,0,0,0,0,0,0,0,0,0,0,0,0,0,0,0,0,0,0,0,0,0,0,0,0,0,0,0,0,0,0,0,0,0,0,0,0,0,0,0,0,0,0,0,0,0,0,0,0,0,0,0,0,0,0,0,0,0,0,0,0,0,0,0,0,0,0,0,0,0,0,0,0,0,0,0,0,0,0,0,0,0,0,0,0,0,0,0,0,0,0,0,0,0,0,0,0,0,0,0,0,0,0,0,0,0,0,0,0,0,0,0,0,0,0,0,0,0,0,0,0,0,0,0,0,0,0,0,0,0,0,0,0,0,0,0,0,0,0,0,0,0,0,0,0,0,0,0,0,0,0,0,0,0,0,0,0,0,0,0,0,0,0,0,0,0,0,0,0,0,0,0,0,0,0,0,0,0,0,0,0,0,0,0,0,0,0,0,0,0,0,
0,0,0,0,0,0,0,0,0,0,0,0,0,0,0,0,0,0,0,0,0,0,0,0,0,0,0,0,0,0,0,0,0,0,0,0,0,0,0,0,0,0,0,0,0,0,0,0,0,0,0,0,0,0,0,0,0,0,0,0,0,0,0,0,0,0,0,0,0,0,0,0,0,0,0,0,0,0,0,0,0,0,0,0,0,0,0,0,0,0,0,0,0,0,0,0,0,0,0,0,0,0,0,0,0,0,0,0,0,0,0,0,0,0,0,0,0,0,0,0,0,0,0,0,0,0,0,0,0,0,0,0,0,0,0,0,0,0,0,0,0,0,0,0,0,0,0,0,0,0,0,0,0,0,0,0,0,0,0,0,0,0,0,0,0,0,0,0,0,0,0,0,0,0,0,0,0,0,0,0,0,0,0,0,0,0,0,0,0,0,0,0,0,0,0,0,0,0,0,0,0,0,0,0,0,0,0,0,0,0,0,0,0,0,0,0,0,0,0,0,0,0,0,0,0,0,0,0,0,0,0,0,0,0,0,0,0,0,0,0,0,0,0,0,0,0,0,0,0,0,0,0,0,0,0,0,
0,0,0,0,0,0,0,0,0,0,0,0,0,0,0,0,0,0,0,0,0,0,0,0,0,0,0,0,0,0,0,0,0,0,0,0,0,0,0,0,0,0,0,0,0,0,0,0,0,0,0,0,0,0,0,0,0,0,0,0,0,0,0,0,0,0,0,0,0,0,0,0,0,0,0,0,0,0,0,0,0,0,0,0,0,0,0,0,0,0,0,0,0,0,0,0,0,0,0,0,0,0,0,0,0,0,0,0,0,0,0,0,0,0,0,0,0,0,0,0,0,0,0,0,0,0,0,0,0,0,0,0,0,0,0,0,0,0,0,0,0,0,0,0,0,0,0,0,0,0,0,0,0,0,0,0,0,0,0,0,0,0,0,0,0,0,0,0,0,0,0,0,0,0,0,0,0,0,0,0,0,0,0,0,0,0,0,0,0,0,0,0,0,0,0,0,0,0,0,0,0,0,0,0,0,0,0,0,0,0,0,0,0,0,0,0,0,0,0,0,0,0,0,0,0,0,0,0,0,0,0,0,0,0,0,0,0,0,0,0,0,0,0,0,0,0,0,0,0,0,0,0,0,0,0,0,
0,0,0,0,0,0,0,0,0,0,0,0,0,0,0,0,0,0,0,0,0,0,0,0,0,0,0,0,0,0,0,0,0,0,0,0,0,0,0,0,0,0,0,0,0,0,0,0,0,0,0,0,0,0,0,0,0,0,0,0,0,0,0,0,0,0,0,0,0,0,0,0,0,0,0,0,0,0,0,0,0,0,0,0,0,0,0,0,0,0,0,0,0,0,0,0,0,0,0,0,0,0,0,0,0,0,0,0,0,0,0,0,0,0,0,0,0,0,0,0,0,0,0,0,0,0,0,0,0,0,0,0,0,0,0,0,0,0,0,0,0,0,0,0,0,0,0,0,0,0,0,0,0,0,0,0,0,0,0,0,0,0,0,0,0,0,0,0,0,0,0,0,0,0,0,0,0,0,0,0,0,0,0,0,0,0,0,0,0,0,0,0,0,0,0,0,0,0,0,0,0,0,0,0,0,0,0,0,0,0,0,0,0,0,0,0,0,0,0,0,0,0,0,0,0,0,0,0,0,0,0,0,0,0,0,0,0,0,0,0,0,0,0,0,0,0,0,0,0,0,0,0,0,0,0,0,
0,0,0,0,0,0,0,0,0,0,0,0,0,0,0,0,0,0,0,0,0,0,0,0,0,0,0,0,0,0,0,0,0,0,0,0,0,0,0,0,0,0,0,0,0,0,0,0,0,0,0,0,0,0,0,0,0,0,0,0,0,0,0,0,0,0,0,0,0,0,0,0,0,0,0,0,0,0,0,0,0,0,0,0,0,0,0,0,0,0,0,0,0,0,0,0,0,0,0,0,0,0,0,0,0,0,0,0,0,0,0,0,0,0,0,0,0,0,0,0,0,0,0,0,0,0,0,0,0,0,0,0,0,0,0,0,0,0,0,0,0,0,0,0,0,0,0,0,0,0,0,0,0,0,0,0,0,0,0,0,0,0,0,0,0,0,0,0,0,0,0,0,0,0,0,0,0,0,0,0,0,0,0,0,0,0,0,0,0,0,0,0,0,0,0,0,0,0,0,0,0,0,0,0,0,0,0,0,0,0,0,0,0,0,0,0,0,0,0,0,0,0,0,0,0,0,0,0,0,0,0,0,0,0,0,0,0,0,0,0,0,0,0,0,0,0,0,0,0,0,0,0,0,0,0,0,
0,0,0,0,0,0,0,0,0,0,0,0,0,0,0,0,0,0,0,0,0,0,0,0,0,0,0,0,0,0,0,0,0,0,0,0,0,0,0,0,0,0,0,0,0,0,0,0,0,0,0,0,0,0,0,0,0,0,0,0,0,0,0,0,0,0,0,0,0,0,0,0,0,0,0,0,0,0,0,0,0,0,0,0,0,0,0,0,0,0,0,0,0,0,0,0,0,0,0,0,0,0,0,0,0,0,0,0,0,0,0,0,0,0,0,0,0,0,0,0,0,0,0,0,0,0,0,0,0,0,0,0,0,0,0,0,0,0,0,0,0,0,0,0,0,0,0,0,0,0,0,0,0,0,0,0,0,0,0,0,0,0,0,0,0,0,0,0,0,0,0,0,0,0,0,0,0,0,0,0,0,0,0,0,0,0,0,0,0,0,0,0,0,0,0,0,0,0,0,0,0,0,0,0,0,0,0,0,0,0,0,0,0,0,0,0,0,0,0,0,0,0,0,0,0,0,0,0,0,0,0,0,0,0,0,0,0,0,0,0,0,0,0,0,0,0,0,0,0,0,0,0,0,0,0,0,
0,0,0,0,0,0,0,0,0,0,0,0,0,0,0,0,0,0,0,0,0,0,0,0,0,0,0,0,0,0,0,0,0,0,0,0,0,0,0,0,0,0,0,0,0,0,0,0,0,0,0,0,0,0,0,0,0,0,0,0,0,0,0,0,0,0,0,0,0,0,0,0,0,0,0,0,0,0,0,0,0,0,0,0,0,0,0,0,0,0,0,0,0,0,0,0,0,0,0,0,0,0,0,0,0,0,0,0,0,0,0,0,0,0,0,0,0,0,0,0,0,0,0,0,0,0,0,0,0,0,0,0,0,0,0,0,0,0,0,0,0,0,0,0,0,0,0,0,0,0,0,0,0,0,0,0,0,0,0,0,0,0,0,0,0,0,0,0,0,0,0,0,0,0,0,0,0,0,0,0,0,0,0,0,0,0,0,0,0,0,0,0,0,0,0,0,0,0,0,0,0,0,0,0,0,0,0,0,0,0,0,0,0,0,0,0,0,0,0,0,0,0,0,0,0,0,0,0,0,0,0,0,0,0,0,0,0,0,0,0,0,0,0,0,0,0,0,0,0,0,0,0,0,0,0,0,
0,0,0,0,0,0,0,0,0,0,0,0,0,0,0,0,0,0,0,0,0,0,0,0,0,0,0,0,0,0,0,0,0,0,0,0,0,0,0,0,0,0,0,0,0,0,0,0,0,0,0,0,0,0,0,0,0,0,0,0,0,0,0,0,0,0,0,0,0,0,0,0,0,0,0,0,0,0,0,0,0,0,0,0,0,0,0,0,0,0,0,0,0,0,0,0,0,0,0,0,0,0,0,0,0,0,0,0,0,0,0,0,0,34,0,0,0,0,0,0,0,0,0,0,0,0,0,0,0,0,0,0,0,0,0,0,0,0,0,0,0,0,0,0,0,0,0,0,0,0,0,0,0,0,0,0,0,0,0,0,0,0,0,0,0,0,0,0,0,0,0,0,0,0,0,0,0,0,0,0,0,0,0,0,0,0,0,0,0,0,0,0,0,0,0,0,0,0,0,0,0,0,0,0,0,0,0,0,0,0,0,0,0,0,0,0,0,0,0,0,0,0,0,0,0,0,0,0,0,0,0,0,0,0,0,0,0,0,0,0,0,0,0,0,0,0,0,0,0,0,0,0,0,0,0,0,
0,0,0,0,0,0,0,0,0,0,0,0,0,0,0,0,0,0,0,0,0,0,0,0,0,0,0,0,0,0,0,0,0,29,0,0,0,0,0,0,0,0,0,0,0,0,0,0,0,0,0,0,0,0,0,0,0,0,0,0,0,0,0,0,0,0,0,0,0,0,0,0,0,0,0,0,0,0,0,0,0,0,0,0,0,0,0,0,0,0,0,0,0,0,0,0,0,0,0,0,0,0,0,0,0,0,0,0,0,0,0,0,0,32,0,0,0,0,0,0,0,0,0,0,0,0,0,0,0,0,0,0,0,0,0,0,0,0,0,0,0,0,0,0,0,0,0,0,0,0,0,0,0,0,0,0,0,0,0,0,0,0,0,0,0,0,0,0,32,0,0,0,0,0,0,0,0,0,0,0,0,0,0,0,0,0,0,0,0,0,0,0,0,0,0,0,0,0,0,0,0,0,0,0,0,0,0,31,0,0,0,0,0,0,0,0,0,0,0,0,0,0,0,0,0,0,0,0,0,0,0,0,0,0,0,0,0,0,0,0,0,0,0,0,0,0,0,0,0,0,0,0,0,0,0,0,
0,0,0,0,0,0,0,0,0,0,0,0,0,0,0,0,0,0,0,0,0,0,0,0,0,0,0,0,0,0,0,0,36,31,30,0,0,0,0,0,0,0,0,0,0,0,0,0,0,0,0,0,0,0,0,0,0,0,0,0,0,0,0,0,0,0,0,0,0,0,0,0,0,0,0,0,0,0,0,0,0,0,0,0,0,0,0,0,0,0,0,0,0,0,0,0,0,0,0,0,0,0,0,0,0,0,0,0,0,0,0,34,0,0,0,0,0,0,0,0,0,0,0,0,0,0,0,0,0,0,0,0,0,0,0,0,0,34,0,0,0,0,0,0,0,0,0,0,0,0,0,0,0,0,0,0,0,0,0,0,0,0,0,0,0,0,0,0,0,33,0,0,0,0,0,0,0,0,0,0,0,0,0,0,0,0,0,0,0,0,0,0,0,0,0,0,0,0,0,35,0,0,0,0,0,0,27,31,0,0,37,0,0,0,0,0,0,0,0,0,0,0,0,0,0,0,0,0,0,0,0,0,0,0,0,0,0,0,0,0,0,0,0,0,0,40,0,0,0,0,0,0,0,0,0,0,
0,0,0,0,0,0,0,0,0,0,0,0,0,0,0,0,0,0,0,0,0,31,0,0,0,0,0,0,0,0,0,0,38,0,0,0,0,0,0,0,0,0,0,0,0,0,0,0,0,0,0,42,0,0,0,0,0,0,0,40,0,0,0,0,0,0,0,0,0,0,0,0,0,0,0,0,0,0,0,0,0,0,0,0,0,0,0,0,41,0,0,0,0,0,0,0,0,0,0,0,0,0,31,0,0,0,35,36,0,37,0,0,0,0,0,0,0,0,0,0,0,0,0,0,0,0,0,0,0,0,0,0,0,0,0,0,0,0,0,0,0,0,0,31,0,0,0,0,0,0,0,0,0,0,0,0,0,0,0,0,0,0,0,0,0,0,0,0,0,35,0,0,32,32,0,0,0,0,0,0,0,0,0,0,0,0,0,0,0,0,0,0,0,0,0,0,0,0,0,35,36,35,0,0,0,0,31,0,0,39,38,0,0,0,0,0,0,0,0,0,0,0,0,0,0,0,0,0,0,0,0,39,0,0,0,39,0,0,0,0,0,0,0,0,42,0,0,0,0,0,0,0,0,0,0,0,
0,0,0,0,0,0,0,0,0,0,0,0,0,0,0,0,0,0,0,41,0,31,0,0,0,0,0,0,34,0,0,0,0,0,39,0,0,0,0,0,35,0,0,0,0,0,0,0,0,0,0,0,0,0,0,0,32,0,0,0,41,0,0,41,0,0,0,0,0,0,0,0,0,0,0,0,0,0,0,0,0,0,0,0,0,0,0,0,0,41,0,0,0,0,0,0,0,0,0,0,0,0,0,32,0,0,38,37,37,38,38,0,0,0,0,0,0,0,0,0,0,0,0,0,0,0,0,0,0,0,0,0,0,0,0,31,0,0,0,0,0,0,0,31,0,0,0,0,0,0,0,0,0,0,0,0,0,0,0,0,0,0,0,0,0,0,0,0,0,38,33,0,33,0,0,0,0,0,0,0,0,0,0,0,0,0,0,0,0,0,0,0,0,0,0,0,0,0,0,33,0,0,0,0,0,0,30,0,0,0,41,0,0,0,0,0,0,0,0,0,0,0,0,0,0,0,0,0,0,0,39,39,0,0,0,0,0,0,0,0,38,0,0,0,0,0,0,0,0,0,0,0,0,0,0,0,
0,0,0,0,0,35,0,0,0,0,0,0,0,0,0,0,0,0,0,0,0,0,0,0,0,0,35,0,0,34,0,0,0,35,0,40,0,0,0,34,32,35,35,0,0,0,0,0,0,0,0,0,0,0,0,34,0,0,0,0,0,41,41,41,0,39,37,35,0,36,0,0,31,0,31,0,0,0,0,36,0,0,0,0,0,0,0,0,39,42,42,41,0,0,0,0,0,0,0,0,0,0,0,0,0,0,34,0,36,37,35,35,37,0,0,37,0,0,0,0,33,0,0,0,0,0,0,0,0,0,0,35,0,0,35,0,32,0,0,0,0,0,35,0,0,0,0,0,0,0,0,0,0,0,0,0,0,0,0,0,0,0,0,0,0,0,0,0,0,38,33,0,33,0,0,0,0,0,0,0,0,0,0,0,0,0,0,0,0,0,0,0,0,35,0,0,0,0,0,0,0,0,0,0,37,0,32,31,33,38,0,0,0,0,0,0,0,32,0,0,0,0,0,0,0,0,0,0,0,0,0,0,0,0,0,0,0,38,39,0,39,0,0,0,0,0,0,0,0,0,0,0,0,0,0,0,
0,0,0,0,0,0,29,33,0,38,33,36,35,0,0,0,0,0,0,0,37,0,0,0,33,0,38,35,36,0,0,33,0,35,39,0,0,0,0,35,32,0,36,0,0,0,0,0,0,0,0,35,36,45,36,35,34,34,0,0,35,0,36,0,0,39,40,36,34,35,34,0,0,0,0,33,0,0,0,0,0,32,31,0,0,0,0,0,0,0,42,42,36,40,0,0,0,0,0,0,0,0,0,0,0,0,0,34,37,0,37,37,37,38,0,0,34,0,0,0,0,0,0,0,0,0,0,36,0,0,37,0,35,0,34,0,0,0,34,0,0,0,0,0,36,0,0,0,37,0,0,32,33,36,0,0,0,0,0,0,0,0,0,0,0,0,34,0,33,0,39,0,0,41,0,37,0,0,0,0,0,0,37,0,0,0,36,0,0,34,33,0,0,34,0,0,0,35,0,36,0,36,0,0,0,0,34,32,32,38,34,34,0,31,0,0,33,41,0,0,0,0,31,0,0,0,0,0,0,33,0,0,0,0,39,35,0,38,41,0,0,0,0,0,46,46,0,0,0,0,0,0,0,0,0,0,
0,0,0,0,31,0,34,34,0,35,32,37,35,0,0,33,0,0,0,0,41,0,34,33,32,34,40,39,39,36,0,0,35,0,0,31,0,38,0,37,36,36,0,0,0,0,0,0,0,0,0,35,46,40,44,45,37,41,39,0,35,38,37,0,0,0,41,0,36,35,0,35,0,0,0,0,0,0,0,0,36,33,32,0,0,0,0,0,0,0,43,42,38,41,36,0,0,0,0,32,0,0,0,0,0,0,0,0,35,38,38,38,37,0,0,0,0,0,0,0,35,35,39,0,0,0,0,34,36,38,38,0,39,38,0,37,37,0,36,0,0,32,0,0,0,0,0,34,0,37,39,35,34,34,45,0,0,0,0,0,0,0,0,0,0,38,36,38,34,0,0,0,0,0,41,38,38,0,0,0,0,0,38,38,38,0,0,0,0,39,0,35,35,35,35,36,0,36,36,0,36,36,35,37,38,37,35,35,34,33,35,35,0,38,0,38,39,43,0,0,0,0,0,32,35,33,0,0,0,39,34,0,0,0,40,36,36,41,40,0,0,0,38,39,0,0,0,0,0,0,0,0,0,0,0,0,
0,39,0,0,35,0,44,0,0,34,38,34,36,36,36,33,0,0,0,0,35,0,0,32,33,34,39,0,0,40,34,0,0,42,37,32,0,39,41,42,39,37,39,0,38,37,0,0,0,41,0,0,37,46,45,46,40,44,44,39,38,41,37,40,41,38,34,42,36,36,36,35,38,0,0,0,0,0,0,0,36,0,33,0,0,40,0,41,36,0,35,44,36,38,41,40,36,0,0,0,0,35,0,0,0,35,0,34,39,0,39,42,0,0,0,0,34,35,35,0,30,37,40,40,0,0,39,35,37,37,38,0,0,39,0,44,0,0,38,0,0,33,36,33,33,0,0,0,38,38,38,38,35,32,44,0,0,0,0,0,0,0,31,0,0,37,37,37,0,0,39,41,42,40,42,40,39,39,0,0,0,0,0,39,36,0,0,35,0,36,39,0,40,36,38,0,38,40,35,41,37,36,37,37,39,37,0,35,34,34,39,37,36,39,38,40,40,33,44,0,0,36,33,0,35,36,34,0,0,36,45,36,0,0,38,37,39,0,40,0,0,35,39,40,41,0,0,0,0,0,0,0,0,0,0,0,
37,39,39,42,36,32,31,37,0,35,35,34,34,35,40,37,37,35,34,34,0,36,34,35,31,34,39,0,39,41,38,38,38,37,37,38,0,41,44,41,40,39,43,35,38,41,38,34,0,43,41,0,38,41,39,43,40,41,45,36,45,42,37,35,41,38,40,35,0,37,36,42,38,0,0,0,0,0,0,0,0,38,0,43,41,41,44,43,42,45,40,35,34,33,41,40,37,38,0,34,35,34,0,0,0,0,0,0,32,40,38,39,40,38,43,44,35,35,35,36,34,0,37,0,0,0,0,0,37,37,30,31,0,34,40,0,0,0,0,0,0,0,37,33,34,34,33,35,38,38,37,39,39,35,0,45,34,35,44,0,39,0,0,31,30,38,0,38,41,35,40,43,39,40,41,45,44,42,42,35,36,37,36,0,0,38,41,40,38,0,35,0,39,36,38,0,40,38,38,42,42,0,38,37,38,37,38,38,36,41,37,40,38,37,40,40,38,43,44,37,0,40,34,0,36,33,34,33,36,36,38,46,0,36,38,0,40,33,34,35,0,36,39,38,40,41,42,36,0,0,0,0,0,0,0,0,
37,0,36,43,39,41,38,44,35,0,37,37,39,35,36,41,0,36,34,40,36,42,31,35,35,43,38,40,39,44,39,39,39,40,44,37,39,39,39,42,45,40,43,36,44,38,39,41,35,37,41,42,0,41,40,41,45,40,42,42,40,37,41,39,39,39,40,40,40,35,37,41,41,36,0,0,0,0,38,37,38,37,39,0,40,44,41,42,46,45,45,41,38,40,35,38,38,38,39,35,35,35,35,0,42,0,0,0,0,38,39,40,39,47,44,44,44,36,35,36,35,36,42,0,0,0,0,37,0,37,38,34,31,39,0,0,0,0,38,0,0,0,38,39,36,35,33,0,36,39,40,39,37,39,42,0,44,35,42,46,40,39,0,0,37,36,38,39,0,43,40,43,40,40,40,41,43,43,42,0,0,37,37,36,38,38,43,41,40,34,37,36,44,42,40,39,41,40,39,38,42,39,38,36,39,39,38,40,42,42,39,38,41,38,41,40,38,39,38,37,40,39,40,39,37,35,36,0,38,33,34,46,35,37,46,40,40,44,34,41,39,0,37,38,0,40,38,39,0,0,0,0,0,0,0,0,
38,0,0,36,40,42,37,0,39,0,0,39,39,40,37,0,0,0,35,0,34,34,34,31,35,36,40,42,41,40,45,36,44,41,44,45,39,43,42,43,36,38,44,44,44,46,40,42,45,44,41,42,42,34,39,39,42,39,41,35,39,43,41,40,39,41,43,41,41,43,35,41,42,40,40,0,0,39,39,39,39,0,39,37,37,35,37,42,41,42,46,40,41,39,38,37,39,38,47,38,37,39,0,0,0,0,38,0,41,0,41,41,39,46,46,45,40,44,41,43,36,35,40,0,0,0,0,38,0,40,40,38,32,36,39,0,0,36,0,38,0,39,0,39,40,36,0,34,38,35,37,45,46,37,40,39,38,42,43,44,0,39,38,34,38,38,37,39,40,37,36,40,40,36,42,45,44,43,39,36,37,36,39,38,36,39,39,45,43,42,38,38,44,44,43,42,39,41,36,45,39,39,47,37,37,39,39,41,44,42,36,38,42,42,34,42,36,40,38,38,37,38,39,39,40,38,37,38,35,34,37,37,48,38,41,47,41,41,44,35,41,40,40,43,38,41,44,40,38,40,41,41,40,42,40,39,
36,37,0,42,41,43,37,38,38,41,0,38,40,40,0,0,0,38,40,0,40,38,36,37,43,35,35,42,43,40,41,42,41,41,42,45,38,44,41,43,37,35,45,40,46,46,36,42,36,45,39,39,42,39,40,40,40,36,41,37,44,44,44,39,40,0,38,41,41,43,43,41,43,39,40,41,35,38,40,38,39,37,38,38,40,36,44,38,44,45,43,41,41,40,40,37,38,37,39,38,38,48,48,0,39,43,43,43,40,38,45,41,40,43,47,41,40,47,39,43,39,36,36,40,42,40,38,39,0,41,40,43,42,37,38,46,36,37,0,0,39,40,40,40,41,36,38,39,36,37,48,46,39,40,40,39,42,43,45,45,42,42,39,40,34,42,41,42,41,37,41,43,39,37,40,39,42,38,40,35,37,37,36,38,36,36,39,44,42,39,38,44,38,45,41,42,39,39,36,36,47,43,42,42,38,39,37,41,41,38,40,39,39,37,45,43,40,40,40,39,40,41,41,41,40,38,37,38,38,36,38,44,48,39,38,38,40,42,42,38,42,42,41,44,0,39,40,39,43,39,39,40,39,42,40,40,
41,37,41,43,43,41,39,40,40,41,34,37,39,40,44,42,39,39,41,38,40,37,38,43,43,33,42,36,43,41,41,40,43,43,42,43,39,41,39,42,38,44,36,42,41,39,47,42,37,36,40,42,40,39,42,41,40,44,37,38,38,38,40,40,40,43,44,42,42,44,43,43,42,41,41,42,33,40,39,40,40,40,38,42,41,41,40,44,44,39,43,42,40,40,41,42,41,35,37,39,39,41,36,48,42,0,43,0,44,36,43,39,42,45,41,42,47,48,42,43,43,39,37,43,46,42,41,41,38,41,40,41,42,43,46,46,38,44,0,40,39,38,38,43,40,46,38,38,38,37,40,48,41,39,38,40,0,43,46,40,42,42,40,41,37,42,41,42,41,38,38,42,43,42,41,40,40,44,39,39,36,44,37,45,42,40,39,45,39,44,43,39,41,45,41,38,39,39,39,43,47,43,43,41,43,39,38,41,42,41,39,38,37,37,41,45,37,41,41,41,42,41,42,41,38,38,38,37,41,40,37,46,44,44,39,39,42,41,40,42,42,41,42,43,45,42,40,44,42,40,40,43,39,40,40,40,
39,41,37,42,39,44,38,42,40,44,37,34,43,41,43,42,40,38,40,40,38,38,41,35,36,45,39,42,45,40,42,42,43,44,39,43,39,41,39,40,43,42,42,42,39,40,41,39,43,44,38,43,50,40,44,41,41,44,38,46,40,40,39,42,42,44,44,43,44,42,42,43,43,42,42,45,42,44,37,42,41,44,41,43,41,43,40,42,44,45,39,38,41,41,41,43,42,42,36,37,39,37,38,37,40,36,45,44,36,44,39,44,40,44,35,35,37,48,43,41,43,43,40,44,42,41,42,44,39,39,41,41,37,42,44,40,38,44,45,42,44,38,41,43,43,38,37,39,40,43,38,43,41,41,40,40,45,40,44,0,38,42,40,41,42,40,40,42,41,41,39,38,40,43,41,38,40,41,40,40,39,40,44,40,45,40,40,41,40,41,46,42,41,42,40,39,45,38,41,43,43,47,43,41,40,41,39,43,39,42,41,39,42,37,44,43,45,46,41,41,42,42,41,41,44,40,39,39,42,41,41,43,42,41,46,40,38,43,40,42,43,45,42,43,43,44,43,42,40,42,41,43,40,41,41,42,
43,40,38,38,41,44,44,39,42,38,45,42,44,40,42,43,44,41,39,40,40,39,41,36,46,38,37,41,45,44,39,42,42,42,40,38,40,37,40,43,43,43,38,45,43,45,46,45,41,45,43,42,45,51,51,45,45,43,45,46,44,43,41,45,45,44,42,44,42,41,43,43,43,41,41,43,43,44,43,46,41,45,43,42,42,42,44,38,43,44,44,38,39,40,44,42,41,40,37,40,39,37,48,41,40,41,36,38,35,35,39,45,39,38,45,38,37,36,46,42,43,45,44,41,41,37,42,41,39,46,43,38,42,43,42,46,46,46,42,43,36,44,41,44,41,41,42,40,41,43,39,40,43,42,40,41,43,42,0,40,41,43,41,43,43,41,41,40,42,42,39,45,45,43,42,40,43,40,41,43,39,41,41,46,41,48,40,41,38,41,46,46,42,41,36,45,41,46,42,46,45,46,44,43,41,41,39,39,39,38,42,45,41,45,44,42,47,48,42,42,41,37,42,38,45,42,40,49,39,41,40,43,43,43,44,41,40,39,41,41,47,44,41,44,47,43,44,44,45,41,44,45,44,44,43,45,
39,44,40,45,46,41,42,39,40,40,41,41,41,41,41,48,41,44,40,40,42,43,40,40,45,42,38,44,46,46,40,40,43,38,43,41,39,40,40,42,44,44,44,46,44,44,41,44,43,43,42,41,43,42,40,51,46,40,48,39,45,47,44,42,42,45,45,42,43,42,48,44,42,42,45,42,43,45,46,47,42,45,44,45,43,42,45,43,40,44,42,44,40,44,39,38,42,43,39,43,40,40,49,39,46,42,40,42,39,39,36,39,40,45,43,36,39,42,45,41,46,48,44,45,43,38,41,41,44,46,43,40,43,46,39,46,47,44,42,44,44,38,40,47,44,41,43,40,46,43,44,38,38,45,41,42,46,42,41,44,38,41,46,41,43,44,41,42,44,42,45,45,42,44,44,40,42,46,41,40,42,42,43,44,42,48,42,41,40,41,42,36,35,35,36,37,38,40,43,42,43,46,45,42,43,42,42,40,37,38,42,41,45,46,43,43,43,41,43,43,43,37,44,42,46,41,43,47,46,43,42,44,42,43,40,47,47,40,42,42,44,43,45,46,47,44,41,45,45,46,42,44,45,45,44,45,
44,43,43,43,44,40,40,38,40,42,44,42,42,42,42,43,41,43,44,41,42,43,42,43,41,43,45,42,47,44,46,45,42,40,44,40,44,41,38,37,41,39,45,44,43,45,43,42,42,44,46,42,41,42,43,40,52,45,49,48,49,44,43,44,43,45,42,40,43,43,46,45,45,43,44,44,42,45,42,47,46,47,45,49,45,42,41,43,41,44,43,45,46,39,39,45,43,43,40,40,42,45,40,49,48,45,40,42,39,41,42,40,40,36,44,37,39,48,40,41,42,48,49,49,41,40,41,41,42,45,44,41,44,47,40,46,44,44,41,43,42,41,48,48,45,42,42,44,44,42,38,42,40,41,43,43,44,46,45,45,43,45,46,42,42,39,40,43,39,43,44,43,42,45,44,46,45,42,42,41,40,49,44,47,44,43,42,43,42,42,46,48,36,36,37,37,43,44,46,44,45,47,47,46,46,41,42,44,39,38,39,43,41,43,47,43,42,42,46,41,43,41,39,45,39,46,43,41,46,45,44,42,44,44,43,41,44,45,41,42,43,48,48,47,48,48,41,42,43,41,44,43,45,45,43,46,
44,47,44,43,44,44,40,38,41,47,41,43,43,46,45,42,39,43,44,41,43,43,43,43,45,44,44,42,45,43,46,46,48,40,47,45,41,43,43,38,45,44,44,44,43,43,45,42,42,46,47,42,42,42,45,44,43,42,44,46,46,44,44,42,43,42,45,44,41,42,43,43,48,47,44,43,48,44,43,42,45,48,47,44,41,42,41,47,49,48,47,46,45,42,45,40,41,41,39,40,42,45,47,46,49,44,45,47,47,43,41,42,40,42,43,36,43,40,47,41,43,42,44,45,40,42,41,44,41,41,42,44,46,41,47,46,44,44,43,42,43,39,46,47,45,46,42,45,44,43,44,40,43,46,41,44,45,46,50,45,43,41,45,47,44,43,42,41,41,44,43,44,45,41,40,47,47,46,45,42,43,47,45,44,44,46,44,45,45,45,42,45,45,45,44,47,45,44,45,45,46,48,47,46,41,44,44,41,44,40,43,42,47,44,48,46,44,46,46,41,42,43,43,40,40,43,44,45,45,45,47,45,45,47,44,48,46,39,45,46,43,44,45,48,42,48,42,42,41,43,43,43,44,46,45,44,
47,48,44,45,44,45,40,40,45,47,46,44,44,43,45,45,45,41,42,44,42,45,46,43,48,44,47,43,43,43,43,39,41,40,50,46,45,44,44,39,44,47,45,42,43,44,44,42,43,42,43,41,46,42,43,42,47,45,45,48,48,45,47,46,44,45,49,49,43,46,44,44,45,44,44,41,46,44,43,44,44,46,47,47,44,42,45,49,50,51,46,45,45,42,47,41,44,42,41,41,41,42,51,47,47,47,45,46,44,49,45,43,42,37,39,43,43,43,41,42,45,44,44,45,45,41,42,41,41,42,39,45,44,53,48,44,45,48,43,42,43,39,45,45,43,44,46,44,41,44,45,44,45,46,44,45,45,45,50,47,44,47,42,42,45,46,45,43,39,41,40,45,46,42,45,41,47,44,46,46,49,43,46,47,45,46,47,39,44,46,46,44,46,46,48,48,46,44,47,46,48,49,42,47,47,45,44,42,41,47,44,45,42,46,49,48,48,47,43,41,44,44,45,49,41,48,46,46,46,45,43,44,46,45,44,46,48,40,45,48,48,45,44,49,43,44,42,41,44,46,42,45,42,46,43,45,
45,41,40,42,46,45,40,44,46,46,48,45,46,41,44,41,46,42,42,46,46,46,45,47,44,45,47,48,47,48,46,44,42,42,44,48,48,48,46,45,45,43,44,45,47,44,45,43,44,42,42,42,42,48,40,45,42,48,45,45,48,49,49,47,45,44,44,49,48,44,46,45,44,44,44,47,49,48,45,46,44,42,46,43,45,43,44,47,44,46,45,47,46,46,47,45,44,42,42,43,42,42,52,49,48,46,46,47,48,49,47,52,46,45,45,39,44,44,44,42,46,44,50,48,46,46,45,42,42,41,40,41,45,50,44,53,46,48,46,46,47,40,46,45,44,45,45,44,42,41,45,49,44,46,46,45,44,46,45,45,42,47,47,47,43,48,46,46,44,40,41,48,46,44,47,43,42,45,44,44,46,43,47,46,45,46,46,47,45,47,45,45,47,47,45,48,48,46,45,49,44,45,43,43,45,44,45,43,45,47,45,47,46,47,48,49,47,44,45,46,46,46,45,46,44,48,46,48,47,46,45,46,42,45,44,45,46,45,44,44,46,45,44,43,45,40,48,43,43,46,47,42,45,46,43,45,
47,44,42,42,43,45,45,44,41,47,43,43,46,42,42,42,46,47,46,49,48,46,49,47,47,46,46,49,47,49,47,50,48,43,48,48,48,48,45,43,43,44,43,44,43,44,46,49,45,48,42,43,45,48,49,46,42,46,48,47,48,50,48,45,46,46,45,45,48,49,46,46,48,46,47,47,47,46,47,46,45,44,49,44,46,45,45,45,47,45,51,42,47,47,48,46,45,44,43,43,45,43,49,53,44,45,48,44,48,46,50,50,47,45,40,40,45,43,46,45,46,46,43,44,46,52,45,45,43,42,42,40,41,50,43,43,45,49,47,44,44,45,50,44,50,45,45,48,44,46,46,43,43,48,46,51,45,46,45,45,47,46,43,47,47,44,48,47,44,41,43,48,46,47,44,44,44,46,43,43,47,43,46,44,47,47,48,48,49,48,45,46,47,46,47,46,48,47,50,49,46,48,43,44,44,46,44,45,47,45,46,47,47,47,42,49,50,42,46,45,46,49,46,44,44,44,46,47,46,46,46,46,46,43,45,47,47,47,46,45,46,42,44,45,46,41,43,45,43,44,45,47,46,46,44,47,
44,49,46,43,45,48,48,47,44,47,44,45,43,50,51,43,49,48,47,48,47,46,45,49,48,47,47,48,48,48,48,48,46,49,48,47,49,45,49,44,47,45,45,44,44,45,43,50,47,46,46,46,45,48,48,46,44,47,44,47,46,50,48,43,46,44,45,45,47,47,45,49,46,47,45,46,45,43,47,48,44,46,46,45,45,46,46,46,44,46,45,46,48,47,48,49,49,50,44,44,46,47,47,50,44,46,46,49,45,47,43,49,47,41,46,47,47,48,45,44,45,45,50,45,47,50,45,48,44,49,44,47,44,45,42,43,47,45,48,48,47,45,48,50,45,50,45,46,48,46,46,46,45,50,45,51,51,47,44,45,44,45,47,44,46,45,47,50,45,44,44,47,48,49,48,45,43,49,46,45,44,44,44,44,51,47,44,50,49,50,46,47,46,49,49,47,48,48,47,50,52,48,48,49,44,46,43,44,46,47,50,50,46,46,44,42,42,41,42,45,45,47,47,50,48,49,48,47,46,46,44,42,43,47,46,44,50,46,47,46,43,45,45,47,47,42,43,45,49,49,45,46,48,46,45,46,
47,45,47,50,49,48,46,48,49,48,45,45,48,49,49,43,49,48,48,51,50,47,47,50,49,46,47,49,47,49,49,49,45,47,49,49,48,49,47,49,47,48,46,45,49,52,46,44,44,48,47,44,49,45,49,50,44,45,45,44,49,47,48,48,45,48,44,47,45,48,48,49,45,42,46,48,43,46,45,49,44,48,47,47,48,44,46,47,49,47,46,50,46,50,46,49,50,50,51,47,46,50,49,51,44,48,49,48,49,49,42,50,50,49,48,45,48,47,45,47,49,46,47,50,49,51,45,50,49,46,48,45,48,49,42,43,44,43,48,45,48,50,46,48,46,46,50,51,50,49,46,51,50,50,48,47,50,48,48,45,45,45,49,51,47,47,49,50,47,44,48,47,48,47,49,48,43,45,46,46,46,47,45,45,45,51,48,45,47,51,51,50,49,50,49,50,49,49,50,48,47,50,48,47,45,47,48,45,44,46,51,51,48,41,46,42,46,45,42,46,43,44,52,50,49,48,48,47,48,48,47,50,53,48,48,47,47,47,45,47,43,46,49,47,48,46,43,46,48,46,45,50,48,50,47,47,
49,48,50,51,50,50,49,48,49,46,45,46,48,51,46,50,48,49,47,52,52,50,47,45,50,53,47,44,49,48,49,46,45,48,46,50,51,47,47,47,47,48,50,46,47,45,46,47,45,46,50,48,48,47,45,45,47,47,47,46,51,47,49,48,46,50,48,52,46,46,49,48,48,49,49,45,45,46,47,45,48,45,49,47,49,48,51,50,49,48,48,52,51,45,47,47,49,51,50,47,46,47,48,45,45,51,52,48,48,49,43,43,51,51,48,42,46,46,44,47,47,50,46,49,50,46,47,49,49,46,48,47,49,47,46,43,44,44,49,47,47,49,51,49,51,47,49,48,47,50,51,51,48,50,50,49,52,50,53,47,45,45,50,51,49,49,49,49,49,47,49,49,48,46,47,48,46,50,47,51,46,48,47,48,50,49,51,53,47,47,49,49,50,50,50,52,52,48,50,47,48,50,50,50,49,49,49,48,48,45,48,51,48,48,44,46,51,49,43,46,44,44,50,51,49,50,49,49,49,49,45,49,49,52,48,51,47,50,47,46,45,44,50,50,48,47,50,46,50,50,52,51,51,50,48,51,
48,49,48,51,49,51,48,49,46,54,49,50,49,50,48,49,50,50,49,51,50,53,47,46,46,48,48,45,51,49,49,49,45,46,49,47,46,47,46,47,48,48,46,51,46,54,51,50,47,48,49,47,49,47,46,51,47,47,48,47,49,46,49,44,49,48,50,50,53,48,49,49,48,55,49,51,54,48,50,45,52,46,46,50,49,51,52,53,53,50,52,45,45,45,48,45,47,49,46,47,48,48,48,47,54,48,51,54,53,49,49,51,51,51,49,50,47,49,50,46,45,48,44,50,50,50,47,47,50,49,48,46,48,48,47,48,45,50,50,48,47,48,51,49,51,50,50,49,51,51,52,50,49,50,49,53,48,53,51,47,49,46,46,51,49,48,46,50,50,47,50,49,50,49,48,46,47,47,50,50,48,49,49,49,49,49,49,55,48,49,49,48,52,52,49,51,51,52,52,49,50,49,46,50,50,48,49,47,49,48,46,48,53,45,50,50,48,52,50,52,49,45,46,51,52,52,48,48,48,47,51,50,50,50,49,52,54,48,48,50,48,51,52,50,49,50,46,45,51,51,47,52,53,52,51,51,
52,50,50,49,50,49,49,47,47,52,54,50,48,49,51,52,49,49,51,51,51,45,47,52,47,46,46,51,50,51,48,50,50,48,48,48,43,50,47,50,49,47,50,48,51,47,55,50,47,48,48,49,48,50,50,52,49,48,47,46,50,49,50,50,45,47,46,49,48,50,51,50,48,54,53,56,56,49,51,51,52,48,51,51,52,52,49,53,53,51,50,46,46,49,50,46,51,48,49,46,46,50,49,56,48,46,49,53,53,51,49,49,52,50,49,49,49,50,51,47,47,50,46,47,48,47,51,49,51,49,48,48,48,49,48,48,48,46,49,50,50,48,50,50,49,48,54,50,53,49,46,46,49,52,52,50,52,51,50,55,54,46,46,49,50,52,48,52,51,48,50,50,50,50,50,51,47,49,48,49,47,50,50,50,50,51,54,55,52,50,50,52,49,50,49,50,50,45,52,47,49,51,49,51,48,49,48,50,48,49,48,49,53,46,50,50,49,49,52,51,52,43,47,47,48,51,48,54,49,50,47,51,48,52,50,53,47,49,48,49,48,52,49,50,50,50,49,49,46,52,51,49,52,51,51,52,
49,49,56,48,49,51,51,49,52,53,53,50,48,49,51,53,49,50,50,52,51,50,47,46,53,53,50,53,49,52,48,52,56,51,48,49,47,50,50,50,51,53,49,48,48,50,48,49,51,48,48,50,49,49,50,52,51,50,47,50,50,50,50,51,47,50,48,50,50,51,49,49,48,48,53,53,56,56,50,53,52,50,52,49,52,52,51,51,51,54,48,50,51,46,52,50,53,52,53,48,49,46,52,47,49,51,50,45,54,52,48,50,50,51,51,50,50,51,51,51,50,47,46,48,51,47,48,51,51,49,48,50,54,50,48,54,46,51,47,53,52,50,50,49,50,48,52,49,54,48,49,54,52,50,49,52,49,49,51,55,48,48,49,49,50,49,48,53,52,53,55,52,50,51,52,54,50,51,50,50,46,47,50,50,46,52,50,50,55,51,52,51,50,52,48,50,51,46,48,48,55,52,50,52,51,48,54,49,48,51,50,50,50,50,49,51,48,52,52,48,52,52,48,51,48,53,52,50,50,48,51,51,50,53,54,51,48,47,47,50,49,48,50,50,50,51,51,50,52,46,52,52,52,54,54,52,
49,50,53,48,51,55,52,52,50,47,54,51,51,51,49,50,51,51,53,50,52,50,50,51,50,47,53,53,49,50,52,51,57,50,50,54,48,48,52,52,50,53,50,54,48,49,53,49,50,48,48,53,50,49,50,51,52,51,52,50,50,51,52,54,48,48,49,49,50,51,50,49,50,49,54,48,54,54,51,50,53,51,52,50,52,56,51,50,53,52,50,49,50,51,53,53,54,53,51,49,52,52,52,52,52,52,52,47,50,53,50,50,50,52,52,53,54,52,51,50,51,49,52,47,55,52,53,52,52,48,49,50,52,50,54,54,54,54,53,54,55,48,50,52,53,47,52,51,54,49,51,50,49,49,51,49,49,50,50,48,49,48,47,50,52,50,51,48,53,48,54,54,49,51,50,51,54,49,51,50,52,52,50,50,48,53,50,50,52,53,52,52,51,53,51,50,51,51,52,49,52,53,50,49,48,48,56,53,50,53,52,51,50,51,50,49,49,50,53,49,51,53,52,49,51,54,53,52,52,50,50,52,51,50,55,52,50,48,48,48,51,50,49,53,53,51,51,51,52,49,49,47,52,51,55,53,
50,53,54,54,54,54,51,51,51,52,50,51,52,50,51,51,54,51,50,49,54,51,50,51,51,48,49,51,50,50,49,52,50,49,52,51,48,52,52,51,52,50,50,49,50,50,49,48,50,51,50,53,53,51,51,53,53,51,55,53,52,52,51,53,50,52,49,49,51,56,51,50,53,49,55,50,49,52,52,53,51,50,49,56,53,55,52,53,49,50,52,53,49,51,54,52,51,53,51,49,49,50,52,52,50,51,49,53,54,54,55,52,47,48,52,53,54,53,53,51,53,51,50,49,49,48,55,50,50,51,50,53,52,52,55,53,52,55,55,52,54,53,55,54,53,51,51,51,54,53,52,53,50,50,49,51,50,51,51,52,51,51,52,50,51,51,52,50,51,53,55,52,50,52,50,51,54,49,51,53,52,53,53,53,53,51,52,51,52,55,55,53,49,53,50,51,52,51,55,51,50,54,50,49,49,50,55,54,53,51,53,53,53,52,51,50,52,50,52,57,54,50,53,51,52,54,54,53,53,51,50,52,51,51,52,51,51,49,51,49,49,53,45,46,53,53,52,52,52,51,52,49,53,50,54,51,
56,52,54,52,55,56,53,53,53,51,51,51,50,53,50,52,55,51,50,49,49,49,52,51,52,51,53,51,53,54,50,51,49,51,51,51,52,51,51,54,53,53,52,51,55,51,55,50,49,53,50,54,52,52,51,52,52,51,55,53,53,51,50,53,52,53,50,49,54,51,56,53,55,54,49,50,51,50,51,50,51,53,54,51,56,55,56,54,50,51,52,52,51,51,50,53,52,54,52,51,50,51,51,52,50,51,52,49,54,57,54,55,48,53,53,55,55,59,55,53,51,52,51,53,50,52,52,52,54,51,50,53,50,53,55,56,52,51,49,55,54,50,55,53,53,49,52,52,52,53,52,51,51,51,53,51,50,55,52,50,52,52,53,53,49,52,53,51,52,49,50,53,51,49,50,50,54,55,52,52,52,53,53,53,53,52,54,52,52,49,53,54,49,50,50,54,52,55,52,53,56,52,54,55,54,53,50,56,55,50,52,54,52,53,49,53,52,53,53,57,56,50,53,52,55,52,53,53,54,51,51,54,52,51,51,51,51,51,50,51,51,51,46,55,53,54,53,51,53,51,49,51,49,53,53,52,
56,55,55,53,49,53,53,51,53,53,50,51,51,53,56,54,53,57,55,51,56,51,52,56,51,53,53,54,53,54,53,54,52,54,53,51,52,53,54,54,54,51,53,56,54,54,54,54,54,51,52,54,55,52,52,55,53,52,54,53,50,53,53,50,54,53,52,50,51,53,54,55,55,54,51,52,54,51,53,53,53,56,53,52,52,57,57,50,54,51,52,53,51,51,53,51,53,55,55,54,51,51,51,53,54,49,52,51,55,55,54,55,54,52,53,55,55,54,56,53,53,52,52,52,54,50,57,53,54,53,51,53,52,50,53,51,53,53,54,54,55,55,52,55,54,51,55,53,53,54,54,52,51,51,54,53,51,51,54,55,53,53,54,53,52,51,53,51,53,52,51,51,54,50,51,51,51,51,52,50,51,51,51,54,54,53,52,53,53,53,50,54,53,51,55,53,55,51,57,54,54,53,54,53,55,54,53,50,52,56,52,53,54,54,51,51,51,54,54,50,56,51,54,50,49,55,55,54,56,55,53,54,55,52,54,54,52,51,55,51,51,52,47,56,54,54,53,52,56,53,54,53,54,52,54,52,
53,56,51,51,50,51,53,53,51,53,51,52,51,50,56,50,55,54,57,53,50,58,53,53,56,54,51,54,51,54,51,54,53,55,53,54,53,54,54,54,55,54,52,55,54,54,55,54,54,54,53,55,53,54,55,54,55,54,52,50,51,53,54,50,53,54,51,53,52,56,55,52,53,54,55,53,53,53,53,51,55,51,56,52,57,53,53,50,50,51,51,53,52,52,52,54,52,51,54,55,52,55,54,52,52,54,53,53,51,51,57,54,55,54,54,56,56,53,52,56,53,53,49,50,53,51,52,57,55,54,54,54,52,56,55,56,52,52,55,53,52,56,52,50,52,52,54,54,52,54,54,53,54,54,54,53,53,54,55,55,57,53,57,54,53,52,54,53,52,53,53,51,55,53,52,53,52,53,52,49,53,53,52,52,54,51,54,54,52,50,55,55,51,53,56,50,52,56,52,52,52,54,53,54,54,56,55,52,53,53,52,53,52,52,54,50,54,53,54,52,52,49,51,55,56,56,55,55,54,57,56,54,56,55,54,55,53,56,56,54,52,51,55,54,56,54,53,53,56,54,54,54,54,52,53,53,
52,52,57,52,53,55,52,50,53,55,52,52,52,55,51,56,51,56,55,54,56,51,54,53,57,57,54,53,50,54,56,56,52,51,56,54,54,55,52,55,55,54,52,54,57,53,55,54,55,53,54,54,54,55,56,54,55,53,54,51,50,52,54,51,51,56,51,56,55,56,56,55,55,55,56,52,52,54,55,54,54,55,54,51,55,54,56,53,51,54,52,52,56,54,54,54,54,52,57,57,52,54,51,55,56,53,53,54,52,52,52,52,56,54,53,55,56,55,56,54,57,53,53,55,54,54,55,57,57,53,54,56,54,54,54,55,58,55,55,53,53,53,52,53,53,53,52,52,55,53,54,54,53,54,54,56,54,50,52,55,56,55,57,54,56,52,55,57,54,52,57,58,55,56,57,53,56,54,57,52,51,53,57,52,52,55,56,55,54,55,51,56,53,51,51,51,50,54,53,53,53,52,54,54,53,55,56,54,53,54,54,51,52,54,54,52,55,53,51,52,56,53,54,52,50,51,55,55,55,52,57,54,56,52,52,52,55,52,56,58,56,52,50,54,54,57,54,56,55,57,54,55,56,54,54,53,
55,54,53,53,57,54,52,52,50,57,56,54,59,57,55,56,53,56,53,56,55,54,54,55,54,52,53,53,54,54,52,55,52,54,55,54,55,54,54,53,54,53,54,53,57,54,56,55,56,56,54,55,55,54,55,55,55,55,54,54,52,54,56,51,51,59,57,55,57,55,55,55,55,55,55,57,55,53,55,55,54,57,56,51,55,57,57,53,53,55,52,53,57,56,55,56,55,56,55,54,58,54,55,53,52,56,55,55,57,53,56,54,53,57,55,55,52,55,56,55,54,54,54,58,55,55,56,56,58,55,53,52,57,55,53,55,51,56,56,56,54,54,54,52,54,56,56,58,55,55,55,54,54,54,54,55,53,55,55,52,54,56,56,53,55,54,53,54,58,56,57,55,58,55,57,51,56,56,58,56,57,54,54,53,53,54,52,54,54,54,52,54,53,52,54,54,57,57,57,54,53,59,53,56,58,57,55,57,53,57,54,52,55,53,53,52,53,52,52,55,56,57,55,52,51,54,52,55,55,53,54,54,55,53,55,54,54,53,53,52,58,58,52,52,55,55,53,57,56,55,57,55,58,57,55,56,
56,59,54,57,58,55,56,52,51,57,57,56,54,59,55,56,57,57,55,58,56,55,54,54,57,57,54,52,54,55,54,56,56,53,55,55,57,56,55,55,55,55,53,56,57,57,56,56,57,54,56,54,53,55,55,55,56,57,55,56,54,55,56,55,52,56,56,54,55,56,55,57,57,55,56,54,54,54,56,54,55,59,58,52,57,57,55,57,54,55,55,56,56,58,57,54,54,56,57,59,61,58,55,54,52,54,51,53,53,55,57,56,55,54,55,55,53,53,56,56,55,55,54,58,55,56,58,54,57,57,55,56,55,55,56,56,56,56,52,53,54,53,54,59,53,57,54,56,57,58,59,55,55,54,58,55,55,53,53,57,55,56,58,53,54,57,54,54,53,55,58,57,59,56,56,54,61,52,58,56,57,55,54,58,55,55,54,60,53,55,54,53,54,55,57,55,57,55,53,56,53,56,58,53,60,56,59,52,54,54,56,53,59,55,53,54,59,54,54,55,54,54,56,56,55,56,55,54,54,56,54,55,55,55,53,54,56,54,51,58,53,56,56,55,57,56,59,58,58,57,58,57,57,56,55,57,
57,55,56,57,57,58,57,54,57,54,57,56,57,59,57,56,55,57,57,54,56,56,56,58,58,57,57,56,58,57,60,57,56,54,57,56,58,56,56,57,55,56,54,57,57,58,56,56,57,55,55,54,53,59,56,59,55,57,58,54,56,56,55,57,58,57,56,55,55,55,55,55,57,57,57,56,55,58,55,55,56,57,55,59,58,57,55,59,55,55,56,57,54,58,57,55,57,58,58,59,56,55,55,53,53,54,52,56,54,57,56,55,59,58,57,55,56,53,58,54,56,56,55,56,56,56,55,57,57,60,59,54,57,55,57,56,57,56,56,52,56,54,55,60,60,58,54,58,56,58,54,60,54,56,57,58,56,56,54,54,57,59,59,56,55,56,57,57,54,56,57,57,57,58,57,58,55,55,55,58,57,57,55,55,54,57,58,58,57,56,54,54,56,58,58,58,58,55,56,55,56,56,57,57,54,59,57,54,53,55,56,58,58,55,55,56,58,60,58,55,55,57,54,57,55,57,55,58,56,57,55,55,55,57,56,54,56,54,56,54,57,56,57,54,58,58,59,60,55,55,56,57,56,54,56,55,
58,53,56,55,57,58,59,55,58,57,54,57,57,58,57,58,56,57,55,59,55,59,61,59,59,57,57,56,55,56,59,57,55,56,54,58,58,57,57,56,57,57,56,54,57,59,55,58,57,56,57,56,57,55,56,57,58,54,55,56,57,55,58,55,56,54,57,59,56,57,54,55,55,56,55,61,56,55,55,56,56,57,57,60,58,56,56,60,58,56,58,58,55,56,56,54,59,57,58,58,58,58,57,54,54,54,58,58,59,59,57,58,57,59,55,57,58,55,55,54,56,56,57,54,55,57,59,58,58,61,55,55,56,60,58,56,59,58,60,55,55,56,56,55,57,58,59,59,56,57,61,58,55,54,57,58,57,56,56,54,58,57,56,59,57,57,57,57,56,56,59,57,57,58,56,56,58,58,55,57,59,58,59,59,54,57,58,56,59,57,55,56,57,58,61,58,56,57,56,57,58,57,57,58,59,60,57,56,57,56,57,54,58,57,57,56,55,55,56,59,58,58,57,56,57,58,56,59,58,54,57,55,56,58,60,56,56,57,56,61,59,58,56,55,56,58,57,58,56,56,59,59,56,56,55,56,
56,58,58,57,56,57,58,56,57,59,55,59,58,58,58,58,57,58,58,55,58,60,56,59,61,58,55,56,60,58,60,57,57,59,56,55,57,60,58,59,57,58,59,55,56,57,56,55,57,58,56,57,57,56,58,58,59,57,55,56,57,56,59,59,57,56,57,58,59,59,58,57,55,57,59,56,61,60,57,59,58,60,60,59,56,58,56,60,59,60,59,59,58,56,58,55,56,60,59,59,55,58,58,57,58,57,58,58,56,55,57,57,58,56,56,60,58,59,57,56,57,58,56,54,54,58,57,60,58,60,57,55,61,56,59,56,59,59,57,56,56,56,56,56,58,58,56,55,59,59,58,58,59,56,57,58,59,59,62,57,55,56,56,57,57,57,60,56,57,57,56,59,58,59,57,56,58,60,55,56,57,56,58,59,57,56,57,57,56,60,57,55,58,56,56,58,58,57,59,57,58,57,57,59,57,59,59,57,58,56,57,58,58,60,57,57,56,56,56,55,58,59,58,60,57,57,56,59,57,59,59,58,55,56,55,58,56,56,58,57,62,56,56,57,57,57,55,56,58,57,60,59,59,57,57,57,
61,61,59,60,56,59,58,60,58,60,60,60,58,59,58,61,57,59,58,56,56,59,57,60,57,57,60,57,61,59,59,59,58,59,57,59,58,58,58,59,56,58,55,60,58,58,59,55,57,59,57,59,57,60,62,56,59,58,58,59,58,57,58,59,57,58,58,59,58,57,61,58,57,55,59,56,59,56,56,58,61,60,57,61,57,57,57,58,57,59,61,60,61,59,55,55,58,55,58,59,56,56,59,58,57,57,60,58,57,58,58,58,58,58,57,60,58,59,60,59,58,58,58,56,55,58,57,56,60,58,59,56,60,59,58,59,57,59,57,58,57,61,57,55,57,58,58,57,57,58,59,57,58,60,59,58,60,58,57,57,56,56,59,61,59,56,60,59,59,57,60,59,58,57,57,56,58,59,58,57,59,58,56,57,58,58,58,55,57,59,59,58,59,58,57,57,59,58,57,57,59,58,58,59,59,55,59,58,59,59,60,59,59,59,58,56,56,56,59,57,57,59,60,59,59,56,58,59,60,57,57,59,56,60,56,58,59,56,57,59,55,57,57,60,58,61,60,57,58,58,57,58,58,58,58,59,
60,61,59,61,58,59,60,58,60,57,59,61,58,59,58,59,60,58,58,57,58,60,57,59,58,58,60,58,58,58,59,58,59,57,58,59,58,58,59,58,59,58,59,56,60,59,62,58,58,60,58,57,57,57,61,58,60,59,60,58,60,58,57,59,59,61,58,57,58,58,59,59,59,60,59,58,59,58,58,58,56,57,61,61,62,60,58,61,57,59,59,61,59,61,60,56,57,59,61,57,57,56,56,58,60,59,60,58,58,57,61,62,58,58,57,58,57,57,60,59,59,60,58,59,56,57,58,57,58,60,58,59,61,59,59,60,58,56,58,59,58,58,58,57,57,56,57,59,58,59,58,59,60,60,59,56,58,59,60,58,57,57,59,60,58,57,57,58,59,58,60,58,58,59,58,58,57,60,60,58,59,60,59,58,57,57,58,58,56,59,58,57,61,60,58,57,57,58,59,59,59,60,60,59,58,58,59,59,57,60,58,60,58,61,60,58,59,57,57,61,58,58,57,58,60,57,60,58,60,59,59,57,59,60,58,57,57,59,58,58,56,60,57,59,61,61,60,59,58,59,57,59,58,58,58,59,
60,61,60,61,60,61,60,60,60,61,58,59,60,60,60,58,59,61,59,58,59,59,59,59,59,60,60,59,60,59,59,61,60,60,57,59,60,61,59,59,58,60,58,60,61,63,61,59,59,58,58,58,59,58,62,59,60,58,60,60,58,61,60,59,58,58,58,59,57,59,60,60,60,62,60,61,60,58,63,58,57,57,59,59,62,59,59,61,59,57,59,61,59,59,59,61,59,58,58,57,59,57,60,59,58,59,59,61,57,58,59,60,62,59,59,59,59,60,61,61,59,60,58,59,61,62,59,62,59,59,60,60,60,60,60,58,61,59,59,57,58,61,58,59,61,57,60,58,59,60,59,58,59,61,60,57,61,59,60,60,57,57,59,58,58,59,59,59,60,58,62,59,60,59,59,58,59,58,58,60,59,59,60,59,57,57,59,59,61,59,60,61,59,62,58,58,58,61,59,60,58,59,61,59,61,59,58,60,59,60,62,59,58,58,60,57,59,60,60,58,59,59,62,59,59,62,61,58,61,60,60,60,61,61,59,58,59,59,58,58,59,62,58,60,61,59,60,61,60,61,58,58,59,59,59,59,
59,58,60,60,60,59,60,61,60,59,59,60,60,59,60,62,60,59,60,60,61,60,60,58,60,60,61,61,59,61,61,60,60,59,59,60,61,58,60,59,59,59,60,60,61,64,59,60,60,59,60,59,60,59,60,60,61,60,59,61,61,62,61,60,61,59,60,61,60,61,58,61,61,61,59,62,61,59,60,58,60,61,60,59,62,59,60,61,61,60,59,60,61,61,60,60,61,60,58,59,58,63,60,60,60,59,62,60,61,61,60,59,59,59,60,59,59,59,61,62,60,61,59,60,61,64,61,60,61,60,61,60,58,61,61,59,62,60,61,58,58,60,59,59,59,61,61,62,59,60,59,61,58,58,59,59,62,59,62,62,61,60,60,59,58,60,60,61,60,61,59,60,59,63,60,59,60,60,61,59,59,61,59,62,59,58,60,61,60,59,61,61,62,62,61,59,61,60,59,59,59,59,60,58,59,61,61,59,61,60,59,59,59,60,59,61,60,62,61,60,60,58,61,60,58,62,61,60,61,61,60,59,61,62,60,59,59,60,58,61,61,60,59,62,60,61,60,62,63,61,59,58,59,60,60,59,
60,61,60,61,61,61,61,60,60,60,63,61,59,60,62,60,61,60,61,61,60,61,61,60,61,62,63,62,60,60,62,61,60,61,59,61,59,62,59,61,61,60,61,62,61,61,61,61,62,60,61,59,63,60,62,61,60,59,61,60,62,60,59,61,62,61,60,60,61,61,59,61,61,61,59,60,61,59,60,61,60,59,62,60,60,60,61,60,61,60,60,60,62,61,61,60,60,61,62,60,63,61,62,61,60,59,62,63,62,59,63,59,61,61,60,60,61,63,61,61,61,61,63,61,59,60,59,61,60,61,61,62,61,59,61,60,61,62,60,60,59,62,61,60,59,62,61,60,60,59,60,62,60,59,60,60,60,59,60,62,61,60,61,61,59,61,62,60,61,61,60,60,60,60,60,61,63,61,60,59,61,60,61,62,61,60,61,61,60,60,60,62,60,62,61,59,60,62,62,63,60,62,59,59,60,62,59,61,61,61,62,61,61,62,61,60,60,62,61,61,59,59,61,62,60,59,62,61,61,61,60,62,62,62,63,60,60,62,59,60,62,60,60,62,62,61,60,61,59,62,61,60,60,60,62,61,
61,60,61,62,62,63,61,60,61,62,61,62,60,63,62,61,61,61,61,60,60,60,60,62,62,63,61,61,60,63,62,61,62,61,63,63,62,61,61,60,61,62,60,63,62,61,62,61,61,61,63,62,61,62,62,61,60,62,61,62,61,62,61,61,60,62,61,61,62,60,61,62,62,60,61,60,61,62,60,60,61,62,61,60,61,62,61,61,60,62,60,62,61,60,62,60,61,63,61,63,63,62,62,62,61,61,61,62,62,62,62,61,60,62,63,60,61,62,63,61,62,62,60,61,61,60,61,60,60,62,62,61,62,60,60,60,61,63,62,62,60,61,60,62,60,61,63,61,61,60,61,61,60,61,61,61,62,60,62,60,61,60,61,61,61,63,62,62,61,63,62,61,62,61,61,62,61,63,62,60,61,60,63,61,61,61,61,60,61,61,61,61,63,62,62,61,61,60,62,61,61,60,60,61,61,60,60,61,61,60,62,61,61,62,63,62,60,62,62,62,61,60,61,62,62,60,61,60,60,62,61,62,63,61,62,62,61,61,63,61,61,63,61,61,63,61,61,61,60,63,61,61,61,61,60,61,
61,63,62,61,63,63,62,62,63,61,61,61,63,61,61,62,62,63,62,61,61,62,62,61,63,62,61,61,62,61,63,62,62,62,61,63,61,63,62,62,61,62,61,62,61,63,62,61,61,63,62,62,62,63,63,62,63,61,62,62,61,63,62,61,62,62,61,61,62,62,61,62,62,62,62,61,62,63,62,63,61,62,62,62,62,62,62,64,61,63,63,62,61,62,61,61,63,63,61,63,61,62,63,62,62,62,62,62,62,62,62,63,61,62,64,61,63,62,62,62,62,61,62,63,63,61,61,61,61,63,62,62,61,61,61,63,61,62,63,62,63,63,63,62,61,61,62,62,62,62,61,61,62,63,61,62,62,63,63,62,62,62,61,63,62,61,62,61,61,62,63,61,62,61,63,62,62,61,62,63,61,61,62,62,63,62,61,63,61,63,62,62,63,62,61,62,62,64,61,61,63,62,62,62,63,61,61,61,61,62,62,61,62,63,62,62,62,63,62,62,62,61,61,61,62,64,63,61,62,61,62,62,63,62,63,61,64,62,61,62,62,62,62,62,62,62,63,63,62,64,62,61,61,62,61,63,
63,63,62,62,62,63,63,62,62,63,63,62,62,64,63,63,62,62,63,62,62,64,63,62,62,63,63,63,63,64,63,62,63,63,62,63,63,62,63,62,63,63,62,62,62,63,63,63,63,62,63,63,62,62,63,63,63,63,64,62,62,63,62,62,63,63,62,63,63,64,64,63,62,62,63,62,62,62,63,63,63,63,62,63,62,62,62,63,62,63,63,62,62,63,62,63,62,64,63,63,63,62,63,63,62,63,62,62,62,63,63,62,63,63,63,62,63,62,62,62,63,63,63,62,62,62,64,62,63,62,62,62,63,64,62,62,62,63,63,64,62,62,62,63,63,62,64,63,62,64,63,62,62,63,63,62,63,62,63,62,63,62,62,63,63,62,62,64,62,62,64,63,62,64,64,63,62,63,63,63,62,63,63,64,64,62,64,64,62,62,63,63,62,62,62,62,63,62,64,63,64,64,62,62,62,64,62,62,63,62,62,63,64,62,63,63,62,64,64,62,64,63,62,63,62,62,63,63,62,62,62,62,63,64,62,64,63,64,62,62,62,62,62,62,63,62,62,62,62,63,63,64,62,63,64,63,
63,64,63,63,63,63,63,63,64,63,63,63,64,64,63,63,63,63,63,64,64,63,63,63,63,63,64,63,63,64,64,63,63,63,63,63,64,63,63,64,63,64,63,63,63,63,64,64,63,63,64,63,63,63,64,63,64,64,64,63,63,63,63,63,63,63,64,63,63,64,63,63,63,63,63,63,63,64,64,64,64,63,63,64,63,63,63,63,63,64,64,64,63,63,63,63,64,64,63,64,63,63,63,63,63,63,63,63,63,63,64,63,63,63,63,64,63,63,63,63,64,63,63,64,63,63,63,64,63,63,64,63,64,64,64,63,63,64,64,63,64,64,63,63,64,64,64,63,63,64,63,63,63,63,64,64,64,63,63,64,64,63,64,63,64,64,63,64,64,64,63,63,64,63,64,64,63,63,63,64,64,63,64,63,63,64,63,64,64,63,63,63,64,64,64,63,64,63,63,63,64,63,63,63,63,64,63,64,63,63,64,64,64,64,63,64,64,63,63,64,63,63,63,63,63,63,63,63,64,63,64,63,63,64,63,63,64,63,63,63,63,63,63,63,64,64,63,63,63,64,64,64,63,63,64,63,
64,64,64,64,64,64,64,64,64,64,64,64,64,64,64,64,64,64,64,64,64,64,64,64,64,64,64,64,64,64,64,64,64,64,64,64,64,64,64,64,64,64,64,64,64,64,64,64,64,64,64,64,64,64,64,64,64,64,64,64,64,64,64,64,64,64,64,64,64,64,64,64,64,64,64,64,64,64,64,64,64,64,64,64,64,64,64,64,64,64,64,64,64,64,64,64,64,64,64,64,64,64,64,64,64,64,64,64,64,64,64,64,64,64,64,64,64,64,64,64,64,64,64,64,64,64,64,64,64,64,64,64,64,64,64,64,64,64,64,64,64,64,64,64,64,64,64,64,64,64,64,64,64,64,64,64,64,64,64,64,64,64,64,64,64,64,64,64,64,64,64,64,64,64,64,64,64,64,64,64,64,64,64,64,64,64,64,64,64,64,64,64,64,64,64,64,64,64,64,64,64,64,64,64,64,64,64,64,64,64,64,64,64,64,64,64,64,64,64,64,64,64,64,64,64,64,64,64,64,64,64,64,64,64,64,64,64,64,64,64,64,64,64,64,64,64,64,64,64,64,64,64,64,64,64,64,