[64, 256, 128]
0,0,0,0,0,0,0,0,0,0,0,0,0,0,0,0,0,0,0,0,0,0,0,0,0,0,0,0,0,0,0,0,0,0,0,0,0,0,0,0,0,0,0,0,0,0,0,0,0,0,0,0,0,0,0,0,0,0,0,0,0,0,0,0,0,0,0,0,0,0,0,0,0,0,0,0,0,0,0,0,0,0,0,0,0,0,0,0,0,0,0,0,0,0,0,0,0,0,0,0,0,0,0,0,0,0,0,0,0,0,0,0,0,0,0,0,0,0,0,0,0,0,0,0,0,0,0,0,0,0,0,0,0,0,0,0,0,0,0,0,0,0,0,0,0,0,0,0,0,0,0,0,0,0,0,0,0,0,0,0,0,0,0,0,0,0,0,0,0,0,0,0,0,0,0,0,0,0,0,0,0,0,0,0,0,0,0,0,0,0,0,0,0,0,0,0,0,0,0,0,0,0,0,0,0,0,0,0,0,0,0,0,0,0,0,0,0,0,0,0,0,0,0,0,0,0,0,0,0,0,0,0,0,0,0,0,0,0,0,0,0,0,0,0,0,0,0,0,0,0,0,0,0,0,0,0,
0,0,0,0,0,0,0,0,0,0,0,0,0,0,0,0,0,0,0,0,0,0,0,0,0,0,0,0,0,0,0,0,0,0,0,0,0,0,0,0,0,0,0,0,0,0,0,0,0,0,0,0,0,0,0,0,0,0,0,0,0,0,0,0,0,0,0,0,0,0,0,0,0,0,0,0,0,0,0,0,0,0,0,0,0,0,0,0,0,0,0,0,0,0,0,0,0,0,0,0,0,0,0,0,0,0,0,0,0,0,0,0,0,0,0,0,0,0,0,0,0,0,0,0,0,0,0,0,0,0,0,0,0,0,0,0,0,0,0,0,0,0,0,0,0,0,0,0,0,0,0,0,0,0,0,0,0,0,0,0,0,0,0,0,0,0,0,0,0,0,0,0,0,0,0,0,0,0,0,0,0,0,0,0,0,0,0,0,0,0,0,0,0,0,0,0,0,0,0,0,0,0,0,0,0,0,0,0,0,0,0,0,0,0,0,0,0,0,0,0,0,0,0,0,0,0,0,0,0,0,0,0,0,0,0,0,0,0,0,0,0,0,0,0,0,0,0,0,0,0,0,0,0,0,0,0,
0,0,0,0,0,0,0,0,0,0,0,0,0,0,0,0,0,0,0,0,0,0,0,0,0,0,0,0,0,0,0,0,0,0,0,0,0,0,0,0,0,0,0,0,0,0,0,0,0,0,0,0,0,0,0,0,0,0,0,0,0,0,0,0,0,0,0,0,0,0,0,0,0,0,0,0,0,0,0,0,0,0,0,0,0,0,0,0,0,0,0,0,0,0,0,0,0,0,0,0,0,0,0,0,0,0,0,0,0,0,0,0,0,0,0,0,0,0,0,0,0,0,0,0,0,0,0,0,0,0,0,0,0,0,0,0,0,0,0,0,0,0,0,0,0,0,0,0,0,0,0,0,0,0,0,0,0,0,0,0,0,0,0,0,0,0,0,0,0,0,0,0,0,0,0,0,0,0,0,0,0,0,0,0,0,0,0,0,0,0,0,0,0,0,0,0,0,0,0,0,0,0,0,0,0,0,0,0,0,0,0,0,0,0,0,0,0,0,0,0,0,0,0,0,0,0,0,0,0,0,0,0,0,0,0,0,0,0,0,0,0,0,0,0,0,0,0,0,0,0,0,0,0,0,0,0,
0,0,0,0,0,0,0,0,0,0,0,0,0,0,0,0,0,0,0,0,0,0,0,0,0,0,0,0,0,0,0,0,0,0,0,0,0,0,0,0,0,0,0,0,0,0,0,0,0,0,0,0,0,0,0,0,0,0,0,0,0,0,0,0,0,0,0,0,0,0,0,0,0,0,0,0,0,0,0,0,0,0,0,0,0,0,0,0,0,0,0,0,0,0,0,0,0,0,0,0,0,0,0,0,0,0,0,0,0,0,0,0,0,0,0,0,0,0,0,0,0,0,0,0,0,0,0,0,0,0,0,0,0,0,0,0,0,0,0,0,0,0,0,0,0,0,0,0,0,0,0,0,0,0,0,0,0,0,0,0,0,0,0,0,0,0,0,0,0,0,0,0,0,0,0,0,0,0,0,0,0,0,0,0,0,0,0,0,0,0,0,0,0,0,0,0,0,0,0,0,0,0,0,0,0,0,0,0,0,0,0,0,0,0,0,0,0,0,0,0,0,0,0,0,0,0,0,0,0,0,0,0,0,0,0,0,0,0,0,0,0,0,0,0,0,0,0,0,0,0,0,0,0,0,0,0,
0,0,0,0,0,0,0,0,0,0,0,0,0,0,0,0,0,0,0,0,0,0,0,0,0,0,0,0,0,0,0,0,0,0,0,0,0,0,0,0,0,0,0,0,0,0,0,0,0,0,0,0,0,0,0,0,0,0,0,0,0,0,0,0,0,0,0,0,0,0,0,0,0,0,0,0,0,0,0,0,0,0,0,0,0,0,0,0,0,0,0,0,0,0,0,0,0,0,0,0,0,0,0,0,0,0,0,0,0,0,0,0,0,0,0,0,0,0,0,0,0,0,0,0,0,0,0,0,0,0,0,0,0,0,0,0,0,0,0,0,0,0,0,0,0,0,0,0,0,0,0,0,0,0,0,0,0,0,0,0,0,0,0,0,0,0,0,0,0,0,0,0,0,0,0,0,0,0,0,0,0,0,0,0,0,0,0,0,0,0,0,0,0,0,0,0,0,0,0,0,0,0,0,0,0,0,0,0,0,0,0,0,0,0,0,0,0,0,0,0,0,0,0,0,0,0,0,0,0,0,0,0,0,0,0,0,0,0,0,0,0,0,0,0,0,0,0,0,0,0,0,0,0,0,0,0,
0,0,0,0,0,0,0,0,0,0,0,0,0,0,0,0,0,0,0,0,0,0,0,0,0,0,0,0,0,0,0,0,0,0,0,0,0,0,0,0,0,0,0,0,0,0,0,0,0,0,0,0,0,0,0,0,0,0,0,0,0,0,0,0,0,0,0,0,0,0,0,0,0,0,0,0,0,0,0,0,0,0,0,0,0,0,0,0,0,0,0,0,0,0,0,0,0,0,0,0,0,0,0,0,0,0,0,0,0,0,0,0,0,0,0,0,0,0,0,0,0,0,0,0,0,0,0,0,0,0,0,0,0,0,0,0,0,0,0,0,0,0,0,0,0,0,0,0,0,0,0,0,0,0,0,0,0,0,0,0,0,0,0,0,0,0,0,0,0,0,0,0,0,0,0,0,0,0,0,0,0,0,0,0,0,0,0,0,0,0,0,0,0,0,0,0,0,0,0,0,0,0,0,0,0,0,0,0,0,0,0,0,0,0,0,0,0,0,0,0,0,0,0,0,0,0,0,0,0,0,0,0,0,0,0,0,0,0,0,0,0,0,0,0,0,0,0,0,0,0,0,0,0,0,0,0,
0,0,0,0,0,0,0,0,0,0,0,0,0,0,0,0,0,0,0,0,0,0,0,0,0,0,0,0,0,0,0,0,0,0,0,0,0,0,0,0,0,0,0,0,0,0,0,0,0,0,0,0,0,0,0,0,0,0,0,0,0,0,0,0,0,0,0,0,0,0,0,0,0,0,0,0,0,0,0,0,0,0,0,0,0,0,0,0,0,0,0,0,0,0,0,0,0,0,0,0,0,0,0,0,0,0,0,0,0,0,0,0,0,0,0,0,0,0,0,0,0,0,0,0,0,0,0,0,0,0,0,0,0,0,0,0,0,0,0,0,0,0,0,0,0,0,0,0,0,0,0,0,0,0,0,0,0,0,0,0,0,0,0,0,0,0,0,0,0,0,0,0,0,0,0,0,0,0,0,0,0,0,0,0,0,0,0,0,0,0,0,0,0,0,0,0,0,0,0,0,0,0,0,0,0,0,0,0,0,0,0,0,0,0,0,0,0,0,0,0,0,0,0,0,0,0,0,0,0,0,0,0,0,0,0,0,0,0,0,0,0,0,0,0,0,0,0,0,0,0,0,0,0,0,0,0,
0,0,0,0,0,0,0,0,0,0,0,0,0,0,0,0,0,0,0,0,0,0,0,0,0,0,0,0,0,0,0,0,0,0,0,0,0,0,0,0,0,0,0,0,0,0,0,0,0,0,0,0,0,0,0,0,0,0,0,0,0,0,0,0,0,0,0,0,0,0,0,0,0,0,0,0,0,0,0,0,0,0,0,0,0,0,0,0,0,0,0,0,0,0,0,0,0,0,0,0,0,0,0,0,0,0,0,0,0,0,0,0,0,0,0,0,0,0,0,0,0,0,0,0,0,0,0,0,0,0,0,0,0,0,0,0,0,0,0,0,0,0,0,0,0,0,0,0,0,0,0,0,0,0,0,0,0,0,0,0,0,0,0,0,0,0,0,0,0,0,0,0,0,0,0,0,0,0,0,0,0,0,0,0,0,0,0,0,0,0,0,0,0,0,0,0,0,0,0,0,0,0,0,0,0,0,0,0,0,0,0,0,0,0,0,0,0,0,0,0,0,0,0,0,0,0,0,0,0,0,0,0,0,0,0,0,0,0,0,0,0,0,0,0,0,0,0,0,0,0,0,0,0,0,0,0,
0,0,0,0,0,0,0,0,0,0,0,0,0,0,0,0,0,0,0,0,0,0,0,0,0,0,0,0,0,0,0,0,0,0,0,0,0,0,0,0,0,0,0,0,0,0,0,0,0,0,0,0,0,0,0,0,0,0,0,0,0,0,0,0,0,0,0,0,0,0,0,0,0,0,0,0,0,0,0,0,0,0,0,0,0,0,0,0,0,0,0,0,0,0,0,0,0,0,0,0,0,0,0,0,0,0,0,0,0,0,0,0,0,0,0,0,0,0,0,0,0,0,0,0,0,0,0,0,0,0,0,0,0,0,0,0,0,0,0,0,0,0,0,0,0,0,0,0,0,0,0,0,0,0,0,0,0,0,0,0,0,0,0,0,0,0,0,0,0,0,0,0,0,0,0,0,0,0,0,0,0,0,0,0,0,0,0,0,0,0,0,0,0,0,0,0,0,0,0,0,0,0,0,0,0,0,0,0,0,0,0,0,0,0,0,0,0,0,0,0,0,0,0,0,0,0,0,0,0,0,0,0,0,0,0,0,0,0,0,0,0,0,0,0,0,0,0,0,0,0,0,0,0,0,0,0,
0,0,0,0,0,0,0,0,0,0,0,0,0,0,0,0,0,0,0,0,0,0,0,0,0,0,0,0,0,0,0,0,0,0,0,0,0,0,0,0,0,0,0,0,0,0,0,0,0,0,0,0,0,0,0,0,0,0,0,0,0,0,0,0,0,0,0,0,0,0,0,0,0,0,0,0,0,0,0,0,0,0,0,0,0,0,0,0,0,0,0,0,0,0,0,0,0,0,0,0,0,0,0,0,0,0,0,0,0,0,0,0,0,0,0,0,0,0,0,0,0,0,0,0,0,0,0,0,0,0,0,0,0,0,0,0,0,0,0,0,0,0,0,0,0,0,0,0,0,0,0,0,0,0,0,0,0,0,0,0,0,0,0,0,0,0,0,0,0,0,0,0,0,0,0,0,0,0,0,0,0,0,0,0,0,0,0,0,0,0,0,0,0,0,0,0,0,0,0,0,0,0,0,0,0,0,0,0,0,0,0,0,0,0,0,0,0,0,0,0,0,0,0,0,0,0,0,0,0,0,0,0,0,0,0,0,0,0,0,0,0,0,0,0,0,0,0,0,0,0,0,0,0,0,0,0,
0,0,0,0,0,0,0,0,0,0,0,0,0,0,0,0,0,0,0,0,0,0,0,0,0,0,0,0,0,0,0,0,0,0,0,0,0,0,0,0,0,0,0,0,0,0,0,0,0,0,0,0,0,0,0,0,0,0,0,0,0,0,0,0,0,0,0,0,0,0,0,0,0,0,0,0,0,0,0,0,0,0,0,0,0,0,0,0,0,0,0,0,0,0,0,0,0,0,0,0,0,0,0,0,0,0,0,0,0,0,0,0,0,0,0,0,0,0,0,0,0,0,0,0,0,0,0,0,0,0,0,0,0,0,0,0,0,0,0,0,0,0,0,0,0,0,0,0,0,0,0,0,0,0,0,0,0,0,0,0,0,0,0,0,0,0,0,0,0,0,0,0,0,0,0,0,0,0,0,0,0,0,0,0,0,0,0,0,0,0,0,0,0,0,0,0,0,0,0,0,0,0,0,0,0,0,0,0,0,0,0,0,0,0,0,0,0,0,0,0,0,0,0,0,0,0,0,0,0,0,0,0,0,0,0,0,0,0,0,0,0,0,0,0,0,0,0,0,0,0,0,0,0,0,0,0,
0,0,0,0,0,0,0,0,0,0,0,0,0,0,0,0,0,0,0,0,0,0,0,0,0,0,0,0,0,0,0,0,0,0,0,0,0,0,0,0,0,0,0,0,0,0,0,0,0,0,0,0,0,0,0,0,0,0,0,0,0,0,0,0,0,0,0,0,0,0,0,0,0,0,0,0,0,0,0,0,0,0,0,0,0,0,0,0,0,0,0,0,0,0,0,0,0,0,0,0,0,0,0,0,0,0,0,0,0,0,0,0,0,0,0,0,0,0,0,0,0,0,0,0,0,0,0,0,0,0,0,0,0,0,0,0,0,0,0,0,0,0,0,0,0,0,0,0,0,0,0,0,0,0,0,0,0,0,0,0,0,0,0,0,0,0,0,0,0,0,0,0,0,0,0,0,0,0,0,0,0,0,0,0,0,0,0,0,0,0,0,0,0,0,0,0,0,0,0,0,0,0,0,0,0,0,0,0,0,0,0,0,0,0,0,0,0,0,0,0,0,0,0,0,0,0,0,0,0,0,0,0,0,0,0,0,0,0,0,0,0,0,0,0,0,0,0,0,0,0,0,0,0,0,0,0,
0,0,0,0,0,0,0,0,0,0,0,0,0,0,0,0,0,0,0,0,0,0,0,0,0,0,0,0,0,0,0,0,0,0,0,0,0,0,0,0,0,0,0,0,0,0,0,0,0,0,0,0,0,0,0,0,0,0,0,0,0,0,0,0,0,0,0,0,0,0,0,0,0,0,0,0,0,0,0,0,0,0,0,0,0,0,0,0,0,0,0,0,0,0,0,0,0,0,0,0,0,0,0,0,0,0,0,0,0,0,0,0,0,0,0,0,0,0,0,0,0,0,0,0,0,0,0,0,0,0,0,0,0,0,0,0,0,0,0,0,0,0,0,0,0,0,0,0,0,0,0,0,0,0,0,0,0,0,0,0,0,0,0,0,0,0,0,0,0,0,0,0,0,0,0,0,0,0,0,0,0,0,0,0,0,0,0,0,0,0,0,0,0,0,0,0,0,0,0,0,0,0,0,0,0,0,0,0,0,0,0,0,0,0,0,0,0,0,0,0,0,0,0,0,0,0,0,0,0,0,0,0,0,0,0,0,0,0,0,0,0,0,0,0,0,0,0,0,0,0,0,0,0,0,0,0,
0,0,0,0,0,0,0,0,0,0,0,0,0,0,0,0,0,0,0,0,0,0,0,0,0,0,0,0,0,0,0,0,0,0,0,0,0,0,0,0,0,0,0,0,0,0,0,0,0,0,0,0,0,0,0,0,0,0,0,0,0,0,0,0,0,0,0,0,0,0,0,0,0,0,0,0,0,0,0,0,0,0,0,0,0,0,0,0,0,0,0,0,0,0,0,0,0,0,0,0,0,0,0,0,0,0,0,0,0,0,0,0,0,0,0,0,0,0,0,0,0,0,0,0,0,0,0,0,0,0,0,0,0,0,0,0,0,0,0,0,0,0,0,0,0,0,0,0,0,0,0,0,0,0,0,0,0,0,0,0,0,0,0,0,0,0,0,0,0,0,0,0,0,0,0,0,0,0,0,0,0,0,0,0,0,0,0,0,0,0,0,0,0,0,0,0,0,0,0,0,0,0,0,0,0,0,0,0,0,0,0,0,0,0,0,0,0,0,0,0,0,0,0,0,0,0,0,0,0,0,0,0,0,0,0,0,0,0,0,0,0,0,0,0,0,0,0,0,0,0,0,0,0,0,0,0,
0,0,0,0,0,0,0,0,0,0,0,0,0,0,0,0,0,0,0,0,0,0,0,0,0,0,0,0,0,0,0,0,0,0,0,0,0,0,0,0,0,0,0,0,0,0,0,0,0,0,0,0,0,0,0,0,0,0,0,0,0,0,0,0,0,0,0,0,0,0,0,0,0,0,0,0,0,0,0,0,0,0,0,0,0,0,0,0,0,0,0,0,0,0,0,0,0,0,0,0,0,0,0,0,0,0,0,0,0,0,0,0,0,0,0,0,0,0,0,0,0,0,0,0,0,0,0,0,0,0,0,0,0,0,0,0,0,0,0,0,0,0,0,0,0,0,0,0,0,0,0,0,0,0,0,0,0,0,0,0,0,0,0,0,0,0,0,0,0,0,0,0,0,0,0,0,0,0,0,0,0,0,0,0,0,0,0,0,0,0,0,0,0,0,0,0,0,0,0,0,0,0,0,0,0,0,0,0,0,0,0,0,0,0,0,0,0,0,0,0,0,0,0,0,0,0,0,0,0,0,0,0,0,0,0,0,0,0,0,0,0,0,0,0,0,0,0,0,0,0,0,0,0,0,0,0,
0,0,0,0,0,0,0,0,0,0,0,0,0,0,0,0,0,0,0,0,0,0,0,0,0,0,0,0,0,0,0,0,0,0,0,0,0,0,0,0,0,0,0,0,0,0,0,0,0,0,0,0,0,0,0,0,0,0,0,0,0,0,0,0,0,0,0,0,0,0,0,0,0,0,0,0,0,0,0,0,0,0,0,0,0,0,0,0,0,0,0,0,0,0,0,0,0,0,0,0,0,0,0,0,0,0,0,0,0,0,0,0,0,0,0,0,0,0,0,0,0,0,0,0,0,0,0,0,0,0,0,0,0,0,0,0,0,0,0,0,0,0,0,0,0,0,0,0,0,0,0,0,0,0,0,0,0,0,0,0,0,0,0,0,0,0,0,0,0,0,0,0,0,0,0,0,0,0,0,0,0,0,0,0,0,0,0,0,0,0,0,0,0,0,0,0,0,0,0,0,0,0,0,0,0,0,0,0,0,0,0,0,0,0,0,0,0,0,0,0,0,0,0,0,0,0,0,0,0,0,0,0,0,0,0,0,0,0,0,0,0,0,0,0,0,0,0,0,0,0,0,0,0,0,0,0,
0,0,0,0,0,0,0,0,0,0,0,0,0,0,0,0,0,0,0,0,0,0,0,0,0,0,0,0,0,0,0,0,0,0,0,0,0,0,0,0,0,0,0,0,0,0,0,0,0,0,0,0,0,0,0,0,0,0,0,0,0,0,0,0,0,0,0,0,0,0,0,0,0,0,0,0,0,0,0,0,0,0,0,0,0,0,0,0,0,0,0,0,0,0,0,0,0,0,0,0,0,0,0,0,0,0,0,0,0,0,0,0,0,0,0,0,0,0,0,0,0,0,0,0,0,0,0,0,0,0,0,0,0,0,0,0,0,0,0,0,0,0,0,0,0,0,0,0,0,0,0,0,0,0,0,0,0,0,0,0,0,0,0,0,0,0,0,0,0,0,0,0,0,0,0,0,0,0,0,0,0,0,0,0,0,0,0,0,0,0,0,0,0,0,0,0,0,0,0,0,0,0,0,0,0,0,0,0,0,0,0,0,0,0,0,0,0,0,0,0,0,0,0,0,0,0,0,0,0,0,0,0,0,0,0,0,0,0,0,0,0,0,0,0,0,0,0,0,0,0,0,0,0,0,0,0,
0,0,0,0,0,0,0,0,0,0,0,0,0,0,0,0,0,0,0,0,0,0,0,0,0,0,0,0,0,0,0,0,0,0,0,0,0,0,0,0,0,0,0,0,0,0,0,0,0,0,0,0,0,0,0,0,0,0,0,0,0,0,0,0,0,0,0,0,0,0,0,0,0,0,0,0,0,0,0,0,0,0,0,0,0,0,0,0,0,0,0,0,0,0,0,0,0,0,0,0,0,0,0,0,0,0,0,0,0,0,0,0,0,0,0,0,0,0,0,0,0,0,0,0,0,0,0,0,0,0,0,0,0,0,0,0,0,0,0,0,0,0,0,0,0,0,0,0,0,0,0,0,0,0,0,0,0,0,0,0,0,0,0,0,0,0,0,0,0,0,0,0,0,0,0,0,0,0,0,0,0,0,0,0,0,0,0,0,0,0,0,0,0,0,0,0,0,0,0,0,0,0,0,0,0,0,0,0,0,0,0,0,0,0,0,0,0,0,0,0,0,0,0,0,0,0,0,0,0,0,0,0,0,0,0,0,0,0,0,0,0,0,0,0,0,0,0,0,0,0,0,0,0,0,0,0,
0,0,0,0,0,0,0,0,0,0,0,0,0,0,0,0,0,0,0,0,0,0,0,0,0,0,0,0,0,0,0,0,0,0,0,0,0,0,0,0,0,0,0,0,0,0,0,0,0,0,0,0,0,0,0,0,0,0,0,0,0,0,0,0,0,0,0,0,0,0,0,0,0,0,0,0,0,0,0,0,0,0,0,0,0,0,0,0,0,0,0,0,0,0,0,0,0,0,0,0,0,0,0,0,0,0,0,0,0,0,0,0,0,0,0,0,0,0,0,0,0,0,0,0,0,0,0,0,0,0,0,0,0,0,0,0,0,0,0,0,0,0,0,0,0,0,0,0,0,0,0,0,0,0,0,0,0,0,0,0,0,0,0,0,0,0,0,0,0,0,0,0,0,0,0,0,0,0,0,0,0,0,0,0,0,0,0,0,0,0,0,0,0,0,0,0,0,0,0,0,0,0,0,0,0,0,0,0,0,0,0,0,0,0,0,0,0,0,0,0,0,0,0,0,0,0,0,0,0,0,0,0,0,0,0,0,0,0,0,0,0,0,0,0,0,0,0,0,0,0,0,0,0,0,0,0,
0,0,0,0,0,0,0,0,0,0,0,0,0,0,0,0,0,0,0,0,0,0,0,0,0,0,0,0,0,0,0,0,0,0,0,0,0,0,0,0,0,0,0,0,0,0,0,0,0,0,0,0,0,0,0,0,0,0,0,0,0,0,0,0,0,0,0,0,0,0,0,0,0,0,0,0,0,0,0,0,0,0,0,0,0,0,0,0,0,0,0,0,0,0,0,0,0,0,0,0,0,0,0,0,0,0,0,0,0,0,0,0,0,0,0,0,0,0,0,0,0,0,0,0,0,0,0,0,0,0,0,0,0,0,0,0,0,0,0,0,0,0,0,0,0,0,0,0,0,0,0,0,0,0,0,0,0,0,0,0,0,0,0,0,0,0,0,0,0,0,0,0,0,0,0,0,0,0,0,0,0,0,0,0,0,0,0,0,0,0,0,0,0,0,0,0,0,0,0,0,0,0,0,0,0,0,0,0,0,0,0,0,0,0,0,0,0,0,0,0,0,0,0,0,0,0,0,0,0,0,0,0,0,0,0,0,0,0,0,0,0,0,0,0,0,0,0,0,0,0,0,0,0,0,0,0,
0,0,0,0,0,0,0,0,0,0,0,0,0,0,0,0,0,0,0,0,0,0,0,0,0,0,0,0,0,0,0,0,0,0,0,0,0,0,0,0,0,0,0,0,0,0,0,0,0,0,0,0,0,0,0,0,0,0,0,0,0,0,0,0,0,0,0,0,0,0,0,0,0,0,0,0,0,0,0,0,0,0,0,0,0,0,0,0,0,0,0,0,0,0,0,0,0,0,0,0,0,0,0,0,0,0,0,0,0,0,0,0,0,0,0,0,0,0,0,0,0,0,0,0,0,0,0,0,0,0,0,0,0,0,0,0,0,0,0,0,0,0,0,0,0,0,0,0,0,0,0,0,0,0,0,0,0,0,0,0,0,0,0,0,0,0,0,0,0,0,0,0,0,0,0,0,0,0,0,0,0,0,0,0,0,0,0,0,0,0,0,0,0,0,0,0,0,0,0,0,0,0,0,0,0,0,0,0,0,0,0,0,0,0,0,0,0,0,0,0,0,0,0,0,0,0,0,0,0,0,0,0,0,0,0,0,0,0,0,0,0,0,0,0,0,0,0,0,0,0,0,0,0,0,0,0,
0,0,0,0,0,0,0,0,0,0,0,0,0,0,0,0,0,0,0,0,0,0,0,0,0,0,0,0,0,0,0,0,0,0,0,0,0,0,0,0,0,0,0,0,0,0,0,0,0,0,0,0,0,0,0,0,0,0,0,0,0,0,0,0,0,0,0,0,0,0,0,0,0,0,0,0,0,0,0,0,0,0,0,0,0,0,0,0,0,0,0,0,0,0,0,0,0,0,0,0,0,0,0,0,0,0,0,0,0,0,0,0,0,0,0,0,0,0,0,0,0,0,0,0,0,0,0,0,0,0,0,0,0,0,0,0,0,0,0,0,0,0,0,0,0,0,0,0,0,0,0,0,0,0,0,0,0,0,0,0,0,0,0,0,0,0,0,0,0,0,0,0,0,0,0,0,0,0,0,0,0,0,0,0,0,0,0,0,0,0,0,0,0,0,0,0,0,0,0,0,0,0,0,0,0,0,0,0,0,0,0,0,0,0,0,0,0,0,0,0,0,0,0,0,0,0,0,0,0,0,0,0,0,0,0,0,0,0,0,0,0,0,0,0,0,0,0,0,0,0,0,0,0,0,0,0,
0,0,0,0,0,0,0,0,0,0,0,0,0,0,0,0,0,0,0,0,0,0,0,0,0,0,0,0,0,0,0,0,0,0,0,0,0,0,0,0,0,0,0,0,0,0,0,0,0,0,0,0,0,0,0,0,0,0,0,0,0,0,0,0,0,0,0,0,0,0,0,0,0,0,0,0,0,0,0,0,0,0,0,0,0,0,0,0,0,0,0,0,0,0,0,0,0,0,0,0,0,0,0,0,0,0,0,0,0,0,0,0,0,0,0,0,0,0,0,0,0,0,0,0,0,0,0,0,0,0,0,0,0,0,0,0,0,0,0,0,0,0,0,0,0,0,0,0,0,0,0,0,0,0,0,0,0,0,0,0,0,0,0,0,0,0,0,0,0,0,0,0,0,0,0,0,0,0,0,0,0,0,0,0,0,0,0,0,0,0,0,0,0,0,0,0,0,0,0,0,0,0,0,0,0,0,0,0,0,0,0,0,0,0,0,0,0,0,0,0,0,0,0,0,0,0,0,0,0,0,0,0,0,0,0,0,0,0,0,0,0,0,0,0,0,0,0,0,0,0,0,0,0,0,0,0,
0,0,0,0,0,0,0,0,0,0,0,0,0,0,0,0,0,0,0,0,0,0,0,0,0,0,0,0,0,0,0,0,0,0,0,0,0,0,0,0,0,0,0,0,0,0,0,0,0,0,0,0,0,0,0,0,0,0,0,0,0,0,0,0,0,0,0,0,0,0,0,0,0,0,0,0,0,0,0,0,0,0,0,0,0,0,0,0,0,0,0,0,0,0,0,0,0,0,0,0,0,0,0,0,0,0,0,0,0,0,0,0,0,0,0,0,0,0,0,0,0,0,0,0,0,0,0,0,0,0,0,0,0,0,0,0,0,0,0,0,0,0,0,0,0,0,0,0,0,0,0,0,0,0,0,0,0,0,0,0,0,0,0,0,0,0,0,0,0,0,0,0,0,0,0,0,0,0,0,0,0,0,0,0,0,0,0,0,0,0,0,0,0,0,0,0,0,0,0,0,0,0,0,0,0,0,0,0,0,0,0,0,0,0,0,0,0,0,0,0,0,0,0,0,0,0,0,0,0,0,0,0,0,0,0,0,0,0,0,0,0,0,0,0,0,0,0,0,0,0,0,0,0,0,0,0,
0,0,0,0,0,0,0,0,0,0,0,0,0,0,0,0,0,0,0,0,0,0,0,0,0,0,0,0,0,0,0,0,0,0,0,0,0,0,0,0,0,0,0,0,0,0,0,0,0,0,0,0,0,0,0,0,0,0,0,0,0,0,0,0,0,0,0,0,0,0,0,0,0,0,0,0,0,0,0,0,0,0,0,0,0,0,0,0,0,0,0,0,0,0,0,0,0,0,0,0,0,0,0,0,0,0,0,0,0,0,0,0,0,0,0,0,0,0,0,0,0,0,0,0,0,0,0,0,0,0,0,0,0,0,0,0,0,0,0,0,0,0,0,0,0,0,0,0,0,0,0,0,0,0,0,0,0,0,0,0,0,0,0,0,0,0,0,0,0,0,0,0,0,0,0,0,0,0,0,0,0,0,0,0,0,0,0,0,0,0,0,0,0,0,0,0,0,0,0,0,0,0,0,0,0,0,0,0,0,0,0,0,0,0,0,0,0,0,0,0,0,0,0,0,0,0,0,0,0,0,0,0,0,0,0,0,0,0,0,0,0,0,0,0,0,0,0,0,0,0,0,0,0,0,0,0,
0,0,0,0,0,0,0,0,0,0,0,0,0,0,0,0,0,0,0,0,0,0,0,0,0,0,0,0,0,0,0,0,0,0,0,0,0,0,0,0,0,0,0,0,0,0,0,0,0,0,0,0,0,0,0,0,0,0,0,0,0,0,0,0,0,0,0,0,0,0,0,0,0,0,0,0,0,0,0,0,0,0,0,0,0,0,0,0,0,0,0,0,0,0,0,0,0,0,0,0,0,0,0,0,0,0,0,0,0,0,0,0,0,0,0,0,0,0,0,0,0,0,0,0,0,0,0,0,0,0,0,0,0,0,0,0,0,0,0,0,0,0,0,0,0,0,0,0,0,0,0,0,0,0,0,0,0,0,0,0,0,0,0,0,0,0,0,0,0,0,0,0,0,0,0,0,0,0,0,0,0,0,0,0,0,0,0,0,0,0,0,0,0,0,0,0,0,0,0,0,0,0,0,0,0,0,0,0,0,0,0,0,0,0,0,0,0,0,0,0,0,0,0,0,0,0,0,0,0,0,0,0,0,0,0,0,0,0,0,0,0,0,0,0,0,0,0,0,0,0,0,0,0,0,0,0,
0,0,0,0,0,0,0,0,0,0,0,0,0,0,0,0,0,0,0,0,0,0,0,0,0,0,0,0,0,0,0,0,0,0,0,0,0,0,0,0,0,0,0,0,0,0,0,0,0,0,0,0,0,0,0,0,0,0,0,0,0,0,0,0,0,0,0,0,0,0,0,0,0,0,0,0,0,0,0,0,0,0,0,0,0,0,0,0,0,0,0,0,0,0,0,0,0,0,0,0,0,0,0,0,0,0,0,0,0,0,0,0,0,0,0,0,0,0,0,0,0,0,0,0,0,0,0,0,0,0,0,0,0,0,0,0,0,0,0,0,0,0,0,0,0,0,0,0,0,0,0,0,0,0,0,0,0,0,0,0,0,0,0,0,0,0,0,0,0,0,0,0,0,0,0,0,0,0,0,0,0,0,0,0,0,0,0,0,0,0,0,0,0,0,0,0,0,0,0,0,0,0,0,0,0,0,0,0,0,0,0,0,0,0,0,0,0,0,0,0,0,0,0,0,0,0,0,0,0,0,0,0,0,0,0,0,0,0,0,0,0,0,0,0,0,0,0,0,0,0,0,0,0,0,0,0,
0,0,0,0,0,0,0,0,0,0,0,0,0,0,0,0,0,0,0,0,0,0,0,0,0,0,0,0,0,0,0,0,0,0,0,0,0,0,0,0,0,0,0,0,0,0,0,0,0,0,0,0,0,0,0,0,0,0,0,0,0,0,0,0,0,0,0,0,0,0,0,0,0,0,0,0,0,0,0,0,0,0,0,0,0,0,0,0,0,0,0,0,0,0,0,0,0,0,0,0,0,0,0,0,0,0,0,0,0,0,0,0,0,0,0,0,0,0,0,0,0,0,0,0,0,0,0,0,0,0,0,0,0,0,0,0,0,0,0,0,0,0,0,0,0,0,0,0,0,0,0,0,0,0,0,0,0,0,0,0,0,0,0,0,0,0,0,0,0,0,0,0,0,0,0,0,0,0,0,0,0,0,0,0,0,0,0,0,0,0,0,0,0,0,0,0,0,0,0,0,0,0,0,0,0,0,0,0,0,0,0,0,0,0,0,0,0,0,0,0,0,0,0,0,0,0,0,0,0,0,0,0,0,0,0,0,0,0,0,0,0,0,0,0,0,0,0,0,0,0,0,0,0,0,0,0,
0,0,0,0,0,0,0,0,0,0,0,0,0,0,0,0,0,0,0,0,0,0,0,0,0,0,0,0,0,0,0,0,0,0,0,0,0,0,0,0,0,0,0,0,0,0,0,0,0,0,0,0,0,0,0,0,0,0,0,0,0,0,0,0,0,0,0,0,0,0,0,0,0,0,0,0,0,0,0,0,0,0,0,0,0,0,0,0,0,0,0,0,0,0,0,0,0,0,0,0,0,0,0,0,0,0,0,0,0,0,0,0,0,0,0,0,0,0,0,0,0,0,0,0,0,0,0,0,0,0,0,0,0,0,0,0,0,0,0,0,0,0,0,0,0,0,0,0,0,0,0,0,0,0,0,0,0,0,0,0,0,0,0,0,0,0,0,0,0,0,0,0,0,0,0,0,0,0,0,0,0,0,0,0,0,0,0,0,0,0,0,0,0,0,0,0,0,0,0,0,0,0,0,0,0,0,0,0,0,0,0,0,0,0,0,0,0,0,0,0,0,0,0,0,0,0,0,0,0,0,0,0,0,0,0,0,0,0,0,0,0,0,0,0,0,0,0,0,0,0,0,0,0,0,0,0,
0,0,0,0,0,0,0,0,0,0,0,0,0,0,0,0,0,0,0,0,0,0,0,0,0,0,0,0,0,0,0,0,0,0,0,0,0,0,0,0,0,0,0,0,0,0,0,0,0,0,0,0,0,0,0,0,0,0,0,0,0,0,0,0,0,0,0,0,0,0,0,0,0,0,0,0,0,0,0,0,0,0,0,0,0,0,0,0,0,0,0,0,0,0,0,0,0,0,0,0,0,0,0,0,0,0,0,0,0,0,0,0,0,0,0,0,0,0,0,0,0,0,0,0,0,0,0,0,0,0,0,0,0,0,0,0,0,0,0,0,0,0,0,0,0,0,0,0,0,0,0,0,0,0,0,0,0,0,0,0,0,0,0,0,0,0,0,0,0,0,0,0,0,0,0,0,0,0,0,0,0,0,0,0,0,0,0,0,0,0,0,0,0,0,0,0,0,0,0,0,0,0,0,0,0,0,0,0,0,0,0,0,0,0,0,0,0,0,0,0,0,0,0,0,0,0,0,0,0,0,0,0,0,0,0,0,0,0,0,0,0,0,0,0,0,0,0,0,0,0,0,0,0,0,0,0,
0,0,0,0,0,0,0,0,0,0,0,0,0,0,0,0,0,0,0,0,0,0,0,0,0,0,0,0,0,0,0,0,0,0,0,0,0,0,0,0,0,0,0,0,0,0,0,0,0,0,0,0,0,0,0,0,0,0,0,0,0,0,0,0,0,0,0,0,0,0,0,0,0,0,0,0,0,0,0,0,0,0,0,0,0,0,0,0,0,0,0,0,0,0,0,0,0,0,0,0,0,0,0,0,0,0,0,0,0,0,0,0,0,0,0,0,0,0,0,0,0,0,0,0,0,0,0,0,0,0,0,0,0,0,0,0,0,0,0,0,0,0,0,0,0,0,0,0,0,0,0,0,0,0,0,0,0,0,0,0,0,0,0,0,0,0,0,0,0,0,0,0,0,0,0,0,0,0,0,0,0,0,0,0,0,0,0,0,0,0,0,0,0,0,0,0,0,0,0,0,0,0,0,0,0,0,0,0,0,0,0,0,0,0,0,0,0,0,0,0,0,0,0,0,0,0,0,0,0,0,0,0,0,0,0,0,0,0,0,0,0,0,0,0,0,0,0,0,0,0,0,0,0,0,0,0,
0,0,0,0,0,0,0,0,0,0,0,0,0,0,0,0,0,0,0,0,0,0,0,0,0,0,0,0,0,0,0,0,0,0,0,0,0,0,0,0,0,0,0,0,0,0,0,0,0,0,0,0,0,0,0,0,0,0,0,0,0,0,0,0,0,0,0,0,0,0,0,0,0,0,0,0,0,0,0,0,0,0,0,0,0,0,0,0,0,0,0,0,0,0,0,0,0,0,0,0,0,0,0,0,0,0,0,0,0,0,0,0,0,0,0,0,0,0,0,0,0,0,0,0,0,0,0,0,0,0,0,0,0,0,0,0,0,0,0,0,0,0,0,0,0,0,0,0,0,0,0,0,0,0,0,0,0,0,0,0,0,0,0,0,0,0,0,0,0,0,0,0,0,0,0,0,0,0,0,0,0,0,0,0,0,0,0,0,0,0,0,0,0,0,0,0,0,0,0,0,0,0,0,0,0,0,0,0,0,0,0,0,0,0,0,0,0,0,0,0,0,0,0,0,0,0,0,0,0,0,0,0,0,0,0,0,0,0,0,0,0,0,0,0,0,0,0,0,0,0,0,0,0,0,0,0,
0,0,0,0,0,0,0,0,0,0,0,0,0,0,0,0,0,0,0,0,0,0,0,0,0,0,0,0,0,0,0,0,0,0,0,0,0,0,0,0,0,0,0,0,0,0,0,0,0,0,0,0,0,0,0,0,0,0,0,0,0,0,0,0,0,0,0,0,0,0,0,0,0,0,0,0,0,0,0,0,0,0,0,0,0,0,0,0,0,0,0,0,0,0,0,0,0,0,0,0,0,0,0,0,0,0,0,0,0,0,0,0,0,0,0,0,0,0,0,0,0,0,0,0,0,0,0,0,0,0,0,0,0,0,0,0,0,0,0,0,0,0,0,0,0,0,0,0,0,0,0,0,0,0,0,0,0,0,0,0,0,0,0,0,0,0,0,0,0,0,0,0,0,0,0,0,0,0,0,0,0,0,0,0,0,0,0,0,0,0,0,0,0,0,0,0,0,0,0,0,0,0,0,0,0,0,0,0,0,0,0,0,0,0,0,0,0,0,0,0,0,0,0,0,0,0,0,0,0,0,0,0,0,0,0,0,0,0,0,0,0,0,0,0,0,0,0,0,0,0,0,0,0,0,0,0,
0,0,0,0,0,0,0,0,0,0,0,0,0,0,0,0,0,0,0,0,0,0,0,0,0,0,0,0,0,0,0,0,0,0,0,0,0,0,0,0,0,0,0,0,0,0,0,0,0,0,0,0,0,0,0,0,0,0,0,0,0,0,0,0,0,0,0,0,0,0,0,0,0,0,0,0,0,0,0,0,0,0,0,0,0,0,0,0,0,0,0,0,0,0,0,0,0,0,0,0,0,0,0,0,0,0,0,0,0,0,0,0,0,0,0,0,0,0,0,0,0,0,0,0,0,0,0,0,0,0,0,0,0,0,0,0,0,0,0,0,0,0,0,0,0,0,0,0,0,0,0,0,0,0,0,0,0,0,0,0,0,0,0,0,0,0,0,0,0,0,0,0,0,0,0,0,0,0,0,0,0,0,0,0,0,0,0,0,0,0,0,0,0,0,0,0,0,0,0,0,0,0,0,0,0,0,0,0,0,0,0,0,0,0,0,0,0,0,0,0,0,0,0,0,0,0,0,0,0,0,0,0,0,0,0,0,0,0,0,0,0,0,0,0,0,0,0,0,0,0,0,0,0,0,0,0,
0,0,0,0,0,0,0,0,0,0,0,0,0,0,0,0,0,0,0,0,0,0,0,0,0,0,0,0,0,0,0,0,0,0,0,0,0,0,0,0,0,0,0,0,0,0,0,0,0,0,0,0,0,0,0,0,0,0,0,0,0,0,0,0,0,0,0,0,0,0,0,0,0,0,0,0,0,0,0,0,0,0,0,0,0,0,0,0,0,0,0,0,0,0,0,0,0,0,0,0,0,0,0,0,0,0,0,0,0,0,0,0,0,0,0,0,0,0,0,0,0,0,0,0,0,0,0,0,0,0,0,0,0,0,0,0,0,0,0,0,0,0,0,0,0,0,0,0,0,0,0,0,0,0,0,0,0,0,0,0,0,0,0,0,0,0,0,0,0,0,0,0,0,0,0,0,0,0,0,0,0,0,0,0,0,0,0,0,0,0,0,0,0,0,0,0,0,0,0,0,0,0,0,0,0,0,0,0,0,0,0,0,0,0,0,0,0,0,0,0,0,0,0,0,0,0,0,0,0,0,0,0,0,0,0,0,0,0,0,0,0,0,0,0,0,0,0,0,0,0,0,0,0,0,0,0,
0,0,0,0,0,0,0,0,0,0,0,0,0,0,0,0,0,0,0,0,0,0,0,0,0,0,0,0,0,0,0,0,0,0,0,0,0,0,0,0,0,0,0,0,0,0,0,0,0,0,0,0,0,0,0,0,0,0,0,0,0,0,0,0,0,0,0,0,0,0,0,0,0,0,0,0,0,0,0,0,0,0,0,0,0,0,0,0,0,0,0,0,0,0,0,0,0,0,0,0,0,0,0,0,0,0,0,0,0,0,0,0,0,0,0,0,0,0,0,0,0,0,0,0,0,0,0,0,0,0,0,0,0,0,0,0,0,0,0,0,0,0,0,0,0,0,0,0,0,0,0,0,0,0,0,0,0,0,0,0,0,0,0,0,0,0,0,0,0,0,0,0,0,0,0,0,0,0,0,0,0,0,0,0,0,0,0,0,0,0,0,0,0,0,0,0,0,0,0,0,0,0,0,0,0,0,0,0,0,0,0,0,0,0,0,0,0,0,0,0,0,0,0,0,0,0,0,0,0,0,0,0,0,0,0,0,0,0,0,0,0,0,0,0,0,0,0,0,0,0,0,0,0,0,0,0,
0,0,0,0,0,0,0,0,0,0,0,0,0,0,0,0,0,0,0,0,0,0,0,0,0,0,0,0,0,0,0,0,0,0,0,0,0,0,0,0,0,0,0,0,0,0,0,0,0,0,0,0,0,0,0,0,0,0,0,0,0,0,0,0,0,0,0,0,0,0,0,0,0,0,0,0,0,0,0,0,0,0,0,0,0,0,0,0,0,0,0,0,0,0,0,0,0,0,0,0,0,0,0,0,0,0,0,0,0,0,0,0,0,0,0,0,0,0,0,0,0,0,0,0,0,0,0,0,0,0,0,0,0,0,0,0,0,0,0,0,0,0,0,0,0,0,0,0,0,0,0,0,0,0,0,0,0,0,0,0,0,0,0,0,0,0,0,0,0,0,0,0,0,0,0,0,0,0,0,0,0,0,0,0,0,0,0,0,0,0,0,0,0,0,0,0,0,0,0,0,0,0,0,0,0,0,0,0,0,0,0,0,0,0,0,0,0,0,0,0,0,0,0,0,0,0,0,0,0,0,0,0,0,0,0,0,0,0,0,0,0,0,0,0,0,0,0,0,0,0,0,0,0,0,0,0,
0,0,0,0,0,0,0,0,0,0,0,0,0,0,0,0,0,0,0,0,0,0,0,0,0,0,0,0,0,0,0,0,0,0,0,0,0,0,0,0,0,0,0,0,0,0,0,0,0,0,0,0,0,0,0,0,0,0,0,0,0,0,0,0,0,0,0,0,0,0,0,0,0,0,0,0,0,0,0,0,0,0,0,0,0,0,0,0,0,0,0,0,0,0,0,0,0,0,0,0,0,0,0,0,0,0,0,0,0,0,0,0,0,0,0,0,0,0,0,0,0,0,0,0,0,0,0,0,0,0,0,0,0,0,0,0,0,0,0,0,0,0,0,0,0,0,0,0,0,0,0,0,0,0,0,0,0,0,0,0,0,0,0,0,0,0,0,0,0,0,0,0,0,0,0,0,0,0,0,0,0,0,0,0,0,0,0,0,0,0,0,0,0,0,0,0,0,0,0,0,0,0,0,0,0,0,0,0,0,0,0,0,0,0,0,0,0,0,0,0,0,0,0,0,0,0,0,0,0,0,0,0,0,0,0,0,0,0,0,0,0,0,0,0,0,0,0,0,0,0,0,0,0,0,0,0,
0,0,0,0,0,0,0,0,0,0,0,0,0,0,0,0,0,0,0,0,0,0,0,0,0,0,0,0,0,0,0,0,0,0,0,0,0,0,0,0,0,0,0,0,0,0,0,0,0,0,0,0,0,0,0,0,0,0,0,0,0,0,0,0,0,0,0,0,0,0,0,0,0,0,0,0,0,0,0,0,0,0,0,0,0,0,0,0,0,0,0,0,0,0,0,0,0,0,0,0,0,0,0,0,0,0,0,0,0,0,0,0,0,0,0,0,0,0,0,0,0,0,0,0,0,0,0,0,0,0,0,0,0,0,0,0,0,0,0,0,0,0,0,0,0,0,0,0,0,0,0,0,0,0,0,0,0,0,0,0,0,0,0,0,0,0,0,0,0,0,0,0,0,0,0,0,0,0,0,0,0,0,0,0,0,0,0,0,0,0,0,0,0,0,0,0,0,0,0,0,0,0,0,0,0,0,0,0,0,0,0,0,0,0,0,0,0,0,0,0,0,0,0,0,0,0,0,0,0,0,0,0,0,0,0,0,0,0,0,0,0,0,0,0,0,0,0,0,0,0,0,0,0,0,0,0,
0,0,0,0,0,0,0,0,0,0,0,0,0,0,0,0,0,0,0,0,0,0,0,0,0,0,0,0,0,0,0,0,0,0,0,0,0,0,0,0,0,0,0,0,0,0,0,0,0,0,0,0,0,0,0,0,0,0,0,0,0,0,0,0,0,0,0,0,0,0,0,0,0,0,0,0,0,0,0,0,0,0,0,0,0,0,0,0,0,0,0,0,0,0,0,0,0,0,0,0,0,0,0,0,0,0,0,0,0,0,0,0,0,0,0,0,0,0,0,0,0,0,0,0,0,0,0,0,0,0,0,0,0,0,0,0,0,0,0,0,0,0,0,0,0,0,0,0,0,0,0,0,0,0,0,0,0,0,0,0,0,0,0,0,0,0,0,0,0,0,0,0,0,0,0,0,0,0,0,0,0,0,0,0,0,0,0,0,0,0,0,0,0,0,0,0,0,0,0,0,0,0,0,0,0,0,0,0,0,0,0,0,0,0,0,0,0,0,0,0,0,0,0,0,0,0,0,0,0,0,0,0,0,0,0,0,0,0,0,0,0,0,0,0,0,0,0,0,0,0,0,0,0,0,0,0,
0,0,0,0,0,0,0,0,0,0,0,0,0,0,0,0,0,0,0,0,0,0,0,0,0,0,0,0,0,0,0,0,0,0,0,0,0,0,0,0,0,0,0,0,0,0,0,0,0,0,0,0,0,0,0,0,0,0,0,0,0,0,0,0,0,0,0,0,0,0,0,0,0,0,0,0,0,0,0,0,0,0,0,0,0,0,0,0,0,0,0,0,0,0,0,0,0,0,0,0,0,0,0,0,0,0,0,0,0,0,0,0,0,0,0,0,0,0,0,0,0,0,0,0,0,0,0,0,0,0,0,0,0,0,0,0,0,0,0,0,0,0,0,0,0,0,0,0,0,0,0,0,0,0,0,0,0,0,0,0,0,0,0,0,0,0,0,0,0,0,0,0,0,0,0,0,0,0,0,0,0,0,0,0,0,0,0,0,0,0,0,0,0,0,0,0,0,0,0,0,0,0,0,0,0,0,0,0,0,0,0,0,0,0,0,0,0,0,0,0,0,0,0,0,0,0,0,0,0,0,0,0,0,0,0,0,0,0,0,0,0,0,0,0,0,0,0,0,0,0,0,0,0,0,0,0,
0,0,0,0,0,0,0,0,0,0,0,0,0,0,0,0,0,0,0,0,0,0,0,0,0,0,0,0,0,0,0,0,0,0,0,0,0,0,0,0,0,0,0,0,0,0,0,0,0,0,0,0,0,0,0,0,0,0,0,0,0,0,0,0,0,0,0,0,0,0,0,0,0,0,0,0,0,0,0,0,0,0,0,0,0,0,0,0,0,0,0,0,0,0,0,0,0,0,0,0,0,0,0,0,0,0,0,0,0,0,0,0,0,0,0,0,0,0,0,0,0,0,0,0,0,0,0,0,0,0,0,0,0,0,0,0,0,0,0,0,0,0,0,0,0,0,0,0,0,0,0,0,0,0,0,0,0,0,0,0,0,0,0,0,0,0,0,0,0,0,0,0,0,0,0,0,0,0,0,0,0,0,0,0,0,0,0,0,0,0,0,0,0,0,0,0,0,0,0,0,0,0,0,0,0,0,0,0,0,0,0,0,0,0,0,0,0,0,0,0,0,0,0,0,0,0,0,0,0,0,0,0,0,0,0,0,0,0,0,0,0,0,0,0,0,0,0,0,0,0,0,0,0,0,0,0,
0,0,0,0,0,0,0,0,0,0,0,0,0,0,0,0,0,0,0,0,0,0,0,0,0,0,0,0,0,0,0,0,0,0,0,0,0,0,0,0,0,0,0,0,0,0,0,0,0,0,0,0,0,0,0,0,0,0,0,0,0,0,0,0,0,0,0,0,0,0,0,0,0,0,0,0,0,0,0,0,0,0,0,0,0,0,0,0,0,0,0,0,0,0,0,0,0,0,0,0,0,0,0,0,0,0,0,0,0,0,0,0,0,0,0,0,0,0,0,0,0,0,0,0,0,0,0,0,0,0,0,0,0,0,0,0,0,0,0,0,0,0,0,0,0,0,0,0,0,0,0,0,0,0,0,0,0,0,0,0,0,0,0,0,0,0,0,0,0,0,0,0,0,0,0,0,0,0,0,0,0,0,0,0,0,0,0,0,0,0,0,0,0,0,0,0,0,0,0,0,0,0,0,0,0,0,0,0,0,0,0,0,0,0,0,0,0,0,0,0,0,0,0,0,0,0,0,0,0,0,0,0,0,0,0,0,0,0,0,0,0,0,0,0,0,0,0,0,0,0,0,0,0,0,0,0,
0,0,0,0,0,0,0,0,0,0,0,0,0,0,0,0,0,0,0,0,0,0,0,0,0,0,0,0,0,0,0,0,0,0,0,0,0,0,0,0,0,0,0,0,0,0,0,0,0,0,0,0,0,0,0,0,0,0,0,0,0,0,0,0,0,0,0,0,0,0,0,0,0,0,0,0,0,0,0,0,0,0,0,0,0,0,0,0,0,0,0,0,0,0,0,0,0,0,0,0,0,0,0,0,0,0,0,0,0,0,0,0,0,0,0,0,0,0,0,0,0,0,0,0,0,0,0,0,0,0,0,0,0,0,0,0,0,0,0,0,0,0,0,0,0,0,0,0,0,0,0,0,0,0,0,0,0,0,0,0,0,0,0,0,0,0,0,0,0,0,0,0,0,0,0,0,0,0,0,0,0,0,0,0,0,0,0,0,0,0,0,0,0,0,0,0,0,0,0,0,0,0,0,0,0,0,0,0,0,0,0,0,0,0,0,0,0,0,0,0,0,0,0,0,0,0,0,0,0,0,0,0,0,0,0,0,0,0,0,0,0,0,0,0,0,0,0,0,0,0,0,0,0,0,0,0,
0,0,0,0,0,0,0,0,0,0,0,0,0,0,0,0,0,0,0,0,0,0,0,0,0,0,0,0,0,0,0,0,0,0,0,0,0,0,0,0,0,0,0,0,0,0,0,0,0,0,0,0,0,0,0,0,0,0,0,0,0,0,0,0,0,0,0,0,0,0,0,0,0,0,0,0,0,0,0,0,0,0,0,0,0,0,0,0,0,0,0,0,0,0,0,0,0,0,0,0,0,0,0,0,0,0,0,0,0,0,0,0,0,0,0,0,0,0,0,0,0,0,0,0,0,0,0,0,0,0,0,0,0,0,0,0,0,0,0,0,0,0,0,0,0,0,0,0,0,0,0,0,0,0,0,0,0,0,0,0,0,0,0,0,0,0,0,0,0,0,0,0,0,0,0,0,0,0,0,0,0,0,0,0,0,0,0,0,0,0,0,0,0,0,0,0,0,0,0,0,0,0,0,0,0,0,0,0,0,0,0,0,0,0,0,0,0,0,0,0,0,0,0,0,0,0,0,0,0,0,0,0,0,0,0,0,0,0,0,0,0,0,0,0,0,0,0,0,0,0,0,0,0,0,0,0,
0,0,0,0,0,0,0,0,0,0,0,0,0,0,0,0,0,0,0,0,0,0,0,0,0,0,0,0,0,0,0,0,0,0,0,0,0,0,0,0,0,0,0,0,0,0,0,0,0,0,0,0,0,0,0,0,0,0,0,0,0,0,0,0,0,0,0,0,0,0,0,0,0,0,0,0,0,0,0,0,0,0,0,0,0,0,0,0,0,0,0,0,0,0,0,0,0,0,0,0,0,0,0,0,0,0,0,0,0,0,0,0,0,0,0,0,0,0,0,0,0,0,0,0,0,0,0,0,0,0,0,0,0,0,0,0,0,0,0,0,0,0,0,0,0,0,0,0,0,0,0,0,0,0,0,0,0,0,0,0,0,0,0,0,0,0,0,0,0,0,0,0,0,0,0,0,0,0,0,0,0,0,0,0,0,0,0,0,0,0,0,0,0,0,0,0,0,0,0,0,0,0,0,0,0,0,0,0,0,0,0,0,0,0,0,0,0,0,0,0,0,0,0,0,0,0,0,0,0,0,0,0,0,0,0,0,0,0,0,0,0,0,0,0,0,0,0,0,0,0,0,0,0,0,0,0,
0,0,0,0,0,0,0,0,0,0,0,0,0,0,0,0,0,0,0,0,0,0,0,0,0,0,0,0,0,0,0,0,0,0,0,0,0,0,0,0,0,0,0,0,0,0,0,0,0,0,0,0,0,0,0,0,0,0,0,0,0,0,0,0,0,0,0,0,0,0,0,0,0,0,0,0,0,0,0,0,0,0,0,0,0,0,0,0,0,0,0,0,0,0,0,0,0,0,0,0,0,0,0,0,0,0,0,0,0,0,0,0,0,0,0,0,0,0,0,0,0,0,0,0,0,0,0,0,0,0,0,0,0,0,0,0,0,0,0,0,0,0,0,0,0,0,0,0,0,0,0,0,0,0,0,0,0,0,0,0,0,0,0,0,0,0,0,0,0,0,0,0,0,0,0,0,0,0,0,0,0,0,0,0,0,0,0,0,0,0,0,0,0,0,0,0,0,0,0,0,0,0,0,0,0,0,0,0,0,0,0,0,0,0,0,0,0,0,0,0,0,0,0,0,0,0,0,0,0,0,0,0,0,0,0,0,0,0,0,0,0,0,0,0,0,0,0,0,0,0,0,0,0,0,0,0,
0,0,0,0,0,0,0,0,0,0,0,0,0,0,0,0,0,0,0,0,0,0,0,0,0,0,0,0,0,0,0,0,0,0,0,0,0,0,0,0,0,0,0,0,0,0,0,0,0,0,0,0,0,0,0,0,0,0,0,0,0,0,0,0,0,0,0,0,0,0,0,0,0,0,0,0,0,0,0,0,0,0,0,0,0,0,0,0,0,0,0,0,0,0,0,0,0,0,0,0,0,0,0,0,0,0,0,0,0,0,0,0,0,0,0,0,0,0,0,0,0,0,0,0,0,0,0,0,0,0,0,0,0,0,0,0,0,0,0,0,0,0,0,0,0,0,0,0,0,0,0,0,0,0,0,0,0,0,0,0,0,0,0,0,0,0,0,0,0,0,0,0,0,0,0,0,0,0,0,0,0,0,0,0,0,0,0,0,0,0,0,0,0,0,0,0,0,0,0,0,0,0,0,0,0,0,0,0,0,0,0,0,0,0,0,0,0,0,0,0,0,0,0,0,0,0,0,0,0,0,0,0,0,0,0,0,0,0,0,0,0,0,0,0,0,0,0,0,0,0,0,0,0,0,0,0,
0,0,0,0,0,0,0,0,0,0,0,0,0,0,0,0,0,0,0,0,0,0,0,0,0,0,0,0,0,0,0,0,0,0,0,0,0,0,0,0,0,0,0,0,0,0,0,0,0,0,0,0,0,0,0,0,0,0,0,0,0,0,0,0,0,0,0,0,0,0,0,0,0,0,0,0,0,0,0,0,0,0,0,0,0,0,0,0,0,0,0,0,0,0,0,0,0,0,0,0,0,0,0,0,0,0,0,0,0,0,0,0,0,0,0,0,0,0,0,0,0,0,0,0,0,0,0,0,0,0,0,0,0,0,0,0,0,0,0,0,0,0,0,0,0,0,0,0,0,0,0,0,0,0,0,0,0,0,0,0,0,0,0,0,0,0,0,0,0,0,0,0,0,0,0,0,0,0,0,0,0,0,0,0,0,0,0,0,0,0,0,0,0,0,0,0,0,0,0,0,0,0,0,0,0,0,0,0,0,0,0,0,0,0,0,0,0,0,0,0,0,0,0,0,0,0,0,0,0,0,0,0,0,0,0,0,0,0,0,0,0,0,0,0,0,0,0,0,0,0,0,0,0,0,0,0,
0,0,0,0,0,0,0,0,0,0,0,0,0,0,0,0,0,0,0,0,0,0,0,0,0,0,0,0,0,0,0,0,0,0,0,0,0,0,0,0,0,0,0,0,0,0,0,0,0,0,0,0,0,0,0,0,0,0,0,0,0,0,0,0,0,0,0,0,0,0,0,0,0,0,0,0,0,0,0,0,0,0,0,0,0,0,0,0,0,0,0,0,0,0,0,0,0,0,0,0,0,0,0,0,0,0,0,0,0,0,0,0,0,0,0,0,0,0,0,0,0,0,0,0,0,0,0,0,0,0,0,0,0,0,0,0,0,0,0,0,0,0,0,0,0,0,0,0,0,0,0,0,0,0,0,0,0,0,0,0,0,0,0,0,0,0,0,0,0,0,0,0,0,0,0,0,0,0,0,0,0,0,0,0,0,0,0,0,0,0,0,0,0,0,0,0,0,0,0,0,0,0,0,0,0,0,0,0,0,0,0,0,0,0,0,0,0,0,0,0,0,0,0,0,0,0,0,0,0,0,0,0,0,0,0,0,0,0,0,0,0,0,0,0,0,0,0,0,0,0,0,0,0,0,0,0,
0,0,0,0,0,0,0,0,0,0,0,0,0,0,0,0,0,0,0,0,0,0,0,0,0,0,0,0,0,0,0,0,0,0,0,0,0,0,0,0,0,0,0,0,0,0,0,0,0,0,0,0,0,0,0,0,0,0,0,0,0,0,0,0,0,0,0,0,0,0,0,0,0,0,0,0,0,0,0,0,0,0,0,0,0,0,0,0,0,0,0,0,0,0,0,0,0,0,0,0,0,0,0,0,0,0,0,0,0,0,0,0,0,0,0,0,0,0,0,0,0,0,0,0,0,0,0,0,0,0,0,0,0,0,0,0,0,0,0,0,0,0,0,0,0,0,0,0,0,0,0,0,0,0,0,0,0,0,0,0,0,0,0,0,0,0,0,0,0,0,0,0,0,0,0,0,0,0,0,0,0,0,0,0,0,0,0,0,0,0,0,0,0,0,0,0,0,0,0,0,0,0,0,0,0,0,0,0,0,0,0,0,0,0,0,0,0,0,0,0,0,0,0,0,0,0,0,0,0,0,0,0,0,0,0,0,0,0,0,0,0,0,0,0,0,0,0,0,0,0,0,0,0,0,0,0,
0,0,0,0,0,0,0,0,0,0,0,0,0,0,0,0,0,0,0,0,0,0,0,0,0,0,0,0,0,0,0,0,0,0,0,0,0,0,0,0,0,0,0,0,0,0,0,0,0,0,0,0,0,0,0,0,0,0,0,0,0,0,0,0,0,0,0,0,0,0,0,0,0,0,0,0,0,0,0,0,0,0,0,0,0,0,0,0,0,0,0,0,0,0,0,0,0,0,0,0,0,0,0,0,0,0,0,0,0,0,0,0,0,0,0,0,0,0,0,0,0,0,0,0,0,0,0,0,0,0,0,0,0,0,0,0,0,0,0,0,0,0,0,0,0,0,0,0,0,0,0,0,0,0,0,0,0,0,0,0,0,0,0,0,0,0,0,0,0,0,0,0,0,0,0,0,0,0,0,0,0,0,0,0,0,0,0,0,0,0,0,0,0,0,0,0,0,0,0,0,0,0,0,0,0,0,0,0,0,0,0,0,0,0,0,0,0,0,0,0,0,0,0,0,0,0,0,0,0,0,0,0,0,0,0,0,0,0,0,0,0,0,0,0,0,0,0,0,0,0,0,0,0,0,0,0,
0,0,0,0,0,0,0,0,0,0,0,0,0,0,0,0,0,0,0,0,0,0,0,0,0,0,0,0,0,0,0,0,0,0,0,0,0,0,0,0,0,0,0,0,0,0,0,0,0,0,0,0,0,0,0,0,0,0,0,0,0,0,0,0,0,0,0,0,0,0,0,0,0,0,0,0,0,0,0,0,0,0,0,0,0,0,0,0,0,0,0,0,0,0,0,0,0,0,0,0,0,0,0,0,0,0,0,0,0,0,0,0,0,0,0,0,0,0,0,0,0,0,0,0,0,0,0,0,0,0,0,0,0,0,0,0,0,0,0,0,0,0,0,0,0,0,0,0,0,0,0,0,0,0,0,0,0,0,0,0,0,0,0,0,0,0,0,0,0,0,0,0,0,0,0,0,0,0,0,0,0,0,0,0,0,0,0,0,0,0,0,0,0,0,0,0,0,0,0,0,0,0,0,0,0,0,0,0,0,0,0,0,0,0,0,0,0,0,0,0,0,0,0,0,0,0,0,0,0,0,0,0,0,0,0,0,0,0,0,0,0,0,0,0,0,0,0,0,0,0,0,0,0,0,0,0,
0,0,0,0,0,0,0,0,0,0,0,0,0,0,0,0,0,0,0,0,0,0,0,0,0,0,0,0,0,0,0,0,0,0,0,0,0,0,0,0,0,0,0,0,0,0,0,0,0,0,0,0,0,0,0,0,0,0,0,0,0,0,0,0,0,0,0,0,0,0,0,0,0,0,0,0,0,0,0,0,0,0,0,0,0,0,0,0,0,0,0,0,0,0,0,0,0,0,0,0,0,0,0,0,0,0,0,0,0,0,0,0,0,0,0,0,0,0,0,0,0,0,0,0,0,0,0,0,0,0,0,0,0,0,0,0,0,0,0,0,0,0,0,0,0,0,0,0,0,0,0,0,0,0,0,0,0,0,0,0,0,0,0,0,0,0,0,0,0,0,0,0,0,0,0,0,0,0,0,0,0,0,0,0,0,0,0,0,0,0,0,0,0,0,0,0,0,0,0,0,0,0,0,0,0,0,0,0,0,0,0,0,0,0,0,0,0,0,0,0,0,0,0,0,0,0,0,0,0,0,0,0,0,0,0,0,0,0,0,0,0,0,0,0,0,0,0,0,0,0,0,0,0,0,0,0,
0,0,0,0,0,0,0,0,0,0,0,0,0,0,0,0,0,0,0,0,0,0,0,0,0,0,0,0,0,0,0,0,0,0,0,0,0,0,0,0,0,0,0,0,0,0,0,0,0,0,0,0,0,0,0,0,0,0,0,0,0,0,0,0,0,0,0,0,0,0,0,0,0,0,0,0,0,0,0,0,0,0,0,0,0,0,0,0,0,0,0,0,0,0,0,0,0,0,0,0,0,0,0,0,0,0,0,0,0,0,0,0,0,0,0,0,0,0,0,0,0,0,0,0,0,0,0,0,0,0,0,0,0,0,0,0,0,0,0,0,0,0,0,0,0,0,0,0,0,0,0,0,0,0,0,0,0,0,0,0,0,0,0,0,0,0,0,0,0,0,0,0,0,0,0,0,0,0,0,0,0,0,0,0,0,0,0,0,0,0,0,0,0,0,0,0,0,0,0,0,0,0,0,0,0,0,0,0,0,0,0,0,0,0,0,0,0,0,0,0,0,0,0,0,0,0,0,0,0,0,0,0,0,0,0,0,0,0,0,0,0,0,0,0,0,0,0,0,0,0,0,0,0,0,0,0,
0,0,0,0,0,0,0,0,0,0,0,0,0,0,0,0,0,0,0,0,0,0,0,0,0,0,0,0,0,0,0,0,0,0,0,0,0,0,0,0,0,0,0,0,0,0,0,0,0,0,0,0,0,0,0,0,0,0,0,0,0,0,0,0,0,0,0,0,0,0,0,0,0,0,0,0,0,0,0,0,0,0,0,0,0,0,0,0,0,0,0,0,0,0,0,0,0,0,0,0,0,0,0,0,0,0,0,0,0,0,0,0,0,0,0,0,0,0,0,0,0,0,0,0,0,0,0,0,0,0,0,0,0,0,0,0,0,0,0,0,0,0,0,0,0,0,0,0,0,0,0,0,0,0,0,0,0,0,0,0,0,0,0,0,0,0,0,0,0,0,0,0,0,0,0,0,0,0,0,0,0,0,0,0,0,0,0,0,0,0,0,0,0,0,0,0,0,0,0,0,0,0,0,0,0,0,0,0,0,0,0,0,0,0,0,0,0,0,0,0,0,0,0,0,0,0,0,0,0,0,0,0,0,0,0,0,0,0,0,0,0,0,0,0,0,0,0,0,0,0,0,0,0,0,0,0,
0,0,0,0,0,0,0,0,0,0,0,0,0,0,0,0,0,0,0,0,0,0,0,0,0,0,0,0,0,0,0,0,0,0,0,0,0,0,0,0,0,0,0,0,0,0,0,0,0,0,0,0,0,0,0,0,0,0,0,0,0,0,0,0,0,0,0,0,0,0,0,0,0,0,0,0,0,0,0,0,0,0,0,0,0,0,0,0,0,0,0,0,0,0,0,0,0,0,0,0,0,0,0,0,0,0,0,0,0,0,0,0,0,0,0,0,0,0,0,0,0,0,0,0,0,0,0,0,0,0,0,0,0,0,0,0,0,0,0,0,0,0,0,0,0,0,0,0,0,0,0,0,0,0,0,0,0,0,0,0,0,0,0,0,0,0,0,0,0,0,0,0,0,0,0,0,0,0,0,0,0,0,0,0,0,0,0,0,0,0,0,0,0,0,0,0,0,0,0,0,0,0,0,0,0,0,0,0,0,0,0,0,0,0,0,0,0,0,0,0,0,0,0,0,0,0,0,0,0,0,0,0,0,0,0,0,0,0,0,0,0,0,0,0,0,0,0,0,0,0,0,0,0,0,0,0,
0,0,0,0,0,0,0,0,0,0,0,0,0,0,0,0,0,0,0,0,0,0,0,0,0,0,0,0,0,0,0,0,0,0,0,0,0,0,0,0,0,0,0,0,0,0,0,0,0,0,0,0,0,0,0,0,0,0,0,0,0,0,0,0,0,0,0,0,0,0,0,0,0,0,0,0,0,0,0,0,0,0,0,0,0,0,0,0,0,0,0,0,0,0,0,0,0,0,0,0,0,0,0,0,0,0,0,0,0,0,0,0,0,0,0,0,0,0,0,0,0,0,0,0,0,0,0,0,0,0,0,0,0,0,0,0,0,0,0,0,0,0,0,0,0,0,0,0,0,0,0,0,0,0,0,0,0,0,0,0,0,0,0,0,0,0,0,0,0,0,0,0,0,0,0,0,0,0,0,0,0,0,0,0,0,0,0,0,0,0,0,0,0,0,0,0,0,0,0,0,0,0,0,0,0,0,0,0,0,0,0,0,0,0,0,0,0,0,0,0,0,0,0,0,0,0,0,0,0,0,0,0,0,0,0,0,0,0,0,0,0,0,0,0,0,0,0,0,0,0,0,0,0,0,0,0,
0,0,0,0,0,0,0,0,0,0,0,0,0,0,0,0,0,0,0,0,0,0,0,0,0,0,0,0,0,0,0,0,0,0,0,0,0,0,0,0,0,0,0,0,0,0,0,0,0,0,0,0,0,0,0,0,0,0,0,0,0,0,0,0,0,0,0,0,0,0,0,0,0,0,0,0,0,0,0,0,0,0,0,0,0,0,0,0,0,0,0,0,0,0,0,0,0,0,0,0,0,0,0,0,0,0,0,0,0,0,0,0,0,0,0,0,0,0,0,0,0,0,0,0,0,0,0,0,0,0,0,0,0,0,0,0,0,0,0,0,0,0,0,0,0,0,0,0,0,0,0,0,0,0,0,0,0,0,0,0,0,0,0,0,0,0,0,0,0,0,0,0,0,0,0,0,0,0,0,0,0,0,0,0,0,0,0,0,0,0,0,0,0,0,0,0,0,0,0,0,0,0,0,0,0,0,0,0,0,0,0,0,0,0,0,0,0,0,0,0,0,0,0,0,0,0,0,0,0,0,0,0,0,0,0,0,0,0,0,0,0,0,0,0,0,0,0,0,0,0,0,0,0,0,0,0,
0,0,0,0,0,0,0,0,0,0,0,0,0,0,0,0,0,0,0,0,0,0,0,0,0,0,0,0,0,0,0,0,0,0,0,0,0,0,0,0,0,0,0,0,0,0,0,0,0,0,0,0,0,0,0,0,0,0,0,0,0,0,0,0,0,0,0,0,0,0,0,0,0,0,0,0,0,0,0,0,0,0,0,0,0,0,0,0,0,0,0,0,0,0,0,0,0,0,0,0,0,0,0,0,0,0,0,0,0,0,0,0,0,0,0,0,0,0,0,0,0,0,0,0,0,0,0,0,0,0,0,0,0,0,0,0,0,0,0,0,0,0,0,0,0,0,0,0,0,0,0,0,0,0,0,0,0,0,0,0,0,0,0,0,0,0,0,0,0,0,0,0,0,0,0,0,0,0,0,0,0,0,0,0,0,0,0,0,0,0,0,0,0,0,0,0,0,0,0,0,0,0,0,0,0,0,0,0,0,0,0,0,0,0,0,0,0,0,0,0,0,0,0,0,0,0,0,0,0,0,0,0,0,0,0,0,0,0,0,0,0,0,0,0,0,0,0,0,0,0,0,0,0,0,0,0,
0,0,0,0,0,0,0,0,0,0,0,0,0,0,0,0,0,0,0,0,0,0,0,0,0,0,0,0,0,0,0,0,0,0,0,0,0,0,0,0,0,0,0,0,0,0,0,0,0,0,0,0,0,0,0,0,0,0,0,0,0,0,0,0,0,0,0,0,0,0,0,0,0,0,0,0,0,0,0,0,0,0,0,0,0,0,0,0,0,0,0,0,0,0,0,0,0,0,0,0,0,0,0,0,0,0,0,0,0,0,0,0,0,0,0,0,0,0,0,0,0,0,0,0,0,0,0,0,0,0,0,0,0,0,0,0,0,0,0,0,0,0,0,0,0,0,0,0,0,0,0,0,0,0,0,0,0,0,0,0,0,0,0,0,0,0,0,0,0,0,0,0,0,0,0,0,0,0,0,0,0,0,0,0,0,0,0,0,0,0,0,0,0,0,0,0,0,0,0,0,0,0,0,0,0,0,0,0,0,0,0,0,0,0,0,0,0,0,0,0,0,0,0,0,0,0,0,0,0,0,0,0,0,0,0,0,0,0,0,0,0,0,0,0,0,0,0,0,0,0,0,0,0,0,0,0,
0,0,0,0,0,0,0,0,0,0,0,0,0,0,0,0,0,0,0,0,0,0,0,0,0,0,0,0,0,0,0,0,0,0,0,0,0,0,0,0,0,0,0,0,0,0,0,0,0,0,0,0,0,0,0,0,0,0,0,0,0,0,0,0,0,0,0,0,0,0,0,0,0,0,0,0,0,0,0,0,0,0,0,0,0,0,0,0,0,0,0,0,0,0,0,0,0,0,0,0,0,0,0,0,0,0,0,0,0,0,0,0,0,0,0,0,0,0,0,0,0,0,0,0,0,0,0,0,0,0,0,0,0,0,0,0,0,0,0,0,0,0,0,0,0,0,0,0,0,0,0,0,0,0,0,0,0,0,0,0,0,0,0,0,0,0,0,0,0,0,0,0,0,0,0,0,0,0,0,0,0,0,0,0,0,0,0,0,0,0,0,0,0,0,0,0,0,0,0,0,0,0,0,0,0,0,0,0,0,0,0,0,0,0,0,0,0,0,0,0,0,0,0,0,0,0,0,0,0,0,0,0,0,0,0,0,0,0,0,0,0,0,0,0,0,0,0,0,0,0,0,0,0,0,0,0,
0,0,0,0,0,0,0,0,0,0,0,0,0,0,0,0,0,0,0,0,0,0,0,0,0,0,0,0,0,0,0,0,0,0,0,0,0,0,0,0,0,0,0,0,0,0,0,0,0,0,0,0,0,0,0,0,0,0,0,0,0,0,0,0,0,0,0,0,0,0,0,0,0,0,0,0,0,0,0,0,0,0,0,0,0,0,0,0,0,0,0,0,0,0,0,0,0,0,0,0,0,0,0,0,0,0,0,0,0,0,0,0,0,0,0,0,0,0,0,0,0,0,0,0,0,0,0,0,0,0,0,0,0,0,0,0,0,0,0,0,0,0,0,0,0,0,0,0,0,0,0,0,0,0,0,0,0,0,0,0,0,0,0,0,0,0,0,0,0,0,0,0,0,0,0,0,0,0,0,0,0,0,0,0,0,0,0,0,0,0,0,0,0,0,0,0,0,0,0,0,0,0,0,0,0,0,0,0,0,0,0,0,0,0,0,0,0,0,0,0,0,0,0,0,0,0,0,0,0,0,0,0,0,0,0,0,0,0,0,0,0,0,0,0,0,0,0,0,0,0,0,0,0,0,0,0,
0,0,0,0,0,0,0,0,0,0,0,0,0,0,0,0,0,0,0,0,0,0,0,0,0,0,0,0,0,0,0,0,0,0,0,0,0,0,0,0,0,0,0,0,0,0,0,0,0,0,0,0,0,0,0,0,0,0,0,0,0,0,0,0,0,0,0,0,0,0,0,0,0,0,0,0,0,0,0,0,0,0,0,0,0,0,0,0,0,0,0,0,0,0,0,0,0,0,0,0,0,0,0,0,0,0,0,0,0,0,0,0,0,0,0,0,0,0,0,0,0,0,0,0,0,0,0,0,0,0,0,0,0,0,0,0,0,0,0,0,0,0,0,0,0,0,0,0,0,0,0,0,0,0,0,0,0,0,0,0,0,0,0,0,0,0,0,0,0,0,0,0,0,0,0,0,0,0,0,0,0,0,0,0,0,0,0,0,0,0,0,0,0,0,0,0,0,0,0,0,0,0,0,0,0,0,0,0,0,0,0,0,0,0,0,0,0,0,0,0,0,0,0,0,0,0,0,0,0,0,0,0,0,0,0,0,0,0,0,0,0,0,0,0,0,0,0,0,0,0,0,0,0,0,0,0,
0,0,0,0,0,0,0,0,0,0,0,0,0,0,0,0,0,0,0,0,0,0,0,0,0,0,0,0,0,0,0,0,0,0,0,0,0,0,0,0,0,0,0,0,0,0,0,0,0,0,0,0,0,0,0,0,0,0,0,0,0,0,0,0,0,0,0,0,0,0,0,0,0,0,0,0,0,0,0,0,0,0,0,0,0,0,0,0,0,0,0,0,0,0,0,0,0,0,0,0,0,0,0,0,0,0,0,0,0,0,0,0,0,0,0,0,0,0,0,0,0,0,0,0,0,0,0,0,0,0,0,0,0,0,0,0,0,0,0,0,0,0,0,0,0,0,0,0,0,0,0,0,0,0,0,0,0,0,0,0,0,0,0,0,0,0,0,0,0,0,0,0,0,0,0,0,0,0,0,0,0,0,0,0,0,0,0,0,0,0,0,0,0,0,0,0,0,0,0,0,0,0,0,0,0,0,0,0,0,0,0,0,0,0,0,0,0,0,0,0,0,0,0,0,0,0,0,0,0,0,0,0,0,0,0,0,0,0,0,0,0,0,0,0,0,0,0,0,0,0,0,0,0,0,0,0,
0,0,0,0,0,0,0,0,0,0,0,0,0,0,0,0,0,0,0,0,0,0,0,0,0,0,0,0,0,0,0,0,0,0,0,0,0,0,0,0,0,0,0,0,0,0,0,0,0,0,0,0,0,0,0,0,0,0,0,0,0,0,0,0,0,0,0,0,0,0,0,0,0,0,0,0,0,0,0,0,0,0,0,0,0,0,0,0,0,0,0,0,0,0,0,0,0,0,0,0,0,0,0,0,0,0,0,0,0,0,0,0,0,0,0,0,0,0,0,0,0,0,0,0,0,0,0,0,0,0,0,0,0,0,0,0,0,0,0,0,0,0,0,0,0,0,0,0,0,0,0,0,0,0,0,0,0,0,0,0,0,0,0,0,0,0,0,0,0,0,0,0,0,0,0,0,0,0,0,0,0,0,0,0,0,0,0,0,0,0,0,0,0,0,0,0,0,0,0,0,0,0,0,0,0,0,0,0,0,0,0,0,0,0,0,0,0,0,0,0,0,0,0,0,0,0,0,0,0,0,0,0,0,0,0,0,0,0,0,0,0,0,0,0,0,0,0,0,0,0,0,0,0,0,0,0,
0,0,0,0,0,0,0,0,0,0,0,0,0,0,0,0,0,0,0,0,0,0,0,0,0,0,0,0,0,0,0,0,0,0,0,0,0,0,0,0,0,0,0,0,0,0,0,0,0,0,0,0,0,0,0,0,0,0,0,0,0,0,0,0,0,0,0,0,0,0,0,0,0,0,0,0,0,0,0,0,0,0,0,0,0,0,0,0,0,0,0,0,0,0,0,0,0,0,0,0,0,0,0,0,0,0,0,0,0,0,0,0,0,0,0,0,0,0,0,0,0,0,0,0,0,0,0,0,0,0,0,0,0,0,0,0,0,0,0,0,0,0,0,0,0,0,0,0,0,0,0,0,0,0,0,0,0,0,0,0,0,0,0,0,0,0,0,0,0,0,0,0,0,0,0,0,0,0,0,0,0,0,0,0,0,0,0,0,0,0,0,0,0,0,0,0,0,0,0,0,0,0,0,0,0,0,0,0,0,0,0,0,0,0,0,0,0,0,0,0,0,0,0,0,0,0,0,0,0,0,0,0,0,0,0,0,0,0,0,0,0,0,0,0,0,0,0,0,0,0,0,0,0,0,0,0,
0,0,0,0,0,0,0,0,0,0,0,0,0,0,0,0,0,0,0,0,0,0,0,0,0,0,0,0,0,0,0,0,0,0,0,0,0,0,0,0,0,0,0,0,0,0,0,0,0,0,0,0,0,0,0,0,0,0,0,0,0,0,0,0,0,0,0,0,0,0,0,0,0,0,0,0,0,0,0,0,0,0,0,0,0,0,0,0,0,0,0,0,0,0,0,0,0,0,0,0,0,0,0,0,0,0,0,0,0,0,0,0,0,0,0,0,0,0,0,0,0,0,0,0,0,0,0,0,0,0,0,0,0,0,0,0,0,0,0,0,0,0,0,0,0,0,0,0,0,0,0,0,0,0,0,0,0,0,0,0,0,0,0,0,0,0,0,0,0,0,0,0,0,0,0,0,0,0,0,0,0,0,0,0,0,0,0,0,0,0,0,0,0,0,0,0,0,0,0,0,0,0,0,0,0,0,0,0,0,0,0,0,0,0,0,0,0,0,0,0,0,0,0,0,0,0,0,0,0,0,0,0,0,0,0,0,0,0,0,0,0,0,0,0,0,0,0,0,0,0,0,0,0,0,0,0,
0,0,0,0,0,0,0,0,0,0,0,0,0,0,0,0,0,0,0,0,0,0,0,0,0,0,0,0,0,0,0,0,0,0,0,0,0,0,0,0,0,0,0,0,0,0,0,0,0,0,0,0,0,0,0,0,0,0,0,0,0,0,0,0,0,0,0,0,0,0,0,0,0,0,0,0,0,0,0,0,0,0,0,0,0,0,0,0,0,0,0,0,0,0,0,0,0,0,0,0,0,0,0,0,0,0,0,0,0,0,0,0,0,0,0,0,0,0,0,0,0,0,0,0,0,0,0,0,0,0,0,0,0,0,0,0,0,0,0,0,0,0,0,0,0,0,0,0,0,0,0,0,0,0,0,0,0,0,0,0,0,0,0,0,0,0,0,0,0,0,0,0,0,0,0,0,0,0,0,0,0,0,0,0,0,0,0,0,0,0,0,0,0,0,0,0,0,0,0,0,0,0,0,0,0,0,0,0,0,0,0,0,0,0,0,0,0,0,0,0,0,0,0,0,0,0,0,0,0,0,0,0,0,0,0,0,0,0,0,0,0,0,0,0,0,0,0,0,0,0,0,0,0,0,0,0,
0,0,0,0,0,0,0,0,0,0,0,0,0,0,0,0,0,0,0,0,0,0,0,0,0,0,0,0,0,0,0,0,0,0,0,0,0,0,0,0,0,0,0,0,0,0,0,0,0,0,0,0,0,0,0,0,0,0,0,0,0,0,0,0,0,0,0,0,0,0,0,0,0,0,0,0,0,0,0,0,0,0,0,0,0,0,0,0,0,0,0,0,0,0,0,0,0,0,0,0,0,0,0,0,0,0,0,0,0,0,0,0,0,0,0,0,0,0,0,0,0,0,0,0,0,0,0,0,0,0,0,0,0,0,0,0,0,0,0,0,0,0,0,0,0,0,0,0,0,0,0,0,0,0,0,0,0,0,0,0,0,0,0,0,0,0,0,0,0,0,0,0,0,0,0,0,0,0,0,0,0,0,0,0,0,0,0,0,0,0,0,0,0,0,0,0,0,0,0,0,0,0,0,0,0,0,0,0,0,0,0,0,0,0,0,0,0,0,0,0,0,0,0,0,0,0,0,0,0,0,0,0,0,0,0,0,0,0,0,0,0,0,0,0,0,0,0,0,0,0,0,0,0,0,0,0,
0,0,0,0,0,0,0,0,0,0,0,0,0,0,0,0,0,0,0,0,0,0,0,0,0,0,0,0,0,0,0,0,0,0,0,0,0,0,0,0,0,0,0,0,0,0,0,0,0,0,0,0,0,0,0,0,0,0,0,0,0,0,0,0,0,0,0,0,0,0,0,0,0,0,0,0,0,0,0,0,0,0,0,0,0,0,0,0,0,0,0,0,0,0,0,0,0,0,0,0,0,0,0,0,0,0,0,0,0,0,0,0,0,0,0,0,0,0,0,0,0,0,0,0,0,0,0,0,0,0,0,0,0,0,0,0,0,0,0,0,0,0,0,0,0,0,0,0,0,0,0,0,0,0,0,0,0,0,0,0,0,0,0,0,0,0,0,0,0,0,0,0,0,0,0,0,0,0,0,0,0,0,0,0,0,0,0,0,0,0,0,0,0,0,0,0,0,0,0,0,0,0,0,0,0,0,0,0,0,0,0,0,0,0,0,0,0,0,0,0,0,0,0,0,0,0,0,0,0,0,0,0,0,0,0,0,0,0,0,0,0,0,0,0,0,0,0,0,0,0,0,0,0,0,0,0,
0,0,0,0,0,0,0,0,0,0,0,0,0,0,0,0,0,0,0,0,0,0,0,0,0,0,0,0,0,0,0,0,0,0,0,0,0,0,0,0,0,0,0,0,0,0,0,0,0,0,0,0,0,0,0,0,0,0,0,0,0,0,0,0,0,0,0,0,0,0,0,0,0,0,0,0,0,0,0,0,0,0,0,0,0,0,0,0,0,0,0,0,0,0,0,0,0,0,0,0,0,0,0,0,0,0,0,0,0,0,0,0,0,0,0,0,0,0,0,0,0,0,0,0,0,0,0,0,0,0,0,0,0,0,0,0,0,0,0,0,0,0,0,0,0,0,0,0,0,0,0,0,0,0,0,0,0,0,0,0,0,0,0,0,0,0,0,0,0,0,0,0,0,0,0,0,0,0,0,0,0,0,0,0,0,0,0,0,0,0,0,0,0,0,0,0,0,0,0,0,0,0,0,0,0,0,0,0,0,0,0,0,0,0,0,0,0,0,0,0,0,0,0,0,0,0,0,0,0,0,0,0,0,0,0,0,0,0,0,0,0,0,0,0,0,0,0,0,0,0,0,0,0,0,0,0,
0,0,0,0,0,0,0,0,0,0,0,0,0,0,0,0,0,0,0,0,0,0,0,0,0,0,0,0,0,0,0,0,0,0,0,0,0,0,0,0,0,0,0,0,0,0,0,0,0,0,0,0,0,0,0,0,0,0,0,0,0,0,0,0,0,0,0,0,0,0,0,0,0,0,0,0,0,0,0,0,0,0,0,0,0,0,0,0,0,0,0,0,0,0,0,0,0,0,0,0,0,0,0,0,0,0,0,0,0,0,0,0,0,0,0,0,0,0,0,0,0,0,0,0,0,0,0,0,0,0,0,0,0,0,0,0,0,0,0,0,0,0,0,0,0,0,0,0,0,0,0,0,0,0,0,0,0,0,0,0,0,0,0,0,0,0,0,0,0,0,0,0,0,0,0,0,0,0,0,0,0,0,0,0,0,0,0,0,0,0,0,0,0,0,0,0,0,0,0,0,0,0,0,0,0,0,0,0,0,0,0,0,0,0,0,0,0,0,0,0,0,0,0,0,0,0,0,0,0,0,0,0,0,0,0,0,0,0,0,0,0,0,0,0,0,0,0,0,0,0,0,0,0,0,0,0,
0,0,0,0,0,0,0,0,0,0,0,0,0,0,0,0,0,0,0,0,0,0,0,0,0,0,0,0,0,0,0,0,0,0,0,0,0,0,0,0,0,0,0,0,0,0,0,0,0,0,0,0,0,0,0,0,0,0,0,0,0,0,0,0,0,0,0,0,0,0,0,0,0,0,0,0,0,0,0,0,0,0,0,0,0,0,0,0,0,0,0,0,0,0,0,0,0,0,0,0,0,0,0,0,0,0,0,0,0,0,0,0,0,0,0,0,0,0,0,0,0,0,0,0,0,0,0,0,0,0,0,0,0,0,0,0,0,0,0,0,0,0,0,0,0,0,0,0,0,0,0,0,0,0,0,0,0,0,0,0,0,0,0,0,0,0,0,0,0,0,0,0,0,0,0,0,0,0,0,0,0,0,0,0,0,0,0,0,0,0,0,0,0,0,0,0,0,0,0,0,0,0,0,0,0,0,0,0,0,0,0,0,0,0,0,0,0,0,0,0,0,0,0,0,0,0,0,0,0,0,0,0,0,0,0,0,0,0,0,0,0,0,0,0,0,0,0,0,0,0,0,0,0,0,0,0,
0,0,0,0,0,0,0,0,0,0,0,0,0,0,0,0,0,0,0,0,0,0,0,0,0,0,0,0,0,0,0,0,0,0,0,0,0,0,0,0,0,0,0,0,0,0,0,0,0,0,0,0,0,0,0,0,0,0,0,0,0,0,0,0,0,0,0,0,0,0,0,0,0,0,0,0,0,0,0,0,0,0,0,0,0,0,0,0,0,0,0,0,0,0,0,0,0,0,0,0,0,0,0,0,0,0,0,0,0,0,0,0,0,0,0,0,0,0,0,0,0,0,0,0,0,0,0,0,0,0,0,0,0,0,0,0,0,0,0,0,0,0,0,0,0,0,0,0,0,0,0,0,0,0,0,0,0,0,0,0,0,0,0,0,0,0,0,0,0,0,0,0,0,0,0,0,0,0,0,0,0,0,0,0,0,0,0,0,0,0,0,0,0,0,0,0,0,0,0,0,0,0,0,0,0,0,0,0,0,0,0,0,0,0,0,0,0,0,0,0,0,0,0,0,0,0,0,0,0,0,0,0,0,0,0,0,0,0,0,0,0,0,0,0,0,0,0,0,0,0,0,0,0,0,0,0,
0,0,0,0,0,0,0,0,0,0,0,0,0,0,0,0,0,0,0,0,0,0,0,0,0,0,0,0,0,0,0,0,0,0,0,0,0,0,0,0,0,0,0,0,0,0,0,0,0,0,0,0,0,0,0,0,0,0,0,0,0,0,0,0,0,0,0,0,0,0,0,0,0,0,0,0,0,0,0,0,0,0,0,0,0,0,0,0,0,0,0,0,0,0,0,0,0,0,0,0,0,0,0,0,0,0,0,0,0,0,0,0,0,0,0,0,0,0,0,0,0,0,0,0,0,0,0,0,0,0,0,0,0,0,0,0,0,0,0,0,0,0,0,0,0,0,0,0,0,0,0,0,0,0,0,0,0,0,0,0,0,0,0,0,0,0,0,0,0,0,0,0,0,0,0,0,0,0,0,0,0,0,0,0,0,0,0,0,0,0,0,0,0,0,0,0,0,0,0,0,0,0,0,0,0,0,0,0,0,0,0,0,0,0,0,0,0,0,0,0,0,0,0,0,0,0,0,0,0,0,0,0,0,0,0,0,0,0,0,0,0,0,0,0,0,0,0,0,0,0,0,0,0,0,0,0,
0,0,0,0,0,0,0,0,0,0,0,0,0,0,0,0,0,0,0,0,0,0,0,0,0,0,0,0,0,0,0,0,0,0,0,0,0,0,0,0,0,0,0,0,0,0,0,0,0,0,0,0,0,0,0,0,0,0,0,0,0,0,0,0,0,0,0,0,0,0,0,0,0,0,0,0,0,0,0,0,0,0,0,0,0,0,0,0,0,0,0,0,0,0,0,0,0,0,0,0,0,0,0,0,0,0,0,0,0,0,0,0,0,0,0,0,0,0,0,0,0,0,0,0,0,0,0,0,0,0,0,0,0,0,0,0,0,0,0,0,0,0,0,0,0,0,0,0,0,0,0,0,0,0,0,0,0,0,0,0,0,0,0,0,0,0,0,0,0,0,0,0,0,0,0,0,0,0,0,0,0,0,0,0,0,0,0,0,0,0,0,0,0,0,0,0,0,0,0,0,0,0,0,0,0,0,0,0,0,0,0,0,0,0,0,0,0,0,0,0,0,0,0,0,0,0,0,0,0,0,0,0,0,0,0,0,0,0,0,0,0,0,0,0,0,0,0,0,0,0,0,0,0,0,0,0,
0,0,0,0,0,0,0,0,0,0,0,0,0,0,0,0,0,0,0,0,0,0,0,0,0,0,0,0,0,0,0,0,0,0,0,0,0,0,0,0,0,0,0,0,0,0,0,0,0,0,0,0,0,0,0,0,0,0,0,0,0,0,0,0,0,0,0,0,0,0,0,0,0,0,0,0,0,0,0,0,0,0,0,0,0,0,0,0,0,0,0,0,0,0,0,0,0,0,0,0,0,0,0,0,0,0,0,0,0,0,0,0,0,0,0,0,0,0,0,0,0,0,0,0,0,0,0,0,0,0,0,0,0,0,0,0,0,0,0,0,0,0,0,0,0,0,0,0,0,0,0,0,0,0,0,0,0,0,0,0,0,0,0,0,0,0,0,0,0,0,0,0,0,0,0,0,0,0,0,0,0,0,0,0,0,0,0,0,0,0,0,0,0,0,0,0,0,0,0,0,0,0,0,0,0,0,0,0,0,0,0,0,0,0,0,0,0,0,0,0,0,0,0,0,0,0,0,0,0,0,0,0,0,0,0,0,0,0,0,0,0,0,0,0,0,0,0,0,0,0,0,0,0,0,0,0,
0,0,0,0,0,0,0,0,0,0,0,0,0,0,0,0,0,0,0,0,0,0,0,0,0,0,0,0,0,0,0,0,0,0,0,0,0,0,0,0,0,0,0,0,0,0,0,0,0,0,0,0,0,0,0,0,0,0,0,0,0,0,0,0,0,0,0,0,0,0,0,0,0,0,0,0,0,0,0,0,0,0,0,0,0,0,0,0,0,0,0,0,0,0,0,0,0,0,0,0,0,0,0,0,0,0,0,0,0,0,0,0,0,34,0,0,0,0,0,0,0,0,0,0,0,0,0,0,0,0,0,0,0,0,0,0,0,0,0,0,0,0,0,0,0,0,0,0,0,0,0,0,0,0,0,0,0,0,0,0,0,0,0,0,0,0,0,0,0,0,0,0,0,0,0,0,0,0,0,0,0,0,0,0,0,0,0,0,0,0,0,0,0,0,0,0,0,0,0,0,0,0,0,0,0,0,0,0,0,0,0,0,0,0,0,0,0,0,0,0,0,0,0,0,0,0,0,0,0,0,0,0,0,0,0,0,0,0,0,0,0,0,0,0,0,0,0,0,0,0,0,0,0,0,0,0,
0,0,0,0,0,0,0,0,0,0,0,0,0,0,0,0,0,0,0,0,0,0,0,0,0,0,0,0,0,0,0,0,0,29,0,0,0,0,0,0,0,0,0,0,0,0,0,0,0,0,0,0,0,0,0,0,0,0,0,0,0,0,0,0,0,0,0,0,0,0,0,0,0,0,0,0,0,0,0,0,0,0,0,0,0,0,0,0,0,0,0,0,0,0,0,0,0,0,0,0,0,0,0,0,0,0,0,0,0,0,0,0,0,0,0,0,0,0,0,0,0,0,0,0,0,0,0,0,0,0,0,0,0,0,0,0,0,0,0,0,0,0,0,0,0,0,0,0,0,0,0,0,0,0,0,0,0,0,0,0,0,0,0,0,0,0,0,32,0,0,0,0,0,0,0,0,0,0,0,0,0,0,0,0,0,0,0,0,0,0,0,0,0,0,0,0,0,0,0,0,0,0,0,0,0,0,30,0,0,0,0,0,0,0,0,0,0,0,0,0,0,0,0,0,0,0,0,0,0,0,0,0,0,0,0,0,0,0,0,0,0,0,0,0,0,0,0,0,0,0,0,0,0,0,0,0,
0,0,0,0,0,0,0,0,0,0,0,0,0,0,0,0,0,0,0,0,0,0,0,0,0,0,0,0,0,0,0,0,30,30,0,0,0,0,0,0,0,0,0,0,0,0,0,0,0,0,0,0,0,0,0,0,0,0,0,0,0,0,0,0,0,0,0,0,0,0,0,0,0,0,0,0,0,0,0,0,0,0,0,0,0,0,0,0,0,0,0,0,0,0,0,0,0,0,0,0,0,0,0,0,0,0,0,0,0,0,0,33,0,32,0,0,0,0,0,0,0,0,0,0,0,0,0,0,0,0,0,0,0,0,0,0,34,0,0,0,0,0,0,0,0,0,0,0,0,0,0,0,0,0,0,0,0,0,0,0,0,0,0,0,0,0,0,0,32,0,0,0,0,0,0,0,0,0,0,0,0,0,0,0,0,0,0,0,0,0,0,0,0,0,0,0,0,0,0,0,0,0,0,0,0,0,31,31,0,36,0,0,0,0,0,0,0,0,0,0,0,0,0,0,0,0,0,0,0,0,0,0,0,0,0,0,0,0,0,0,0,0,0,0,0,39,0,0,0,0,0,0,0,0,0,0,
0,0,0,0,0,0,0,0,0,0,0,0,0,0,0,0,0,0,0,0,0,0,0,0,0,0,0,0,0,0,0,0,0,31,0,0,0,0,0,0,0,0,0,0,0,0,0,0,0,0,0,0,0,0,0,0,0,0,0,40,0,0,0,0,0,0,0,0,0,0,0,0,0,0,0,0,0,0,0,0,0,0,0,0,0,0,0,0,41,0,0,0,0,0,0,0,0,0,0,0,0,30,0,0,0,0,35,0,0,0,0,34,0,0,0,0,0,0,0,0,0,0,0,0,0,0,0,0,0,0,0,0,0,0,0,0,0,0,0,0,0,0,0,30,0,0,0,0,0,0,0,0,0,0,0,0,0,0,0,0,0,0,0,0,0,0,0,0,34,33,0,0,32,0,0,0,0,0,0,0,0,0,0,0,0,0,0,0,0,0,0,0,0,0,0,0,0,0,0,34,35,0,0,0,0,31,27,0,0,38,0,0,0,0,0,0,0,0,0,0,0,0,0,0,0,0,0,0,0,0,39,0,0,0,0,0,0,0,0,0,0,0,0,41,0,0,0,0,0,0,0,0,0,0,0,0,
0,0,0,0,0,0,0,0,0,0,0,0,0,0,0,0,0,0,0,40,0,31,0,0,0,0,0,0,34,0,0,0,0,39,0,0,0,0,0,34,0,0,0,0,0,0,0,0,0,0,0,42,0,0,0,0,31,0,0,0,40,0,0,40,0,0,0,0,0,0,0,0,0,0,0,0,0,0,0,0,0,0,0,0,0,0,0,0,0,41,0,0,0,0,0,0,0,0,0,0,0,0,31,0,0,0,37,36,0,37,38,0,0,0,0,0,0,0,0,0,0,0,0,0,0,0,0,0,0,0,0,0,0,0,31,0,0,0,0,0,0,0,0,0,0,0,0,0,0,0,0,0,0,0,0,0,0,0,0,0,0,0,0,0,0,0,0,0,37,35,32,0,32,0,0,0,0,0,0,0,0,0,0,0,0,0,0,0,0,0,0,0,0,0,0,0,0,0,0,32,0,0,0,0,0,30,31,0,0,0,0,0,0,0,0,0,0,0,0,0,0,0,0,0,0,0,0,0,0,0,38,0,0,0,0,0,0,0,0,37,0,0,0,0,0,0,0,0,0,0,0,0,0,0,0,0,
0,0,0,0,34,0,0,0,0,0,0,0,0,0,0,0,0,0,0,41,0,0,0,0,0,0,35,0,33,0,0,0,0,34,0,40,0,0,33,0,31,34,34,0,0,0,0,0,0,0,0,0,0,0,0,33,0,0,0,0,40,0,40,0,0,38,36,0,36,0,0,31,0,31,0,0,0,0,36,0,0,0,0,0,0,0,0,0,38,41,42,0,0,0,0,0,0,0,0,0,0,0,0,0,0,0,33,0,37,38,34,34,0,0,0,36,0,0,0,32,0,0,0,0,0,0,0,0,0,0,34,0,0,0,34,0,31,0,0,0,0,0,0,31,0,0,0,0,0,0,0,0,0,0,0,0,0,0,0,0,0,0,0,0,0,0,0,0,0,32,0,0,32,0,0,0,0,0,0,0,0,0,0,0,0,0,0,0,0,0,0,0,0,34,0,0,0,0,0,0,0,0,0,0,0,0,31,30,32,38,0,0,0,0,0,0,31,0,0,0,0,0,0,0,0,0,0,0,0,0,39,0,0,0,0,0,0,38,38,0,38,0,0,0,0,0,0,0,0,0,0,0,0,0,0,0,
0,0,0,0,0,0,29,0,38,0,32,35,0,0,0,0,0,0,0,0,37,0,0,0,0,0,38,35,0,0,0,33,0,38,0,40,0,0,0,35,31,36,35,0,0,0,0,0,0,0,0,35,35,44,34,34,33,34,0,0,0,35,41,0,0,38,40,35,34,36,0,0,0,0,32,0,0,0,0,0,0,30,0,0,0,0,0,0,39,0,41,41,36,0,0,0,0,0,0,0,0,0,0,0,0,0,34,33,0,37,36,35,37,38,0,37,0,0,0,0,0,0,0,0,0,0,36,0,0,37,0,0,34,33,0,0,0,0,34,0,0,0,0,0,0,0,0,0,37,0,0,32,0,0,0,0,0,0,0,0,0,0,0,0,0,34,0,0,0,38,0,0,33,40,36,0,0,0,0,0,0,0,0,0,0,0,36,0,0,33,0,0,0,0,0,0,0,34,0,36,36,0,0,0,37,0,33,31,33,33,0,33,30,0,0,0,33,40,0,0,0,30,0,0,0,0,0,0,0,32,0,0,0,0,38,34,38,38,0,0,0,0,0,0,45,45,0,0,0,0,0,0,0,0,0,0,
0,0,0,0,30,0,34,33,0,31,36,36,34,0,32,0,0,0,0,0,0,0,32,31,33,39,38,38,35,0,0,0,34,0,39,0,0,37,0,36,32,0,36,0,0,0,0,0,0,0,0,34,39,45,44,37,40,38,0,0,35,37,36,0,0,41,0,36,34,34,0,34,0,0,0,0,0,0,0,0,33,32,31,0,0,0,0,0,0,0,42,41,40,40,0,0,0,0,31,0,0,0,0,0,0,0,0,0,34,37,37,36,0,38,0,0,34,0,0,0,34,38,0,0,0,0,34,36,35,38,38,38,35,37,36,0,0,0,35,0,0,31,0,0,0,0,33,0,37,0,38,34,33,33,44,0,0,0,0,0,0,0,0,0,0,37,35,33,0,0,0,0,0,0,38,37,37,0,0,0,0,37,37,0,37,0,0,0,0,38,35,0,34,34,34,35,0,35,0,0,35,35,35,36,36,0,34,35,32,34,34,35,0,37,0,39,42,0,0,0,0,0,31,34,32,0,0,0,0,38,34,0,0,39,35,35,35,40,39,0,0,37,0,39,0,0,0,0,0,0,0,0,0,0,0,0,
0,39,0,0,34,43,0,34,0,33,33,36,35,35,33,33,0,0,0,0,0,0,34,32,34,34,39,0,39,39,0,0,0,36,32,31,38,38,41,38,36,36,0,37,36,0,0,0,0,0,0,36,46,45,44,45,43,43,39,38,37,36,37,40,40,34,41,35,36,36,34,35,0,0,0,0,0,0,0,0,0,33,32,0,0,0,0,36,0,0,35,35,38,38,41,39,35,0,0,0,0,0,0,0,0,0,0,33,0,39,38,42,0,0,0,0,34,35,34,29,36,35,40,0,0,39,35,34,36,36,37,0,39,38,0,0,37,0,37,0,0,32,36,33,0,0,0,37,0,38,38,38,32,43,45,0,0,0,0,0,0,0,30,0,0,36,36,38,0,38,0,40,39,0,41,39,39,38,0,0,0,0,39,38,35,0,0,0,0,36,0,40,36,35,37,0,37,35,36,40,35,36,36,38,38,37,0,33,33,39,35,35,38,38,37,40,39,43,0,0,0,35,32,0,34,33,0,0,36,39,44,35,0,38,40,36,0,41,0,0,0,39,38,40,0,0,0,0,0,0,0,0,0,0,0,0,
36,39,38,41,31,30,44,37,34,34,34,34,33,34,39,36,36,34,33,33,0,35,33,30,33,38,39,38,0,37,34,37,37,36,38,32,41,39,44,40,40,38,42,34,40,37,37,0,0,42,0,0,38,38,43,46,39,40,45,36,41,37,37,35,40,37,39,34,36,35,41,35,37,0,0,0,0,0,0,0,36,37,0,42,40,40,43,43,45,40,35,34,32,38,39,40,36,37,33,34,0,33,0,0,0,0,0,0,31,39,38,42,40,42,0,34,34,35,35,0,33,0,36,0,0,0,0,37,37,37,29,30,0,33,0,44,0,0,0,0,0,37,36,34,33,33,34,0,37,37,38,38,35,32,0,45,33,34,43,0,0,0,31,0,29,37,0,37,40,35,42,41,38,40,44,40,43,41,0,34,36,0,0,39,0,37,40,37,0,0,35,0,38,35,37,39,38,37,37,42,41,0,37,36,36,37,37,35,36,40,36,40,36,39,39,40,42,33,37,0,40,34,33,0,35,32,33,33,35,38,45,45,0,35,37,0,39,32,33,0,0,35,38,38,39,40,42,35,0,0,0,0,0,0,0,0,
37,0,36,42,39,40,37,43,34,0,37,37,38,35,40,40,35,35,39,34,41,36,30,34,31,37,40,0,38,38,38,38,38,39,36,38,38,41,41,41,40,39,43,36,44,37,41,34,36,43,40,41,41,39,39,40,44,39,42,36,40,37,39,38,38,38,40,39,35,36,36,40,40,0,0,0,0,0,38,36,37,37,38,0,39,40,44,41,44,45,44,40,38,40,34,37,37,37,38,35,35,35,0,0,41,0,0,0,0,38,40,39,39,47,43,43,36,35,35,36,34,35,41,0,0,0,36,0,0,37,30,31,0,38,0,0,0,38,0,0,0,0,38,35,34,32,33,36,39,38,38,39,37,39,41,0,44,34,42,39,38,0,0,31,35,38,37,0,41,42,39,43,40,39,41,42,44,41,42,0,0,37,37,35,37,37,42,40,38,34,36,0,44,40,38,40,40,39,37,42,41,38,36,37,38,38,40,38,42,41,37,41,38,37,40,38,38,38,37,36,40,38,39,36,36,35,34,0,37,33,38,45,36,36,46,39,40,43,33,40,38,0,37,0,40,40,37,39,0,0,0,0,0,0,0,0,
37,0,36,35,40,41,37,0,38,0,38,39,39,35,0,41,0,0,34,33,36,33,30,35,35,43,42,40,39,39,36,39,40,40,44,37,39,41,42,42,36,37,43,36,43,39,41,41,43,37,41,41,41,33,39,38,41,38,34,38,43,37,40,39,40,42,40,41,40,34,37,40,39,36,40,0,38,0,38,39,38,0,38,36,36,34,41,42,40,45,39,40,38,37,35,36,38,38,47,37,37,38,0,0,42,0,37,40,0,0,40,39,39,45,45,44,44,36,42,35,35,34,39,0,0,0,38,0,0,40,38,37,32,35,38,0,0,35,0,37,0,38,0,39,40,35,0,34,37,35,45,39,36,39,39,0,37,42,42,43,0,38,38,33,37,37,38,39,0,37,35,40,40,41,40,44,43,43,35,0,35,38,37,37,36,39,44,41,42,34,38,43,44,43,42,41,38,41,36,45,38,38,36,37,38,39,38,41,44,35,39,37,41,41,41,40,39,39,38,37,36,39,38,40,37,38,37,37,33,33,37,47,35,40,46,40,41,40,34,40,39,39,40,42,40,40,43,38,39,0,40,0,41,40,0,38,
35,37,0,41,42,42,36,38,41,0,38,39,39,39,0,0,0,39,35,0,39,37,36,36,42,34,41,42,42,40,45,40,44,41,44,37,39,44,40,43,36,34,44,39,45,45,35,41,35,44,38,41,42,39,39,40,40,35,40,44,39,43,43,40,0,37,40,41,40,42,43,40,39,39,40,34,0,40,39,37,39,36,37,39,37,43,37,42,44,42,42,40,40,39,38,36,37,39,37,38,47,39,0,39,0,42,42,40,37,44,41,40,42,46,40,39,40,47,39,42,38,35,36,41,0,39,38,0,0,41,40,43,41,36,38,45,36,36,0,0,39,39,39,40,40,36,39,34,36,47,37,38,46,40,39,41,38,45,43,42,0,42,39,39,33,41,41,41,36,37,42,38,40,36,38,41,37,39,34,36,37,36,35,37,35,36,43,41,43,37,38,43,45,40,41,42,38,35,36,35,46,43,42,37,38,39,36,40,37,42,39,38,39,36,44,42,39,40,39,39,40,40,39,40,37,37,38,38,37,37,37,43,47,39,37,37,40,41,41,41,42,40,43,43,0,39,44,38,38,40,39,38,41,39,39,39,
36,37,40,42,42,40,38,39,38,41,36,38,38,43,0,38,0,40,40,37,36,38,36,43,43,33,41,42,41,40,41,39,42,41,42,42,38,39,41,37,37,35,41,40,40,38,46,37,36,39,39,41,39,38,41,40,39,43,37,38,38,44,39,39,39,43,38,42,44,42,43,42,42,40,41,41,40,38,39,39,40,37,42,38,41,40,40,43,43,42,43,41,39,40,40,41,40,34,36,38,39,35,48,48,0,42,43,43,35,42,45,38,41,41,47,47,40,48,41,43,42,37,42,45,42,42,40,40,37,40,39,41,41,42,45,45,43,0,0,39,38,40,37,43,45,36,37,38,36,37,47,46,40,38,39,39,0,42,45,42,41,42,39,41,41,40,42,42,41,37,41,43,42,42,40,39,42,44,38,35,36,43,44,41,36,38,39,44,44,39,42,38,44,45,37,42,38,39,39,42,42,42,42,40,38,39,41,41,41,38,40,38,37,41,45,36,40,40,41,39,41,41,41,41,37,38,38,40,39,36,46,44,43,44,38,38,41,40,40,41,41,41,41,44,0,42,40,43,41,39,39,38,40,42,39,40,
41,40,37,38,43,37,39,39,40,44,33,37,41,42,44,39,39,39,41,40,37,41,34,43,35,44,39,44,39,41,42,42,43,44,38,42,40,41,39,42,41,44,42,42,39,39,40,38,42,37,40,50,40,40,40,40,40,37,45,38,39,38,39,42,41,43,44,42,43,42,41,43,42,41,42,42,33,44,42,40,41,40,43,42,41,43,40,42,43,44,38,38,40,40,42,42,41,35,37,37,36,37,36,48,36,0,45,43,35,39,43,43,44,34,41,34,37,48,42,40,42,42,44,43,41,42,41,43,38,39,41,36,42,43,39,46,43,44,41,40,44,40,42,43,37,36,38,39,38,42,37,42,40,40,38,39,39,43,0,38,42,41,40,40,39,40,41,41,41,40,38,42,42,42,40,38,40,40,39,39,38,43,37,39,45,39,40,39,40,45,42,39,42,40,38,38,37,39,40,42,46,43,41,41,39,41,42,39,41,41,39,41,37,36,44,45,37,40,41,41,42,41,40,43,38,39,39,42,40,40,40,42,44,41,46,40,38,42,39,41,42,45,42,43,42,43,43,42,39,41,43,43,39,40,40,42,
42,37,37,40,44,44,38,42,40,44,37,41,44,39,41,43,40,40,38,39,39,38,35,35,46,36,39,44,45,43,41,42,41,42,39,37,36,41,39,42,42,37,42,45,42,45,45,39,40,44,43,42,44,50,51,44,41,42,45,46,42,40,40,45,42,43,41,42,44,43,42,42,42,41,42,42,44,43,37,46,40,42,41,41,42,41,44,42,44,44,39,38,38,39,43,42,39,42,36,38,39,36,47,40,40,40,37,34,36,38,44,39,37,44,44,36,35,48,41,41,42,44,44,40,36,41,42,39,39,45,42,37,42,42,41,46,45,45,43,35,44,44,41,44,41,42,39,39,41,43,40,43,42,41,40,41,42,0,40,0,40,43,43,41,41,41,39,42,41,41,39,45,45,42,41,40,42,39,41,43,38,40,40,45,40,47,39,37,40,46,46,45,40,35,40,40,45,42,41,45,44,46,44,41,40,41,38,38,39,37,42,44,40,45,41,43,48,42,41,41,40,41,41,37,44,42,39,49,38,40,40,43,42,42,44,40,40,38,40,42,47,43,43,43,46,43,43,43,40,43,41,44,44,44,44,42,
38,43,40,44,45,40,38,39,40,39,40,40,40,40,42,47,43,41,39,39,42,42,39,39,44,37,37,46,45,46,39,42,43,37,43,41,38,39,41,43,43,43,38,46,44,45,44,42,41,41,43,42,45,41,39,50,39,43,48,39,44,46,44,42,41,44,42,41,42,41,48,41,41,44,42,43,44,45,43,41,44,43,45,42,42,42,44,43,43,44,44,39,39,38,37,41,41,42,43,40,39,39,38,45,41,41,41,39,35,39,38,39,44,42,45,35,41,36,44,45,47,45,43,42,41,37,40,44,39,42,39,38,42,38,42,46,46,43,41,43,43,37,46,44,43,43,42,39,45,43,39,37,45,42,41,42,46,42,41,37,40,46,41,42,43,40,41,41,43,45,39,44,41,43,42,41,45,40,40,41,39,42,41,43,48,48,41,41,41,42,46,35,35,35,36,37,39,42,42,46,45,46,44,41,42,42,39,39,37,38,41,41,44,42,44,42,42,40,43,42,41,43,42,46,45,40,42,46,46,41,40,43,41,39,44,47,40,41,41,42,43,42,44,46,43,43,41,44,44,42,43,45,45,44,43,44,
42,44,42,45,39,41,40,40,40,42,42,41,41,42,41,42,43,44,44,41,43,43,42,43,41,45,41,44,47,45,40,44,41,43,39,44,39,37,40,37,38,44,44,44,45,44,42,42,44,43,45,40,43,41,42,51,46,49,48,48,48,43,44,42,44,45,41,42,43,45,48,44,42,42,44,41,43,45,46,47,46,45,49,45,42,42,40,42,40,44,42,46,40,38,38,44,43,42,39,41,45,39,49,47,44,40,40,42,38,40,42,39,36,45,43,37,38,48,39,42,47,48,48,41,43,40,41,40,41,43,43,44,46,46,40,45,44,44,41,42,40,38,48,47,41,41,42,43,43,37,41,38,40,45,42,43,46,45,44,42,44,45,46,42,41,39,42,39,43,42,42,45,41,45,44,45,41,42,41,40,48,42,44,44,42,48,42,42,41,42,45,47,35,36,36,37,43,43,46,45,46,47,46,45,43,42,44,40,38,38,42,40,45,42,46,41,43,45,43,43,40,37,44,42,38,45,42,46,46,43,42,41,43,43,42,40,44,44,42,42,48,43,48,47,48,44,41,45,43,40,43,42,45,42,45,45,
43,46,42,43,44,43,39,37,40,46,41,42,42,45,45,38,41,42,40,42,42,43,43,42,44,44,41,45,42,44,46,47,42,39,45,40,42,42,38,37,44,39,43,43,42,45,45,42,42,46,46,42,42,41,44,43,42,43,45,48,45,44,43,41,42,45,42,44,40,42,43,42,47,47,43,42,44,45,43,44,46,46,45,44,42,41,41,47,48,47,45,45,44,42,44,41,43,40,39,40,44,45,45,49,48,45,40,46,46,42,40,41,40,42,35,42,39,46,40,40,42,42,45,39,41,41,41,44,40,41,44,43,45,46,40,43,44,42,41,42,38,45,46,48,45,45,42,44,42,42,43,39,43,45,40,45,44,45,49,44,42,40,44,43,42,41,40,40,39,42,43,43,44,39,44,46,46,44,42,42,46,45,43,47,43,45,43,44,45,44,41,45,44,36,43,44,44,45,45,44,47,47,46,41,46,44,40,44,44,40,42,42,46,43,45,44,42,45,45,41,42,42,39,39,39,42,43,44,44,47,45,42,44,46,44,46,39,45,46,42,42,44,44,48,41,41,41,41,43,42,43,43,44,46,45,43,
46,47,44,43,44,45,39,45,46,45,41,43,43,44,45,44,39,41,43,41,41,45,43,47,43,44,46,43,42,42,42,39,40,39,45,45,45,43,43,38,43,47,44,41,42,44,41,42,42,42,41,42,46,42,41,44,46,45,48,46,44,44,46,45,43,44,48,48,45,43,43,43,44,43,44,45,48,43,42,44,44,46,46,47,44,44,41,48,50,48,45,44,41,46,45,40,42,41,40,41,41,50,47,46,46,46,45,43,49,43,44,42,37,42,42,36,42,40,41,45,43,43,44,45,45,40,41,41,41,42,44,44,43,48,43,46,44,42,43,42,42,39,44,44,42,45,42,43,40,43,43,40,45,46,44,44,45,44,49,43,46,41,42,41,45,45,42,41,40,39,44,44,46,42,44,47,47,45,45,45,48,42,45,46,44,46,38,45,46,45,46,45,45,45,47,45,45,47,45,45,47,48,41,47,45,44,44,40,44,43,45,42,41,46,47,47,44,46,42,40,43,43,48,40,48,45,44,45,45,44,43,45,46,45,44,46,39,39,44,48,43,44,43,42,44,41,41,44,41,46,44,41,44,45,45,44,
47,40,40,41,44,39,40,43,45,47,46,44,46,40,44,41,41,41,41,45,45,44,46,43,44,46,47,48,46,47,43,41,41,42,47,46,47,44,46,44,43,47,43,45,47,44,44,42,43,41,41,42,42,47,39,44,41,47,44,44,47,48,46,45,44,43,48,49,47,46,44,44,43,43,44,46,48,44,46,44,42,46,42,45,44,44,45,44,50,46,45,46,46,42,47,44,44,41,41,42,42,42,51,48,47,45,46,46,48,46,45,45,42,44,45,43,43,44,42,42,45,49,44,47,45,46,42,41,42,40,40,44,44,49,53,44,45,47,45,46,47,40,44,44,43,44,43,41,40,44,45,48,45,46,45,44,43,45,44,41,46,47,47,43,45,47,46,43,44,39,40,47,44,42,47,42,45,44,43,45,42,47,46,45,44,46,45,45,44,44,46,45,47,47,45,47,46,45,47,43,48,43,42,43,44,45,44,42,46,45,44,45,46,47,48,46,44,44,46,41,46,44,44,46,43,47,45,47,46,45,45,41,46,44,45,46,44,40,43,43,45,45,44,44,43,39,47,42,45,46,46,41,45,43,43,45,
43,41,42,42,45,45,43,44,47,46,42,45,46,41,41,41,46,45,42,47,46,45,47,46,45,45,45,46,48,48,46,47,42,48,47,48,48,45,46,42,43,43,42,43,42,43,48,44,48,41,43,45,42,48,48,42,42,45,48,48,48,47,45,47,45,45,44,45,47,49,46,48,44,45,46,46,49,46,47,45,44,44,48,45,45,45,44,47,47,44,50,42,47,47,47,45,44,43,42,45,42,42,48,53,43,48,46,47,48,46,50,50,44,45,39,44,44,45,44,44,46,42,50,43,46,51,44,45,41,41,41,41,45,42,44,42,45,49,46,44,43,44,50,49,45,45,47,44,42,45,42,42,48,46,45,44,44,44,45,44,45,47,42,47,43,47,46,47,43,41,42,47,46,43,43,44,46,45,42,42,46,42,43,46,46,46,47,48,48,47,44,46,46,46,46,45,48,46,48,45,44,42,43,44,45,44,45,46,44,45,45,46,47,47,41,48,42,44,45,46,48,46,43,46,43,46,46,47,45,45,45,45,45,42,44,47,47,45,45,45,46,41,43,45,40,40,44,43,43,43,44,46,45,45,43,46,
48,46,43,44,43,47,47,43,41,46,43,44,43,49,50,42,48,46,46,46,48,45,44,48,46,46,46,48,47,49,48,50,48,43,47,49,44,48,48,46,43,45,44,44,43,45,42,49,47,46,45,46,47,48,48,45,47,46,46,47,49,50,43,45,46,43,44,45,46,49,44,48,46,44,46,45,47,42,47,44,45,45,49,45,44,46,46,43,47,45,45,42,48,47,49,46,50,44,43,43,45,47,46,49,43,45,45,49,45,46,48,50,40,45,40,46,46,47,44,45,44,45,49,44,46,49,47,44,49,43,42,46,44,45,42,47,45,44,48,44,44,47,50,49,50,44,46,48,44,46,46,43,45,49,44,51,47,46,43,43,47,44,43,47,44,47,48,49,43,43,43,47,46,49,48,45,43,45,43,43,43,43,44,43,50,46,44,49,49,48,46,46,48,46,48,47,48,47,47,49,51,47,43,48,45,42,44,45,45,50,49,47,45,44,41,49,42,40,42,45,46,46,50,44,47,48,47,45,46,43,46,42,42,46,43,47,49,47,46,45,44,45,44,46,41,41,44,45,48,48,44,46,47,44,44,45,
45,49,47,49,49,47,45,47,49,47,45,47,49,48,51,48,49,47,48,50,49,46,45,48,45,47,48,46,48,49,48,49,44,46,48,48,48,47,49,48,48,45,46,44,49,52,45,43,44,47,47,43,48,45,48,49,43,44,44,43,48,48,47,44,46,47,43,44,47,48,49,49,44,42,46,47,42,46,45,44,47,46,46,48,45,43,46,47,46,46,46,50,45,49,45,48,49,49,46,45,46,49,49,50,48,46,48,49,48,49,41,49,50,48,47,47,47,47,45,46,49,46,50,49,49,44,45,48,45,47,45,48,48,45,41,42,43,42,47,44,48,49,47,46,45,45,49,50,48,46,45,50,49,50,47,49,51,47,47,44,45,45,50,44,47,47,49,46,45,43,46,47,48,46,48,47,42,44,45,45,47,44,44,44,44,51,45,50,51,50,50,48,49,49,48,49,49,48,49,47,46,49,47,47,45,46,44,44,46,45,50,48,41,45,44,41,45,42,45,45,42,43,52,49,48,48,48,46,47,47,47,53,48,47,47,47,46,46,44,46,42,45,48,47,48,46,43,45,47,46,44,49,49,46,47,46,
48,45,51,50,50,48,48,48,48,45,45,46,47,50,50,43,48,48,52,51,51,46,47,49,53,46,43,49,47,47,49,44,48,46,49,50,48,46,46,46,47,49,45,45,46,44,45,45,44,50,47,47,48,44,49,46,47,45,46,45,46,47,48,48,49,48,47,52,46,48,47,49,48,49,44,48,45,45,47,47,44,48,47,47,47,50,46,50,49,47,52,51,46,47,46,48,50,50,46,45,47,50,47,44,44,50,47,48,49,48,42,42,50,51,41,45,48,46,44,46,47,45,48,50,49,45,46,48,49,45,46,49,48,46,45,42,43,43,48,46,48,50,49,48,47,46,49,46,50,49,50,48,49,50,50,49,51,52,48,44,45,49,49,50,48,49,49,49,49,46,49,47,48,46,49,46,43,46,50,46,47,47,46,48,49,51,50,52,46,51,49,50,49,50,52,50,48,49,50,46,47,50,50,50,48,49,48,48,45,46,50,51,48,48,44,50,46,48,43,46,43,50,52,50,48,49,48,47,48,44,49,50,49,52,48,51,46,50,46,45,45,43,50,47,47,49,45,46,50,49,50,50,50,49,47,50,
47,48,48,51,48,48,48,48,46,48,45,48,48,49,48,48,49,49,50,52,49,46,47,46,48,47,45,44,50,48,48,45,46,48,48,46,45,47,45,46,48,46,50,51,53,45,50,47,45,47,48,48,46,47,45,51,47,47,46,46,49,45,49,49,47,50,48,49,53,47,49,47,55,49,48,54,45,50,45,45,52,45,45,49,49,51,51,53,49,51,44,52,44,44,45,47,48,51,45,47,46,47,47,53,47,51,50,52,48,48,49,50,51,51,48,46,46,48,49,46,45,47,43,50,49,46,46,50,49,49,47,45,47,47,47,48,44,49,50,47,46,51,48,49,50,47,49,48,51,52,49,48,48,49,52,49,48,52,50,48,46,45,45,51,49,45,49,50,49,46,48,49,48,48,48,46,47,46,49,48,46,48,49,49,49,49,49,47,47,48,49,47,51,48,50,51,51,48,51,49,49,49,46,49,47,49,49,49,48,45,48,52,48,44,50,49,48,51,50,48,44,45,50,51,51,48,49,47,49,50,45,49,49,49,51,51,53,47,47,49,47,50,49,50,50,47,46,50,50,51,52,52,51,51,50,51,
50,49,48,48,49,49,48,46,47,51,50,50,47,50,48,49,50,48,51,51,44,53,46,51,46,45,45,50,50,49,47,49,45,47,47,43,46,49,46,48,47,48,50,48,46,54,54,46,47,47,49,49,47,50,52,49,47,47,48,45,50,49,49,45,49,46,46,48,47,50,49,49,48,54,52,55,49,48,50,45,47,50,46,50,52,48,52,52,50,50,52,45,45,49,45,50,47,49,46,45,45,49,56,47,48,45,48,52,52,50,49,51,51,49,48,49,47,50,51,46,45,46,46,50,47,50,47,49,48,49,47,47,48,47,47,47,47,45,48,49,49,47,49,49,48,47,49,52,51,48,46,46,52,51,50,53,52,50,49,54,49,45,45,48,49,51,47,51,47,47,50,49,49,49,51,46,49,47,47,46,48,49,49,50,50,49,54,55,50,49,51,48,49,52,48,49,44,52,52,46,48,48,46,50,49,48,48,49,47,48,47,53,53,45,50,50,48,52,52,50,43,47,46,46,51,52,53,48,50,47,46,47,50,49,53,52,49,47,48,50,47,49,52,49,49,50,48,48,45,51,48,52,51,50,51,51,
52,55,47,49,48,50,48,47,53,53,54,49,47,48,53,49,49,50,51,51,51,49,46,45,52,49,46,52,48,47,51,56,51,48,48,48,46,49,49,50,50,53,49,48,48,49,47,48,50,47,48,48,48,50,49,51,49,48,47,50,50,49,50,46,50,47,47,50,50,50,49,48,48,54,52,56,55,55,50,53,51,51,51,48,51,50,50,53,54,51,48,50,46,45,49,46,52,52,49,48,45,50,47,49,50,46,45,53,53,47,49,50,50,50,51,50,50,50,51,51,49,46,45,47,50,47,51,49,50,47,48,54,49,47,54,48,46,46,49,51,50,48,50,49,47,48,51,49,48,49,48,53,52,49,51,50,48,51,54,55,47,47,48,49,48,52,53,52,52,48,54,51,50,51,51,54,49,49,48,49,45,46,50,49,45,51,49,50,54,51,51,52,49,51,47,50,50,45,47,47,54,50,49,52,50,53,48,48,50,49,49,49,53,49,50,47,51,52,47,51,52,43,47,50,52,51,49,54,47,50,51,50,52,53,50,47,47,47,50,49,48,50,49,50,49,51,49,49,52,51,51,51,52,53,53,51,
49,49,52,47,54,51,51,49,46,53,53,50,50,49,49,51,51,53,49,52,50,50,50,46,47,53,52,52,48,50,51,52,56,50,53,49,47,47,51,50,51,52,49,54,47,48,48,49,47,48,48,49,49,49,49,51,51,52,50,50,51,50,53,48,47,50,49,49,51,51,49,48,49,48,47,53,54,50,50,53,52,50,51,51,55,52,50,50,53,49,48,48,50,52,52,52,54,52,50,52,49,52,51,47,51,51,50,46,50,52,49,49,50,51,53,50,54,51,50,50,50,52,46,47,54,52,52,51,51,47,50,52,50,54,48,54,53,53,53,55,52,50,51,49,53,46,52,50,48,50,49,48,52,48,49,48,49,49,51,47,47,48,50,49,51,51,48,47,53,47,54,53,48,50,50,54,53,50,49,51,51,47,49,49,53,49,50,49,52,52,51,51,53,52,49,50,50,46,51,49,52,52,49,48,47,48,55,52,49,52,51,51,50,50,49,48,48,49,52,49,50,52,49,51,48,53,52,52,50,48,50,51,49,53,55,51,49,48,47,51,49,49,52,50,52,50,51,50,51,49,48,46,52,50,54,52,
49,52,53,48,53,55,51,51,50,50,50,51,51,50,50,51,53,50,49,49,53,51,51,51,51,47,50,53,49,50,51,51,49,48,51,50,51,48,51,50,51,49,50,48,50,49,49,47,51,50,48,52,50,50,50,52,52,54,52,52,51,50,52,53,52,48,49,50,50,55,50,49,48,49,49,48,49,51,52,50,53,49,49,55,53,55,51,53,48,51,50,53,48,50,54,52,50,53,48,49,48,52,51,52,51,52,48,53,53,53,55,52,47,51,52,53,54,52,51,51,53,49,52,48,47,52,49,52,50,50,52,50,52,55,54,52,51,54,54,51,53,52,54,52,53,51,51,53,54,52,51,52,49,49,48,50,50,50,51,50,50,48,51,49,51,51,49,48,50,55,54,50,49,51,50,51,48,49,50,52,53,52,52,52,50,51,51,52,52,54,52,52,48,52,49,51,50,51,50,49,49,49,49,49,48,50,53,53,52,52,52,53,51,51,51,50,50,50,52,53,51,52,52,51,53,54,53,52,52,49,50,52,51,50,51,50,50,49,50,48,48,44,45,53,53,51,51,52,52,50,52,48,52,53,55,51,
52,53,51,54,54,55,52,52,51,50,50,50,52,52,49,51,54,49,49,49,48,52,50,50,52,50,51,53,50,54,50,48,50,49,50,51,51,52,50,53,52,53,52,55,50,54,49,50,52,51,50,54,52,51,51,52,50,51,54,52,53,50,52,51,50,50,49,49,54,50,52,50,55,49,50,50,51,50,49,53,51,52,53,50,55,55,56,50,49,51,52,53,50,49,52,52,51,53,51,50,50,51,52,52,50,52,49,53,54,57,53,47,47,53,52,54,58,53,54,52,50,51,51,52,49,51,51,50,51,51,50,52,52,52,55,51,51,55,48,55,54,50,52,54,52,48,51,51,52,53,51,50,50,50,50,51,55,51,49,52,51,52,52,52,48,51,52,51,51,48,52,52,51,48,49,51,54,49,51,51,51,52,53,52,51,53,52,51,52,52,55,54,49,49,50,54,51,54,51,52,51,54,54,53,49,52,56,55,53,52,53,53,53,49,52,51,53,53,52,57,55,52,53,55,51,54,52,53,53,51,50,53,51,50,50,50,51,49,49,51,51,53,45,54,54,52,51,52,51,51,50,49,48,52,53,51,
56,55,54,52,48,53,52,50,52,52,50,51,51,53,55,52,56,51,54,51,51,51,56,50,52,52,53,53,52,53,53,51,49,52,51,51,51,53,51,53,53,52,52,56,53,54,55,54,49,51,50,54,55,51,52,52,52,52,53,53,50,53,49,53,54,52,51,49,53,51,55,53,54,53,51,51,50,50,52,50,52,56,52,51,56,55,50,54,50,51,52,52,50,51,50,53,52,54,55,50,50,51,51,52,48,51,50,54,55,57,53,55,54,51,55,55,54,54,55,52,52,51,51,52,53,57,52,54,52,51,52,53,51,49,52,52,52,53,49,53,54,51,55,54,53,50,53,52,52,53,53,50,51,50,52,51,50,53,55,50,52,52,54,52,51,51,53,50,52,51,51,50,53,50,51,50,50,55,51,50,52,50,54,53,54,51,52,53,52,53,54,53,49,50,55,53,50,55,57,53,54,52,52,54,54,53,50,51,55,56,52,52,53,50,49,51,50,53,54,49,55,50,49,52,54,52,53,53,55,54,53,54,51,51,53,51,50,51,50,51,51,51,46,55,53,54,51,55,53,53,52,51,53,54,52,52,
53,55,51,49,50,53,52,52,53,51,52,51,50,49,55,54,53,56,52,51,50,58,53,52,53,53,51,53,51,53,53,54,53,53,53,53,52,53,53,53,54,52,53,54,54,54,53,54,53,52,54,54,54,52,54,55,53,51,54,50,50,54,53,50,53,53,52,51,51,54,54,52,53,55,52,52,52,52,52,51,50,56,55,56,53,57,53,49,51,51,53,53,51,51,53,51,51,54,55,51,51,54,54,52,51,52,53,51,50,50,53,55,53,52,54,55,55,52,55,53,52,48,50,52,50,50,51,56,54,53,51,53,51,55,53,55,51,53,52,54,56,55,50,52,54,52,54,53,54,54,54,52,54,53,54,52,53,53,54,54,56,53,57,53,52,51,54,51,53,53,52,50,54,52,51,53,51,52,48,50,52,51,52,51,53,50,53,54,49,55,55,51,53,52,55,49,51,52,51,51,54,53,52,54,53,55,53,52,52,51,52,53,51,51,53,49,53,54,54,51,48,51,50,54,56,55,55,54,54,56,54,55,55,54,55,52,52,56,54,51,51,50,53,56,55,53,53,55,56,53,53,54,51,52,54,53,
52,52,56,51,52,54,51,52,55,53,52,51,51,54,55,50,50,55,53,53,56,50,54,52,56,53,51,52,50,53,55,54,51,55,55,53,53,54,51,54,53,54,51,53,56,52,53,55,54,52,54,55,54,55,55,54,55,53,51,50,49,51,53,50,53,55,56,53,54,55,55,55,55,55,51,53,52,54,54,53,55,51,53,50,54,54,55,50,50,54,52,56,52,54,54,53,52,51,57,57,51,54,55,55,52,52,53,53,51,51,52,55,55,53,54,56,56,55,55,54,56,52,52,53,54,55,57,56,55,54,54,55,53,54,55,56,54,52,54,52,53,52,51,53,53,52,54,51,54,52,53,53,53,54,54,55,53,50,52,54,55,57,57,53,55,52,55,57,53,51,56,54,55,56,52,55,52,53,56,51,50,56,52,51,51,55,54,54,53,54,55,53,51,50,50,50,49,54,52,53,52,53,53,54,53,54,55,54,53,53,52,51,52,54,51,50,53,50,51,52,55,54,51,49,56,51,54,54,54,51,57,55,56,51,51,54,51,56,57,54,52,51,49,54,54,53,53,56,54,53,54,54,56,54,52,53,
54,52,52,52,56,51,51,49,53,57,54,52,59,54,51,56,55,56,52,55,53,51,54,53,54,51,53,52,54,52,56,54,51,55,56,54,55,54,52,55,53,53,54,52,56,54,55,55,55,54,54,54,54,53,54,54,54,55,54,51,51,55,51,51,51,57,51,57,55,54,54,55,55,54,56,57,52,54,55,55,53,56,54,51,54,56,56,52,53,54,51,52,55,55,54,55,54,56,54,53,57,55,53,55,56,53,54,54,56,52,56,52,56,54,55,54,52,55,54,54,53,54,57,55,55,54,55,57,57,54,51,56,54,54,52,51,58,55,55,54,54,53,54,54,53,55,52,57,54,54,55,54,54,54,54,56,53,54,51,55,53,55,56,55,56,52,55,53,58,55,54,57,55,54,56,50,55,54,55,52,56,54,52,52,52,54,54,53,54,55,52,54,51,51,54,56,50,56,56,52,53,59,53,58,56,55,54,56,52,56,52,55,52,54,52,51,52,53,52,54,55,56,55,51,53,51,55,54,55,53,54,53,55,55,52,53,54,52,52,57,57,52,50,51,54,53,56,56,54,57,56,54,58,57,55,53,
55,58,56,53,57,55,56,50,57,56,56,53,59,59,54,57,56,54,53,57,55,55,53,53,57,54,53,51,53,54,54,55,52,54,55,57,55,54,54,54,54,55,55,53,56,57,55,55,56,53,55,53,52,54,54,55,55,57,54,55,53,55,54,51,55,59,53,55,54,55,57,57,54,55,54,57,53,55,55,53,54,57,56,51,56,54,57,53,54,54,52,56,57,57,54,54,55,57,59,61,57,54,55,52,52,53,51,52,54,53,56,55,53,53,55,55,53,55,56,54,55,53,54,54,55,57,53,56,58,57,54,55,57,54,55,56,56,52,53,56,52,53,54,58,53,56,55,56,55,58,58,54,54,53,57,54,52,55,52,57,54,55,52,53,53,54,53,53,54,57,57,57,59,55,53,60,56,58,58,56,57,54,58,55,54,54,53,60,52,54,54,52,54,55,54,54,56,52,57,55,55,57,53,52,59,56,58,54,53,53,52,58,55,53,53,58,53,53,54,54,56,53,55,55,55,54,54,54,55,53,54,54,55,52,53,54,55,50,53,57,55,58,56,56,55,55,57,57,56,55,57,56,58,55,56,56,
54,59,55,56,58,56,56,53,53,57,57,56,58,59,56,56,56,56,55,55,56,56,56,57,56,56,56,52,57,59,54,57,55,57,55,55,57,56,55,56,54,55,54,57,57,58,55,55,57,55,54,53,59,55,59,55,54,58,53,56,54,55,57,55,56,55,56,54,55,55,55,56,57,56,56,55,57,54,55,54,56,59,54,57,57,56,55,54,54,55,56,56,54,57,57,54,57,56,58,59,54,54,53,54,53,54,51,55,56,55,56,54,58,57,54,55,55,58,53,55,55,54,56,58,56,55,58,56,56,59,58,53,54,55,55,56,56,56,51,53,54,53,59,59,58,57,53,57,57,53,59,59,55,54,56,57,56,55,53,56,55,59,55,53,54,56,56,54,53,56,57,57,56,57,58,54,54,54,54,57,56,55,55,54,53,57,58,58,56,56,53,54,55,57,57,57,57,55,54,56,55,57,58,57,53,57,59,53,52,54,55,57,54,54,53,55,57,59,54,55,56,54,54,56,54,57,57,54,56,56,54,55,55,57,56,55,56,53,54,56,53,55,56,53,58,58,59,54,54,55,58,57,55,54,55,54,
57,52,55,55,57,58,55,54,57,54,57,56,56,56,57,57,55,56,55,59,58,60,56,58,58,57,57,55,54,55,58,54,56,56,53,58,57,57,56,56,55,56,55,57,57,59,58,56,57,55,57,55,56,56,56,56,58,54,58,56,54,56,57,55,55,53,57,58,55,56,54,55,57,55,61,56,55,54,55,55,55,56,56,59,57,56,55,57,55,58,56,57,54,55,56,58,57,56,58,57,57,56,55,53,53,57,52,58,59,56,57,55,58,58,55,58,56,54,58,54,56,57,55,53,55,56,58,57,57,54,59,55,55,60,58,59,57,57,55,52,55,54,55,55,56,58,58,58,56,58,60,58,54,53,57,56,56,55,54,54,57,59,58,56,57,56,56,56,56,56,56,56,57,58,55,55,58,57,57,58,58,57,58,53,54,56,55,58,56,56,56,57,58,58,60,56,58,56,56,58,56,57,56,57,59,57,57,56,57,55,56,58,58,56,56,56,54,54,59,57,57,57,55,57,57,55,55,58,56,53,56,55,57,59,56,54,56,56,55,58,57,57,55,55,57,58,56,58,56,59,58,57,55,55,55,55,
55,57,57,56,55,56,55,55,57,54,58,57,57,57,57,58,57,57,58,54,58,60,56,59,60,54,57,55,60,58,59,56,58,56,54,54,60,57,58,59,57,58,59,54,55,56,55,55,56,57,55,57,56,55,58,57,59,54,55,56,56,56,58,58,56,57,58,58,59,58,54,56,56,56,58,56,60,59,56,58,59,57,59,58,55,57,55,60,59,59,58,58,57,57,54,54,56,58,59,58,55,57,58,58,56,57,58,57,54,59,57,56,57,55,60,58,58,58,56,56,57,55,57,53,53,56,59,57,58,59,56,54,60,56,59,55,58,56,56,55,55,56,55,55,57,55,59,55,58,59,58,57,56,56,58,59,57,59,57,54,56,57,56,56,57,57,55,57,57,56,55,59,58,56,55,56,59,55,55,55,56,58,57,58,55,57,57,56,55,59,56,55,58,55,61,57,57,56,59,57,58,56,58,57,59,58,59,56,55,56,57,57,59,57,56,56,55,55,55,54,58,58,59,56,56,56,58,59,59,58,57,55,56,58,58,56,56,58,56,57,61,56,55,56,56,54,57,57,56,57,59,58,57,56,56,56,
61,61,59,59,55,58,57,57,59,60,55,57,58,58,58,61,56,58,57,55,58,58,56,60,57,57,56,61,60,59,59,58,57,58,59,55,57,57,57,58,58,55,59,59,58,57,58,54,56,56,56,56,57,59,61,55,59,57,59,56,56,57,58,59,57,57,58,58,57,57,58,57,57,58,59,55,58,55,58,60,58,59,60,59,56,57,57,56,59,58,60,60,58,54,58,58,56,54,58,58,55,58,58,57,57,56,58,56,58,55,57,57,58,57,57,60,58,59,59,56,57,57,56,56,54,57,57,56,57,60,55,55,60,59,59,56,58,59,58,56,56,60,54,56,57,57,56,55,57,59,59,57,60,58,57,57,59,58,56,55,55,58,56,59,55,57,59,58,58,56,58,59,56,59,56,58,58,58,56,58,57,57,55,57,57,58,57,54,57,59,57,57,58,58,56,56,58,57,56,57,58,57,58,58,58,59,58,57,59,59,58,58,58,60,56,57,55,56,56,55,56,58,59,58,57,56,57,59,57,56,58,58,56,55,58,58,56,56,58,57,56,56,59,57,58,61,59,58,58,58,57,57,59,58,58,58,
60,61,58,57,56,59,58,58,56,60,58,61,57,58,58,58,59,57,57,56,60,59,56,58,58,57,57,57,57,58,57,59,58,56,58,58,58,58,58,58,56,58,55,60,59,59,57,57,57,60,57,56,57,56,57,56,60,58,60,57,59,56,58,59,60,58,57,56,57,57,58,59,58,58,59,57,59,58,56,55,56,60,60,62,57,57,60,56,57,59,58,58,61,61,55,55,57,58,60,56,56,55,56,57,58,57,60,57,57,56,60,57,57,58,56,56,58,56,60,59,59,58,58,59,56,57,57,56,59,58,59,59,58,59,58,57,55,59,57,58,57,57,56,57,57,55,56,58,58,58,59,57,60,59,56,58,57,58,59,58,56,57,59,59,57,57,56,57,59,58,59,57,58,57,57,56,59,59,58,57,58,59,57,57,56,57,57,57,55,57,59,56,60,59,57,56,56,58,58,57,58,59,58,59,57,59,59,58,56,59,59,57,59,61,57,59,56,56,59,58,57,57,57,59,59,59,58,57,59,59,57,56,58,59,57,57,59,59,57,56,55,59,56,60,60,61,59,59,59,56,59,57,58,57,57,59,
60,60,61,59,58,59,60,59,61,57,59,59,60,59,58,57,61,58,58,58,58,59,58,58,60,59,60,58,59,58,60,58,59,57,58,59,60,58,59,58,57,57,59,59,60,61,62,58,58,60,58,57,57,57,61,58,60,57,59,58,60,58,58,59,57,58,57,59,57,59,59,60,59,61,60,58,60,57,62,58,56,56,58,61,62,59,59,58,56,59,60,61,58,59,60,56,58,58,58,56,58,57,60,59,58,59,59,60,56,59,61,60,59,58,59,58,59,60,60,59,58,59,57,61,62,58,58,62,58,60,59,59,59,59,60,57,58,58,58,58,58,60,57,58,60,56,60,57,60,59,58,59,60,60,59,56,59,59,60,58,56,58,59,58,58,57,59,58,59,61,60,59,59,58,58,58,57,57,57,59,59,58,59,58,56,57,58,59,60,58,59,59,61,57,57,57,57,60,60,57,59,59,60,58,58,58,57,59,59,61,58,59,57,57,56,58,59,59,57,58,59,58,62,58,61,57,57,58,60,59,59,57,61,61,58,59,57,57,58,58,59,61,57,59,58,59,60,59,58,57,57,57,59,58,58,59,
58,61,59,60,58,59,60,61,59,61,59,59,60,59,60,59,59,59,59,58,59,59,57,59,60,59,61,60,58,61,61,59,59,58,57,61,60,59,59,59,58,59,59,60,61,64,60,59,59,60,58,59,58,59,59,59,60,59,58,61,61,62,61,61,58,58,61,59,60,57,61,60,60,60,58,61,58,58,59,58,60,57,58,59,62,59,59,60,59,58,59,59,61,60,60,60,60,58,58,57,57,59,60,59,59,62,60,61,57,59,59,59,62,59,59,58,59,60,61,61,59,58,58,61,64,62,59,61,59,59,61,57,60,60,58,58,62,60,59,57,57,60,59,59,59,60,61,61,58,59,59,58,59,58,60,62,61,58,61,61,61,60,59,57,60,59,60,59,60,58,60,58,63,59,59,58,59,61,58,59,58,58,60,62,57,57,59,60,59,58,60,61,61,61,58,58,60,59,59,58,58,59,57,59,58,61,58,60,59,59,58,59,59,60,60,57,60,61,60,59,59,57,60,59,61,60,61,59,60,59,60,58,60,62,59,58,59,59,58,61,59,60,58,61,60,59,61,63,60,59,57,58,59,59,59,58,
61,58,60,60,60,60,60,59,59,62,60,60,58,59,62,59,60,60,60,60,59,61,60,60,60,62,62,61,59,59,60,59,61,59,60,60,58,62,59,61,59,59,61,60,60,60,61,60,60,60,60,63,60,60,60,60,59,60,60,59,61,59,61,60,60,59,59,60,60,58,58,61,61,61,59,60,61,59,60,58,59,59,62,60,59,59,61,59,60,60,59,62,60,61,59,59,61,60,60,62,58,61,61,60,59,59,62,62,58,61,62,60,59,60,60,60,63,59,60,62,60,60,61,60,58,58,60,60,60,60,61,60,58,58,60,59,62,59,61,59,58,61,59,59,62,61,60,59,59,60,59,59,58,58,60,59,59,58,59,62,60,59,60,59,60,60,61,59,60,61,60,60,60,60,60,60,62,61,59,59,59,61,61,61,60,60,60,60,59,59,61,61,61,62,61,59,59,62,62,59,60,58,60,60,59,62,60,59,60,61,61,59,60,61,59,61,60,61,61,58,59,60,61,60,60,61,61,61,60,61,61,59,61,62,60,59,59,62,58,59,61,59,59,61,60,59,60,62,58,61,60,59,59,60,62,60,
61,60,60,61,61,62,59,60,60,61,62,60,62,61,62,60,61,60,60,59,60,60,61,60,62,62,60,59,60,62,60,61,62,61,62,61,61,60,59,61,61,60,63,62,61,61,61,60,60,61,62,59,61,61,62,61,59,60,61,61,61,61,60,61,60,61,60,61,61,60,61,61,62,59,59,60,60,62,59,61,61,60,62,60,60,61,61,61,61,59,62,60,59,61,61,60,60,63,62,60,62,61,61,61,60,60,60,61,62,59,61,59,61,62,60,61,62,63,61,60,61,61,61,61,61,59,61,60,61,61,61,61,62,59,59,60,62,62,61,61,61,62,62,60,60,60,60,60,60,59,61,60,60,60,60,62,60,60,61,60,61,59,61,60,60,61,62,61,61,61,60,60,61,60,61,61,60,62,61,60,61,62,61,61,61,60,60,61,61,60,60,62,62,61,61,60,59,62,62,61,59,59,61,59,60,59,60,60,61,62,61,61,60,62,61,60,59,62,62,60,59,61,61,62,60,59,60,61,61,60,60,61,60,61,61,61,60,62,59,61,62,60,61,63,62,60,60,60,59,63,60,60,60,59,62,60,
61,62,61,62,62,63,61,60,63,61,61,62,60,63,61,61,62,62,60,60,60,61,60,62,61,60,61,62,61,63,62,61,62,61,60,63,60,62,61,60,61,61,60,61,62,61,62,60,60,62,63,62,61,62,63,62,60,61,61,61,60,61,61,61,62,62,60,61,62,61,62,62,62,61,62,60,61,62,60,63,61,61,61,62,61,62,63,61,60,62,63,62,61,62,60,61,62,63,63,63,61,62,62,61,61,61,61,61,61,61,62,63,60,62,61,60,63,61,61,62,61,62,60,62,60,60,60,60,61,62,62,61,61,60,60,60,61,61,62,62,62,62,63,61,60,61,62,62,61,60,61,61,60,63,62,61,61,62,62,61,61,61,63,61,60,62,61,60,61,61,62,61,60,61,62,61,61,62,63,60,61,62,63,61,62,62,60,62,60,62,61,61,61,62,60,61,61,63,60,61,62,60,61,62,60,60,60,61,60,61,61,61,62,62,61,62,60,62,61,62,60,60,60,60,61,63,62,61,61,60,62,63,63,62,62,63,61,60,62,61,61,61,61,61,62,63,61,61,60,64,60,61,61,61,60,62,
62,63,61,61,61,63,63,62,62,62,62,61,62,62,61,63,62,63,61,61,63,62,62,61,62,62,62,62,62,64,62,62,63,62,62,62,61,63,61,62,62,62,61,61,61,62,62,62,61,63,63,62,61,63,62,62,62,63,64,61,62,62,61,62,62,61,61,62,64,62,63,63,61,61,61,61,61,63,62,62,63,61,62,62,62,62,61,62,62,62,62,61,62,63,61,62,63,63,62,63,63,61,62,62,61,63,62,61,61,62,61,63,63,62,62,61,61,62,61,62,63,63,61,63,61,63,61,62,61,61,62,62,62,62,61,61,61,63,64,61,63,61,62,62,63,62,63,63,61,64,62,62,62,63,63,61,63,62,61,62,62,61,62,63,62,61,61,64,61,62,63,61,61,63,63,62,61,62,63,63,62,62,63,62,61,63,63,63,62,62,62,62,62,62,62,62,62,63,61,63,63,63,61,62,63,61,61,61,62,62,62,62,61,63,62,62,61,63,63,61,63,61,63,61,62,61,63,61,61,61,62,62,63,61,63,63,62,63,61,62,61,62,61,62,62,61,63,61,61,62,62,63,62,62,62,63,
63,62,62,63,62,63,62,63,62,63,62,62,63,63,63,62,62,62,63,62,63,63,62,62,62,63,63,62,62,63,63,63,63,63,63,62,63,62,64,62,63,63,63,62,62,62,63,62,63,64,63,63,62,62,63,62,64,63,62,62,63,62,62,63,63,63,63,62,63,63,63,63,62,62,62,62,64,62,64,64,62,63,62,63,62,62,62,62,62,63,63,63,63,62,62,63,64,64,63,63,63,62,62,62,62,62,63,62,62,64,63,62,63,63,62,63,62,62,62,62,64,63,63,62,62,62,63,63,63,63,64,62,63,64,63,62,62,64,63,63,64,63,62,63,63,63,62,63,62,64,62,62,62,64,63,62,63,62,62,63,63,63,63,62,64,62,64,64,63,63,62,63,64,62,64,63,62,63,62,64,62,62,63,64,64,62,64,63,63,62,63,64,62,63,62,62,64,63,64,63,63,63,62,62,62,64,62,63,62,63,62,63,63,63,64,63,63,63,62,64,63,62,62,63,62,62,63,63,63,62,63,62,63,62,62,63,63,62,62,62,62,62,62,62,63,63,62,62,63,64,63,62,62,62,62,63,
63,63,63,63,64,63,64,63,64,63,63,63,64,63,63,63,63,64,63,64,63,63,64,64,63,63,64,63,64,63,63,63,63,63,63,63,64,64,63,64,63,64,63,63,63,64,64,64,64,63,63,63,63,64,64,64,64,63,64,64,63,63,63,64,63,63,63,63,64,63,64,63,63,64,63,63,64,64,64,64,63,63,63,64,63,64,64,63,63,64,64,63,63,63,64,64,63,63,63,64,63,63,64,63,64,63,63,63,64,63,63,63,63,64,64,64,64,63,64,64,63,63,63,64,64,63,63,63,64,63,64,63,63,64,64,63,63,64,64,63,64,64,63,64,64,63,63,64,63,64,63,63,64,63,64,63,64,63,63,64,63,63,63,63,63,64,63,63,64,64,63,63,64,63,64,63,63,63,63,63,64,64,63,63,63,64,63,63,63,63,63,63,64,64,64,63,64,63,63,63,64,63,64,63,64,64,64,64,63,64,64,64,64,64,63,64,64,63,64,63,63,63,63,64,63,64,63,64,64,63,64,64,64,64,63,64,64,63,63,63,64,63,63,63,63,64,63,63,64,64,64,63,64,63,64,63,
64,64,64,64,64,64,64,64,64,64,64,64,64,64,64,64,64,64,64,64,64,64,64,64,64,64,64,64,64,64,64,64,64,64,64,64,64,64,64,64,64,64,64,64,64,64,64,64,64,64,64,64,64,64,64,64,64,64,64,64,64,64,64,64,64,64,64,64,64,64,64,64,64,64,64,64,64,64,64,64,64,64,64,64,64,64,64,64,64,64,64,64,64,64,64,64,64,64,64,64,64,64,64,64,64,64,64,64,64,64,64,64,64,64,64,64,64,64,64,64,64,64,64,64,64,64,64,64,64,64,64,64,64,64,64,64,64,64,64,64,64,64,64,64,64,64,64,64,64,64,64,64,64,64,64,64,64,64,64,64,64,64,64,64,64,64,64,64,64,64,64,64,64,64,64,64,64,64,64,64,64,64,64,64,64,64,64,64,64,64,64,64,64,64,64,64,64,64,64,64,64,64,64,64,64,64,64,64,64,64,64,64,64,64,64,64,64,64,64,64,64,64,64,64,64,64,64,64,64,64,64,64,64,64,64,64,64,64,64,64,64,64,64,64,64,64,64,64,64,64,64,64,64,64,64,64,