[64, 256, 128]
0,0,0,0,0,0,0,0,0,0,0,0,0,0,0,0,0,0,0,0,0,0,0,0,0,0,0,0,0,0,0,0,0,0,0,0,0,0,0,0,0,0,0,0,0,0,0,0,0,0,0,0,0,0,0,0,0,0,0,0,0,0,0,0,0,0,0,0,0,0,0,0,0,0,0,0,0,0,0,0,0,0,0,0,0,0,0,0,0,0,0,0,0,0,0,0,0,0,0,0,0,0,0,0,0,0,0,0,0,0,0,0,0,0,0,0,0,0,0,0,0,0,0,0,0,0,0,0,0,0,0,0,0,0,0,0,0,0,0,0,0,0,0,0,0,0,0,0,0,0,0,0,0,0,0,0,0,0,0,0,0,0,0,0,0,0,0,0,0,0,0,0,0,0,0,0,0,0,0,0,0,0,0,0,0,0,0,0,0,0,0,0,0,0,0,0,0,0,0,0,0,0,0,0,0,0,0,0,0,0,0,0,0,0,0,0,0,0,0,0,0,0,0,0,0,0,0,0,0,0,0,0,0,0,0,0,0,0,0,0,0,0,0,0,0,0,0,0,0,0,0,0,0,0,0,0,
0,0,0,0,0,0,0,0,0,0,0,0,0,0,0,0,0,0,0,0,0,0,0,0,0,0,0,0,0,0,0,0,0,0,0,0,0,0,0,0,0,0,0,0,0,0,0,0,0,0,0,0,0,0,0,0,0,0,0,0,0,0,0,0,0,0,0,0,0,0,0,0,0,0,0,0,0,0,0,0,0,0,0,0,0,0,0,0,0,0,0,0,0,0,0,0,0,0,0,0,0,0,0,0,0,0,0,0,0,0,0,0,0,0,0,0,0,0,0,0,0,0,0,0,0,0,0,0,0,0,0,0,0,0,0,0,0,0,0,0,0,0,0,0,0,0,0,0,0,0,0,0,0,0,0,0,0,0,0,0,0,0,0,0,0,0,0,0,0,0,0,0,0,0,0,0,0,0,0,0,0,0,0,0,0,0,0,0,0,0,0,0,0,0,0,0,0,0,0,0,0,0,0,0,0,0,0,0,0,0,0,0,0,0,0,0,0,0,0,0,0,0,0,0,0,0,0,0,0,0,0,0,0,0,0,0,0,0,0,0,0,0,0,0,0,0,0,0,0,0,0,0,0,0,0,0,
0,0,0,0,0,0,0,0,0,0,0,0,0,0,0,0,0,0,0,0,0,0,0,0,0,0,0,0,0,0,0,0,0,0,0,0,0,0,0,0,0,0,0,0,0,0,0,0,0,0,0,0,0,0,0,0,0,0,0,0,0,0,0,0,0,0,0,0,0,0,0,0,0,0,0,0,0,0,0,0,0,0,0,0,0,0,0,0,0,0,0,0,0,0,0,0,0,0,0,0,0,0,0,0,0,0,0,0,0,0,0,0,0,0,0,0,0,0,0,0,0,0,0,0,0,0,0,0,0,0,0,0,0,0,0,0,0,0,0,0,0,0,0,0,0,0,0,0,0,0,0,0,0,0,0,0,0,0,0,0,0,0,0,0,0,0,0,0,0,0,0,0,0,0,0,0,0,0,0,0,0,0,0,0,0,0,0,0,0,0,0,0,0,0,0,0,0,0,0,0,0,0,0,0,0,0,0,0,0,0,0,0,0,0,0,0,0,0,0,0,0,0,0,0,0,0,0,0,0,0,0,0,0,0,0,0,0,0,0,0,0,0,0,0,0,0,0,0,0,0,0,0,0,0,0,0,
0,0,0,0,0,0,0,0,0,0,0,0,0,0,0,0,0,0,0,0,0,0,0,0,0,0,0,0,0,0,0,0,0,0,0,0,0,0,0,0,0,0,0,0,0,0,0,0,0,0,0,0,0,0,0,0,0,0,0,0,0,0,0,0,0,0,0,0,0,0,0,0,0,0,0,0,0,0,0,0,0,0,0,0,0,0,0,0,0,0,0,0,0,0,0,0,0,0,0,0,0,0,0,0,0,0,0,0,0,0,0,0,0,0,0,0,0,0,0,0,0,0,0,0,0,0,0,0,0,0,0,0,0,0,0,0,0,0,0,0,0,0,0,0,0,0,0,0,0,0,0,0,0,0,0,0,0,0,0,0,0,0,0,0,0,0,0,0,0,0,0,0,0,0,0,0,0,0,0,0,0,0,0,0,0,0,0,0,0,0,0,0,0,0,0,0,0,0,0,0,0,0,0,0,0,0,0,0,0,0,0,0,0,0,0,0,0,0,0,0,0,0,0,0,0,0,0,0,0,0,0,0,0,0,0,0,0,0,0,0,0,0,0,0,0,0,0,0,0,0,0,0,0,0,0,0,
0,0,0,0,0,0,0,0,0,0,0,0,0,0,0,0,0,0,0,0,0,0,0,0,0,0,0,0,0,0,0,0,0,0,0,0,0,0,0,0,0,0,0,0,0,0,0,0,0,0,0,0,0,0,0,0,0,0,0,0,0,0,0,0,0,0,0,0,0,0,0,0,0,0,0,0,0,0,0,0,0,0,0,0,0,0,0,0,0,0,0,0,0,0,0,0,0,0,0,0,0,0,0,0,0,0,0,0,0,0,0,0,0,0,0,0,0,0,0,0,0,0,0,0,0,0,0,0,0,0,0,0,0,0,0,0,0,0,0,0,0,0,0,0,0,0,0,0,0,0,0,0,0,0,0,0,0,0,0,0,0,0,0,0,0,0,0,0,0,0,0,0,0,0,0,0,0,0,0,0,0,0,0,0,0,0,0,0,0,0,0,0,0,0,0,0,0,0,0,0,0,0,0,0,0,0,0,0,0,0,0,0,0,0,0,0,0,0,0,0,0,0,0,0,0,0,0,0,0,0,0,0,0,0,0,0,0,0,0,0,0,0,0,0,0,0,0,0,0,0,0,0,0,0,0,0,
0,0,0,0,0,0,0,0,0,0,0,0,0,0,0,0,0,0,0,0,0,0,0,0,0,0,0,0,0,0,0,0,0,0,0,0,0,0,0,0,0,0,0,0,0,0,0,0,0,0,0,0,0,0,0,0,0,0,0,0,0,0,0,0,0,0,0,0,0,0,0,0,0,0,0,0,0,0,0,0,0,0,0,0,0,0,0,0,0,0,0,0,0,0,0,0,0,0,0,0,0,0,0,0,0,0,0,0,0,0,0,0,0,0,0,0,0,0,0,0,0,0,0,0,0,0,0,0,0,0,0,0,0,0,0,0,0,0,0,0,0,0,0,0,0,0,0,0,0,0,0,0,0,0,0,0,0,0,0,0,0,0,0,0,0,0,0,0,0,0,0,0,0,0,0,0,0,0,0,0,0,0,0,0,0,0,0,0,0,0,0,0,0,0,0,0,0,0,0,0,0,0,0,0,0,0,0,0,0,0,0,0,0,0,0,0,0,0,0,0,0,0,0,0,0,0,0,0,0,0,0,0,0,0,0,0,0,0,0,0,0,0,0,0,0,0,0,0,0,0,0,0,0,0,0,0,
0,0,0,0,0,0,0,0,0,0,0,0,0,0,0,0,0,0,0,0,0,0,0,0,0,0,0,0,0,0,0,0,0,0,0,0,0,0,0,0,0,0,0,0,0,0,0,0,0,0,0,0,0,0,0,0,0,0,0,0,0,0,0,0,0,0,0,0,0,0,0,0,0,0,0,0,0,0,0,0,0,0,0,0,0,0,0,0,0,0,0,0,0,0,0,0,0,0,0,0,0,0,0,0,0,0,0,0,0,0,0,0,0,0,0,0,0,0,0,0,0,0,0,0,0,0,0,0,0,0,0,0,0,0,0,0,0,0,0,0,0,0,0,0,0,0,0,0,0,0,0,0,0,0,0,0,0,0,0,0,0,0,0,0,0,0,0,0,0,0,0,0,0,0,0,0,0,0,0,0,0,0,0,0,0,0,0,0,0,0,0,0,0,0,0,0,0,0,0,0,0,0,0,0,0,0,0,0,0,0,0,0,0,0,0,0,0,0,0,0,0,0,0,0,0,0,0,0,0,0,0,0,0,0,0,0,0,0,0,0,0,0,0,0,0,0,0,0,0,0,0,0,0,0,0,0,
0,0,0,0,0,0,0,0,0,0,0,0,0,0,0,0,0,0,0,0,0,0,0,0,0,0,0,0,0,0,0,0,0,0,0,0,0,0,0,0,0,0,0,0,0,0,0,0,0,0,0,0,0,0,0,0,0,0,0,0,0,0,0,0,0,0,0,0,0,0,0,0,0,0,0,0,0,0,0,0,0,0,0,0,0,0,0,0,0,0,0,0,0,0,0,0,0,0,0,0,0,0,0,0,0,0,0,0,0,0,0,0,0,0,0,0,0,0,0,0,0,0,0,0,0,0,0,0,0,0,0,0,0,0,0,0,0,0,0,0,0,0,0,0,0,0,0,0,0,0,0,0,0,0,0,0,0,0,0,0,0,0,0,0,0,0,0,0,0,0,0,0,0,0,0,0,0,0,0,0,0,0,0,0,0,0,0,0,0,0,0,0,0,0,0,0,0,0,0,0,0,0,0,0,0,0,0,0,0,0,0,0,0,0,0,0,0,0,0,0,0,0,0,0,0,0,0,0,0,0,0,0,0,0,0,0,0,0,0,0,0,0,0,0,0,0,0,0,0,0,0,0,0,0,0,0,
0,0,0,0,0,0,0,0,0,0,0,0,0,0,0,0,0,0,0,0,0,0,0,0,0,0,0,0,0,0,0,0,0,0,0,0,0,0,0,0,0,0,0,0,0,0,0,0,0,0,0,0,0,0,0,0,0,0,0,0,0,0,0,0,0,0,0,0,0,0,0,0,0,0,0,0,0,0,0,0,0,0,0,0,0,0,0,0,0,0,0,0,0,0,0,0,0,0,0,0,0,0,0,0,0,0,0,0,0,0,0,0,0,0,0,0,0,0,0,0,0,0,0,0,0,0,0,0,0,0,0,0,0,0,0,0,0,0,0,0,0,0,0,0,0,0,0,0,0,0,0,0,0,0,0,0,0,0,0,0,0,0,0,0,0,0,0,0,0,0,0,0,0,0,0,0,0,0,0,0,0,0,0,0,0,0,0,0,0,0,0,0,0,0,0,0,0,0,0,0,0,0,0,0,0,0,0,0,0,0,0,0,0,0,0,0,0,0,0,0,0,0,0,0,0,0,0,0,0,0,0,0,0,0,0,0,0,0,0,0,0,0,0,0,0,0,0,0,0,0,0,0,0,0,0,0,
0,0,0,0,0,0,0,0,0,0,0,0,0,0,0,0,0,0,0,0,0,0,0,0,0,0,0,0,0,0,0,0,0,0,0,0,0,0,0,0,0,0,0,0,0,0,0,0,0,0,0,0,0,0,0,0,0,0,0,0,0,0,0,0,0,0,0,0,0,0,0,0,0,0,0,0,0,0,0,0,0,0,0,0,0,0,0,0,0,0,0,0,0,0,0,0,0,0,0,0,0,0,0,0,0,0,0,0,0,0,0,0,0,0,0,0,0,0,0,0,0,0,0,0,0,0,0,0,0,0,0,0,0,0,0,0,0,0,0,0,0,0,0,0,0,0,0,0,0,0,0,0,0,0,0,0,0,0,0,0,0,0,0,0,0,0,0,0,0,0,0,0,0,0,0,0,0,0,0,0,0,0,0,0,0,0,0,0,0,0,0,0,0,0,0,0,0,0,0,0,0,0,0,0,0,0,0,0,0,0,0,0,0,0,0,0,0,0,0,0,0,0,0,0,0,0,0,0,0,0,0,0,0,0,0,0,0,0,0,0,0,0,0,0,0,0,0,0,0,0,0,0,0,0,0,0,
0,0,0,0,0,0,0,0,0,0,0,0,0,0,0,0,0,0,0,0,0,0,0,0,0,0,0,0,0,0,0,0,0,0,0,0,0,0,0,0,0,0,0,0,0,0,0,0,0,0,0,0,0,0,0,0,0,0,0,0,0,0,0,0,0,0,0,0,0,0,0,0,0,0,0,0,0,0,0,0,0,0,0,0,0,0,0,0,0,0,0,0,0,0,0,0,0,0,0,0,0,0,0,0,0,0,0,0,0,0,0,0,0,0,0,0,0,0,0,0,0,0,0,0,0,0,0,0,0,0,0,0,0,0,0,0,0,0,0,0,0,0,0,0,0,0,0,0,0,0,0,0,0,0,0,0,0,0,0,0,0,0,0,0,0,0,0,0,0,0,0,0,0,0,0,0,0,0,0,0,0,0,0,0,0,0,0,0,0,0,0,0,0,0,0,0,0,0,0,0,0,0,0,0,0,0,0,0,0,0,0,0,0,0,0,0,0,0,0,0,0,0,0,0,0,0,0,0,0,0,0,0,0,0,0,0,0,0,0,0,0,0,0,0,0,0,0,0,0,0,0,0,0,0,0,0,
0,0,0,0,0,0,0,0,0,0,0,0,0,0,0,0,0,0,0,0,0,0,0,0,0,0,0,0,0,0,0,0,0,0,0,0,0,0,0,0,0,0,0,0,0,0,0,0,0,0,0,0,0,0,0,0,0,0,0,0,0,0,0,0,0,0,0,0,0,0,0,0,0,0,0,0,0,0,0,0,0,0,0,0,0,0,0,0,0,0,0,0,0,0,0,0,0,0,0,0,0,0,0,0,0,0,0,0,0,0,0,0,0,0,0,0,0,0,0,0,0,0,0,0,0,0,0,0,0,0,0,0,0,0,0,0,0,0,0,0,0,0,0,0,0,0,0,0,0,0,0,0,0,0,0,0,0,0,0,0,0,0,0,0,0,0,0,0,0,0,0,0,0,0,0,0,0,0,0,0,0,0,0,0,0,0,0,0,0,0,0,0,0,0,0,0,0,0,0,0,0,0,0,0,0,0,0,0,0,0,0,0,0,0,0,0,0,0,0,0,0,0,0,0,0,0,0,0,0,0,0,0,0,0,0,0,0,0,0,0,0,0,0,0,0,0,0,0,0,0,0,0,0,0,0,0,
0,0,0,0,0,0,0,0,0,0,0,0,0,0,0,0,0,0,0,0,0,0,0,0,0,0,0,0,0,0,0,0,0,0,0,0,0,0,0,0,0,0,0,0,0,0,0,0,0,0,0,0,0,0,0,0,0,0,0,0,0,0,0,0,0,0,0,0,0,0,0,0,0,0,0,0,0,0,0,0,0,0,0,0,0,0,0,0,0,0,0,0,0,0,0,0,0,0,0,0,0,0,0,0,0,0,0,0,0,0,0,0,0,0,0,0,0,0,0,0,0,0,0,0,0,0,0,0,0,0,0,0,0,0,0,0,0,0,0,0,0,0,0,0,0,0,0,0,0,0,0,0,0,0,0,0,0,0,0,0,0,0,0,0,0,0,0,0,0,0,0,0,0,0,0,0,0,0,0,0,0,0,0,0,0,0,0,0,0,0,0,0,0,0,0,0,0,0,0,0,0,0,0,0,0,0,0,0,0,0,0,0,0,0,0,0,0,0,0,0,0,0,0,0,0,0,0,0,0,0,0,0,0,0,0,0,0,0,0,0,0,0,0,0,0,0,0,0,0,0,0,0,0,0,0,0,
0,0,0,0,0,0,0,0,0,0,0,0,0,0,0,0,0,0,0,0,0,0,0,0,0,0,0,0,0,0,0,0,0,0,0,0,0,0,0,0,0,0,0,0,0,0,0,0,0,0,0,0,0,0,0,0,0,0,0,0,0,0,0,0,0,0,0,0,0,0,0,0,0,0,0,0,0,0,0,0,0,0,0,0,0,0,0,0,0,0,0,0,0,0,0,0,0,0,0,0,0,0,0,0,0,0,0,0,0,0,0,0,0,0,0,0,0,0,0,0,0,0,0,0,0,0,0,0,0,0,0,0,0,0,0,0,0,0,0,0,0,0,0,0,0,0,0,0,0,0,0,0,0,0,0,0,0,0,0,0,0,0,0,0,0,0,0,0,0,0,0,0,0,0,0,0,0,0,0,0,0,0,0,0,0,0,0,0,0,0,0,0,0,0,0,0,0,0,0,0,0,0,0,0,0,0,0,0,0,0,0,0,0,0,0,0,0,0,0,0,0,0,0,0,0,0,0,0,0,0,0,0,0,0,0,0,0,0,0,0,0,0,0,0,0,0,0,0,0,0,0,0,0,0,0,0,
0,0,0,0,0,0,0,0,0,0,0,0,0,0,0,0,0,0,0,0,0,0,0,0,0,0,0,0,0,0,0,0,0,0,0,0,0,0,0,0,0,0,0,0,0,0,0,0,0,0,0,0,0,0,0,0,0,0,0,0,0,0,0,0,0,0,0,0,0,0,0,0,0,0,0,0,0,0,0,0,0,0,0,0,0,0,0,0,0,0,0,0,0,0,0,0,0,0,0,0,0,0,0,0,0,0,0,0,0,0,0,0,0,0,0,0,0,0,0,0,0,0,0,0,0,0,0,0,0,0,0,0,0,0,0,0,0,0,0,0,0,0,0,0,0,0,0,0,0,0,0,0,0,0,0,0,0,0,0,0,0,0,0,0,0,0,0,0,0,0,0,0,0,0,0,0,0,0,0,0,0,0,0,0,0,0,0,0,0,0,0,0,0,0,0,0,0,0,0,0,0,0,0,0,0,0,0,0,0,0,0,0,0,0,0,0,0,0,0,0,0,0,0,0,0,0,0,0,0,0,0,0,0,0,0,0,0,0,0,0,0,0,0,0,0,0,0,0,0,0,0,0,0,0,0,0,
0,0,0,0,0,0,0,0,0,0,0,0,0,0,0,0,0,0,0,0,0,0,0,0,0,0,0,0,0,0,0,0,0,0,0,0,0,0,0,0,0,0,0,0,0,0,0,0,0,0,0,0,0,0,0,0,0,0,0,0,0,0,0,0,0,0,0,0,0,0,0,0,0,0,0,0,0,0,0,0,0,0,0,0,0,0,0,0,0,0,0,0,0,0,0,0,0,0,0,0,0,0,0,0,0,0,0,0,0,0,0,0,0,0,0,0,0,0,0,0,0,0,0,0,0,0,0,0,0,0,0,0,0,0,0,0,0,0,0,0,0,0,0,0,0,0,0,0,0,0,0,0,0,0,0,0,0,0,0,0,0,0,0,0,0,0,0,0,0,0,0,0,0,0,0,0,0,0,0,0,0,0,0,0,0,0,0,0,0,0,0,0,0,0,0,0,0,0,0,0,0,0,0,0,0,0,0,0,0,0,0,0,0,0,0,0,0,0,0,0,0,0,0,0,0,0,0,0,0,0,0,0,0,0,0,0,0,0,0,0,0,0,0,0,0,0,0,0,0,0,0,0,0,0,0,0,
0,0,0,0,0,0,0,0,0,0,0,0,0,0,0,0,0,0,0,0,0,0,0,0,0,0,0,0,0,0,0,0,0,0,0,0,0,0,0,0,0,0,0,0,0,0,0,0,0,0,0,0,0,0,0,0,0,0,0,0,0,0,0,0,0,0,0,0,0,0,0,0,0,0,0,0,0,0,0,0,0,0,0,0,0,0,0,0,0,0,0,0,0,0,0,0,0,0,0,0,0,0,0,0,0,0,0,0,0,0,0,0,0,0,0,0,0,0,0,0,0,0,0,0,0,0,0,0,0,0,0,0,0,0,0,0,0,0,0,0,0,0,0,0,0,0,0,0,0,0,0,0,0,0,0,0,0,0,0,0,0,0,0,0,0,0,0,0,0,0,0,0,0,0,0,0,0,0,0,0,0,0,0,0,0,0,0,0,0,0,0,0,0,0,0,0,0,0,0,0,0,0,0,0,0,0,0,0,0,0,0,0,0,0,0,0,0,0,0,0,0,0,0,0,0,0,0,0,0,0,0,0,0,0,0,0,0,0,0,0,0,0,0,0,0,0,0,0,0,0,0,0,0,0,0,0,
0,0,0,0,0,0,0,0,0,0,0,0,0,0,0,0,0,0,0,0,0,0,0,0,0,0,0,0,0,0,0,0,0,0,0,0,0,0,0,0,0,0,0,0,0,0,0,0,0,0,0,0,0,0,0,0,0,0,0,0,0,0,0,0,0,0,0,0,0,0,0,0,0,0,0,0,0,0,0,0,0,0,0,0,0,0,0,0,0,0,0,0,0,0,0,0,0,0,0,0,0,0,0,0,0,0,0,0,0,0,0,0,0,0,0,0,0,0,0,0,0,0,0,0,0,0,0,0,0,0,0,0,0,0,0,0,0,0,0,0,0,0,0,0,0,0,0,0,0,0,0,0,0,0,0,0,0,0,0,0,0,0,0,0,0,0,0,0,0,0,0,0,0,0,0,0,0,0,0,0,0,0,0,0,0,0,0,0,0,0,0,0,0,0,0,0,0,0,0,0,0,0,0,0,0,0,0,0,0,0,0,0,0,0,0,0,0,0,0,0,0,0,0,0,0,0,0,0,0,0,0,0,0,0,0,0,0,0,0,0,0,0,0,0,0,0,0,0,0,0,0,0,0,0,0,0,
0,0,0,0,0,0,0,0,0,0,0,0,0,0,0,0,0,0,0,0,0,0,0,0,0,0,0,0,0,0,0,0,0,0,0,0,0,0,0,0,0,0,0,0,0,0,0,0,0,0,0,0,0,0,0,0,0,0,0,0,0,0,0,0,0,0,0,0,0,0,0,0,0,0,0,0,0,0,0,0,0,0,0,0,0,0,0,0,0,0,0,0,0,0,0,0,0,0,0,0,0,0,0,0,0,0,0,0,0,0,0,0,0,0,0,0,0,0,0,0,0,0,0,0,0,0,0,0,0,0,0,0,0,0,0,0,0,0,0,0,0,0,0,0,0,0,0,0,0,0,0,0,0,0,0,0,0,0,0,0,0,0,0,0,0,0,0,0,0,0,0,0,0,0,0,0,0,0,0,0,0,0,0,0,0,0,0,0,0,0,0,0,0,0,0,0,0,0,0,0,0,0,0,0,0,0,0,0,0,0,0,0,0,0,0,0,0,0,0,0,0,0,0,0,0,0,0,0,0,0,0,0,0,0,0,0,0,0,0,0,0,0,0,0,0,0,0,0,0,0,0,0,0,0,0,0,
0,0,0,0,0,0,0,0,0,0,0,0,0,0,0,0,0,0,0,0,0,0,0,0,0,0,0,0,0,0,0,0,0,0,0,0,0,0,0,0,0,0,0,0,0,0,0,0,0,0,0,0,0,0,0,0,0,0,0,0,0,0,0,0,0,0,0,0,0,0,0,0,0,0,0,0,0,0,0,0,0,0,0,0,0,0,0,0,0,0,0,0,0,0,0,0,0,0,0,0,0,0,0,0,0,0,0,0,0,0,0,0,0,0,0,0,0,0,0,0,0,0,0,0,0,0,0,0,0,0,0,0,0,0,0,0,0,0,0,0,0,0,0,0,0,0,0,0,0,0,0,0,0,0,0,0,0,0,0,0,0,0,0,0,0,0,0,0,0,0,0,0,0,0,0,0,0,0,0,0,0,0,0,0,0,0,0,0,0,0,0,0,0,0,0,0,0,0,0,0,0,0,0,0,0,0,0,0,0,0,0,0,0,0,0,0,0,0,0,0,0,0,0,0,0,0,0,0,0,0,0,0,0,0,0,0,0,0,0,0,0,0,0,0,0,0,0,0,0,0,0,0,0,0,0,0,
0,0,0,0,0,0,0,0,0,0,0,0,0,0,0,0,0,0,0,0,0,0,0,0,0,0,0,0,0,0,0,0,0,0,0,0,0,0,0,0,0,0,0,0,0,0,0,0,0,0,0,0,0,0,0,0,0,0,0,0,0,0,0,0,0,0,0,0,0,0,0,0,0,0,0,0,0,0,0,0,0,0,0,0,0,0,0,0,0,0,0,0,0,0,0,0,0,0,0,0,0,0,0,0,0,0,0,0,0,0,0,0,0,0,0,0,0,0,0,0,0,0,0,0,0,0,0,0,0,0,0,0,0,0,0,0,0,0,0,0,0,0,0,0,0,0,0,0,0,0,0,0,0,0,0,0,0,0,0,0,0,0,0,0,0,0,0,0,0,0,0,0,0,0,0,0,0,0,0,0,0,0,0,0,0,0,0,0,0,0,0,0,0,0,0,0,0,0,0,0,0,0,0,0,0,0,0,0,0,0,0,0,0,0,0,0,0,0,0,0,0,0,0,0,0,0,0,0,0,0,0,0,0,0,0,0,0,0,0,0,0,0,0,0,0,0,0,0,0,0,0,0,0,0,0,0,
0,0,0,0,0,0,0,0,0,0,0,0,0,0,0,0,0,0,0,0,0,0,0,0,0,0,0,0,0,0,0,0,0,0,0,0,0,0,0,0,0,0,0,0,0,0,0,0,0,0,0,0,0,0,0,0,0,0,0,0,0,0,0,0,0,0,0,0,0,0,0,0,0,0,0,0,0,0,0,0,0,0,0,0,0,0,0,0,0,0,0,0,0,0,0,0,0,0,0,0,0,0,0,0,0,0,0,0,0,0,0,0,0,0,0,0,0,0,0,0,0,0,0,0,0,0,0,0,0,0,0,0,0,0,0,0,0,0,0,0,0,0,0,0,0,0,0,0,0,0,0,0,0,0,0,0,0,0,0,0,0,0,0,0,0,0,0,0,0,0,0,0,0,0,0,0,0,0,0,0,0,0,0,0,0,0,0,0,0,0,0,0,0,0,0,0,0,0,0,0,0,0,0,0,0,0,0,0,0,0,0,0,0,0,0,0,0,0,0,0,0,0,0,0,0,0,0,0,0,0,0,0,0,0,0,0,0,0,0,0,0,0,0,0,0,0,0,0,0,0,0,0,0,0,0,0,
0,0,0,0,0,0,0,0,0,0,0,0,0,0,0,0,0,0,0,0,0,0,0,0,0,0,0,0,0,0,0,0,0,0,0,0,0,0,0,0,0,0,0,0,0,0,0,0,0,0,0,0,0,0,0,0,0,0,0,0,0,0,0,0,0,0,0,0,0,0,0,0,0,0,0,0,0,0,0,0,0,0,0,0,0,0,0,0,0,0,0,0,0,0,0,0,0,0,0,0,0,0,0,0,0,0,0,0,0,0,0,0,0,0,0,0,0,0,0,0,0,0,0,0,0,0,0,0,0,0,0,0,0,0,0,0,0,0,0,0,0,0,0,0,0,0,0,0,0,0,0,0,0,0,0,0,0,0,0,0,0,0,0,0,0,0,0,0,0,0,0,0,0,0,0,0,0,0,0,0,0,0,0,0,0,0,0,0,0,0,0,0,0,0,0,0,0,0,0,0,0,0,0,0,0,0,0,0,0,0,0,0,0,0,0,0,0,0,0,0,0,0,0,0,0,0,0,0,0,0,0,0,0,0,0,0,0,0,0,0,0,0,0,0,0,0,0,0,0,0,0,0,0,0,0,0,
0,0,0,0,0,0,0,0,0,0,0,0,0,0,0,0,0,0,0,0,0,0,0,0,0,0,0,0,0,0,0,0,0,0,0,0,0,0,0,0,0,0,0,0,0,0,0,0,0,0,0,0,0,0,0,0,0,0,0,0,0,0,0,0,0,0,0,0,0,0,0,0,0,0,0,0,0,0,0,0,0,0,0,0,0,0,0,0,0,0,0,0,0,0,0,0,0,0,0,0,0,0,0,0,0,0,0,0,0,0,0,0,0,0,0,0,0,0,0,0,0,0,0,0,0,0,0,0,0,0,0,0,0,0,0,0,0,0,0,0,0,0,0,0,0,0,0,0,0,0,0,0,0,0,0,0,0,0,0,0,0,0,0,0,0,0,0,0,0,0,0,0,0,0,0,0,0,0,0,0,0,0,0,0,0,0,0,0,0,0,0,0,0,0,0,0,0,0,0,0,0,0,0,0,0,0,0,0,0,0,0,0,0,0,0,0,0,0,0,0,0,0,0,0,0,0,0,0,0,0,0,0,0,0,0,0,0,0,0,0,0,0,0,0,0,0,0,0,0,0,0,0,0,0,0,0,
0,0,0,0,0,0,0,0,0,0,0,0,0,0,0,0,0,0,0,0,0,0,0,0,0,0,0,0,0,0,0,0,0,0,0,0,0,0,0,0,0,0,0,0,0,0,0,0,0,0,0,0,0,0,0,0,0,0,0,0,0,0,0,0,0,0,0,0,0,0,0,0,0,0,0,0,0,0,0,0,0,0,0,0,0,0,0,0,0,0,0,0,0,0,0,0,0,0,0,0,0,0,0,0,0,0,0,0,0,0,0,0,0,0,0,0,0,0,0,0,0,0,0,0,0,0,0,0,0,0,0,0,0,0,0,0,0,0,0,0,0,0,0,0,0,0,0,0,0,0,0,0,0,0,0,0,0,0,0,0,0,0,0,0,0,0,0,0,0,0,0,0,0,0,0,0,0,0,0,0,0,0,0,0,0,0,0,0,0,0,0,0,0,0,0,0,0,0,0,0,0,0,0,0,0,0,0,0,0,0,0,0,0,0,0,0,0,0,0,0,0,0,0,0,0,0,0,0,0,0,0,0,0,0,0,0,0,0,0,0,0,0,0,0,0,0,0,0,0,0,0,0,0,0,0,0,
0,0,0,0,0,0,0,0,0,0,0,0,0,0,0,0,0,0,0,0,0,0,0,0,0,0,0,0,0,0,0,0,0,0,0,0,0,0,0,0,0,0,0,0,0,0,0,0,0,0,0,0,0,0,0,0,0,0,0,0,0,0,0,0,0,0,0,0,0,0,0,0,0,0,0,0,0,0,0,0,0,0,0,0,0,0,0,0,0,0,0,0,0,0,0,0,0,0,0,0,0,0,0,0,0,0,0,0,0,0,0,0,0,0,0,0,0,0,0,0,0,0,0,0,0,0,0,0,0,0,0,0,0,0,0,0,0,0,0,0,0,0,0,0,0,0,0,0,0,0,0,0,0,0,0,0,0,0,0,0,0,0,0,0,0,0,0,0,0,0,0,0,0,0,0,0,0,0,0,0,0,0,0,0,0,0,0,0,0,0,0,0,0,0,0,0,0,0,0,0,0,0,0,0,0,0,0,0,0,0,0,0,0,0,0,0,0,0,0,0,0,0,0,0,0,0,0,0,0,0,0,0,0,0,0,0,0,0,0,0,0,0,0,0,0,0,0,0,0,0,0,0,0,0,0,0,
0,0,0,0,0,0,0,0,0,0,0,0,0,0,0,0,0,0,0,0,0,0,0,0,0,0,0,0,0,0,0,0,0,0,0,0,0,0,0,0,0,0,0,0,0,0,0,0,0,0,0,0,0,0,0,0,0,0,0,0,0,0,0,0,0,0,0,0,0,0,0,0,0,0,0,0,0,0,0,0,0,0,0,0,0,0,0,0,0,0,0,0,0,0,0,0,0,0,0,0,0,0,0,0,0,0,0,0,0,0,0,0,0,0,0,0,0,0,0,0,0,0,0,0,0,0,0,0,0,0,0,0,0,0,0,0,0,0,0,0,0,0,0,0,0,0,0,0,0,0,0,0,0,0,0,0,0,0,0,0,0,0,0,0,0,0,0,0,0,0,0,0,0,0,0,0,0,0,0,0,0,0,0,0,0,0,0,0,0,0,0,0,0,0,0,0,0,0,0,0,0,0,0,0,0,0,0,0,0,0,0,0,0,0,0,0,0,0,0,0,0,0,0,0,0,0,0,0,0,0,0,0,0,0,0,0,0,0,0,0,0,0,0,0,0,0,0,0,0,0,0,0,0,0,0,0,
0,0,0,0,0,0,0,0,0,0,0,0,0,0,0,0,0,0,0,0,0,0,0,0,0,0,0,0,0,0,0,0,0,0,0,0,0,0,0,0,0,0,0,0,0,0,0,0,0,0,0,0,0,0,0,0,0,0,0,0,0,0,0,0,0,0,0,0,0,0,0,0,0,0,0,0,0,0,0,0,0,0,0,0,0,0,0,0,0,0,0,0,0,0,0,0,0,0,0,0,0,0,0,0,0,0,0,0,0,0,0,0,0,0,0,0,0,0,0,0,0,0,0,0,0,0,0,0,0,0,0,0,0,0,0,0,0,0,0,0,0,0,0,0,0,0,0,0,0,0,0,0,0,0,0,0,0,0,0,0,0,0,0,0,0,0,0,0,0,0,0,0,0,0,0,0,0,0,0,0,0,0,0,0,0,0,0,0,0,0,0,0,0,0,0,0,0,0,0,0,0,0,0,0,0,0,0,0,0,0,0,0,0,0,0,0,0,0,0,0,0,0,0,0,0,0,0,0,0,0,0,0,0,0,0,0,0,0,0,0,0,0,0,0,0,0,0,0,0,0,0,0,0,0,0,0,
0,0,0,0,0,0,0,0,0,0,0,0,0,0,0,0,0,0,0,0,0,0,0,0,0,0,0,0,0,0,0,0,0,0,0,0,0,0,0,0,0,0,0,0,0,0,0,0,0,0,0,0,0,0,0,0,0,0,0,0,0,0,0,0,0,0,0,0,0,0,0,0,0,0,0,0,0,0,0,0,0,0,0,0,0,0,0,0,0,0,0,0,0,0,0,0,0,0,0,0,0,0,0,0,0,0,0,0,0,0,0,0,0,0,0,0,0,0,0,0,0,0,0,0,0,0,0,0,0,0,0,0,0,0,0,0,0,0,0,0,0,0,0,0,0,0,0,0,0,0,0,0,0,0,0,0,0,0,0,0,0,0,0,0,0,0,0,0,0,0,0,0,0,0,0,0,0,0,0,0,0,0,0,0,0,0,0,0,0,0,0,0,0,0,0,0,0,0,0,0,0,0,0,0,0,0,0,0,0,0,0,0,0,0,0,0,0,0,0,0,0,0,0,0,0,0,0,0,0,0,0,0,0,0,0,0,0,0,0,0,0,0,0,0,0,0,0,0,0,0,0,0,0,0,0,0,
0,0,0,0,0,0,0,0,0,0,0,0,0,0,0,0,0,0,0,0,0,0,0,0,0,0,0,0,0,0,0,0,0,0,0,0,0,0,0,0,0,0,0,0,0,0,0,0,0,0,0,0,0,0,0,0,0,0,0,0,0,0,0,0,0,0,0,0,0,0,0,0,0,0,0,0,0,0,0,0,0,0,0,0,0,0,0,0,0,0,0,0,0,0,0,0,0,0,0,0,0,0,0,0,0,0,0,0,0,0,0,0,0,0,0,0,0,0,0,0,0,0,0,0,0,0,0,0,0,0,0,0,0,0,0,0,0,0,0,0,0,0,0,0,0,0,0,0,0,0,0,0,0,0,0,0,0,0,0,0,0,0,0,0,0,0,0,0,0,0,0,0,0,0,0,0,0,0,0,0,0,0,0,0,0,0,0,0,0,0,0,0,0,0,0,0,0,0,0,0,0,0,0,0,0,0,0,0,0,0,0,0,0,0,0,0,0,0,0,0,0,0,0,0,0,0,0,0,0,0,0,0,0,0,0,0,0,0,0,0,0,0,0,0,0,0,0,0,0,0,0,0,0,0,0,0,
0,0,0,0,0,0,0,0,0,0,0,0,0,0,0,0,0,0,0,0,0,0,0,0,0,0,0,0,0,0,0,0,0,0,0,0,0,0,0,0,0,0,0,0,0,0,0,0,0,0,0,0,0,0,0,0,0,0,0,0,0,0,0,0,0,0,0,0,0,0,0,0,0,0,0,0,0,0,0,0,0,0,0,0,0,0,0,0,0,0,0,0,0,0,0,0,0,0,0,0,0,0,0,0,0,0,0,0,0,0,0,0,0,0,0,0,0,0,0,0,0,0,0,0,0,0,0,0,0,0,0,0,0,0,0,0,0,0,0,0,0,0,0,0,0,0,0,0,0,0,0,0,0,0,0,0,0,0,0,0,0,0,0,0,0,0,0,0,0,0,0,0,0,0,0,0,0,0,0,0,0,0,0,0,0,0,0,0,0,0,0,0,0,0,0,0,0,0,0,0,0,0,0,0,0,0,0,0,0,0,0,0,0,0,0,0,0,0,0,0,0,0,0,0,0,0,0,0,0,0,0,0,0,0,0,0,0,0,0,0,0,0,0,0,0,0,0,0,0,0,0,0,0,0,0,0,
0,0,0,0,0,0,0,0,0,0,0,0,0,0,0,0,0,0,0,0,0,0,0,0,0,0,0,0,0,0,0,0,0,0,0,0,0,0,0,0,0,0,0,0,0,0,0,0,0,0,0,0,0,0,0,0,0,0,0,0,0,0,0,0,0,0,0,0,0,0,0,0,0,0,0,0,0,0,0,0,0,0,0,0,0,0,0,0,0,0,0,0,0,0,0,0,0,0,0,0,0,0,0,0,0,0,0,0,0,0,0,0,0,0,0,0,0,0,0,0,0,0,0,0,0,0,0,0,0,0,0,0,0,0,0,0,0,0,0,0,0,0,0,0,0,0,0,0,0,0,0,0,0,0,0,0,0,0,0,0,0,0,0,0,0,0,0,0,0,0,0,0,0,0,0,0,0,0,0,0,0,0,0,0,0,0,0,0,0,0,0,0,0,0,0,0,0,0,0,0,0,0,0,0,0,0,0,0,0,0,0,0,0,0,0,0,0,0,0,0,0,0,0,0,0,0,0,0,0,0,0,0,0,0,0,0,0,0,0,0,0,0,0,0,0,0,0,0,0,0,0,0,0,0,0,0,
0,0,0,0,0,0,0,0,0,0,0,0,0,0,0,0,0,0,0,0,0,0,0,0,0,0,0,0,0,0,0,0,0,0,0,0,0,0,0,0,0,0,0,0,0,0,0,0,0,0,0,0,0,0,0,0,0,0,0,0,0,0,0,0,0,0,0,0,0,0,0,0,0,0,0,0,0,0,0,0,0,0,0,0,0,0,0,0,0,0,0,0,0,0,0,0,0,0,0,0,0,0,0,0,0,0,0,0,0,0,0,0,0,0,0,0,0,0,0,0,0,0,0,0,0,0,0,0,0,0,0,0,0,0,0,0,0,0,0,0,0,0,0,0,0,0,0,0,0,0,0,0,0,0,0,0,0,0,0,0,0,0,0,0,0,0,0,0,0,0,0,0,0,0,0,0,0,0,0,0,0,0,0,0,0,0,0,0,0,0,0,0,0,0,0,0,0,0,0,0,0,0,0,0,0,0,0,0,0,0,0,0,0,0,0,0,0,0,0,0,0,0,0,0,0,0,0,0,0,0,0,0,0,0,0,0,0,0,0,0,0,0,0,0,0,0,0,0,0,0,0,0,0,0,0,0,
0,0,0,0,0,0,0,0,0,0,0,0,0,0,0,0,0,0,0,0,0,0,0,0,0,0,0,0,0,0,0,0,0,0,0,0,0,0,0,0,0,0,0,0,0,0,0,0,0,0,0,0,0,0,0,0,0,0,0,0,0,0,0,0,0,0,0,0,0,0,0,0,0,0,0,0,0,0,0,0,0,0,0,0,0,0,0,0,0,0,0,0,0,0,0,0,0,0,0,0,0,0,0,0,0,0,0,0,0,0,0,0,0,0,0,0,0,0,0,0,0,0,0,0,0,0,0,0,0,0,0,0,0,0,0,0,0,0,0,0,0,0,0,0,0,0,0,0,0,0,0,0,0,0,0,0,0,0,0,0,0,0,0,0,0,0,0,0,0,0,0,0,0,0,0,0,0,0,0,0,0,0,0,0,0,0,0,0,0,0,0,0,0,0,0,0,0,0,0,0,0,0,0,0,0,0,0,0,0,0,0,0,0,0,0,0,0,0,0,0,0,0,0,0,0,0,0,0,0,0,0,0,0,0,0,0,0,0,0,0,0,0,0,0,0,0,0,0,0,0,0,0,0,0,0,0,
0,0,0,0,0,0,0,0,0,0,0,0,0,0,0,0,0,0,0,0,0,0,0,0,0,0,0,0,0,0,0,0,0,0,0,0,0,0,0,0,0,0,0,0,0,0,0,0,0,0,0,0,0,0,0,0,0,0,0,0,0,0,0,0,0,0,0,0,0,0,0,0,0,0,0,0,0,0,0,0,0,0,0,0,0,0,0,0,0,0,0,0,0,0,0,0,0,0,0,0,0,0,0,0,0,0,0,0,0,0,0,0,0,0,0,0,0,0,0,0,0,0,0,0,0,0,0,0,0,0,0,0,0,0,0,0,0,0,0,0,0,0,0,0,0,0,0,0,0,0,0,0,0,0,0,0,0,0,0,0,0,0,0,0,0,0,0,0,0,0,0,0,0,0,0,0,0,0,0,0,0,0,0,0,0,0,0,0,0,0,0,0,0,0,0,0,0,0,0,0,0,0,0,0,0,0,0,0,0,0,0,0,0,0,0,0,0,0,0,0,0,0,0,0,0,0,0,0,0,0,0,0,0,0,0,0,0,0,0,0,0,0,0,0,0,0,0,0,0,0,0,0,0,0,0,0,
0,0,0,0,0,0,0,0,0,0,0,0,0,0,0,0,0,0,0,0,0,0,0,0,0,0,0,0,0,0,0,0,0,0,0,0,0,0,0,0,0,0,0,0,0,0,0,0,0,0,0,0,0,0,0,0,0,0,0,0,0,0,0,0,0,0,0,0,0,0,0,0,0,0,0,0,0,0,0,0,0,0,0,0,0,0,0,0,0,0,0,0,0,0,0,0,0,0,0,0,0,0,0,0,0,0,0,0,0,0,0,0,0,0,0,0,0,0,0,0,0,0,0,0,0,0,0,0,0,0,0,0,0,0,0,0,0,0,0,0,0,0,0,0,0,0,0,0,0,0,0,0,0,0,0,0,0,0,0,0,0,0,0,0,0,0,0,0,0,0,0,0,0,0,0,0,0,0,0,0,0,0,0,0,0,0,0,0,0,0,0,0,0,0,0,0,0,0,0,0,0,0,0,0,0,0,0,0,0,0,0,0,0,0,0,0,0,0,0,0,0,0,0,0,0,0,0,0,0,0,0,0,0,0,0,0,0,0,0,0,0,0,0,0,0,0,0,0,0,0,0,0,0,0,0,0,
0,0,0,0,0,0,0,0,0,0,0,0,0,0,0,0,0,0,0,0,0,0,0,0,0,0,0,0,0,0,0,0,0,0,0,0,0,0,0,0,0,0,0,0,0,0,0,0,0,0,0,0,0,0,0,0,0,0,0,0,0,0,0,0,0,0,0,0,0,0,0,0,0,0,0,0,0,0,0,0,0,0,0,0,0,0,0,0,0,0,0,0,0,0,0,0,0,0,0,0,0,0,0,0,0,0,0,0,0,0,0,0,0,0,0,0,0,0,0,0,0,0,0,0,0,0,0,0,0,0,0,0,0,0,0,0,0,0,0,0,0,0,0,0,0,0,0,0,0,0,0,0,0,0,0,0,0,0,0,0,0,0,0,0,0,0,0,0,0,0,0,0,0,0,0,0,0,0,0,0,0,0,0,0,0,0,0,0,0,0,0,0,0,0,0,0,0,0,0,0,0,0,0,0,0,0,0,0,0,0,0,0,0,0,0,0,0,0,0,0,0,0,0,0,0,0,0,0,0,0,0,0,0,0,0,0,0,0,0,0,0,0,0,0,0,0,0,0,0,0,0,0,0,0,0,0,
0,0,0,0,0,0,0,0,0,0,0,0,0,0,0,0,0,0,0,0,0,0,0,0,0,0,0,0,0,0,0,0,0,0,0,0,0,0,0,0,0,0,0,0,0,0,0,0,0,0,0,0,0,0,0,0,0,0,0,0,0,0,0,0,0,0,0,0,0,0,0,0,0,0,0,0,0,0,0,0,0,0,0,0,0,0,0,0,0,0,0,0,0,0,0,0,0,0,0,0,0,0,0,0,0,0,0,0,0,0,0,0,0,0,0,0,0,0,0,0,0,0,0,0,0,0,0,0,0,0,0,0,0,0,0,0,0,0,0,0,0,0,0,0,0,0,0,0,0,0,0,0,0,0,0,0,0,0,0,0,0,0,0,0,0,0,0,0,0,0,0,0,0,0,0,0,0,0,0,0,0,0,0,0,0,0,0,0,0,0,0,0,0,0,0,0,0,0,0,0,0,0,0,0,0,0,0,0,0,0,0,0,0,0,0,0,0,0,0,0,0,0,0,0,0,0,0,0,0,0,0,0,0,0,0,0,0,0,0,0,0,0,0,0,0,0,0,0,0,0,0,0,0,0,0,0,
0,0,0,0,0,0,0,0,0,0,0,0,0,0,0,0,0,0,0,0,0,0,0,0,0,0,0,0,0,0,0,0,0,0,0,0,0,0,0,0,0,0,0,0,0,0,0,0,0,0,0,0,0,0,0,0,0,0,0,0,0,0,0,0,0,0,0,0,0,0,0,0,0,0,0,0,0,0,0,0,0,0,0,0,0,0,0,0,0,0,0,0,0,0,0,0,0,0,0,0,0,0,0,0,0,0,0,0,0,0,0,0,0,0,0,0,0,0,0,0,0,0,0,0,0,0,0,0,0,0,0,0,0,0,0,0,0,0,0,0,0,0,0,0,0,0,0,0,0,0,0,0,0,0,0,0,0,0,0,0,0,0,0,0,0,0,0,0,0,0,0,0,0,0,0,0,0,0,0,0,0,0,0,0,0,0,0,0,0,0,0,0,0,0,0,0,0,0,0,0,0,0,0,0,0,0,0,0,0,0,0,0,0,0,0,0,0,0,0,0,0,0,0,0,0,0,0,0,0,0,0,0,0,0,0,0,0,0,0,0,0,0,0,0,0,0,0,0,0,0,0,0,0,0,0,0,
0,0,0,0,0,0,0,0,0,0,0,0,0,0,0,0,0,0,0,0,0,0,0,0,0,0,0,0,0,0,0,0,0,0,0,0,0,0,0,0,0,0,0,0,0,0,0,0,0,0,0,0,0,0,0,0,0,0,0,0,0,0,0,0,0,0,0,0,0,0,0,0,0,0,0,0,0,0,0,0,0,0,0,0,0,0,0,0,0,0,0,0,0,0,0,0,0,0,0,0,0,0,0,0,0,0,0,0,0,0,0,0,0,0,0,0,0,0,0,0,0,0,0,0,0,0,0,0,0,0,0,0,0,0,0,0,0,0,0,0,0,0,0,0,0,0,0,0,0,0,0,0,0,0,0,0,0,0,0,0,0,0,0,0,0,0,0,0,0,0,0,0,0,0,0,0,0,0,0,0,0,0,0,0,0,0,0,0,0,0,0,0,0,0,0,0,0,0,0,0,0,0,0,0,0,0,0,0,0,0,0,0,0,0,0,0,0,0,0,0,0,0,0,0,0,0,0,0,0,0,0,0,0,0,0,0,0,0,0,0,0,0,0,0,0,0,0,0,0,0,0,0,0,0,0,0,
0,0,0,0,0,0,0,0,0,0,0,0,0,0,0,0,0,0,0,0,0,0,0,0,0,0,0,0,0,0,0,0,0,0,0,0,0,0,0,0,0,0,0,0,0,0,0,0,0,0,0,0,0,0,0,0,0,0,0,0,0,0,0,0,0,0,0,0,0,0,0,0,0,0,0,0,0,0,0,0,0,0,0,0,0,0,0,0,0,0,0,0,0,0,0,0,0,0,0,0,0,0,0,0,0,0,0,0,0,0,0,0,0,0,0,0,0,0,0,0,0,0,0,0,0,0,0,0,0,0,0,0,0,0,0,0,0,0,0,0,0,0,0,0,0,0,0,0,0,0,0,0,0,0,0,0,0,0,0,0,0,0,0,0,0,0,0,0,0,0,0,0,0,0,0,0,0,0,0,0,0,0,0,0,0,0,0,0,0,0,0,0,0,0,0,0,0,0,0,0,0,0,0,0,0,0,0,0,0,0,0,0,0,0,0,0,0,0,0,0,0,0,0,0,0,0,0,0,0,0,0,0,0,0,0,0,0,0,0,0,0,0,0,0,0,0,0,0,0,0,0,0,0,0,0,0,
0,0,0,0,0,0,0,0,0,0,0,0,0,0,0,0,0,0,0,0,0,0,0,0,0,0,0,0,0,0,0,0,0,0,0,0,0,0,0,0,0,0,0,0,0,0,0,0,0,0,0,0,0,0,0,0,0,0,0,0,0,0,0,0,0,0,0,0,0,0,0,0,0,0,0,0,0,0,0,0,0,0,0,0,0,0,0,0,0,0,0,0,0,0,0,0,0,0,0,0,0,0,0,0,0,0,0,0,0,0,0,0,0,0,0,0,0,0,0,0,0,0,0,0,0,0,0,0,0,0,0,0,0,0,0,0,0,0,0,0,0,0,0,0,0,0,0,0,0,0,0,0,0,0,0,0,0,0,0,0,0,0,0,0,0,0,0,0,0,0,0,0,0,0,0,0,0,0,0,0,0,0,0,0,0,0,0,0,0,0,0,0,0,0,0,0,0,0,0,0,0,0,0,0,0,0,0,0,0,0,0,0,0,0,0,0,0,0,0,0,0,0,0,0,0,0,0,0,0,0,0,0,0,0,0,0,0,0,0,0,0,0,0,0,0,0,0,0,0,0,0,0,0,0,0,0,
0,0,0,0,0,0,0,0,0,0,0,0,0,0,0,0,0,0,0,0,0,0,0,0,0,0,0,0,0,0,0,0,0,0,0,0,0,0,0,0,0,0,0,0,0,0,0,0,0,0,0,0,0,0,0,0,0,0,0,0,0,0,0,0,0,0,0,0,0,0,0,0,0,0,0,0,0,0,0,0,0,0,0,0,0,0,0,0,0,0,0,0,0,0,0,0,0,0,0,0,0,0,0,0,0,0,0,0,0,0,0,0,0,0,0,0,0,0,0,0,0,0,0,0,0,0,0,0,0,0,0,0,0,0,0,0,0,0,0,0,0,0,0,0,0,0,0,0,0,0,0,0,0,0,0,0,0,0,0,0,0,0,0,0,0,0,0,0,0,0,0,0,0,0,0,0,0,0,0,0,0,0,0,0,0,0,0,0,0,0,0,0,0,0,0,0,0,0,0,0,0,0,0,0,0,0,0,0,0,0,0,0,0,0,0,0,0,0,0,0,0,0,0,0,0,0,0,0,0,0,0,0,0,0,0,0,0,0,0,0,0,0,0,0,0,0,0,0,0,0,0,0,0,0,0,0,
0,0,0,0,0,0,0,0,0,0,0,0,0,0,0,0,0,0,0,0,0,0,0,0,0,0,0,0,0,0,0,0,0,0,0,0,0,0,0,0,0,0,0,0,0,0,0,0,0,0,0,0,0,0,0,0,0,0,0,0,0,0,0,0,0,0,0,0,0,0,0,0,0,0,0,0,0,0,0,0,0,0,0,0,0,0,0,0,0,0,0,0,0,0,0,0,0,0,0,0,0,0,0,0,0,0,0,0,0,0,0,0,0,0,0,0,0,0,0,0,0,0,0,0,0,0,0,0,0,0,0,0,0,0,0,0,0,0,0,0,0,0,0,0,0,0,0,0,0,0,0,0,0,0,0,0,0,0,0,0,0,0,0,0,0,0,0,0,0,0,0,0,0,0,0,0,0,0,0,0,0,0,0,0,0,0,0,0,0,0,0,0,0,0,0,0,0,0,0,0,0,0,0,0,0,0,0,0,0,0,0,0,0,0,0,0,0,0,0,0,0,0,0,0,0,0,0,0,0,0,0,0,0,0,0,0,0,0,0,0,0,0,0,0,0,0,0,0,0,0,0,0,0,0,0,0,
0,0,0,0,0,0,0,0,0,0,0,0,0,0,0,0,0,0,0,0,0,0,0,0,0,0,0,0,0,0,0,0,0,0,0,0,0,0,0,0,0,0,0,0,0,0,0,0,0,0,0,0,0,0,0,0,0,0,0,0,0,0,0,0,0,0,0,0,0,0,0,0,0,0,0,0,0,0,0,0,0,0,0,0,0,0,0,0,0,0,0,0,0,0,0,0,0,0,0,0,0,0,0,0,0,0,0,0,0,0,0,0,0,0,0,0,0,0,0,0,0,0,0,0,0,0,0,0,0,0,0,0,0,0,0,0,0,0,0,0,0,0,0,0,0,0,0,0,0,0,0,0,0,0,0,0,0,0,0,0,0,0,0,0,0,0,0,0,0,0,0,0,0,0,0,0,0,0,0,0,0,0,0,0,0,0,0,0,0,0,0,0,0,0,0,0,0,0,0,0,0,0,0,0,0,0,0,0,0,0,0,0,0,0,0,0,0,0,0,0,0,0,0,0,0,0,0,0,0,0,0,0,0,0,0,0,0,0,0,0,0,0,0,0,0,0,0,0,0,0,0,0,0,0,0,0,
0,0,0,0,0,0,0,0,0,0,0,0,0,0,0,0,0,0,0,0,0,0,0,0,0,0,0,0,0,0,0,0,0,0,0,0,0,0,0,0,0,0,0,0,0,0,0,0,0,0,0,0,0,0,0,0,0,0,0,0,0,0,0,0,0,0,0,0,0,0,0,0,0,0,0,0,0,0,0,0,0,0,0,0,0,0,0,0,0,0,0,0,0,0,0,0,0,0,0,0,0,0,0,0,0,0,0,0,0,0,0,0,0,0,0,0,0,0,0,0,0,0,0,0,0,0,0,0,0,0,0,0,0,0,0,0,0,0,0,0,0,0,0,0,0,0,0,0,0,0,0,0,0,0,0,0,0,0,0,0,0,0,0,0,0,0,0,0,0,0,0,0,0,0,0,0,0,0,0,0,0,0,0,0,0,0,0,0,0,0,0,0,0,0,0,0,0,0,0,0,0,0,0,0,0,0,0,0,0,0,0,0,0,0,0,0,0,0,0,0,0,0,0,0,0,0,0,0,0,0,0,0,0,0,0,0,0,0,0,0,0,0,0,0,0,0,0,0,0,0,0,0,0,0,0,0,
0,0,0,0,0,0,0,0,0,0,0,0,0,0,0,0,0,0,0,0,0,0,0,0,0,0,0,0,0,0,0,0,0,0,0,0,0,0,0,0,0,0,0,0,0,0,0,0,0,0,0,0,0,0,0,0,0,0,0,0,0,0,0,0,0,0,0,0,0,0,0,0,0,0,0,0,0,0,0,0,0,0,0,0,0,0,0,0,0,0,0,0,0,0,0,0,0,0,0,0,0,0,0,0,0,0,0,0,0,0,0,0,0,0,0,0,0,0,0,0,0,0,0,0,0,0,0,0,0,0,0,0,0,0,0,0,0,0,0,0,0,0,0,0,0,0,0,0,0,0,0,0,0,0,0,0,0,0,0,0,0,0,0,0,0,0,0,0,0,0,0,0,0,0,0,0,0,0,0,0,0,0,0,0,0,0,0,0,0,0,0,0,0,0,0,0,0,0,0,0,0,0,0,0,0,0,0,0,0,0,0,0,0,0,0,0,0,0,0,0,0,0,0,0,0,0,0,0,0,0,0,0,0,0,0,0,0,0,0,0,0,0,0,0,0,0,0,0,0,0,0,0,0,0,0,0,
0,0,0,0,0,0,0,0,0,0,0,0,0,0,0,0,0,0,0,0,0,0,0,0,0,0,0,0,0,0,0,0,0,0,0,0,0,0,0,0,0,0,0,0,0,0,0,0,0,0,0,0,0,0,0,0,0,0,0,0,0,0,0,0,0,0,0,0,0,0,0,0,0,0,0,0,0,0,0,0,0,0,0,0,0,0,0,0,0,0,0,0,0,0,0,0,0,0,0,0,0,0,0,0,0,0,0,0,0,0,0,0,0,0,0,0,0,0,0,0,0,0,0,0,0,0,0,0,0,0,0,0,0,0,0,0,0,0,0,0,0,0,0,0,0,0,0,0,0,0,0,0,0,0,0,0,0,0,0,0,0,0,0,0,0,0,0,0,0,0,0,0,0,0,0,0,0,0,0,0,0,0,0,0,0,0,0,0,0,0,0,0,0,0,0,0,0,0,0,0,0,0,0,0,0,0,0,0,0,0,0,0,0,0,0,0,0,0,0,0,0,0,0,0,0,0,0,0,0,0,0,0,0,0,0,0,0,0,0,0,0,0,0,0,0,0,0,0,0,0,0,0,0,0,0,0,
0,0,0,0,0,0,0,0,0,0,0,0,0,0,0,0,0,0,0,0,0,0,0,0,0,0,0,0,0,0,0,0,0,0,0,0,0,0,0,0,0,0,0,0,0,0,0,0,0,0,0,0,0,0,0,0,0,0,0,0,0,0,0,0,0,0,0,0,0,0,0,0,0,0,0,0,0,0,0,0,0,0,0,0,0,0,0,0,0,0,0,0,0,0,0,0,0,0,0,0,0,0,0,0,0,0,0,0,0,0,0,0,0,0,0,0,0,0,0,0,0,0,0,0,0,0,0,0,0,0,0,0,0,0,0,0,0,0,0,0,0,0,0,0,0,0,0,0,0,0,0,0,0,0,0,0,0,0,0,0,0,0,0,0,0,0,0,0,0,0,0,0,0,0,0,0,0,0,0,0,0,0,0,0,0,0,0,0,0,0,0,0,0,0,0,0,0,0,0,0,0,0,0,0,0,0,0,0,0,0,0,0,0,0,0,0,0,0,0,0,0,0,0,0,0,0,0,0,0,0,0,0,0,0,0,0,0,0,0,0,0,0,0,0,0,0,0,0,0,0,0,0,0,0,0,0,
0,0,0,0,0,0,0,0,0,0,0,0,0,0,0,0,0,0,0,0,0,0,0,0,0,0,0,0,0,0,0,0,0,0,0,0,0,0,0,0,0,0,0,0,0,0,0,0,0,0,0,0,0,0,0,0,0,0,0,0,0,0,0,0,0,0,0,0,0,0,0,0,0,0,0,0,0,0,0,0,0,0,0,0,0,0,0,0,0,0,0,0,0,0,0,0,0,0,0,0,0,0,0,0,0,0,0,0,0,0,0,0,0,0,0,0,0,0,0,0,0,0,0,0,0,0,0,0,0,0,0,0,0,0,0,0,0,0,0,0,0,0,0,0,0,0,0,0,0,0,0,0,0,0,0,0,0,0,0,0,0,0,0,0,0,0,0,0,0,0,0,0,0,0,0,0,0,0,0,0,0,0,0,0,0,0,0,0,0,0,0,0,0,0,0,0,0,0,0,0,0,0,0,0,0,0,0,0,0,0,0,0,0,0,0,0,0,0,0,0,0,0,0,0,0,0,0,0,0,0,0,0,0,0,0,0,0,0,0,0,0,0,0,0,0,0,0,0,0,0,0,0,0,0,0,0,
0,0,0,0,0,0,0,0,0,0,0,0,0,0,0,0,0,0,0,0,0,0,0,0,0,0,0,0,0,0,0,0,0,0,0,0,0,0,0,0,0,0,0,0,0,0,0,0,0,0,0,0,0,0,0,0,0,0,0,0,0,0,0,0,0,0,0,0,0,0,0,0,0,0,0,0,0,0,0,0,0,0,0,0,0,0,0,0,0,0,0,0,0,0,0,0,0,0,0,0,0,0,0,0,0,0,0,0,0,0,0,0,0,0,0,0,0,0,0,0,0,0,0,0,0,0,0,0,0,0,0,0,0,0,0,0,0,0,0,0,0,0,0,0,0,0,0,0,0,0,0,0,0,0,0,0,0,0,0,0,0,0,0,0,0,0,0,0,0,0,0,0,0,0,0,0,0,0,0,0,0,0,0,0,0,0,0,0,0,0,0,0,0,0,0,0,0,0,0,0,0,0,0,0,0,0,0,0,0,0,0,0,0,0,0,0,0,0,0,0,0,0,0,0,0,0,0,0,0,0,0,0,0,0,0,0,0,0,0,0,0,0,0,0,0,0,0,0,0,0,0,0,0,0,0,0,
0,0,0,0,0,0,0,0,0,0,0,0,0,0,0,0,0,0,0,0,0,0,0,0,0,0,0,0,0,0,0,0,0,0,0,0,0,0,0,0,0,0,0,0,0,0,0,0,0,0,0,0,0,0,0,0,0,0,0,0,0,0,0,0,0,0,0,0,0,0,0,0,0,0,0,0,0,0,0,0,0,0,0,0,0,0,0,0,0,0,0,0,0,0,0,0,0,0,0,0,0,0,0,0,0,0,0,0,0,0,0,0,0,0,0,0,0,0,0,0,0,0,0,0,0,0,0,0,0,0,0,0,0,0,0,0,0,0,0,0,0,0,0,0,0,0,0,0,0,0,0,0,0,0,0,0,0,0,0,0,0,0,0,0,0,0,0,0,0,0,0,0,0,0,0,0,0,0,0,0,0,0,0,0,0,0,0,0,0,0,0,0,0,0,0,0,0,0,0,0,0,0,0,0,0,0,0,0,0,0,0,0,0,0,0,0,0,0,0,0,0,0,0,0,0,0,0,0,0,0,0,0,0,0,0,0,0,0,0,0,0,0,0,0,0,0,0,0,0,0,0,0,0,0,0,0,
0,0,0,0,0,0,0,0,0,0,0,0,0,0,0,0,0,0,0,0,0,0,0,0,0,0,0,0,0,0,0,0,0,0,0,0,0,0,0,0,0,0,0,0,0,0,0,0,0,0,0,0,0,0,0,0,0,0,0,0,0,0,0,0,0,0,0,0,0,0,0,0,0,0,0,0,0,0,0,0,0,0,0,0,0,0,0,0,0,0,0,0,0,0,0,0,0,0,0,0,0,0,0,0,0,0,0,0,0,0,0,0,0,0,0,0,0,0,0,0,0,0,0,0,0,0,0,0,0,0,0,0,0,0,0,0,0,0,0,0,0,0,0,0,0,0,0,0,0,0,0,0,0,0,0,0,0,0,0,0,0,0,0,0,0,0,0,0,0,0,0,0,0,0,0,0,0,0,0,0,0,0,0,0,0,0,0,0,0,0,0,0,0,0,0,0,0,0,0,0,0,0,0,0,0,0,0,0,0,0,0,0,0,0,0,0,0,0,0,0,0,0,0,0,0,0,0,0,0,0,0,0,0,0,0,0,0,0,0,0,0,0,0,0,0,0,0,0,0,0,0,0,0,0,0,0,
0,0,0,0,0,0,0,0,0,0,0,0,0,0,0,0,0,0,0,0,0,0,0,0,0,0,0,0,0,0,0,0,0,0,0,0,0,0,0,0,0,0,0,0,0,0,0,0,0,0,0,0,0,0,0,0,0,0,0,0,0,0,0,0,0,0,0,0,0,0,0,0,0,0,0,0,0,0,0,0,0,0,0,0,0,0,0,0,0,0,0,0,0,0,0,0,0,0,0,0,0,0,0,0,0,0,0,0,0,0,0,0,0,0,0,0,0,0,0,0,0,0,0,0,0,0,0,0,0,0,0,0,0,0,0,0,0,0,0,0,0,0,0,0,0,0,0,0,0,0,0,0,0,0,0,0,0,0,0,0,0,0,0,0,0,0,0,0,0,0,0,0,0,0,0,0,0,0,0,0,0,0,0,0,0,0,0,0,0,0,0,0,0,0,0,0,0,0,0,0,0,0,0,0,0,0,0,0,0,0,0,0,0,0,0,0,0,0,0,0,0,0,0,0,0,0,0,0,0,0,0,0,0,0,0,0,0,0,0,0,0,0,0,0,0,0,0,0,0,0,0,0,0,0,0,0,
0,0,0,0,0,0,0,0,0,0,0,0,0,0,0,0,0,0,0,0,0,0,0,0,0,0,0,0,0,0,0,0,0,0,0,0,0,0,0,0,0,0,0,0,0,0,0,0,0,0,0,0,0,0,0,0,0,0,0,0,0,0,0,0,0,0,0,0,0,0,0,0,0,0,0,0,0,0,0,0,0,0,0,0,0,0,0,0,0,0,0,0,0,0,0,0,0,0,0,0,0,0,0,0,0,0,0,0,0,0,0,0,0,0,0,0,0,0,0,0,0,0,0,0,0,0,0,0,0,0,0,0,0,0,0,0,0,0,0,0,0,0,0,0,0,0,0,0,0,0,0,0,0,0,0,0,0,0,0,0,0,0,0,0,0,0,0,0,0,0,0,0,0,0,0,0,0,0,0,0,0,0,0,0,0,0,0,0,0,0,0,0,0,0,0,0,0,0,0,0,0,0,0,0,0,0,0,0,0,0,0,0,0,0,0,0,0,0,0,0,0,0,0,0,0,0,0,0,0,0,0,0,0,0,0,0,0,0,0,0,0,0,0,0,0,0,0,0,0,0,0,0,0,0,0,0,
0,0,0,0,0,0,0,0,0,0,0,0,0,0,0,0,0,0,0,0,0,0,0,0,0,0,0,0,0,0,0,0,0,0,0,0,0,0,0,0,0,0,0,0,0,0,0,0,0,0,0,0,0,0,0,0,0,0,0,0,0,0,0,0,0,0,0,0,0,0,0,0,0,0,0,0,0,0,0,0,0,0,0,0,0,0,0,0,0,0,0,0,0,0,0,0,0,0,0,0,0,0,0,0,0,0,0,0,0,0,0,0,0,0,0,0,0,0,0,0,0,0,0,0,0,0,0,0,0,0,0,0,0,0,0,0,0,0,0,0,0,0,0,0,0,0,0,0,0,0,0,0,0,0,0,0,0,0,0,0,0,0,0,0,0,0,0,0,0,0,0,0,0,0,0,0,0,0,0,0,0,0,0,0,0,0,0,0,0,0,0,0,0,0,0,0,0,0,0,0,0,0,0,0,0,0,0,0,0,0,0,0,0,0,0,0,0,0,0,0,0,0,0,0,0,0,0,0,0,0,0,0,0,0,0,0,0,0,0,0,0,0,0,0,0,0,0,0,0,0,0,0,0,0,0,0,
0,0,0,0,0,0,0,0,0,0,0,0,0,0,0,0,0,0,0,0,0,0,0,0,0,0,0,0,0,0,0,0,0,0,0,0,0,0,0,0,0,0,0,0,0,0,0,0,0,0,0,0,0,0,0,0,0,0,0,0,0,0,0,0,0,0,0,0,0,0,0,0,0,0,0,0,0,0,0,0,0,0,0,0,0,0,0,0,0,0,0,0,0,0,0,0,0,0,0,0,0,0,0,0,0,0,0,0,0,0,0,0,0,0,0,0,0,0,0,0,0,0,0,0,0,0,0,0,0,0,0,0,0,0,0,0,0,0,0,0,0,0,0,0,0,0,0,0,0,0,0,0,0,0,0,0,0,0,0,0,0,0,0,0,0,0,0,0,0,0,0,0,0,0,0,0,0,0,0,0,0,0,0,0,0,0,0,0,0,0,0,0,0,0,0,0,0,0,0,0,0,0,0,0,0,0,0,0,0,0,0,0,0,0,0,0,0,0,0,0,0,0,0,0,0,0,0,0,0,0,0,0,0,0,0,0,0,0,0,0,0,0,0,0,0,0,0,0,0,0,0,0,0,0,0,0,
0,0,0,0,0,0,0,0,0,0,0,0,0,0,0,0,0,0,0,0,0,0,0,0,0,0,0,0,0,0,0,0,0,0,0,0,0,0,0,0,0,0,0,0,0,0,0,0,0,0,0,0,0,0,0,0,0,0,0,0,0,0,0,0,0,0,0,0,0,0,0,0,0,0,0,0,0,0,0,0,0,0,0,0,0,0,0,0,0,0,0,0,0,0,0,0,0,0,0,0,0,0,0,0,0,0,0,0,0,0,0,0,0,0,0,0,0,0,0,0,0,0,0,0,0,0,0,0,0,0,0,0,0,0,0,0,0,0,0,0,0,0,0,0,0,0,0,0,0,0,0,0,0,0,0,0,0,0,0,0,0,0,0,0,0,0,0,0,0,0,0,0,0,0,0,0,0,0,0,0,0,0,0,0,0,0,0,0,0,0,0,0,0,0,0,0,0,0,0,0,0,0,0,0,0,0,0,0,0,0,0,0,0,0,0,0,0,0,0,0,0,0,0,0,0,0,0,0,0,0,0,0,0,0,0,0,0,0,0,0,0,0,0,0,0,0,0,0,0,0,0,0,0,0,0,0,
0,0,0,0,0,0,0,0,0,0,0,0,0,0,0,0,0,0,0,0,0,0,0,0,0,0,0,0,0,0,0,0,0,0,0,0,0,0,0,0,0,0,0,0,0,0,0,0,0,0,0,0,0,0,0,0,0,0,0,0,0,0,0,0,0,0,0,0,0,0,0,0,0,0,0,0,0,0,0,0,0,0,0,0,0,0,0,0,0,0,0,0,0,0,0,0,0,0,0,0,0,0,0,0,0,0,0,0,0,0,0,0,0,0,0,0,0,0,0,0,0,0,0,0,0,0,0,0,0,0,0,0,0,0,0,0,0,0,0,0,0,0,0,0,0,0,0,0,0,0,0,0,0,0,0,0,0,0,0,0,0,0,0,0,0,0,0,0,0,0,0,0,0,0,0,0,0,0,0,0,0,0,0,0,0,0,0,0,0,0,0,0,0,0,0,0,0,0,0,0,0,0,0,0,0,0,0,0,0,0,0,0,0,0,0,0,0,0,0,0,0,0,0,0,0,0,0,0,0,0,0,0,0,0,0,0,0,0,0,0,0,0,0,0,0,0,0,0,0,0,0,0,0,0,0,0,
0,0,0,0,0,0,0,0,0,0,0,0,0,0,0,0,0,0,0,0,0,0,0,0,0,0,0,0,0,0,0,0,0,0,0,0,0,0,0,0,0,0,0,0,0,0,0,0,0,0,0,0,0,0,0,0,0,0,0,0,0,0,0,0,0,0,0,0,0,0,0,0,0,0,0,0,0,0,0,0,0,0,0,0,0,0,0,0,0,0,0,0,0,0,0,0,0,0,0,0,0,0,0,0,0,0,0,0,0,0,0,0,0,0,0,0,0,0,0,0,0,0,0,0,0,0,0,0,0,0,0,0,0,0,0,0,0,0,0,0,0,0,0,0,0,0,0,0,0,0,0,0,0,0,0,0,0,0,0,0,0,0,0,0,0,0,0,0,0,0,0,0,0,0,0,0,0,0,0,0,0,0,0,0,0,0,0,0,0,0,0,0,0,0,0,0,0,0,0,0,0,0,0,0,0,0,0,0,0,0,0,0,0,0,0,0,0,0,0,0,0,0,0,0,0,0,0,0,0,0,0,0,0,0,0,0,0,0,0,0,0,0,0,0,0,0,0,0,0,0,0,0,0,0,0,0,
0,0,0,0,0,0,0,0,0,0,0,0,0,0,0,0,0,0,0,0,0,0,0,0,0,0,0,0,0,0,0,0,0,0,0,0,0,0,0,0,0,0,0,0,0,0,0,0,0,0,0,0,0,0,0,0,0,0,0,0,0,0,0,0,0,0,0,0,0,0,0,0,0,0,0,0,0,0,0,0,0,0,0,0,0,0,0,0,0,0,0,0,0,0,0,0,0,0,0,0,0,0,0,0,0,0,0,0,0,0,0,0,0,0,0,0,0,0,0,0,0,0,0,0,0,0,0,0,0,0,0,0,0,0,0,0,0,0,0,0,0,0,0,0,0,0,0,0,0,0,0,0,0,0,0,0,0,0,0,0,0,0,0,0,0,0,0,0,0,0,0,0,0,0,0,0,0,0,0,0,0,0,0,0,0,0,0,0,0,0,0,0,0,0,0,0,0,0,0,0,0,0,0,0,0,0,0,0,0,0,0,0,0,0,0,0,0,0,0,0,0,0,0,0,0,0,0,0,0,0,0,0,0,0,0,0,0,0,0,0,0,0,0,0,0,0,0,0,0,0,0,0,0,0,0,0,
0,0,0,0,0,0,0,0,0,0,0,0,0,0,0,0,0,0,0,0,0,0,0,0,0,0,0,0,0,0,0,0,0,0,0,0,0,0,0,0,0,0,0,0,0,0,0,0,0,0,0,0,0,0,0,0,0,0,0,0,0,0,0,0,0,0,0,0,0,0,0,0,0,0,0,0,0,0,0,0,0,0,0,0,0,0,0,0,0,0,0,0,0,0,0,0,0,0,0,0,0,0,0,0,0,0,0,0,0,0,0,0,0,0,0,0,0,0,0,0,0,0,0,0,0,0,0,0,0,0,0,0,0,0,0,0,0,0,0,0,0,0,0,0,0,0,0,0,0,0,0,0,0,0,0,0,0,0,0,0,0,0,0,0,0,0,0,0,0,0,0,0,0,0,0,0,0,0,0,0,0,0,0,0,0,0,0,0,0,0,0,0,0,0,0,0,0,0,0,0,0,0,0,0,0,0,0,0,0,0,0,0,0,0,0,0,0,0,0,0,0,0,0,0,0,0,0,0,0,0,0,0,0,0,0,0,0,0,0,0,0,0,0,0,0,0,0,0,0,0,0,0,0,0,0,0,
0,0,0,0,0,0,0,0,0,0,0,0,0,0,0,0,0,0,0,0,0,0,0,0,0,0,0,0,0,0,0,0,0,0,0,0,0,0,0,0,0,0,0,0,0,0,0,0,0,0,0,0,0,0,0,0,0,0,0,0,0,0,0,0,0,0,0,0,0,0,0,0,0,0,0,0,0,0,0,0,0,0,0,0,0,0,0,0,0,0,0,0,0,0,0,0,0,0,0,0,0,0,0,0,0,0,0,0,0,0,0,0,0,0,0,0,0,0,0,0,0,0,0,0,0,0,0,0,0,0,0,0,0,0,0,0,0,0,0,0,0,0,0,0,0,0,0,0,0,0,0,0,0,0,0,0,0,0,0,0,0,0,0,0,0,0,0,0,0,0,0,0,0,0,0,0,0,0,0,0,0,0,0,0,0,0,0,0,0,0,0,0,0,0,0,0,0,0,0,0,0,0,0,0,0,0,0,0,0,0,0,0,0,0,0,0,0,0,0,0,0,0,0,0,0,0,0,0,0,0,0,0,0,0,0,0,0,0,0,0,0,0,0,0,0,0,0,0,0,0,0,0,0,0,0,0,
0,0,0,0,0,0,0,0,0,0,0,0,0,0,0,0,0,0,0,0,0,0,0,0,0,0,0,0,0,0,0,0,0,0,0,0,0,0,0,0,0,0,0,0,0,0,0,0,0,0,0,0,0,0,0,0,0,0,0,0,0,0,0,0,0,0,0,0,0,0,0,0,0,0,0,0,0,0,0,0,0,0,0,0,0,0,0,0,0,0,0,0,0,0,0,0,0,0,0,0,0,0,0,0,0,0,0,0,0,0,0,0,0,0,0,0,0,0,0,0,0,0,0,0,0,0,0,0,0,0,0,0,0,0,0,0,0,0,0,0,0,0,0,0,0,0,0,0,0,0,0,0,0,0,0,0,0,0,0,0,0,0,0,0,0,0,0,0,0,0,0,0,0,0,0,0,0,0,0,0,0,0,0,0,0,0,0,0,0,0,0,0,0,0,0,0,0,0,0,0,0,0,0,0,0,0,0,0,0,0,0,0,0,0,0,0,0,0,0,0,0,0,0,0,0,0,0,0,0,0,0,0,0,0,0,0,0,0,0,0,0,0,0,0,0,0,0,0,0,0,0,0,0,0,0,0,
0,0,0,0,0,0,0,0,0,0,0,0,0,0,0,0,0,0,0,0,0,0,0,0,0,0,0,0,0,0,0,0,0,0,0,0,0,0,0,0,0,0,0,0,0,0,0,0,0,0,0,0,0,0,0,0,0,0,0,0,0,0,0,0,0,0,0,0,0,0,0,0,0,0,0,0,0,0,0,0,0,0,0,0,0,0,0,0,0,0,0,0,0,0,0,0,0,0,0,0,0,0,0,0,0,0,0,0,0,0,0,0,0,0,0,0,0,0,0,0,0,0,0,0,0,0,0,0,0,0,0,0,0,0,0,0,0,0,0,0,0,0,0,0,0,0,0,0,0,0,0,0,0,0,0,0,0,0,0,0,0,0,0,0,0,0,0,0,0,0,0,0,0,0,0,0,0,0,0,0,0,0,0,0,0,0,0,0,0,0,0,0,0,0,0,0,0,0,0,0,0,0,0,0,0,0,0,0,0,0,0,0,0,0,0,0,0,0,0,0,0,0,0,0,0,0,0,0,0,0,0,0,0,0,0,0,0,0,0,0,0,0,0,0,0,0,0,0,0,0,0,0,0,0,0,0,
0,0,0,0,0,0,0,0,0,0,0,0,0,0,0,0,0,0,0,0,0,0,0,0,0,0,0,0,0,0,0,0,0,0,0,0,0,0,0,0,0,0,0,0,0,0,0,0,0,0,0,0,0,0,0,0,0,0,0,0,0,0,0,0,0,0,0,0,0,0,0,0,0,0,0,0,0,0,0,0,0,0,0,0,0,0,0,0,0,0,0,0,0,0,0,0,0,0,0,0,0,0,0,0,0,0,0,0,0,0,0,0,0,0,0,0,0,0,0,0,0,0,0,0,0,0,0,0,0,0,0,0,0,0,0,0,0,0,0,0,0,0,0,0,0,0,0,0,0,0,0,0,0,0,0,0,0,0,0,0,0,0,0,0,0,0,0,0,0,0,0,0,0,0,0,0,0,0,0,0,0,0,0,0,0,0,0,0,0,0,0,0,0,0,0,0,0,0,0,0,0,0,0,0,0,0,0,0,0,0,0,0,0,0,0,0,0,0,0,0,0,0,0,0,0,0,0,0,0,0,0,0,0,0,0,0,0,0,0,0,0,0,0,0,0,0,0,0,0,0,0,0,0,0,0,0,
0,0,0,0,0,0,0,0,0,0,0,0,0,0,0,0,0,0,0,0,0,0,0,0,0,0,0,0,0,0,0,0,0,0,0,0,0,0,0,0,0,0,0,0,0,0,0,0,0,0,0,0,0,0,0,0,0,0,0,0,0,0,0,0,0,0,0,0,0,0,0,0,0,0,0,0,0,0,0,0,0,0,0,0,0,0,0,0,0,0,0,0,0,0,0,0,0,0,0,0,0,0,0,0,0,0,0,0,0,0,0,0,0,0,0,0,0,0,0,0,0,0,0,0,0,0,0,0,0,0,0,0,0,0,0,0,0,0,0,0,0,0,0,0,0,0,0,0,0,0,0,0,0,0,0,0,0,0,0,0,0,0,0,0,0,0,0,0,0,0,0,0,0,0,0,0,0,0,0,0,0,0,0,0,0,0,0,0,0,0,0,0,0,0,0,0,0,0,0,0,0,0,0,0,0,0,0,0,0,0,0,0,0,0,0,0,0,0,0,0,0,0,0,0,0,0,0,0,0,0,0,0,0,0,0,0,0,0,0,0,0,0,0,0,0,0,0,0,0,0,0,0,0,0,0,0,
0,0,0,0,0,0,0,0,0,0,0,0,0,0,0,0,0,0,0,0,0,0,0,0,0,0,0,0,0,0,0,0,0,0,0,0,0,0,0,0,0,0,0,0,0,0,0,0,0,0,0,0,0,0,0,0,0,0,0,0,0,0,0,0,0,0,0,0,0,0,0,0,0,0,0,0,0,0,0,0,0,0,0,0,0,0,0,0,0,0,0,0,0,0,0,0,0,0,0,0,0,0,0,0,0,0,0,0,0,0,0,0,0,0,0,0,0,0,0,0,0,0,0,0,0,0,0,0,0,0,0,0,0,0,0,0,0,0,0,0,0,0,0,0,0,0,0,0,0,0,0,0,0,0,0,0,0,0,0,0,0,0,0,0,0,0,0,0,0,0,0,0,0,0,0,0,0,0,0,0,0,0,0,0,0,0,0,0,0,0,0,0,0,0,0,0,0,0,0,0,0,0,0,0,0,0,0,0,0,0,0,0,0,0,0,0,0,0,0,0,0,0,0,0,0,0,0,0,0,0,0,0,0,0,0,0,0,0,0,0,0,0,0,0,0,0,0,0,0,0,0,0,0,0,0,0,
0,0,0,0,0,0,0,0,0,0,0,0,0,0,0,0,0,0,0,0,0,0,0,0,0,0,0,0,0,0,0,0,0,0,0,0,0,0,0,0,0,0,0,0,0,0,0,0,0,0,0,0,0,0,0,0,0,0,0,0,0,0,0,0,0,0,0,0,0,0,0,0,0,0,0,0,0,0,0,0,0,0,0,0,0,0,0,0,0,0,0,0,0,0,0,0,0,0,0,0,0,0,0,0,0,0,0,0,0,0,0,0,0,0,0,0,0,0,0,0,0,0,0,0,0,0,0,0,0,0,0,0,0,0,0,0,0,0,0,0,0,0,0,0,0,0,0,0,0,0,0,0,0,0,0,0,0,0,0,0,0,0,0,0,0,0,0,0,0,0,0,0,0,0,0,0,0,0,0,0,0,0,0,0,0,0,0,0,0,0,0,0,0,0,0,0,0,0,0,0,0,0,0,0,0,0,0,0,0,0,0,0,0,0,0,0,0,0,0,0,0,0,0,0,0,0,0,0,0,0,0,0,0,0,0,0,0,0,0,0,0,0,0,0,0,0,0,0,0,0,0,0,0,0,0,0,
0,0,0,0,0,0,0,0,0,0,0,0,0,0,0,0,0,0,0,0,0,0,0,0,0,0,0,0,0,0,0,0,0,0,0,0,0,0,0,0,0,0,0,0,0,0,0,0,0,0,0,0,0,0,0,0,0,0,0,0,0,0,0,0,0,0,0,0,0,0,0,0,0,0,0,0,0,0,0,0,0,0,0,0,0,0,0,0,0,0,0,0,0,0,0,0,0,0,0,0,0,0,0,0,0,0,0,0,0,0,0,0,0,0,0,0,0,0,0,0,0,0,0,0,0,0,0,0,0,0,0,0,0,0,0,0,0,0,0,0,0,0,0,0,0,0,0,0,0,0,0,0,0,0,0,0,0,0,0,0,0,0,0,0,0,0,0,0,0,0,0,0,0,0,0,0,0,0,0,0,0,0,0,0,0,0,0,0,0,0,0,0,0,0,0,0,0,0,0,0,0,0,0,0,0,0,0,0,0,0,0,0,0,0,0,0,0,0,0,0,0,0,0,0,0,0,0,0,0,0,0,0,0,0,0,0,0,0,0,0,0,0,0,0,0,0,0,0,0,0,0,0,0,0,0,0,
0,0,0,0,0,0,0,0,0,0,0,0,0,0,0,0,0,0,0,0,0,0,0,0,0,0,0,0,0,0,0,0,0,0,0,0,0,0,0,0,0,0,0,0,0,0,0,0,0,0,0,0,0,0,0,0,0,0,0,0,0,0,0,0,0,0,0,0,0,0,0,0,0,0,0,0,0,0,0,0,0,0,0,0,0,0,0,0,0,0,0,0,0,0,0,0,0,0,0,0,0,0,0,0,0,0,0,0,0,0,0,0,0,0,0,0,0,0,0,0,0,0,0,0,0,0,0,0,0,0,0,0,0,0,0,0,0,0,0,0,0,0,0,0,0,0,0,0,0,0,0,0,0,0,0,0,0,0,0,0,0,0,0,0,0,0,0,0,0,0,0,0,0,0,0,0,0,0,0,0,0,0,0,0,0,0,0,0,0,0,0,0,0,0,0,0,0,0,0,0,0,0,0,0,0,0,0,0,0,0,0,0,0,0,0,0,0,0,0,0,0,0,0,0,0,0,0,0,0,0,0,0,0,0,0,0,0,0,0,0,0,0,0,0,0,0,0,0,0,0,0,0,0,0,0,0,
0,0,0,0,0,0,0,0,0,0,0,0,0,0,0,0,0,0,0,0,0,0,0,0,0,0,0,0,0,0,0,0,0,0,0,0,0,0,0,0,0,0,0,0,0,0,0,0,0,0,0,0,0,0,0,0,0,0,0,0,0,0,0,0,0,0,0,0,0,0,0,0,0,0,0,0,0,0,0,0,0,0,0,0,0,0,0,0,0,0,0,0,0,0,0,0,0,0,0,0,0,0,0,0,0,0,0,0,0,0,0,0,0,0,0,0,0,0,0,0,0,0,0,0,0,0,0,0,0,0,0,0,0,0,0,0,0,0,0,0,0,0,0,0,0,0,0,0,0,0,0,0,0,0,0,0,0,0,0,0,0,0,0,0,0,0,0,0,0,0,0,0,0,0,0,0,0,0,0,0,0,0,0,0,0,0,0,0,0,0,0,0,0,0,0,0,0,0,0,0,0,0,0,0,0,0,0,0,0,0,0,0,0,0,0,0,0,0,0,0,0,0,0,0,0,0,0,0,0,0,0,0,0,0,0,0,0,0,0,0,0,0,0,0,0,0,0,0,0,0,0,0,0,0,0,0,
0,0,0,0,0,0,0,0,0,0,0,0,0,0,0,0,0,0,0,0,0,0,0,0,0,0,0,0,0,0,0,0,0,0,0,0,0,0,0,0,0,0,0,0,0,0,0,0,0,0,0,0,0,0,0,0,0,0,0,0,0,0,0,0,0,0,0,0,0,0,0,0,0,0,0,0,0,0,0,0,0,0,0,0,0,0,0,0,0,0,0,0,0,0,0,0,0,0,0,0,0,0,0,0,0,0,0,0,0,0,0,0,0,0,0,0,0,0,0,0,0,0,0,0,0,0,0,0,0,0,0,0,0,0,0,0,0,0,0,0,0,0,0,0,0,0,0,0,0,0,0,0,0,0,0,0,0,0,0,0,0,0,0,0,0,0,0,0,0,0,0,0,0,0,0,0,0,0,0,0,0,0,0,0,0,0,0,0,0,0,0,0,0,0,0,0,0,0,0,0,0,0,0,0,0,0,0,0,0,0,0,0,0,0,0,0,0,0,0,0,0,0,0,0,0,0,0,0,0,0,0,0,0,0,0,0,0,0,0,0,0,0,0,0,0,0,0,0,0,0,0,0,0,0,0,0,
0,0,0,0,0,0,0,0,0,0,0,0,0,0,0,0,0,0,0,0,0,0,0,0,0,0,0,0,0,0,0,0,0,0,0,0,0,0,0,0,0,0,0,0,0,0,0,0,0,0,0,0,0,0,0,0,0,0,0,0,0,0,0,0,0,0,0,0,0,0,0,0,0,0,0,0,0,0,0,0,0,0,0,0,0,0,0,0,0,0,0,0,0,0,0,0,0,0,0,0,0,0,0,0,0,0,0,0,0,0,0,0,0,0,0,0,0,0,0,0,0,0,0,0,0,0,0,0,0,0,0,0,0,0,0,0,0,0,0,0,0,0,0,0,0,0,0,0,0,0,0,0,0,0,0,0,0,0,0,0,0,0,0,0,0,0,0,0,0,0,0,0,0,0,0,0,0,0,0,0,0,0,0,0,0,0,0,0,0,0,0,0,0,0,0,0,0,0,0,0,0,0,0,0,0,0,0,0,0,0,0,0,0,0,0,0,0,0,0,0,0,0,0,0,0,0,0,0,0,0,0,0,0,0,0,0,0,0,0,0,0,0,0,0,0,0,0,0,0,0,0,0,0,0,0,0,
0,0,0,0,0,0,0,0,0,0,0,0,0,0,0,0,0,0,0,0,0,0,0,0,0,0,0,0,0,0,0,0,0,0,0,0,0,0,0,0,0,0,0,0,0,0,0,0,0,0,0,0,0,0,0,0,0,0,0,0,0,0,0,0,0,0,0,0,0,0,0,0,0,0,0,0,0,0,0,0,0,0,0,0,0,0,0,0,0,0,0,0,0,0,0,0,0,0,0,0,0,0,0,0,0,0,0,0,0,0,0,0,0,0,0,0,0,0,0,0,0,0,0,0,0,0,0,0,0,0,0,0,0,0,0,0,0,0,0,0,0,0,0,0,0,0,0,0,0,0,0,0,0,0,0,0,0,0,0,0,0,0,0,0,0,0,0,0,0,0,0,0,0,0,0,0,0,0,0,0,0,0,0,0,0,0,0,0,0,0,0,0,0,0,0,0,0,0,0,0,0,0,0,0,0,0,0,0,0,0,0,0,0,0,0,0,0,0,0,0,0,0,0,0,0,0,0,0,0,0,0,0,0,0,0,0,0,0,0,0,0,0,0,0,0,0,0,0,0,0,0,0,0,0,0,0,
0,0,0,0,0,0,0,0,0,0,0,0,0,0,0,0,0,0,0,0,0,0,0,0,0,0,0,0,0,0,0,0,0,0,0,0,0,0,0,0,0,0,0,0,0,0,0,0,0,0,0,0,0,0,0,0,0,0,0,0,0,0,0,0,0,0,0,0,0,0,0,0,0,0,0,0,0,0,0,0,0,0,0,0,0,0,0,0,0,0,0,0,0,0,0,0,0,0,0,0,0,0,0,0,0,0,0,0,0,0,0,33,0,0,0,0,0,0,0,0,0,0,0,0,0,0,0,0,0,0,0,0,0,0,0,0,0,0,0,0,0,0,0,0,0,0,0,0,0,0,0,0,0,0,0,0,0,0,0,0,0,0,0,0,0,0,0,0,0,0,0,0,0,0,0,0,0,0,0,0,0,0,0,0,0,0,0,0,0,0,0,0,0,0,0,0,0,0,0,0,0,0,0,0,0,0,0,0,0,0,0,0,0,0,0,0,0,0,0,0,0,0,0,0,0,0,0,0,0,0,0,0,0,0,0,0,0,0,0,0,0,0,0,0,0,0,0,0,0,0,0,0,0,0,0,0,
0,0,0,0,0,0,0,0,0,0,0,0,0,0,0,0,0,0,0,0,0,0,0,0,0,0,0,0,0,0,0,0,28,0,0,0,0,0,0,0,0,0,0,0,0,0,0,0,0,0,0,0,0,0,0,0,0,0,0,0,0,0,0,0,0,0,0,0,0,0,0,0,0,0,0,0,0,0,0,0,0,0,0,0,0,0,0,0,0,0,0,0,0,0,0,0,0,0,0,0,0,0,0,0,0,0,0,0,0,0,0,0,33,32,0,0,0,0,0,0,0,0,0,0,0,0,0,0,0,0,0,0,0,0,0,0,0,0,0,0,0,0,0,0,0,0,0,0,0,0,0,0,0,0,0,0,0,0,0,0,0,0,0,0,0,0,0,0,0,0,0,0,0,0,0,0,0,0,0,0,0,0,0,0,0,0,0,0,0,0,0,0,0,0,0,0,0,0,0,0,0,0,0,0,28,0,0,0,0,0,0,0,0,0,0,0,0,0,0,0,0,0,0,0,0,0,0,0,0,0,0,0,0,0,0,0,0,0,0,0,0,0,0,0,0,0,0,0,0,0,0,0,0,0,0,0,
0,0,0,0,0,0,0,0,0,0,0,0,0,0,0,0,0,0,0,0,0,0,0,0,0,0,0,0,0,0,0,29,0,28,0,0,0,0,0,0,0,0,0,0,0,0,0,0,0,0,0,0,0,0,0,0,0,0,0,0,0,0,0,0,0,0,0,0,0,0,0,0,0,0,0,0,0,0,0,0,0,0,0,0,0,0,0,0,0,0,0,0,0,0,0,0,0,0,0,0,0,0,0,0,0,0,0,0,0,0,0,0,0,0,0,0,0,0,0,0,0,0,0,0,0,0,0,0,0,0,0,0,0,0,32,0,0,0,0,0,0,0,0,0,0,0,0,0,0,0,0,0,0,0,0,0,0,0,0,0,0,0,0,0,0,0,29,0,0,0,0,0,0,0,0,0,0,0,0,0,0,0,0,0,0,0,0,0,0,0,0,0,0,0,0,0,0,0,0,0,0,0,0,0,28,29,0,0,0,0,0,0,0,0,0,0,0,0,0,0,0,0,0,0,0,0,0,0,0,0,0,0,0,0,0,0,0,0,0,0,0,0,0,0,36,0,0,0,0,0,0,0,0,0,0,0,
0,0,0,0,0,0,0,0,0,0,0,0,0,0,0,0,0,0,0,0,0,0,0,0,0,0,0,0,0,0,0,28,0,29,0,0,0,0,0,0,0,0,0,0,0,0,0,0,0,0,0,0,0,0,0,0,0,0,38,0,0,0,0,0,0,0,0,0,0,0,0,0,0,0,0,0,0,0,0,0,0,0,0,0,0,0,38,0,0,0,0,0,0,0,0,0,0,0,0,0,0,0,0,0,0,0,0,0,0,0,0,0,0,0,0,0,0,0,0,0,0,0,0,0,0,0,0,0,0,0,0,0,0,0,0,0,0,0,0,0,0,0,0,0,0,0,0,0,0,0,0,0,0,0,0,0,0,0,0,0,0,0,0,0,0,0,0,0,0,0,0,0,0,0,0,0,0,0,0,0,0,0,0,0,0,0,0,0,0,0,0,0,0,0,0,0,0,0,31,0,0,0,0,0,29,0,0,37,0,0,0,0,0,0,0,0,0,0,0,0,0,0,0,0,0,0,0,36,0,0,0,0,0,0,0,0,0,0,0,0,0,0,0,0,0,37,0,0,0,0,0,0,0,0,0,0,
0,0,0,0,0,0,0,0,0,0,0,0,0,0,0,0,0,0,0,0,0,28,0,0,0,0,0,32,0,0,0,0,0,0,0,0,0,0,0,0,0,0,0,0,0,0,0,0,0,0,0,0,0,0,0,0,0,0,0,0,0,0,0,0,0,0,0,0,0,0,0,0,0,0,0,0,0,0,0,0,0,0,0,0,0,0,0,39,0,0,0,0,0,0,0,0,0,0,0,0,0,28,0,0,36,34,0,0,35,0,0,0,0,0,0,0,0,0,0,0,0,0,0,0,0,0,0,0,0,0,0,0,0,0,0,0,0,0,0,0,0,0,29,0,0,0,0,0,0,0,0,0,0,0,0,0,0,0,0,0,0,0,0,0,0,0,0,32,29,0,0,0,0,0,0,0,0,0,0,0,0,0,0,0,0,0,0,0,0,0,0,0,0,0,0,0,0,0,33,0,0,0,0,0,0,27,29,0,0,0,0,0,0,0,0,0,0,0,0,0,0,0,0,0,0,0,0,0,0,37,0,0,0,0,0,0,0,0,0,0,0,0,40,0,0,0,0,0,0,0,0,0,0,0,0,0,
0,0,0,0,0,0,0,0,0,0,0,0,0,0,0,0,0,40,0,38,0,0,0,0,0,0,0,31,0,0,0,0,0,0,0,31,0,0,34,0,32,0,0,0,0,0,0,0,0,0,0,0,0,0,30,0,0,0,0,0,0,40,0,0,0,36,34,0,0,29,0,28,0,0,0,0,0,35,0,0,0,0,0,0,0,0,0,35,38,0,0,0,0,0,0,0,0,0,0,0,0,0,0,0,0,0,0,35,35,31,0,32,33,0,0,0,0,0,29,0,0,0,0,0,0,0,0,0,0,0,0,0,0,0,32,29,0,0,0,0,0,0,0,0,0,0,0,0,0,0,0,0,0,0,0,0,0,0,0,0,0,0,0,0,0,0,0,30,33,0,0,0,30,0,0,0,0,0,0,0,0,0,0,0,0,0,0,0,0,0,0,0,0,0,0,0,0,31,0,0,0,0,0,0,0,27,29,0,0,0,0,0,0,0,0,0,0,0,0,0,0,0,0,0,0,0,0,0,0,38,37,0,0,0,0,0,35,0,35,0,0,0,40,40,0,0,0,0,0,0,0,0,0,0,0,0,
0,0,0,0,0,0,0,0,0,0,33,0,0,0,0,0,0,0,39,39,34,0,0,0,0,36,35,0,0,0,0,37,0,0,38,0,31,0,0,34,33,34,0,0,0,0,0,0,0,32,0,41,0,0,31,0,32,0,0,39,33,0,39,35,0,36,31,0,0,0,0,0,0,0,0,0,0,0,0,0,29,0,0,0,0,0,0,0,36,39,0,0,0,0,0,0,0,0,0,0,0,0,0,0,0,0,33,0,34,36,34,33,0,34,0,36,0,0,0,0,0,0,0,0,0,0,37,0,0,0,0,0,32,0,0,0,0,0,0,0,0,0,0,0,0,0,0,0,0,0,0,0,0,0,0,0,0,0,0,0,0,0,0,0,0,0,0,0,30,0,0,0,30,34,0,0,0,0,0,0,0,0,0,0,0,0,0,0,0,0,0,0,32,0,0,0,32,0,35,34,0,0,0,0,34,30,29,32,30,32,0,28,0,0,0,0,37,0,0,0,0,0,0,0,0,0,0,31,37,0,38,0,0,32,0,35,0,0,0,36,0,0,0,0,43,0,0,0,0,0,0,0,0,0,0,0,
0,0,0,0,0,32,0,0,37,33,30,0,0,0,0,0,0,0,0,40,0,29,0,0,37,37,0,0,32,0,0,0,37,37,0,0,0,34,0,34,0,34,33,0,0,0,0,0,0,0,37,34,33,42,31,0,0,0,0,0,34,36,0,0,36,35,32,0,32,0,0,0,0,0,0,0,0,0,30,0,29,0,0,0,0,0,0,0,40,38,0,36,38,0,0,0,0,29,0,0,0,0,0,0,0,0,34,32,34,34,34,37,0,0,0,37,0,0,0,0,0,0,0,0,0,31,0,36,35,33,36,33,31,0,0,0,0,34,0,0,0,0,0,0,0,0,0,0,35,0,0,32,30,0,0,0,0,0,0,0,0,0,0,34,0,33,0,0,31,37,0,31,31,35,0,0,0,0,0,0,0,0,0,35,0,0,0,0,0,32,0,0,0,34,32,0,34,0,0,32,32,0,36,0,35,33,29,33,32,31,0,29,0,0,0,0,0,0,0,0,0,28,32,0,0,0,0,31,0,31,0,0,38,0,32,32,38,37,34,0,0,0,0,0,44,44,0,0,0,0,0,0,0,0,0,0,
0,0,0,0,0,0,0,31,35,34,36,33,33,30,0,0,0,0,0,0,0,0,30,0,32,36,37,0,33,0,0,0,0,29,38,36,37,35,33,0,0,34,34,0,0,0,0,0,0,0,0,34,44,45,43,41,39,39,0,36,35,35,0,0,37,32,35,33,33,33,33,35,0,0,0,0,0,0,0,0,30,30,0,0,0,0,34,0,0,33,36,36,38,39,0,0,0,0,0,0,0,0,0,0,0,0,0,35,35,35,41,0,37,0,0,0,32,0,0,0,34,0,0,0,32,32,32,34,35,37,0,33,0,35,34,0,35,35,34,0,33,0,30,0,0,0,0,0,35,36,35,40,31,43,0,0,0,0,0,0,0,0,34,0,0,33,0,36,0,37,0,0,32,36,0,36,0,0,0,0,36,35,35,36,0,0,0,0,0,35,38,33,0,34,0,34,34,34,39,34,33,34,37,0,34,33,30,30,36,32,33,0,36,38,0,38,0,0,0,0,33,32,32,32,0,0,0,33,0,41,32,0,38,34,34,33,0,38,37,0,37,38,37,0,0,44,0,0,0,0,0,0,0,0,0,0,
37,0,40,28,0,0,35,33,31,33,33,33,33,31,34,0,0,0,30,0,0,28,31,30,37,34,36,36,37,0,35,0,0,36,30,37,39,39,37,37,41,33,35,36,35,34,0,0,40,0,36,35,44,45,44,44,39,38,37,34,35,36,40,38,38,36,40,35,33,33,0,0,0,0,0,0,0,0,0,0,35,0,38,0,0,41,42,35,0,29,37,38,39,33,40,36,0,0,32,0,0,0,0,0,0,0,28,0,0,37,40,42,0,38,33,0,32,0,27,30,35,33,0,0,0,0,34,34,29,38,37,39,39,42,0,0,0,0,35,0,0,35,31,0,0,0,35,0,35,38,35,42,41,43,30,0,0,0,42,0,0,0,0,35,0,37,0,0,36,33,40,0,0,0,43,41,38,33,0,0,0,37,0,33,34,39,0,0,0,0,0,36,34,34,36,0,36,34,33,35,0,34,37,35,34,34,32,33,31,39,34,34,33,38,39,36,39,0,0,32,34,33,30,30,0,30,0,0,43,42,43,0,33,38,36,0,0,0,0,0,0,34,38,38,0,0,0,0,0,0,0,0,0,0,0,0,
36,34,40,40,37,38,34,34,33,33,36,36,38,38,32,37,33,32,37,39,28,32,32,28,38,36,38,0,36,0,37,37,0,38,31,35,37,40,39,40,39,42,41,42,36,0,32,42,0,40,0,40,42,45,45,43,37,40,38,36,36,37,35,39,38,37,38,36,33,40,34,37,0,0,0,0,0,36,0,35,35,0,32,0,43,42,44,43,44,39,38,36,39,32,35,35,0,37,0,0,0,39,0,0,0,0,29,29,29,36,36,37,44,0,33,33,32,0,28,31,34,40,35,0,34,0,35,35,35,29,38,29,0,0,43,0,0,0,0,36,0,35,35,32,0,30,32,34,37,37,36,36,38,45,0,41,32,0,37,0,0,29,0,0,35,36,41,39,37,34,38,39,36,39,41,39,40,0,33,0,0,34,38,0,35,38,39,36,32,41,0,0,35,37,36,36,36,35,39,34,38,35,34,38,36,35,33,38,36,36,40,39,38,38,37,41,41,0,0,32,0,33,31,33,34,32,35,36,45,44,43,0,34,39,37,30,30,37,0,0,35,0,35,39,0,37,0,34,0,0,0,0,0,0,0,0,
34,35,38,38,39,0,35,36,33,33,35,32,39,33,0,0,33,33,33,34,35,27,29,33,41,39,39,0,38,34,37,37,38,38,43,36,40,41,39,39,40,42,35,44,37,39,40,41,42,38,38,0,39,38,45,45,43,32,42,43,36,38,38,36,37,38,39,37,38,35,35,38,0,0,0,0,0,35,0,35,36,36,37,34,34,40,42,40,38,43,36,38,37,32,35,36,36,44,37,36,0,0,0,0,0,0,0,30,30,36,37,42,45,42,41,34,33,32,34,32,36,0,0,0,34,35,0,37,36,28,30,30,0,0,44,33,0,0,0,0,36,37,36,0,32,32,35,35,34,38,44,37,39,37,0,39,40,32,37,37,0,30,29,34,36,36,41,0,40,41,39,40,39,41,37,41,40,40,0,0,34,33,37,36,37,36,39,32,36,35,44,39,39,38,39,37,44,35,41,40,37,35,34,36,38,35,39,41,39,33,35,36,36,39,41,41,41,36,37,34,38,37,38,34,36,32,33,32,37,44,44,33,34,44,39,39,31,38,39,37,36,0,42,0,40,41,36,34,40,0,0,0,0,36,0,0,
0,36,33,38,39,39,0,36,37,37,36,37,33,0,39,37,34,32,34,0,38,34,39,33,33,39,39,37,43,35,38,39,38,43,43,37,40,42,37,32,38,41,42,43,32,40,39,42,37,36,39,40,36,32,38,37,38,38,42,43,42,0,38,41,34,38,39,39,33,42,37,38,37,37,0,37,36,36,37,38,37,38,34,35,33,33,35,43,40,44,39,38,36,33,37,36,37,37,45,36,36,0,0,0,39,35,35,0,0,40,38,38,43,44,36,43,45,41,37,33,34,34,0,0,0,0,0,0,36,40,30,33,34,0,0,0,33,0,0,37,37,37,38,38,39,34,32,35,34,35,35,37,39,37,0,40,42,41,40,38,40,37,31,30,39,36,35,0,0,35,40,35,34,40,35,39,35,34,0,36,34,36,36,34,37,41,40,33,37,36,41,42,42,40,37,40,37,32,44,41,37,35,35,35,38,36,39,39,39,34,36,39,37,39,37,38,37,37,38,38,39,37,38,36,36,33,34,35,32,31,36,44,36,38,45,39,42,39,40,38,38,0,41,0,38,41,37,37,38,0,38,0,0,0,37,37,
35,36,39,42,37,41,37,40,35,34,37,37,37,0,40,37,38,34,34,0,36,34,40,40,40,30,40,38,38,39,40,41,40,39,41,36,38,34,39,35,33,38,42,43,38,36,40,33,38,36,37,36,37,38,39,38,41,33,34,41,42,42,37,37,36,36,40,41,40,40,38,40,39,38,38,33,38,36,37,37,37,36,37,37,37,41,40,43,40,41,39,38,37,38,38,33,38,34,46,37,37,45,0,40,40,37,40,0,0,40,36,38,39,37,37,45,39,39,38,35,34,40,35,39,37,38,0,35,38,40,41,39,34,39,43,43,0,0,0,37,36,38,38,42,36,35,35,34,46,43,37,45,38,40,36,0,40,40,42,42,36,38,32,40,39,41,39,0,35,35,41,36,38,40,40,37,32,37,32,42,38,37,35,36,37,35,43,37,40,43,42,41,44,40,42,38,38,40,40,45,40,43,41,37,38,40,40,38,36,35,37,35,40,39,44,33,38,38,38,38,40,39,38,39,36,36,34,35,36,36,43,45,37,36,39,37,40,40,40,39,40,39,41,0,38,42,37,37,38,0,38,37,38,39,37,38,
39,0,40,41,41,34,36,37,36,37,37,38,37,43,0,37,38,37,35,35,34,34,35,32,43,41,41,41,39,39,43,41,42,39,40,37,38,36,35,43,36,39,39,36,38,37,34,34,35,36,39,36,38,38,39,39,41,43,37,36,36,42,38,41,41,41,41,39,40,41,40,40,41,38,34,34,42,37,41,38,38,40,39,41,38,38,40,43,44,38,40,39,39,39,41,33,33,36,35,35,46,33,34,0,41,43,42,34,40,42,40,40,39,32,45,45,39,38,39,41,41,36,35,41,41,39,40,37,40,40,41,39,39,42,43,44,41,40,38,43,38,39,38,35,34,36,37,36,46,44,45,38,37,39,38,0,40,37,43,39,40,40,37,38,40,40,40,35,37,39,41,40,41,41,36,37,37,37,34,36,34,34,37,36,36,35,37,43,40,41,43,37,35,35,36,42,38,37,40,41,38,40,39,40,39,39,41,37,36,38,36,34,43,43,44,37,40,40,41,38,40,40,35,39,36,39,37,35,36,39,41,41,46,44,40,40,37,39,41,40,39,40,42,41,40,39,41,42,39,39,38,40,38,39,38,41,
37,36,0,41,42,38,38,40,37,39,38,36,38,40,38,38,39,38,38,36,37,33,35,34,34,43,41,38,40,39,42,43,40,36,38,33,37,37,41,40,40,40,43,40,38,43,42,39,42,36,41,41,47,39,48,41,35,35,40,36,39,37,42,42,40,44,41,42,41,40,41,40,40,42,41,43,43,43,39,40,39,39,42,39,42,41,40,41,43,36,35,35,38,37,39,40,33,36,34,39,34,45,48,38,0,45,36,32,34,42,43,34,41,44,34,46,47,47,40,38,41,43,44,39,39,39,36,37,40,41,39,40,40,42,42,43,41,40,38,39,43,40,40,37,35,37,39,37,35,40,45,41,39,38,38,40,38,0,0,40,39,41,42,40,37,37,39,40,37,40,43,41,41,42,37,38,38,39,34,35,39,37,45,37,36,37,38,44,40,43,38,37,37,36,38,42,40,37,40,45,43,44,44,39,38,40,38,39,37,37,37,43,36,40,42,48,35,39,39,38,35,42,42,36,37,40,41,38,38,37,41,43,45,45,38,41,38,38,40,40,40,41,40,40,41,43,38,39,40,40,42,38,43,40,39,40,
41,42,38,42,36,36,40,39,36,40,36,37,40,41,45,38,42,38,39,40,37,33,41,35,34,35,46,44,43,40,41,40,39,41,39,40,40,37,43,40,40,41,36,45,42,43,39,39,39,40,41,39,48,48,38,42,40,36,46,37,41,38,39,40,40,39,41,40,46,41,41,38,40,42,40,41,42,43,44,40,43,39,42,39,42,42,41,43,41,38,38,35,36,34,41,38,37,39,37,34,37,46,38,35,40,38,36,34,37,37,43,36,43,42,43,39,41,47,44,44,43,44,43,39,37,40,38,38,36,36,35,40,40,39,38,42,44,41,34,40,42,44,39,41,38,37,38,37,41,38,43,42,42,39,38,40,38,0,36,44,42,39,42,41,40,37,39,40,37,38,37,39,40,41,39,43,41,38,36,36,40,40,38,47,38,39,39,37,40,40,43,33,38,37,38,43,40,44,45,42,43,40,40,40,38,34,36,38,40,41,41,43,40,39,42,38,36,41,41,39,40,36,36,40,40,41,37,44,40,41,38,42,44,45,37,40,38,40,41,39,42,40,42,45,41,42,38,43,41,44,42,38,42,41,40,41,
40,42,38,36,39,37,40,37,38,38,38,37,41,41,42,39,42,42,38,40,39,41,40,42,42,35,35,46,45,38,42,40,37,42,37,38,35,38,38,43,42,41,36,42,42,42,41,41,40,41,41,41,39,38,45,37,37,48,45,46,42,43,39,44,43,42,40,39,42,47,46,40,41,42,39,42,42,44,39,43,47,43,41,38,40,42,41,43,38,43,40,37,36,36,42,38,38,40,38,36,38,46,37,44,39,39,39,34,40,37,36,44,43,42,44,46,37,42,41,43,46,38,44,41,38,38,37,40,40,40,41,36,41,37,39,43,38,45,40,37,42,44,40,44,39,41,41,36,42,42,36,43,39,39,41,40,43,35,36,44,40,43,38,42,40,40,39,40,39,38,37,42,41,41,43,39,42,39,39,41,40,43,41,39,39,39,39,39,40,43,44,33,33,39,35,36,41,43,45,43,44,44,42,41,41,37,35,38,37,38,40,40,41,40,42,40,42,41,43,41,41,41,40,46,40,41,44,44,39,39,41,42,41,40,42,39,39,41,39,42,41,43,46,47,41,43,43,43,37,40,44,43,42,42,44,43,
42,41,44,44,40,35,40,38,44,40,39,39,40,40,40,40,42,43,38,41,40,40,39,43,40,43,36,45,46,41,44,43,40,44,40,37,35,36,35,36,42,41,42,39,43,44,42,40,39,44,39,41,40,39,42,41,43,49,47,46,41,39,44,42,41,39,43,40,37,42,45,41,41,46,40,41,43,45,44,44,44,44,40,41,42,39,41,42,39,42,41,40,37,42,38,42,41,40,37,41,44,39,47,38,43,40,44,42,41,39,37,40,44,44,37,47,36,44,38,44,41,47,40,41,39,39,37,43,41,42,41,43,37,44,43,40,43,43,36,44,42,46,44,43,40,41,41,36,40,40,36,43,40,40,37,43,44,47,37,37,43,40,40,39,39,37,40,40,40,40,42,43,36,41,44,42,39,40,43,41,42,46,43,41,40,42,40,40,41,42,45,46,34,34,41,43,42,42,44,45,39,46,44,45,40,38,42,39,36,41,39,42,44,45,44,41,42,43,39,42,35,42,36,40,45,41,44,43,42,39,40,40,45,42,39,44,40,41,40,42,41,41,42,39,39,41,43,40,38,42,41,43,41,40,42,44,
46,44,42,40,44,37,43,35,42,41,42,40,42,43,36,42,40,40,40,41,41,45,41,40,41,41,43,44,41,41,37,44,38,38,41,38,41,42,35,41,43,45,41,40,41,42,43,39,40,40,45,41,40,40,42,44,42,43,41,43,42,40,40,42,45,43,40,43,42,40,41,41,41,41,43,42,42,41,42,42,43,44,44,41,39,40,46,47,43,42,41,45,43,42,43,40,42,39,38,38,39,44,44,43,39,43,44,46,42,39,39,39,40,34,38,37,37,39,38,41,40,47,43,40,39,40,42,39,41,42,41,43,46,44,44,41,40,41,40,37,44,37,43,43,43,42,42,40,42,41,42,44,42,41,43,43,44,42,41,39,38,39,41,40,41,39,37,37,41,44,42,40,42,37,46,44,43,42,42,43,47,42,45,43,41,43,42,43,40,44,43,44,35,36,42,43,43,42,43,45,46,47,45,45,42,38,38,41,41,42,42,43,44,45,42,43,41,38,41,40,41,37,47,41,42,43,42,43,40,41,41,40,44,39,43,45,37,41,43,40,44,41,43,43,40,40,38,42,42,44,42,44,42,41,43,44,
45,38,42,39,38,37,39,41,44,39,40,42,44,37,41,39,39,39,40,42,44,45,46,42,41,43,44,42,40,41,40,39,37,37,45,44,43,41,42,40,43,44,44,40,41,39,42,40,38,41,40,41,44,45,43,43,47,44,46,43,44,42,44,43,42,44,46,44,43,41,42,42,41,42,44,43,43,41,43,44,44,45,40,42,43,41,47,48,48,43,45,45,43,39,42,41,39,38,40,41,40,45,46,44,45,44,46,43,41,44,35,41,41,40,44,42,38,43,40,43,43,41,45,44,39,40,41,40,42,43,43,42,41,42,45,43,42,46,44,40,46,41,43,41,42,45,40,43,38,46,43,38,43,41,42,44,44,44,43,40,45,43,43,44,41,40,38,37,38,38,44,40,41,40,45,47,41,43,44,41,40,43,43,47,36,43,43,42,43,44,44,45,45,43,43,42,44,40,44,41,46,41,46,42,46,40,38,42,42,43,42,44,39,47,44,45,44,41,39,41,43,42,39,47,41,42,45,43,43,38,44,42,45,45,43,42,40,41,46,41,41,43,41,36,40,40,40,42,40,43,44,39,42,43,44,43,
38,39,39,39,42,39,43,45,43,43,40,38,44,38,39,45,41,45,40,43,44,42,45,43,42,46,47,42,45,41,41,40,39,46,44,45,42,40,42,42,40,40,45,40,41,41,41,40,42,39,41,39,46,46,41,43,45,46,45,46,43,43,44,44,42,48,43,47,47,45,42,42,42,44,46,47,46,43,42,43,44,42,42,43,43,42,46,49,49,44,45,39,45,45,43,43,43,40,42,41,40,41,46,40,45,45,44,45,48,42,43,36,41,37,44,42,41,43,40,44,40,40,43,46,43,41,39,40,38,42,43,44,42,40,42,44,47,44,44,42,49,42,43,42,45,45,41,39,38,42,46,39,43,42,43,43,41,44,44,40,44,43,40,45,44,41,42,41,38,43,46,46,41,45,47,46,45,44,39,41,41,47,43,43,43,46,45,44,45,43,44,45,46,45,44,44,45,44,41,41,47,47,43,43,43,45,41,39,42,42,44,45,45,47,42,42,46,45,39,40,44,44,42,44,41,43,44,43,43,43,43,45,44,45,44,46,45,42,43,47,43,42,42,42,38,45,43,42,41,45,45,43,43,41,46,44,
39,41,40,41,45,43,42,44,43,40,47,40,39,40,47,39,44,45,46,44,45,47,45,44,44,46,44,47,47,46,49,41,40,45,42,45,47,46,44,42,42,42,42,40,42,41,44,47,46,43,40,46,45,39,41,44,48,47,46,44,49,48,45,44,44,43,48,46,49,43,46,42,44,45,45,43,46,39,46,42,45,42,42,44,43,43,40,49,49,39,45,47,46,45,45,49,42,42,40,44,45,40,47,51,42,43,42,45,48,45,47,49,38,37,45,44,46,43,41,41,46,49,44,47,46,41,40,40,39,39,39,43,42,40,45,43,47,47,44,43,43,48,46,43,49,43,43,40,45,44,46,42,49,43,44,43,41,44,44,44,45,41,45,46,46,41,46,40,43,45,46,47,41,46,43,47,42,42,40,41,42,41,42,45,44,41,46,47,43,42,45,43,45,46,44,46,44,44,46,45,40,43,40,47,43,42,46,41,43,43,45,43,46,47,39,42,40,39,43,45,45,47,46,45,44,44,42,44,44,43,43,39,44,45,45,45,48,42,43,43,44,42,43,40,39,41,46,42,41,42,45,44,42,42,42,45,
46,47,42,46,46,42,43,46,46,43,46,41,47,48,48,45,44,46,44,45,46,46,46,45,45,44,47,47,49,47,44,41,41,46,46,46,43,45,46,44,42,42,41,50,41,41,47,45,45,46,46,46,43,47,47,41,46,45,46,45,48,48,44,45,42,42,44,44,46,43,40,44,42,43,41,44,45,40,43,45,43,44,42,42,41,45,44,46,44,43,40,48,48,46,49,50,45,43,42,46,46,48,48,48,46,47,43,43,46,50,48,47,45,38,44,45,45,46,44,44,47,47,43,45,42,42,42,45,43,40,40,48,43,43,43,46,45,48,42,45,44,50,49,50,49,44,43,44,44,49,41,42,48,48,45,49,45,44,42,43,42,42,45,46,47,47,47,44,41,45,40,47,48,48,41,44,42,45,42,42,42,41,42,42,43,46,49,47,48,47,47,47,46,44,46,45,46,48,46,46,47,45,44,43,44,42,41,44,47,47,39,43,43,43,41,40,41,44,45,50,46,48,48,45,45,45,43,44,45,46,50,40,45,45,47,46,45,45,43,44,45,46,45,44,43,42,43,45,42,41,43,45,42,43,44,43,
48,50,47,48,47,45,46,45,49,44,47,47,48,46,41,45,46,46,48,47,48,45,50,46,46,48,45,48,47,46,47,45,45,46,50,47,48,44,45,46,43,44,44,43,43,41,42,44,46,47,44,42,47,44,44,45,44,43,48,47,45,45,45,45,45,50,44,45,46,48,47,42,44,44,43,44,46,45,44,44,45,45,47,46,44,44,43,44,48,47,52,48,48,48,44,49,46,46,42,44,45,48,41,48,50,47,46,47,47,39,47,50,46,43,45,45,41,45,44,44,44,45,48,47,47,47,43,47,44,43,47,47,42,40,40,41,44,45,46,44,46,47,43,50,45,47,43,48,45,45,47,47,49,47,46,51,49,44,45,43,42,47,42,42,46,47,44,49,43,45,46,46,47,48,43,43,42,42,44,42,43,46,43,47,43,48,49,48,44,46,48,47,48,45,45,47,46,46,44,44,47,48,50,44,45,46,43,45,44,48,46,46,44,43,44,44,43,46,45,44,48,41,46,47,46,46,45,45,42,46,47,51,50,47,46,43,46,48,45,44,48,45,46,47,44,42,44,43,47,48,47,47,45,45,45,48,
47,50,46,46,48,46,46,46,45,43,46,49,47,46,46,47,47,47,50,45,45,45,45,45,46,48,48,45,45,47,48,45,46,46,50,43,45,44,42,46,46,45,49,45,45,44,42,44,48,48,48,43,48,44,44,46,44,43,44,43,45,48,45,47,48,46,43,51,46,47,47,43,48,52,47,48,47,42,46,42,42,42,47,45,48,48,49,46,48,50,50,43,42,48,49,49,44,46,45,43,45,44,50,45,49,46,47,47,45,48,49,51,50,46,43,43,46,48,44,46,44,41,48,47,43,43,44,47,45,43,43,48,44,45,41,42,46,43,45,46,49,48,46,48,45,46,48,45,49,46,46,46,46,49,48,46,51,49,44,44,42,48,44,46,47,47,49,49,45,45,48,46,45,47,47,41,43,46,46,46,45,47,47,47,44,48,50,45,47,50,45,48,48,46,48,50,48,44,45,46,48,48,47,46,46,43,43,44,46,49,49,47,46,49,45,45,46,47,43,44,42,49,49,50,45,46,46,46,47,44,47,52,46,50,49,44,44,44,44,44,45,46,48,47,44,45,47,44,48,48,50,48,50,45,47,50,
47,47,46,45,46,47,47,47,46,43,47,47,45,46,46,47,47,46,50,50,45,45,44,50,46,47,49,49,49,47,48,42,45,47,42,49,44,45,47,44,46,47,50,51,45,50,46,44,46,46,48,45,47,47,45,46,45,46,43,49,48,48,49,42,46,47,47,46,46,46,49,45,47,51,52,48,49,43,48,50,43,44,50,46,50,49,50,47,49,45,50,50,43,46,46,46,45,43,46,43,46,45,45,53,46,42,46,47,46,48,46,49,51,47,48,46,46,44,48,46,43,42,48,47,45,46,48,48,47,47,43,44,44,45,42,43,47,43,45,46,50,46,49,47,47,48,45,50,48,45,46,47,47,49,49,46,48,52,47,42,44,47,44,49,48,46,45,47,46,47,49,47,46,49,46,46,44,46,45,47,47,49,48,48,48,48,48,49,46,50,47,47,50,49,48,44,49,49,45,47,47,48,48,48,46,46,44,45,45,49,50,51,51,49,47,47,46,50,47,45,43,50,49,49,47,46,50,47,47,43,44,48,46,52,50,44,45,50,45,47,46,47,49,47,49,49,48,45,44,45,52,50,51,50,48,50,
47,53,46,47,47,44,50,48,49,48,49,45,48,48,47,49,48,50,48,51,43,47,50,50,47,46,49,48,49,48,48,43,45,47,45,45,47,46,44,46,51,48,46,52,52,44,46,46,46,48,47,46,46,46,51,47,47,45,46,48,48,49,48,45,48,47,44,49,48,49,47,46,53,51,54,48,48,51,49,44,49,45,45,48,47,48,49,50,53,45,51,44,43,48,46,45,50,51,43,48,47,45,48,53,46,43,50,51,46,49,47,49,49,48,47,49,46,50,44,43,44,44,42,47,44,47,45,47,49,48,46,47,45,53,46,45,48,46,48,48,48,46,47,46,45,47,49,46,49,44,51,44,46,50,49,45,53,52,44,46,44,44,47,50,50,46,49,47,48,51,48,50,48,52,45,48,48,45,46,46,45,44,47,50,47,53,53,52,49,49,47,48,51,50,49,48,42,44,44,46,47,47,48,49,49,48,48,45,47,48,51,47,46,47,44,49,50,45,48,46,42,44,44,48,48,47,51,53,48,50,44,51,48,48,51,46,48,46,47,46,46,47,50,48,50,48,49,49,44,50,48,49,50,50,51,51,
50,46,47,50,46,46,51,47,51,48,49,47,46,46,48,48,48,48,50,49,48,44,44,50,45,49,50,46,48,49,54,49,49,52,46,49,47,48,49,47,46,47,51,44,46,46,47,46,46,46,48,47,47,49,49,49,48,50,48,49,48,52,46,48,49,47,48,50,49,49,46,46,46,53,52,53,53,48,50,50,49,49,47,48,49,49,50,51,53,46,46,45,50,46,49,49,47,51,48,44,43,50,47,48,47,48,51,50,46,49,50,47,49,49,52,49,50,49,45,47,44,45,48,50,47,45,49,47,46,50,47,48,47,45,46,51,52,47,51,53,51,49,46,48,52,50,49,50,48,51,46,45,48,46,49,47,46,54,44,45,46,44,48,46,49,45,45,50,50,52,53,51,47,49,48,46,46,48,49,50,45,46,47,49,48,48,54,50,54,51,48,51,52,46,48,49,50,46,50,53,53,49,47,47,49,50,48,49,47,48,47,47,47,47,46,46,47,51,46,49,50,48,45,49,50,49,50,53,48,49,49,52,49,49,53,46,46,44,47,46,47,51,49,49,49,50,50,50,49,51,43,48,53,50,51,50,
52,47,50,52,53,51,47,51,52,49,48,49,48,48,47,48,51,47,48,51,48,48,45,49,52,47,51,46,48,51,46,55,54,46,49,48,50,48,51,47,47,47,47,47,47,45,48,46,47,47,50,49,48,48,50,49,50,49,49,51,49,51,47,51,49,47,47,48,52,46,45,48,46,45,53,54,50,49,51,48,51,52,54,53,49,49,49,51,45,50,47,47,50,45,48,52,53,46,48,45,49,51,46,49,49,50,48,48,47,48,49,48,48,49,49,52,50,50,50,50,48,45,46,51,50,51,48,48,49,46,50,48,47,51,48,49,51,52,49,54,50,50,48,52,51,51,49,50,49,48,49,46,48,47,50,47,47,47,50,49,47,47,49,50,49,46,47,51,53,53,48,47,47,49,50,45,46,50,50,49,51,49,48,50,49,49,49,53,54,49,51,49,50,52,48,47,49,48,48,47,50,49,48,48,49,53,52,49,50,52,50,48,48,48,47,50,49,47,50,50,49,51,50,50,51,51,51,48,49,51,51,50,51,49,53,47,47,46,46,47,42,52,49,52,49,50,52,50,50,51,46,48,52,51,52,51,
50,50,53,53,54,54,49,48,47,50,50,49,50,50,51,51,47,47,46,48,51,50,45,49,49,48,47,47,48,48,52,45,49,50,49,48,50,49,51,50,50,48,48,47,48,47,46,48,46,48,50,50,51,49,48,49,49,48,51,50,51,51,51,46,51,51,48,51,53,53,48,54,47,49,49,53,46,50,48,48,47,47,52,52,54,54,49,49,50,51,47,47,49,53,50,53,50,51,48,47,49,49,51,49,50,47,51,49,55,52,53,44,49,52,51,53,50,50,50,50,49,50,47,47,46,50,49,48,49,51,47,49,54,51,50,53,53,52,53,55,49,49,51,51,46,51,48,49,49,48,48,50,49,48,47,52,48,48,50,52,49,49,49,46,50,49,47,49,53,50,51,49,48,50,52,47,47,48,50,50,52,52,51,50,49,50,49,49,54,52,51,48,47,47,51,48,49,49,49,49,51,51,47,46,46,52,52,51,50,51,52,50,50,50,49,49,55,50,53,50,50,50,52,49,53,51,52,50,49,49,51,51,49,50,50,50,48,47,49,43,43,42,52,49,50,51,49,49,46,51,51,47,51,49,49,52,
51,52,53,53,51,51,49,50,49,49,50,51,51,53,51,52,49,47,49,49,51,47,52,50,50,50,52,48,51,49,49,48,49,50,49,50,49,50,49,50,51,55,53,49,50,53,46,49,49,48,53,50,49,49,50,50,50,49,49,51,51,50,52,52,48,50,46,49,49,52,49,53,48,52,48,49,47,48,49,49,50,50,52,53,55,55,52,50,50,50,50,51,47,51,53,50,54,50,48,49,48,49,52,50,48,47,48,55,57,50,51,46,49,51,53,53,53,50,51,48,50,48,50,48,49,49,49,50,50,50,50,50,51,49,49,49,47,46,46,52,48,50,53,52,52,50,49,50,50,50,48,51,50,49,49,49,53,48,48,49,52,50,50,47,46,51,50,51,50,49,49,47,47,49,49,47,54,49,49,52,52,52,51,52,49,50,51,50,50,52,51,48,50,50,51,53,50,56,50,52,49,50,52,52,50,53,54,52,55,53,50,51,48,48,46,48,52,56,56,53,47,46,52,49,50,54,50,51,53,48,50,48,50,50,48,49,49,48,48,48,54,43,44,53,51,49,50,49,49,52,48,47,52,51,49,49,
50,54,47,52,51,49,50,50,48,50,48,51,48,53,52,53,50,52,49,48,51,52,54,51,51,51,51,50,52,53,50,47,50,51,50,51,50,51,49,49,52,55,50,53,51,50,50,47,49,53,53,52,49,51,53,51,49,51,49,52,52,49,51,53,51,51,49,49,52,52,54,52,51,52,50,48,49,49,50,51,51,53,50,49,50,56,48,53,49,50,50,51,49,49,51,52,51,53,49,51,51,50,51,51,51,48,48,49,48,56,50,54,50,53,52,55,55,51,53,50,51,50,51,48,49,55,50,54,53,50,49,51,50,52,51,50,50,48,52,54,54,50,52,50,52,50,52,51,53,50,49,49,52,50,52,50,52,51,51,51,51,52,50,49,47,48,50,51,51,51,50,52,51,52,49,50,51,46,50,51,49,49,52,52,51,50,52,51,51,53,52,53,55,50,47,50,53,53,51,52,51,49,51,53,53,51,55,49,52,50,51,51,49,49,47,53,52,52,48,49,48,48,53,51,54,54,53,52,53,54,52,49,53,50,48,50,54,49,50,50,50,55,45,54,49,50,52,54,52,50,49,48,53,52,52,51,
51,53,49,50,52,50,52,51,50,50,51,48,53,53,53,47,53,50,55,49,48,47,52,53,51,51,49,52,53,50,53,48,49,53,50,52,51,53,52,49,52,52,51,53,50,51,51,48,49,50,52,50,52,51,53,51,48,49,49,46,49,49,52,50,53,51,52,53,54,52,53,53,52,49,51,51,51,52,49,49,50,51,53,55,55,48,48,48,52,52,50,52,50,53,49,51,50,55,56,49,49,53,53,51,51,51,52,50,48,53,51,51,50,50,52,53,52,51,51,54,51,51,51,51,55,56,52,54,54,51,53,53,51,53,55,55,49,53,50,55,51,54,51,51,50,52,51,52,53,53,50,52,51,51,51,50,53,53,53,56,52,55,51,50,50,49,50,50,51,52,54,54,52,54,52,52,51,51,49,51,54,51,49,53,53,52,52,52,53,53,51,53,48,48,48,49,51,51,51,52,50,50,50,52,51,52,55,50,50,52,49,51,48,52,48,52,52,48,53,49,50,48,48,55,54,53,53,53,51,53,54,53,54,51,53,55,50,50,50,51,51,51,51,55,51,55,54,51,52,52,52,53,54,49,51,51,
54,52,49,48,50,47,51,51,54,52,57,50,49,52,53,52,54,51,53,49,51,48,52,51,51,50,49,51,55,54,53,53,49,52,53,52,52,52,50,52,50,51,53,54,55,51,53,50,49,50,52,52,50,51,52,52,53,49,50,49,49,49,48,49,50,54,55,53,54,52,52,53,54,53,50,51,53,51,52,55,50,51,49,55,56,55,54,51,51,53,55,51,50,52,50,54,50,52,55,53,54,54,52,52,52,51,52,53,49,53,54,53,52,53,52,54,51,52,52,51,56,50,52,53,52,54,55,53,55,52,52,54,54,52,48,54,50,52,52,50,53,49,49,52,52,53,52,55,51,53,51,52,53,53,53,53,51,52,52,53,52,53,51,54,51,50,57,50,53,54,54,55,55,51,47,52,53,54,51,55,53,51,51,50,50,52,50,53,49,54,49,51,49,48,48,53,55,50,51,53,52,51,56,52,52,54,55,50,52,49,50,50,53,49,49,52,53,52,50,53,51,48,48,56,50,54,53,51,51,57,55,54,49,52,52,50,53,55,54,51,49,52,52,56,53,54,55,51,53,52,54,55,55,53,52,52,
55,52,51,55,49,52,54,47,53,50,50,58,57,52,51,55,50,54,51,55,52,52,53,51,52,52,49,52,54,51,54,49,54,53,55,51,53,53,52,53,52,50,51,55,55,54,54,53,54,53,50,53,51,52,55,53,52,51,53,49,49,53,49,50,53,56,55,53,52,54,56,54,55,52,51,52,52,51,53,55,54,55,54,50,52,53,53,52,51,49,54,56,54,51,53,53,52,55,52,51,51,55,54,54,49,53,52,52,54,53,52,55,51,54,53,52,54,52,53,51,52,57,51,54,50,54,56,55,54,53,53,55,52,50,54,49,51,52,52,53,52,52,56,52,51,53,53,54,56,53,52,53,53,50,55,49,53,50,52,53,53,51,52,54,51,52,53,52,54,55,55,56,56,52,58,55,56,54,54,50,51,56,50,51,51,50,53,57,51,52,49,50,51,53,52,49,54,51,52,54,50,50,54,54,52,52,53,56,51,55,50,53,50,50,50,56,52,52,53,53,54,53,54,52,53,54,54,54,52,52,55,51,54,50,52,51,49,52,55,55,51,55,53,54,53,56,55,53,56,54,54,53,56,54,53,52,
56,55,51,53,53,53,54,51,54,55,56,51,55,53,52,57,53,52,55,54,50,51,52,54,50,53,55,58,53,53,52,56,54,54,53,55,53,53,54,53,52,54,54,52,55,52,54,55,55,51,51,53,52,54,53,51,52,52,53,54,51,53,53,54,52,52,53,52,52,54,56,52,56,52,54,55,53,53,54,54,52,55,54,56,54,53,53,53,53,53,55,55,55,56,53,55,55,56,52,52,52,52,54,54,51,51,52,53,55,54,51,57,51,53,53,53,53,54,53,53,51,52,53,55,51,54,55,57,56,52,53,53,53,53,54,55,54,54,51,55,53,56,52,55,52,54,55,55,56,58,56,54,54,51,54,57,52,52,55,52,56,53,50,54,55,51,52,58,53,55,55,54,52,56,52,52,57,52,54,53,53,57,53,54,54,53,58,59,52,51,53,52,54,53,53,55,49,53,53,57,55,51,56,51,51,57,50,56,51,52,52,57,53,51,56,51,53,53,53,54,53,54,55,51,52,55,56,54,54,51,53,53,55,52,54,53,49,51,51,56,53,52,54,55,54,59,57,53,54,57,54,53,53,54,54,53,
57,53,54,56,57,57,54,53,54,55,55,55,57,56,56,54,54,54,54,55,55,54,57,55,54,55,53,51,58,52,52,53,56,55,51,54,55,55,54,54,54,53,56,56,56,56,53,55,56,54,52,54,53,58,54,56,54,51,54,53,52,52,54,53,54,53,55,54,53,54,52,56,56,54,52,55,52,55,53,56,53,54,54,55,52,54,53,52,54,54,55,55,52,53,54,54,53,55,56,53,53,51,52,51,56,52,56,52,54,55,56,56,56,54,54,53,53,57,57,55,52,56,51,57,54,55,54,55,56,56,54,54,57,54,55,55,55,53,51,53,54,53,56,57,56,56,55,56,51,58,57,53,54,54,55,57,52,54,55,58,57,57,57,51,54,53,52,54,54,56,57,56,55,52,53,53,55,53,55,53,53,54,54,54,55,56,59,60,53,54,56,56,56,55,56,55,53,53,55,54,57,56,52,52,51,56,52,52,54,54,57,56,53,53,52,55,54,53,53,54,53,54,54,55,53,52,53,55,55,53,53,56,55,54,54,52,53,52,51,55,55,52,57,57,55,54,53,52,56,56,57,55,54,55,54,54,
58,55,53,57,57,53,54,55,57,55,56,54,55,56,55,55,55,53,57,53,55,56,56,58,56,56,53,53,56,53,53,55,55,53,51,57,55,55,55,57,55,57,54,57,56,53,54,54,55,53,57,55,53,56,56,57,57,56,52,54,55,53,54,54,51,55,57,53,53,52,55,56,56,55,54,54,57,57,58,54,56,55,55,55,53,59,54,57,54,54,55,56,55,56,54,53,57,54,56,53,55,55,54,52,54,53,57,57,55,54,54,57,56,58,53,55,57,58,55,52,52,56,52,57,54,55,55,56,56,51,54,59,55,52,55,55,55,54,52,53,54,53,53,57,56,55,56,56,59,56,58,55,51,55,57,58,53,52,55,54,59,57,56,57,55,54,54,55,55,54,57,54,56,54,53,58,56,53,54,56,54,55,56,57,54,56,54,53,54,56,54,55,52,56,54,57,55,57,55,56,54,57,57,52,56,55,54,55,53,53,56,57,55,53,53,53,52,55,55,55,55,53,54,56,54,53,54,56,51,54,53,53,56,58,58,55,55,55,55,54,56,54,54,54,53,55,59,53,57,58,56,56,54,54,54,54,
56,56,54,54,55,54,53,53,57,57,56,55,55,55,55,56,56,56,55,59,54,56,59,58,56,58,54,58,53,58,54,55,56,55,56,56,55,55,58,52,57,54,55,57,53,52,55,54,56,54,56,56,55,59,55,56,56,53,57,53,56,57,55,55,56,52,56,55,57,57,55,56,57,57,55,58,52,58,58,56,55,56,59,54,55,55,54,56,55,58,56,56,56,55,53,54,55,56,57,53,55,55,57,55,56,56,55,57,54,55,54,55,54,59,57,57,58,54,55,55,55,54,55,54,55,55,55,56,56,52,58,53,54,55,58,56,56,57,54,54,54,57,53,57,54,55,57,56,56,57,58,56,55,56,57,55,56,53,52,54,57,55,56,53,56,57,55,56,55,58,58,55,57,53,56,57,53,53,54,54,55,54,58,56,55,55,56,56,54,55,55,56,53,58,56,55,58,58,54,56,56,58,55,57,53,56,57,53,56,57,56,56,58,58,56,55,53,53,53,54,58,56,56,55,57,54,55,57,52,54,57,53,52,57,58,54,57,56,53,57,54,56,54,55,56,53,56,56,57,57,56,57,56,57,54,55,
58,59,56,58,56,56,58,58,56,58,57,59,56,56,56,57,55,54,55,57,57,55,55,55,60,54,54,60,58,55,57,57,55,57,57,57,56,57,58,54,53,53,55,59,57,56,55,55,56,58,56,55,57,55,53,58,57,57,54,57,54,53,58,56,56,58,55,55,55,57,56,57,57,54,57,58,53,59,58,57,59,58,55,56,55,55,55,57,58,59,56,57,59,54,54,56,57,57,55,57,54,56,57,56,57,54,57,54,54,56,55,56,54,56,55,54,56,54,57,56,57,58,55,55,55,56,57,57,57,53,59,59,57,57,57,58,56,57,55,55,60,54,54,55,55,53,55,55,57,57,58,57,57,56,56,58,57,57,56,55,57,59,56,55,56,55,57,56,58,56,56,57,56,56,56,56,55,54,55,54,58,56,54,56,57,56,55,55,57,56,60,56,57,57,54,54,57,58,55,55,57,57,56,57,57,57,56,58,53,56,54,59,58,55,55,54,57,54,54,55,58,54,54,57,56,56,54,57,58,55,55,54,56,57,58,57,55,57,56,55,55,56,57,56,57,57,56,54,56,56,56,57,56,57,56,56,
59,60,56,58,58,56,57,59,58,57,57,55,56,57,56,61,58,57,56,56,57,56,59,57,56,56,56,60,57,56,56,57,56,56,58,57,56,57,58,54,55,57,54,58,57,57,56,55,56,55,54,55,54,58,55,56,58,58,58,56,55,56,57,58,56,57,56,55,57,55,56,58,57,58,57,56,59,59,60,55,54,58,61,56,56,55,57,55,57,57,58,57,56,59,53,56,56,57,54,56,55,55,56,56,56,57,58,58,56,60,55,56,54,57,55,54,57,57,55,57,58,56,58,59,57,56,56,58,56,57,57,59,58,57,57,55,57,56,56,59,60,54,58,54,56,53,59,56,57,58,59,57,60,56,56,57,58,57,53,56,57,58,58,56,57,56,57,59,59,57,59,56,55,56,55,57,55,55,56,57,55,56,55,55,56,56,53,59,58,56,58,59,55,57,55,58,58,58,57,56,59,58,55,57,58,58,56,59,54,57,57,61,55,56,58,57,56,57,57,57,56,55,57,60,57,55,55,58,57,58,54,59,56,56,57,55,55,55,57,60,58,58,57,58,56,57,56,58,55,56,57,56,58,55,57,57,
59,58,56,56,57,59,58,57,60,58,58,57,56,56,57,58,56,57,56,57,58,54,56,58,59,59,57,59,59,57,60,57,57,57,55,59,57,57,58,56,55,57,62,60,59,57,56,59,56,56,55,55,58,56,56,57,57,55,59,58,59,56,58,58,55,58,55,59,55,56,58,57,59,59,58,55,55,57,58,56,57,59,59,56,57,56,57,56,55,56,56,58,58,59,54,58,57,57,56,56,56,56,58,57,57,59,58,59,56,57,57,59,57,58,55,58,58,58,56,58,58,56,57,60,59,56,56,57,54,59,58,59,58,58,62,58,56,57,54,59,60,57,57,59,55,54,56,59,57,56,59,58,60,59,59,55,58,56,59,59,57,58,57,55,56,58,58,59,59,60,57,57,58,57,56,58,56,57,56,58,56,58,54,56,57,58,57,58,59,57,58,59,57,55,59,57,58,59,57,58,58,58,57,56,56,58,57,61,55,56,57,57,58,59,55,58,57,57,57,57,57,61,61,60,60,60,56,56,58,55,57,59,57,56,56,57,56,58,58,56,58,59,60,58,56,59,59,56,57,56,57,56,58,56,57,56,
58,59,58,58,58,56,60,60,59,59,58,58,57,58,57,57,58,57,58,57,61,55,59,60,58,60,60,60,57,57,59,59,57,57,56,60,57,60,56,60,56,59,60,57,59,58,58,57,59,59,62,60,56,57,57,58,57,57,56,59,60,59,59,57,57,57,59,55,59,55,59,59,59,56,56,59,59,57,60,57,59,57,60,57,57,60,59,57,57,57,57,57,59,59,57,57,58,58,61,59,57,58,59,58,56,60,60,56,56,60,57,60,57,57,56,58,59,60,59,59,59,60,57,56,63,59,58,58,58,56,59,59,57,58,62,58,61,57,56,55,55,58,58,58,57,55,60,56,57,57,58,57,57,58,59,56,59,59,59,57,59,58,57,58,56,59,57,58,60,60,58,59,57,57,58,57,60,56,58,56,59,57,57,55,55,57,58,57,57,59,58,59,56,56,58,61,58,58,59,58,56,58,58,57,61,59,58,59,61,56,57,59,58,58,61,56,59,58,58,57,58,59,59,59,60,59,58,58,59,58,60,58,59,60,57,58,57,55,59,57,58,56,59,60,57,60,55,59,57,57,57,56,57,58,57,57,
56,59,60,59,58,57,60,58,60,60,60,58,60,57,58,58,58,59,59,58,60,61,59,59,59,58,61,60,60,59,58,58,59,59,58,60,59,60,59,59,57,60,58,59,58,59,59,58,59,59,60,58,59,60,58,59,59,59,59,59,60,59,58,58,59,58,58,59,56,59,59,57,60,57,59,60,57,58,58,60,60,60,60,57,57,59,58,58,57,60,60,62,58,59,57,57,59,59,58,58,59,60,58,59,58,57,60,60,56,62,56,60,60,58,59,59,60,60,58,60,61,59,60,58,57,58,60,58,58,60,59,58,60,57,60,60,58,58,58,61,60,57,59,60,58,58,61,58,59,60,57,58,58,56,58,58,57,58,59,60,59,57,59,58,59,59,58,59,60,57,59,59,57,59,58,61,60,59,58,57,59,59,61,61,57,59,58,57,58,60,59,60,62,58,59,57,57,61,59,60,57,59,58,58,58,62,59,58,59,60,59,59,60,59,61,59,59,60,57,57,58,61,60,61,60,59,58,58,58,59,59,58,60,61,60,61,58,58,61,60,61,57,59,61,57,60,60,56,58,58,57,58,59,60,58,57,
57,59,59,59,61,58,58,60,61,61,58,61,59,60,58,62,60,60,58,58,58,59,60,59,60,58,57,58,61,60,60,60,58,59,60,58,59,58,58,60,58,60,60,61,58,59,58,60,60,59,59,59,61,59,58,60,58,59,60,59,59,60,58,60,59,60,61,58,59,60,61,58,57,59,57,61,57,57,61,59,59,58,60,60,61,60,58,59,60,62,61,58,60,59,58,58,61,62,61,60,59,60,60,59,59,58,60,59,60,57,57,60,59,59,59,60,62,59,60,61,59,59,59,58,58,58,59,61,58,60,59,58,61,59,61,61,58,59,59,60,57,61,58,59,59,60,59,60,60,61,60,59,58,58,59,58,59,59,60,59,59,60,59,59,59,60,58,58,61,58,60,59,61,59,59,61,62,59,58,58,59,59,60,61,60,59,59,58,59,59,60,60,58,60,63,57,58,60,60,60,58,59,60,58,57,58,59,58,59,59,59,60,59,60,59,57,60,59,61,59,59,59,58,59,62,59,58,60,59,58,60,60,59,61,61,61,58,60,57,58,58,61,60,60,60,59,59,57,57,59,59,58,58,59,60,59,
62,60,61,58,61,61,61,60,59,61,61,58,59,60,61,60,60,58,60,60,59,59,61,61,61,59,58,61,61,61,60,60,62,59,61,58,60,58,61,60,61,59,59,58,60,58,58,59,60,61,58,60,62,59,62,59,59,59,59,59,60,59,59,60,60,61,59,60,61,62,61,60,59,58,59,59,61,59,58,61,61,60,61,60,60,60,60,59,59,59,60,58,62,60,60,59,60,61,62,61,61,58,60,60,61,60,61,59,61,60,61,59,60,60,59,59,60,59,60,59,62,59,61,60,58,58,59,61,60,60,61,59,59,59,58,62,59,59,60,62,60,61,60,60,59,60,60,59,58,62,59,62,62,60,59,61,60,60,60,60,60,61,60,60,60,59,59,61,59,60,59,59,60,61,60,60,61,61,61,59,60,60,61,61,61,60,60,60,61,59,61,59,60,61,58,62,59,61,59,61,62,60,59,59,59,58,60,60,59,61,59,60,60,59,61,59,60,60,62,62,59,58,61,59,60,60,60,59,59,61,62,61,59,61,59,60,58,60,60,58,59,60,59,61,61,60,60,60,63,58,59,59,59,62,60,61,
62,62,61,60,59,60,60,62,61,60,60,59,62,60,61,60,60,59,63,60,61,59,62,60,62,61,60,60,60,62,61,60,62,61,60,61,61,60,62,61,60,61,60,59,61,61,62,61,61,62,60,59,61,59,62,62,61,60,60,59,60,59,60,60,60,61,60,60,62,60,60,61,59,59,60,59,61,59,61,63,60,60,61,60,60,61,59,62,60,60,61,59,60,61,61,62,62,60,62,61,59,59,60,60,60,61,61,59,61,61,59,62,61,60,61,60,61,60,61,61,63,61,60,61,59,59,62,59,61,60,60,60,60,60,60,60,60,60,62,63,62,61,60,60,61,61,61,61,60,60,60,60,61,59,60,59,60,60,60,61,62,60,60,61,60,60,61,59,60,60,61,60,61,62,61,61,62,62,60,59,60,60,61,61,60,61,61,60,62,61,60,60,60,60,60,61,60,62,62,61,60,59,60,61,63,60,60,61,61,60,60,62,62,60,60,61,62,60,60,61,59,62,60,60,60,61,60,61,61,60,62,63,59,60,62,59,60,61,59,59,59,60,61,62,61,60,60,62,61,60,60,59,61,61,62,60,
60,61,61,60,63,62,62,61,61,62,61,60,63,61,62,61,62,62,60,62,62,60,60,61,61,62,63,61,61,61,60,61,62,62,62,62,61,60,60,61,62,61,61,62,61,62,63,61,61,63,63,61,61,61,62,62,62,61,61,61,61,61,62,61,61,60,61,60,61,61,63,60,61,61,62,60,62,62,63,60,62,61,62,63,61,62,61,61,62,63,62,61,61,61,63,63,62,62,60,62,61,63,61,62,61,60,62,60,62,61,61,62,62,62,62,61,62,61,61,62,63,60,61,60,61,60,60,62,61,61,60,62,61,62,60,60,61,62,63,61,61,62,63,61,62,60,60,61,61,62,60,61,63,62,61,62,61,61,62,61,62,60,62,62,62,62,60,61,60,61,62,63,62,62,60,60,61,63,62,62,62,61,61,61,63,61,61,62,63,63,62,60,62,62,64,60,62,61,62,61,61,61,62,62,63,63,61,61,62,62,60,61,63,61,61,61,61,61,60,63,61,61,61,60,60,63,62,63,60,61,62,60,60,60,62,61,61,60,60,61,61,61,62,62,61,62,61,61,62,60,62,60,62,61,61,61,
62,63,61,62,61,63,64,62,63,62,61,62,63,63,63,62,62,62,62,62,62,62,61,61,62,62,62,62,62,62,61,62,63,63,62,61,61,61,64,61,61,61,61,63,62,63,62,62,62,62,63,63,64,62,62,63,63,61,61,62,62,62,63,63,61,62,61,62,63,62,61,61,62,61,61,62,62,63,63,61,61,61,62,62,63,63,62,62,61,63,62,62,62,63,63,61,63,62,62,61,62,62,63,63,63,61,63,63,63,63,61,61,63,62,62,63,62,62,62,61,62,61,62,62,63,62,63,62,61,62,62,63,62,61,62,61,62,62,63,62,62,62,62,62,63,61,62,61,61,62,61,62,61,63,62,62,62,63,63,61,62,62,62,61,62,62,63,63,63,61,63,64,62,62,62,61,62,61,62,63,62,63,63,62,62,61,62,62,61,62,64,62,63,63,62,64,62,61,63,62,62,63,63,64,63,62,62,62,63,62,62,62,62,63,62,62,61,62,61,63,63,63,63,62,62,63,64,63,61,62,62,63,61,61,63,63,61,62,62,62,61,62,63,62,62,63,61,61,62,62,62,63,62,63,62,62,
63,62,62,63,63,62,62,64,64,63,63,62,63,63,63,64,63,63,63,64,63,62,64,62,62,63,62,63,63,63,64,62,63,62,63,63,62,62,62,64,64,63,63,64,64,62,63,63,62,62,62,63,63,63,62,63,64,62,62,63,63,62,62,63,63,63,63,62,64,63,63,62,62,63,62,63,63,63,62,62,63,62,63,62,63,63,63,63,63,62,63,63,63,63,63,62,63,63,64,64,63,63,63,63,63,63,62,63,62,62,62,62,63,63,64,63,62,63,62,62,63,62,63,63,62,63,62,63,63,62,62,63,62,63,63,62,62,63,62,62,62,62,64,62,62,62,62,62,62,63,63,64,62,63,63,63,63,62,64,63,62,63,64,62,63,64,63,62,63,62,63,63,62,62,62,63,62,63,63,64,63,63,62,63,64,63,64,62,62,62,63,62,63,64,63,63,63,63,62,63,63,63,63,62,62,62,63,63,63,62,62,63,62,62,63,62,63,63,64,62,63,62,64,63,63,64,63,64,62,62,62,63,63,62,63,64,62,63,62,63,63,63,63,63,63,62,62,62,62,63,64,62,64,63,63,63,
63,63,63,63,63,64,64,63,64,64,64,64,63,64,64,63,64,63,64,63,63,64,63,64,63,63,64,63,64,63,64,64,63,63,63,63,63,64,63,63,63,64,63,64,63,64,63,64,63,63,63,63,63,63,64,63,63,63,63,63,64,63,63,64,63,63,63,63,63,63,63,63,63,63,64,64,63,63,63,63,63,63,64,63,63,64,63,64,63,63,63,64,63,63,63,63,63,63,63,63,63,63,63,64,63,63,63,64,63,64,63,63,64,63,63,64,63,64,63,63,64,63,63,63,63,64,64,63,64,64,64,63,63,63,63,63,63,64,63,64,63,63,64,64,63,63,64,63,63,64,63,63,64,63,63,63,64,63,63,63,63,63,64,64,63,63,64,63,64,63,64,64,64,64,63,63,63,64,63,63,64,64,63,64,63,64,63,63,63,64,63,63,63,63,63,64,63,64,63,64,63,63,63,63,63,64,63,63,63,64,63,63,63,64,63,64,63,63,64,64,63,63,63,63,63,64,63,63,63,64,63,63,63,63,63,64,63,63,63,64,63,63,64,64,63,64,63,63,63,63,64,63,63,64,63,63,
64,64,64,64,64,64,64,64,64,64,64,64,64,64,64,64,64,64,64,64,64,64,64,64,64,64,64,64,64,64,64,64,64,64,64,64,64,64,64,64,64,64,64,64,64,64,64,64,64,64,64,64,64,64,64,64,64,64,64,64,64,64,64,64,64,64,64,64,64,64,64,64,64,64,64,64,64,64,64,64,64,64,64,64,64,64,64,64,64,64,64,64,64,64,64,64,64,64,64,64,64,64,64,64,64,64,64,64,64,64,64,64,64,64,64,64,64,64,64,64,64,64,64,64,64,64,64,64,64,64,64,64,64,64,64,64,64,64,64,64,64,64,64,64,64,64,64,64,64,64,64,64,64,64,64,64,64,64,64,64,64,64,64,64,64,64,64,64,64,64,64,64,64,64,64,64,64,64,64,64,64,64,64,64,64,64,64,64,64,64,64,64,64,64,64,64,64,64,64,64,64,64,64,64,64,64,64,64,64,64,64,64,64,64,64,64,64,64,64,64,64,64,64,64,64,64,64,64,64,64,64,64,64,64,64,64,64,64,64,64,64,64,64,64,64,64,64,64,64,64,64,64,64,64,64,64,