[64, 256, 128]
0,0,0,0,0,0,0,0,0,0,0,0,0,0,0,0,0,0,0,0,0,0,0,0,0,0,0,0,0,0,0,0,0,0,0,0,0,0,0,0,0,0,0,0,0,0,0,0,0,0,0,0,0,0,0,0,0,0,0,0,0,0,0,0,0,0,0,0,0,0,0,0,0,0,0,0,0,0,0,0,0,0,0,0,0,0,0,0,0,0,0,0,0,0,0,0,0,0,0,0,0,0,0,0,0,0,0,0,0,0,0,0,0,0,0,0,0,0,0,0,0,0,0,0,0,0,0,0,0,0,0,0,0,0,0,0,0,0,0,0,0,0,0,0,0,0,0,0,0,0,0,0,0,0,0,0,0,0,0,0,0,0,0,0,0,0,0,0,0,0,0,0,0,0,0,0,0,0,0,0,0,0,0,0,0,0,0,0,0,0,0,0,0,0,0,0,0,0,0,0,0,0,0,0,0,0,0,0,0,0,0,0,0,0,0,0,0,0,0,0,0,0,0,0,0,0,0,0,0,0,0,0,0,0,0,0,0,0,0,0,0,0,0,0,0,0,0,0,0,0,0,0,0,0,0,0,
0,0,0,0,0,0,0,0,0,0,0,0,0,0,0,0,0,0,0,0,0,0,0,0,0,0,0,0,0,0,0,0,0,0,0,0,0,0,0,0,0,0,0,0,0,0,0,0,0,0,0,0,0,0,0,0,0,0,0,0,0,0,0,0,0,0,0,0,0,0,0,0,0,0,0,0,0,0,0,0,0,0,0,0,0,0,0,0,0,0,0,0,0,0,0,0,0,0,0,0,0,0,0,0,0,0,0,0,0,0,0,0,0,0,0,0,0,0,0,0,0,0,0,0,0,0,0,0,0,0,0,0,0,0,0,0,0,0,0,0,0,0,0,0,0,0,0,0,0,0,0,0,0,0,0,0,0,0,0,0,0,0,0,0,0,0,0,0,0,0,0,0,0,0,0,0,0,0,0,0,0,0,0,0,0,0,0,0,0,0,0,0,0,0,0,0,0,0,0,0,0,0,0,0,0,0,0,0,0,0,0,0,0,0,0,0,0,0,0,0,0,0,0,0,0,0,0,0,0,0,0,0,0,0,0,0,0,0,0,0,0,0,0,0,0,0,0,0,0,0,0,0,0,0,0,0,
0,0,0,0,0,0,0,0,0,0,0,0,0,0,0,0,0,0,0,0,0,0,0,0,0,0,0,0,0,0,0,0,0,0,0,0,0,0,0,0,0,0,0,0,0,0,0,0,0,0,0,0,0,0,0,0,0,0,0,0,0,0,0,0,0,0,0,0,0,0,0,0,0,0,0,0,0,0,0,0,0,0,0,0,0,0,0,0,0,0,0,0,0,0,0,0,0,0,0,0,0,0,0,0,0,0,0,0,0,0,0,0,0,0,0,0,0,0,0,0,0,0,0,0,0,0,0,0,0,0,0,0,0,0,0,0,0,0,0,0,0,0,0,0,0,0,0,0,0,0,0,0,0,0,0,0,0,0,0,0,0,0,0,0,0,0,0,0,0,0,0,0,0,0,0,0,0,0,0,0,0,0,0,0,0,0,0,0,0,0,0,0,0,0,0,0,0,0,0,0,0,0,0,0,0,0,0,0,0,0,0,0,0,0,0,0,0,0,0,0,0,0,0,0,0,0,0,0,0,0,0,0,0,0,0,0,0,0,0,0,0,0,0,0,0,0,0,0,0,0,0,0,0,0,0,0,
0,0,0,0,0,0,0,0,0,0,0,0,0,0,0,0,0,0,0,0,0,0,0,0,0,0,0,0,0,0,0,0,0,0,0,0,0,0,0,0,0,0,0,0,0,0,0,0,0,0,0,0,0,0,0,0,0,0,0,0,0,0,0,0,0,0,0,0,0,0,0,0,0,0,0,0,0,0,0,0,0,0,0,0,0,0,0,0,0,0,0,0,0,0,0,0,0,0,0,0,0,0,0,0,0,0,0,0,0,0,0,0,0,0,0,0,0,0,0,0,0,0,0,0,0,0,0,0,0,0,0,0,0,0,0,0,0,0,0,0,0,0,0,0,0,0,0,0,0,0,0,0,0,0,0,0,0,0,0,0,0,0,0,0,0,0,0,0,0,0,0,0,0,0,0,0,0,0,0,0,0,0,0,0,0,0,0,0,0,0,0,0,0,0,0,0,0,0,0,0,0,0,0,0,0,0,0,0,0,0,0,0,0,0,0,0,0,0,0,0,0,0,0,0,0,0,0,0,0,0,0,0,0,0,0,0,0,0,0,0,0,0,0,0,0,0,0,0,0,0,0,0,0,0,0,0,
0,0,0,0,0,0,0,0,0,0,0,0,0,0,0,0,0,0,0,0,0,0,0,0,0,0,0,0,0,0,0,0,0,0,0,0,0,0,0,0,0,0,0,0,0,0,0,0,0,0,0,0,0,0,0,0,0,0,0,0,0,0,0,0,0,0,0,0,0,0,0,0,0,0,0,0,0,0,0,0,0,0,0,0,0,0,0,0,0,0,0,0,0,0,0,0,0,0,0,0,0,0,0,0,0,0,0,0,0,0,0,0,0,0,0,0,0,0,0,0,0,0,0,0,0,0,0,0,0,0,0,0,0,0,0,0,0,0,0,0,0,0,0,0,0,0,0,0,0,0,0,0,0,0,0,0,0,0,0,0,0,0,0,0,0,0,0,0,0,0,0,0,0,0,0,0,0,0,0,0,0,0,0,0,0,0,0,0,0,0,0,0,0,0,0,0,0,0,0,0,0,0,0,0,0,0,0,0,0,0,0,0,0,0,0,0,0,0,0,0,0,0,0,0,0,0,0,0,0,0,0,0,0,0,0,0,0,0,0,0,0,0,0,0,0,0,0,0,0,0,0,0,0,0,0,0,
0,0,0,0,0,0,0,0,0,0,0,0,0,0,0,0,0,0,0,0,0,0,0,0,0,0,0,0,0,0,0,0,0,0,0,0,0,0,0,0,0,0,0,0,0,0,0,0,0,0,0,0,0,0,0,0,0,0,0,0,0,0,0,0,0,0,0,0,0,0,0,0,0,0,0,0,0,0,0,0,0,0,0,0,0,0,0,0,0,0,0,0,0,0,0,0,0,0,0,0,0,0,0,0,0,0,0,0,0,0,0,0,0,0,0,0,0,0,0,0,0,0,0,0,0,0,0,0,0,0,0,0,0,0,0,0,0,0,0,0,0,0,0,0,0,0,0,0,0,0,0,0,0,0,0,0,0,0,0,0,0,0,0,0,0,0,0,0,0,0,0,0,0,0,0,0,0,0,0,0,0,0,0,0,0,0,0,0,0,0,0,0,0,0,0,0,0,0,0,0,0,0,0,0,0,0,0,0,0,0,0,0,0,0,0,0,0,0,0,0,0,0,0,0,0,0,0,0,0,0,0,0,0,0,0,0,0,0,0,0,0,0,0,0,0,0,0,0,0,0,0,0,0,0,0,0,
0,0,0,0,0,0,0,0,0,0,0,0,0,0,0,0,0,0,0,0,0,0,0,0,0,0,0,0,0,0,0,0,0,0,0,0,0,0,0,0,0,0,0,0,0,0,0,0,0,0,0,0,0,0,0,0,0,0,0,0,0,0,0,0,0,0,0,0,0,0,0,0,0,0,0,0,0,0,0,0,0,0,0,0,0,0,0,0,0,0,0,0,0,0,0,0,0,0,0,0,0,0,0,0,0,0,0,0,0,0,0,0,0,0,0,0,0,0,0,0,0,0,0,0,0,0,0,0,0,0,0,0,0,0,0,0,0,0,0,0,0,0,0,0,0,0,0,0,0,0,0,0,0,0,0,0,0,0,0,0,0,0,0,0,0,0,0,0,0,0,0,0,0,0,0,0,0,0,0,0,0,0,0,0,0,0,0,0,0,0,0,0,0,0,0,0,0,0,0,0,0,0,0,0,0,0,0,0,0,0,0,0,0,0,0,0,0,0,0,0,0,0,0,0,0,0,0,0,0,0,0,0,0,0,0,0,0,0,0,0,0,0,0,0,0,0,0,0,0,0,0,0,0,0,0,0,
0,0,0,0,0,0,0,0,0,0,0,0,0,0,0,0,0,0,0,0,0,0,0,0,0,0,0,0,0,0,0,0,0,0,0,0,0,0,0,0,0,0,0,0,0,0,0,0,0,0,0,0,0,0,0,0,0,0,0,0,0,0,0,0,0,0,0,0,0,0,0,0,0,0,0,0,0,0,0,0,0,0,0,0,0,0,0,0,0,0,0,0,0,0,0,0,0,0,0,0,0,0,0,0,0,0,0,0,0,0,0,0,0,0,0,0,0,0,0,0,0,0,0,0,0,0,0,0,0,0,0,0,0,0,0,0,0,0,0,0,0,0,0,0,0,0,0,0,0,0,0,0,0,0,0,0,0,0,0,0,0,0,0,0,0,0,0,0,0,0,0,0,0,0,0,0,0,0,0,0,0,0,0,0,0,0,0,0,0,0,0,0,0,0,0,0,0,0,0,0,0,0,0,0,0,0,0,0,0,0,0,0,0,0,0,0,0,0,0,0,0,0,0,0,0,0,0,0,0,0,0,0,0,0,0,0,0,0,0,0,0,0,0,0,0,0,0,0,0,0,0,0,0,0,0,0,
0,0,0,0,0,0,0,0,0,0,0,0,0,0,0,0,0,0,0,0,0,0,0,0,0,0,0,0,0,0,0,0,0,0,0,0,0,0,0,0,0,0,0,0,0,0,0,0,0,0,0,0,0,0,0,0,0,0,0,0,0,0,0,0,0,0,0,0,0,0,0,0,0,0,0,0,0,0,0,0,0,0,0,0,0,0,0,0,0,0,0,0,0,0,0,0,0,0,0,0,0,0,0,0,0,0,0,0,0,0,0,0,0,0,0,0,0,0,0,0,0,0,0,0,0,0,0,0,0,0,0,0,0,0,0,0,0,0,0,0,0,0,0,0,0,0,0,0,0,0,0,0,0,0,0,0,0,0,0,0,0,0,0,0,0,0,0,0,0,0,0,0,0,0,0,0,0,0,0,0,0,0,0,0,0,0,0,0,0,0,0,0,0,0,0,0,0,0,0,0,0,0,0,0,0,0,0,0,0,0,0,0,0,0,0,0,0,0,0,0,0,0,0,0,0,0,0,0,0,0,0,0,0,0,0,0,0,0,0,0,0,0,0,0,0,0,0,0,0,0,0,0,0,0,0,0,
0,0,0,0,0,0,0,0,0,0,0,0,0,0,0,0,0,0,0,0,0,0,0,0,0,0,0,0,0,0,0,0,0,0,0,0,0,0,0,0,0,0,0,0,0,0,0,0,0,0,0,0,0,0,0,0,0,0,0,0,0,0,0,0,0,0,0,0,0,0,0,0,0,0,0,0,0,0,0,0,0,0,0,0,0,0,0,0,0,0,0,0,0,0,0,0,0,0,0,0,0,0,0,0,0,0,0,0,0,0,0,0,0,0,0,0,0,0,0,0,0,0,0,0,0,0,0,0,0,0,0,0,0,0,0,0,0,0,0,0,0,0,0,0,0,0,0,0,0,0,0,0,0,0,0,0,0,0,0,0,0,0,0,0,0,0,0,0,0,0,0,0,0,0,0,0,0,0,0,0,0,0,0,0,0,0,0,0,0,0,0,0,0,0,0,0,0,0,0,0,0,0,0,0,0,0,0,0,0,0,0,0,0,0,0,0,0,0,0,0,0,0,0,0,0,0,0,0,0,0,0,0,0,0,0,0,0,0,0,0,0,0,0,0,0,0,0,0,0,0,0,0,0,0,0,0,
0,0,0,0,0,0,0,0,0,0,0,0,0,0,0,0,0,0,0,0,0,0,0,0,0,0,0,0,0,0,0,0,0,0,0,0,0,0,0,0,0,0,0,0,0,0,0,0,0,0,0,0,0,0,0,0,0,0,0,0,0,0,0,0,0,0,0,0,0,0,0,0,0,0,0,0,0,0,0,0,0,0,0,0,0,0,0,0,0,0,0,0,0,0,0,0,0,0,0,0,0,0,0,0,0,0,0,0,0,0,0,0,0,0,0,0,0,0,0,0,0,0,0,0,0,0,0,0,0,0,0,0,0,0,0,0,0,0,0,0,0,0,0,0,0,0,0,0,0,0,0,0,0,0,0,0,0,0,0,0,0,0,0,0,0,0,0,0,0,0,0,0,0,0,0,0,0,0,0,0,0,0,0,0,0,0,0,0,0,0,0,0,0,0,0,0,0,0,0,0,0,0,0,0,0,0,0,0,0,0,0,0,0,0,0,0,0,0,0,0,0,0,0,0,0,0,0,0,0,0,0,0,0,0,0,0,0,0,0,0,0,0,0,0,0,0,0,0,0,0,0,0,0,0,0,0,
0,0,0,0,0,0,0,0,0,0,0,0,0,0,0,0,0,0,0,0,0,0,0,0,0,0,0,0,0,0,0,0,0,0,0,0,0,0,0,0,0,0,0,0,0,0,0,0,0,0,0,0,0,0,0,0,0,0,0,0,0,0,0,0,0,0,0,0,0,0,0,0,0,0,0,0,0,0,0,0,0,0,0,0,0,0,0,0,0,0,0,0,0,0,0,0,0,0,0,0,0,0,0,0,0,0,0,0,0,0,0,0,0,0,0,0,0,0,0,0,0,0,0,0,0,0,0,0,0,0,0,0,0,0,0,0,0,0,0,0,0,0,0,0,0,0,0,0,0,0,0,0,0,0,0,0,0,0,0,0,0,0,0,0,0,0,0,0,0,0,0,0,0,0,0,0,0,0,0,0,0,0,0,0,0,0,0,0,0,0,0,0,0,0,0,0,0,0,0,0,0,0,0,0,0,0,0,0,0,0,0,0,0,0,0,0,0,0,0,0,0,0,0,0,0,0,0,0,0,0,0,0,0,0,0,0,0,0,0,0,0,0,0,0,0,0,0,0,0,0,0,0,0,0,0,0,
0,0,0,0,0,0,0,0,0,0,0,0,0,0,0,0,0,0,0,0,0,0,0,0,0,0,0,0,0,0,0,0,0,0,0,0,0,0,0,0,0,0,0,0,0,0,0,0,0,0,0,0,0,0,0,0,0,0,0,0,0,0,0,0,0,0,0,0,0,0,0,0,0,0,0,0,0,0,0,0,0,0,0,0,0,0,0,0,0,0,0,0,0,0,0,0,0,0,0,0,0,0,0,0,0,0,0,0,0,0,0,0,0,0,0,0,0,0,0,0,0,0,0,0,0,0,0,0,0,0,0,0,0,0,0,0,0,0,0,0,0,0,0,0,0,0,0,0,0,0,0,0,0,0,0,0,0,0,0,0,0,0,0,0,0,0,0,0,0,0,0,0,0,0,0,0,0,0,0,0,0,0,0,0,0,0,0,0,0,0,0,0,0,0,0,0,0,0,0,0,0,0,0,0,0,0,0,0,0,0,0,0,0,0,0,0,0,0,0,0,0,0,0,0,0,0,0,0,0,0,0,0,0,0,0,0,0,0,0,0,0,0,0,0,0,0,0,0,0,0,0,0,0,0,0,0,
0,0,0,0,0,0,0,0,0,0,0,0,0,0,0,0,0,0,0,0,0,0,0,0,0,0,0,0,0,0,0,0,0,0,0,0,0,0,0,0,0,0,0,0,0,0,0,0,0,0,0,0,0,0,0,0,0,0,0,0,0,0,0,0,0,0,0,0,0,0,0,0,0,0,0,0,0,0,0,0,0,0,0,0,0,0,0,0,0,0,0,0,0,0,0,0,0,0,0,0,0,0,0,0,0,0,0,0,0,0,0,0,0,0,0,0,0,0,0,0,0,0,0,0,0,0,0,0,0,0,0,0,0,0,0,0,0,0,0,0,0,0,0,0,0,0,0,0,0,0,0,0,0,0,0,0,0,0,0,0,0,0,0,0,0,0,0,0,0,0,0,0,0,0,0,0,0,0,0,0,0,0,0,0,0,0,0,0,0,0,0,0,0,0,0,0,0,0,0,0,0,0,0,0,0,0,0,0,0,0,0,0,0,0,0,0,0,0,0,0,0,0,0,0,0,0,0,0,0,0,0,0,0,0,0,0,0,0,0,0,0,0,0,0,0,0,0,0,0,0,0,0,0,0,0,0,
0,0,0,0,0,0,0,0,0,0,0,0,0,0,0,0,0,0,0,0,0,0,0,0,0,0,0,0,0,0,0,0,0,0,0,0,0,0,0,0,0,0,0,0,0,0,0,0,0,0,0,0,0,0,0,0,0,0,0,0,0,0,0,0,0,0,0,0,0,0,0,0,0,0,0,0,0,0,0,0,0,0,0,0,0,0,0,0,0,0,0,0,0,0,0,0,0,0,0,0,0,0,0,0,0,0,0,0,0,0,0,0,0,0,0,0,0,0,0,0,0,0,0,0,0,0,0,0,0,0,0,0,0,0,0,0,0,0,0,0,0,0,0,0,0,0,0,0,0,0,0,0,0,0,0,0,0,0,0,0,0,0,0,0,0,0,0,0,0,0,0,0,0,0,0,0,0,0,0,0,0,0,0,0,0,0,0,0,0,0,0,0,0,0,0,0,0,0,0,0,0,0,0,0,0,0,0,0,0,0,0,0,0,0,0,0,0,0,0,0,0,0,0,0,0,0,0,0,0,0,0,0,0,0,0,0,0,0,0,0,0,0,0,0,0,0,0,0,0,0,0,0,0,0,0,0,
0,0,0,0,0,0,0,0,0,0,0,0,0,0,0,0,0,0,0,0,0,0,0,0,0,0,0,0,0,0,0,0,0,0,0,0,0,0,0,0,0,0,0,0,0,0,0,0,0,0,0,0,0,0,0,0,0,0,0,0,0,0,0,0,0,0,0,0,0,0,0,0,0,0,0,0,0,0,0,0,0,0,0,0,0,0,0,0,0,0,0,0,0,0,0,0,0,0,0,0,0,0,0,0,0,0,0,0,0,0,0,0,0,0,0,0,0,0,0,0,0,0,0,0,0,0,0,0,0,0,0,0,0,0,0,0,0,0,0,0,0,0,0,0,0,0,0,0,0,0,0,0,0,0,0,0,0,0,0,0,0,0,0,0,0,0,0,0,0,0,0,0,0,0,0,0,0,0,0,0,0,0,0,0,0,0,0,0,0,0,0,0,0,0,0,0,0,0,0,0,0,0,0,0,0,0,0,0,0,0,0,0,0,0,0,0,0,0,0,0,0,0,0,0,0,0,0,0,0,0,0,0,0,0,0,0,0,0,0,0,0,0,0,0,0,0,0,0,0,0,0,0,0,0,0,0,
0,0,0,0,0,0,0,0,0,0,0,0,0,0,0,0,0,0,0,0,0,0,0,0,0,0,0,0,0,0,0,0,0,0,0,0,0,0,0,0,0,0,0,0,0,0,0,0,0,0,0,0,0,0,0,0,0,0,0,0,0,0,0,0,0,0,0,0,0,0,0,0,0,0,0,0,0,0,0,0,0,0,0,0,0,0,0,0,0,0,0,0,0,0,0,0,0,0,0,0,0,0,0,0,0,0,0,0,0,0,0,0,0,0,0,0,0,0,0,0,0,0,0,0,0,0,0,0,0,0,0,0,0,0,0,0,0,0,0,0,0,0,0,0,0,0,0,0,0,0,0,0,0,0,0,0,0,0,0,0,0,0,0,0,0,0,0,0,0,0,0,0,0,0,0,0,0,0,0,0,0,0,0,0,0,0,0,0,0,0,0,0,0,0,0,0,0,0,0,0,0,0,0,0,0,0,0,0,0,0,0,0,0,0,0,0,0,0,0,0,0,0,0,0,0,0,0,0,0,0,0,0,0,0,0,0,0,0,0,0,0,0,0,0,0,0,0,0,0,0,0,0,0,0,0,0,
0,0,0,0,0,0,0,0,0,0,0,0,0,0,0,0,0,0,0,0,0,0,0,0,0,0,0,0,0,0,0,0,0,0,0,0,0,0,0,0,0,0,0,0,0,0,0,0,0,0,0,0,0,0,0,0,0,0,0,0,0,0,0,0,0,0,0,0,0,0,0,0,0,0,0,0,0,0,0,0,0,0,0,0,0,0,0,0,0,0,0,0,0,0,0,0,0,0,0,0,0,0,0,0,0,0,0,0,0,0,0,0,0,0,0,0,0,0,0,0,0,0,0,0,0,0,0,0,0,0,0,0,0,0,0,0,0,0,0,0,0,0,0,0,0,0,0,0,0,0,0,0,0,0,0,0,0,0,0,0,0,0,0,0,0,0,0,0,0,0,0,0,0,0,0,0,0,0,0,0,0,0,0,0,0,0,0,0,0,0,0,0,0,0,0,0,0,0,0,0,0,0,0,0,0,0,0,0,0,0,0,0,0,0,0,0,0,0,0,0,0,0,0,0,0,0,0,0,0,0,0,0,0,0,0,0,0,0,0,0,0,0,0,0,0,0,0,0,0,0,0,0,0,0,0,0,
0,0,0,0,0,0,0,0,0,0,0,0,0,0,0,0,0,0,0,0,0,0,0,0,0,0,0,0,0,0,0,0,0,0,0,0,0,0,0,0,0,0,0,0,0,0,0,0,0,0,0,0,0,0,0,0,0,0,0,0,0,0,0,0,0,0,0,0,0,0,0,0,0,0,0,0,0,0,0,0,0,0,0,0,0,0,0,0,0,0,0,0,0,0,0,0,0,0,0,0,0,0,0,0,0,0,0,0,0,0,0,0,0,0,0,0,0,0,0,0,0,0,0,0,0,0,0,0,0,0,0,0,0,0,0,0,0,0,0,0,0,0,0,0,0,0,0,0,0,0,0,0,0,0,0,0,0,0,0,0,0,0,0,0,0,0,0,0,0,0,0,0,0,0,0,0,0,0,0,0,0,0,0,0,0,0,0,0,0,0,0,0,0,0,0,0,0,0,0,0,0,0,0,0,0,0,0,0,0,0,0,0,0,0,0,0,0,0,0,0,0,0,0,0,0,0,0,0,0,0,0,0,0,0,0,0,0,0,0,0,0,0,0,0,0,0,0,0,0,0,0,0,0,0,0,0,
0,0,0,0,0,0,0,0,0,0,0,0,0,0,0,0,0,0,0,0,0,0,0,0,0,0,0,0,0,0,0,0,0,0,0,0,0,0,0,0,0,0,0,0,0,0,0,0,0,0,0,0,0,0,0,0,0,0,0,0,0,0,0,0,0,0,0,0,0,0,0,0,0,0,0,0,0,0,0,0,0,0,0,0,0,0,0,0,0,0,0,0,0,0,0,0,0,0,0,0,0,0,0,0,0,0,0,0,0,0,0,0,0,0,0,0,0,0,0,0,0,0,0,0,0,0,0,0,0,0,0,0,0,0,0,0,0,0,0,0,0,0,0,0,0,0,0,0,0,0,0,0,0,0,0,0,0,0,0,0,0,0,0,0,0,0,0,0,0,0,0,0,0,0,0,0,0,0,0,0,0,0,0,0,0,0,0,0,0,0,0,0,0,0,0,0,0,0,0,0,0,0,0,0,0,0,0,0,0,0,0,0,0,0,0,0,0,0,0,0,0,0,0,0,0,0,0,0,0,0,0,0,0,0,0,0,0,0,0,0,0,0,0,0,0,0,0,0,0,0,0,0,0,0,0,0,
0,0,0,0,0,0,0,0,0,0,0,0,0,0,0,0,0,0,0,0,0,0,0,0,0,0,0,0,0,0,0,0,0,0,0,0,0,0,0,0,0,0,0,0,0,0,0,0,0,0,0,0,0,0,0,0,0,0,0,0,0,0,0,0,0,0,0,0,0,0,0,0,0,0,0,0,0,0,0,0,0,0,0,0,0,0,0,0,0,0,0,0,0,0,0,0,0,0,0,0,0,0,0,0,0,0,0,0,0,0,0,0,0,0,0,0,0,0,0,0,0,0,0,0,0,0,0,0,0,0,0,0,0,0,0,0,0,0,0,0,0,0,0,0,0,0,0,0,0,0,0,0,0,0,0,0,0,0,0,0,0,0,0,0,0,0,0,0,0,0,0,0,0,0,0,0,0,0,0,0,0,0,0,0,0,0,0,0,0,0,0,0,0,0,0,0,0,0,0,0,0,0,0,0,0,0,0,0,0,0,0,0,0,0,0,0,0,0,0,0,0,0,0,0,0,0,0,0,0,0,0,0,0,0,0,0,0,0,0,0,0,0,0,0,0,0,0,0,0,0,0,0,0,0,0,0,
0,0,0,0,0,0,0,0,0,0,0,0,0,0,0,0,0,0,0,0,0,0,0,0,0,0,0,0,0,0,0,0,0,0,0,0,0,0,0,0,0,0,0,0,0,0,0,0,0,0,0,0,0,0,0,0,0,0,0,0,0,0,0,0,0,0,0,0,0,0,0,0,0,0,0,0,0,0,0,0,0,0,0,0,0,0,0,0,0,0,0,0,0,0,0,0,0,0,0,0,0,0,0,0,0,0,0,0,0,0,0,0,0,0,0,0,0,0,0,0,0,0,0,0,0,0,0,0,0,0,0,0,0,0,0,0,0,0,0,0,0,0,0,0,0,0,0,0,0,0,0,0,0,0,0,0,0,0,0,0,0,0,0,0,0,0,0,0,0,0,0,0,0,0,0,0,0,0,0,0,0,0,0,0,0,0,0,0,0,0,0,0,0,0,0,0,0,0,0,0,0,0,0,0,0,0,0,0,0,0,0,0,0,0,0,0,0,0,0,0,0,0,0,0,0,0,0,0,0,0,0,0,0,0,0,0,0,0,0,0,0,0,0,0,0,0,0,0,0,0,0,0,0,0,0,0,
0,0,0,0,0,0,0,0,0,0,0,0,0,0,0,0,0,0,0,0,0,0,0,0,0,0,0,0,0,0,0,0,0,0,0,0,0,0,0,0,0,0,0,0,0,0,0,0,0,0,0,0,0,0,0,0,0,0,0,0,0,0,0,0,0,0,0,0,0,0,0,0,0,0,0,0,0,0,0,0,0,0,0,0,0,0,0,0,0,0,0,0,0,0,0,0,0,0,0,0,0,0,0,0,0,0,0,0,0,0,0,0,0,0,0,0,0,0,0,0,0,0,0,0,0,0,0,0,0,0,0,0,0,0,0,0,0,0,0,0,0,0,0,0,0,0,0,0,0,0,0,0,0,0,0,0,0,0,0,0,0,0,0,0,0,0,0,0,0,0,0,0,0,0,0,0,0,0,0,0,0,0,0,0,0,0,0,0,0,0,0,0,0,0,0,0,0,0,0,0,0,0,0,0,0,0,0,0,0,0,0,0,0,0,0,0,0,0,0,0,0,0,0,0,0,0,0,0,0,0,0,0,0,0,0,0,0,0,0,0,0,0,0,0,0,0,0,0,0,0,0,0,0,0,0,0,
0,0,0,0,0,0,0,0,0,0,0,0,0,0,0,0,0,0,0,0,0,0,0,0,0,0,0,0,0,0,0,0,0,0,0,0,0,0,0,0,0,0,0,0,0,0,0,0,0,0,0,0,0,0,0,0,0,0,0,0,0,0,0,0,0,0,0,0,0,0,0,0,0,0,0,0,0,0,0,0,0,0,0,0,0,0,0,0,0,0,0,0,0,0,0,0,0,0,0,0,0,0,0,0,0,0,0,0,0,0,0,0,0,0,0,0,0,0,0,0,0,0,0,0,0,0,0,0,0,0,0,0,0,0,0,0,0,0,0,0,0,0,0,0,0,0,0,0,0,0,0,0,0,0,0,0,0,0,0,0,0,0,0,0,0,0,0,0,0,0,0,0,0,0,0,0,0,0,0,0,0,0,0,0,0,0,0,0,0,0,0,0,0,0,0,0,0,0,0,0,0,0,0,0,0,0,0,0,0,0,0,0,0,0,0,0,0,0,0,0,0,0,0,0,0,0,0,0,0,0,0,0,0,0,0,0,0,0,0,0,0,0,0,0,0,0,0,0,0,0,0,0,0,0,0,0,
0,0,0,0,0,0,0,0,0,0,0,0,0,0,0,0,0,0,0,0,0,0,0,0,0,0,0,0,0,0,0,0,0,0,0,0,0,0,0,0,0,0,0,0,0,0,0,0,0,0,0,0,0,0,0,0,0,0,0,0,0,0,0,0,0,0,0,0,0,0,0,0,0,0,0,0,0,0,0,0,0,0,0,0,0,0,0,0,0,0,0,0,0,0,0,0,0,0,0,0,0,0,0,0,0,0,0,0,0,0,0,0,0,0,0,0,0,0,0,0,0,0,0,0,0,0,0,0,0,0,0,0,0,0,0,0,0,0,0,0,0,0,0,0,0,0,0,0,0,0,0,0,0,0,0,0,0,0,0,0,0,0,0,0,0,0,0,0,0,0,0,0,0,0,0,0,0,0,0,0,0,0,0,0,0,0,0,0,0,0,0,0,0,0,0,0,0,0,0,0,0,0,0,0,0,0,0,0,0,0,0,0,0,0,0,0,0,0,0,0,0,0,0,0,0,0,0,0,0,0,0,0,0,0,0,0,0,0,0,0,0,0,0,0,0,0,0,0,0,0,0,0,0,0,0,0,
0,0,0,0,0,0,0,0,0,0,0,0,0,0,0,0,0,0,0,0,0,0,0,0,0,0,0,0,0,0,0,0,0,0,0,0,0,0,0,0,0,0,0,0,0,0,0,0,0,0,0,0,0,0,0,0,0,0,0,0,0,0,0,0,0,0,0,0,0,0,0,0,0,0,0,0,0,0,0,0,0,0,0,0,0,0,0,0,0,0,0,0,0,0,0,0,0,0,0,0,0,0,0,0,0,0,0,0,0,0,0,0,0,0,0,0,0,0,0,0,0,0,0,0,0,0,0,0,0,0,0,0,0,0,0,0,0,0,0,0,0,0,0,0,0,0,0,0,0,0,0,0,0,0,0,0,0,0,0,0,0,0,0,0,0,0,0,0,0,0,0,0,0,0,0,0,0,0,0,0,0,0,0,0,0,0,0,0,0,0,0,0,0,0,0,0,0,0,0,0,0,0,0,0,0,0,0,0,0,0,0,0,0,0,0,0,0,0,0,0,0,0,0,0,0,0,0,0,0,0,0,0,0,0,0,0,0,0,0,0,0,0,0,0,0,0,0,0,0,0,0,0,0,0,0,0,
0,0,0,0,0,0,0,0,0,0,0,0,0,0,0,0,0,0,0,0,0,0,0,0,0,0,0,0,0,0,0,0,0,0,0,0,0,0,0,0,0,0,0,0,0,0,0,0,0,0,0,0,0,0,0,0,0,0,0,0,0,0,0,0,0,0,0,0,0,0,0,0,0,0,0,0,0,0,0,0,0,0,0,0,0,0,0,0,0,0,0,0,0,0,0,0,0,0,0,0,0,0,0,0,0,0,0,0,0,0,0,0,0,0,0,0,0,0,0,0,0,0,0,0,0,0,0,0,0,0,0,0,0,0,0,0,0,0,0,0,0,0,0,0,0,0,0,0,0,0,0,0,0,0,0,0,0,0,0,0,0,0,0,0,0,0,0,0,0,0,0,0,0,0,0,0,0,0,0,0,0,0,0,0,0,0,0,0,0,0,0,0,0,0,0,0,0,0,0,0,0,0,0,0,0,0,0,0,0,0,0,0,0,0,0,0,0,0,0,0,0,0,0,0,0,0,0,0,0,0,0,0,0,0,0,0,0,0,0,0,0,0,0,0,0,0,0,0,0,0,0,0,0,0,0,0,
0,0,0,0,0,0,0,0,0,0,0,0,0,0,0,0,0,0,0,0,0,0,0,0,0,0,0,0,0,0,0,0,0,0,0,0,0,0,0,0,0,0,0,0,0,0,0,0,0,0,0,0,0,0,0,0,0,0,0,0,0,0,0,0,0,0,0,0,0,0,0,0,0,0,0,0,0,0,0,0,0,0,0,0,0,0,0,0,0,0,0,0,0,0,0,0,0,0,0,0,0,0,0,0,0,0,0,0,0,0,0,0,0,0,0,0,0,0,0,0,0,0,0,0,0,0,0,0,0,0,0,0,0,0,0,0,0,0,0,0,0,0,0,0,0,0,0,0,0,0,0,0,0,0,0,0,0,0,0,0,0,0,0,0,0,0,0,0,0,0,0,0,0,0,0,0,0,0,0,0,0,0,0,0,0,0,0,0,0,0,0,0,0,0,0,0,0,0,0,0,0,0,0,0,0,0,0,0,0,0,0,0,0,0,0,0,0,0,0,0,0,0,0,0,0,0,0,0,0,0,0,0,0,0,0,0,0,0,0,0,0,0,0,0,0,0,0,0,0,0,0,0,0,0,0,0,
0,0,0,0,0,0,0,0,0,0,0,0,0,0,0,0,0,0,0,0,0,0,0,0,0,0,0,0,0,0,0,0,0,0,0,0,0,0,0,0,0,0,0,0,0,0,0,0,0,0,0,0,0,0,0,0,0,0,0,0,0,0,0,0,0,0,0,0,0,0,0,0,0,0,0,0,0,0,0,0,0,0,0,0,0,0,0,0,0,0,0,0,0,0,0,0,0,0,0,0,0,0,0,0,0,0,0,0,0,0,0,0,0,0,0,0,0,0,0,0,0,0,0,0,0,0,0,0,0,0,0,0,0,0,0,0,0,0,0,0,0,0,0,0,0,0,0,0,0,0,0,0,0,0,0,0,0,0,0,0,0,0,0,0,0,0,0,0,0,0,0,0,0,0,0,0,0,0,0,0,0,0,0,0,0,0,0,0,0,0,0,0,0,0,0,0,0,0,0,0,0,0,0,0,0,0,0,0,0,0,0,0,0,0,0,0,0,0,0,0,0,0,0,0,0,0,0,0,0,0,0,0,0,0,0,0,0,0,0,0,0,0,0,0,0,0,0,0,0,0,0,0,0,0,0,0,
0,0,0,0,0,0,0,0,0,0,0,0,0,0,0,0,0,0,0,0,0,0,0,0,0,0,0,0,0,0,0,0,0,0,0,0,0,0,0,0,0,0,0,0,0,0,0,0,0,0,0,0,0,0,0,0,0,0,0,0,0,0,0,0,0,0,0,0,0,0,0,0,0,0,0,0,0,0,0,0,0,0,0,0,0,0,0,0,0,0,0,0,0,0,0,0,0,0,0,0,0,0,0,0,0,0,0,0,0,0,0,0,0,0,0,0,0,0,0,0,0,0,0,0,0,0,0,0,0,0,0,0,0,0,0,0,0,0,0,0,0,0,0,0,0,0,0,0,0,0,0,0,0,0,0,0,0,0,0,0,0,0,0,0,0,0,0,0,0,0,0,0,0,0,0,0,0,0,0,0,0,0,0,0,0,0,0,0,0,0,0,0,0,0,0,0,0,0,0,0,0,0,0,0,0,0,0,0,0,0,0,0,0,0,0,0,0,0,0,0,0,0,0,0,0,0,0,0,0,0,0,0,0,0,0,0,0,0,0,0,0,0,0,0,0,0,0,0,0,0,0,0,0,0,0,0,
0,0,0,0,0,0,0,0,0,0,0,0,0,0,0,0,0,0,0,0,0,0,0,0,0,0,0,0,0,0,0,0,0,0,0,0,0,0,0,0,0,0,0,0,0,0,0,0,0,0,0,0,0,0,0,0,0,0,0,0,0,0,0,0,0,0,0,0,0,0,0,0,0,0,0,0,0,0,0,0,0,0,0,0,0,0,0,0,0,0,0,0,0,0,0,0,0,0,0,0,0,0,0,0,0,0,0,0,0,0,0,0,0,0,0,0,0,0,0,0,0,0,0,0,0,0,0,0,0,0,0,0,0,0,0,0,0,0,0,0,0,0,0,0,0,0,0,0,0,0,0,0,0,0,0,0,0,0,0,0,0,0,0,0,0,0,0,0,0,0,0,0,0,0,0,0,0,0,0,0,0,0,0,0,0,0,0,0,0,0,0,0,0,0,0,0,0,0,0,0,0,0,0,0,0,0,0,0,0,0,0,0,0,0,0,0,0,0,0,0,0,0,0,0,0,0,0,0,0,0,0,0,0,0,0,0,0,0,0,0,0,0,0,0,0,0,0,0,0,0,0,0,0,0,0,0,
0,0,0,0,0,0,0,0,0,0,0,0,0,0,0,0,0,0,0,0,0,0,0,0,0,0,0,0,0,0,0,0,0,0,0,0,0,0,0,0,0,0,0,0,0,0,0,0,0,0,0,0,0,0,0,0,0,0,0,0,0,0,0,0,0,0,0,0,0,0,0,0,0,0,0,0,0,0,0,0,0,0,0,0,0,0,0,0,0,0,0,0,0,0,0,0,0,0,0,0,0,0,0,0,0,0,0,0,0,0,0,0,0,0,0,0,0,0,0,0,0,0,0,0,0,0,0,0,0,0,0,0,0,0,0,0,0,0,0,0,0,0,0,0,0,0,0,0,0,0,0,0,0,0,0,0,0,0,0,0,0,0,0,0,0,0,0,0,0,0,0,0,0,0,0,0,0,0,0,0,0,0,0,0,0,0,0,0,0,0,0,0,0,0,0,0,0,0,0,0,0,0,0,0,0,0,0,0,0,0,0,0,0,0,0,0,0,0,0,0,0,0,0,0,0,0,0,0,0,0,0,0,0,0,0,0,0,0,0,0,0,0,0,0,0,0,0,0,0,0,0,0,0,0,0,0,
0,0,0,0,0,0,0,0,0,0,0,0,0,0,0,0,0,0,0,0,0,0,0,0,0,0,0,0,0,0,0,0,0,0,0,0,0,0,0,0,0,0,0,0,0,0,0,0,0,0,0,0,0,0,0,0,0,0,0,0,0,0,0,0,0,0,0,0,0,0,0,0,0,0,0,0,0,0,0,0,0,0,0,0,0,0,0,0,0,0,0,0,0,0,0,0,0,0,0,0,0,0,0,0,0,0,0,0,0,0,0,0,0,0,0,0,0,0,0,0,0,0,0,0,0,0,0,0,0,0,0,0,0,0,0,0,0,0,0,0,0,0,0,0,0,0,0,0,0,0,0,0,0,0,0,0,0,0,0,0,0,0,0,0,0,0,0,0,0,0,0,0,0,0,0,0,0,0,0,0,0,0,0,0,0,0,0,0,0,0,0,0,0,0,0,0,0,0,0,0,0,0,0,0,0,0,0,0,0,0,0,0,0,0,0,0,0,0,0,0,0,0,0,0,0,0,0,0,0,0,0,0,0,0,0,0,0,0,0,0,0,0,0,0,0,0,0,0,0,0,0,0,0,0,0,0,
0,0,0,0,0,0,0,0,0,0,0,0,0,0,0,0,0,0,0,0,0,0,0,0,0,0,0,0,0,0,0,0,0,0,0,0,0,0,0,0,0,0,0,0,0,0,0,0,0,0,0,0,0,0,0,0,0,0,0,0,0,0,0,0,0,0,0,0,0,0,0,0,0,0,0,0,0,0,0,0,0,0,0,0,0,0,0,0,0,0,0,0,0,0,0,0,0,0,0,0,0,0,0,0,0,0,0,0,0,0,0,0,0,0,0,0,0,0,0,0,0,0,0,0,0,0,0,0,0,0,0,0,0,0,0,0,0,0,0,0,0,0,0,0,0,0,0,0,0,0,0,0,0,0,0,0,0,0,0,0,0,0,0,0,0,0,0,0,0,0,0,0,0,0,0,0,0,0,0,0,0,0,0,0,0,0,0,0,0,0,0,0,0,0,0,0,0,0,0,0,0,0,0,0,0,0,0,0,0,0,0,0,0,0,0,0,0,0,0,0,0,0,0,0,0,0,0,0,0,0,0,0,0,0,0,0,0,0,0,0,0,0,0,0,0,0,0,0,0,0,0,0,0,0,0,0,
0,0,0,0,0,0,0,0,0,0,0,0,0,0,0,0,0,0,0,0,0,0,0,0,0,0,0,0,0,0,0,0,0,0,0,0,0,0,0,0,0,0,0,0,0,0,0,0,0,0,0,0,0,0,0,0,0,0,0,0,0,0,0,0,0,0,0,0,0,0,0,0,0,0,0,0,0,0,0,0,0,0,0,0,0,0,0,0,0,0,0,0,0,0,0,0,0,0,0,0,0,0,0,0,0,0,0,0,0,0,0,0,0,0,0,0,0,0,0,0,0,0,0,0,0,0,0,0,0,0,0,0,0,0,0,0,0,0,0,0,0,0,0,0,0,0,0,0,0,0,0,0,0,0,0,0,0,0,0,0,0,0,0,0,0,0,0,0,0,0,0,0,0,0,0,0,0,0,0,0,0,0,0,0,0,0,0,0,0,0,0,0,0,0,0,0,0,0,0,0,0,0,0,0,0,0,0,0,0,0,0,0,0,0,0,0,0,0,0,0,0,0,0,0,0,0,0,0,0,0,0,0,0,0,0,0,0,0,0,0,0,0,0,0,0,0,0,0,0,0,0,0,0,0,0,0,
0,0,0,0,0,0,0,0,0,0,0,0,0,0,0,0,0,0,0,0,0,0,0,0,0,0,0,0,0,0,0,0,0,0,0,0,0,0,0,0,0,0,0,0,0,0,0,0,0,0,0,0,0,0,0,0,0,0,0,0,0,0,0,0,0,0,0,0,0,0,0,0,0,0,0,0,0,0,0,0,0,0,0,0,0,0,0,0,0,0,0,0,0,0,0,0,0,0,0,0,0,0,0,0,0,0,0,0,0,0,0,0,0,0,0,0,0,0,0,0,0,0,0,0,0,0,0,0,0,0,0,0,0,0,0,0,0,0,0,0,0,0,0,0,0,0,0,0,0,0,0,0,0,0,0,0,0,0,0,0,0,0,0,0,0,0,0,0,0,0,0,0,0,0,0,0,0,0,0,0,0,0,0,0,0,0,0,0,0,0,0,0,0,0,0,0,0,0,0,0,0,0,0,0,0,0,0,0,0,0,0,0,0,0,0,0,0,0,0,0,0,0,0,0,0,0,0,0,0,0,0,0,0,0,0,0,0,0,0,0,0,0,0,0,0,0,0,0,0,0,0,0,0,0,0,0,
0,0,0,0,0,0,0,0,0,0,0,0,0,0,0,0,0,0,0,0,0,0,0,0,0,0,0,0,0,0,0,0,0,0,0,0,0,0,0,0,0,0,0,0,0,0,0,0,0,0,0,0,0,0,0,0,0,0,0,0,0,0,0,0,0,0,0,0,0,0,0,0,0,0,0,0,0,0,0,0,0,0,0,0,0,0,0,0,0,0,0,0,0,0,0,0,0,0,0,0,0,0,0,0,0,0,0,0,0,0,0,0,0,0,0,0,0,0,0,0,0,0,0,0,0,0,0,0,0,0,0,0,0,0,0,0,0,0,0,0,0,0,0,0,0,0,0,0,0,0,0,0,0,0,0,0,0,0,0,0,0,0,0,0,0,0,0,0,0,0,0,0,0,0,0,0,0,0,0,0,0,0,0,0,0,0,0,0,0,0,0,0,0,0,0,0,0,0,0,0,0,0,0,0,0,0,0,0,0,0,0,0,0,0,0,0,0,0,0,0,0,0,0,0,0,0,0,0,0,0,0,0,0,0,0,0,0,0,0,0,0,0,0,0,0,0,0,0,0,0,0,0,0,0,0,0,
0,0,0,0,0,0,0,0,0,0,0,0,0,0,0,0,0,0,0,0,0,0,0,0,0,0,0,0,0,0,0,0,0,0,0,0,0,0,0,0,0,0,0,0,0,0,0,0,0,0,0,0,0,0,0,0,0,0,0,0,0,0,0,0,0,0,0,0,0,0,0,0,0,0,0,0,0,0,0,0,0,0,0,0,0,0,0,0,0,0,0,0,0,0,0,0,0,0,0,0,0,0,0,0,0,0,0,0,0,0,0,0,0,0,0,0,0,0,0,0,0,0,0,0,0,0,0,0,0,0,0,0,0,0,0,0,0,0,0,0,0,0,0,0,0,0,0,0,0,0,0,0,0,0,0,0,0,0,0,0,0,0,0,0,0,0,0,0,0,0,0,0,0,0,0,0,0,0,0,0,0,0,0,0,0,0,0,0,0,0,0,0,0,0,0,0,0,0,0,0,0,0,0,0,0,0,0,0,0,0,0,0,0,0,0,0,0,0,0,0,0,0,0,0,0,0,0,0,0,0,0,0,0,0,0,0,0,0,0,0,0,0,0,0,0,0,0,0,0,0,0,0,0,0,0,0,
0,0,0,0,0,0,0,0,0,0,0,0,0,0,0,0,0,0,0,0,0,0,0,0,0,0,0,0,0,0,0,0,0,0,0,0,0,0,0,0,0,0,0,0,0,0,0,0,0,0,0,0,0,0,0,0,0,0,0,0,0,0,0,0,0,0,0,0,0,0,0,0,0,0,0,0,0,0,0,0,0,0,0,0,0,0,0,0,0,0,0,0,0,0,0,0,0,0,0,0,0,0,0,0,0,0,0,0,0,0,0,0,0,0,0,0,0,0,0,0,0,0,0,0,0,0,0,0,0,0,0,0,0,0,0,0,0,0,0,0,0,0,0,0,0,0,0,0,0,0,0,0,0,0,0,0,0,0,0,0,0,0,0,0,0,0,0,0,0,0,0,0,0,0,0,0,0,0,0,0,0,0,0,0,0,0,0,0,0,0,0,0,0,0,0,0,0,0,0,0,0,0,0,0,0,0,0,0,0,0,0,0,0,0,0,0,0,0,0,0,0,0,0,0,0,0,0,0,0,0,0,0,0,0,0,0,0,0,0,0,0,0,0,0,0,0,0,0,0,0,0,0,0,0,0,0,
0,0,0,0,0,0,0,0,0,0,0,0,0,0,0,0,0,0,0,0,0,0,0,0,0,0,0,0,0,0,0,0,0,0,0,0,0,0,0,0,0,0,0,0,0,0,0,0,0,0,0,0,0,0,0,0,0,0,0,0,0,0,0,0,0,0,0,0,0,0,0,0,0,0,0,0,0,0,0,0,0,0,0,0,0,0,0,0,0,0,0,0,0,0,0,0,0,0,0,0,0,0,0,0,0,0,0,0,0,0,0,0,0,0,0,0,0,0,0,0,0,0,0,0,0,0,0,0,0,0,0,0,0,0,0,0,0,0,0,0,0,0,0,0,0,0,0,0,0,0,0,0,0,0,0,0,0,0,0,0,0,0,0,0,0,0,0,0,0,0,0,0,0,0,0,0,0,0,0,0,0,0,0,0,0,0,0,0,0,0,0,0,0,0,0,0,0,0,0,0,0,0,0,0,0,0,0,0,0,0,0,0,0,0,0,0,0,0,0,0,0,0,0,0,0,0,0,0,0,0,0,0,0,0,0,0,0,0,0,0,0,0,0,0,0,0,0,0,0,0,0,0,0,0,0,0,
0,0,0,0,0,0,0,0,0,0,0,0,0,0,0,0,0,0,0,0,0,0,0,0,0,0,0,0,0,0,0,0,0,0,0,0,0,0,0,0,0,0,0,0,0,0,0,0,0,0,0,0,0,0,0,0,0,0,0,0,0,0,0,0,0,0,0,0,0,0,0,0,0,0,0,0,0,0,0,0,0,0,0,0,0,0,0,0,0,0,0,0,0,0,0,0,0,0,0,0,0,0,0,0,0,0,0,0,0,0,0,0,0,0,0,0,0,0,0,0,0,0,0,0,0,0,0,0,0,0,0,0,0,0,0,0,0,0,0,0,0,0,0,0,0,0,0,0,0,0,0,0,0,0,0,0,0,0,0,0,0,0,0,0,0,0,0,0,0,0,0,0,0,0,0,0,0,0,0,0,0,0,0,0,0,0,0,0,0,0,0,0,0,0,0,0,0,0,0,0,0,0,0,0,0,0,0,0,0,0,0,0,0,0,0,0,0,0,0,0,0,0,0,0,0,0,0,0,0,0,0,0,0,0,0,0,0,0,0,0,0,0,0,0,0,0,0,0,0,0,0,0,0,0,0,0,
0,0,0,0,0,0,0,0,0,0,0,0,0,0,0,0,0,0,0,0,0,0,0,0,0,0,0,0,0,0,0,0,0,0,0,0,0,0,0,0,0,0,0,0,0,0,0,0,0,0,0,0,0,0,0,0,0,0,0,0,0,0,0,0,0,0,0,0,0,0,0,0,0,0,0,0,0,0,0,0,0,0,0,0,0,0,0,0,0,0,0,0,0,0,0,0,0,0,0,0,0,0,0,0,0,0,0,0,0,0,0,0,0,0,0,0,0,0,0,0,0,0,0,0,0,0,0,0,0,0,0,0,0,0,0,0,0,0,0,0,0,0,0,0,0,0,0,0,0,0,0,0,0,0,0,0,0,0,0,0,0,0,0,0,0,0,0,0,0,0,0,0,0,0,0,0,0,0,0,0,0,0,0,0,0,0,0,0,0,0,0,0,0,0,0,0,0,0,0,0,0,0,0,0,0,0,0,0,0,0,0,0,0,0,0,0,0,0,0,0,0,0,0,0,0,0,0,0,0,0,0,0,0,0,0,0,0,0,0,0,0,0,0,0,0,0,0,0,0,0,0,0,0,0,0,0,
0,0,0,0,0,0,0,0,0,0,0,0,0,0,0,0,0,0,0,0,0,0,0,0,0,0,0,0,0,0,0,0,0,0,0,0,0,0,0,0,0,0,0,0,0,0,0,0,0,0,0,0,0,0,0,0,0,0,0,0,0,0,0,0,0,0,0,0,0,0,0,0,0,0,0,0,0,0,0,0,0,0,0,0,0,0,0,0,0,0,0,0,0,0,0,0,0,0,0,0,0,0,0,0,0,0,0,0,0,0,0,0,0,0,0,0,0,0,0,0,0,0,0,0,0,0,0,0,0,0,0,0,0,0,0,0,0,0,0,0,0,0,0,0,0,0,0,0,0,0,0,0,0,0,0,0,0,0,0,0,0,0,0,0,0,0,0,0,0,0,0,0,0,0,0,0,0,0,0,0,0,0,0,0,0,0,0,0,0,0,0,0,0,0,0,0,0,0,0,0,0,0,0,0,0,0,0,0,0,0,0,0,0,0,0,0,0,0,0,0,0,0,0,0,0,0,0,0,0,0,0,0,0,0,0,0,0,0,0,0,0,0,0,0,0,0,0,0,0,0,0,0,0,0,0,0,
0,0,0,0,0,0,0,0,0,0,0,0,0,0,0,0,0,0,0,0,0,0,0,0,0,0,0,0,0,0,0,0,0,0,0,0,0,0,0,0,0,0,0,0,0,0,0,0,0,0,0,0,0,0,0,0,0,0,0,0,0,0,0,0,0,0,0,0,0,0,0,0,0,0,0,0,0,0,0,0,0,0,0,0,0,0,0,0,0,0,0,0,0,0,0,0,0,0,0,0,0,0,0,0,0,0,0,0,0,0,0,0,0,0,0,0,0,0,0,0,0,0,0,0,0,0,0,0,0,0,0,0,0,0,0,0,0,0,0,0,0,0,0,0,0,0,0,0,0,0,0,0,0,0,0,0,0,0,0,0,0,0,0,0,0,0,0,0,0,0,0,0,0,0,0,0,0,0,0,0,0,0,0,0,0,0,0,0,0,0,0,0,0,0,0,0,0,0,0,0,0,0,0,0,0,0,0,0,0,0,0,0,0,0,0,0,0,0,0,0,0,0,0,0,0,0,0,0,0,0,0,0,0,0,0,0,0,0,0,0,0,0,0,0,0,0,0,0,0,0,0,0,0,0,0,0,
0,0,0,0,0,0,0,0,0,0,0,0,0,0,0,0,0,0,0,0,0,0,0,0,0,0,0,0,0,0,0,0,0,0,0,0,0,0,0,0,0,0,0,0,0,0,0,0,0,0,0,0,0,0,0,0,0,0,0,0,0,0,0,0,0,0,0,0,0,0,0,0,0,0,0,0,0,0,0,0,0,0,0,0,0,0,0,0,0,0,0,0,0,0,0,0,0,0,0,0,0,0,0,0,0,0,0,0,0,0,0,0,0,0,0,0,0,0,0,0,0,0,0,0,0,0,0,0,0,0,0,0,0,0,0,0,0,0,0,0,0,0,0,0,0,0,0,0,0,0,0,0,0,0,0,0,0,0,0,0,0,0,0,0,0,0,0,0,0,0,0,0,0,0,0,0,0,0,0,0,0,0,0,0,0,0,0,0,0,0,0,0,0,0,0,0,0,0,0,0,0,0,0,0,0,0,0,0,0,0,0,0,0,0,0,0,0,0,0,0,0,0,0,0,0,0,0,0,0,0,0,0,0,0,0,0,0,0,0,0,0,0,0,0,0,0,0,0,0,0,0,0,0,0,0,0,
0,0,0,0,0,0,0,0,0,0,0,0,0,0,0,0,0,0,0,0,0,0,0,0,0,0,0,0,0,0,0,0,0,0,0,0,0,0,0,0,0,0,0,0,0,0,0,0,0,0,0,0,0,0,0,0,0,0,0,0,0,0,0,0,0,0,0,0,0,0,0,0,0,0,0,0,0,0,0,0,0,0,0,0,0,0,0,0,0,0,0,0,0,0,0,0,0,0,0,0,0,0,0,0,0,0,0,0,0,0,0,0,0,0,0,0,0,0,0,0,0,0,0,0,0,0,0,0,0,0,0,0,0,0,0,0,0,0,0,0,0,0,0,0,0,0,0,0,0,0,0,0,0,0,0,0,0,0,0,0,0,0,0,0,0,0,0,0,0,0,0,0,0,0,0,0,0,0,0,0,0,0,0,0,0,0,0,0,0,0,0,0,0,0,0,0,0,0,0,0,0,0,0,0,0,0,0,0,0,0,0,0,0,0,0,0,0,0,0,0,0,0,0,0,0,0,0,0,0,0,0,0,0,0,0,0,0,0,0,0,0,0,0,0,0,0,0,0,0,0,0,0,0,0,0,0,
0,0,0,0,0,0,0,0,0,0,0,0,0,0,0,0,0,0,0,0,0,0,0,0,0,0,0,0,0,0,0,0,0,0,0,0,0,0,0,0,0,0,0,0,0,0,0,0,0,0,0,0,0,0,0,0,0,0,0,0,0,0,0,0,0,0,0,0,0,0,0,0,0,0,0,0,0,0,0,0,0,0,0,0,0,0,0,0,0,0,0,0,0,0,0,0,0,0,0,0,0,0,0,0,0,0,0,0,0,0,0,0,0,0,0,0,0,0,0,0,0,0,0,0,0,0,0,0,0,0,0,0,0,0,0,0,0,0,0,0,0,0,0,0,0,0,0,0,0,0,0,0,0,0,0,0,0,0,0,0,0,0,0,0,0,0,0,0,0,0,0,0,0,0,0,0,0,0,0,0,0,0,0,0,0,0,0,0,0,0,0,0,0,0,0,0,0,0,0,0,0,0,0,0,0,0,0,0,0,0,0,0,0,0,0,0,0,0,0,0,0,0,0,0,0,0,0,0,0,0,0,0,0,0,0,0,0,0,0,0,0,0,0,0,0,0,0,0,0,0,0,0,0,0,0,0,
0,0,0,0,0,0,0,0,0,0,0,0,0,0,0,0,0,0,0,0,0,0,0,0,0,0,0,0,0,0,0,0,0,0,0,0,0,0,0,0,0,0,0,0,0,0,0,0,0,0,0,0,0,0,0,0,0,0,0,0,0,0,0,0,0,0,0,0,0,0,0,0,0,0,0,0,0,0,0,0,0,0,0,0,0,0,0,0,0,0,0,0,0,0,0,0,0,0,0,0,0,0,0,0,0,0,0,0,0,0,0,0,0,0,0,0,0,0,0,0,0,0,0,0,0,0,0,0,0,0,0,0,0,0,0,0,0,0,0,0,0,0,0,0,0,0,0,0,0,0,0,0,0,0,0,0,0,0,0,0,0,0,0,0,0,0,0,0,0,0,0,0,0,0,0,0,0,0,0,0,0,0,0,0,0,0,0,0,0,0,0,0,0,0,0,0,0,0,0,0,0,0,0,0,0,0,0,0,0,0,0,0,0,0,0,0,0,0,0,0,0,0,0,0,0,0,0,0,0,0,0,0,0,0,0,0,0,0,0,0,0,0,0,0,0,0,0,0,0,0,0,0,0,0,0,0,
0,0,0,0,0,0,0,0,0,0,0,0,0,0,0,0,0,0,0,0,0,0,0,0,0,0,0,0,0,0,0,0,0,0,0,0,0,0,0,0,0,0,0,0,0,0,0,0,0,0,0,0,0,0,0,0,0,0,0,0,0,0,0,0,0,0,0,0,0,0,0,0,0,0,0,0,0,0,0,0,0,0,0,0,0,0,0,0,0,0,0,0,0,0,0,0,0,0,0,0,0,0,0,0,0,0,0,0,0,0,0,0,0,0,0,0,0,0,0,0,0,0,0,0,0,0,0,0,0,0,0,0,0,0,0,0,0,0,0,0,0,0,0,0,0,0,0,0,0,0,0,0,0,0,0,0,0,0,0,0,0,0,0,0,0,0,0,0,0,0,0,0,0,0,0,0,0,0,0,0,0,0,0,0,0,0,0,0,0,0,0,0,0,0,0,0,0,0,0,0,0,0,0,0,0,0,0,0,0,0,0,0,0,0,0,0,0,0,0,0,0,0,0,0,0,0,0,0,0,0,0,0,0,0,0,0,0,0,0,0,0,0,0,0,0,0,0,0,0,0,0,0,0,0,0,0,
0,0,0,0,0,0,0,0,0,0,0,0,0,0,0,0,0,0,0,0,0,0,0,0,0,0,0,0,0,0,0,0,0,0,0,0,0,0,0,0,0,0,0,0,0,0,0,0,0,0,0,0,0,0,0,0,0,0,0,0,0,0,0,0,0,0,0,0,0,0,0,0,0,0,0,0,0,0,0,0,0,0,0,0,0,0,0,0,0,0,0,0,0,0,0,0,0,0,0,0,0,0,0,0,0,0,0,0,0,0,0,0,0,0,0,0,0,0,0,0,0,0,0,0,0,0,0,0,0,0,0,0,0,0,0,0,0,0,0,0,0,0,0,0,0,0,0,0,0,0,0,0,0,0,0,0,0,0,0,0,0,0,0,0,0,0,0,0,0,0,0,0,0,0,0,0,0,0,0,0,0,0,0,0,0,0,0,0,0,0,0,0,0,0,0,0,0,0,0,0,0,0,0,0,0,0,0,0,0,0,0,0,0,0,0,0,0,0,0,0,0,0,0,0,0,0,0,0,0,0,0,0,0,0,0,0,0,0,0,0,0,0,0,0,0,0,0,0,0,0,0,0,0,0,0,0,
0,0,0,0,0,0,0,0,0,0,0,0,0,0,0,0,0,0,0,0,0,0,0,0,0,0,0,0,0,0,0,0,0,0,0,0,0,0,0,0,0,0,0,0,0,0,0,0,0,0,0,0,0,0,0,0,0,0,0,0,0,0,0,0,0,0,0,0,0,0,0,0,0,0,0,0,0,0,0,0,0,0,0,0,0,0,0,0,0,0,0,0,0,0,0,0,0,0,0,0,0,0,0,0,0,0,0,0,0,0,0,0,0,0,0,0,0,0,0,0,0,0,0,0,0,0,0,0,0,0,0,0,0,0,0,0,0,0,0,0,0,0,0,0,0,0,0,0,0,0,0,0,0,0,0,0,0,0,0,0,0,0,0,0,0,0,0,0,0,0,0,0,0,0,0,0,0,0,0,0,0,0,0,0,0,0,0,0,0,0,0,0,0,0,0,0,0,0,0,0,0,0,0,0,0,0,0,0,0,0,0,0,0,0,0,0,0,0,0,0,0,0,0,0,0,0,0,0,0,0,0,0,0,0,0,0,0,0,0,0,0,0,0,0,0,0,0,0,0,0,0,0,0,0,0,0,
0,0,0,0,0,0,0,0,0,0,0,0,0,0,0,0,0,0,0,0,0,0,0,0,0,0,0,0,0,0,0,0,0,0,0,0,0,0,0,0,0,0,0,0,0,0,0,0,0,0,0,0,0,0,0,0,0,0,0,0,0,0,0,0,0,0,0,0,0,0,0,0,0,0,0,0,0,0,0,0,0,0,0,0,0,0,0,0,0,0,0,0,0,0,0,0,0,0,0,0,0,0,0,0,0,0,0,0,0,0,0,0,0,0,0,0,0,0,0,0,0,0,0,0,0,0,0,0,0,0,0,0,0,0,0,0,0,0,0,0,0,0,0,0,0,0,0,0,0,0,0,0,0,0,0,0,0,0,0,0,0,0,0,0,0,0,0,0,0,0,0,0,0,0,0,0,0,0,0,0,0,0,0,0,0,0,0,0,0,0,0,0,0,0,0,0,0,0,0,0,0,0,0,0,0,0,0,0,0,0,0,0,0,0,0,0,0,0,0,0,0,0,0,0,0,0,0,0,0,0,0,0,0,0,0,0,0,0,0,0,0,0,0,0,0,0,0,0,0,0,0,0,0,0,0,0,
0,0,0,0,0,0,0,0,0,0,0,0,0,0,0,0,0,0,0,0,0,0,0,0,0,0,0,0,0,0,0,0,0,0,0,0,0,0,0,0,0,0,0,0,0,0,0,0,0,0,0,0,0,0,0,0,0,0,0,0,0,0,0,0,0,0,0,0,0,0,0,0,0,0,0,0,0,0,0,0,0,0,0,0,0,0,0,0,0,0,0,0,0,0,0,0,0,0,0,0,0,0,0,0,0,0,0,0,0,0,0,0,0,0,0,0,0,0,0,0,0,0,0,0,0,0,0,0,0,0,0,0,0,0,0,0,0,0,0,0,0,0,0,0,0,0,0,0,0,0,0,0,0,0,0,0,0,0,0,0,0,0,0,0,0,0,0,0,0,0,0,0,0,0,0,0,0,0,0,0,0,0,0,0,0,0,0,0,0,0,0,0,0,0,0,0,0,0,0,0,0,0,0,0,0,0,0,0,0,0,0,0,0,0,0,0,0,0,0,0,0,0,0,0,0,0,0,0,0,0,0,0,0,0,0,0,0,0,0,0,0,0,0,0,0,0,0,0,0,0,0,0,0,0,0,0,
0,0,0,0,0,0,0,0,0,0,0,0,0,0,0,0,0,0,0,0,0,0,0,0,0,0,0,0,0,0,0,0,0,0,0,0,0,0,0,0,0,0,0,0,0,0,0,0,0,0,0,0,0,0,0,0,0,0,0,0,0,0,0,0,0,0,0,0,0,0,0,0,0,0,0,0,0,0,0,0,0,0,0,0,0,0,0,0,0,0,0,0,0,0,0,0,0,0,0,0,0,0,0,0,0,0,0,0,0,0,0,0,0,0,0,0,0,0,0,0,0,0,0,0,0,0,0,0,0,0,0,0,0,0,0,0,0,0,0,0,0,0,0,0,0,0,0,0,0,0,0,0,0,0,0,0,0,0,0,0,0,0,0,0,0,0,0,0,0,0,0,0,0,0,0,0,0,0,0,0,0,0,0,0,0,0,0,0,0,0,0,0,0,0,0,0,0,0,0,0,0,0,0,0,0,0,0,0,0,0,0,0,0,0,0,0,0,0,0,0,0,0,0,0,0,0,0,0,0,0,0,0,0,0,0,0,0,0,0,0,0,0,0,0,0,0,0,0,0,0,0,0,0,0,0,0,
0,0,0,0,0,0,0,0,0,0,0,0,0,0,0,0,0,0,0,0,0,0,0,0,0,0,0,0,0,0,0,0,0,0,0,0,0,0,0,0,0,0,0,0,0,0,0,0,0,0,0,0,0,0,0,0,0,0,0,0,0,0,0,0,0,0,0,0,0,0,0,0,0,0,0,0,0,0,0,0,0,0,0,0,0,0,0,0,0,0,0,0,0,0,0,0,0,0,0,0,0,0,0,0,0,0,0,0,0,0,0,0,0,0,0,0,0,0,0,0,0,0,0,0,0,0,0,0,0,0,0,0,0,0,0,0,0,0,0,0,0,0,0,0,0,0,0,0,0,0,0,0,0,0,0,0,0,0,0,0,0,0,0,0,0,0,0,0,0,0,0,0,0,0,0,0,0,0,0,0,0,0,0,0,0,0,0,0,0,0,0,0,0,0,0,0,0,0,0,0,0,0,0,0,0,0,0,0,0,0,0,0,0,0,0,0,0,0,0,0,0,0,0,0,0,0,0,0,0,0,0,0,0,0,0,0,0,0,0,0,0,0,0,0,0,0,0,0,0,0,0,0,0,0,0,0,
0,0,0,0,0,0,0,0,0,0,0,0,0,0,0,0,0,0,0,0,0,0,0,0,0,0,0,0,0,0,0,0,0,0,0,0,0,0,0,0,0,0,0,0,0,0,0,0,0,0,0,0,0,0,0,0,0,0,0,0,0,0,0,0,0,0,0,0,0,0,0,0,0,0,0,0,0,0,0,0,0,0,0,0,0,0,0,0,0,0,0,0,0,0,0,0,0,0,0,0,0,0,0,0,0,0,0,0,0,0,0,0,0,0,0,0,0,0,0,0,0,0,0,0,0,0,0,0,0,0,0,0,0,0,0,0,0,0,0,0,0,0,0,0,0,0,0,0,0,0,0,0,0,0,0,0,0,0,0,0,0,0,0,0,0,0,0,0,0,0,0,0,0,0,0,0,0,0,0,0,0,0,0,0,0,0,0,0,0,0,0,0,0,0,0,0,0,0,0,0,0,0,0,0,0,0,0,0,0,0,0,0,0,0,0,0,0,0,0,0,0,0,0,0,0,0,0,0,0,0,0,0,0,0,0,0,0,0,0,0,0,0,0,0,0,0,0,0,0,0,0,0,0,0,0,0,
0,0,0,0,0,0,0,0,0,0,0,0,0,0,0,0,0,0,0,0,0,0,0,0,0,0,0,0,0,0,0,0,0,0,0,0,0,0,0,0,0,0,0,0,0,0,0,0,0,0,0,0,0,0,0,0,0,0,0,0,0,0,0,0,0,0,0,0,0,0,0,0,0,0,0,0,0,0,0,0,0,0,0,0,0,0,0,0,0,0,0,0,0,0,0,0,0,0,0,0,0,0,0,0,0,0,0,0,0,0,0,0,0,0,0,0,0,0,0,0,0,0,0,0,0,0,0,0,0,0,0,0,0,0,0,0,0,0,0,0,0,0,0,0,0,0,0,0,0,0,0,0,0,0,0,0,0,0,0,0,0,0,0,0,0,0,0,0,0,0,0,0,0,0,0,0,0,0,0,0,0,0,0,0,0,0,0,0,0,0,0,0,0,0,0,0,0,0,0,0,0,0,0,0,0,0,0,0,0,0,0,0,0,0,0,0,0,0,0,0,0,0,0,0,0,0,0,0,0,0,0,0,0,0,0,0,0,0,0,0,0,0,0,0,0,0,0,0,0,0,0,0,0,0,0,0,
0,0,0,0,0,0,0,0,0,0,0,0,0,0,0,0,0,0,0,0,0,0,0,0,0,0,0,0,0,0,0,0,0,0,0,0,0,0,0,0,0,0,0,0,0,0,0,0,0,0,0,0,0,0,0,0,0,0,0,0,0,0,0,0,0,0,0,0,0,0,0,0,0,0,0,0,0,0,0,0,0,0,0,0,0,0,0,0,0,0,0,0,0,0,0,0,0,0,0,0,0,0,0,0,0,0,0,0,0,0,0,0,0,0,0,0,0,0,0,0,0,0,0,0,0,0,0,0,0,0,0,0,0,0,0,0,0,0,0,0,0,0,0,0,0,0,0,0,0,0,0,0,0,0,0,0,0,0,0,0,0,0,0,0,0,0,0,0,0,0,0,0,0,0,0,0,0,0,0,0,0,0,0,0,0,0,0,0,0,0,0,0,0,0,0,0,0,0,0,0,0,0,0,0,0,0,0,0,0,0,0,0,0,0,0,0,0,0,0,0,0,0,0,0,0,0,0,0,0,0,0,0,0,0,0,0,0,0,0,0,0,0,0,0,0,0,0,0,0,0,0,0,0,0,0,0,
0,0,0,0,0,0,0,0,0,0,0,0,0,0,0,0,0,0,0,0,0,0,0,0,0,0,0,0,0,0,0,0,0,0,0,0,0,0,0,0,0,0,0,0,0,0,0,0,0,0,0,0,0,0,0,0,0,0,0,0,0,0,0,0,0,0,0,0,0,0,0,0,0,0,0,0,0,0,0,0,0,0,0,0,0,0,0,0,0,0,0,0,0,0,0,0,0,0,0,0,0,0,0,0,0,0,0,0,0,0,0,0,0,0,0,0,0,0,0,0,0,0,0,0,0,0,0,0,0,0,0,0,0,0,0,0,0,0,0,0,0,0,0,0,0,0,0,0,0,0,0,0,0,0,0,0,0,0,0,0,0,0,0,0,0,0,0,0,0,0,0,0,0,0,0,0,0,0,0,0,0,0,0,0,0,0,0,0,0,0,0,0,0,0,0,0,0,0,0,0,0,0,0,0,0,0,0,0,0,0,0,0,0,0,0,0,0,0,0,0,0,0,0,0,0,0,0,0,0,0,0,0,0,0,0,0,0,0,0,0,0,0,0,0,0,0,0,0,0,0,0,0,0,0,0,0,
0,0,0,0,0,0,0,0,0,0,0,0,0,0,0,0,0,0,0,0,0,0,0,0,0,0,0,0,0,0,0,0,0,0,0,0,0,0,0,0,0,0,0,0,0,0,0,0,0,0,0,0,0,0,0,0,0,0,0,0,0,0,0,0,0,0,0,0,0,0,0,0,0,0,0,0,0,0,0,0,0,0,0,0,0,0,0,0,0,0,0,0,0,0,0,0,0,0,0,0,0,0,0,0,0,0,0,0,0,0,0,0,0,0,0,0,0,0,0,0,0,0,0,0,0,0,0,0,0,0,0,0,0,0,0,0,0,0,0,0,0,0,0,0,0,0,0,0,0,0,0,0,0,0,0,0,0,0,0,0,0,0,0,0,0,0,0,0,0,0,0,0,0,0,0,0,0,0,0,0,0,0,0,0,0,0,0,0,0,0,0,0,0,0,0,0,0,0,0,0,0,0,0,0,0,0,0,0,0,0,0,0,0,0,0,0,0,0,0,0,0,0,0,0,0,0,0,0,0,0,0,0,0,0,0,0,0,0,0,0,0,0,0,0,0,0,0,0,0,0,0,0,0,0,0,0,
0,0,0,0,0,0,0,0,0,0,0,0,0,0,0,0,0,0,0,0,0,0,0,0,0,0,0,0,0,0,0,0,0,0,0,0,0,0,0,0,0,0,0,0,0,0,0,0,0,0,0,0,0,0,0,0,0,0,0,0,0,0,0,0,0,0,0,0,0,0,0,0,0,0,0,0,0,0,0,0,0,0,0,0,0,0,0,0,0,0,0,0,0,0,0,0,0,0,0,0,0,0,0,0,0,0,0,0,0,0,0,0,0,0,0,0,0,0,0,0,0,0,0,0,0,0,0,0,0,0,0,0,0,0,0,0,0,0,0,0,0,0,0,0,0,0,0,0,0,0,0,0,0,0,0,0,0,0,0,0,0,0,0,0,0,0,0,0,0,0,0,0,0,0,0,0,0,0,0,0,0,0,0,0,0,0,0,0,0,0,0,0,0,0,0,0,0,0,0,0,0,0,0,0,0,0,0,0,0,0,0,0,0,0,0,0,0,0,0,0,0,0,0,0,0,0,0,0,0,0,0,0,0,0,0,0,0,0,0,0,0,0,0,0,0,0,0,0,0,0,0,0,0,0,0,0,
0,0,0,0,0,0,0,0,0,0,0,0,0,0,0,0,0,0,0,0,0,0,0,0,0,0,0,0,0,0,0,0,0,0,0,0,0,0,0,0,0,0,0,0,0,0,0,0,0,0,0,0,0,0,0,0,0,0,0,0,0,0,0,0,0,0,0,0,0,0,0,0,0,0,0,0,0,0,0,0,0,0,0,0,0,0,0,0,0,0,0,0,0,0,0,0,0,0,0,0,0,0,0,0,0,0,0,0,0,0,0,0,0,0,0,0,0,0,0,0,0,0,0,0,0,0,0,0,0,0,0,0,0,0,0,0,0,0,0,0,0,0,0,0,0,0,0,0,0,0,0,0,0,0,0,0,0,0,0,0,0,0,0,0,0,0,0,0,0,0,0,0,0,0,0,0,0,0,0,0,0,0,0,0,0,0,0,0,0,0,0,0,0,0,0,0,0,0,0,0,0,0,0,0,0,0,0,0,0,0,0,0,0,0,0,0,0,0,0,0,0,0,0,0,0,0,0,0,0,0,0,0,0,0,0,0,0,0,0,0,0,0,0,0,0,0,0,0,0,0,0,0,0,0,0,0,
0,0,0,0,0,0,0,0,0,0,0,0,0,0,0,0,0,0,0,0,0,0,0,0,0,0,0,0,0,0,0,0,0,0,0,0,0,0,0,0,0,0,0,0,0,0,0,0,0,0,0,0,0,0,0,0,0,0,0,0,0,0,0,0,0,0,0,0,0,0,0,0,0,0,0,0,0,0,0,0,0,0,0,0,0,0,0,0,0,0,0,0,0,0,0,0,0,0,0,0,0,0,0,0,0,0,0,0,0,0,0,0,0,0,0,0,0,0,0,0,0,0,0,0,0,0,0,0,0,0,0,0,0,0,0,0,0,0,0,0,0,0,0,0,0,0,0,0,0,0,0,0,0,0,0,0,0,0,0,0,0,0,0,0,0,0,0,0,0,0,0,0,0,0,0,0,0,0,0,0,0,0,0,0,0,0,0,0,0,0,0,0,0,0,0,0,0,0,0,0,0,0,0,0,0,0,0,0,0,0,0,0,0,0,0,0,0,0,0,0,0,0,0,0,0,0,0,0,0,0,0,0,0,0,0,0,0,0,0,0,0,0,0,0,0,0,0,0,0,0,0,0,0,0,0,0,
0,0,0,0,0,0,0,0,0,0,0,0,0,0,0,0,0,0,0,0,0,0,0,0,0,0,0,0,0,0,0,0,0,0,0,0,0,0,0,0,0,0,0,0,0,0,0,0,0,0,0,0,0,0,0,0,0,0,0,0,0,0,0,0,0,0,0,0,0,0,0,0,0,0,0,0,0,0,0,0,0,0,0,0,0,0,0,0,0,0,0,0,0,0,0,0,0,0,0,0,0,0,0,0,0,0,0,0,0,0,0,0,0,0,0,0,0,0,0,0,0,0,0,0,0,0,0,0,0,0,0,0,0,0,0,0,0,0,0,0,0,0,0,0,0,0,0,0,0,0,0,0,0,0,0,0,0,0,0,0,0,0,0,0,0,0,0,0,0,0,0,0,0,0,0,0,0,0,0,0,0,0,0,0,0,0,0,0,0,0,0,0,0,0,0,0,0,0,0,0,0,0,0,0,0,0,0,0,0,0,0,0,0,0,0,0,0,0,0,0,0,0,0,0,0,0,0,0,0,0,0,0,0,0,0,0,0,0,0,0,0,0,0,0,0,0,0,0,0,0,0,0,0,0,0,0,
0,0,0,0,0,0,0,0,0,0,0,0,0,0,0,0,0,0,0,0,0,0,0,0,0,0,0,0,0,0,0,0,0,0,0,0,0,0,0,0,0,0,0,0,0,0,0,0,0,0,0,0,0,0,0,0,0,0,0,0,0,0,0,0,0,0,0,0,0,0,0,0,0,0,0,0,0,0,0,0,0,0,0,0,0,0,0,0,0,0,0,0,0,0,0,0,0,0,0,0,0,0,0,0,0,0,0,0,0,0,0,0,0,0,0,0,0,0,0,0,0,0,0,0,0,0,0,0,0,0,0,0,0,0,0,0,0,0,0,0,0,0,0,0,0,0,0,0,0,0,0,0,0,0,0,0,0,0,0,0,0,0,0,0,0,0,0,0,0,0,0,0,0,0,0,0,0,0,0,0,0,0,0,0,0,0,0,0,0,0,0,0,0,0,0,0,0,0,0,0,0,0,0,0,0,0,0,0,0,0,0,0,0,0,0,0,0,0,0,0,0,0,0,0,0,0,0,0,0,0,0,0,0,0,0,0,0,0,0,0,0,0,0,0,0,0,0,0,0,0,0,0,0,0,0,0,
0,0,0,0,0,0,0,0,0,0,0,0,0,0,0,0,0,0,0,0,0,0,0,0,0,0,0,0,0,0,0,0,0,0,0,0,0,0,0,0,0,0,0,0,0,0,0,0,0,0,0,0,0,0,0,0,0,0,0,0,0,0,0,0,0,0,0,0,0,0,0,0,0,0,0,0,0,0,0,0,0,0,0,0,0,0,0,0,0,0,0,0,0,0,0,0,0,0,0,0,0,0,0,0,0,0,0,0,0,0,0,0,0,0,0,0,0,0,0,0,0,0,0,0,0,0,0,0,0,0,0,0,0,0,0,0,0,0,0,0,0,0,0,0,0,0,0,0,0,0,0,0,0,0,0,0,0,0,0,0,0,0,0,0,0,0,0,0,0,0,0,0,0,0,0,0,0,0,0,0,0,0,0,0,0,0,0,0,0,0,0,0,0,0,0,0,0,0,0,0,0,0,0,0,0,0,0,0,0,0,0,0,0,0,0,0,0,0,0,0,0,0,0,0,0,0,0,0,0,0,0,0,0,0,0,0,0,0,0,0,0,0,0,0,0,0,0,0,0,0,0,0,0,0,0,0,
0,0,0,0,0,0,0,0,0,0,0,0,0,0,0,0,0,0,0,0,0,0,0,0,0,0,0,0,0,0,0,0,0,0,0,0,0,0,0,0,0,0,0,0,0,0,0,0,0,0,0,0,0,0,0,0,0,0,0,0,0,0,0,0,0,0,0,0,0,0,0,0,0,0,0,0,0,0,0,0,0,0,0,0,0,0,0,0,0,0,0,0,0,0,0,0,0,0,0,0,0,0,0,0,0,0,0,0,0,0,0,0,0,0,0,0,0,0,0,0,0,0,0,0,0,0,0,0,0,0,0,0,0,0,0,0,0,0,0,0,0,0,0,0,0,0,0,0,0,0,0,0,0,0,0,0,0,0,0,0,0,0,0,0,0,0,0,0,0,0,0,0,0,0,0,0,0,0,0,0,0,0,0,0,0,0,0,0,0,0,0,0,0,0,0,0,0,0,0,0,0,0,0,0,0,0,0,0,0,0,0,0,0,0,0,0,0,0,0,0,0,0,0,0,0,0,0,0,0,0,0,0,0,0,0,0,0,0,0,0,0,0,0,0,0,0,0,0,0,0,0,0,0,0,0,0,
0,0,0,0,0,0,0,0,0,0,0,0,0,0,0,0,0,0,0,0,0,0,0,0,0,0,0,0,0,0,0,0,0,0,0,0,0,0,0,0,0,0,0,0,0,0,0,0,0,0,0,0,0,0,0,0,0,0,0,0,0,0,0,0,0,0,0,0,0,0,0,0,0,0,0,0,0,0,0,0,0,0,0,0,0,0,0,0,0,0,0,0,0,0,0,0,0,0,0,0,0,0,0,0,0,0,0,0,0,0,0,0,0,0,0,0,0,0,0,0,0,0,0,0,0,0,0,0,0,0,0,0,0,0,0,0,0,0,0,0,0,0,0,0,0,0,0,0,0,0,0,0,0,0,0,0,0,0,0,0,0,0,0,0,0,0,0,0,0,0,0,0,0,0,0,0,0,0,0,0,0,0,0,0,0,0,0,0,0,0,0,0,0,0,0,0,0,0,0,0,0,0,0,0,0,0,0,0,0,0,0,0,0,0,0,0,0,0,0,0,0,0,0,0,0,0,0,0,0,0,0,0,0,0,0,0,0,0,0,0,0,0,0,0,0,0,0,0,0,0,0,0,0,0,0,0,
0,0,0,0,0,0,0,0,0,0,0,0,0,0,0,0,0,0,0,0,0,0,0,0,0,0,0,0,0,0,0,0,0,0,0,0,0,0,0,0,0,0,0,0,0,0,0,0,0,0,0,0,0,0,0,0,0,0,0,0,0,0,0,0,0,0,0,0,0,0,0,0,0,0,0,0,0,0,0,0,0,0,0,0,0,0,0,0,0,0,0,0,0,0,0,0,0,0,0,0,0,0,0,0,0,0,0,0,0,0,0,0,0,0,0,0,0,0,0,0,0,0,0,0,0,0,0,0,0,0,0,0,0,0,0,0,0,0,0,0,0,0,0,0,0,0,0,0,0,0,0,0,0,0,0,0,0,0,0,0,0,0,0,0,0,0,0,0,0,0,0,0,0,0,0,0,0,0,0,0,0,0,0,0,0,0,0,0,0,0,0,0,0,0,0,0,0,0,0,0,0,0,0,0,0,0,0,0,0,0,0,0,0,0,0,0,0,0,0,0,0,0,0,0,0,0,0,0,0,0,0,0,0,0,0,0,0,0,0,0,0,0,0,0,0,0,0,0,0,0,0,0,0,0,0,0,
0,0,0,0,0,0,0,0,0,0,0,0,0,0,0,0,0,0,0,0,0,0,0,0,0,0,0,0,0,0,0,0,0,0,0,0,0,0,0,0,0,0,0,0,0,0,0,0,0,0,0,0,0,0,0,0,0,0,0,0,0,0,0,0,0,0,0,0,0,0,0,0,0,0,0,0,0,0,0,0,0,0,0,0,0,0,0,0,0,0,0,0,0,0,0,0,0,0,0,0,0,0,0,0,0,0,0,0,0,0,0,0,0,0,0,0,0,0,0,0,0,0,0,0,0,0,0,0,0,0,0,0,0,0,0,0,0,0,0,0,0,0,0,0,0,0,0,0,0,0,0,0,0,0,0,0,0,0,0,0,0,0,0,0,0,0,0,0,0,0,0,0,0,0,0,0,0,0,0,0,0,0,0,0,0,0,0,0,0,0,0,0,0,0,0,0,0,0,0,0,0,0,0,0,0,0,0,0,0,0,0,0,0,0,0,0,0,0,0,0,0,0,0,0,0,0,0,0,0,0,0,0,0,0,0,0,0,0,0,0,0,0,0,0,0,0,0,0,0,0,0,0,0,0,0,0,
0,0,0,0,0,0,0,0,0,0,0,0,0,0,0,0,0,0,0,0,0,0,0,0,0,0,0,0,0,0,0,0,0,0,0,0,0,0,0,0,0,0,0,0,0,0,0,0,0,0,0,0,0,0,0,0,0,0,0,0,0,0,0,0,0,0,0,0,0,0,0,0,0,0,0,0,0,0,0,0,0,0,0,0,0,0,0,0,0,0,0,0,0,0,0,0,0,0,0,0,0,0,0,0,0,0,0,0,0,0,0,0,0,0,0,0,0,0,0,0,0,0,0,0,0,0,0,0,0,0,0,0,0,0,0,0,0,0,0,0,0,0,0,0,0,0,0,0,0,0,0,0,0,0,0,0,0,0,0,0,0,0,0,0,0,0,0,0,0,0,0,0,0,0,0,0,0,0,0,0,0,0,0,0,0,0,0,0,0,0,0,0,0,0,0,0,0,0,0,0,0,0,0,0,0,0,0,0,0,0,0,0,0,0,0,0,0,0,0,0,0,0,0,0,0,0,0,0,0,0,0,0,0,0,0,0,0,0,0,0,0,0,0,0,0,0,0,0,0,0,0,0,0,0,0,0,
0,0,0,0,0,0,0,0,0,0,0,0,0,0,0,0,0,0,0,0,0,0,0,0,0,0,0,0,0,0,0,0,0,0,0,0,0,0,0,0,0,0,0,0,0,0,0,0,0,0,0,0,0,0,0,0,0,0,0,0,0,0,0,0,0,0,0,0,0,0,0,0,0,0,0,0,0,0,0,0,0,0,0,0,0,0,0,0,0,0,0,0,0,0,0,0,0,0,0,0,0,0,0,0,0,0,0,0,0,0,0,0,0,0,0,0,0,0,0,0,0,0,0,0,0,0,0,0,0,0,0,0,0,0,0,0,0,0,0,0,0,0,0,0,0,0,0,0,0,0,0,0,0,0,0,0,0,0,0,0,0,0,0,0,0,0,0,0,0,0,0,0,0,0,0,0,0,0,0,0,0,0,0,0,0,0,0,0,0,0,0,0,0,0,0,0,0,0,0,0,0,0,0,0,0,0,0,0,0,0,0,0,0,0,0,0,0,0,0,0,0,0,0,0,0,0,0,0,0,0,0,0,0,0,0,0,0,0,0,0,0,0,0,0,0,0,0,0,0,0,0,0,0,0,0,0,
0,0,0,0,0,0,0,0,0,0,0,0,0,0,0,0,0,0,0,0,0,0,0,0,0,0,0,0,0,0,0,0,0,0,0,0,0,0,0,0,0,0,0,0,0,0,0,0,0,0,0,0,0,0,0,0,0,0,0,0,0,0,0,0,0,0,0,0,0,0,0,0,0,0,0,0,0,0,0,0,0,0,0,0,0,0,0,0,0,0,0,0,0,0,0,0,0,0,0,0,0,0,0,0,0,0,0,0,0,0,0,0,0,0,0,0,0,0,0,0,0,0,0,0,0,0,0,0,0,0,0,0,0,0,0,0,0,0,0,0,0,0,0,0,0,0,0,0,0,0,0,0,0,0,0,0,0,0,0,0,0,0,0,0,0,0,0,0,0,0,0,0,0,0,0,0,0,0,0,0,0,0,0,0,0,0,0,0,0,0,0,0,0,0,0,0,0,0,0,0,0,0,0,0,0,0,0,0,0,0,0,0,0,0,0,0,0,0,0,0,0,0,0,0,0,0,0,0,0,0,0,0,0,0,0,0,0,0,0,0,0,0,0,0,0,0,0,0,0,0,0,0,0,0,0,0,
0,0,0,0,0,0,0,0,0,0,0,0,0,0,0,0,0,0,0,0,0,0,0,0,0,0,0,0,0,0,0,0,27,0,0,0,0,0,0,0,0,0,0,0,0,0,0,0,0,0,0,0,0,0,0,0,0,0,0,0,0,0,0,0,0,0,0,0,0,0,0,0,0,0,0,0,0,0,0,0,0,0,0,0,0,0,0,0,0,0,0,0,0,0,0,0,0,0,0,0,0,0,0,0,0,0,0,0,0,0,32,0,30,0,0,0,0,0,0,0,0,0,0,0,0,0,0,0,0,0,0,0,0,0,0,0,0,0,0,0,0,0,0,0,0,0,0,0,0,0,0,0,0,0,0,0,0,0,0,0,0,0,0,0,0,0,0,0,0,0,0,0,0,0,0,0,0,0,0,0,0,0,0,0,0,0,0,0,0,0,0,0,0,0,0,0,0,0,0,0,0,0,0,0,0,0,0,0,0,0,0,0,0,0,0,0,0,0,0,0,0,0,0,0,0,0,0,0,0,0,0,0,0,0,0,0,0,0,0,0,0,0,0,0,0,0,0,0,0,0,0,0,0,0,0,0,
0,0,0,0,0,0,0,0,0,0,0,0,0,0,0,0,0,0,0,0,0,0,0,0,0,0,0,0,0,0,0,27,26,0,0,0,0,0,0,0,0,0,0,0,0,0,0,0,0,0,0,0,0,0,0,0,0,0,0,0,0,0,0,0,0,0,0,0,0,0,0,0,0,0,0,0,0,0,0,0,0,0,0,0,0,0,0,0,0,0,0,0,0,0,0,0,0,0,0,0,0,0,0,0,0,0,0,0,0,0,0,0,0,0,0,0,0,0,0,0,0,0,0,0,0,0,0,0,0,0,0,0,0,29,0,0,0,0,0,0,0,0,0,0,0,0,0,0,0,0,0,0,0,0,0,0,0,0,0,0,0,0,0,0,0,0,0,0,0,0,0,0,0,0,0,0,0,0,0,0,0,0,0,0,0,0,0,0,0,0,0,0,0,0,0,0,0,0,0,0,0,0,0,0,28,0,0,0,0,0,0,0,0,0,0,0,0,0,0,0,0,0,0,0,0,0,0,0,0,0,0,0,0,0,0,0,0,0,0,0,0,0,0,0,0,0,0,0,0,0,0,0,0,0,0,0,
0,0,0,0,0,0,0,0,0,0,0,0,0,0,0,0,0,0,0,0,0,0,0,0,0,0,0,0,0,28,0,0,26,0,0,0,0,0,0,0,0,0,0,0,0,0,0,0,0,0,0,0,0,0,0,0,0,0,0,0,0,0,0,0,0,0,0,0,0,0,0,0,0,0,0,0,0,0,0,0,0,0,0,0,0,36,0,0,0,0,0,0,0,0,0,0,0,0,0,0,0,0,0,0,0,0,0,0,0,0,0,0,0,0,0,0,0,0,0,0,0,0,0,0,0,0,0,0,0,0,0,0,0,0,0,0,0,0,0,0,0,0,0,0,0,0,0,0,0,0,0,0,0,0,0,0,0,0,0,0,0,0,0,0,0,0,0,0,0,0,0,0,0,0,0,0,0,0,0,0,0,0,0,0,0,0,0,0,0,0,0,0,0,0,0,0,0,31,0,0,0,0,0,0,0,28,0,0,0,0,0,0,0,0,0,0,0,0,0,0,0,0,0,0,0,0,0,0,0,0,0,0,0,0,0,0,0,0,0,0,0,0,0,36,35,0,0,0,0,0,0,0,0,0,0,0,
0,0,0,0,0,0,0,0,0,0,0,0,0,0,0,0,0,0,0,25,0,0,0,0,0,0,0,29,0,0,0,0,0,0,0,0,0,0,0,0,0,0,0,0,0,0,0,0,0,0,0,0,0,0,0,0,0,0,0,0,0,0,0,0,0,0,0,0,0,0,0,0,0,0,0,0,0,0,0,0,0,0,0,0,0,0,37,0,0,0,0,0,0,0,0,0,0,0,0,0,0,25,35,0,0,0,0,0,0,0,0,0,0,0,0,0,0,0,0,0,0,0,0,0,0,0,0,0,0,0,0,0,0,0,0,0,0,0,0,0,0,0,0,0,0,0,0,0,0,0,0,0,0,0,0,0,0,0,0,0,0,0,0,0,0,0,29,0,27,0,0,0,0,0,0,0,0,0,0,0,0,0,0,0,0,0,0,0,0,0,0,0,0,0,0,0,0,30,0,0,0,0,0,0,25,0,0,0,0,0,0,0,0,0,0,0,0,0,0,0,0,0,0,0,0,0,0,0,34,0,0,0,0,0,0,0,0,0,0,0,0,38,0,0,36,35,0,0,0,0,0,0,0,0,0,0,
0,0,0,0,0,0,0,0,0,0,0,0,0,0,0,0,0,0,0,0,27,0,0,0,0,0,0,0,0,0,0,0,0,0,0,30,32,0,0,0,0,0,0,0,0,0,0,0,0,0,0,0,28,0,0,0,0,0,0,0,38,0,0,0,0,35,0,0,28,0,0,25,0,0,0,0,0,0,0,0,0,0,0,0,0,0,33,0,0,0,0,0,0,0,0,0,0,0,0,0,0,0,0,33,33,0,33,0,29,32,0,0,0,0,0,0,0,27,0,0,0,0,0,0,0,0,0,0,0,0,0,31,0,0,29,0,0,0,0,0,0,0,0,0,0,0,0,0,0,0,0,0,0,0,0,0,0,0,0,0,0,0,0,0,0,0,27,0,31,0,0,29,0,0,0,0,0,0,0,0,0,0,0,0,0,0,0,0,0,0,0,0,0,0,0,29,0,0,33,0,0,0,0,0,25,26,0,0,0,0,0,0,0,0,0,0,0,0,0,0,0,0,0,0,0,0,0,36,34,0,0,0,0,0,0,0,0,0,0,0,0,38,40,0,0,0,0,0,0,0,0,0,0,0,0,0,
0,0,0,0,0,0,0,0,0,0,0,0,0,0,0,39,39,37,0,31,0,27,0,0,0,0,0,0,0,0,0,0,35,0,30,0,0,33,33,32,0,0,0,0,0,0,29,0,0,0,0,0,0,0,0,0,0,0,0,37,0,39,39,34,0,29,0,0,28,29,0,0,0,0,0,0,0,0,28,0,0,0,0,0,0,0,33,38,0,0,0,0,0,0,0,0,0,0,0,0,0,0,0,0,0,0,33,34,33,0,0,0,0,0,0,0,0,0,0,0,0,0,0,0,0,0,0,0,0,0,0,0,0,0,0,0,0,0,0,0,0,0,0,0,0,0,0,0,0,0,0,0,0,0,0,0,0,0,0,0,0,0,0,0,0,0,28,29,31,0,0,0,32,0,0,0,0,0,0,0,0,0,0,0,0,0,0,0,0,0,0,29,0,0,0,29,0,0,0,0,0,0,0,0,32,29,0,0,27,30,27,0,0,0,35,0,0,0,0,0,0,0,0,0,0,0,0,37,0,0,0,0,0,30,0,33,0,0,0,0,0,38,0,0,0,0,0,0,0,0,0,0,0,0,0,0,
0,0,0,0,0,30,0,0,30,32,0,0,0,0,0,0,0,0,38,32,0,0,35,0,0,33,0,30,0,0,0,36,0,36,0,0,0,0,33,31,31,0,0,0,0,0,0,0,0,34,32,0,42,0,0,0,0,0,0,0,32,34,35,34,34,29,0,0,0,0,0,0,0,0,0,0,0,0,29,29,0,0,0,0,0,0,39,38,0,38,0,36,0,0,0,0,0,0,0,0,0,0,0,0,31,31,0,30,31,33,32,0,0,0,36,36,0,0,0,0,0,0,0,0,0,28,0,33,0,0,0,29,31,0,0,32,0,0,0,0,0,0,0,0,0,0,32,0,0,0,27,0,0,0,0,0,0,0,0,0,0,0,0,31,0,0,29,29,0,0,0,32,29,0,0,0,0,0,0,0,0,0,0,0,0,0,0,30,0,0,0,0,30,30,0,30,0,0,29,29,35,0,0,0,35,31,30,30,28,31,0,0,0,0,0,0,36,0,0,0,0,30,0,0,0,0,0,0,29,38,0,0,0,0,36,33,0,0,0,0,0,0,40,39,42,0,0,0,0,0,0,0,0,0,0,0,
0,0,0,0,0,31,0,31,32,32,31,27,0,0,0,0,0,0,0,28,28,27,0,36,0,0,0,31,0,0,0,0,0,26,37,30,0,0,33,34,32,0,0,0,0,0,0,0,0,32,32,33,41,0,0,37,0,33,0,34,33,36,0,35,31,32,0,30,31,0,32,0,0,0,0,0,0,0,0,29,29,0,0,0,0,0,0,36,0,0,34,0,0,0,0,0,0,0,0,0,0,0,0,0,0,0,32,32,32,0,35,0,0,0,35,0,0,0,0,31,0,0,0,0,32,29,32,34,0,31,31,34,0,0,35,0,32,32,0,30,0,27,0,0,0,0,32,35,0,0,39,40,0,0,0,0,0,0,0,0,0,0,0,0,31,0,0,0,0,0,0,0,33,0,0,0,0,0,0,0,32,0,0,34,0,0,0,0,33,31,0,0,0,31,32,0,33,31,37,33,35,36,34,0,31,28,32,34,31,0,0,35,0,35,0,0,0,0,0,0,0,30,30,0,0,0,29,40,29,29,0,37,0,30,36,36,0,36,36,36,0,35,0,0,43,0,0,0,0,0,0,0,0,0,0,0,
0,0,0,0,0,33,31,0,31,35,31,31,31,0,0,0,0,0,28,0,0,28,0,32,36,34,0,0,35,0,0,0,0,34,37,37,34,0,35,0,33,32,33,33,32,0,37,0,0,32,34,43,42,41,42,0,37,37,32,33,39,36,0,36,32,33,33,30,0,31,0,0,0,0,0,0,0,0,0,29,29,0,0,0,40,0,34,31,26,34,36,31,0,39,0,0,0,0,0,0,0,0,0,0,0,0,36,33,34,33,41,0,36,0,29,30,0,28,0,33,0,30,31,0,31,32,0,35,34,0,32,35,32,0,33,0,0,0,0,0,32,0,0,0,0,0,0,33,39,39,39,39,0,0,0,0,0,40,0,0,0,0,37,33,32,0,36,30,30,38,0,0,30,0,40,0,0,0,0,35,0,34,32,34,0,0,0,0,34,34,32,0,0,36,32,0,34,31,0,33,32,31,35,31,32,28,31,29,37,32,31,37,36,0,34,37,37,29,30,0,31,31,28,0,0,31,40,31,41,40,0,0,31,33,0,0,37,36,36,0,0,35,0,0,0,0,0,0,0,0,0,0,0,0,0,0,
35,31,27,0,36,33,0,30,33,31,31,36,33,30,32,35,31,31,38,27,30,29,26,37,35,32,34,0,35,0,0,36,0,29,33,37,36,35,35,31,34,41,41,33,0,40,38,39,0,0,38,44,44,44,42,42,34,35,33,34,37,39,36,0,36,38,39,32,38,0,0,0,0,0,0,0,34,0,34,0,30,29,0,0,0,42,41,37,27,33,38,37,29,39,34,33,0,0,0,0,0,0,0,0,0,26,26,34,35,39,35,42,32,37,0,30,0,0,33,34,0,32,31,0,31,33,33,27,38,26,27,38,43,0,34,0,0,0,33,32,0,34,33,30,0,30,0,32,37,34,40,41,36,29,0,0,0,35,40,27,0,0,0,0,33,37,0,36,34,32,37,0,35,40,37,31,0,0,0,0,34,34,33,36,37,0,34,0,39,0,0,34,33,35,33,33,37,31,35,0,33,32,32,35,31,29,36,33,37,37,32,37,36,35,38,38,0,0,0,31,31,30,28,32,31,30,33,41,42,41,0,37,32,28,34,36,0,0,32,0,0,33,36,0,0,0,0,0,0,0,0,0,0,0,0,0,
32,32,40,35,0,0,35,31,31,29,32,31,33,0,33,33,32,30,34,0,27,28,41,35,36,35,37,0,0,37,0,0,0,40,39,37,39,37,37,39,33,35,40,35,30,36,37,39,40,35,0,35,44,45,42,43,29,41,34,34,37,38,34,36,37,36,36,33,32,38,32,36,0,0,0,0,0,0,33,33,0,36,30,33,38,40,38,42,34,28,34,37,30,30,35,0,35,0,0,0,0,0,0,0,27,0,27,27,34,34,34,41,42,33,32,31,0,28,34,33,34,39,33,0,35,34,34,33,33,27,0,39,0,42,0,0,0,0,34,34,0,34,29,0,0,34,33,33,34,35,35,41,0,30,0,37,30,0,35,0,0,26,0,33,40,34,37,36,35,39,37,35,38,40,38,38,32,0,0,0,32,34,33,36,38,29,37,36,32,0,0,36,38,36,42,34,34,32,38,32,35,34,35,36,36,31,31,31,35,38,33,33,37,39,39,36,0,0,32,0,0,29,29,32,33,29,35,42,34,42,0,42,38,37,28,28,37,0,34,0,40,34,34,35,33,0,31,0,0,0,0,0,0,33,0,0,
30,37,40,37,0,38,35,36,36,35,30,38,39,38,0,37,31,31,31,25,28,25,30,36,38,38,40,33,35,37,36,37,42,41,37,40,34,38,30,38,40,42,36,35,36,37,41,33,36,36,38,40,37,45,34,43,36,41,41,0,37,37,36,37,37,38,36,41,34,36,33,36,0,0,33,0,33,0,36,35,34,34,32,38,39,41,43,42,43,35,35,34,38,30,35,35,36,36,34,34,0,0,0,34,0,0,0,0,28,37,37,42,43,42,41,42,32,38,35,33,0,35,34,0,0,0,35,34,27,28,28,0,43,42,0,0,0,0,0,35,36,35,30,37,30,33,31,34,33,35,32,35,45,38,37,40,37,31,38,0,36,0,0,36,33,40,39,38,36,32,31,36,36,35,32,40,0,0,0,31,0,31,35,37,39,30,39,32,35,38,43,37,38,38,40,35,35,30,38,38,35,35,33,37,37,37,37,32,32,33,34,35,37,34,41,39,39,36,36,0,36,32,30,33,31,31,29,35,35,42,43,42,37,38,36,38,37,37,0,0,40,40,36,40,39,34,32,36,0,0,0,0,0,0,35,0,
34,31,37,35,0,38,35,32,36,35,35,36,40,38,38,32,32,32,34,32,26,31,31,27,39,38,37,35,40,36,37,40,36,41,34,38,32,35,30,37,36,35,39,41,33,39,35,40,35,37,38,36,31,37,39,36,37,32,42,40,0,41,34,38,38,34,37,37,32,36,37,35,0,0,0,31,36,36,36,35,37,37,35,34,39,37,41,39,38,37,36,35,36,31,31,33,37,36,34,35,45,0,0,40,34,0,0,0,38,36,37,34,44,43,44,39,36,39,35,32,34,0,38,0,35,0,36,0,37,38,33,31,31,36,41,0,0,0,35,36,39,36,34,38,38,32,43,32,35,33,38,36,35,37,0,37,40,40,37,35,36,31,0,37,37,40,0,0,33,34,34,39,38,33,35,40,34,31,0,41,35,32,35,34,37,34,31,37,35,40,42,40,38,37,39,39,36,30,42,43,38,36,33,34,38,37,36,38,36,35,38,35,42,38,30,40,40,36,37,37,37,34,34,34,32,33,32,35,34,36,42,33,34,38,37,38,38,37,38,38,37,36,39,37,39,35,35,35,0,0,36,37,0,36,35,35,
34,40,39,31,35,36,39,33,36,36,36,41,0,35,38,35,32,33,34,0,31,34,31,32,39,38,37,41,39,39,37,40,37,37,34,35,34,35,31,40,37,36,40,35,34,33,40,38,35,36,36,36,36,38,39,39,41,32,35,33,34,39,39,34,39,39,38,33,32,39,39,37,32,36,31,34,36,34,37,36,38,37,39,36,38,38,38,42,39,38,38,37,37,37,36,31,33,33,35,36,32,39,0,39,35,35,37,0,0,37,37,38,31,36,43,37,38,40,36,33,34,34,38,38,37,37,0,34,37,39,37,36,37,37,42,39,0,0,35,36,37,38,34,35,39,45,44,44,42,45,36,37,36,35,0,36,38,42,40,38,37,36,35,37,37,39,0,40,34,39,34,37,39,36,35,36,36,30,31,32,36,31,33,32,35,35,32,39,36,38,35,39,39,39,40,35,35,43,38,43,36,37,40,36,39,38,34,39,34,33,40,39,42,42,41,37,36,40,37,38,38,34,38,37,34,34,37,33,35,35,38,35,35,38,37,39,39,41,40,37,37,39,39,37,40,36,41,37,36,38,36,37,37,37,37,41,
35,0,39,40,36,32,35,40,35,34,37,36,42,37,36,37,33,33,34,36,33,34,32,42,38,39,40,37,43,42,40,38,38,33,35,36,33,33,40,41,38,42,35,34,41,36,39,40,35,39,39,37,37,46,39,40,42,37,34,41,35,39,39,35,42,35,40,39,33,37,38,39,32,33,41,35,35,41,37,38,37,39,39,40,38,39,42,34,34,38,38,36,36,37,31,31,34,33,33,43,33,32,44,40,40,42,34,30,40,40,39,38,31,36,43,39,37,37,38,33,39,41,39,39,34,38,39,35,40,38,37,37,40,41,43,42,39,37,38,38,36,39,33,35,35,35,34,43,43,42,38,37,37,35,37,36,0,36,39,38,39,38,36,35,37,39,36,33,39,35,41,38,40,34,36,33,37,33,31,38,32,32,43,34,33,41,42,43,41,34,35,35,39,40,35,39,37,37,44,43,42,40,40,38,37,35,35,35,35,35,35,41,38,43,40,38,37,39,36,38,34,39,33,37,38,36,36,35,35,38,39,42,44,42,38,36,40,39,40,39,39,39,37,37,37,38,36,38,37,38,40,36,39,36,38,37,
40,0,0,35,36,34,39,33,36,35,37,37,43,35,37,37,35,37,34,31,33,34,35,32,42,44,41,40,38,43,36,41,37,34,38,37,37,39,37,34,39,41,36,44,40,38,41,40,37,38,40,48,47,36,38,40,34,38,35,34,37,41,37,40,40,41,41,40,39,40,39,39,40,37,33,38,42,38,41,38,38,40,40,40,39,41,38,40,38,34,39,39,36,31,36,32,37,34,35,33,35,36,37,44,44,32,35,30,36,36,35,32,41,32,41,46,45,41,42,42,40,42,42,37,39,36,35,38,34,39,37,36,34,41,41,41,40,38,38,40,42,39,41,36,36,35,34,39,44,41,39,38,38,36,36,37,0,35,0,40,41,40,39,36,38,38,38,35,42,40,39,36,40,36,36,41,33,34,32,37,35,44,44,38,34,37,34,43,38,41,32,35,36,40,36,37,43,39,38,41,38,43,32,36,38,40,35,36,36,35,38,35,40,43,41,36,38,39,39,38,35,37,36,38,38,40,37,41,39,40,40,44,42,44,36,39,37,38,39,38,40,39,39,40,41,41,38,39,38,37,42,39,40,39,40,39,
38,35,40,35,35,37,39,35,38,34,39,38,39,40,37,37,39,38,38,35,39,39,34,34,34,44,45,44,43,36,38,41,34,38,39,38,36,40,36,40,36,42,39,42,41,39,37,42,39,39,39,38,39,35,37,34,44,36,41,35,40,36,41,44,39,38,42,46,40,44,40,38,40,38,36,41,42,36,40,44,41,41,41,40,41,43,43,41,37,34,34,39,35,33,40,36,37,35,35,37,36,42,34,38,38,37,32,31,33,36,43,42,42,34,42,40,43,41,42,41,43,42,42,38,36,37,34,39,37,38,33,39,37,41,37,37,40,38,35,42,43,39,40,41,37,34,42,35,41,40,41,38,37,39,36,38,33,35,0,37,41,39,39,35,39,35,39,35,35,42,41,39,38,36,40,37,40,36,39,36,39,36,36,37,36,37,36,35,41,32,32,30,35,36,42,35,41,43,42,42,42,41,39,33,39,40,34,36,36,41,36,39,38,39,39,36,35,38,39,39,39,35,44,39,39,41,41,37,40,39,40,39,37,38,37,38,38,40,40,40,39,44,40,41,40,37,41,42,39,39,40,40,39,40,41,41,
41,37,37,41,36,35,35,40,39,36,35,35,37,38,39,40,37,40,38,38,38,36,38,34,34,43,43,38,37,37,42,40,38,35,34,39,34,36,37,33,39,35,41,41,40,39,40,39,36,39,39,38,37,44,40,47,44,44,44,37,40,42,39,41,40,39,37,38,36,39,45,46,41,40,41,41,42,37,41,43,38,38,42,38,39,40,40,39,39,39,35,39,34,38,40,35,36,37,36,42,38,44,43,43,38,43,35,38,34,36,35,43,35,43,35,35,41,42,44,37,44,38,39,39,36,42,38,40,39,39,42,41,39,37,38,33,37,39,42,40,43,45,43,42,39,40,34,42,41,33,41,40,38,38,34,42,36,36,44,38,39,42,41,40,38,39,40,36,40,41,37,34,42,40,41,36,41,41,39,39,38,43,40,37,36,38,38,40,40,43,45,31,37,35,36,35,42,44,43,36,41,45,41,39,35,40,36,36,37,38,38,40,41,38,41,40,39,41,39,33,40,39,45,44,43,40,40,39,39,39,43,42,39,41,38,37,40,37,40,41,39,39,38,46,39,42,38,42,36,40,41,39,40,42,42,41,
42,41,38,37,34,36,43,42,42,37,37,36,33,39,39,40,37,39,39,39,38,37,41,38,39,39,44,40,42,38,37,42,39,41,35,40,34,39,37,34,40,39,36,40,41,37,39,43,40,38,39,37,40,39,40,40,47,48,42,38,38,42,39,41,39,40,39,38,37,43,44,38,38,46,40,41,44,43,40,44,41,38,41,39,39,40,41,41,38,42,41,40,36,39,37,38,37,37,37,37,38,46,40,42,41,44,42,39,39,36,38,42,31,37,34,37,36,39,43,42,37,39,44,38,36,36,43,38,40,39,41,43,42,38,38,39,37,34,43,41,41,35,41,40,41,40,41,37,40,41,42,42,40,39,41,43,42,39,35,36,39,40,38,37,38,36,36,35,40,42,38,35,45,41,40,37,39,39,39,40,39,44,40,41,41,41,41,39,41,44,43,32,32,41,41,41,42,44,44,45,42,46,39,37,39,39,34,39,41,40,40,42,42,43,39,39,35,38,38,40,34,35,45,39,40,41,41,40,40,38,39,40,40,39,35,39,40,40,42,39,40,42,40,37,43,42,39,41,44,42,40,39,39,42,42,43,
43,42,41,35,35,40,41,44,37,42,38,39,42,35,36,41,39,40,40,40,42,39,38,40,39,40,41,46,38,41,38,40,39,44,41,36,43,39,38,39,42,42,42,38,37,41,38,39,43,38,41,44,40,41,40,44,41,39,42,41,39,40,40,44,41,38,43,41,37,39,40,40,41,42,42,39,40,41,41,41,43,38,39,39,38,45,47,41,41,40,43,37,37,43,37,35,37,36,36,39,38,43,42,43,43,42,39,41,41,33,39,39,39,37,37,35,38,40,41,42,38,41,42,43,36,39,37,42,41,40,38,43,42,43,40,45,38,39,40,44,41,36,40,43,41,42,39,43,41,42,38,40,40,41,42,42,43,40,36,41,43,39,39,38,39,37,36,35,37,42,43,43,41,44,41,41,42,39,42,39,41,35,42,42,41,41,41,43,42,42,43,44,40,34,42,41,42,42,42,39,44,43,40,41,39,40,35,43,39,42,39,38,41,45,42,38,36,36,37,41,39,40,45,39,41,40,41,41,39,40,39,43,38,39,43,35,44,41,40,38,38,39,42,38,41,43,43,41,44,41,40,39,40,43,42,43,
37,41,42,37,36,39,40,43,41,39,38,35,37,36,38,38,44,40,41,43,44,42,39,40,40,42,42,41,39,40,39,36,37,43,41,42,41,37,38,41,42,39,39,39,38,37,39,36,40,39,40,36,43,43,43,45,42,42,45,43,42,42,41,39,41,42,45,41,45,40,40,40,41,42,41,42,41,41,42,41,39,42,40,40,40,45,42,42,43,40,43,42,37,41,41,40,39,37,39,38,39,44,42,43,45,43,41,41,34,34,38,40,38,42,40,41,41,43,38,43,43,39,42,45,39,39,38,37,42,40,40,41,40,43,41,46,45,42,39,48,39,39,39,39,38,43,41,42,45,42,42,36,40,43,42,41,44,42,38,38,40,44,40,41,40,40,39,36,40,45,43,44,44,45,43,45,42,44,39,40,46,40,36,43,41,41,42,41,44,44,43,44,43,41,44,42,42,39,42,40,41,46,46,41,44,38,41,43,39,42,39,37,39,40,42,40,45,38,38,43,39,42,46,42,41,40,42,42,41,42,40,41,44,44,41,43,39,44,40,40,41,37,34,40,39,39,43,41,44,41,41,42,41,42,43,42,
37,42,40,38,40,40,43,38,41,44,38,42,42,36,45,43,42,44,45,44,41,45,42,42,42,45,41,43,40,41,39,37,43,42,41,43,45,39,38,39,39,40,38,40,43,38,38,40,37,37,45,38,38,44,40,42,44,43,43,43,42,43,42,40,40,46,43,46,43,41,39,40,44,47,42,36,41,41,41,40,41,40,41,41,39,46,46,47,48,39,43,43,43,47,40,39,41,38,40,45,39,45,40,44,43,40,43,44,41,35,37,41,40,36,41,41,38,40,42,44,42,42,44,46,43,38,40,37,37,40,42,37,41,44,45,46,47,41,41,40,41,40,44,44,44,39,41,42,44,37,37,40,41,41,42,42,42,42,43,41,43,45,43,42,38,39,44,37,44,45,44,39,40,46,44,45,40,37,39,40,46,46,42,41,43,43,44,41,42,43,44,44,44,43,44,43,43,39,39,39,42,46,46,41,41,40,39,41,42,41,41,43,36,40,38,41,44,41,43,43,43,39,43,41,42,42,42,41,42,41,41,42,44,43,43,40,41,41,40,40,41,37,41,37,39,40,45,39,44,43,42,41,42,40,40,43,
41,45,44,41,42,40,43,43,44,45,46,44,43,46,42,44,45,43,43,44,44,44,43,42,44,43,46,45,46,46,38,45,43,43,44,44,42,40,41,40,39,39,38,49,46,44,39,43,41,45,46,41,46,40,45,46,45,43,43,46,42,44,42,40,41,41,48,38,41,44,44,40,42,40,47,43,37,40,41,41,43,42,40,42,41,42,41,48,41,38,44,45,43,44,47,41,41,39,41,43,45,40,46,44,44,40,43,42,48,46,46,43,40,44,41,46,41,40,39,44,46,43,42,39,45,42,40,37,46,37,42,40,38,41,44,46,45,41,41,43,48,48,42,46,45,42,41,42,48,39,49,41,47,48,43,40,42,43,44,39,43,45,46,45,39,39,40,42,45,44,40,46,41,45,39,43,41,41,40,40,39,38,41,43,46,45,45,45,41,43,42,44,41,44,44,42,47,44,40,46,39,41,46,46,41,40,42,42,42,37,42,40,47,37,40,38,43,41,44,44,46,44,43,43,42,41,43,43,43,42,42,42,42,44,43,44,40,42,41,41,41,38,38,41,43,40,44,39,45,39,40,40,41,41,44,43,
46,45,40,45,41,42,43,46,46,45,46,45,45,38,47,46,44,45,45,44,45,45,44,43,44,45,47,46,43,46,42,48,45,44,44,47,46,42,42,40,41,41,42,49,39,39,45,44,45,41,43,41,41,43,44,46,43,46,43,44,43,44,43,42,42,42,47,42,38,42,42,41,42,42,45,44,44,44,42,42,42,42,41,40,43,43,41,46,42,41,47,46,47,45,45,41,43,43,40,41,42,45,46,47,45,45,42,44,47,47,45,46,41,36,43,43,42,42,42,44,44,42,45,41,40,43,45,41,38,46,44,40,41,39,38,44,46,46,44,44,48,48,43,44,45,42,42,39,42,46,39,45,48,44,48,40,42,42,44,40,43,39,45,45,46,42,40,40,43,43,44,45,48,46,41,40,44,41,41,40,40,44,42,43,46,45,46,43,46,44,46,46,42,42,44,43,44,42,46,45,45,44,42,41,41,40,42,43,43,48,44,41,41,41,39,39,42,43,44,47,46,45,44,44,44,42,39,43,45,45,48,50,43,45,45,40,43,47,44,42,43,45,45,42,38,43,40,40,40,40,42,41,40,41,45,45,
45,46,43,46,44,43,43,44,44,46,45,46,44,39,43,44,44,47,43,47,45,49,44,44,46,45,46,46,47,46,42,44,49,45,45,43,43,41,43,43,46,42,44,40,40,42,45,45,47,43,41,43,41,45,44,41,42,42,45,44,43,45,43,43,48,42,43,47,46,45,40,41,51,45,45,44,45,39,40,45,42,46,43,45,44,47,41,44,45,47,42,47,48,48,49,41,44,43,41,42,42,48,44,43,48,45,42,45,45,47,51,49,42,43,45,44,41,42,44,41,44,43,41,45,45,41,41,43,41,46,45,42,41,39,40,44,48,47,44,47,45,49,50,43,47,46,43,43,44,45,48,47,48,49,51,48,44,42,42,45,41,46,44,44,46,43,49,40,44,44,44,46,43,41,42,43,41,42,42,41,46,41,45,42,46,46,48,46,47,46,46,46,43,45,43,46,43,44,43,45,46,45,43,42,44,40,44,43,47,46,46,45,47,42,42,43,45,44,43,47,40,45,49,45,45,44,42,41,46,46,50,50,45,46,44,41,43,44,46,45,44,47,46,41,44,44,47,47,40,49,46,43,43,45,48,45,
46,46,46,46,44,45,43,44,41,44,46,46,46,43,45,45,43,48,47,48,48,44,43,45,46,47,48,49,45,47,46,44,49,41,46,46,44,41,45,45,44,50,47,43,44,42,46,46,45,43,43,47,42,42,44,42,43,45,41,43,48,39,45,45,49,45,44,46,45,46,46,49,52,50,50,48,49,41,40,40,41,41,44,46,47,45,48,48,46,43,49,42,44,47,49,42,45,45,43,43,43,48,50,40,44,44,44,45,45,46,51,45,44,44,41,46,42,43,44,44,42,45,41,41,42,42,42,46,46,40,42,41,44,40,39,45,41,43,44,45,48,45,45,50,45,44,47,44,44,45,46,45,48,47,47,50,42,44,42,40,44,41,45,44,45,48,45,48,44,44,44,46,44,46,44,45,45,44,45,45,46,45,46,47,47,46,44,48,47,47,46,46,45,47,46,46,44,44,44,45,46,46,46,44,44,41,43,46,47,47,48,45,49,42,48,46,45,45,43,43,48,49,50,49,44,45,44,47,42,47,50,48,50,48,47,43,43,43,43,47,48,47,45,46,46,44,42,49,47,47,49,48,44,46,45,48,
45,45,45,46,42,45,46,42,42,48,47,47,47,45,46,46,45,48,49,45,49,45,48,43,46,48,48,49,46,46,47,45,45,43,42,47,46,41,42,46,45,46,50,44,44,45,42,45,45,46,44,45,44,44,43,44,46,45,45,47,44,47,41,46,46,45,47,45,46,44,46,46,53,48,46,48,48,42,41,41,42,43,45,44,48,48,46,48,44,49,49,45,44,43,48,44,49,40,44,46,46,47,49,42,40,45,45,46,44,46,48,45,46,47,42,42,47,41,41,44,40,44,46,42,43,47,46,46,41,41,44,43,42,50,45,47,46,44,43,46,44,43,46,46,43,46,49,48,48,45,45,44,47,48,42,53,46,41,45,41,45,42,47,47,44,45,47,46,46,45,47,47,42,45,45,44,44,45,46,43,46,46,49,52,44,46,50,46,46,47,46,48,46,40,41,47,43,46,46,45,46,46,46,47,45,45,43,50,47,45,48,45,45,48,46,45,46,43,44,44,47,44,46,50,46,45,45,46,50,46,51,47,46,48,43,44,44,46,43,45,47,48,45,45,44,44,43,43,49,48,49,49,49,49,49,49,
46,45,46,44,49,43,45,47,47,43,43,47,45,46,46,48,47,46,41,41,44,43,48,45,46,43,46,47,51,48,46,45,46,46,45,46,46,47,46,45,44,42,43,50,44,45,45,44,45,45,46,46,45,47,45,48,44,45,46,47,46,46,48,43,46,46,48,48,48,46,43,44,52,52,51,48,48,48,49,43,43,44,49,45,46,49,49,52,49,43,47,46,46,48,45,49,42,43,41,46,45,46,50,50,41,41,48,43,47,46,48,46,47,47,47,48,45,44,43,42,45,41,45,47,43,44,46,46,43,49,46,45,44,44,46,45,44,46,47,45,47,44,45,50,48,46,47,42,49,45,44,44,48,49,53,53,50,44,42,42,43,43,48,45,45,42,47,48,49,47,48,49,47,49,46,45,47,45,49,42,46,47,47,47,48,47,52,52,47,47,49,48,44,47,41,49,43,43,46,48,46,44,48,48,47,46,46,46,50,48,45,45,45,45,47,48,45,43,49,44,41,47,44,47,47,47,53,49,50,42,47,45,46,49,45,43,44,47,46,44,46,46,46,48,47,45,47,47,43,47,46,51,48,50,48,49,
46,44,47,49,49,49,51,49,46,48,46,45,46,47,46,48,46,46,46,46,43,50,43,46,47,44,47,49,48,43,53,48,45,44,46,49,47,44,46,45,45,46,50,45,44,44,44,45,45,49,46,45,46,47,48,49,45,45,48,47,50,46,47,44,45,45,47,49,45,43,46,43,53,44,52,49,50,48,49,49,51,45,45,51,46,48,49,50,45,44,46,49,43,44,52,50,50,42,42,42,46,48,46,47,47,45,50,45,48,47,47,47,47,47,47,45,46,43,48,43,44,45,44,47,46,44,45,46,48,47,46,48,44,44,46,44,48,50,48,48,46,45,49,50,48,46,48,46,49,48,44,46,48,48,47,44,45,43,46,45,46,44,48,49,44,43,46,49,50,50,46,45,48,48,46,45,47,45,47,48,46,43,46,47,47,47,47,51,50,48,47,49,48,47,48,50,50,52,45,47,48,45,45,47,47,51,48,47,47,47,45,45,45,46,48,45,49,49,47,47,46,46,48,48,47,48,48,48,49,52,46,47,48,48,45,43,45,44,46,47,46,48,47,47,47,48,51,49,43,41,47,45,50,49,48,50,
51,45,51,50,46,47,52,52,47,48,48,47,47,49,46,47,44,43,49,48,47,47,47,44,45,48,45,46,50,44,52,48,49,46,48,48,49,49,49,46,47,46,45,45,47,45,45,45,43,47,49,46,47,48,47,47,49,45,48,48,50,49,48,45,47,46,48,52,50,52,44,45,44,46,51,44,51,46,48,49,45,51,46,52,47,46,49,48,48,49,44,49,50,48,53,49,44,46,43,46,47,51,47,47,48,47,46,47,51,46,42,50,47,49,51,48,46,48,49,44,45,45,43,47,48,50,46,50,44,46,47,46,50,44,51,47,50,51,47,49,47,49,45,48,50,45,47,46,48,48,48,45,48,50,45,45,47,47,46,46,48,44,48,47,48,47,47,50,48,52,46,46,50,48,48,45,45,48,51,49,47,46,48,48,47,48,46,53,52,47,47,48,50,47,46,46,47,46,47,45,50,43,46,47,50,49,48,48,48,48,51,47,47,46,45,47,52,48,48,48,47,46,48,48,51,50,50,48,49,49,51,47,48,48,52,49,44,42,41,46,40,49,49,48,49,49,48,48,50,49,48,46,47,49,48,49,
51,51,51,49,52,50,49,52,47,48,49,49,49,49,50,46,45,47,51,49,49,49,44,48,47,51,46,46,48,47,51,48,48,47,48,48,49,48,46,50,47,47,46,46,50,45,46,46,44,48,48,50,47,47,48,48,48,47,49,48,50,50,50,50,48,47,47,49,51,52,52,46,45,47,48,53,45,47,47,49,46,48,51,53,47,52,48,48,49,49,49,45,49,51,51,49,45,47,44,45,47,49,47,44,46,45,54,48,47,47,43,46,51,50,52,50,51,49,47,48,49,46,46,50,49,51,47,47,48,48,46,49,50,51,46,48,51,45,48,49,49,47,51,48,49,46,46,46,47,49,48,50,47,50,47,46,48,46,50,47,50,47,48,49,43,48,48,51,48,52,47,46,46,48,51,45,47,48,50,50,51,49,49,48,49,50,47,49,53,51,47,47,50,50,49,48,54,47,46,48,50,49,47,46,52,51,54,49,52,49,48,48,45,47,46,49,53,49,49,44,50,50,51,53,52,48,49,47,50,50,45,49,48,46,50,47,49,42,45,47,41,51,50,49,50,49,47,44,46,45,45,49,47,48,48,48,
52,52,51,50,47,49,50,48,45,48,48,49,50,50,53,48,47,49,46,53,50,50,49,50,48,47,51,50,49,51,44,47,47,48,48,49,47,48,48,48,51,51,48,51,51,46,48,47,52,52,48,51,50,52,47,48,48,47,50,49,49,50,50,51,49,49,48,47,48,47,49,50,47,50,48,46,49,48,47,49,48,50,46,46,51,48,48,49,48,50,49,46,49,51,50,52,50,47,50,50,49,49,50,49,46,48,55,54,49,48,54,52,47,54,51,51,51,47,50,47,48,49,49,46,50,48,48,48,48,48,48,48,47,51,48,45,50,45,52,49,48,48,52,50,48,51,50,49,49,47,48,50,48,47,50,48,49,48,48,47,50,49,45,45,46,48,49,48,49,48,45,47,48,47,47,48,48,47,50,49,50,49,50,50,50,49,50,49,50,50,53,49,49,49,50,49,48,50,51,49,49,51,50,49,53,51,52,48,48,49,51,46,44,44,48,50,50,49,47,45,47,45,50,50,53,54,50,50,52,47,48,48,46,47,47,48,46,47,48,48,54,51,51,48,51,51,50,45,47,50,51,47,51,48,52,49,
49,51,50,52,48,50,50,48,49,50,52,51,51,52,46,51,47,54,46,49,46,53,49,47,49,48,50,51,50,50,46,48,51,49,49,50,49,47,50,50,53,52,51,48,52,48,47,52,51,52,51,49,51,45,52,50,46,48,45,50,50,47,51,50,50,48,49,50,48,50,50,49,47,50,48,48,49,52,48,50,49,54,47,53,54,47,49,48,49,49,50,50,49,53,52,49,54,49,50,48,50,51,48,47,47,49,47,56,55,49,54,47,53,51,54,51,49,50,50,48,49,48,50,54,52,48,52,48,51,48,48,49,53,46,48,48,46,51,46,54,52,48,48,48,48,49,49,52,50,48,49,49,48,52,48,50,50,49,50,50,49,49,47,46,47,48,49,50,49,52,49,52,49,48,48,49,49,48,51,51,47,51,51,50,50,49,50,49,50,52,51,52,50,48,50,51,49,49,50,50,47,48,50,52,50,54,53,49,46,49,48,50,46,49,45,51,50,50,47,48,48,46,54,53,51,51,50,49,50,50,47,49,49,48,48,53,48,47,48,50,55,42,49,49,48,52,49,51,49,49,52,47,49,50,52,48,
51,47,51,45,49,50,49,48,49,56,51,52,50,52,51,51,51,55,48,47,48,48,52,49,48,51,49,52,51,51,53,48,48,49,51,51,49,48,48,50,51,50,52,53,48,50,48,47,49,47,50,48,49,49,51,49,50,47,44,45,46,47,48,52,50,53,52,52,51,51,50,53,50,51,51,48,49,53,48,47,50,48,56,54,46,48,46,50,51,50,49,51,49,48,53,52,51,49,47,51,51,49,49,48,48,48,46,48,51,50,51,48,51,50,51,51,49,49,52,50,50,49,53,54,53,53,51,49,51,53,48,51,52,49,52,47,50,47,52,50,53,51,50,49,51,49,48,53,49,48,52,52,51,50,51,49,51,51,51,51,50,54,49,47,47,47,53,49,49,52,52,48,50,50,51,50,49,53,48,51,50,48,51,52,49,50,52,51,51,52,52,47,47,47,49,52,53,50,50,50,49,48,49,50,50,48,52,49,49,49,47,50,50,47,52,52,51,52,52,49,48,47,54,53,53,51,52,48,50,51,51,47,49,50,47,49,49,48,49,50,51,51,50,54,49,50,54,49,51,50,53,52,50,52,49,49,
52,50,47,51,45,49,45,51,50,51,55,47,47,49,52,52,48,51,54,47,47,50,51,52,47,49,51,49,53,52,47,48,53,52,51,51,50,52,51,51,48,52,48,53,52,52,48,53,50,48,51,49,51,50,51,49,48,48,47,46,51,47,48,49,54,54,53,51,51,50,53,52,51,50,51,48,50,52,52,48,53,54,48,56,54,47,50,50,52,51,51,51,49,49,49,52,53,50,49,52,52,53,53,52,47,51,51,50,53,51,49,51,52,52,50,49,51,50,49,50,55,50,52,48,56,51,53,54,51,52,49,50,52,50,53,48,51,51,51,48,50,53,50,50,51,50,54,52,51,50,49,48,50,54,50,52,51,52,51,51,52,54,53,49,51,55,50,51,52,54,54,54,50,50,54,55,53,50,49,49,49,48,49,52,51,51,50,52,52,47,49,52,53,47,47,51,50,51,52,50,48,50,50,51,51,53,51,50,49,49,48,51,49,47,48,52,52,51,51,52,51,51,50,48,49,53,51,50,51,54,52,48,50,48,50,48,53,52,53,48,51,51,50,51,54,53,54,55,52,51,54,53,52,49,50,50,
50,51,54,55,53,46,49,49,50,49,53,48,49,51,52,51,52,53,55,51,51,51,48,51,50,53,48,49,49,53,54,53,53,53,50,51,50,51,51,49,52,51,49,53,52,53,52,53,51,49,49,50,52,51,52,49,50,49,49,48,52,51,52,51,49,54,50,52,52,52,49,49,52,50,50,52,51,52,51,53,54,52,51,49,51,52,49,49,48,52,52,50,50,51,53,51,54,51,51,49,49,52,47,47,48,49,52,53,51,51,50,49,52,52,52,51,50,52,51,50,50,56,50,49,49,53,54,55,53,51,50,50,53,53,53,49,49,51,53,52,54,54,51,49,54,51,54,54,52,51,51,52,49,55,51,51,49,53,51,52,49,52,54,54,49,50,51,55,53,53,53,55,51,51,50,52,53,54,50,50,54,49,51,49,50,50,55,53,49,49,49,48,50,52,49,52,49,52,52,48,49,48,53,49,54,47,54,51,49,50,51,52,48,53,48,51,51,51,52,53,53,48,49,51,53,53,51,50,51,55,49,48,51,49,50,51,49,54,54,51,49,53,51,52,57,53,52,52,52,53,51,52,51,51,51,50,
51,52,51,55,52,47,51,52,53,50,50,55,54,51,51,51,50,52,53,52,50,53,53,51,52,50,49,52,57,50,50,53,53,49,54,51,53,52,52,51,51,53,53,50,52,53,54,51,51,53,52,51,51,51,51,50,51,51,52,49,50,52,53,52,51,50,51,54,51,53,50,53,50,54,51,52,53,52,54,52,52,55,52,52,52,50,53,52,52,55,53,53,50,52,54,56,52,51,54,50,51,51,49,52,48,49,51,52,53,50,54,49,51,52,52,50,55,52,50,51,51,57,55,52,52,54,54,55,53,54,51,51,52,52,50,48,52,52,50,51,51,53,50,54,54,54,53,56,48,51,52,52,52,52,53,51,54,56,54,53,50,52,53,53,50,49,49,54,54,54,53,54,55,52,52,52,53,51,51,51,56,53,52,54,51,57,51,53,51,55,50,50,52,53,51,51,52,52,52,53,54,49,53,49,55,55,49,52,50,49,49,51,54,50,55,53,53,52,50,53,51,54,52,50,53,53,52,52,55,52,50,51,51,52,51,49,49,49,52,51,54,50,55,52,57,50,54,53,54,54,53,52,52,52,52,51,
52,51,56,52,52,53,52,53,52,56,51,53,56,53,52,51,53,54,54,53,53,55,53,55,54,52,51,51,50,50,52,54,49,53,53,55,53,53,53,55,54,54,54,54,55,52,54,52,52,54,53,51,51,54,55,53,54,51,52,51,51,51,53,49,52,53,50,50,54,50,54,51,54,52,55,54,55,57,54,52,52,54,53,53,53,52,53,52,51,53,54,54,51,51,51,54,54,51,53,52,52,51,50,52,49,50,54,52,53,55,55,54,56,53,53,51,55,50,51,51,52,54,50,52,54,54,55,54,53,53,55,56,53,53,53,51,52,52,54,53,50,54,55,52,56,54,54,57,55,51,51,53,52,52,55,52,51,54,56,56,53,55,54,54,55,53,51,53,51,54,54,54,50,52,55,55,52,51,51,52,55,57,54,54,58,58,58,51,52,52,51,50,54,54,55,53,55,51,55,54,54,50,52,54,56,52,50,52,51,55,55,54,50,50,50,50,53,52,52,54,52,50,53,51,52,53,55,54,51,51,54,52,55,53,53,54,53,50,54,53,53,55,55,55,52,58,52,55,54,54,51,53,53,52,51,53,
52,53,56,56,56,51,53,53,55,54,53,54,53,55,53,53,51,57,54,52,52,56,57,55,54,51,52,55,57,52,53,53,53,53,53,55,58,54,55,54,55,55,50,51,52,52,52,54,53,53,55,53,56,54,53,53,55,54,53,52,56,54,52,49,55,53,51,53,51,51,54,55,54,54,55,50,55,54,53,55,55,54,51,51,53,53,54,53,52,56,53,55,53,52,55,54,53,52,54,54,55,52,51,54,52,51,55,55,53,54,55,55,56,54,54,54,53,53,51,51,53,52,51,55,55,55,55,56,54,56,53,57,52,53,54,52,52,51,53,54,55,51,56,54,56,55,54,57,57,56,52,54,54,55,56,53,50,55,52,56,56,54,51,54,55,53,54,53,53,55,52,54,53,55,58,52,53,52,54,53,53,53,53,54,52,54,59,52,54,53,54,50,51,56,53,55,53,55,54,54,55,53,52,54,56,55,53,55,53,55,55,55,51,53,51,50,52,53,53,55,54,53,54,55,55,53,55,49,49,52,51,55,56,53,51,54,51,51,53,54,52,53,53,53,56,52,53,54,55,54,55,54,52,54,53,52,
54,55,52,57,56,52,57,55,56,56,57,54,54,55,54,53,54,52,59,54,53,52,59,57,52,55,55,52,53,57,55,54,53,56,54,53,56,54,51,57,54,56,55,54,53,54,53,54,57,55,56,54,54,51,58,55,51,55,56,51,56,56,55,54,53,54,55,54,54,56,55,55,54,54,56,57,56,56,54,53,56,54,52,53,54,52,55,53,53,56,54,55,52,54,52,57,55,55,55,54,54,53,53,53,56,51,56,54,52,55,52,53,56,55,51,52,52,56,53,56,54,53,53,53,55,55,53,57,56,57,53,51,55,53,56,55,53,52,51,52,59,51,52,55,54,51,53,54,56,55,57,54,54,55,56,54,53,51,56,56,56,53,55,55,55,55,53,55,55,55,57,53,53,55,55,53,53,53,52,54,55,53,54,53,55,54,55,53,57,54,56,52,52,56,53,55,53,54,56,55,53,54,54,54,55,55,54,52,52,51,54,55,56,52,52,53,53,52,53,55,54,52,55,54,56,55,55,50,50,53,53,53,51,56,57,54,54,52,51,56,53,52,54,54,53,51,53,55,55,53,56,55,55,53,54,53,
59,56,55,56,56,56,56,55,56,55,56,55,54,55,58,55,53,53,59,54,53,57,54,57,53,56,54,55,52,55,56,54,56,54,55,55,54,56,52,54,53,51,56,57,54,55,53,53,55,52,55,57,56,54,54,55,57,52,55,53,51,55,54,55,56,55,54,54,54,55,56,57,56,53,58,58,58,58,51,57,57,58,55,53,54,53,56,58,58,58,57,57,53,54,54,57,51,54,54,56,55,54,55,54,56,53,52,57,54,53,53,51,54,52,54,53,53,55,54,56,57,53,57,54,56,54,56,55,54,57,57,52,55,55,53,55,55,54,52,57,52,52,55,53,53,50,55,55,56,56,58,54,53,56,55,57,52,53,52,55,57,55,54,55,55,54,57,57,57,56,53,55,52,52,55,56,53,55,54,53,56,56,52,54,56,55,57,53,55,55,57,54,53,56,56,54,54,54,54,52,56,55,54,57,56,55,56,53,51,53,55,53,54,53,53,54,54,52,54,54,52,52,55,52,55,55,55,56,55,57,54,53,52,56,55,54,54,55,57,55,54,53,56,55,56,55,55,55,54,56,54,56,56,56,55,54,
58,56,56,54,55,56,56,56,56,56,54,55,55,55,55,59,57,56,54,52,55,54,58,58,57,56,59,56,57,56,54,57,55,53,55,56,56,56,55,53,58,52,54,55,56,56,54,54,56,54,53,53,57,57,55,52,59,56,55,57,54,56,53,56,56,54,54,54,55,55,57,57,57,54,54,58,55,53,53,58,57,58,57,56,55,54,54,55,59,56,55,55,52,53,55,55,57,54,55,55,57,56,55,55,57,58,56,58,60,55,54,54,52,56,55,56,54,53,57,56,53,58,54,55,54,54,54,56,57,58,56,56,56,56,54,55,55,55,54,54,57,55,53,55,53,51,57,54,57,58,56,59,57,54,54,54,53,56,54,55,56,56,56,55,55,57,57,58,56,58,55,55,54,53,55,55,53,55,55,56,56,52,53,55,55,54,58,56,55,57,55,52,55,54,57,57,55,55,55,55,57,56,57,57,56,55,56,56,52,56,53,53,55,57,53,55,53,53,56,60,53,56,56,58,54,55,55,54,56,55,57,54,54,56,53,55,54,55,56,56,57,55,57,53,56,53,56,53,54,55,56,54,53,57,55,55,
57,56,55,54,53,59,57,59,56,56,57,55,54,56,57,55,57,57,59,57,54,57,55,59,58,55,59,56,54,57,57,56,56,53,59,58,58,56,56,54,57,59,57,57,57,56,58,55,60,53,54,53,54,54,55,55,55,57,56,57,56,57,54,56,56,56,58,57,55,57,55,56,54,57,56,54,58,58,57,53,55,58,57,55,59,55,57,54,55,55,54,56,52,57,56,56,55,54,59,55,56,56,56,55,57,57,58,56,60,55,55,54,56,55,57,58,54,54,54,56,58,55,63,56,57,55,55,54,57,58,58,54,56,60,56,55,53,57,56,59,56,55,56,55,55,58,55,56,54,57,58,57,57,57,55,55,55,57,56,55,57,55,56,55,56,55,58,58,56,56,56,56,55,56,58,57,54,55,56,55,55,57,52,55,57,57,57,57,58,56,53,56,53,55,55,57,57,55,57,55,57,56,60,54,56,56,56,54,54,56,57,57,55,53,53,56,56,55,55,56,59,58,57,59,57,55,55,54,54,58,55,57,55,55,54,55,56,56,56,56,57,57,57,59,55,58,57,54,55,55,55,56,54,57,55,56,
57,57,57,57,56,60,57,57,59,57,59,56,55,55,56,56,55,57,55,58,54,59,57,59,59,58,59,55,55,56,56,56,56,58,57,58,55,55,56,59,55,57,56,58,57,57,56,57,57,58,56,57,56,55,57,56,56,57,57,57,57,57,57,54,57,57,54,58,54,58,57,55,55,55,57,55,58,55,59,57,58,59,54,57,59,59,56,55,57,56,55,57,58,55,55,56,58,61,60,57,57,57,56,56,58,59,54,58,55,53,58,55,56,57,56,58,58,58,55,59,57,55,55,63,62,58,55,55,56,57,57,55,57,60,58,57,57,54,56,57,57,58,57,55,55,60,57,59,55,56,57,57,57,57,56,55,57,58,58,58,58,57,58,57,58,57,58,59,59,56,57,56,57,59,55,58,55,56,55,57,59,55,55,57,56,55,57,58,57,57,58,59,56,55,56,55,57,57,56,57,57,55,55,55,56,57,56,56,60,56,58,57,59,58,56,54,55,57,55,56,57,60,60,58,57,57,58,56,57,57,57,56,55,56,55,55,57,54,60,54,55,59,58,58,54,59,56,55,55,56,56,56,55,55,56,56,
57,58,58,58,57,56,58,59,59,56,58,60,58,56,56,58,59,56,56,59,59,59,57,58,59,61,59,56,58,57,56,55,55,58,60,55,56,58,56,56,58,60,57,56,58,57,58,57,58,59,59,59,57,56,56,58,58,59,58,58,57,58,58,57,59,56,55,55,57,58,56,56,56,59,56,56,59,56,55,58,58,58,59,57,60,57,57,60,59,58,58,56,56,57,56,55,58,57,58,59,58,57,58,56,55,60,58,57,56,54,59,59,56,58,59,58,56,59,57,57,59,55,56,56,62,56,58,57,59,57,55,57,58,60,62,59,57,56,57,55,58,57,57,57,57,57,57,60,60,58,57,57,56,56,56,56,60,58,57,57,59,55,57,57,58,57,57,55,55,59,57,56,56,57,59,60,56,56,59,56,59,60,56,59,58,57,56,57,58,58,58,59,61,55,57,59,59,57,58,56,57,57,56,56,57,56,57,56,60,57,59,58,59,59,59,56,56,55,56,57,56,59,58,58,56,58,58,57,57,57,57,58,57,58,58,57,54,54,56,59,59,56,58,58,60,59,55,55,56,57,57,59,58,56,56,56,
60,58,56,58,57,57,57,60,58,57,56,59,58,58,57,61,56,59,57,57,56,60,57,59,59,57,56,60,58,60,57,58,57,60,57,56,58,60,57,56,60,59,58,59,57,58,57,59,57,56,58,62,56,60,56,58,57,57,58,59,56,57,59,59,57,56,56,59,58,60,58,57,56,56,56,56,61,57,58,57,56,59,59,59,58,56,57,56,56,57,60,59,60,57,56,56,59,59,58,59,60,58,59,58,59,59,60,58,58,58,57,57,57,56,58,61,57,60,57,56,57,58,56,57,58,58,59,58,57,58,57,58,58,60,60,60,59,57,59,59,58,56,58,58,59,56,58,59,56,59,60,56,57,60,59,58,57,57,57,58,56,57,58,58,58,58,58,58,59,58,59,56,60,57,59,59,60,58,59,57,59,60,59,59,59,58,58,58,59,59,56,60,62,56,55,59,60,61,60,56,59,58,57,56,58,58,56,58,57,58,57,58,58,57,57,57,57,60,59,60,57,57,58,58,57,57,57,60,58,59,58,56,58,60,60,55,58,56,58,60,56,58,58,57,59,58,56,56,57,58,57,56,59,58,59,57,
61,59,58,57,59,61,60,59,58,58,59,60,57,59,58,57,61,57,59,58,59,60,61,60,58,57,56,58,57,58,61,58,60,59,59,59,59,59,57,60,59,59,58,59,59,60,58,62,58,58,59,62,59,60,60,59,59,57,57,58,57,58,57,59,58,58,60,57,59,58,59,57,58,56,58,56,57,60,61,60,59,59,60,60,58,59,58,57,58,60,57,57,58,58,58,60,59,61,61,59,58,59,59,58,60,57,58,58,59,59,58,60,58,57,58,57,58,59,60,60,58,58,59,58,58,59,60,58,58,60,58,58,58,60,57,58,59,60,61,58,59,58,59,59,60,59,59,58,57,57,60,61,62,57,56,58,59,58,57,60,57,59,59,58,58,57,60,59,57,60,58,60,61,58,60,60,60,60,60,57,59,59,60,57,58,59,58,61,59,57,57,58,57,60,57,61,58,60,58,57,57,60,62,57,57,59,58,60,59,57,61,59,58,58,60,58,58,58,61,57,57,57,59,59,58,59,58,60,60,60,59,56,59,60,60,56,58,57,57,57,59,57,60,59,58,58,58,58,58,57,58,57,58,62,58,59,
58,59,59,61,60,61,61,59,58,59,59,61,58,59,58,58,59,59,60,60,60,61,59,61,59,58,58,60,58,59,59,59,61,60,58,59,59,59,58,60,59,59,59,61,60,60,60,60,59,58,59,59,60,60,60,61,58,58,59,58,58,58,59,60,59,59,59,61,58,61,57,60,60,58,59,57,61,60,59,59,59,60,60,58,61,58,61,58,59,61,59,60,59,60,59,61,61,59,59,60,60,59,60,59,60,57,59,58,59,62,62,62,59,58,60,58,60,59,61,61,60,58,59,59,58,59,60,59,59,60,61,59,58,57,58,58,59,60,61,62,59,59,58,59,59,60,59,59,59,58,57,58,59,58,61,58,59,59,59,60,60,61,59,62,60,59,59,60,60,60,59,59,61,60,57,61,59,60,61,59,59,60,60,60,60,59,59,62,62,60,60,59,58,59,60,60,61,58,60,59,58,60,61,61,59,60,60,60,59,62,59,62,58,60,60,58,58,59,61,59,58,58,60,57,62,59,61,58,59,60,62,57,58,60,60,57,57,58,58,58,57,59,59,61,59,61,60,59,57,59,57,57,59,59,58,60,
59,59,59,63,61,60,60,59,60,59,58,62,59,61,61,60,61,59,61,59,58,61,60,62,60,60,61,59,61,59,58,60,61,60,61,58,61,60,59,59,60,61,59,60,62,61,59,60,60,61,61,59,60,61,61,61,59,59,60,59,59,60,61,60,59,61,59,60,62,62,61,58,59,59,59,61,61,61,59,58,60,59,62,60,61,60,60,60,59,60,60,60,59,61,59,61,59,59,61,59,62,60,59,61,59,59,58,60,61,58,59,62,60,61,62,59,59,60,60,61,61,61,59,60,62,60,61,60,60,60,59,60,61,58,58,61,60,61,60,63,60,61,60,59,58,60,60,59,60,59,59,60,60,60,59,62,59,60,59,60,61,61,61,60,59,60,60,59,61,60,62,60,60,61,59,58,62,59,61,61,59,60,60,62,59,59,60,61,59,63,61,62,60,58,61,62,60,60,60,62,59,62,60,61,62,59,59,60,62,61,60,60,60,59,58,61,59,62,61,61,61,62,60,62,62,63,61,62,59,61,60,58,59,58,62,58,60,58,59,58,60,60,63,61,59,62,60,60,62,59,58,61,61,60,60,60,
60,62,60,60,60,63,62,62,61,61,60,60,60,60,61,60,61,62,59,62,63,62,59,60,61,60,61,61,62,60,60,61,61,60,62,61,60,60,60,59,61,61,62,60,60,61,60,61,59,62,62,62,60,63,62,61,59,62,60,60,60,60,62,59,60,61,61,62,61,61,62,60,61,63,60,61,62,61,60,59,59,60,61,63,62,62,60,60,62,62,61,61,61,62,62,61,60,61,60,61,61,61,61,61,62,60,61,61,60,59,60,61,61,60,62,60,60,60,60,61,60,60,60,61,60,63,61,60,60,60,59,60,60,59,60,60,62,59,61,63,60,61,61,62,59,60,60,61,61,59,61,62,62,61,59,62,61,60,60,61,61,59,62,62,61,61,61,60,62,62,62,62,60,60,62,61,62,62,60,60,61,61,61,61,59,60,62,59,61,59,62,63,61,62,62,62,61,62,61,62,61,61,60,61,59,62,60,62,62,60,60,60,60,59,62,59,61,60,62,61,61,62,61,60,60,63,60,61,62,61,61,60,62,59,61,60,60,60,60,60,62,60,63,62,61,62,60,60,62,61,60,59,61,61,61,60,
60,60,60,60,61,63,63,64,62,61,61,61,61,63,62,61,60,63,60,62,61,62,62,60,62,63,60,60,61,63,61,61,61,61,61,61,60,61,62,62,62,63,60,61,61,62,61,61,62,60,61,63,62,61,61,63,62,61,62,61,60,61,61,61,61,61,61,62,61,62,61,60,60,61,62,61,61,60,61,62,61,61,60,61,63,62,62,61,60,62,62,60,61,62,63,60,60,61,61,61,60,62,61,61,63,63,61,61,60,61,61,62,61,61,62,62,61,61,62,62,61,61,61,61,60,63,63,63,62,62,60,60,61,60,62,60,62,61,60,60,61,60,61,64,60,60,60,60,60,61,60,60,62,61,61,62,62,62,62,61,62,63,61,62,61,63,61,61,61,62,62,63,61,60,60,61,63,61,60,61,60,63,61,63,62,62,60,61,61,60,62,60,63,62,61,60,62,61,61,63,61,60,62,60,61,61,62,62,60,60,62,60,61,62,62,62,62,63,62,62,60,62,60,60,63,63,61,62,60,62,62,62,63,60,61,61,60,61,62,62,61,64,61,62,62,60,61,60,61,62,61,61,63,62,61,62,
62,63,61,62,62,63,62,61,62,61,62,62,62,62,63,62,61,62,61,61,61,64,61,62,63,62,63,61,61,62,63,61,62,62,62,61,63,62,63,63,63,64,63,61,62,63,62,62,63,62,63,63,63,63,63,63,63,62,62,62,61,64,62,61,62,61,62,61,62,62,61,61,62,62,61,62,62,63,62,61,63,63,63,63,62,63,62,63,62,61,61,63,61,61,62,61,61,61,62,61,62,62,63,62,63,64,61,62,62,63,62,61,61,61,62,61,61,62,62,63,64,63,62,61,61,63,61,62,63,62,62,61,62,61,63,61,62,61,63,61,62,62,64,62,61,62,64,62,62,62,63,61,62,63,61,63,61,62,61,62,62,62,61,63,61,63,61,63,63,63,61,63,63,62,62,62,61,62,61,63,62,61,61,64,63,61,64,61,62,62,61,62,61,61,61,61,63,64,62,63,62,61,61,63,62,64,61,62,62,62,63,63,62,63,62,62,61,63,62,61,62,61,63,61,63,61,62,63,61,63,61,63,63,62,62,64,62,62,63,62,62,63,62,62,63,62,62,62,61,62,62,62,62,61,61,62,
62,63,63,64,63,62,64,62,62,62,64,63,62,63,63,63,63,63,62,63,62,63,63,63,62,64,63,62,62,63,63,63,62,62,63,62,63,63,62,63,64,62,64,62,63,63,63,62,63,63,63,62,63,62,64,63,63,62,62,62,63,62,62,62,62,64,62,64,63,63,64,62,62,63,62,63,63,63,63,62,62,63,64,62,64,62,63,62,63,62,62,64,62,63,63,62,62,63,62,62,64,63,63,63,62,62,62,62,63,63,63,62,63,63,63,62,62,62,62,64,63,64,63,62,62,63,62,62,63,63,63,63,62,63,62,62,62,62,62,62,64,64,64,62,64,63,63,63,62,63,64,62,63,62,63,64,62,62,62,64,64,63,62,62,62,63,62,63,63,62,62,63,63,62,63,63,64,64,62,62,63,62,62,63,63,62,64,62,63,62,62,62,62,63,62,64,62,63,63,63,62,63,62,63,63,63,64,62,63,62,62,62,62,63,63,63,62,63,62,62,63,63,62,63,64,62,62,62,64,63,62,62,63,63,63,63,62,62,63,62,63,62,63,62,62,63,63,62,62,62,63,63,63,62,62,63,
64,63,63,63,63,63,63,63,64,63,64,64,63,63,63,63,63,63,63,63,63,63,63,64,63,63,64,63,63,63,63,63,64,63,64,64,64,63,63,63,64,63,63,64,63,64,64,64,63,63,63,63,63,63,64,63,64,63,63,63,64,63,63,63,64,64,63,63,63,64,63,63,64,63,63,64,63,63,63,64,63,63,64,63,63,63,63,63,63,63,63,64,63,63,64,63,63,64,63,63,64,64,63,64,64,63,64,63,64,64,63,63,64,63,63,63,63,63,64,63,64,64,64,64,63,63,63,64,63,64,64,63,63,63,63,63,63,63,63,63,63,63,63,63,63,64,64,64,64,64,63,63,64,64,63,63,63,63,63,63,64,63,63,64,63,64,63,64,63,64,64,63,64,63,64,63,64,63,64,63,63,63,63,63,63,63,63,63,63,64,63,63,63,63,63,63,64,63,63,64,63,64,63,63,64,63,64,64,63,64,63,64,63,63,63,64,63,63,64,64,63,63,63,63,63,64,63,63,64,64,63,63,63,64,63,64,63,63,63,63,63,63,63,63,63,63,63,63,63,63,63,63,63,63,63,63,
64,64,64,64,64,64,64,64,64,64,64,64,64,64,64,64,64,64,64,64,64,64,64,64,64,64,64,64,64,64,64,64,64,64,64,64,64,64,64,64,64,64,64,64,64,64,64,64,64,64,64,64,64,64,64,64,64,64,64,64,64,64,64,64,64,64,64,64,64,64,64,64,64,64,64,64,64,64,64,64,64,64,64,64,64,64,64,64,64,64,64,64,64,64,64,64,64,64,64,64,64,64,64,64,64,64,64,64,64,64,64,64,64,64,64,64,64,64,64,64,64,64,64,64,64,64,64,64,64,64,64,64,64,64,64,64,64,64,64,64,64,64,64,64,64,64,64,64,64,64,64,64,64,64,64,64,64,64,64,64,64,64,64,64,64,64,64,64,64,64,64,64,64,64,64,64,64,64,64,64,64,64,64,64,64,64,64,64,64,64,64,64,64,64,64,64,64,64,64,64,64,64,64,64,64,64,64,64,64,64,64,64,64,64,64,64,64,64,64,64,64,64,64,64,64,64,64,64,64,64,64,64,64,64,64,64,64,64,64,64,64,64,64,64,64,64,64,64,64,64,64,64,64,64,64,64,