[64, 256, 128]
0,0,0,0,0,0,0,0,0,0,0,0,0,0,0,0,0,0,0,0,0,0,0,0,0,0,0,0,0,0,0,0,0,0,0,0,0,0,0,0,0,0,0,0,0,0,0,0,0,0,0,0,0,0,0,0,0,0,0,0,0,0,0,0,0,0,0,0,0,0,0,0,0,0,0,0,0,0,0,0,0,0,0,0,0,0,0,0,0,0,0,0,0,0,0,0,0,0,0,0,0,0,0,0,0,0,0,0,0,0,0,0,0,0,0,0,0,0,0,0,0,0,0,0,0,0,0,0,0,0,0,0,0,0,0,0,0,0,0,0,0,0,0,0,0,0,0,0,0,0,0,0,0,0,0,0,0,0,0,0,0,0,0,0,0,0,0,0,0,0,0,0,0,0,0,0,0,0,0,0,0,0,0,0,0,0,0,0,0,0,0,0,0,0,0,0,0,0,0,0,0,0,0,0,0,0,0,0,0,0,0,0,0,0,0,0,0,0,0,0,0,0,0,0,0,0,0,0,0,0,0,0,0,0,0,0,0,0,0,0,0,0,0,0,0,0,0,0,0,0,0,0,0,0,0,0,
0,0,0,0,0,0,0,0,0,0,0,0,0,0,0,0,0,0,0,0,0,0,0,0,0,0,0,0,0,0,0,0,0,0,0,0,0,0,0,0,0,0,0,0,0,0,0,0,0,0,0,0,0,0,0,0,0,0,0,0,0,0,0,0,0,0,0,0,0,0,0,0,0,0,0,0,0,0,0,0,0,0,0,0,0,0,0,0,0,0,0,0,0,0,0,0,0,0,0,0,0,0,0,0,0,0,0,0,0,0,0,0,0,0,0,0,0,0,0,0,0,0,0,0,0,0,0,0,0,0,0,0,0,0,0,0,0,0,0,0,0,0,0,0,0,0,0,0,0,0,0,0,0,0,0,0,0,0,0,0,0,0,0,0,0,0,0,0,0,0,0,0,0,0,0,0,0,0,0,0,0,0,0,0,0,0,0,0,0,0,0,0,0,0,0,0,0,0,0,0,0,0,0,0,0,0,0,0,0,0,0,0,0,0,0,0,0,0,0,0,0,0,0,0,0,0,0,0,0,0,0,0,0,0,0,0,0,0,0,0,0,0,0,0,0,0,0,0,0,0,0,0,0,0,0,0,
0,0,0,0,0,0,0,0,0,0,0,0,0,0,0,0,0,0,0,0,0,0,0,0,0,0,0,0,0,0,0,0,0,0,0,0,0,0,0,0,0,0,0,0,0,0,0,0,0,0,0,0,0,0,0,0,0,0,0,0,0,0,0,0,0,0,0,0,0,0,0,0,0,0,0,0,0,0,0,0,0,0,0,0,0,0,0,0,0,0,0,0,0,0,0,0,0,0,0,0,0,0,0,0,0,0,0,0,0,0,0,0,0,0,0,0,0,0,0,0,0,0,0,0,0,0,0,0,0,0,0,0,0,0,0,0,0,0,0,0,0,0,0,0,0,0,0,0,0,0,0,0,0,0,0,0,0,0,0,0,0,0,0,0,0,0,0,0,0,0,0,0,0,0,0,0,0,0,0,0,0,0,0,0,0,0,0,0,0,0,0,0,0,0,0,0,0,0,0,0,0,0,0,0,0,0,0,0,0,0,0,0,0,0,0,0,0,0,0,0,0,0,0,0,0,0,0,0,0,0,0,0,0,0,0,0,0,0,0,0,0,0,0,0,0,0,0,0,0,0,0,0,0,0,0,0,
0,0,0,0,0,0,0,0,0,0,0,0,0,0,0,0,0,0,0,0,0,0,0,0,0,0,0,0,0,0,0,0,0,0,0,0,0,0,0,0,0,0,0,0,0,0,0,0,0,0,0,0,0,0,0,0,0,0,0,0,0,0,0,0,0,0,0,0,0,0,0,0,0,0,0,0,0,0,0,0,0,0,0,0,0,0,0,0,0,0,0,0,0,0,0,0,0,0,0,0,0,0,0,0,0,0,0,0,0,0,0,0,0,0,0,0,0,0,0,0,0,0,0,0,0,0,0,0,0,0,0,0,0,0,0,0,0,0,0,0,0,0,0,0,0,0,0,0,0,0,0,0,0,0,0,0,0,0,0,0,0,0,0,0,0,0,0,0,0,0,0,0,0,0,0,0,0,0,0,0,0,0,0,0,0,0,0,0,0,0,0,0,0,0,0,0,0,0,0,0,0,0,0,0,0,0,0,0,0,0,0,0,0,0,0,0,0,0,0,0,0,0,0,0,0,0,0,0,0,0,0,0,0,0,0,0,0,0,0,0,0,0,0,0,0,0,0,0,0,0,0,0,0,0,0,0,
0,0,0,0,0,0,0,0,0,0,0,0,0,0,0,0,0,0,0,0,0,0,0,0,0,0,0,0,0,0,0,0,0,0,0,0,0,0,0,0,0,0,0,0,0,0,0,0,0,0,0,0,0,0,0,0,0,0,0,0,0,0,0,0,0,0,0,0,0,0,0,0,0,0,0,0,0,0,0,0,0,0,0,0,0,0,0,0,0,0,0,0,0,0,0,0,0,0,0,0,0,0,0,0,0,0,0,0,0,0,0,0,0,0,0,0,0,0,0,0,0,0,0,0,0,0,0,0,0,0,0,0,0,0,0,0,0,0,0,0,0,0,0,0,0,0,0,0,0,0,0,0,0,0,0,0,0,0,0,0,0,0,0,0,0,0,0,0,0,0,0,0,0,0,0,0,0,0,0,0,0,0,0,0,0,0,0,0,0,0,0,0,0,0,0,0,0,0,0,0,0,0,0,0,0,0,0,0,0,0,0,0,0,0,0,0,0,0,0,0,0,0,0,0,0,0,0,0,0,0,0,0,0,0,0,0,0,0,0,0,0,0,0,0,0,0,0,0,0,0,0,0,0,0,0,0,
0,0,0,0,0,0,0,0,0,0,0,0,0,0,0,0,0,0,0,0,0,0,0,0,0,0,0,0,0,0,0,0,0,0,0,0,0,0,0,0,0,0,0,0,0,0,0,0,0,0,0,0,0,0,0,0,0,0,0,0,0,0,0,0,0,0,0,0,0,0,0,0,0,0,0,0,0,0,0,0,0,0,0,0,0,0,0,0,0,0,0,0,0,0,0,0,0,0,0,0,0,0,0,0,0,0,0,0,0,0,0,0,0,0,0,0,0,0,0,0,0,0,0,0,0,0,0,0,0,0,0,0,0,0,0,0,0,0,0,0,0,0,0,0,0,0,0,0,0,0,0,0,0,0,0,0,0,0,0,0,0,0,0,0,0,0,0,0,0,0,0,0,0,0,0,0,0,0,0,0,0,0,0,0,0,0,0,0,0,0,0,0,0,0,0,0,0,0,0,0,0,0,0,0,0,0,0,0,0,0,0,0,0,0,0,0,0,0,0,0,0,0,0,0,0,0,0,0,0,0,0,0,0,0,0,0,0,0,0,0,0,0,0,0,0,0,0,0,0,0,0,0,0,0,0,0,
0,0,0,0,0,0,0,0,0,0,0,0,0,0,0,0,0,0,0,0,0,0,0,0,0,0,0,0,0,0,0,0,0,0,0,0,0,0,0,0,0,0,0,0,0,0,0,0,0,0,0,0,0,0,0,0,0,0,0,0,0,0,0,0,0,0,0,0,0,0,0,0,0,0,0,0,0,0,0,0,0,0,0,0,0,0,0,0,0,0,0,0,0,0,0,0,0,0,0,0,0,0,0,0,0,0,0,0,0,0,0,0,0,0,0,0,0,0,0,0,0,0,0,0,0,0,0,0,0,0,0,0,0,0,0,0,0,0,0,0,0,0,0,0,0,0,0,0,0,0,0,0,0,0,0,0,0,0,0,0,0,0,0,0,0,0,0,0,0,0,0,0,0,0,0,0,0,0,0,0,0,0,0,0,0,0,0,0,0,0,0,0,0,0,0,0,0,0,0,0,0,0,0,0,0,0,0,0,0,0,0,0,0,0,0,0,0,0,0,0,0,0,0,0,0,0,0,0,0,0,0,0,0,0,0,0,0,0,0,0,0,0,0,0,0,0,0,0,0,0,0,0,0,0,0,0,
0,0,0,0,0,0,0,0,0,0,0,0,0,0,0,0,0,0,0,0,0,0,0,0,0,0,0,0,0,0,0,0,0,0,0,0,0,0,0,0,0,0,0,0,0,0,0,0,0,0,0,0,0,0,0,0,0,0,0,0,0,0,0,0,0,0,0,0,0,0,0,0,0,0,0,0,0,0,0,0,0,0,0,0,0,0,0,0,0,0,0,0,0,0,0,0,0,0,0,0,0,0,0,0,0,0,0,0,0,0,0,0,0,0,0,0,0,0,0,0,0,0,0,0,0,0,0,0,0,0,0,0,0,0,0,0,0,0,0,0,0,0,0,0,0,0,0,0,0,0,0,0,0,0,0,0,0,0,0,0,0,0,0,0,0,0,0,0,0,0,0,0,0,0,0,0,0,0,0,0,0,0,0,0,0,0,0,0,0,0,0,0,0,0,0,0,0,0,0,0,0,0,0,0,0,0,0,0,0,0,0,0,0,0,0,0,0,0,0,0,0,0,0,0,0,0,0,0,0,0,0,0,0,0,0,0,0,0,0,0,0,0,0,0,0,0,0,0,0,0,0,0,0,0,0,0,
0,0,0,0,0,0,0,0,0,0,0,0,0,0,0,0,0,0,0,0,0,0,0,0,0,0,0,0,0,0,0,0,0,0,0,0,0,0,0,0,0,0,0,0,0,0,0,0,0,0,0,0,0,0,0,0,0,0,0,0,0,0,0,0,0,0,0,0,0,0,0,0,0,0,0,0,0,0,0,0,0,0,0,0,0,0,0,0,0,0,0,0,0,0,0,0,0,0,0,0,0,0,0,0,0,0,0,0,0,0,0,0,0,0,0,0,0,0,0,0,0,0,0,0,0,0,0,0,0,0,0,0,0,0,0,0,0,0,0,0,0,0,0,0,0,0,0,0,0,0,0,0,0,0,0,0,0,0,0,0,0,0,0,0,0,0,0,0,0,0,0,0,0,0,0,0,0,0,0,0,0,0,0,0,0,0,0,0,0,0,0,0,0,0,0,0,0,0,0,0,0,0,0,0,0,0,0,0,0,0,0,0,0,0,0,0,0,0,0,0,0,0,0,0,0,0,0,0,0,0,0,0,0,0,0,0,0,0,0,0,0,0,0,0,0,0,0,0,0,0,0,0,0,0,0,0,
0,0,0,0,0,0,0,0,0,0,0,0,0,0,0,0,0,0,0,0,0,0,0,0,0,0,0,0,0,0,0,0,0,0,0,0,0,0,0,0,0,0,0,0,0,0,0,0,0,0,0,0,0,0,0,0,0,0,0,0,0,0,0,0,0,0,0,0,0,0,0,0,0,0,0,0,0,0,0,0,0,0,0,0,0,0,0,0,0,0,0,0,0,0,0,0,0,0,0,0,0,0,0,0,0,0,0,0,0,0,0,0,0,0,0,0,0,0,0,0,0,0,0,0,0,0,0,0,0,0,0,0,0,0,0,0,0,0,0,0,0,0,0,0,0,0,0,0,0,0,0,0,0,0,0,0,0,0,0,0,0,0,0,0,0,0,0,0,0,0,0,0,0,0,0,0,0,0,0,0,0,0,0,0,0,0,0,0,0,0,0,0,0,0,0,0,0,0,0,0,0,0,0,0,0,0,0,0,0,0,0,0,0,0,0,0,0,0,0,0,0,0,0,0,0,0,0,0,0,0,0,0,0,0,0,0,0,0,0,0,0,0,0,0,0,0,0,0,0,0,0,0,0,0,0,0,
0,0,0,0,0,0,0,0,0,0,0,0,0,0,0,0,0,0,0,0,0,0,0,0,0,0,0,0,0,0,0,0,0,0,0,0,0,0,0,0,0,0,0,0,0,0,0,0,0,0,0,0,0,0,0,0,0,0,0,0,0,0,0,0,0,0,0,0,0,0,0,0,0,0,0,0,0,0,0,0,0,0,0,0,0,0,0,0,0,0,0,0,0,0,0,0,0,0,0,0,0,0,0,0,0,0,0,0,0,0,0,0,0,0,0,0,0,0,0,0,0,0,0,0,0,0,0,0,0,0,0,0,0,0,0,0,0,0,0,0,0,0,0,0,0,0,0,0,0,0,0,0,0,0,0,0,0,0,0,0,0,0,0,0,0,0,0,0,0,0,0,0,0,0,0,0,0,0,0,0,0,0,0,0,0,0,0,0,0,0,0,0,0,0,0,0,0,0,0,0,0,0,0,0,0,0,0,0,0,0,0,0,0,0,0,0,0,0,0,0,0,0,0,0,0,0,0,0,0,0,0,0,0,0,0,0,0,0,0,0,0,0,0,0,0,0,0,0,0,0,0,0,0,0,0,0,
0,0,0,0,0,0,0,0,0,0,0,0,0,0,0,0,0,0,0,0,0,0,0,0,0,0,0,0,0,0,0,0,0,0,0,0,0,0,0,0,0,0,0,0,0,0,0,0,0,0,0,0,0,0,0,0,0,0,0,0,0,0,0,0,0,0,0,0,0,0,0,0,0,0,0,0,0,0,0,0,0,0,0,0,0,0,0,0,0,0,0,0,0,0,0,0,0,0,0,0,0,0,0,0,0,0,0,0,0,0,0,0,0,0,0,0,0,0,0,0,0,0,0,0,0,0,0,0,0,0,0,0,0,0,0,0,0,0,0,0,0,0,0,0,0,0,0,0,0,0,0,0,0,0,0,0,0,0,0,0,0,0,0,0,0,0,0,0,0,0,0,0,0,0,0,0,0,0,0,0,0,0,0,0,0,0,0,0,0,0,0,0,0,0,0,0,0,0,0,0,0,0,0,0,0,0,0,0,0,0,0,0,0,0,0,0,0,0,0,0,0,0,0,0,0,0,0,0,0,0,0,0,0,0,0,0,0,0,0,0,0,0,0,0,0,0,0,0,0,0,0,0,0,0,0,0,
0,0,0,0,0,0,0,0,0,0,0,0,0,0,0,0,0,0,0,0,0,0,0,0,0,0,0,0,0,0,0,0,0,0,0,0,0,0,0,0,0,0,0,0,0,0,0,0,0,0,0,0,0,0,0,0,0,0,0,0,0,0,0,0,0,0,0,0,0,0,0,0,0,0,0,0,0,0,0,0,0,0,0,0,0,0,0,0,0,0,0,0,0,0,0,0,0,0,0,0,0,0,0,0,0,0,0,0,0,0,0,0,0,0,0,0,0,0,0,0,0,0,0,0,0,0,0,0,0,0,0,0,0,0,0,0,0,0,0,0,0,0,0,0,0,0,0,0,0,0,0,0,0,0,0,0,0,0,0,0,0,0,0,0,0,0,0,0,0,0,0,0,0,0,0,0,0,0,0,0,0,0,0,0,0,0,0,0,0,0,0,0,0,0,0,0,0,0,0,0,0,0,0,0,0,0,0,0,0,0,0,0,0,0,0,0,0,0,0,0,0,0,0,0,0,0,0,0,0,0,0,0,0,0,0,0,0,0,0,0,0,0,0,0,0,0,0,0,0,0,0,0,0,0,0,0,
0,0,0,0,0,0,0,0,0,0,0,0,0,0,0,0,0,0,0,0,0,0,0,0,0,0,0,0,0,0,0,0,0,0,0,0,0,0,0,0,0,0,0,0,0,0,0,0,0,0,0,0,0,0,0,0,0,0,0,0,0,0,0,0,0,0,0,0,0,0,0,0,0,0,0,0,0,0,0,0,0,0,0,0,0,0,0,0,0,0,0,0,0,0,0,0,0,0,0,0,0,0,0,0,0,0,0,0,0,0,0,0,0,0,0,0,0,0,0,0,0,0,0,0,0,0,0,0,0,0,0,0,0,0,0,0,0,0,0,0,0,0,0,0,0,0,0,0,0,0,0,0,0,0,0,0,0,0,0,0,0,0,0,0,0,0,0,0,0,0,0,0,0,0,0,0,0,0,0,0,0,0,0,0,0,0,0,0,0,0,0,0,0,0,0,0,0,0,0,0,0,0,0,0,0,0,0,0,0,0,0,0,0,0,0,0,0,0,0,0,0,0,0,0,0,0,0,0,0,0,0,0,0,0,0,0,0,0,0,0,0,0,0,0,0,0,0,0,0,0,0,0,0,0,0,0,
0,0,0,0,0,0,0,0,0,0,0,0,0,0,0,0,0,0,0,0,0,0,0,0,0,0,0,0,0,0,0,0,0,0,0,0,0,0,0,0,0,0,0,0,0,0,0,0,0,0,0,0,0,0,0,0,0,0,0,0,0,0,0,0,0,0,0,0,0,0,0,0,0,0,0,0,0,0,0,0,0,0,0,0,0,0,0,0,0,0,0,0,0,0,0,0,0,0,0,0,0,0,0,0,0,0,0,0,0,0,0,0,0,0,0,0,0,0,0,0,0,0,0,0,0,0,0,0,0,0,0,0,0,0,0,0,0,0,0,0,0,0,0,0,0,0,0,0,0,0,0,0,0,0,0,0,0,0,0,0,0,0,0,0,0,0,0,0,0,0,0,0,0,0,0,0,0,0,0,0,0,0,0,0,0,0,0,0,0,0,0,0,0,0,0,0,0,0,0,0,0,0,0,0,0,0,0,0,0,0,0,0,0,0,0,0,0,0,0,0,0,0,0,0,0,0,0,0,0,0,0,0,0,0,0,0,0,0,0,0,0,0,0,0,0,0,0,0,0,0,0,0,0,0,0,0,
0,0,0,0,0,0,0,0,0,0,0,0,0,0,0,0,0,0,0,0,0,0,0,0,0,0,0,0,0,0,0,0,0,0,0,0,0,0,0,0,0,0,0,0,0,0,0,0,0,0,0,0,0,0,0,0,0,0,0,0,0,0,0,0,0,0,0,0,0,0,0,0,0,0,0,0,0,0,0,0,0,0,0,0,0,0,0,0,0,0,0,0,0,0,0,0,0,0,0,0,0,0,0,0,0,0,0,0,0,0,0,0,0,0,0,0,0,0,0,0,0,0,0,0,0,0,0,0,0,0,0,0,0,0,0,0,0,0,0,0,0,0,0,0,0,0,0,0,0,0,0,0,0,0,0,0,0,0,0,0,0,0,0,0,0,0,0,0,0,0,0,0,0,0,0,0,0,0,0,0,0,0,0,0,0,0,0,0,0,0,0,0,0,0,0,0,0,0,0,0,0,0,0,0,0,0,0,0,0,0,0,0,0,0,0,0,0,0,0,0,0,0,0,0,0,0,0,0,0,0,0,0,0,0,0,0,0,0,0,0,0,0,0,0,0,0,0,0,0,0,0,0,0,0,0,0,
0,0,0,0,0,0,0,0,0,0,0,0,0,0,0,0,0,0,0,0,0,0,0,0,0,0,0,0,0,0,0,0,0,0,0,0,0,0,0,0,0,0,0,0,0,0,0,0,0,0,0,0,0,0,0,0,0,0,0,0,0,0,0,0,0,0,0,0,0,0,0,0,0,0,0,0,0,0,0,0,0,0,0,0,0,0,0,0,0,0,0,0,0,0,0,0,0,0,0,0,0,0,0,0,0,0,0,0,0,0,0,0,0,0,0,0,0,0,0,0,0,0,0,0,0,0,0,0,0,0,0,0,0,0,0,0,0,0,0,0,0,0,0,0,0,0,0,0,0,0,0,0,0,0,0,0,0,0,0,0,0,0,0,0,0,0,0,0,0,0,0,0,0,0,0,0,0,0,0,0,0,0,0,0,0,0,0,0,0,0,0,0,0,0,0,0,0,0,0,0,0,0,0,0,0,0,0,0,0,0,0,0,0,0,0,0,0,0,0,0,0,0,0,0,0,0,0,0,0,0,0,0,0,0,0,0,0,0,0,0,0,0,0,0,0,0,0,0,0,0,0,0,0,0,0,0,
0,0,0,0,0,0,0,0,0,0,0,0,0,0,0,0,0,0,0,0,0,0,0,0,0,0,0,0,0,0,0,0,0,0,0,0,0,0,0,0,0,0,0,0,0,0,0,0,0,0,0,0,0,0,0,0,0,0,0,0,0,0,0,0,0,0,0,0,0,0,0,0,0,0,0,0,0,0,0,0,0,0,0,0,0,0,0,0,0,0,0,0,0,0,0,0,0,0,0,0,0,0,0,0,0,0,0,0,0,0,0,0,0,0,0,0,0,0,0,0,0,0,0,0,0,0,0,0,0,0,0,0,0,0,0,0,0,0,0,0,0,0,0,0,0,0,0,0,0,0,0,0,0,0,0,0,0,0,0,0,0,0,0,0,0,0,0,0,0,0,0,0,0,0,0,0,0,0,0,0,0,0,0,0,0,0,0,0,0,0,0,0,0,0,0,0,0,0,0,0,0,0,0,0,0,0,0,0,0,0,0,0,0,0,0,0,0,0,0,0,0,0,0,0,0,0,0,0,0,0,0,0,0,0,0,0,0,0,0,0,0,0,0,0,0,0,0,0,0,0,0,0,0,0,0,0,
0,0,0,0,0,0,0,0,0,0,0,0,0,0,0,0,0,0,0,0,0,0,0,0,0,0,0,0,0,0,0,0,0,0,0,0,0,0,0,0,0,0,0,0,0,0,0,0,0,0,0,0,0,0,0,0,0,0,0,0,0,0,0,0,0,0,0,0,0,0,0,0,0,0,0,0,0,0,0,0,0,0,0,0,0,0,0,0,0,0,0,0,0,0,0,0,0,0,0,0,0,0,0,0,0,0,0,0,0,0,0,0,0,0,0,0,0,0,0,0,0,0,0,0,0,0,0,0,0,0,0,0,0,0,0,0,0,0,0,0,0,0,0,0,0,0,0,0,0,0,0,0,0,0,0,0,0,0,0,0,0,0,0,0,0,0,0,0,0,0,0,0,0,0,0,0,0,0,0,0,0,0,0,0,0,0,0,0,0,0,0,0,0,0,0,0,0,0,0,0,0,0,0,0,0,0,0,0,0,0,0,0,0,0,0,0,0,0,0,0,0,0,0,0,0,0,0,0,0,0,0,0,0,0,0,0,0,0,0,0,0,0,0,0,0,0,0,0,0,0,0,0,0,0,0,0,
0,0,0,0,0,0,0,0,0,0,0,0,0,0,0,0,0,0,0,0,0,0,0,0,0,0,0,0,0,0,0,0,0,0,0,0,0,0,0,0,0,0,0,0,0,0,0,0,0,0,0,0,0,0,0,0,0,0,0,0,0,0,0,0,0,0,0,0,0,0,0,0,0,0,0,0,0,0,0,0,0,0,0,0,0,0,0,0,0,0,0,0,0,0,0,0,0,0,0,0,0,0,0,0,0,0,0,0,0,0,0,0,0,0,0,0,0,0,0,0,0,0,0,0,0,0,0,0,0,0,0,0,0,0,0,0,0,0,0,0,0,0,0,0,0,0,0,0,0,0,0,0,0,0,0,0,0,0,0,0,0,0,0,0,0,0,0,0,0,0,0,0,0,0,0,0,0,0,0,0,0,0,0,0,0,0,0,0,0,0,0,0,0,0,0,0,0,0,0,0,0,0,0,0,0,0,0,0,0,0,0,0,0,0,0,0,0,0,0,0,0,0,0,0,0,0,0,0,0,0,0,0,0,0,0,0,0,0,0,0,0,0,0,0,0,0,0,0,0,0,0,0,0,0,0,0,
0,0,0,0,0,0,0,0,0,0,0,0,0,0,0,0,0,0,0,0,0,0,0,0,0,0,0,0,0,0,0,0,0,0,0,0,0,0,0,0,0,0,0,0,0,0,0,0,0,0,0,0,0,0,0,0,0,0,0,0,0,0,0,0,0,0,0,0,0,0,0,0,0,0,0,0,0,0,0,0,0,0,0,0,0,0,0,0,0,0,0,0,0,0,0,0,0,0,0,0,0,0,0,0,0,0,0,0,0,0,0,0,0,0,0,0,0,0,0,0,0,0,0,0,0,0,0,0,0,0,0,0,0,0,0,0,0,0,0,0,0,0,0,0,0,0,0,0,0,0,0,0,0,0,0,0,0,0,0,0,0,0,0,0,0,0,0,0,0,0,0,0,0,0,0,0,0,0,0,0,0,0,0,0,0,0,0,0,0,0,0,0,0,0,0,0,0,0,0,0,0,0,0,0,0,0,0,0,0,0,0,0,0,0,0,0,0,0,0,0,0,0,0,0,0,0,0,0,0,0,0,0,0,0,0,0,0,0,0,0,0,0,0,0,0,0,0,0,0,0,0,0,0,0,0,0,
0,0,0,0,0,0,0,0,0,0,0,0,0,0,0,0,0,0,0,0,0,0,0,0,0,0,0,0,0,0,0,0,0,0,0,0,0,0,0,0,0,0,0,0,0,0,0,0,0,0,0,0,0,0,0,0,0,0,0,0,0,0,0,0,0,0,0,0,0,0,0,0,0,0,0,0,0,0,0,0,0,0,0,0,0,0,0,0,0,0,0,0,0,0,0,0,0,0,0,0,0,0,0,0,0,0,0,0,0,0,0,0,0,0,0,0,0,0,0,0,0,0,0,0,0,0,0,0,0,0,0,0,0,0,0,0,0,0,0,0,0,0,0,0,0,0,0,0,0,0,0,0,0,0,0,0,0,0,0,0,0,0,0,0,0,0,0,0,0,0,0,0,0,0,0,0,0,0,0,0,0,0,0,0,0,0,0,0,0,0,0,0,0,0,0,0,0,0,0,0,0,0,0,0,0,0,0,0,0,0,0,0,0,0,0,0,0,0,0,0,0,0,0,0,0,0,0,0,0,0,0,0,0,0,0,0,0,0,0,0,0,0,0,0,0,0,0,0,0,0,0,0,0,0,0,0,
0,0,0,0,0,0,0,0,0,0,0,0,0,0,0,0,0,0,0,0,0,0,0,0,0,0,0,0,0,0,0,0,0,0,0,0,0,0,0,0,0,0,0,0,0,0,0,0,0,0,0,0,0,0,0,0,0,0,0,0,0,0,0,0,0,0,0,0,0,0,0,0,0,0,0,0,0,0,0,0,0,0,0,0,0,0,0,0,0,0,0,0,0,0,0,0,0,0,0,0,0,0,0,0,0,0,0,0,0,0,0,0,0,0,0,0,0,0,0,0,0,0,0,0,0,0,0,0,0,0,0,0,0,0,0,0,0,0,0,0,0,0,0,0,0,0,0,0,0,0,0,0,0,0,0,0,0,0,0,0,0,0,0,0,0,0,0,0,0,0,0,0,0,0,0,0,0,0,0,0,0,0,0,0,0,0,0,0,0,0,0,0,0,0,0,0,0,0,0,0,0,0,0,0,0,0,0,0,0,0,0,0,0,0,0,0,0,0,0,0,0,0,0,0,0,0,0,0,0,0,0,0,0,0,0,0,0,0,0,0,0,0,0,0,0,0,0,0,0,0,0,0,0,0,0,0,
0,0,0,0,0,0,0,0,0,0,0,0,0,0,0,0,0,0,0,0,0,0,0,0,0,0,0,0,0,0,0,0,0,0,0,0,0,0,0,0,0,0,0,0,0,0,0,0,0,0,0,0,0,0,0,0,0,0,0,0,0,0,0,0,0,0,0,0,0,0,0,0,0,0,0,0,0,0,0,0,0,0,0,0,0,0,0,0,0,0,0,0,0,0,0,0,0,0,0,0,0,0,0,0,0,0,0,0,0,0,0,0,0,0,0,0,0,0,0,0,0,0,0,0,0,0,0,0,0,0,0,0,0,0,0,0,0,0,0,0,0,0,0,0,0,0,0,0,0,0,0,0,0,0,0,0,0,0,0,0,0,0,0,0,0,0,0,0,0,0,0,0,0,0,0,0,0,0,0,0,0,0,0,0,0,0,0,0,0,0,0,0,0,0,0,0,0,0,0,0,0,0,0,0,0,0,0,0,0,0,0,0,0,0,0,0,0,0,0,0,0,0,0,0,0,0,0,0,0,0,0,0,0,0,0,0,0,0,0,0,0,0,0,0,0,0,0,0,0,0,0,0,0,0,0,0,
0,0,0,0,0,0,0,0,0,0,0,0,0,0,0,0,0,0,0,0,0,0,0,0,0,0,0,0,0,0,0,0,0,0,0,0,0,0,0,0,0,0,0,0,0,0,0,0,0,0,0,0,0,0,0,0,0,0,0,0,0,0,0,0,0,0,0,0,0,0,0,0,0,0,0,0,0,0,0,0,0,0,0,0,0,0,0,0,0,0,0,0,0,0,0,0,0,0,0,0,0,0,0,0,0,0,0,0,0,0,0,0,0,0,0,0,0,0,0,0,0,0,0,0,0,0,0,0,0,0,0,0,0,0,0,0,0,0,0,0,0,0,0,0,0,0,0,0,0,0,0,0,0,0,0,0,0,0,0,0,0,0,0,0,0,0,0,0,0,0,0,0,0,0,0,0,0,0,0,0,0,0,0,0,0,0,0,0,0,0,0,0,0,0,0,0,0,0,0,0,0,0,0,0,0,0,0,0,0,0,0,0,0,0,0,0,0,0,0,0,0,0,0,0,0,0,0,0,0,0,0,0,0,0,0,0,0,0,0,0,0,0,0,0,0,0,0,0,0,0,0,0,0,0,0,0,
0,0,0,0,0,0,0,0,0,0,0,0,0,0,0,0,0,0,0,0,0,0,0,0,0,0,0,0,0,0,0,0,0,0,0,0,0,0,0,0,0,0,0,0,0,0,0,0,0,0,0,0,0,0,0,0,0,0,0,0,0,0,0,0,0,0,0,0,0,0,0,0,0,0,0,0,0,0,0,0,0,0,0,0,0,0,0,0,0,0,0,0,0,0,0,0,0,0,0,0,0,0,0,0,0,0,0,0,0,0,0,0,0,0,0,0,0,0,0,0,0,0,0,0,0,0,0,0,0,0,0,0,0,0,0,0,0,0,0,0,0,0,0,0,0,0,0,0,0,0,0,0,0,0,0,0,0,0,0,0,0,0,0,0,0,0,0,0,0,0,0,0,0,0,0,0,0,0,0,0,0,0,0,0,0,0,0,0,0,0,0,0,0,0,0,0,0,0,0,0,0,0,0,0,0,0,0,0,0,0,0,0,0,0,0,0,0,0,0,0,0,0,0,0,0,0,0,0,0,0,0,0,0,0,0,0,0,0,0,0,0,0,0,0,0,0,0,0,0,0,0,0,0,0,0,0,
0,0,0,0,0,0,0,0,0,0,0,0,0,0,0,0,0,0,0,0,0,0,0,0,0,0,0,0,0,0,0,0,0,0,0,0,0,0,0,0,0,0,0,0,0,0,0,0,0,0,0,0,0,0,0,0,0,0,0,0,0,0,0,0,0,0,0,0,0,0,0,0,0,0,0,0,0,0,0,0,0,0,0,0,0,0,0,0,0,0,0,0,0,0,0,0,0,0,0,0,0,0,0,0,0,0,0,0,0,0,0,0,0,0,0,0,0,0,0,0,0,0,0,0,0,0,0,0,0,0,0,0,0,0,0,0,0,0,0,0,0,0,0,0,0,0,0,0,0,0,0,0,0,0,0,0,0,0,0,0,0,0,0,0,0,0,0,0,0,0,0,0,0,0,0,0,0,0,0,0,0,0,0,0,0,0,0,0,0,0,0,0,0,0,0,0,0,0,0,0,0,0,0,0,0,0,0,0,0,0,0,0,0,0,0,0,0,0,0,0,0,0,0,0,0,0,0,0,0,0,0,0,0,0,0,0,0,0,0,0,0,0,0,0,0,0,0,0,0,0,0,0,0,0,0,0,
0,0,0,0,0,0,0,0,0,0,0,0,0,0,0,0,0,0,0,0,0,0,0,0,0,0,0,0,0,0,0,0,0,0,0,0,0,0,0,0,0,0,0,0,0,0,0,0,0,0,0,0,0,0,0,0,0,0,0,0,0,0,0,0,0,0,0,0,0,0,0,0,0,0,0,0,0,0,0,0,0,0,0,0,0,0,0,0,0,0,0,0,0,0,0,0,0,0,0,0,0,0,0,0,0,0,0,0,0,0,0,0,0,0,0,0,0,0,0,0,0,0,0,0,0,0,0,0,0,0,0,0,0,0,0,0,0,0,0,0,0,0,0,0,0,0,0,0,0,0,0,0,0,0,0,0,0,0,0,0,0,0,0,0,0,0,0,0,0,0,0,0,0,0,0,0,0,0,0,0,0,0,0,0,0,0,0,0,0,0,0,0,0,0,0,0,0,0,0,0,0,0,0,0,0,0,0,0,0,0,0,0,0,0,0,0,0,0,0,0,0,0,0,0,0,0,0,0,0,0,0,0,0,0,0,0,0,0,0,0,0,0,0,0,0,0,0,0,0,0,0,0,0,0,0,0,
0,0,0,0,0,0,0,0,0,0,0,0,0,0,0,0,0,0,0,0,0,0,0,0,0,0,0,0,0,0,0,0,0,0,0,0,0,0,0,0,0,0,0,0,0,0,0,0,0,0,0,0,0,0,0,0,0,0,0,0,0,0,0,0,0,0,0,0,0,0,0,0,0,0,0,0,0,0,0,0,0,0,0,0,0,0,0,0,0,0,0,0,0,0,0,0,0,0,0,0,0,0,0,0,0,0,0,0,0,0,0,0,0,0,0,0,0,0,0,0,0,0,0,0,0,0,0,0,0,0,0,0,0,0,0,0,0,0,0,0,0,0,0,0,0,0,0,0,0,0,0,0,0,0,0,0,0,0,0,0,0,0,0,0,0,0,0,0,0,0,0,0,0,0,0,0,0,0,0,0,0,0,0,0,0,0,0,0,0,0,0,0,0,0,0,0,0,0,0,0,0,0,0,0,0,0,0,0,0,0,0,0,0,0,0,0,0,0,0,0,0,0,0,0,0,0,0,0,0,0,0,0,0,0,0,0,0,0,0,0,0,0,0,0,0,0,0,0,0,0,0,0,0,0,0,0,
0,0,0,0,0,0,0,0,0,0,0,0,0,0,0,0,0,0,0,0,0,0,0,0,0,0,0,0,0,0,0,0,0,0,0,0,0,0,0,0,0,0,0,0,0,0,0,0,0,0,0,0,0,0,0,0,0,0,0,0,0,0,0,0,0,0,0,0,0,0,0,0,0,0,0,0,0,0,0,0,0,0,0,0,0,0,0,0,0,0,0,0,0,0,0,0,0,0,0,0,0,0,0,0,0,0,0,0,0,0,0,0,0,0,0,0,0,0,0,0,0,0,0,0,0,0,0,0,0,0,0,0,0,0,0,0,0,0,0,0,0,0,0,0,0,0,0,0,0,0,0,0,0,0,0,0,0,0,0,0,0,0,0,0,0,0,0,0,0,0,0,0,0,0,0,0,0,0,0,0,0,0,0,0,0,0,0,0,0,0,0,0,0,0,0,0,0,0,0,0,0,0,0,0,0,0,0,0,0,0,0,0,0,0,0,0,0,0,0,0,0,0,0,0,0,0,0,0,0,0,0,0,0,0,0,0,0,0,0,0,0,0,0,0,0,0,0,0,0,0,0,0,0,0,0,0,
0,0,0,0,0,0,0,0,0,0,0,0,0,0,0,0,0,0,0,0,0,0,0,0,0,0,0,0,0,0,0,0,0,0,0,0,0,0,0,0,0,0,0,0,0,0,0,0,0,0,0,0,0,0,0,0,0,0,0,0,0,0,0,0,0,0,0,0,0,0,0,0,0,0,0,0,0,0,0,0,0,0,0,0,0,0,0,0,0,0,0,0,0,0,0,0,0,0,0,0,0,0,0,0,0,0,0,0,0,0,0,0,0,0,0,0,0,0,0,0,0,0,0,0,0,0,0,0,0,0,0,0,0,0,0,0,0,0,0,0,0,0,0,0,0,0,0,0,0,0,0,0,0,0,0,0,0,0,0,0,0,0,0,0,0,0,0,0,0,0,0,0,0,0,0,0,0,0,0,0,0,0,0,0,0,0,0,0,0,0,0,0,0,0,0,0,0,0,0,0,0,0,0,0,0,0,0,0,0,0,0,0,0,0,0,0,0,0,0,0,0,0,0,0,0,0,0,0,0,0,0,0,0,0,0,0,0,0,0,0,0,0,0,0,0,0,0,0,0,0,0,0,0,0,0,0,
0,0,0,0,0,0,0,0,0,0,0,0,0,0,0,0,0,0,0,0,0,0,0,0,0,0,0,0,0,0,0,0,0,0,0,0,0,0,0,0,0,0,0,0,0,0,0,0,0,0,0,0,0,0,0,0,0,0,0,0,0,0,0,0,0,0,0,0,0,0,0,0,0,0,0,0,0,0,0,0,0,0,0,0,0,0,0,0,0,0,0,0,0,0,0,0,0,0,0,0,0,0,0,0,0,0,0,0,0,0,0,0,0,0,0,0,0,0,0,0,0,0,0,0,0,0,0,0,0,0,0,0,0,0,0,0,0,0,0,0,0,0,0,0,0,0,0,0,0,0,0,0,0,0,0,0,0,0,0,0,0,0,0,0,0,0,0,0,0,0,0,0,0,0,0,0,0,0,0,0,0,0,0,0,0,0,0,0,0,0,0,0,0,0,0,0,0,0,0,0,0,0,0,0,0,0,0,0,0,0,0,0,0,0,0,0,0,0,0,0,0,0,0,0,0,0,0,0,0,0,0,0,0,0,0,0,0,0,0,0,0,0,0,0,0,0,0,0,0,0,0,0,0,0,0,0,
0,0,0,0,0,0,0,0,0,0,0,0,0,0,0,0,0,0,0,0,0,0,0,0,0,0,0,0,0,0,0,0,0,0,0,0,0,0,0,0,0,0,0,0,0,0,0,0,0,0,0,0,0,0,0,0,0,0,0,0,0,0,0,0,0,0,0,0,0,0,0,0,0,0,0,0,0,0,0,0,0,0,0,0,0,0,0,0,0,0,0,0,0,0,0,0,0,0,0,0,0,0,0,0,0,0,0,0,0,0,0,0,0,0,0,0,0,0,0,0,0,0,0,0,0,0,0,0,0,0,0,0,0,0,0,0,0,0,0,0,0,0,0,0,0,0,0,0,0,0,0,0,0,0,0,0,0,0,0,0,0,0,0,0,0,0,0,0,0,0,0,0,0,0,0,0,0,0,0,0,0,0,0,0,0,0,0,0,0,0,0,0,0,0,0,0,0,0,0,0,0,0,0,0,0,0,0,0,0,0,0,0,0,0,0,0,0,0,0,0,0,0,0,0,0,0,0,0,0,0,0,0,0,0,0,0,0,0,0,0,0,0,0,0,0,0,0,0,0,0,0,0,0,0,0,0,
0,0,0,0,0,0,0,0,0,0,0,0,0,0,0,0,0,0,0,0,0,0,0,0,0,0,0,0,0,0,0,0,0,0,0,0,0,0,0,0,0,0,0,0,0,0,0,0,0,0,0,0,0,0,0,0,0,0,0,0,0,0,0,0,0,0,0,0,0,0,0,0,0,0,0,0,0,0,0,0,0,0,0,0,0,0,0,0,0,0,0,0,0,0,0,0,0,0,0,0,0,0,0,0,0,0,0,0,0,0,0,0,0,0,0,0,0,0,0,0,0,0,0,0,0,0,0,0,0,0,0,0,0,0,0,0,0,0,0,0,0,0,0,0,0,0,0,0,0,0,0,0,0,0,0,0,0,0,0,0,0,0,0,0,0,0,0,0,0,0,0,0,0,0,0,0,0,0,0,0,0,0,0,0,0,0,0,0,0,0,0,0,0,0,0,0,0,0,0,0,0,0,0,0,0,0,0,0,0,0,0,0,0,0,0,0,0,0,0,0,0,0,0,0,0,0,0,0,0,0,0,0,0,0,0,0,0,0,0,0,0,0,0,0,0,0,0,0,0,0,0,0,0,0,0,0,
0,0,0,0,0,0,0,0,0,0,0,0,0,0,0,0,0,0,0,0,0,0,0,0,0,0,0,0,0,0,0,0,0,0,0,0,0,0,0,0,0,0,0,0,0,0,0,0,0,0,0,0,0,0,0,0,0,0,0,0,0,0,0,0,0,0,0,0,0,0,0,0,0,0,0,0,0,0,0,0,0,0,0,0,0,0,0,0,0,0,0,0,0,0,0,0,0,0,0,0,0,0,0,0,0,0,0,0,0,0,0,0,0,0,0,0,0,0,0,0,0,0,0,0,0,0,0,0,0,0,0,0,0,0,0,0,0,0,0,0,0,0,0,0,0,0,0,0,0,0,0,0,0,0,0,0,0,0,0,0,0,0,0,0,0,0,0,0,0,0,0,0,0,0,0,0,0,0,0,0,0,0,0,0,0,0,0,0,0,0,0,0,0,0,0,0,0,0,0,0,0,0,0,0,0,0,0,0,0,0,0,0,0,0,0,0,0,0,0,0,0,0,0,0,0,0,0,0,0,0,0,0,0,0,0,0,0,0,0,0,0,0,0,0,0,0,0,0,0,0,0,0,0,0,0,0,
0,0,0,0,0,0,0,0,0,0,0,0,0,0,0,0,0,0,0,0,0,0,0,0,0,0,0,0,0,0,0,0,0,0,0,0,0,0,0,0,0,0,0,0,0,0,0,0,0,0,0,0,0,0,0,0,0,0,0,0,0,0,0,0,0,0,0,0,0,0,0,0,0,0,0,0,0,0,0,0,0,0,0,0,0,0,0,0,0,0,0,0,0,0,0,0,0,0,0,0,0,0,0,0,0,0,0,0,0,0,0,0,0,0,0,0,0,0,0,0,0,0,0,0,0,0,0,0,0,0,0,0,0,0,0,0,0,0,0,0,0,0,0,0,0,0,0,0,0,0,0,0,0,0,0,0,0,0,0,0,0,0,0,0,0,0,0,0,0,0,0,0,0,0,0,0,0,0,0,0,0,0,0,0,0,0,0,0,0,0,0,0,0,0,0,0,0,0,0,0,0,0,0,0,0,0,0,0,0,0,0,0,0,0,0,0,0,0,0,0,0,0,0,0,0,0,0,0,0,0,0,0,0,0,0,0,0,0,0,0,0,0,0,0,0,0,0,0,0,0,0,0,0,0,0,0,
0,0,0,0,0,0,0,0,0,0,0,0,0,0,0,0,0,0,0,0,0,0,0,0,0,0,0,0,0,0,0,0,0,0,0,0,0,0,0,0,0,0,0,0,0,0,0,0,0,0,0,0,0,0,0,0,0,0,0,0,0,0,0,0,0,0,0,0,0,0,0,0,0,0,0,0,0,0,0,0,0,0,0,0,0,0,0,0,0,0,0,0,0,0,0,0,0,0,0,0,0,0,0,0,0,0,0,0,0,0,0,0,0,0,0,0,0,0,0,0,0,0,0,0,0,0,0,0,0,0,0,0,0,0,0,0,0,0,0,0,0,0,0,0,0,0,0,0,0,0,0,0,0,0,0,0,0,0,0,0,0,0,0,0,0,0,0,0,0,0,0,0,0,0,0,0,0,0,0,0,0,0,0,0,0,0,0,0,0,0,0,0,0,0,0,0,0,0,0,0,0,0,0,0,0,0,0,0,0,0,0,0,0,0,0,0,0,0,0,0,0,0,0,0,0,0,0,0,0,0,0,0,0,0,0,0,0,0,0,0,0,0,0,0,0,0,0,0,0,0,0,0,0,0,0,0,
0,0,0,0,0,0,0,0,0,0,0,0,0,0,0,0,0,0,0,0,0,0,0,0,0,0,0,0,0,0,0,0,0,0,0,0,0,0,0,0,0,0,0,0,0,0,0,0,0,0,0,0,0,0,0,0,0,0,0,0,0,0,0,0,0,0,0,0,0,0,0,0,0,0,0,0,0,0,0,0,0,0,0,0,0,0,0,0,0,0,0,0,0,0,0,0,0,0,0,0,0,0,0,0,0,0,0,0,0,0,0,0,0,0,0,0,0,0,0,0,0,0,0,0,0,0,0,0,0,0,0,0,0,0,0,0,0,0,0,0,0,0,0,0,0,0,0,0,0,0,0,0,0,0,0,0,0,0,0,0,0,0,0,0,0,0,0,0,0,0,0,0,0,0,0,0,0,0,0,0,0,0,0,0,0,0,0,0,0,0,0,0,0,0,0,0,0,0,0,0,0,0,0,0,0,0,0,0,0,0,0,0,0,0,0,0,0,0,0,0,0,0,0,0,0,0,0,0,0,0,0,0,0,0,0,0,0,0,0,0,0,0,0,0,0,0,0,0,0,0,0,0,0,0,0,0,
0,0,0,0,0,0,0,0,0,0,0,0,0,0,0,0,0,0,0,0,0,0,0,0,0,0,0,0,0,0,0,0,0,0,0,0,0,0,0,0,0,0,0,0,0,0,0,0,0,0,0,0,0,0,0,0,0,0,0,0,0,0,0,0,0,0,0,0,0,0,0,0,0,0,0,0,0,0,0,0,0,0,0,0,0,0,0,0,0,0,0,0,0,0,0,0,0,0,0,0,0,0,0,0,0,0,0,0,0,0,0,0,0,0,0,0,0,0,0,0,0,0,0,0,0,0,0,0,0,0,0,0,0,0,0,0,0,0,0,0,0,0,0,0,0,0,0,0,0,0,0,0,0,0,0,0,0,0,0,0,0,0,0,0,0,0,0,0,0,0,0,0,0,0,0,0,0,0,0,0,0,0,0,0,0,0,0,0,0,0,0,0,0,0,0,0,0,0,0,0,0,0,0,0,0,0,0,0,0,0,0,0,0,0,0,0,0,0,0,0,0,0,0,0,0,0,0,0,0,0,0,0,0,0,0,0,0,0,0,0,0,0,0,0,0,0,0,0,0,0,0,0,0,0,0,0,
0,0,0,0,0,0,0,0,0,0,0,0,0,0,0,0,0,0,0,0,0,0,0,0,0,0,0,0,0,0,0,0,0,0,0,0,0,0,0,0,0,0,0,0,0,0,0,0,0,0,0,0,0,0,0,0,0,0,0,0,0,0,0,0,0,0,0,0,0,0,0,0,0,0,0,0,0,0,0,0,0,0,0,0,0,0,0,0,0,0,0,0,0,0,0,0,0,0,0,0,0,0,0,0,0,0,0,0,0,0,0,0,0,0,0,0,0,0,0,0,0,0,0,0,0,0,0,0,0,0,0,0,0,0,0,0,0,0,0,0,0,0,0,0,0,0,0,0,0,0,0,0,0,0,0,0,0,0,0,0,0,0,0,0,0,0,0,0,0,0,0,0,0,0,0,0,0,0,0,0,0,0,0,0,0,0,0,0,0,0,0,0,0,0,0,0,0,0,0,0,0,0,0,0,0,0,0,0,0,0,0,0,0,0,0,0,0,0,0,0,0,0,0,0,0,0,0,0,0,0,0,0,0,0,0,0,0,0,0,0,0,0,0,0,0,0,0,0,0,0,0,0,0,0,0,0,
0,0,0,0,0,0,0,0,0,0,0,0,0,0,0,0,0,0,0,0,0,0,0,0,0,0,0,0,0,0,0,0,0,0,0,0,0,0,0,0,0,0,0,0,0,0,0,0,0,0,0,0,0,0,0,0,0,0,0,0,0,0,0,0,0,0,0,0,0,0,0,0,0,0,0,0,0,0,0,0,0,0,0,0,0,0,0,0,0,0,0,0,0,0,0,0,0,0,0,0,0,0,0,0,0,0,0,0,0,0,0,0,0,0,0,0,0,0,0,0,0,0,0,0,0,0,0,0,0,0,0,0,0,0,0,0,0,0,0,0,0,0,0,0,0,0,0,0,0,0,0,0,0,0,0,0,0,0,0,0,0,0,0,0,0,0,0,0,0,0,0,0,0,0,0,0,0,0,0,0,0,0,0,0,0,0,0,0,0,0,0,0,0,0,0,0,0,0,0,0,0,0,0,0,0,0,0,0,0,0,0,0,0,0,0,0,0,0,0,0,0,0,0,0,0,0,0,0,0,0,0,0,0,0,0,0,0,0,0,0,0,0,0,0,0,0,0,0,0,0,0,0,0,0,0,0,
0,0,0,0,0,0,0,0,0,0,0,0,0,0,0,0,0,0,0,0,0,0,0,0,0,0,0,0,0,0,0,0,0,0,0,0,0,0,0,0,0,0,0,0,0,0,0,0,0,0,0,0,0,0,0,0,0,0,0,0,0,0,0,0,0,0,0,0,0,0,0,0,0,0,0,0,0,0,0,0,0,0,0,0,0,0,0,0,0,0,0,0,0,0,0,0,0,0,0,0,0,0,0,0,0,0,0,0,0,0,0,0,0,0,0,0,0,0,0,0,0,0,0,0,0,0,0,0,0,0,0,0,0,0,0,0,0,0,0,0,0,0,0,0,0,0,0,0,0,0,0,0,0,0,0,0,0,0,0,0,0,0,0,0,0,0,0,0,0,0,0,0,0,0,0,0,0,0,0,0,0,0,0,0,0,0,0,0,0,0,0,0,0,0,0,0,0,0,0,0,0,0,0,0,0,0,0,0,0,0,0,0,0,0,0,0,0,0,0,0,0,0,0,0,0,0,0,0,0,0,0,0,0,0,0,0,0,0,0,0,0,0,0,0,0,0,0,0,0,0,0,0,0,0,0,0,
0,0,0,0,0,0,0,0,0,0,0,0,0,0,0,0,0,0,0,0,0,0,0,0,0,0,0,0,0,0,0,0,0,0,0,0,0,0,0,0,0,0,0,0,0,0,0,0,0,0,0,0,0,0,0,0,0,0,0,0,0,0,0,0,0,0,0,0,0,0,0,0,0,0,0,0,0,0,0,0,0,0,0,0,0,0,0,0,0,0,0,0,0,0,0,0,0,0,0,0,0,0,0,0,0,0,0,0,0,0,0,0,0,0,0,0,0,0,0,0,0,0,0,0,0,0,0,0,0,0,0,0,0,0,0,0,0,0,0,0,0,0,0,0,0,0,0,0,0,0,0,0,0,0,0,0,0,0,0,0,0,0,0,0,0,0,0,0,0,0,0,0,0,0,0,0,0,0,0,0,0,0,0,0,0,0,0,0,0,0,0,0,0,0,0,0,0,0,0,0,0,0,0,0,0,0,0,0,0,0,0,0,0,0,0,0,0,0,0,0,0,0,0,0,0,0,0,0,0,0,0,0,0,0,0,0,0,0,0,0,0,0,0,0,0,0,0,0,0,0,0,0,0,0,0,0,
0,0,0,0,0,0,0,0,0,0,0,0,0,0,0,0,0,0,0,0,0,0,0,0,0,0,0,0,0,0,0,0,0,0,0,0,0,0,0,0,0,0,0,0,0,0,0,0,0,0,0,0,0,0,0,0,0,0,0,0,0,0,0,0,0,0,0,0,0,0,0,0,0,0,0,0,0,0,0,0,0,0,0,0,0,0,0,0,0,0,0,0,0,0,0,0,0,0,0,0,0,0,0,0,0,0,0,0,0,0,0,0,0,0,0,0,0,0,0,0,0,0,0,0,0,0,0,0,0,0,0,0,0,0,0,0,0,0,0,0,0,0,0,0,0,0,0,0,0,0,0,0,0,0,0,0,0,0,0,0,0,0,0,0,0,0,0,0,0,0,0,0,0,0,0,0,0,0,0,0,0,0,0,0,0,0,0,0,0,0,0,0,0,0,0,0,0,0,0,0,0,0,0,0,0,0,0,0,0,0,0,0,0,0,0,0,0,0,0,0,0,0,0,0,0,0,0,0,0,0,0,0,0,0,0,0,0,0,0,0,0,0,0,0,0,0,0,0,0,0,0,0,0,0,0,0,
0,0,0,0,0,0,0,0,0,0,0,0,0,0,0,0,0,0,0,0,0,0,0,0,0,0,0,0,0,0,0,0,0,0,0,0,0,0,0,0,0,0,0,0,0,0,0,0,0,0,0,0,0,0,0,0,0,0,0,0,0,0,0,0,0,0,0,0,0,0,0,0,0,0,0,0,0,0,0,0,0,0,0,0,0,0,0,0,0,0,0,0,0,0,0,0,0,0,0,0,0,0,0,0,0,0,0,0,0,0,0,0,0,0,0,0,0,0,0,0,0,0,0,0,0,0,0,0,0,0,0,0,0,0,0,0,0,0,0,0,0,0,0,0,0,0,0,0,0,0,0,0,0,0,0,0,0,0,0,0,0,0,0,0,0,0,0,0,0,0,0,0,0,0,0,0,0,0,0,0,0,0,0,0,0,0,0,0,0,0,0,0,0,0,0,0,0,0,0,0,0,0,0,0,0,0,0,0,0,0,0,0,0,0,0,0,0,0,0,0,0,0,0,0,0,0,0,0,0,0,0,0,0,0,0,0,0,0,0,0,0,0,0,0,0,0,0,0,0,0,0,0,0,0,0,0,
0,0,0,0,0,0,0,0,0,0,0,0,0,0,0,0,0,0,0,0,0,0,0,0,0,0,0,0,0,0,0,0,0,0,0,0,0,0,0,0,0,0,0,0,0,0,0,0,0,0,0,0,0,0,0,0,0,0,0,0,0,0,0,0,0,0,0,0,0,0,0,0,0,0,0,0,0,0,0,0,0,0,0,0,0,0,0,0,0,0,0,0,0,0,0,0,0,0,0,0,0,0,0,0,0,0,0,0,0,0,0,0,0,0,0,0,0,0,0,0,0,0,0,0,0,0,0,0,0,0,0,0,0,0,0,0,0,0,0,0,0,0,0,0,0,0,0,0,0,0,0,0,0,0,0,0,0,0,0,0,0,0,0,0,0,0,0,0,0,0,0,0,0,0,0,0,0,0,0,0,0,0,0,0,0,0,0,0,0,0,0,0,0,0,0,0,0,0,0,0,0,0,0,0,0,0,0,0,0,0,0,0,0,0,0,0,0,0,0,0,0,0,0,0,0,0,0,0,0,0,0,0,0,0,0,0,0,0,0,0,0,0,0,0,0,0,0,0,0,0,0,0,0,0,0,0,
0,0,0,0,0,0,0,0,0,0,0,0,0,0,0,0,0,0,0,0,0,0,0,0,0,0,0,0,0,0,0,0,0,0,0,0,0,0,0,0,0,0,0,0,0,0,0,0,0,0,0,0,0,0,0,0,0,0,0,0,0,0,0,0,0,0,0,0,0,0,0,0,0,0,0,0,0,0,0,0,0,0,0,0,0,0,0,0,0,0,0,0,0,0,0,0,0,0,0,0,0,0,0,0,0,0,0,0,0,0,0,0,0,0,0,0,0,0,0,0,0,0,0,0,0,0,0,0,0,0,0,0,0,0,0,0,0,0,0,0,0,0,0,0,0,0,0,0,0,0,0,0,0,0,0,0,0,0,0,0,0,0,0,0,0,0,0,0,0,0,0,0,0,0,0,0,0,0,0,0,0,0,0,0,0,0,0,0,0,0,0,0,0,0,0,0,0,0,0,0,0,0,0,0,0,0,0,0,0,0,0,0,0,0,0,0,0,0,0,0,0,0,0,0,0,0,0,0,0,0,0,0,0,0,0,0,0,0,0,0,0,0,0,0,0,0,0,0,0,0,0,0,0,0,0,0,
0,0,0,0,0,0,0,0,0,0,0,0,0,0,0,0,0,0,0,0,0,0,0,0,0,0,0,0,0,0,0,0,0,0,0,0,0,0,0,0,0,0,0,0,0,0,0,0,0,0,0,0,0,0,0,0,0,0,0,0,0,0,0,0,0,0,0,0,0,0,0,0,0,0,0,0,0,0,0,0,0,0,0,0,0,0,0,0,0,0,0,0,0,0,0,0,0,0,0,0,0,0,0,0,0,0,0,0,0,0,0,0,0,0,0,0,0,0,0,0,0,0,0,0,0,0,0,0,0,0,0,0,0,0,0,0,0,0,0,0,0,0,0,0,0,0,0,0,0,0,0,0,0,0,0,0,0,0,0,0,0,0,0,0,0,0,0,0,0,0,0,0,0,0,0,0,0,0,0,0,0,0,0,0,0,0,0,0,0,0,0,0,0,0,0,0,0,0,0,0,0,0,0,0,0,0,0,0,0,0,0,0,0,0,0,0,0,0,0,0,0,0,0,0,0,0,0,0,0,0,0,0,0,0,0,0,0,0,0,0,0,0,0,0,0,0,0,0,0,0,0,0,0,0,0,0,
0,0,0,0,0,0,0,0,0,0,0,0,0,0,0,0,0,0,0,0,0,0,0,0,0,0,0,0,0,0,0,0,0,0,0,0,0,0,0,0,0,0,0,0,0,0,0,0,0,0,0,0,0,0,0,0,0,0,0,0,0,0,0,0,0,0,0,0,0,0,0,0,0,0,0,0,0,0,0,0,0,0,0,0,0,0,0,0,0,0,0,0,0,0,0,0,0,0,0,0,0,0,0,0,0,0,0,0,0,0,0,0,0,0,0,0,0,0,0,0,0,0,0,0,0,0,0,0,0,0,0,0,0,0,0,0,0,0,0,0,0,0,0,0,0,0,0,0,0,0,0,0,0,0,0,0,0,0,0,0,0,0,0,0,0,0,0,0,0,0,0,0,0,0,0,0,0,0,0,0,0,0,0,0,0,0,0,0,0,0,0,0,0,0,0,0,0,0,0,0,0,0,0,0,0,0,0,0,0,0,0,0,0,0,0,0,0,0,0,0,0,0,0,0,0,0,0,0,0,0,0,0,0,0,0,0,0,0,0,0,0,0,0,0,0,0,0,0,0,0,0,0,0,0,0,0,
0,0,0,0,0,0,0,0,0,0,0,0,0,0,0,0,0,0,0,0,0,0,0,0,0,0,0,0,0,0,0,0,0,0,0,0,0,0,0,0,0,0,0,0,0,0,0,0,0,0,0,0,0,0,0,0,0,0,0,0,0,0,0,0,0,0,0,0,0,0,0,0,0,0,0,0,0,0,0,0,0,0,0,0,0,0,0,0,0,0,0,0,0,0,0,0,0,0,0,0,0,0,0,0,0,0,0,0,0,0,0,0,0,0,0,0,0,0,0,0,0,0,0,0,0,0,0,0,0,0,0,0,0,0,0,0,0,0,0,0,0,0,0,0,0,0,0,0,0,0,0,0,0,0,0,0,0,0,0,0,0,0,0,0,0,0,0,0,0,0,0,0,0,0,0,0,0,0,0,0,0,0,0,0,0,0,0,0,0,0,0,0,0,0,0,0,0,0,0,0,0,0,0,0,0,0,0,0,0,0,0,0,0,0,0,0,0,0,0,0,0,0,0,0,0,0,0,0,0,0,0,0,0,0,0,0,0,0,0,0,0,0,0,0,0,0,0,0,0,0,0,0,0,0,0,0,
0,0,0,0,0,0,0,0,0,0,0,0,0,0,0,0,0,0,0,0,0,0,0,0,0,0,0,0,0,0,0,0,0,0,0,0,0,0,0,0,0,0,0,0,0,0,0,0,0,0,0,0,0,0,0,0,0,0,0,0,0,0,0,0,0,0,0,0,0,0,0,0,0,0,0,0,0,0,0,0,0,0,0,0,0,0,0,0,0,0,0,0,0,0,0,0,0,0,0,0,0,0,0,0,0,0,0,0,0,0,0,0,0,0,0,0,0,0,0,0,0,0,0,0,0,0,0,0,0,0,0,0,0,0,0,0,0,0,0,0,0,0,0,0,0,0,0,0,0,0,0,0,0,0,0,0,0,0,0,0,0,0,0,0,0,0,0,0,0,0,0,0,0,0,0,0,0,0,0,0,0,0,0,0,0,0,0,0,0,0,0,0,0,0,0,0,0,0,0,0,0,0,0,0,0,0,0,0,0,0,0,0,0,0,0,0,0,0,0,0,0,0,0,0,0,0,0,0,0,0,0,0,0,0,0,0,0,0,0,0,0,0,0,0,0,0,0,0,0,0,0,0,0,0,0,0,
0,0,0,0,0,0,0,0,0,0,0,0,0,0,0,0,0,0,0,0,0,0,0,0,0,0,0,0,0,0,0,0,0,0,0,0,0,0,0,0,0,0,0,0,0,0,0,0,0,0,0,0,0,0,0,0,0,0,0,0,0,0,0,0,0,0,0,0,0,0,0,0,0,0,0,0,0,0,0,0,0,0,0,0,0,0,0,0,0,0,0,0,0,0,0,0,0,0,0,0,0,0,0,0,0,0,0,0,0,0,0,0,0,0,0,0,0,0,0,0,0,0,0,0,0,0,0,0,0,0,0,0,0,0,0,0,0,0,0,0,0,0,0,0,0,0,0,0,0,0,0,0,0,0,0,0,0,0,0,0,0,0,0,0,0,0,0,0,0,0,0,0,0,0,0,0,0,0,0,0,0,0,0,0,0,0,0,0,0,0,0,0,0,0,0,0,0,0,0,0,0,0,0,0,0,0,0,0,0,0,0,0,0,0,0,0,0,0,0,0,0,0,0,0,0,0,0,0,0,0,0,0,0,0,0,0,0,0,0,0,0,0,0,0,0,0,0,0,0,0,0,0,0,0,0,0,
0,0,0,0,0,0,0,0,0,0,0,0,0,0,0,0,0,0,0,0,0,0,0,0,0,0,0,0,0,0,0,0,0,0,0,0,0,0,0,0,0,0,0,0,0,0,0,0,0,0,0,0,0,0,0,0,0,0,0,0,0,0,0,0,0,0,0,0,0,0,0,0,0,0,0,0,0,0,0,0,0,0,0,0,0,0,0,0,0,0,0,0,0,0,0,0,0,0,0,0,0,0,0,0,0,0,0,0,0,0,0,0,0,0,0,0,0,0,0,0,0,0,0,0,0,0,0,0,0,0,0,0,0,0,0,0,0,0,0,0,0,0,0,0,0,0,0,0,0,0,0,0,0,0,0,0,0,0,0,0,0,0,0,0,0,0,0,0,0,0,0,0,0,0,0,0,0,0,0,0,0,0,0,0,0,0,0,0,0,0,0,0,0,0,0,0,0,0,0,0,0,0,0,0,0,0,0,0,0,0,0,0,0,0,0,0,0,0,0,0,0,0,0,0,0,0,0,0,0,0,0,0,0,0,0,0,0,0,0,0,0,0,0,0,0,0,0,0,0,0,0,0,0,0,0,0,
0,0,0,0,0,0,0,0,0,0,0,0,0,0,0,0,0,0,0,0,0,0,0,0,0,0,0,0,0,0,0,0,0,0,0,0,0,0,0,0,0,0,0,0,0,0,0,0,0,0,0,0,0,0,0,0,0,0,0,0,0,0,0,0,0,0,0,0,0,0,0,0,0,0,0,0,0,0,0,0,0,0,0,0,0,0,0,0,0,0,0,0,0,0,0,0,0,0,0,0,0,0,0,0,0,0,0,0,0,0,0,0,0,0,0,0,0,0,0,0,0,0,0,0,0,0,0,0,0,0,0,0,0,0,0,0,0,0,0,0,0,0,0,0,0,0,0,0,0,0,0,0,0,0,0,0,0,0,0,0,0,0,0,0,0,0,0,0,0,0,0,0,0,0,0,0,0,0,0,0,0,0,0,0,0,0,0,0,0,0,0,0,0,0,0,0,0,0,0,0,0,0,0,0,0,0,0,0,0,0,0,0,0,0,0,0,0,0,0,0,0,0,0,0,0,0,0,0,0,0,0,0,0,0,0,0,0,0,0,0,0,0,0,0,0,0,0,0,0,0,0,0,0,0,0,0,
0,0,0,0,0,0,0,0,0,0,0,0,0,0,0,0,0,0,0,0,0,0,0,0,0,0,0,0,0,0,0,0,0,0,0,0,0,0,0,0,0,0,0,0,0,0,0,0,0,0,0,0,0,0,0,0,0,0,0,0,0,0,0,0,0,0,0,0,0,0,0,0,0,0,0,0,0,0,0,0,0,0,0,0,0,0,0,0,0,0,0,0,0,0,0,0,0,0,0,0,0,0,0,0,0,0,0,0,0,0,0,0,0,0,0,0,0,0,0,0,0,0,0,0,0,0,0,0,0,0,0,0,0,0,0,0,0,0,0,0,0,0,0,0,0,0,0,0,0,0,0,0,0,0,0,0,0,0,0,0,0,0,0,0,0,0,0,0,0,0,0,0,0,0,0,0,0,0,0,0,0,0,0,0,0,0,0,0,0,0,0,0,0,0,0,0,0,0,0,0,0,0,0,0,0,0,0,0,0,0,0,0,0,0,0,0,0,0,0,0,0,0,0,0,0,0,0,0,0,0,0,0,0,0,0,0,0,0,0,0,0,0,0,0,0,0,0,0,0,0,0,0,0,0,0,0,
0,0,0,0,0,0,0,0,0,0,0,0,0,0,0,0,0,0,0,0,0,0,0,0,0,0,0,0,0,0,0,0,0,0,0,0,0,0,0,0,0,0,0,0,0,0,0,0,0,0,0,0,0,0,0,0,0,0,0,0,0,0,0,0,0,0,0,0,0,0,0,0,0,0,0,0,0,0,0,0,0,0,0,0,0,0,0,0,0,0,0,0,0,0,0,0,0,0,0,0,0,0,0,0,0,0,0,0,0,0,0,0,0,0,0,0,0,0,0,0,0,0,0,0,0,0,0,0,0,0,0,0,0,0,0,0,0,0,0,0,0,0,0,0,0,0,0,0,0,0,0,0,0,0,0,0,0,0,0,0,0,0,0,0,0,0,0,0,0,0,0,0,0,0,0,0,0,0,0,0,0,0,0,0,0,0,0,0,0,0,0,0,0,0,0,0,0,0,0,0,0,0,0,0,0,0,0,0,0,0,0,0,0,0,0,0,0,0,0,0,0,0,0,0,0,0,0,0,0,0,0,0,0,0,0,0,0,0,0,0,0,0,0,0,0,0,0,0,0,0,0,0,0,0,0,0,
0,0,0,0,0,0,0,0,0,0,0,0,0,0,0,0,0,0,0,0,0,0,0,0,0,0,0,0,0,0,0,0,0,0,0,0,0,0,0,0,0,0,0,0,0,0,0,0,0,0,0,0,0,0,0,0,0,0,0,0,0,0,0,0,0,0,0,0,0,0,0,0,0,0,0,0,0,0,0,0,0,0,0,0,0,0,0,0,0,0,0,0,0,0,0,0,0,0,0,0,0,0,0,0,0,0,0,0,0,0,0,0,0,0,0,0,0,0,0,0,0,0,0,0,0,0,0,0,0,0,0,0,0,0,0,0,0,0,0,0,0,0,0,0,0,0,0,0,0,0,0,0,0,0,0,0,0,0,0,0,0,0,0,0,0,0,0,0,0,0,0,0,0,0,0,0,0,0,0,0,0,0,0,0,0,0,0,0,0,0,0,0,0,0,0,0,0,0,0,0,0,0,0,0,0,0,0,0,0,0,0,0,0,0,0,0,0,0,0,0,0,0,0,0,0,0,0,0,0,0,0,0,0,0,0,0,0,0,0,0,0,0,0,0,0,0,0,0,0,0,0,0,0,0,0,0,
0,0,0,0,0,0,0,0,0,0,0,0,0,0,0,0,0,0,0,0,0,0,0,0,0,0,0,0,0,0,0,0,0,0,0,0,0,0,0,0,0,0,0,0,0,0,0,0,0,0,0,0,0,0,0,0,0,0,0,0,0,0,0,0,0,0,0,0,0,0,0,0,0,0,0,0,0,0,0,0,0,0,0,0,0,0,0,0,0,0,0,0,0,0,0,0,0,0,0,0,0,0,0,0,0,0,0,0,0,0,0,0,0,0,0,0,0,0,0,0,0,0,0,0,0,0,0,0,0,0,0,0,0,0,0,0,0,0,0,0,0,0,0,0,0,0,0,0,0,0,0,0,0,0,0,0,0,0,0,0,0,0,0,0,0,0,0,0,0,0,0,0,0,0,0,0,0,0,0,0,0,0,0,0,0,0,0,0,0,0,0,0,0,0,0,0,0,0,0,0,0,0,0,0,0,0,0,0,0,0,0,0,0,0,0,0,0,0,0,0,0,0,0,0,0,0,0,0,0,0,0,0,0,0,0,0,0,0,0,0,0,0,0,0,0,0,0,0,0,0,0,0,0,0,0,0,
0,0,0,0,0,0,0,0,0,0,0,0,0,0,0,0,0,0,0,0,0,0,0,0,0,0,0,0,0,0,0,0,0,0,0,0,0,0,0,0,0,0,0,0,0,0,0,0,0,0,0,0,0,0,0,0,0,0,0,0,0,0,0,0,0,0,0,0,0,0,0,0,0,0,0,0,0,0,0,0,0,0,0,0,0,0,0,0,0,0,0,0,0,0,0,0,0,0,0,0,0,0,0,0,0,0,0,0,0,0,0,0,0,0,0,0,0,0,0,0,0,0,0,0,0,0,0,0,0,0,0,0,0,0,0,0,0,0,0,0,0,0,0,0,0,0,0,0,0,0,0,0,0,0,0,0,0,0,0,0,0,0,0,0,0,0,0,0,0,0,0,0,0,0,0,0,0,0,0,0,0,0,0,0,0,0,0,0,0,0,0,0,0,0,0,0,0,0,0,0,0,0,0,0,0,0,0,0,0,0,0,0,0,0,0,0,0,0,0,0,0,0,0,0,0,0,0,0,0,0,0,0,0,0,0,0,0,0,0,0,0,0,0,0,0,0,0,0,0,0,0,0,0,0,0,0,
0,0,0,0,0,0,0,0,0,0,0,0,0,0,0,0,0,0,0,0,0,0,0,0,0,0,0,0,0,0,0,0,0,0,0,0,0,0,0,0,0,0,0,0,0,0,0,0,0,0,0,0,0,0,0,0,0,0,0,0,0,0,0,0,0,0,0,0,0,0,0,0,0,0,0,0,0,0,0,0,0,0,0,0,0,0,0,0,0,0,0,0,0,0,0,0,0,0,0,0,0,0,0,0,0,0,0,0,0,0,0,0,0,0,0,0,0,0,0,0,0,0,0,0,0,0,0,0,0,0,0,0,0,0,0,0,0,0,0,0,0,0,0,0,0,0,0,0,0,0,0,0,0,0,0,0,0,0,0,0,0,0,0,0,0,0,0,0,0,0,0,0,0,0,0,0,0,0,0,0,0,0,0,0,0,0,0,0,0,0,0,0,0,0,0,0,0,0,0,0,0,0,0,0,0,0,0,0,0,0,0,0,0,0,0,0,0,0,0,0,0,0,0,0,0,0,0,0,0,0,0,0,0,0,0,0,0,0,0,0,0,0,0,0,0,0,0,0,0,0,0,0,0,0,0,0,
0,0,0,0,0,0,0,0,0,0,0,0,0,0,0,0,0,0,0,0,0,0,0,0,0,0,0,0,0,0,0,0,0,0,0,0,0,0,0,0,0,0,0,0,0,0,0,0,0,0,0,0,0,0,0,0,0,0,0,0,0,0,0,0,0,0,0,0,0,0,0,0,0,0,0,0,0,0,0,0,0,0,0,0,0,0,0,0,0,0,0,0,0,0,0,0,0,0,0,0,0,0,0,0,0,0,0,0,0,0,0,0,0,0,0,0,0,0,0,0,0,0,0,0,0,0,0,0,0,0,0,0,0,0,0,0,0,0,0,0,0,0,0,0,0,0,0,0,0,0,0,0,0,0,0,0,0,0,0,0,0,0,0,0,0,0,0,0,0,0,0,0,0,0,0,0,0,0,0,0,0,0,0,0,0,0,0,0,0,0,0,0,0,0,0,0,0,0,0,0,0,0,0,0,0,0,0,0,0,0,0,0,0,0,0,0,0,0,0,0,0,0,0,0,0,0,0,0,0,0,0,0,0,0,0,0,0,0,0,0,0,0,0,0,0,0,0,0,0,0,0,0,0,0,0,0,
0,0,0,0,0,0,0,0,0,0,0,0,0,0,0,0,0,0,0,0,0,0,0,0,0,0,0,0,0,0,0,0,0,0,0,0,0,0,0,0,0,0,0,0,0,0,0,0,0,0,0,0,0,0,0,0,0,0,0,0,0,0,0,0,0,0,0,0,0,0,0,0,0,0,0,0,0,0,0,0,0,0,0,0,0,0,0,0,0,0,0,0,0,0,0,0,0,0,0,0,0,0,0,0,0,0,0,0,0,0,0,0,0,0,0,0,0,0,0,0,0,0,0,0,0,0,0,0,0,0,0,0,0,0,0,0,0,0,0,0,0,0,0,0,0,0,0,0,0,0,0,0,0,0,0,0,0,0,0,0,0,0,0,0,0,0,0,0,0,0,0,0,0,0,0,0,0,0,0,0,0,0,0,0,0,0,0,0,0,0,0,0,0,0,0,0,0,0,0,0,0,0,0,0,0,0,0,0,0,0,0,0,0,0,0,0,0,0,0,0,0,0,0,0,0,0,0,0,0,0,0,0,0,0,0,0,0,0,0,0,0,0,0,0,0,0,0,0,0,0,0,0,0,0,0,0,
0,0,0,0,0,0,0,0,0,0,0,0,0,0,0,0,0,0,0,0,0,0,0,0,0,0,0,0,0,0,0,0,0,0,0,0,0,0,0,0,0,0,0,0,0,0,0,0,0,0,0,0,0,0,0,0,0,0,0,0,0,0,0,0,0,0,0,0,0,0,0,0,0,0,0,0,0,0,0,0,0,0,0,0,0,0,0,0,0,0,0,0,0,0,0,0,0,0,0,0,0,0,0,0,0,0,0,0,0,0,0,0,0,0,0,0,0,0,0,0,0,0,0,0,0,0,0,0,0,0,0,0,0,0,0,0,0,0,0,0,0,0,0,0,0,0,0,0,0,0,0,0,0,0,0,0,0,0,0,0,0,0,0,0,0,0,0,0,0,0,0,0,0,0,0,0,0,0,0,0,0,0,0,0,0,0,0,0,0,0,0,0,0,0,0,0,0,0,0,0,0,0,0,0,0,0,0,0,0,0,0,0,0,0,0,0,0,0,0,0,0,0,0,0,0,0,0,0,0,0,0,0,0,0,0,0,0,0,0,0,0,0,0,0,0,0,0,0,0,0,0,0,0,0,0,0,
0,0,0,0,0,0,0,0,0,0,0,0,0,0,0,0,0,0,0,0,0,0,0,0,0,0,0,0,0,0,0,0,0,0,0,0,0,0,0,0,0,0,0,0,0,0,0,0,0,0,0,0,0,0,0,0,0,0,0,0,0,0,0,0,0,0,0,0,0,0,0,0,0,0,0,0,0,0,0,0,0,0,0,0,0,0,0,0,0,0,0,0,0,0,0,0,0,0,0,0,0,0,0,0,0,0,0,0,0,0,0,0,0,0,0,0,0,0,0,0,0,0,0,0,0,0,0,0,0,0,0,0,0,0,0,0,0,0,0,0,0,0,0,0,0,0,0,0,0,0,0,0,0,0,0,0,0,0,0,0,0,0,0,0,0,0,0,0,0,0,0,0,0,0,0,0,0,0,0,0,0,0,0,0,0,0,0,0,0,0,0,0,0,0,0,0,0,0,0,0,0,0,0,0,0,0,0,0,0,0,0,0,0,0,0,0,0,0,0,0,0,0,0,0,0,0,0,0,0,0,0,0,0,0,0,0,0,0,0,0,0,0,0,0,0,0,0,0,0,0,0,0,0,0,0,0,
0,0,0,0,0,0,0,0,0,0,0,0,0,0,0,0,0,0,0,0,0,0,0,0,0,0,0,0,0,0,0,0,0,0,0,0,0,0,0,0,0,0,0,0,0,0,0,0,0,0,0,0,0,0,0,0,0,0,0,0,0,0,0,0,0,0,0,0,0,0,0,0,0,0,0,0,0,0,0,0,0,0,0,0,0,0,0,0,0,0,0,0,0,0,0,0,0,0,0,0,0,0,0,0,0,0,0,0,0,0,0,0,0,0,0,0,0,0,0,0,0,0,0,0,0,0,0,0,0,0,0,0,0,0,0,0,0,0,0,0,0,0,0,0,0,0,0,0,0,0,0,0,0,0,0,0,0,0,0,0,0,0,0,0,0,0,0,0,0,0,0,0,0,0,0,0,0,0,0,0,0,0,0,0,0,0,0,0,0,0,0,0,0,0,0,0,0,0,0,0,0,0,0,0,0,0,0,0,0,0,0,0,0,0,0,0,0,0,0,0,0,0,0,0,0,0,0,0,0,0,0,0,0,0,0,0,0,0,0,0,0,0,0,0,0,0,0,0,0,0,0,0,0,0,0,0,
0,0,0,0,0,0,0,0,0,0,0,0,0,0,0,0,0,0,0,0,0,0,0,0,0,0,0,0,0,0,0,0,0,0,0,0,0,0,0,0,0,0,0,0,0,0,0,0,0,0,0,0,0,0,0,0,0,0,0,0,0,0,0,0,0,0,0,0,0,0,0,0,0,0,0,0,0,0,0,0,0,0,0,0,0,0,0,0,0,0,0,0,0,0,0,0,0,0,0,0,0,0,0,0,0,0,0,0,0,0,0,0,0,0,0,0,0,0,0,0,0,0,0,0,0,0,0,0,0,0,0,0,0,0,0,0,0,0,0,0,0,0,0,0,0,0,0,0,0,0,0,0,0,0,0,0,0,0,0,0,0,0,0,0,0,0,0,0,0,0,0,0,0,0,0,0,0,0,0,0,0,0,0,0,0,0,0,0,0,0,0,0,0,0,0,0,0,0,0,0,0,0,0,0,0,0,0,0,0,0,0,0,0,0,0,0,0,0,0,0,0,0,0,0,0,0,0,0,0,0,0,0,0,0,0,0,0,0,0,0,0,0,0,0,0,0,0,0,0,0,0,0,0,0,0,0,
0,0,0,0,0,0,0,0,0,0,0,0,0,0,0,0,0,0,0,0,0,0,0,0,0,0,0,0,0,0,0,0,0,0,0,0,0,0,0,0,0,0,0,0,0,0,0,0,0,0,0,0,0,0,0,0,0,0,0,0,0,0,0,0,0,0,0,0,0,0,0,0,0,0,0,0,0,0,0,0,0,0,0,0,0,0,0,0,0,0,0,0,0,0,0,0,0,0,0,0,0,0,0,0,0,0,0,0,0,0,0,0,0,0,0,0,0,0,0,0,0,0,0,0,0,0,0,0,0,0,0,0,0,0,0,0,0,0,0,0,0,0,0,0,0,0,0,0,0,0,0,0,0,0,0,0,0,0,0,0,0,0,0,0,0,0,0,0,0,0,0,0,0,0,0,0,0,0,0,0,0,0,0,0,0,0,0,0,0,0,0,0,0,0,0,0,0,0,0,0,0,0,0,0,0,0,0,0,0,0,0,0,0,0,0,0,0,0,0,0,0,0,0,0,0,0,0,0,0,0,0,0,0,0,0,0,0,0,0,0,0,0,0,0,0,0,0,0,0,0,0,0,0,0,0,0,
0,0,0,0,0,0,0,0,0,0,0,0,0,0,0,0,0,0,0,0,0,0,0,0,0,0,0,0,0,0,0,0,0,0,0,0,0,0,0,0,0,0,0,0,0,0,0,0,0,0,0,0,0,0,0,0,0,0,0,0,0,0,0,0,0,0,0,0,0,0,0,0,0,0,0,0,0,0,0,0,0,0,0,0,0,0,0,0,0,0,0,0,0,0,0,0,0,0,0,0,0,0,0,0,0,0,0,0,0,0,0,0,0,0,0,0,0,0,0,0,0,0,0,0,0,0,0,0,0,0,0,0,0,0,0,0,0,0,0,0,0,0,0,0,0,0,0,0,0,0,0,0,0,0,0,0,0,0,0,0,0,0,0,0,0,0,0,0,0,0,0,0,0,0,0,0,0,0,0,0,0,0,0,0,0,0,0,0,0,0,0,0,0,0,0,0,0,0,0,0,0,0,0,0,0,0,0,0,0,0,0,0,0,0,0,0,0,0,0,0,0,0,0,0,0,0,0,0,0,0,0,0,0,0,0,0,0,0,0,0,0,0,0,0,0,0,0,0,0,0,0,0,0,0,0,0,
0,0,0,0,0,0,0,0,0,0,0,0,0,0,0,0,0,0,0,0,0,0,0,0,0,0,0,0,0,0,0,0,0,0,0,0,0,0,0,0,0,0,0,0,0,0,0,0,0,0,0,0,0,0,0,0,0,0,0,0,0,0,0,0,0,0,0,0,0,0,0,0,0,0,0,0,0,0,0,0,0,0,0,0,0,0,0,0,0,0,0,0,0,0,0,0,0,0,0,0,0,0,0,0,0,0,0,0,0,0,0,0,0,0,0,0,0,0,0,0,0,0,0,0,0,0,0,0,0,0,0,0,0,0,0,0,0,0,0,0,0,0,0,0,0,0,0,0,0,0,0,0,0,0,0,0,0,0,0,0,0,0,0,0,0,0,0,0,0,0,0,0,0,0,0,0,0,0,0,0,0,0,0,0,0,0,0,0,0,0,0,0,0,0,0,0,0,0,0,0,0,0,0,0,0,0,0,0,0,0,0,0,0,0,0,0,0,0,0,0,0,0,0,0,0,0,0,0,0,0,0,0,0,0,0,0,0,0,0,0,0,0,0,0,0,0,0,0,0,0,0,0,0,0,0,0,
0,0,0,0,0,0,0,0,0,0,0,0,0,0,0,0,0,0,0,0,0,0,0,0,0,0,0,0,0,0,0,0,0,0,0,0,0,0,0,0,0,0,0,0,0,0,0,0,0,0,0,0,0,0,0,0,0,0,0,0,0,0,0,0,0,0,0,0,0,0,0,0,0,0,0,0,0,0,0,0,0,0,0,0,0,0,0,0,0,0,0,0,0,0,0,0,0,0,0,0,0,0,0,0,0,0,0,0,0,0,0,0,0,0,0,0,0,0,0,0,0,0,0,0,0,0,0,0,0,0,0,0,0,0,0,0,0,0,0,0,0,0,0,0,0,0,0,0,0,0,0,0,0,0,0,0,0,0,0,0,0,0,0,0,0,0,0,0,0,0,0,0,0,0,0,0,0,0,0,0,0,0,0,0,0,0,0,0,0,0,0,0,0,0,0,0,0,0,0,0,0,0,0,0,0,0,0,0,0,0,0,0,0,0,0,0,0,0,0,0,0,0,0,0,0,0,0,0,0,0,0,0,0,0,0,0,0,0,0,0,0,0,0,0,0,0,0,0,0,0,0,0,0,0,0,0,
0,0,0,0,0,0,0,0,0,0,0,0,0,0,0,0,0,0,0,0,0,0,0,0,0,0,0,0,0,0,0,0,0,0,0,0,0,0,0,0,0,0,0,0,0,0,0,0,0,0,0,0,0,0,0,0,0,0,0,0,0,0,0,0,0,0,0,0,0,0,0,0,0,0,0,0,0,0,0,0,0,0,0,0,0,0,0,0,0,0,0,0,0,0,0,0,0,0,0,0,0,0,0,0,0,0,0,0,0,0,0,0,0,0,0,0,0,0,0,0,0,0,0,0,0,0,0,0,0,0,0,0,0,0,0,0,0,0,0,0,0,0,0,0,0,0,0,0,0,0,0,0,0,0,0,0,0,0,0,0,0,0,0,0,0,0,0,0,0,0,0,0,0,0,0,0,0,0,0,0,0,0,0,0,0,0,0,0,0,0,0,0,0,0,0,0,0,0,0,0,0,0,0,0,0,0,0,0,0,0,0,0,0,0,0,0,0,0,0,0,0,0,0,0,0,0,0,0,0,0,0,0,0,0,0,0,0,0,0,0,0,0,0,0,0,0,0,0,0,0,0,0,0,0,0,0,
0,0,0,0,0,0,0,0,0,0,0,0,0,0,0,0,0,0,0,0,0,0,0,0,0,0,0,0,0,0,0,0,0,0,0,0,0,0,0,0,0,0,0,0,0,0,0,0,0,0,0,0,0,0,0,0,0,0,0,0,0,0,0,0,0,0,0,0,0,0,0,0,0,0,0,0,0,0,0,0,0,0,0,0,0,0,0,0,0,0,0,0,0,0,0,0,0,0,0,0,0,0,0,0,0,0,0,0,0,0,0,0,0,0,0,0,0,0,0,0,0,0,0,0,0,0,0,0,0,0,0,0,0,0,0,0,0,0,0,0,0,0,0,0,0,0,0,0,0,0,0,0,0,0,0,0,0,0,0,0,0,0,0,0,0,0,0,0,0,0,0,0,0,0,0,0,0,0,0,0,0,0,0,0,0,0,0,0,0,0,0,0,0,0,0,0,0,0,0,0,0,0,0,0,0,0,0,0,0,0,0,0,0,0,0,0,0,0,0,0,0,0,0,0,0,0,0,0,0,0,0,0,0,0,0,0,0,0,0,0,0,0,0,0,0,0,0,0,0,0,0,0,0,0,0,0,
0,0,0,0,0,0,0,0,0,0,0,0,0,0,0,0,0,0,0,0,0,0,0,0,0,0,0,0,0,0,0,26,0,0,0,0,0,0,0,0,0,0,0,0,0,0,0,0,0,0,0,0,0,0,0,0,0,0,0,0,0,0,0,0,0,0,0,0,0,0,0,0,0,0,0,0,0,0,0,0,0,0,0,0,0,0,0,0,0,0,0,0,0,0,0,0,0,0,0,0,0,0,0,0,0,0,0,0,0,0,0,29,0,0,0,0,0,0,0,0,0,0,0,0,0,0,0,0,0,0,0,0,0,0,0,0,0,0,0,0,0,0,0,0,0,0,0,0,0,0,0,0,0,0,0,0,0,0,0,0,0,0,0,0,0,0,0,0,0,0,0,0,0,0,0,0,0,0,0,0,0,0,0,0,0,0,0,0,0,0,0,0,0,0,0,0,0,0,0,0,0,0,0,0,0,0,0,0,0,0,0,0,0,0,0,0,0,0,0,0,0,0,0,0,0,0,0,0,0,0,0,0,0,0,0,0,0,0,0,0,0,0,0,0,0,0,0,0,0,0,0,0,0,0,0,0,
0,0,0,0,0,0,0,0,0,0,0,0,0,0,0,0,0,0,0,0,0,0,0,0,0,0,0,0,0,0,0,26,25,0,0,0,0,0,0,0,0,0,0,0,0,0,0,0,0,0,0,0,0,0,0,0,0,0,0,0,0,0,0,0,0,0,0,0,0,0,0,0,0,0,0,0,0,0,0,0,0,0,0,0,0,0,0,0,0,0,0,0,0,0,0,0,0,0,0,0,0,0,0,0,0,0,0,0,0,0,0,0,0,0,0,0,0,0,0,0,0,0,0,0,0,0,0,0,0,0,0,0,0,28,0,0,0,0,0,0,0,0,0,0,0,0,0,0,0,0,0,0,0,0,0,0,0,0,0,0,0,0,0,0,0,0,0,0,0,0,0,0,0,0,0,0,0,0,0,0,0,0,0,0,0,0,0,0,0,0,0,0,0,0,0,0,0,0,0,0,0,0,0,0,28,0,0,0,0,0,0,0,0,0,0,0,0,0,0,0,0,0,0,0,0,0,0,0,0,0,0,0,0,0,0,0,0,0,0,0,0,0,0,0,0,0,0,0,0,0,0,0,0,0,0,0,
0,0,0,0,0,0,0,0,0,0,0,0,0,0,0,0,0,0,0,0,0,0,0,0,0,0,0,0,0,27,0,25,0,0,0,0,0,0,0,0,0,0,0,0,0,0,0,0,0,0,0,0,0,0,0,0,0,0,0,0,0,0,0,0,0,0,0,0,0,0,0,0,0,0,0,0,0,0,0,0,0,0,0,0,36,0,0,0,0,0,0,0,0,0,0,0,0,0,0,0,0,0,0,0,0,0,0,0,0,0,0,0,0,0,0,0,0,0,0,0,0,0,0,0,0,0,0,0,0,0,0,0,0,0,0,0,0,0,0,0,0,0,0,0,0,0,0,0,0,0,0,0,0,0,0,0,0,0,0,0,0,0,0,0,0,0,0,0,0,0,0,0,0,0,0,0,0,0,0,0,0,0,0,0,0,0,0,0,0,0,0,0,0,0,0,0,0,30,0,0,0,0,0,0,28,27,0,0,0,0,0,0,0,0,0,0,0,0,0,0,0,0,0,0,0,0,0,0,0,0,0,0,0,0,0,0,0,0,0,0,0,0,36,35,0,0,0,0,0,0,0,0,0,0,0,0,
0,0,0,0,0,0,0,0,0,0,0,0,0,0,0,0,0,0,0,24,0,0,0,0,0,0,0,0,0,0,0,0,0,0,0,0,0,0,0,0,0,0,0,0,0,0,0,0,0,0,0,0,0,0,0,0,0,0,0,0,0,0,0,0,0,0,0,0,0,0,0,0,0,0,0,0,0,0,0,0,0,0,0,0,0,0,37,0,0,0,0,0,0,0,0,0,0,0,0,0,24,0,35,0,0,0,0,0,0,0,0,0,0,0,0,0,0,0,0,0,0,0,0,0,0,0,0,0,0,0,0,0,0,0,0,0,0,0,0,0,0,0,0,0,0,0,0,0,0,0,0,0,0,0,0,0,0,0,0,0,0,0,0,0,0,0,0,0,26,0,0,0,0,0,0,0,0,0,0,0,0,0,0,0,0,0,0,0,0,0,0,0,0,0,0,0,29,0,0,0,0,0,0,24,0,0,0,0,0,0,0,0,0,0,0,0,0,0,0,0,0,0,0,0,0,0,0,0,34,0,0,0,0,0,0,0,0,0,0,0,38,0,0,0,36,0,0,0,0,0,0,0,0,0,0,0,
0,0,0,0,0,0,0,0,0,0,0,0,0,0,0,0,0,0,0,0,0,0,0,0,0,0,0,0,0,0,0,0,0,0,0,29,32,0,0,0,0,0,0,0,0,0,0,0,0,0,0,0,27,0,0,0,0,0,0,38,0,0,0,0,34,0,0,0,27,0,0,24,0,0,0,0,0,0,0,0,0,0,0,0,0,0,33,0,0,0,0,0,0,0,0,0,0,0,0,0,0,0,32,0,32,0,32,0,31,0,0,0,0,0,0,0,27,0,0,0,0,0,0,0,0,0,0,0,0,0,30,0,0,28,0,0,0,0,0,0,0,0,0,0,0,0,0,0,0,0,0,0,0,0,0,0,0,0,0,0,0,0,0,0,0,26,29,30,27,0,0,28,0,0,0,0,0,0,0,0,0,0,0,0,0,0,0,0,0,0,0,0,0,0,0,0,0,0,32,0,0,0,0,0,26,0,0,0,0,0,0,0,0,0,0,0,0,0,0,0,0,0,0,0,0,0,0,34,34,0,0,0,0,0,0,0,0,0,0,0,38,38,39,0,0,0,0,0,0,0,0,0,0,0,0,0,
0,0,0,0,0,0,0,0,0,0,0,0,0,0,0,38,38,36,0,0,27,26,0,0,0,0,0,0,0,0,0,34,0,29,0,0,33,0,32,32,0,0,0,0,0,0,29,0,0,0,0,0,0,0,0,0,0,0,36,0,38,0,39,0,29,35,0,0,27,28,0,0,0,0,0,0,0,27,0,0,0,0,0,0,0,0,38,0,0,0,0,0,0,0,0,0,0,0,0,0,0,0,0,33,0,0,33,33,0,0,0,0,0,0,0,0,0,27,0,0,0,0,0,0,0,0,0,0,0,0,0,0,0,0,0,0,0,0,0,0,0,0,0,0,0,0,0,0,0,0,0,0,0,0,0,0,0,0,0,0,0,0,0,0,0,0,28,0,30,0,0,32,0,0,0,0,0,0,0,0,0,0,0,0,0,0,0,0,0,0,0,0,0,0,0,28,0,0,0,0,0,0,0,0,28,26,0,0,26,30,27,0,0,0,0,0,0,0,0,0,0,0,0,0,0,0,0,0,34,0,0,0,29,0,0,33,0,0,0,0,0,37,0,0,0,0,0,0,0,0,0,0,0,0,0,0,
0,0,0,0,29,0,0,0,29,31,0,0,0,0,0,0,0,0,38,31,0,34,0,0,33,0,0,30,0,0,36,0,35,0,0,0,0,0,31,31,0,0,0,0,0,0,29,0,34,0,32,0,0,0,0,0,0,0,0,31,33,39,34,34,29,29,0,0,0,29,0,0,0,0,0,0,0,28,28,28,0,0,0,0,0,38,37,0,0,38,0,35,0,0,0,0,0,0,0,0,0,0,0,30,30,0,29,34,32,0,0,0,0,0,35,0,0,0,0,0,0,0,0,0,0,0,0,33,0,0,0,28,30,0,31,0,0,0,0,0,0,0,0,0,0,0,31,0,0,26,0,0,0,0,0,0,0,0,0,0,0,0,0,0,0,0,28,29,0,0,0,29,32,0,0,0,0,0,0,0,0,0,0,0,0,0,29,0,0,0,0,29,29,0,0,29,0,0,28,0,35,0,0,34,32,31,29,27,30,30,0,0,0,0,0,35,0,0,0,0,0,29,0,0,0,0,0,0,29,37,0,0,0,30,36,32,0,0,0,0,0,40,38,0,41,0,0,0,0,0,0,0,0,0,0,0,
0,0,0,0,0,30,0,30,31,31,0,0,0,0,0,0,0,0,38,27,0,27,0,36,0,0,0,0,0,0,0,36,0,36,30,0,0,0,33,33,31,0,0,0,0,0,0,0,0,31,31,33,0,0,0,36,0,32,0,33,35,34,0,34,30,31,0,29,30,0,0,0,0,0,0,0,0,0,0,29,0,0,0,0,0,0,35,0,0,34,0,0,0,0,0,0,0,0,0,0,0,0,0,0,0,31,31,31,31,34,32,0,0,35,36,0,0,0,30,0,0,0,0,0,31,28,32,34,0,30,30,0,31,34,0,32,0,32,0,0,0,26,0,0,0,0,34,0,0,39,40,0,0,0,0,0,0,0,0,0,0,0,0,31,0,0,29,0,0,0,0,0,32,0,0,0,0,0,0,0,0,0,33,0,0,0,0,0,33,31,0,0,30,31,0,0,32,30,32,29,36,0,33,31,28,32,30,30,28,0,0,34,0,0,0,0,36,0,0,0,0,30,0,0,0,28,0,39,29,0,0,37,0,36,35,0,0,36,35,36,34,0,0,39,0,0,0,0,0,0,0,0,0,0,0,0,
0,0,0,0,0,31,0,31,34,32,30,30,30,0,0,0,0,0,27,0,28,27,0,31,33,0,0,0,0,0,0,0,0,34,36,34,0,0,0,33,32,32,0,33,0,36,0,0,31,32,33,41,41,41,0,37,37,33,33,34,38,0,36,35,31,33,32,30,31,0,32,0,0,0,0,0,0,0,28,29,28,0,0,40,0,33,0,30,26,36,34,30,39,0,0,0,0,0,0,0,0,0,0,0,0,35,32,32,32,0,0,0,35,28,29,0,0,0,0,32,30,31,0,0,31,0,32,33,0,31,31,35,32,0,32,0,0,32,0,30,31,0,0,0,0,0,32,32,38,39,39,39,0,0,0,0,39,0,0,0,0,0,36,32,31,0,35,29,37,0,0,0,0,39,0,0,0,0,0,0,32,34,34,0,0,0,0,0,33,32,0,0,0,35,31,0,33,31,0,32,30,36,35,30,31,30,32,36,31,30,0,36,0,0,33,36,0,28,29,30,0,30,28,0,31,0,39,30,40,39,0,30,0,33,0,0,37,35,0,36,35,35,0,0,0,0,0,0,0,0,0,0,0,0,0,0,
30,26,0,0,32,33,0,30,32,30,30,35,32,30,31,34,31,37,27,0,29,28,26,37,31,34,33,34,35,0,0,35,0,29,36,35,34,34,35,31,40,40,33,32,40,0,39,0,0,37,43,43,42,44,41,41,35,37,33,33,38,36,35,35,32,39,31,30,37,0,0,0,0,0,0,0,34,0,34,29,29,29,0,0,42,0,37,31,32,34,37,37,29,39,33,32,0,0,0,0,0,0,0,0,25,0,25,34,35,38,34,41,37,0,0,29,0,33,0,33,0,31,0,30,32,33,26,37,25,0,27,38,42,0,0,0,0,0,32,0,32,33,32,29,0,0,0,31,36,34,41,35,0,28,0,0,34,39,0,26,0,0,37,0,33,37,0,35,34,31,36,0,40,0,36,30,0,0,0,0,33,33,32,37,0,33,0,0,38,0,33,0,32,34,32,36,30,34,0,33,32,31,34,31,30,28,32,29,36,32,31,35,34,0,37,37,0,0,30,0,30,29,27,30,30,31,41,31,42,40,0,36,27,33,35,0,37,0,31,0,33,35,0,0,0,0,0,0,0,0,0,0,0,0,0,0,
31,40,27,34,0,33,31,31,33,31,31,30,32,33,32,32,32,29,0,27,26,27,34,37,34,32,37,0,35,36,0,36,0,38,33,36,37,35,39,31,32,39,41,34,30,35,39,39,34,0,0,34,43,41,42,28,34,34,33,33,37,39,33,35,36,35,32,32,38,37,36,0,0,0,0,0,0,0,32,33,0,30,33,0,38,39,37,41,33,33,38,29,29,34,0,33,0,0,0,0,0,0,0,0,0,26,26,26,33,34,33,40,41,32,32,0,0,27,33,34,0,38,0,34,31,33,33,33,26,26,0,0,43,0,34,0,0,0,33,34,33,28,33,0,0,33,32,32,34,34,34,0,29,29,36,29,0,34,40,0,0,25,0,40,33,36,0,35,34,39,34,0,38,39,37,37,31,0,0,31,34,33,32,37,29,0,36,0,0,0,0,37,33,35,42,33,33,31,37,31,35,33,34,36,35,30,31,30,38,37,33,36,36,38,35,0,0,0,31,0,0,28,32,32,32,34,42,41,33,41,0,41,37,36,28,27,36,0,34,0,39,33,33,34,32,0,30,0,0,0,0,0,0,33,0,0,
29,36,37,0,0,37,34,36,35,34,29,38,37,0,33,36,30,30,30,27,25,28,30,35,38,38,39,34,0,37,36,41,0,40,36,39,34,37,30,38,39,41,35,34,35,40,37,36,35,35,40,36,44,45,34,42,35,40,0,34,36,35,36,36,38,36,35,40,35,38,36,36,0,33,0,0,32,35,33,33,0,33,31,38,38,43,41,42,34,35,34,34,37,29,35,34,35,33,34,0,0,0,0,33,0,0,0,27,27,36,41,42,42,41,32,42,32,37,32,0,34,34,0,0,0,0,33,33,27,27,0,42,0,0,0,0,0,0,34,36,0,30,36,29,0,30,33,32,34,31,35,35,37,30,37,39,30,38,35,0,35,0,36,33,40,34,38,36,32,31,37,35,35,34,31,39,0,0,0,30,0,30,36,36,29,29,39,31,37,43,0,37,37,39,42,34,29,32,37,37,34,34,37,36,36,36,36,31,32,38,34,35,36,40,39,39,38,36,0,0,31,29,30,33,30,29,28,34,34,43,0,41,36,36,28,37,36,0,0,0,39,34,35,40,39,31,31,36,0,0,0,0,0,0,34,0,
30,37,37,34,0,37,31,36,34,35,34,36,37,38,31,37,32,32,33,25,28,30,26,36,37,38,36,34,39,36,40,37,35,40,33,31,34,35,29,35,40,34,39,41,33,38,40,34,36,36,38,35,30,37,38,36,31,41,40,0,41,37,37,37,38,33,37,36,36,36,37,34,0,0,33,30,35,35,35,34,36,37,33,38,36,41,39,42,37,36,35,35,31,30,32,37,36,36,34,34,44,0,0,33,0,0,0,0,36,37,37,33,42,42,44,36,32,38,34,33,0,35,38,34,0,0,35,0,36,37,32,30,35,42,40,0,0,0,35,35,38,35,34,37,38,43,31,34,34,38,32,35,34,37,37,40,40,31,36,34,30,0,37,37,33,39,0,0,34,32,33,38,38,34,32,39,34,30,41,34,0,31,34,34,36,33,31,36,35,41,43,39,37,37,38,38,29,30,43,38,38,36,33,37,36,37,36,35,32,35,34,35,42,37,30,40,39,36,36,36,36,33,30,32,32,31,34,33,35,41,43,33,38,38,36,37,37,36,37,36,35,40,38,36,39,34,34,0,0,0,36,0,36,34,34,0,
34,40,38,30,34,39,33,32,35,35,35,40,0,34,37,34,32,33,0,31,34,31,30,32,39,37,41,35,38,36,37,39,36,33,34,38,34,35,39,37,36,39,39,35,33,39,35,38,34,35,35,36,31,38,38,40,37,34,33,40,33,39,34,33,38,38,32,37,31,38,37,36,32,35,33,35,36,33,36,35,37,38,35,36,37,37,37,38,38,38,37,37,37,31,30,32,37,35,35,35,39,0,38,40,34,36,0,0,38,36,36,30,35,43,42,36,40,39,36,32,34,0,37,38,36,36,33,0,36,36,35,36,36,36,41,0,0,0,34,37,39,37,34,38,38,44,43,41,35,44,36,37,36,34,0,37,40,41,39,38,36,35,37,37,38,40,0,33,33,38,34,36,38,35,35,36,35,30,30,31,35,33,32,34,34,34,31,38,35,37,34,39,38,38,39,34,36,43,43,43,35,37,39,35,37,37,34,39,33,40,39,41,42,41,36,36,39,36,36,38,37,33,38,36,33,33,32,35,34,34,37,34,34,36,37,38,39,40,39,37,36,38,37,37,39,35,36,35,35,38,36,36,36,36,36,41,
34,0,39,39,35,35,39,39,33,36,35,41,42,35,38,36,32,33,33,35,32,33,31,41,37,40,36,41,42,42,39,37,37,35,34,36,33,39,31,41,42,36,33,35,40,38,40,39,34,38,38,36,36,38,39,41,41,33,40,35,39,39,38,42,34,39,38,33,36,39,38,37,32,41,34,34,40,34,37,38,38,37,38,39,37,38,34,34,39,37,37,35,37,36,30,33,32,33,33,42,33,32,39,39,42,33,37,30,39,37,39,38,31,36,42,38,36,37,36,32,39,41,38,33,37,38,0,39,38,39,36,36,39,42,42,42,38,37,37,38,36,39,34,35,34,45,43,42,42,45,37,36,36,34,36,35,0,35,37,38,38,36,34,37,38,39,35,38,34,41,34,37,39,34,35,33,36,32,30,37,31,42,33,33,32,41,42,39,40,33,34,39,39,39,39,35,37,43,38,42,40,40,40,36,34,38,35,35,34,33,35,40,43,42,40,38,38,35,37,38,33,38,32,37,34,36,34,33,34,38,38,43,35,41,37,40,38,41,39,38,39,36,39,36,37,36,36,36,37,39,36,39,37,36,37,36,
39,0,0,34,35,33,32,40,34,34,36,37,34,37,36,34,33,37,34,33,33,34,32,41,38,43,40,39,43,42,41,38,36,38,35,36,33,38,37,34,40,42,36,44,40,40,39,36,35,39,39,47,36,46,39,34,42,38,33,36,41,39,37,39,39,40,39,39,38,38,38,39,37,32,41,38,42,37,37,38,39,39,39,38,38,37,42,39,33,38,39,36,35,30,35,31,36,34,33,32,34,35,43,44,31,34,34,30,35,36,31,38,40,31,40,45,41,42,38,41,41,41,37,38,35,38,35,38,33,39,36,33,40,40,43,40,39,38,40,38,41,40,35,36,35,35,39,43,40,42,38,37,38,35,36,36,35,36,0,39,40,39,38,35,37,39,34,33,41,40,38,40,40,35,35,40,33,33,31,35,32,43,38,34,36,33,42,42,37,31,35,35,39,40,36,39,42,37,41,37,42,42,31,35,39,34,35,35,35,34,37,34,42,41,40,35,38,39,38,37,34,36,35,38,37,36,36,41,38,39,39,44,42,43,38,36,36,37,38,39,39,38,38,39,40,37,38,38,37,36,41,40,39,39,39,38,
38,35,39,35,34,38,34,33,38,33,38,38,43,39,37,38,35,38,37,34,38,34,33,32,43,44,44,40,36,43,37,34,37,39,37,35,39,39,35,40,35,42,38,40,40,37,41,41,39,38,40,38,47,35,36,34,44,35,40,39,37,35,40,43,37,41,41,45,39,44,39,37,37,37,40,38,35,39,41,40,40,40,39,41,42,41,43,37,33,34,38,35,32,39,36,32,36,34,35,35,41,33,37,38,36,31,35,32,36,35,42,41,41,33,40,43,45,40,41,40,42,41,42,37,36,36,38,37,34,37,33,38,36,41,36,40,38,35,42,42,42,38,39,40,37,34,35,40,40,41,39,37,37,38,35,37,33,34,0,40,41,38,39,34,38,34,38,34,35,42,40,39,38,39,36,40,33,36,38,36,36,44,35,36,35,36,34,40,38,31,30,35,36,41,34,37,40,42,38,42,41,43,39,33,39,33,36,36,40,35,38,38,38,38,35,36,34,38,39,38,35,43,36,38,38,40,37,36,39,40,39,36,42,37,37,39,37,39,39,39,39,43,40,39,41,36,40,38,38,38,39,39,40,39,41,40,
40,36,37,35,35,34,39,40,39,34,34,36,39,37,38,39,40,38,37,38,38,35,38,33,33,42,42,37,36,36,41,40,34,34,39,38,33,36,33,40,39,40,39,40,41,38,39,39,38,39,37,37,43,35,39,46,43,36,37,35,41,36,41,44,39,38,37,37,36,38,45,38,41,40,40,41,42,41,40,37,41,38,37,40,39,39,38,41,39,35,34,39,34,40,35,35,36,35,36,41,38,43,43,38,37,35,32,37,35,34,43,43,35,34,35,40,43,41,44,37,43,38,39,35,36,42,37,39,38,38,40,39,36,41,37,33,36,38,42,40,42,45,42,42,38,40,34,40,32,40,40,39,37,33,36,41,35,43,37,38,41,41,40,39,38,38,39,35,39,41,36,42,38,39,40,36,41,36,38,38,38,40,36,36,35,37,36,39,39,44,32,31,37,36,42,34,43,43,42,40,44,41,40,39,34,39,35,36,37,41,39,39,40,41,39,39,38,38,39,32,40,44,44,44,43,39,39,38,39,38,42,39,39,40,38,37,40,39,40,41,38,44,37,46,41,38,41,35,39,39,41,39,39,41,40,41,
41,40,37,41,33,35,42,41,42,36,36,35,32,38,39,40,38,40,39,38,38,40,38,38,39,43,39,42,37,37,36,42,40,34,40,39,33,39,37,39,38,36,39,41,40,38,40,43,38,39,37,38,38,40,40,47,46,47,42,38,41,38,39,38,40,39,38,38,36,43,38,37,41,45,39,43,42,43,39,44,38,38,38,38,39,40,40,39,38,40,35,35,34,38,36,37,36,36,36,36,46,44,39,41,40,43,41,39,38,37,35,41,30,34,35,36,38,43,41,37,38,38,38,36,35,42,38,39,38,40,42,42,41,37,37,38,36,34,43,40,40,34,41,40,40,40,41,37,39,41,41,39,38,40,42,42,38,35,44,35,38,37,41,36,37,35,34,36,40,41,37,45,42,40,40,37,39,38,39,38,43,43,39,40,41,41,38,40,40,42,45,32,32,40,41,35,41,44,43,41,45,45,36,38,38,40,34,38,40,39,40,41,41,42,38,38,34,37,38,39,33,34,44,38,39,40,40,40,40,37,39,39,40,38,38,39,40,42,38,39,39,42,40,36,42,41,38,41,43,42,39,38,39,41,42,43,
43,41,40,35,35,40,40,36,41,37,37,38,42,34,35,38,37,40,40,39,41,37,41,39,38,40,45,40,41,38,37,39,39,44,41,35,43,37,37,38,42,41,36,37,36,41,38,38,42,37,41,44,41,39,43,40,38,41,42,40,38,40,39,43,41,43,41,38,39,43,39,40,38,42,38,40,44,41,41,40,43,38,38,37,44,40,40,40,38,42,36,37,36,42,36,34,36,37,35,38,42,41,40,42,43,42,38,40,39,32,38,39,36,36,34,34,38,39,40,41,37,41,41,42,35,38,42,38,40,40,42,43,42,39,38,44,37,39,43,41,40,35,43,41,41,40,38,43,40,41,39,42,39,40,41,43,43,35,41,36,42,39,38,37,36,36,36,35,37,43,38,43,41,41,40,37,38,39,41,38,40,34,41,41,40,40,40,43,41,43,43,44,39,33,41,42,41,41,44,39,43,40,39,40,39,40,34,38,41,40,38,37,44,43,41,36,35,36,38,40,38,39,45,38,40,39,40,40,39,38,38,42,38,43,35,43,40,40,39,37,38,42,41,37,41,42,40,41,43,41,39,38,39,43,42,43,
37,40,41,35,39,40,42,40,37,37,34,37,36,35,38,37,40,41,40,43,43,41,38,39,42,40,42,41,38,39,39,36,43,44,41,36,41,36,40,39,41,38,42,39,38,37,39,39,43,38,40,35,42,42,42,44,41,45,42,43,42,41,40,38,40,42,40,45,39,40,39,40,41,41,42,42,40,42,41,41,41,38,39,39,44,41,47,42,42,39,43,36,37,40,40,35,39,38,36,38,38,41,42,42,45,43,40,33,41,37,39,37,41,37,39,40,42,40,38,42,43,39,41,39,36,37,37,41,41,39,40,43,40,42,40,45,44,42,38,47,39,38,38,38,43,42,41,43,44,41,41,35,39,42,41,41,41,37,36,37,39,43,40,41,39,37,38,36,44,42,44,44,41,42,44,41,41,38,39,39,45,39,35,40,41,40,42,40,43,42,42,43,40,34,43,42,41,39,39,39,46,45,40,40,37,40,40,43,41,42,36,38,38,39,40,38,37,36,37,42,38,41,42,39,40,40,41,42,40,40,41,43,44,40,43,42,38,43,40,39,41,37,40,38,38,38,42,40,43,40,41,39,40,41,42,41,
36,39,37,37,39,39,43,37,43,38,38,42,36,36,45,42,42,44,43,43,44,42,41,41,45,42,42,41,40,38,39,43,42,43,40,42,44,39,37,38,38,38,39,39,42,38,40,36,37,36,37,38,43,43,40,41,43,43,45,42,42,41,41,40,41,45,45,41,42,39,40,43,47,42,42,36,41,40,41,41,39,40,40,39,40,46,42,47,38,40,42,42,42,40,41,38,41,37,39,44,39,44,40,43,42,40,43,43,40,34,40,40,39,41,40,37,41,39,41,43,41,39,43,42,39,37,39,37,37,39,37,41,40,45,41,46,46,40,40,39,40,40,44,44,44,38,40,44,45,36,36,39,40,41,41,41,42,42,42,40,42,44,42,37,38,40,43,36,44,43,43,39,45,43,43,39,37,44,39,39,45,42,36,40,43,43,42,41,43,44,44,43,43,43,42,43,38,39,38,40,46,46,45,41,40,40,38,41,39,40,41,36,39,40,38,44,45,41,43,43,42,38,42,40,41,41,41,41,40,42,40,43,44,42,41,40,41,44,39,40,40,37,36,38,39,39,45,39,44,41,41,40,41,40,39,42,
37,44,43,40,42,43,43,43,44,46,38,43,42,45,43,43,44,42,43,44,43,43,42,43,42,43,45,45,40,38,39,42,42,43,41,44,41,40,40,39,38,38,38,49,45,43,38,42,41,45,41,38,45,39,45,45,42,43,43,41,42,43,41,39,40,41,37,46,43,41,43,39,42,39,42,36,36,41,41,40,42,41,39,40,39,42,41,41,48,38,44,44,43,47,46,40,41,40,40,43,39,45,40,43,40,40,41,47,41,45,45,43,40,43,40,45,39,40,38,43,45,42,41,38,44,40,40,37,37,42,42,37,40,44,44,45,44,41,41,42,47,47,41,44,44,41,42,42,38,37,48,40,46,48,43,40,42,43,43,38,45,46,43,44,38,39,41,37,44,45,39,41,40,39,44,42,41,40,39,39,38,37,40,42,45,45,44,41,42,41,44,40,44,43,41,43,43,39,39,46,38,46,46,41,40,42,41,41,42,42,41,39,46,36,39,43,40,41,44,46,43,44,42,43,41,43,43,41,42,42,41,41,43,43,43,40,41,41,40,40,37,37,37,42,39,39,39,44,44,38,39,40,40,43,42,43,
41,45,39,40,41,40,43,45,44,45,45,44,44,38,46,43,45,43,44,44,44,43,43,42,43,46,46,45,42,42,47,45,44,44,43,46,41,40,42,39,41,39,49,39,38,44,44,44,40,45,42,40,40,43,45,45,45,43,43,43,42,43,41,40,42,41,46,37,42,44,41,41,42,44,47,43,43,42,41,41,41,41,40,39,42,42,40,45,41,40,47,46,44,44,45,40,42,39,41,41,45,45,45,45,44,40,41,47,46,46,46,41,36,44,42,42,42,41,41,44,41,43,44,40,45,44,40,37,45,44,42,40,41,39,43,45,45,41,43,44,47,48,42,44,42,42,41,38,41,45,38,45,43,48,47,42,41,43,40,39,42,38,45,46,39,39,40,42,43,44,45,48,41,41,39,40,41,40,40,39,39,42,42,45,44,45,43,45,44,43,46,41,41,44,44,43,47,41,45,45,44,41,40,41,41,39,41,43,47,43,42,40,47,38,40,42,43,42,43,46,45,43,43,43,41,41,42,43,45,44,47,49,43,44,40,44,42,47,43,41,44,38,45,37,43,43,40,40,39,39,42,40,39,40,44,44,
45,42,45,45,42,42,42,43,45,45,46,43,38,38,43,46,46,45,46,44,44,43,43,43,46,45,46,45,45,41,43,49,45,44,44,42,43,42,42,43,41,41,44,39,40,42,44,44,46,41,42,41,41,45,43,40,41,44,43,43,43,44,42,42,47,42,42,46,46,44,39,40,50,44,44,43,38,44,44,42,42,45,45,40,43,40,41,43,47,41,41,47,47,47,49,40,44,42,41,42,42,43,43,47,44,42,42,44,46,47,48,41,42,36,44,43,40,41,43,40,42,40,45,45,45,40,43,41,40,45,44,40,41,38,40,43,46,46,44,45,48,49,49,42,45,43,43,39,43,45,47,45,47,49,47,43,42,42,44,44,46,39,44,45,42,49,39,43,43,43,43,42,40,46,42,40,40,42,41,45,41,44,45,41,45,46,47,46,46,45,45,46,43,44,43,45,43,42,45,45,45,45,42,42,44,39,43,43,47,46,45,45,47,41,42,44,42,43,42,47,39,44,44,44,43,42,41,41,45,45,50,44,43,44,45,42,43,45,44,43,46,45,45,41,43,44,47,46,39,45,42,42,43,44,44,45,
45,45,43,43,44,43,43,44,40,43,45,46,43,39,44,44,42,46,43,47,45,42,44,44,45,46,48,45,47,45,42,44,48,40,45,43,40,45,43,43,46,49,47,42,42,42,45,45,42,43,42,46,41,42,41,41,43,44,41,48,38,45,43,45,48,45,43,46,44,45,45,49,49,50,47,49,45,41,39,45,41,46,43,45,46,45,48,44,45,42,49,44,48,48,49,41,45,43,43,42,42,50,44,40,44,43,44,45,45,50,44,43,42,40,45,42,42,42,43,41,45,40,41,40,41,41,42,45,41,40,41,40,40,38,44,44,43,47,44,47,45,44,49,43,45,43,46,43,44,45,46,44,47,49,49,48,42,44,39,45,43,41,44,44,44,47,45,47,43,43,43,45,45,41,43,44,41,44,45,44,45,44,46,46,46,46,47,46,47,46,45,45,44,47,45,46,43,44,44,45,45,45,45,43,44,42,46,43,47,46,48,44,41,48,42,44,44,44,42,47,40,49,50,48,43,44,47,41,41,49,50,47,47,46,46,42,42,42,46,46,46,44,46,45,45,41,47,46,47,49,48,43,43,44,48,47,
44,46,45,45,41,45,42,44,41,46,46,47,46,44,45,45,48,48,44,48,48,45,42,45,45,47,48,49,46,46,46,45,42,41,42,46,45,41,46,44,44,45,44,43,44,44,45,46,45,45,43,45,43,42,44,44,45,44,41,44,48,46,40,46,45,44,46,45,45,43,46,45,47,45,50,48,47,42,40,40,42,41,44,47,48,45,46,43,48,43,49,44,44,43,47,49,40,45,45,43,46,47,49,41,44,44,45,46,44,45,47,45,46,46,41,41,40,43,41,43,39,44,42,41,43,47,45,40,46,40,44,42,44,49,44,47,45,44,42,46,44,45,45,42,45,44,48,48,44,45,44,44,48,47,41,45,40,44,44,41,44,41,46,43,45,44,45,48,45,44,46,46,42,44,43,45,43,45,46,46,46,49,46,51,45,46,49,45,46,46,45,45,39,47,47,42,44,45,45,45,46,46,46,46,44,42,43,50,46,44,45,45,44,47,44,45,42,45,44,43,47,44,49,46,44,44,44,46,49,45,50,46,46,47,43,44,45,43,42,44,47,47,45,44,43,43,42,49,47,48,49,48,48,49,45,49,
45,44,43,46,49,42,44,47,42,48,42,46,44,45,47,46,46,40,49,40,43,47,48,45,46,42,46,49,48,46,44,45,45,45,45,45,45,45,45,46,42,42,50,49,43,44,45,43,44,45,44,46,45,46,44,43,44,45,47,47,45,46,48,43,45,45,47,47,46,44,42,43,51,52,51,47,48,47,48,42,43,49,45,45,46,48,46,51,42,46,49,45,48,43,44,48,42,40,40,45,44,45,49,42,40,48,45,42,46,46,47,45,46,46,48,42,44,42,41,45,40,40,47,43,43,47,46,46,48,41,45,44,43,45,45,44,45,47,43,44,47,45,46,47,46,46,41,48,44,45,44,43,49,48,53,52,50,44,41,41,42,43,44,47,44,41,46,48,46,45,47,48,48,45,45,44,46,49,41,43,46,46,47,46,48,51,50,46,46,47,47,48,46,40,40,49,42,43,47,45,46,47,48,47,46,45,43,49,47,48,44,45,45,44,47,45,44,42,48,41,47,47,43,46,46,52,45,50,41,46,47,44,45,44,43,43,47,46,45,43,46,48,47,45,46,44,47,42,49,47,45,50,49,49,48,49,
46,43,47,48,48,48,50,48,45,47,46,44,45,46,47,46,46,46,46,46,49,43,42,45,43,43,46,47,51,52,48,45,46,43,48,46,46,45,46,44,44,45,44,50,43,43,45,45,44,48,45,44,45,48,45,49,45,45,46,47,49,46,46,43,45,46,46,48,45,42,42,52,43,52,51,48,48,48,48,43,51,45,49,46,46,47,49,49,43,43,46,48,43,51,45,49,49,41,42,41,45,48,45,46,41,49,44,43,47,46,46,46,46,46,47,44,45,42,48,42,43,45,44,46,43,43,45,47,43,45,46,47,43,44,44,45,49,46,48,48,45,44,49,47,48,48,47,48,49,44,44,45,47,49,47,44,43,46,42,45,46,43,47,48,43,42,49,49,49,49,46,45,47,46,44,45,46,45,47,42,45,42,47,47,46,46,52,49,47,47,46,48,47,47,49,49,49,52,44,47,47,45,48,46,47,51,46,46,47,44,44,45,45,45,47,44,48,48,47,46,46,47,44,48,46,47,47,48,48,51,46,46,47,49,44,42,44,45,47,44,45,47,46,46,48,45,50,48,42,46,46,49,48,48,47,49,
45,50,47,50,46,46,52,46,47,47,46,47,48,47,46,43,46,42,47,46,46,46,43,44,47,47,44,46,43,51,53,48,45,45,48,47,48,49,48,45,47,46,44,46,44,44,44,45,42,47,49,45,46,46,46,49,49,44,48,47,49,49,45,44,46,45,47,50,45,51,43,45,45,44,50,50,50,47,49,45,51,50,51,51,45,48,49,47,47,49,43,48,47,53,52,49,43,45,43,46,47,51,46,48,46,45,45,47,45,42,47,47,48,47,47,45,45,49,43,43,44,45,46,47,47,50,49,46,43,45,46,46,43,51,46,46,51,50,49,48,48,45,45,49,44,46,48,45,47,48,44,47,48,49,45,46,46,46,46,48,43,47,48,47,46,46,49,48,50,51,45,45,49,47,45,45,48,45,48,48,46,46,47,46,47,48,52,51,51,47,47,49,49,46,45,46,46,46,45,45,49,42,46,47,50,48,47,47,47,47,50,47,47,46,45,46,51,47,47,47,46,46,47,50,50,49,48,48,48,48,50,47,48,47,51,48,43,41,41,45,48,48,47,47,48,48,48,47,49,48,45,45,46,48,48,50,
51,50,50,48,51,49,52,47,47,48,48,48,47,49,45,47,46,50,49,48,48,43,47,46,45,50,46,45,47,47,50,47,49,47,48,48,49,47,45,46,47,46,46,45,44,45,45,43,47,47,47,50,46,48,47,48,47,46,48,48,50,49,49,47,47,46,48,50,52,52,44,44,44,47,47,44,46,46,48,49,47,51,46,53,51,46,47,48,48,49,45,49,48,51,48,44,47,46,44,46,46,49,46,43,45,44,53,48,46,43,42,50,47,51,51,49,51,49,46,47,45,45,50,49,51,50,47,50,47,47,49,46,49,50,45,47,50,44,47,49,48,50,47,48,45,45,46,47,48,48,47,49,46,49,46,46,45,47,50,46,50,47,48,42,48,47,47,47,52,46,46,46,46,48,50,46,45,48,50,51,48,49,47,48,47,46,46,48,53,50,46,49,50,50,48,48,46,46,45,47,49,43,46,47,50,53,48,52,49,48,47,44,47,47,45,48,52,48,48,43,49,50,50,52,52,47,46,48,49,49,44,49,47,49,52,46,49,42,47,46,40,49,49,48,49,46,43,48,45,44,48,46,48,47,48,47,
51,51,50,49,47,48,49,47,44,47,49,49,49,49,53,46,49,45,51,49,50,49,48,49,48,50,46,49,50,47,44,46,46,47,49,48,47,47,47,50,50,47,51,46,46,45,47,47,51,51,47,51,52,46,47,48,47,50,49,48,48,49,50,50,48,47,46,49,47,52,50,46,46,47,48,49,48,47,49,47,46,50,46,53,51,47,48,48,48,49,48,45,49,50,49,51,49,50,44,50,49,49,49,48,46,47,53,48,48,47,51,46,47,53,50,51,51,47,50,46,48,46,45,50,48,51,47,48,47,48,47,48,50,51,47,44,49,44,49,47,47,47,51,49,48,49,49,46,46,49,47,49,48,46,49,47,47,48,50,46,50,48,44,49,45,47,49,47,48,47,44,46,47,46,48,45,47,48,49,50,49,49,49,49,49,49,47,48,49,53,48,47,48,48,50,48,54,50,51,48,48,50,48,53,52,50,52,48,52,48,50,46,44,47,48,49,53,48,47,44,46,49,51,53,54,48,50,51,50,46,48,45,48,47,50,47,47,42,47,54,50,51,50,47,50,49,49,44,50,45,51,46,48,48,49,48,
52,50,50,52,48,49,49,48,45,49,52,51,52,50,45,50,46,53,49,46,50,48,49,46,49,50,51,50,50,51,46,47,50,48,48,48,47,46,49,48,53,50,48,47,48,46,48,51,51,52,50,50,50,44,52,49,45,44,49,49,50,46,49,51,49,49,48,49,47,50,49,50,46,50,47,48,48,48,47,49,53,50,52,46,53,46,48,48,48,49,49,49,49,52,52,48,53,48,49,47,50,47,47,49,47,48,55,54,54,48,46,52,53,53,51,48,51,50,50,48,48,50,54,46,52,48,47,48,50,48,48,52,45,48,48,45,50,45,54,51,47,48,47,47,47,49,50,49,49,47,49,48,51,47,50,48,49,48,50,50,48,49,46,46,46,48,48,50,49,51,48,49,48,48,48,49,47,51,50,51,46,51,50,49,50,49,50,48,50,50,53,51,47,49,49,50,48,49,49,46,49,49,52,49,50,53,48,46,48,48,47,49,49,44,48,50,49,46,47,48,46,45,53,50,50,49,50,50,49,47,46,49,48,47,47,52,46,47,50,48,41,51,48,48,51,48,50,50,49,49,52,46,48,49,47,49,
46,51,50,48,49,48,50,47,49,50,52,50,52,52,50,51,47,47,46,46,47,47,51,49,50,48,50,52,51,50,47,48,48,48,51,50,48,48,49,50,49,52,51,52,47,49,47,48,47,52,47,49,51,48,51,48,46,43,45,44,46,47,47,49,50,53,52,50,51,49,50,52,51,50,51,47,48,52,47,47,47,54,54,53,45,47,45,50,49,48,51,50,47,53,51,49,49,46,50,50,51,49,47,47,47,45,47,48,50,50,50,50,53,50,54,49,49,51,49,50,49,49,52,53,52,52,50,48,50,52,48,51,49,46,46,50,46,51,46,49,50,48,50,48,49,49,47,49,48,48,51,51,48,51,48,49,50,50,51,50,50,54,49,47,46,46,52,48,49,51,49,47,50,48,49,49,48,52,50,51,49,48,50,52,49,51,50,49,50,52,46,52,47,47,49,51,52,50,49,49,49,48,49,50,49,47,52,48,48,48,47,49,49,46,52,51,52,50,49,48,48,46,53,52,51,51,51,47,49,51,50,47,48,49,46,48,48,49,49,50,50,50,49,53,48,49,53,49,50,53,51,47,50,51,48,48,
51,46,51,50,45,48,45,50,51,55,51,46,47,48,52,51,48,50,54,46,46,49,50,46,48,49,51,53,51,51,47,52,48,52,50,49,49,51,51,47,51,50,47,52,51,51,47,52,47,47,51,48,51,50,51,49,47,47,47,45,50,47,48,54,50,53,52,51,50,49,53,52,50,49,51,47,51,51,48,52,50,53,47,55,47,48,49,51,51,51,50,50,48,48,48,51,49,49,49,51,52,52,52,48,50,48,50,48,50,50,50,48,51,50,49,48,50,49,49,55,50,49,52,55,53,50,53,54,52,49,48,50,51,49,53,47,51,50,47,49,53,49,50,49,50,53,51,53,50,48,47,49,51,53,49,51,50,51,50,50,51,54,49,47,51,54,49,50,53,53,52,49,50,53,55,50,52,48,48,48,47,48,51,51,51,50,51,51,51,46,49,51,52,47,46,50,53,51,50,48,49,49,49,51,51,53,50,48,49,47,50,50,48,47,47,51,51,51,52,51,51,47,50,48,48,52,50,50,50,52,51,48,48,50,49,52,51,48,53,47,50,49,50,51,53,54,54,51,51,50,53,53,51,49,49,49,
50,51,54,51,52,45,48,49,49,48,47,48,50,49,50,51,48,52,50,47,50,51,47,51,49,47,48,48,53,52,52,52,52,52,49,50,51,52,50,48,51,51,53,53,52,52,53,50,50,48,51,49,52,52,51,49,49,49,48,51,51,50,51,51,49,54,51,51,51,51,48,52,51,49,51,52,50,52,53,54,53,50,48,50,54,51,49,49,51,51,51,50,50,52,51,52,50,50,48,52,52,53,46,46,48,51,53,50,53,51,49,49,51,51,50,49,49,51,50,50,55,56,50,49,48,53,55,54,50,52,50,50,52,52,53,48,51,52,51,51,53,51,50,49,53,50,54,51,51,50,50,51,48,54,50,51,53,52,51,51,49,51,53,54,49,50,50,54,52,52,54,54,50,50,54,51,53,50,49,49,53,48,49,49,49,51,55,53,49,48,48,47,51,47,48,52,48,51,47,50,47,50,52,49,54,54,51,49,49,49,51,48,49,52,50,51,50,51,51,52,52,48,50,50,52,53,50,50,50,54,49,48,51,48,49,51,49,53,54,50,49,50,51,51,56,52,51,55,53,51,51,53,51,49,49,50,
50,52,50,52,46,46,50,52,50,49,49,54,54,51,50,50,52,52,52,51,49,52,52,51,50,49,51,49,57,49,52,52,53,48,53,52,50,51,51,51,52,51,53,49,51,54,50,51,51,52,52,50,52,50,49,49,50,49,51,49,52,51,52,51,51,51,50,51,52,53,49,52,53,50,51,52,51,53,51,52,51,54,51,51,51,53,49,52,52,55,52,50,50,51,53,52,54,50,53,49,50,51,48,51,47,50,52,51,52,49,49,50,52,51,52,55,50,52,50,50,50,54,50,51,51,54,54,54,54,50,50,52,51,53,49,48,51,49,50,52,51,52,50,54,54,53,52,47,52,50,51,51,49,51,51,53,49,55,53,53,51,52,52,53,48,50,48,53,53,52,53,53,51,51,51,52,53,51,50,51,55,52,54,49,50,51,55,52,54,49,49,49,51,51,51,51,51,52,51,52,49,48,52,49,54,55,51,49,49,48,51,54,49,53,54,52,52,52,53,53,54,48,50,53,53,52,52,52,54,52,50,51,52,49,50,48,48,51,54,50,53,49,54,52,56,54,52,53,52,53,51,52,51,51,51,50,
51,50,56,51,53,51,52,51,55,50,52,55,55,52,51,53,54,52,54,52,52,54,53,54,53,51,51,49,57,50,51,53,52,52,54,52,53,52,52,54,53,53,53,50,54,52,53,51,51,53,52,51,51,53,52,54,51,51,52,50,50,50,53,48,52,53,49,54,53,53,50,50,53,51,54,54,53,57,53,51,51,53,52,53,52,52,52,50,52,55,53,51,50,50,54,53,52,52,51,50,52,50,49,52,48,53,51,52,55,50,54,56,51,52,52,50,54,50,50,51,51,53,51,52,53,54,54,53,53,54,51,53,52,53,52,50,52,52,52,49,54,53,55,51,54,54,53,56,54,51,51,51,52,51,55,52,50,53,55,53,55,52,53,54,54,53,50,53,50,53,54,49,55,55,54,52,51,50,51,54,56,53,52,53,57,57,50,53,51,51,50,49,53,53,54,55,51,55,53,53,50,49,53,49,55,50,49,51,50,55,49,53,49,50,49,49,52,52,51,53,52,52,52,50,51,52,54,53,51,52,53,52,55,52,53,49,49,54,52,52,52,54,54,52,57,57,51,54,54,51,52,52,51,52,50,53,
51,52,55,55,55,51,53,52,54,56,53,54,52,53,52,53,51,53,54,51,51,55,57,54,50,52,51,54,56,51,52,53,52,53,53,54,57,53,54,54,54,55,51,52,55,51,51,54,52,54,54,53,55,54,52,53,53,52,52,51,55,53,51,48,54,53,50,52,50,53,54,55,53,52,55,49,53,57,54,52,54,50,53,50,52,53,53,52,51,55,54,52,51,54,51,54,51,51,53,55,52,52,50,53,50,55,54,55,53,55,54,55,56,53,54,52,55,52,50,52,52,50,50,54,55,54,55,54,53,55,53,56,53,53,51,51,51,50,52,53,54,55,53,52,55,54,53,56,57,55,54,53,54,56,55,50,51,55,51,55,53,55,51,53,55,52,52,53,54,52,54,53,55,57,52,53,52,51,53,52,52,53,52,53,53,58,58,51,53,53,51,49,50,56,52,52,55,54,53,53,54,53,53,54,56,53,55,52,54,55,55,51,50,52,50,51,53,52,52,55,53,53,54,54,52,53,54,48,49,50,54,55,55,53,50,53,50,50,52,51,53,52,53,53,55,51,52,53,55,54,54,51,53,52,52,51,
53,51,57,56,56,51,57,55,56,55,57,53,54,53,52,53,53,58,54,52,52,51,58,56,54,54,51,55,52,56,53,53,53,55,53,53,53,50,56,53,55,56,54,54,53,52,53,54,56,54,53,53,54,51,55,53,51,54,51,55,56,55,54,53,53,54,51,53,53,54,54,55,53,53,56,50,56,53,52,55,53,52,52,51,53,55,54,53,52,55,53,55,51,53,51,56,55,55,54,53,55,52,52,54,56,50,55,51,54,54,52,55,55,55,50,51,51,53,55,51,53,52,52,55,55,54,57,55,54,53,53,54,52,56,54,52,52,52,50,51,50,51,54,54,54,51,53,54,55,56,54,54,54,55,56,53,50,50,55,56,55,53,54,54,54,53,55,53,54,55,56,53,53,55,52,52,52,52,53,53,54,53,53,55,52,53,52,52,56,55,54,51,51,55,55,52,53,55,54,53,53,53,54,54,54,55,53,52,51,54,55,56,51,53,51,52,52,53,53,53,54,54,54,53,55,55,54,49,49,52,53,50,55,56,51,54,51,50,53,56,52,54,53,53,52,50,52,55,53,54,55,54,52,54,53,53,
58,56,56,55,56,55,54,55,56,54,55,54,54,55,57,54,52,58,59,53,53,53,59,53,52,53,55,51,53,55,56,56,53,54,54,54,55,54,51,52,54,50,56,56,55,52,53,53,52,55,54,57,56,54,53,56,51,52,52,51,54,53,55,56,53,55,54,53,54,55,55,56,56,52,58,57,58,50,54,57,57,55,53,54,54,52,58,53,57,58,57,52,52,54,56,50,55,53,55,54,54,55,53,53,53,51,51,56,53,52,51,53,53,51,53,52,52,54,56,56,54,56,53,54,54,55,55,57,57,57,56,54,55,52,56,55,54,54,51,51,51,51,52,55,50,55,53,56,56,55,58,52,55,55,55,51,53,52,51,57,56,54,55,54,54,56,53,56,55,55,54,53,51,55,56,53,55,53,53,54,56,53,53,53,54,54,52,54,57,56,54,52,55,56,55,54,53,54,54,51,55,53,54,56,56,54,52,50,52,52,53,55,53,52,53,53,53,53,53,51,52,52,54,51,54,54,55,54,50,53,53,52,56,56,54,53,54,54,57,53,53,53,56,55,53,54,54,54,55,53,56,55,55,55,54,53,
55,56,55,54,56,55,56,56,55,56,53,54,54,55,55,56,53,53,59,52,54,57,58,57,55,56,56,55,57,55,53,56,55,54,55,56,54,55,54,53,51,51,54,56,54,54,53,53,55,53,52,57,56,57,54,58,57,55,54,53,51,56,55,55,55,54,53,54,54,56,56,56,56,53,58,58,53,58,53,57,56,57,56,56,54,53,54,58,59,54,57,52,53,52,55,56,51,53,55,56,55,56,54,54,57,55,57,57,55,53,53,54,52,55,55,56,54,52,55,52,58,54,57,53,56,54,56,55,56,57,56,56,55,55,54,55,55,54,52,54,57,54,53,55,51,50,56,53,56,58,58,57,53,54,53,52,52,55,54,54,55,55,54,55,55,56,57,56,57,54,53,54,52,53,54,56,52,54,54,56,56,53,54,54,55,54,58,55,54,57,54,51,55,53,56,54,55,55,54,55,56,56,54,57,56,54,56,55,52,55,52,53,56,53,55,54,52,55,54,59,52,56,55,57,53,54,54,53,54,56,54,53,53,55,52,53,54,54,55,55,54,53,56,52,56,56,55,52,54,56,55,52,56,56,54,54,
56,56,54,53,53,56,56,55,56,56,56,55,53,55,56,54,56,58,54,53,55,56,59,58,57,55,58,56,53,56,57,55,55,53,58,56,57,55,53,57,58,58,56,56,56,55,57,54,52,54,52,53,53,53,55,55,59,55,57,57,55,56,53,55,55,58,54,57,56,55,55,55,54,56,55,53,57,57,56,52,54,58,57,54,55,54,53,55,54,54,55,55,56,56,55,55,55,53,54,55,56,56,55,55,56,57,56,55,60,55,54,55,54,56,57,57,54,53,54,55,57,63,54,55,57,54,53,56,56,57,56,53,55,56,54,52,55,56,54,58,55,55,54,55,57,51,55,54,53,56,57,56,57,56,54,54,56,56,54,56,56,54,55,55,55,54,58,58,55,55,55,55,55,53,58,56,53,55,54,56,54,52,53,55,57,54,56,56,56,57,55,52,53,54,54,56,55,55,56,56,55,56,59,56,55,55,55,53,53,55,56,56,54,52,55,55,54,53,56,60,59,57,56,57,54,54,55,53,57,55,57,54,55,55,54,56,55,55,55,57,56,56,57,54,56,57,57,53,55,54,56,54,53,56,56,55,
57,56,56,57,55,59,57,59,56,56,55,55,54,55,57,54,56,57,54,58,53,58,56,59,58,57,59,55,54,55,55,56,56,58,58,58,55,54,59,54,56,59,55,56,57,57,56,56,58,53,55,56,54,57,55,55,56,56,56,57,56,57,56,56,56,56,54,58,54,56,54,54,54,57,56,54,54,58,57,53,57,58,53,57,58,55,55,55,56,54,54,56,54,57,54,55,57,59,56,55,57,57,55,55,57,58,53,54,60,52,58,55,56,56,56,57,58,54,54,56,58,54,54,63,58,54,55,54,56,56,55,54,60,60,57,57,53,55,56,56,57,55,54,55,59,56,55,59,55,57,56,56,56,57,56,55,56,58,57,57,56,55,57,57,56,55,58,58,56,56,56,57,55,59,54,57,54,56,56,55,59,54,54,57,54,57,58,56,56,56,57,58,55,56,55,56,57,57,57,55,57,54,54,54,56,55,56,55,59,55,57,58,57,56,53,53,54,55,55,55,59,58,59,56,57,56,55,56,54,56,56,54,55,55,54,54,56,59,56,53,55,57,57,58,53,55,55,54,54,55,55,54,54,55,55,55,
57,58,58,57,55,57,57,58,58,57,59,57,55,56,57,56,55,56,55,59,58,56,57,58,60,58,58,57,55,55,56,54,54,59,54,55,57,55,56,56,58,59,56,57,57,57,57,56,59,58,59,57,56,55,57,56,58,57,57,58,57,58,56,54,59,56,55,56,54,57,56,55,55,58,55,58,58,54,59,58,57,57,59,59,56,57,60,55,58,58,58,56,56,55,54,56,58,56,57,58,57,57,56,56,54,59,57,56,55,53,58,55,57,58,56,57,55,59,56,57,58,55,56,63,61,55,56,59,56,55,57,57,58,59,58,57,56,56,57,54,56,58,56,57,57,60,59,59,59,57,56,55,57,55,55,60,58,58,56,56,59,54,57,57,57,56,55,59,55,56,55,55,57,58,55,60,56,56,58,55,59,55,55,59,57,55,55,56,58,57,58,60,56,56,58,55,58,57,56,55,56,55,55,55,56,56,56,56,60,59,58,58,59,58,59,55,55,55,55,56,58,60,57,57,58,57,57,57,56,56,57,58,56,58,57,55,53,54,59,58,55,57,58,58,58,54,54,55,55,56,59,57,55,56,55,56,
60,58,55,56,56,56,56,60,57,56,56,58,57,58,56,56,59,59,57,56,55,59,57,58,58,56,56,57,60,57,57,56,55,57,56,55,58,59,56,56,58,60,58,58,58,57,56,58,55,57,59,56,57,56,56,57,58,57,58,58,56,58,58,58,56,56,55,59,59,58,57,56,56,59,55,55,61,56,57,55,58,58,59,58,60,56,57,55,56,58,59,58,59,56,55,56,59,59,57,59,58,58,59,58,59,59,59,57,57,54,56,56,56,57,60,56,56,59,55,56,59,57,56,57,57,56,58,56,58,57,57,57,60,60,59,59,56,56,58,58,57,55,57,57,59,57,58,60,55,58,59,56,59,56,59,57,56,56,57,57,56,57,57,57,57,57,58,58,55,59,57,55,59,58,59,59,57,56,58,56,59,60,59,59,57,57,57,58,58,58,55,61,55,55,55,59,60,59,58,58,57,58,56,56,57,56,57,58,57,57,58,57,59,57,57,57,56,59,58,60,56,59,57,58,56,56,59,58,57,59,57,57,60,59,58,54,56,54,59,59,55,58,58,58,60,57,55,56,57,57,56,55,58,57,59,57,
60,58,57,56,58,60,58,60,58,57,60,59,57,59,56,61,60,56,57,57,60,60,60,59,58,56,57,60,57,60,57,57,59,58,59,56,58,57,57,59,58,58,57,58,58,60,62,57,57,58,58,61,60,60,59,58,58,56,57,59,56,58,59,59,58,58,57,59,57,60,58,56,58,56,55,56,59,57,60,57,59,60,59,57,58,59,57,57,58,59,57,57,57,57,56,59,58,61,61,57,60,58,58,58,60,58,57,58,59,58,57,59,57,56,57,57,58,58,60,59,57,57,59,57,58,59,57,58,57,58,57,58,57,60,58,60,58,59,58,59,58,58,59,59,58,59,58,57,56,59,60,60,56,55,57,58,57,57,56,59,56,58,59,57,57,56,60,58,59,58,59,56,60,58,59,59,60,59,56,57,58,60,60,56,57,58,61,58,56,59,57,58,56,59,57,61,59,61,57,56,56,61,57,56,58,58,60,58,59,56,60,59,57,59,57,57,57,60,59,56,56,57,58,58,58,58,58,59,59,59,56,56,59,60,60,55,57,56,56,57,56,58,58,57,59,57,56,58,56,58,56,56,57,62,57,58,
57,59,60,57,60,60,60,59,58,59,58,60,58,59,57,58,59,57,59,60,60,60,59,60,58,58,59,58,58,58,59,58,61,58,59,58,58,58,57,60,58,58,60,60,60,59,58,60,58,57,58,58,59,60,61,59,57,58,57,57,58,57,59,59,58,59,58,60,58,60,57,60,59,58,58,57,60,60,58,60,58,60,60,60,58,58,58,57,58,60,58,58,58,59,58,61,59,58,59,59,58,59,60,60,60,58,58,57,59,62,61,58,58,57,60,59,58,58,60,60,58,59,59,59,57,59,60,59,59,60,58,57,58,58,57,58,59,61,61,58,59,58,58,58,58,60,58,58,58,57,56,58,57,60,57,58,59,58,59,59,59,61,58,59,58,58,60,59,59,60,58,59,60,56,60,60,59,60,60,58,58,59,59,59,59,59,58,61,62,59,57,59,57,59,59,61,58,60,59,57,59,60,61,58,57,59,59,60,61,57,58,62,57,59,60,57,58,58,60,58,58,57,60,61,58,59,60,58,59,60,62,56,58,60,59,56,58,57,57,56,58,57,59,58,58,59,59,58,56,56,56,57,58,59,59,59,
59,59,58,60,60,59,58,59,58,59,61,59,58,60,61,59,61,58,60,58,60,59,59,60,59,60,61,58,61,58,58,59,60,60,60,60,59,59,58,58,59,60,58,59,61,59,60,60,59,61,59,60,60,60,60,58,58,59,59,58,58,61,59,59,58,58,60,62,58,61,57,57,59,58,61,57,60,60,58,57,58,60,60,60,61,59,61,59,59,61,59,59,61,60,58,58,61,58,60,61,60,59,60,58,60,58,57,59,60,57,58,61,60,58,62,58,58,60,60,60,60,60,60,59,62,59,61,59,59,58,59,60,57,57,57,61,59,59,61,59,61,59,59,58,58,60,59,58,59,58,59,60,60,58,58,58,59,59,59,59,60,60,59,60,58,59,58,60,61,61,59,59,60,59,57,61,59,60,60,59,58,59,59,61,58,58,60,62,62,61,60,59,58,61,60,61,60,59,60,61,59,61,60,61,59,58,59,60,61,60,59,60,59,57,60,60,58,61,60,60,60,61,59,62,61,63,62,58,58,59,57,57,58,60,61,57,60,57,58,59,57,63,60,61,58,61,59,59,58,57,57,61,59,60,60,60,
59,62,59,59,63,60,61,61,61,59,59,59,59,60,61,61,61,62,61,59,62,61,59,60,59,60,60,60,61,60,58,60,61,60,61,61,59,59,58,61,60,62,60,59,62,60,60,59,60,61,62,59,60,61,61,58,59,62,59,59,59,61,61,58,59,60,61,60,62,60,62,59,62,59,59,61,62,61,60,59,58,60,63,62,61,62,59,59,61,60,60,60,61,61,62,61,60,59,61,59,60,61,60,62,59,59,60,61,60,58,60,62,61,60,61,59,59,59,60,61,59,60,59,60,59,60,61,59,60,59,60,59,58,58,59,61,60,58,62,59,61,60,61,59,59,60,60,59,59,59,60,62,61,60,59,62,60,59,59,60,61,59,61,60,60,60,60,59,61,61,62,59,60,59,60,58,62,59,60,61,60,61,60,58,59,59,59,61,60,59,62,60,60,61,61,61,60,62,60,61,61,61,59,61,58,61,62,62,62,59,60,59,58,59,58,61,60,61,61,60,61,62,60,60,59,63,59,61,61,61,60,59,61,59,60,59,59,58,60,58,61,59,61,60,59,61,59,62,62,59,58,60,61,60,59,60,
59,62,60,60,60,62,62,64,62,60,60,60,60,62,61,61,62,62,61,62,60,62,61,59,62,60,60,61,62,60,60,60,60,60,61,60,60,61,61,61,61,62,60,60,61,61,61,60,61,60,61,62,62,60,60,62,60,62,60,60,59,60,60,59,61,60,61,62,61,60,60,59,61,61,60,60,59,61,60,60,59,60,60,60,62,61,60,60,60,62,61,61,61,62,62,59,60,61,61,59,61,62,60,62,62,60,61,60,60,60,60,61,60,60,62,60,60,61,61,61,61,60,60,61,62,63,62,62,61,59,59,61,60,59,62,59,61,60,59,60,59,61,61,63,59,60,60,59,59,59,61,62,62,60,61,62,61,61,60,61,62,59,60,61,60,63,61,60,61,62,61,62,60,60,60,63,60,59,60,59,63,61,60,62,62,59,60,59,61,59,61,59,63,61,59,62,61,61,61,62,60,60,59,61,61,60,61,61,59,61,60,59,61,59,62,59,62,61,61,61,61,62,59,63,63,60,60,61,59,61,61,60,59,59,61,61,59,61,62,60,63,61,63,62,61,60,60,60,62,61,60,60,63,62,61,61,
62,60,60,62,61,63,61,61,60,61,61,61,61,61,63,60,60,60,61,60,63,62,60,61,61,62,60,61,61,63,61,62,61,61,60,62,60,61,62,63,62,63,60,60,61,62,61,61,62,60,62,62,62,63,61,63,63,61,61,62,63,61,60,61,62,61,60,62,61,61,61,60,61,60,62,62,61,63,62,61,62,61,63,63,62,62,62,63,60,62,62,60,60,61,61,60,61,61,62,61,62,63,61,61,62,63,60,61,61,62,61,60,60,60,61,61,61,61,62,62,62,61,61,60,60,63,61,62,62,62,61,60,61,63,62,60,60,63,60,61,62,63,61,64,60,62,61,60,61,61,60,60,61,62,61,63,61,62,61,61,61,61,60,63,63,63,60,63,62,62,63,63,62,61,62,61,60,60,60,61,60,60,64,63,63,60,63,60,62,60,62,60,61,62,60,61,62,63,62,61,60,60,62,63,62,63,61,62,61,60,63,60,61,61,62,61,60,62,60,62,62,63,60,60,62,61,61,62,61,62,61,62,62,62,63,61,61,61,61,62,62,63,61,61,62,61,61,60,60,61,61,61,60,62,62,62,
62,63,62,62,62,63,62,61,61,61,62,61,62,62,63,62,61,61,63,61,63,64,62,62,61,63,63,61,61,63,63,61,61,62,62,61,62,62,63,63,64,63,63,61,62,63,63,61,62,63,62,62,63,63,63,63,63,62,62,62,63,61,62,61,64,61,62,63,62,63,64,61,62,62,61,63,62,62,61,62,63,62,63,61,61,63,62,63,63,61,61,61,61,63,62,61,61,61,61,61,63,63,62,62,61,62,61,61,63,63,61,61,62,63,62,61,61,62,62,63,63,62,62,61,61,62,61,62,63,62,62,63,62,63,62,61,61,61,61,62,64,63,63,63,62,62,62,62,62,62,61,62,61,63,63,63,61,62,62,63,62,61,61,61,61,61,61,63,62,63,63,62,62,63,62,62,64,61,62,62,61,61,62,62,63,61,61,61,62,61,61,62,62,62,61,63,61,62,63,63,61,63,63,63,62,64,64,62,62,62,62,63,61,63,63,62,62,61,62,61,62,61,62,61,64,62,61,63,61,63,61,62,62,63,62,62,61,61,61,62,61,62,62,61,61,62,63,62,61,62,62,62,62,61,61,62,
62,63,62,63,63,62,62,63,62,63,63,62,62,62,63,62,63,63,62,63,63,62,62,62,62,62,63,62,62,62,63,63,62,63,64,62,62,63,62,63,63,62,64,62,63,63,63,64,63,63,62,62,62,63,62,63,64,62,62,63,63,62,62,63,63,62,62,62,62,63,63,63,62,62,62,63,63,62,62,62,62,62,63,63,62,62,62,63,62,62,63,63,62,62,62,62,62,63,63,62,63,63,63,63,63,63,62,63,63,63,62,63,63,62,63,62,62,63,62,63,63,64,64,63,62,62,63,63,62,63,64,62,62,63,62,62,62,62,62,62,64,62,63,62,64,63,63,63,64,63,62,62,64,63,63,62,62,62,62,63,62,62,62,63,62,63,62,63,62,63,63,63,63,62,63,63,63,64,62,62,62,63,63,63,62,62,62,63,63,63,62,63,62,62,62,63,62,62,63,63,62,63,62,62,63,63,64,62,63,62,62,63,62,62,63,62,62,62,63,62,63,62,62,63,62,62,62,63,63,63,63,62,63,62,64,63,62,62,63,62,62,62,63,62,62,63,63,62,62,62,63,62,62,63,62,62,
64,63,63,64,63,64,63,63,63,63,63,63,64,63,63,64,64,64,63,63,63,63,64,63,64,63,63,63,63,63,64,63,63,63,63,64,63,63,63,64,64,63,63,63,63,64,63,64,63,63,64,63,63,63,63,63,63,63,64,64,64,64,63,64,64,63,63,63,64,63,63,63,64,63,63,64,64,63,63,64,64,63,63,63,63,64,63,63,63,64,64,64,64,64,63,63,63,64,63,63,64,63,63,64,64,64,64,64,64,63,63,63,64,63,63,63,63,63,63,63,63,63,64,64,63,63,64,63,63,63,63,63,63,63,63,64,63,63,63,63,63,63,63,63,63,64,64,64,63,64,63,63,64,63,63,63,63,63,64,63,64,63,63,64,63,63,63,63,63,63,64,63,64,63,64,63,64,63,64,64,64,63,63,63,63,64,63,64,63,64,63,64,63,63,63,64,64,64,63,64,63,63,63,63,63,63,64,64,63,64,64,64,63,63,63,63,63,64,64,64,64,63,63,63,64,64,63,63,64,63,63,63,63,63,63,64,63,63,64,64,63,63,63,63,63,63,64,64,64,64,63,63,63,63,64,64,
64,64,64,64,64,64,64,64,64,64,64,64,64,64,64,64,64,64,64,64,64,64,64,64,64,64,64,64,64,64,64,64,64,64,64,64,64,64,64,64,64,64,64,64,64,64,64,64,64,64,64,64,64,64,64,64,64,64,64,64,64,64,64,64,64,64,64,64,64,64,64,64,64,64,64,64,64,64,64,64,64,64,64,64,64,64,64,64,64,64,64,64,64,64,64,64,64,64,64,64,64,64,64,64,64,64,64,64,64,64,64,64,64,64,64,64,64,64,64,64,64,64,64,64,64,64,64,64,64,64,64,64,64,64,64,64,64,64,64,64,64,64,64,64,64,64,64,64,64,64,64,64,64,64,64,64,64,64,64,64,64,64,64,64,64,64,64,64,64,64,64,64,64,64,64,64,64,64,64,64,64,64,64,64,64,64,64,64,64,64,64,64,64,64,64,64,64,64,64,64,64,64,64,64,64,64,64,64,64,64,64,64,64,64,64,64,64,64,64,64,64,64,64,64,64,64,64,64,64,64,64,64,64,64,64,64,64,64,64,64,64,64,64,64,64,64,64,64,64,64,64,64,64,64,64,64,