[64, 256, 128]
0,0,0,0,0,0,0,0,0,0,0,0,0,0,0,0,0,0,0,0,0,0,0,0,0,0,0,0,0,0,0,0,0,0,0,0,0,0,0,0,0,0,0,0,0,0,0,0,0,0,0,0,0,0,0,0,0,0,0,0,0,0,0,0,0,0,0,0,0,0,0,0,0,0,0,0,0,0,0,0,0,0,0,0,0,0,0,0,0,0,0,0,0,0,0,0,0,0,0,0,0,0,0,0,0,0,0,0,0,0,0,0,0,0,0,0,0,0,0,0,0,0,0,0,0,0,0,0,0,0,0,0,0,0,0,0,0,0,0,0,0,0,0,0,0,0,0,0,0,0,0,0,0,0,0,0,0,0,0,0,0,0,0,0,0,0,0,0,0,0,0,0,0,0,0,0,0,0,0,0,0,0,0,0,0,0,0,0,0,0,0,0,0,0,0,0,0,0,0,0,0,0,0,0,0,0,0,0,0,0,0,0,0,0,0,0,0,0,0,0,0,0,0,0,0,0,0,0,0,0,0,0,0,0,0,0,0,0,0,0,0,0,0,0,0,0,0,0,0,0,0,0,0,0,0,0,
0,0,0,0,0,0,0,0,0,0,0,0,0,0,0,0,0,0,0,0,0,0,0,0,0,0,0,0,0,0,0,0,0,0,0,0,0,0,0,0,0,0,0,0,0,0,0,0,0,0,0,0,0,0,0,0,0,0,0,0,0,0,0,0,0,0,0,0,0,0,0,0,0,0,0,0,0,0,0,0,0,0,0,0,0,0,0,0,0,0,0,0,0,0,0,0,0,0,0,0,0,0,0,0,0,0,0,0,0,0,0,0,0,0,0,0,0,0,0,0,0,0,0,0,0,0,0,0,0,0,0,0,0,0,0,0,0,0,0,0,0,0,0,0,0,0,0,0,0,0,0,0,0,0,0,0,0,0,0,0,0,0,0,0,0,0,0,0,0,0,0,0,0,0,0,0,0,0,0,0,0,0,0,0,0,0,0,0,0,0,0,0,0,0,0,0,0,0,0,0,0,0,0,0,0,0,0,0,0,0,0,0,0,0,0,0,0,0,0,0,0,0,0,0,0,0,0,0,0,0,0,0,0,0,0,0,0,0,0,0,0,0,0,0,0,0,0,0,0,0,0,0,0,0,0,0,
0,0,0,0,0,0,0,0,0,0,0,0,0,0,0,0,0,0,0,0,0,0,0,0,0,0,0,0,0,0,0,0,0,0,0,0,0,0,0,0,0,0,0,0,0,0,0,0,0,0,0,0,0,0,0,0,0,0,0,0,0,0,0,0,0,0,0,0,0,0,0,0,0,0,0,0,0,0,0,0,0,0,0,0,0,0,0,0,0,0,0,0,0,0,0,0,0,0,0,0,0,0,0,0,0,0,0,0,0,0,0,0,0,0,0,0,0,0,0,0,0,0,0,0,0,0,0,0,0,0,0,0,0,0,0,0,0,0,0,0,0,0,0,0,0,0,0,0,0,0,0,0,0,0,0,0,0,0,0,0,0,0,0,0,0,0,0,0,0,0,0,0,0,0,0,0,0,0,0,0,0,0,0,0,0,0,0,0,0,0,0,0,0,0,0,0,0,0,0,0,0,0,0,0,0,0,0,0,0,0,0,0,0,0,0,0,0,0,0,0,0,0,0,0,0,0,0,0,0,0,0,0,0,0,0,0,0,0,0,0,0,0,0,0,0,0,0,0,0,0,0,0,0,0,0,0,
0,0,0,0,0,0,0,0,0,0,0,0,0,0,0,0,0,0,0,0,0,0,0,0,0,0,0,0,0,0,0,0,0,0,0,0,0,0,0,0,0,0,0,0,0,0,0,0,0,0,0,0,0,0,0,0,0,0,0,0,0,0,0,0,0,0,0,0,0,0,0,0,0,0,0,0,0,0,0,0,0,0,0,0,0,0,0,0,0,0,0,0,0,0,0,0,0,0,0,0,0,0,0,0,0,0,0,0,0,0,0,0,0,0,0,0,0,0,0,0,0,0,0,0,0,0,0,0,0,0,0,0,0,0,0,0,0,0,0,0,0,0,0,0,0,0,0,0,0,0,0,0,0,0,0,0,0,0,0,0,0,0,0,0,0,0,0,0,0,0,0,0,0,0,0,0,0,0,0,0,0,0,0,0,0,0,0,0,0,0,0,0,0,0,0,0,0,0,0,0,0,0,0,0,0,0,0,0,0,0,0,0,0,0,0,0,0,0,0,0,0,0,0,0,0,0,0,0,0,0,0,0,0,0,0,0,0,0,0,0,0,0,0,0,0,0,0,0,0,0,0,0,0,0,0,0,
0,0,0,0,0,0,0,0,0,0,0,0,0,0,0,0,0,0,0,0,0,0,0,0,0,0,0,0,0,0,0,0,0,0,0,0,0,0,0,0,0,0,0,0,0,0,0,0,0,0,0,0,0,0,0,0,0,0,0,0,0,0,0,0,0,0,0,0,0,0,0,0,0,0,0,0,0,0,0,0,0,0,0,0,0,0,0,0,0,0,0,0,0,0,0,0,0,0,0,0,0,0,0,0,0,0,0,0,0,0,0,0,0,0,0,0,0,0,0,0,0,0,0,0,0,0,0,0,0,0,0,0,0,0,0,0,0,0,0,0,0,0,0,0,0,0,0,0,0,0,0,0,0,0,0,0,0,0,0,0,0,0,0,0,0,0,0,0,0,0,0,0,0,0,0,0,0,0,0,0,0,0,0,0,0,0,0,0,0,0,0,0,0,0,0,0,0,0,0,0,0,0,0,0,0,0,0,0,0,0,0,0,0,0,0,0,0,0,0,0,0,0,0,0,0,0,0,0,0,0,0,0,0,0,0,0,0,0,0,0,0,0,0,0,0,0,0,0,0,0,0,0,0,0,0,0,
0,0,0,0,0,0,0,0,0,0,0,0,0,0,0,0,0,0,0,0,0,0,0,0,0,0,0,0,0,0,0,0,0,0,0,0,0,0,0,0,0,0,0,0,0,0,0,0,0,0,0,0,0,0,0,0,0,0,0,0,0,0,0,0,0,0,0,0,0,0,0,0,0,0,0,0,0,0,0,0,0,0,0,0,0,0,0,0,0,0,0,0,0,0,0,0,0,0,0,0,0,0,0,0,0,0,0,0,0,0,0,0,0,0,0,0,0,0,0,0,0,0,0,0,0,0,0,0,0,0,0,0,0,0,0,0,0,0,0,0,0,0,0,0,0,0,0,0,0,0,0,0,0,0,0,0,0,0,0,0,0,0,0,0,0,0,0,0,0,0,0,0,0,0,0,0,0,0,0,0,0,0,0,0,0,0,0,0,0,0,0,0,0,0,0,0,0,0,0,0,0,0,0,0,0,0,0,0,0,0,0,0,0,0,0,0,0,0,0,0,0,0,0,0,0,0,0,0,0,0,0,0,0,0,0,0,0,0,0,0,0,0,0,0,0,0,0,0,0,0,0,0,0,0,0,0,
0,0,0,0,0,0,0,0,0,0,0,0,0,0,0,0,0,0,0,0,0,0,0,0,0,0,0,0,0,0,0,0,0,0,0,0,0,0,0,0,0,0,0,0,0,0,0,0,0,0,0,0,0,0,0,0,0,0,0,0,0,0,0,0,0,0,0,0,0,0,0,0,0,0,0,0,0,0,0,0,0,0,0,0,0,0,0,0,0,0,0,0,0,0,0,0,0,0,0,0,0,0,0,0,0,0,0,0,0,0,0,0,0,0,0,0,0,0,0,0,0,0,0,0,0,0,0,0,0,0,0,0,0,0,0,0,0,0,0,0,0,0,0,0,0,0,0,0,0,0,0,0,0,0,0,0,0,0,0,0,0,0,0,0,0,0,0,0,0,0,0,0,0,0,0,0,0,0,0,0,0,0,0,0,0,0,0,0,0,0,0,0,0,0,0,0,0,0,0,0,0,0,0,0,0,0,0,0,0,0,0,0,0,0,0,0,0,0,0,0,0,0,0,0,0,0,0,0,0,0,0,0,0,0,0,0,0,0,0,0,0,0,0,0,0,0,0,0,0,0,0,0,0,0,0,0,
0,0,0,0,0,0,0,0,0,0,0,0,0,0,0,0,0,0,0,0,0,0,0,0,0,0,0,0,0,0,0,0,0,0,0,0,0,0,0,0,0,0,0,0,0,0,0,0,0,0,0,0,0,0,0,0,0,0,0,0,0,0,0,0,0,0,0,0,0,0,0,0,0,0,0,0,0,0,0,0,0,0,0,0,0,0,0,0,0,0,0,0,0,0,0,0,0,0,0,0,0,0,0,0,0,0,0,0,0,0,0,0,0,0,0,0,0,0,0,0,0,0,0,0,0,0,0,0,0,0,0,0,0,0,0,0,0,0,0,0,0,0,0,0,0,0,0,0,0,0,0,0,0,0,0,0,0,0,0,0,0,0,0,0,0,0,0,0,0,0,0,0,0,0,0,0,0,0,0,0,0,0,0,0,0,0,0,0,0,0,0,0,0,0,0,0,0,0,0,0,0,0,0,0,0,0,0,0,0,0,0,0,0,0,0,0,0,0,0,0,0,0,0,0,0,0,0,0,0,0,0,0,0,0,0,0,0,0,0,0,0,0,0,0,0,0,0,0,0,0,0,0,0,0,0,0,
0,0,0,0,0,0,0,0,0,0,0,0,0,0,0,0,0,0,0,0,0,0,0,0,0,0,0,0,0,0,0,0,0,0,0,0,0,0,0,0,0,0,0,0,0,0,0,0,0,0,0,0,0,0,0,0,0,0,0,0,0,0,0,0,0,0,0,0,0,0,0,0,0,0,0,0,0,0,0,0,0,0,0,0,0,0,0,0,0,0,0,0,0,0,0,0,0,0,0,0,0,0,0,0,0,0,0,0,0,0,0,0,0,0,0,0,0,0,0,0,0,0,0,0,0,0,0,0,0,0,0,0,0,0,0,0,0,0,0,0,0,0,0,0,0,0,0,0,0,0,0,0,0,0,0,0,0,0,0,0,0,0,0,0,0,0,0,0,0,0,0,0,0,0,0,0,0,0,0,0,0,0,0,0,0,0,0,0,0,0,0,0,0,0,0,0,0,0,0,0,0,0,0,0,0,0,0,0,0,0,0,0,0,0,0,0,0,0,0,0,0,0,0,0,0,0,0,0,0,0,0,0,0,0,0,0,0,0,0,0,0,0,0,0,0,0,0,0,0,0,0,0,0,0,0,0,
0,0,0,0,0,0,0,0,0,0,0,0,0,0,0,0,0,0,0,0,0,0,0,0,0,0,0,0,0,0,0,0,0,0,0,0,0,0,0,0,0,0,0,0,0,0,0,0,0,0,0,0,0,0,0,0,0,0,0,0,0,0,0,0,0,0,0,0,0,0,0,0,0,0,0,0,0,0,0,0,0,0,0,0,0,0,0,0,0,0,0,0,0,0,0,0,0,0,0,0,0,0,0,0,0,0,0,0,0,0,0,0,0,0,0,0,0,0,0,0,0,0,0,0,0,0,0,0,0,0,0,0,0,0,0,0,0,0,0,0,0,0,0,0,0,0,0,0,0,0,0,0,0,0,0,0,0,0,0,0,0,0,0,0,0,0,0,0,0,0,0,0,0,0,0,0,0,0,0,0,0,0,0,0,0,0,0,0,0,0,0,0,0,0,0,0,0,0,0,0,0,0,0,0,0,0,0,0,0,0,0,0,0,0,0,0,0,0,0,0,0,0,0,0,0,0,0,0,0,0,0,0,0,0,0,0,0,0,0,0,0,0,0,0,0,0,0,0,0,0,0,0,0,0,0,0,
0,0,0,0,0,0,0,0,0,0,0,0,0,0,0,0,0,0,0,0,0,0,0,0,0,0,0,0,0,0,0,0,0,0,0,0,0,0,0,0,0,0,0,0,0,0,0,0,0,0,0,0,0,0,0,0,0,0,0,0,0,0,0,0,0,0,0,0,0,0,0,0,0,0,0,0,0,0,0,0,0,0,0,0,0,0,0,0,0,0,0,0,0,0,0,0,0,0,0,0,0,0,0,0,0,0,0,0,0,0,0,0,0,0,0,0,0,0,0,0,0,0,0,0,0,0,0,0,0,0,0,0,0,0,0,0,0,0,0,0,0,0,0,0,0,0,0,0,0,0,0,0,0,0,0,0,0,0,0,0,0,0,0,0,0,0,0,0,0,0,0,0,0,0,0,0,0,0,0,0,0,0,0,0,0,0,0,0,0,0,0,0,0,0,0,0,0,0,0,0,0,0,0,0,0,0,0,0,0,0,0,0,0,0,0,0,0,0,0,0,0,0,0,0,0,0,0,0,0,0,0,0,0,0,0,0,0,0,0,0,0,0,0,0,0,0,0,0,0,0,0,0,0,0,0,0,
0,0,0,0,0,0,0,0,0,0,0,0,0,0,0,0,0,0,0,0,0,0,0,0,0,0,0,0,0,0,0,0,0,0,0,0,0,0,0,0,0,0,0,0,0,0,0,0,0,0,0,0,0,0,0,0,0,0,0,0,0,0,0,0,0,0,0,0,0,0,0,0,0,0,0,0,0,0,0,0,0,0,0,0,0,0,0,0,0,0,0,0,0,0,0,0,0,0,0,0,0,0,0,0,0,0,0,0,0,0,0,0,0,0,0,0,0,0,0,0,0,0,0,0,0,0,0,0,0,0,0,0,0,0,0,0,0,0,0,0,0,0,0,0,0,0,0,0,0,0,0,0,0,0,0,0,0,0,0,0,0,0,0,0,0,0,0,0,0,0,0,0,0,0,0,0,0,0,0,0,0,0,0,0,0,0,0,0,0,0,0,0,0,0,0,0,0,0,0,0,0,0,0,0,0,0,0,0,0,0,0,0,0,0,0,0,0,0,0,0,0,0,0,0,0,0,0,0,0,0,0,0,0,0,0,0,0,0,0,0,0,0,0,0,0,0,0,0,0,0,0,0,0,0,0,0,
0,0,0,0,0,0,0,0,0,0,0,0,0,0,0,0,0,0,0,0,0,0,0,0,0,0,0,0,0,0,0,0,0,0,0,0,0,0,0,0,0,0,0,0,0,0,0,0,0,0,0,0,0,0,0,0,0,0,0,0,0,0,0,0,0,0,0,0,0,0,0,0,0,0,0,0,0,0,0,0,0,0,0,0,0,0,0,0,0,0,0,0,0,0,0,0,0,0,0,0,0,0,0,0,0,0,0,0,0,0,0,0,0,0,0,0,0,0,0,0,0,0,0,0,0,0,0,0,0,0,0,0,0,0,0,0,0,0,0,0,0,0,0,0,0,0,0,0,0,0,0,0,0,0,0,0,0,0,0,0,0,0,0,0,0,0,0,0,0,0,0,0,0,0,0,0,0,0,0,0,0,0,0,0,0,0,0,0,0,0,0,0,0,0,0,0,0,0,0,0,0,0,0,0,0,0,0,0,0,0,0,0,0,0,0,0,0,0,0,0,0,0,0,0,0,0,0,0,0,0,0,0,0,0,0,0,0,0,0,0,0,0,0,0,0,0,0,0,0,0,0,0,0,0,0,0,
0,0,0,0,0,0,0,0,0,0,0,0,0,0,0,0,0,0,0,0,0,0,0,0,0,0,0,0,0,0,0,0,0,0,0,0,0,0,0,0,0,0,0,0,0,0,0,0,0,0,0,0,0,0,0,0,0,0,0,0,0,0,0,0,0,0,0,0,0,0,0,0,0,0,0,0,0,0,0,0,0,0,0,0,0,0,0,0,0,0,0,0,0,0,0,0,0,0,0,0,0,0,0,0,0,0,0,0,0,0,0,0,0,0,0,0,0,0,0,0,0,0,0,0,0,0,0,0,0,0,0,0,0,0,0,0,0,0,0,0,0,0,0,0,0,0,0,0,0,0,0,0,0,0,0,0,0,0,0,0,0,0,0,0,0,0,0,0,0,0,0,0,0,0,0,0,0,0,0,0,0,0,0,0,0,0,0,0,0,0,0,0,0,0,0,0,0,0,0,0,0,0,0,0,0,0,0,0,0,0,0,0,0,0,0,0,0,0,0,0,0,0,0,0,0,0,0,0,0,0,0,0,0,0,0,0,0,0,0,0,0,0,0,0,0,0,0,0,0,0,0,0,0,0,0,0,
0,0,0,0,0,0,0,0,0,0,0,0,0,0,0,0,0,0,0,0,0,0,0,0,0,0,0,0,0,0,0,0,0,0,0,0,0,0,0,0,0,0,0,0,0,0,0,0,0,0,0,0,0,0,0,0,0,0,0,0,0,0,0,0,0,0,0,0,0,0,0,0,0,0,0,0,0,0,0,0,0,0,0,0,0,0,0,0,0,0,0,0,0,0,0,0,0,0,0,0,0,0,0,0,0,0,0,0,0,0,0,0,0,0,0,0,0,0,0,0,0,0,0,0,0,0,0,0,0,0,0,0,0,0,0,0,0,0,0,0,0,0,0,0,0,0,0,0,0,0,0,0,0,0,0,0,0,0,0,0,0,0,0,0,0,0,0,0,0,0,0,0,0,0,0,0,0,0,0,0,0,0,0,0,0,0,0,0,0,0,0,0,0,0,0,0,0,0,0,0,0,0,0,0,0,0,0,0,0,0,0,0,0,0,0,0,0,0,0,0,0,0,0,0,0,0,0,0,0,0,0,0,0,0,0,0,0,0,0,0,0,0,0,0,0,0,0,0,0,0,0,0,0,0,0,0,
0,0,0,0,0,0,0,0,0,0,0,0,0,0,0,0,0,0,0,0,0,0,0,0,0,0,0,0,0,0,0,0,0,0,0,0,0,0,0,0,0,0,0,0,0,0,0,0,0,0,0,0,0,0,0,0,0,0,0,0,0,0,0,0,0,0,0,0,0,0,0,0,0,0,0,0,0,0,0,0,0,0,0,0,0,0,0,0,0,0,0,0,0,0,0,0,0,0,0,0,0,0,0,0,0,0,0,0,0,0,0,0,0,0,0,0,0,0,0,0,0,0,0,0,0,0,0,0,0,0,0,0,0,0,0,0,0,0,0,0,0,0,0,0,0,0,0,0,0,0,0,0,0,0,0,0,0,0,0,0,0,0,0,0,0,0,0,0,0,0,0,0,0,0,0,0,0,0,0,0,0,0,0,0,0,0,0,0,0,0,0,0,0,0,0,0,0,0,0,0,0,0,0,0,0,0,0,0,0,0,0,0,0,0,0,0,0,0,0,0,0,0,0,0,0,0,0,0,0,0,0,0,0,0,0,0,0,0,0,0,0,0,0,0,0,0,0,0,0,0,0,0,0,0,0,0,
0,0,0,0,0,0,0,0,0,0,0,0,0,0,0,0,0,0,0,0,0,0,0,0,0,0,0,0,0,0,0,0,0,0,0,0,0,0,0,0,0,0,0,0,0,0,0,0,0,0,0,0,0,0,0,0,0,0,0,0,0,0,0,0,0,0,0,0,0,0,0,0,0,0,0,0,0,0,0,0,0,0,0,0,0,0,0,0,0,0,0,0,0,0,0,0,0,0,0,0,0,0,0,0,0,0,0,0,0,0,0,0,0,0,0,0,0,0,0,0,0,0,0,0,0,0,0,0,0,0,0,0,0,0,0,0,0,0,0,0,0,0,0,0,0,0,0,0,0,0,0,0,0,0,0,0,0,0,0,0,0,0,0,0,0,0,0,0,0,0,0,0,0,0,0,0,0,0,0,0,0,0,0,0,0,0,0,0,0,0,0,0,0,0,0,0,0,0,0,0,0,0,0,0,0,0,0,0,0,0,0,0,0,0,0,0,0,0,0,0,0,0,0,0,0,0,0,0,0,0,0,0,0,0,0,0,0,0,0,0,0,0,0,0,0,0,0,0,0,0,0,0,0,0,0,0,
0,0,0,0,0,0,0,0,0,0,0,0,0,0,0,0,0,0,0,0,0,0,0,0,0,0,0,0,0,0,0,0,0,0,0,0,0,0,0,0,0,0,0,0,0,0,0,0,0,0,0,0,0,0,0,0,0,0,0,0,0,0,0,0,0,0,0,0,0,0,0,0,0,0,0,0,0,0,0,0,0,0,0,0,0,0,0,0,0,0,0,0,0,0,0,0,0,0,0,0,0,0,0,0,0,0,0,0,0,0,0,0,0,0,0,0,0,0,0,0,0,0,0,0,0,0,0,0,0,0,0,0,0,0,0,0,0,0,0,0,0,0,0,0,0,0,0,0,0,0,0,0,0,0,0,0,0,0,0,0,0,0,0,0,0,0,0,0,0,0,0,0,0,0,0,0,0,0,0,0,0,0,0,0,0,0,0,0,0,0,0,0,0,0,0,0,0,0,0,0,0,0,0,0,0,0,0,0,0,0,0,0,0,0,0,0,0,0,0,0,0,0,0,0,0,0,0,0,0,0,0,0,0,0,0,0,0,0,0,0,0,0,0,0,0,0,0,0,0,0,0,0,0,0,0,0,
0,0,0,0,0,0,0,0,0,0,0,0,0,0,0,0,0,0,0,0,0,0,0,0,0,0,0,0,0,0,0,0,0,0,0,0,0,0,0,0,0,0,0,0,0,0,0,0,0,0,0,0,0,0,0,0,0,0,0,0,0,0,0,0,0,0,0,0,0,0,0,0,0,0,0,0,0,0,0,0,0,0,0,0,0,0,0,0,0,0,0,0,0,0,0,0,0,0,0,0,0,0,0,0,0,0,0,0,0,0,0,0,0,0,0,0,0,0,0,0,0,0,0,0,0,0,0,0,0,0,0,0,0,0,0,0,0,0,0,0,0,0,0,0,0,0,0,0,0,0,0,0,0,0,0,0,0,0,0,0,0,0,0,0,0,0,0,0,0,0,0,0,0,0,0,0,0,0,0,0,0,0,0,0,0,0,0,0,0,0,0,0,0,0,0,0,0,0,0,0,0,0,0,0,0,0,0,0,0,0,0,0,0,0,0,0,0,0,0,0,0,0,0,0,0,0,0,0,0,0,0,0,0,0,0,0,0,0,0,0,0,0,0,0,0,0,0,0,0,0,0,0,0,0,0,0,
0,0,0,0,0,0,0,0,0,0,0,0,0,0,0,0,0,0,0,0,0,0,0,0,0,0,0,0,0,0,0,0,0,0,0,0,0,0,0,0,0,0,0,0,0,0,0,0,0,0,0,0,0,0,0,0,0,0,0,0,0,0,0,0,0,0,0,0,0,0,0,0,0,0,0,0,0,0,0,0,0,0,0,0,0,0,0,0,0,0,0,0,0,0,0,0,0,0,0,0,0,0,0,0,0,0,0,0,0,0,0,0,0,0,0,0,0,0,0,0,0,0,0,0,0,0,0,0,0,0,0,0,0,0,0,0,0,0,0,0,0,0,0,0,0,0,0,0,0,0,0,0,0,0,0,0,0,0,0,0,0,0,0,0,0,0,0,0,0,0,0,0,0,0,0,0,0,0,0,0,0,0,0,0,0,0,0,0,0,0,0,0,0,0,0,0,0,0,0,0,0,0,0,0,0,0,0,0,0,0,0,0,0,0,0,0,0,0,0,0,0,0,0,0,0,0,0,0,0,0,0,0,0,0,0,0,0,0,0,0,0,0,0,0,0,0,0,0,0,0,0,0,0,0,0,0,
0,0,0,0,0,0,0,0,0,0,0,0,0,0,0,0,0,0,0,0,0,0,0,0,0,0,0,0,0,0,0,0,0,0,0,0,0,0,0,0,0,0,0,0,0,0,0,0,0,0,0,0,0,0,0,0,0,0,0,0,0,0,0,0,0,0,0,0,0,0,0,0,0,0,0,0,0,0,0,0,0,0,0,0,0,0,0,0,0,0,0,0,0,0,0,0,0,0,0,0,0,0,0,0,0,0,0,0,0,0,0,0,0,0,0,0,0,0,0,0,0,0,0,0,0,0,0,0,0,0,0,0,0,0,0,0,0,0,0,0,0,0,0,0,0,0,0,0,0,0,0,0,0,0,0,0,0,0,0,0,0,0,0,0,0,0,0,0,0,0,0,0,0,0,0,0,0,0,0,0,0,0,0,0,0,0,0,0,0,0,0,0,0,0,0,0,0,0,0,0,0,0,0,0,0,0,0,0,0,0,0,0,0,0,0,0,0,0,0,0,0,0,0,0,0,0,0,0,0,0,0,0,0,0,0,0,0,0,0,0,0,0,0,0,0,0,0,0,0,0,0,0,0,0,0,0,
0,0,0,0,0,0,0,0,0,0,0,0,0,0,0,0,0,0,0,0,0,0,0,0,0,0,0,0,0,0,0,0,0,0,0,0,0,0,0,0,0,0,0,0,0,0,0,0,0,0,0,0,0,0,0,0,0,0,0,0,0,0,0,0,0,0,0,0,0,0,0,0,0,0,0,0,0,0,0,0,0,0,0,0,0,0,0,0,0,0,0,0,0,0,0,0,0,0,0,0,0,0,0,0,0,0,0,0,0,0,0,0,0,0,0,0,0,0,0,0,0,0,0,0,0,0,0,0,0,0,0,0,0,0,0,0,0,0,0,0,0,0,0,0,0,0,0,0,0,0,0,0,0,0,0,0,0,0,0,0,0,0,0,0,0,0,0,0,0,0,0,0,0,0,0,0,0,0,0,0,0,0,0,0,0,0,0,0,0,0,0,0,0,0,0,0,0,0,0,0,0,0,0,0,0,0,0,0,0,0,0,0,0,0,0,0,0,0,0,0,0,0,0,0,0,0,0,0,0,0,0,0,0,0,0,0,0,0,0,0,0,0,0,0,0,0,0,0,0,0,0,0,0,0,0,0,
0,0,0,0,0,0,0,0,0,0,0,0,0,0,0,0,0,0,0,0,0,0,0,0,0,0,0,0,0,0,0,0,0,0,0,0,0,0,0,0,0,0,0,0,0,0,0,0,0,0,0,0,0,0,0,0,0,0,0,0,0,0,0,0,0,0,0,0,0,0,0,0,0,0,0,0,0,0,0,0,0,0,0,0,0,0,0,0,0,0,0,0,0,0,0,0,0,0,0,0,0,0,0,0,0,0,0,0,0,0,0,0,0,0,0,0,0,0,0,0,0,0,0,0,0,0,0,0,0,0,0,0,0,0,0,0,0,0,0,0,0,0,0,0,0,0,0,0,0,0,0,0,0,0,0,0,0,0,0,0,0,0,0,0,0,0,0,0,0,0,0,0,0,0,0,0,0,0,0,0,0,0,0,0,0,0,0,0,0,0,0,0,0,0,0,0,0,0,0,0,0,0,0,0,0,0,0,0,0,0,0,0,0,0,0,0,0,0,0,0,0,0,0,0,0,0,0,0,0,0,0,0,0,0,0,0,0,0,0,0,0,0,0,0,0,0,0,0,0,0,0,0,0,0,0,0,
0,0,0,0,0,0,0,0,0,0,0,0,0,0,0,0,0,0,0,0,0,0,0,0,0,0,0,0,0,0,0,0,0,0,0,0,0,0,0,0,0,0,0,0,0,0,0,0,0,0,0,0,0,0,0,0,0,0,0,0,0,0,0,0,0,0,0,0,0,0,0,0,0,0,0,0,0,0,0,0,0,0,0,0,0,0,0,0,0,0,0,0,0,0,0,0,0,0,0,0,0,0,0,0,0,0,0,0,0,0,0,0,0,0,0,0,0,0,0,0,0,0,0,0,0,0,0,0,0,0,0,0,0,0,0,0,0,0,0,0,0,0,0,0,0,0,0,0,0,0,0,0,0,0,0,0,0,0,0,0,0,0,0,0,0,0,0,0,0,0,0,0,0,0,0,0,0,0,0,0,0,0,0,0,0,0,0,0,0,0,0,0,0,0,0,0,0,0,0,0,0,0,0,0,0,0,0,0,0,0,0,0,0,0,0,0,0,0,0,0,0,0,0,0,0,0,0,0,0,0,0,0,0,0,0,0,0,0,0,0,0,0,0,0,0,0,0,0,0,0,0,0,0,0,0,0,
0,0,0,0,0,0,0,0,0,0,0,0,0,0,0,0,0,0,0,0,0,0,0,0,0,0,0,0,0,0,0,0,0,0,0,0,0,0,0,0,0,0,0,0,0,0,0,0,0,0,0,0,0,0,0,0,0,0,0,0,0,0,0,0,0,0,0,0,0,0,0,0,0,0,0,0,0,0,0,0,0,0,0,0,0,0,0,0,0,0,0,0,0,0,0,0,0,0,0,0,0,0,0,0,0,0,0,0,0,0,0,0,0,0,0,0,0,0,0,0,0,0,0,0,0,0,0,0,0,0,0,0,0,0,0,0,0,0,0,0,0,0,0,0,0,0,0,0,0,0,0,0,0,0,0,0,0,0,0,0,0,0,0,0,0,0,0,0,0,0,0,0,0,0,0,0,0,0,0,0,0,0,0,0,0,0,0,0,0,0,0,0,0,0,0,0,0,0,0,0,0,0,0,0,0,0,0,0,0,0,0,0,0,0,0,0,0,0,0,0,0,0,0,0,0,0,0,0,0,0,0,0,0,0,0,0,0,0,0,0,0,0,0,0,0,0,0,0,0,0,0,0,0,0,0,0,
0,0,0,0,0,0,0,0,0,0,0,0,0,0,0,0,0,0,0,0,0,0,0,0,0,0,0,0,0,0,0,0,0,0,0,0,0,0,0,0,0,0,0,0,0,0,0,0,0,0,0,0,0,0,0,0,0,0,0,0,0,0,0,0,0,0,0,0,0,0,0,0,0,0,0,0,0,0,0,0,0,0,0,0,0,0,0,0,0,0,0,0,0,0,0,0,0,0,0,0,0,0,0,0,0,0,0,0,0,0,0,0,0,0,0,0,0,0,0,0,0,0,0,0,0,0,0,0,0,0,0,0,0,0,0,0,0,0,0,0,0,0,0,0,0,0,0,0,0,0,0,0,0,0,0,0,0,0,0,0,0,0,0,0,0,0,0,0,0,0,0,0,0,0,0,0,0,0,0,0,0,0,0,0,0,0,0,0,0,0,0,0,0,0,0,0,0,0,0,0,0,0,0,0,0,0,0,0,0,0,0,0,0,0,0,0,0,0,0,0,0,0,0,0,0,0,0,0,0,0,0,0,0,0,0,0,0,0,0,0,0,0,0,0,0,0,0,0,0,0,0,0,0,0,0,0,
0,0,0,0,0,0,0,0,0,0,0,0,0,0,0,0,0,0,0,0,0,0,0,0,0,0,0,0,0,0,0,0,0,0,0,0,0,0,0,0,0,0,0,0,0,0,0,0,0,0,0,0,0,0,0,0,0,0,0,0,0,0,0,0,0,0,0,0,0,0,0,0,0,0,0,0,0,0,0,0,0,0,0,0,0,0,0,0,0,0,0,0,0,0,0,0,0,0,0,0,0,0,0,0,0,0,0,0,0,0,0,0,0,0,0,0,0,0,0,0,0,0,0,0,0,0,0,0,0,0,0,0,0,0,0,0,0,0,0,0,0,0,0,0,0,0,0,0,0,0,0,0,0,0,0,0,0,0,0,0,0,0,0,0,0,0,0,0,0,0,0,0,0,0,0,0,0,0,0,0,0,0,0,0,0,0,0,0,0,0,0,0,0,0,0,0,0,0,0,0,0,0,0,0,0,0,0,0,0,0,0,0,0,0,0,0,0,0,0,0,0,0,0,0,0,0,0,0,0,0,0,0,0,0,0,0,0,0,0,0,0,0,0,0,0,0,0,0,0,0,0,0,0,0,0,0,
0,0,0,0,0,0,0,0,0,0,0,0,0,0,0,0,0,0,0,0,0,0,0,0,0,0,0,0,0,0,0,0,0,0,0,0,0,0,0,0,0,0,0,0,0,0,0,0,0,0,0,0,0,0,0,0,0,0,0,0,0,0,0,0,0,0,0,0,0,0,0,0,0,0,0,0,0,0,0,0,0,0,0,0,0,0,0,0,0,0,0,0,0,0,0,0,0,0,0,0,0,0,0,0,0,0,0,0,0,0,0,0,0,0,0,0,0,0,0,0,0,0,0,0,0,0,0,0,0,0,0,0,0,0,0,0,0,0,0,0,0,0,0,0,0,0,0,0,0,0,0,0,0,0,0,0,0,0,0,0,0,0,0,0,0,0,0,0,0,0,0,0,0,0,0,0,0,0,0,0,0,0,0,0,0,0,0,0,0,0,0,0,0,0,0,0,0,0,0,0,0,0,0,0,0,0,0,0,0,0,0,0,0,0,0,0,0,0,0,0,0,0,0,0,0,0,0,0,0,0,0,0,0,0,0,0,0,0,0,0,0,0,0,0,0,0,0,0,0,0,0,0,0,0,0,0,
0,0,0,0,0,0,0,0,0,0,0,0,0,0,0,0,0,0,0,0,0,0,0,0,0,0,0,0,0,0,0,0,0,0,0,0,0,0,0,0,0,0,0,0,0,0,0,0,0,0,0,0,0,0,0,0,0,0,0,0,0,0,0,0,0,0,0,0,0,0,0,0,0,0,0,0,0,0,0,0,0,0,0,0,0,0,0,0,0,0,0,0,0,0,0,0,0,0,0,0,0,0,0,0,0,0,0,0,0,0,0,0,0,0,0,0,0,0,0,0,0,0,0,0,0,0,0,0,0,0,0,0,0,0,0,0,0,0,0,0,0,0,0,0,0,0,0,0,0,0,0,0,0,0,0,0,0,0,0,0,0,0,0,0,0,0,0,0,0,0,0,0,0,0,0,0,0,0,0,0,0,0,0,0,0,0,0,0,0,0,0,0,0,0,0,0,0,0,0,0,0,0,0,0,0,0,0,0,0,0,0,0,0,0,0,0,0,0,0,0,0,0,0,0,0,0,0,0,0,0,0,0,0,0,0,0,0,0,0,0,0,0,0,0,0,0,0,0,0,0,0,0,0,0,0,0,
0,0,0,0,0,0,0,0,0,0,0,0,0,0,0,0,0,0,0,0,0,0,0,0,0,0,0,0,0,0,0,0,0,0,0,0,0,0,0,0,0,0,0,0,0,0,0,0,0,0,0,0,0,0,0,0,0,0,0,0,0,0,0,0,0,0,0,0,0,0,0,0,0,0,0,0,0,0,0,0,0,0,0,0,0,0,0,0,0,0,0,0,0,0,0,0,0,0,0,0,0,0,0,0,0,0,0,0,0,0,0,0,0,0,0,0,0,0,0,0,0,0,0,0,0,0,0,0,0,0,0,0,0,0,0,0,0,0,0,0,0,0,0,0,0,0,0,0,0,0,0,0,0,0,0,0,0,0,0,0,0,0,0,0,0,0,0,0,0,0,0,0,0,0,0,0,0,0,0,0,0,0,0,0,0,0,0,0,0,0,0,0,0,0,0,0,0,0,0,0,0,0,0,0,0,0,0,0,0,0,0,0,0,0,0,0,0,0,0,0,0,0,0,0,0,0,0,0,0,0,0,0,0,0,0,0,0,0,0,0,0,0,0,0,0,0,0,0,0,0,0,0,0,0,0,0,
0,0,0,0,0,0,0,0,0,0,0,0,0,0,0,0,0,0,0,0,0,0,0,0,0,0,0,0,0,0,0,0,0,0,0,0,0,0,0,0,0,0,0,0,0,0,0,0,0,0,0,0,0,0,0,0,0,0,0,0,0,0,0,0,0,0,0,0,0,0,0,0,0,0,0,0,0,0,0,0,0,0,0,0,0,0,0,0,0,0,0,0,0,0,0,0,0,0,0,0,0,0,0,0,0,0,0,0,0,0,0,0,0,0,0,0,0,0,0,0,0,0,0,0,0,0,0,0,0,0,0,0,0,0,0,0,0,0,0,0,0,0,0,0,0,0,0,0,0,0,0,0,0,0,0,0,0,0,0,0,0,0,0,0,0,0,0,0,0,0,0,0,0,0,0,0,0,0,0,0,0,0,0,0,0,0,0,0,0,0,0,0,0,0,0,0,0,0,0,0,0,0,0,0,0,0,0,0,0,0,0,0,0,0,0,0,0,0,0,0,0,0,0,0,0,0,0,0,0,0,0,0,0,0,0,0,0,0,0,0,0,0,0,0,0,0,0,0,0,0,0,0,0,0,0,0,
0,0,0,0,0,0,0,0,0,0,0,0,0,0,0,0,0,0,0,0,0,0,0,0,0,0,0,0,0,0,0,0,0,0,0,0,0,0,0,0,0,0,0,0,0,0,0,0,0,0,0,0,0,0,0,0,0,0,0,0,0,0,0,0,0,0,0,0,0,0,0,0,0,0,0,0,0,0,0,0,0,0,0,0,0,0,0,0,0,0,0,0,0,0,0,0,0,0,0,0,0,0,0,0,0,0,0,0,0,0,0,0,0,0,0,0,0,0,0,0,0,0,0,0,0,0,0,0,0,0,0,0,0,0,0,0,0,0,0,0,0,0,0,0,0,0,0,0,0,0,0,0,0,0,0,0,0,0,0,0,0,0,0,0,0,0,0,0,0,0,0,0,0,0,0,0,0,0,0,0,0,0,0,0,0,0,0,0,0,0,0,0,0,0,0,0,0,0,0,0,0,0,0,0,0,0,0,0,0,0,0,0,0,0,0,0,0,0,0,0,0,0,0,0,0,0,0,0,0,0,0,0,0,0,0,0,0,0,0,0,0,0,0,0,0,0,0,0,0,0,0,0,0,0,0,0,
0,0,0,0,0,0,0,0,0,0,0,0,0,0,0,0,0,0,0,0,0,0,0,0,0,0,0,0,0,0,0,0,0,0,0,0,0,0,0,0,0,0,0,0,0,0,0,0,0,0,0,0,0,0,0,0,0,0,0,0,0,0,0,0,0,0,0,0,0,0,0,0,0,0,0,0,0,0,0,0,0,0,0,0,0,0,0,0,0,0,0,0,0,0,0,0,0,0,0,0,0,0,0,0,0,0,0,0,0,0,0,0,0,0,0,0,0,0,0,0,0,0,0,0,0,0,0,0,0,0,0,0,0,0,0,0,0,0,0,0,0,0,0,0,0,0,0,0,0,0,0,0,0,0,0,0,0,0,0,0,0,0,0,0,0,0,0,0,0,0,0,0,0,0,0,0,0,0,0,0,0,0,0,0,0,0,0,0,0,0,0,0,0,0,0,0,0,0,0,0,0,0,0,0,0,0,0,0,0,0,0,0,0,0,0,0,0,0,0,0,0,0,0,0,0,0,0,0,0,0,0,0,0,0,0,0,0,0,0,0,0,0,0,0,0,0,0,0,0,0,0,0,0,0,0,0,
0,0,0,0,0,0,0,0,0,0,0,0,0,0,0,0,0,0,0,0,0,0,0,0,0,0,0,0,0,0,0,0,0,0,0,0,0,0,0,0,0,0,0,0,0,0,0,0,0,0,0,0,0,0,0,0,0,0,0,0,0,0,0,0,0,0,0,0,0,0,0,0,0,0,0,0,0,0,0,0,0,0,0,0,0,0,0,0,0,0,0,0,0,0,0,0,0,0,0,0,0,0,0,0,0,0,0,0,0,0,0,0,0,0,0,0,0,0,0,0,0,0,0,0,0,0,0,0,0,0,0,0,0,0,0,0,0,0,0,0,0,0,0,0,0,0,0,0,0,0,0,0,0,0,0,0,0,0,0,0,0,0,0,0,0,0,0,0,0,0,0,0,0,0,0,0,0,0,0,0,0,0,0,0,0,0,0,0,0,0,0,0,0,0,0,0,0,0,0,0,0,0,0,0,0,0,0,0,0,0,0,0,0,0,0,0,0,0,0,0,0,0,0,0,0,0,0,0,0,0,0,0,0,0,0,0,0,0,0,0,0,0,0,0,0,0,0,0,0,0,0,0,0,0,0,0,
0,0,0,0,0,0,0,0,0,0,0,0,0,0,0,0,0,0,0,0,0,0,0,0,0,0,0,0,0,0,0,0,0,0,0,0,0,0,0,0,0,0,0,0,0,0,0,0,0,0,0,0,0,0,0,0,0,0,0,0,0,0,0,0,0,0,0,0,0,0,0,0,0,0,0,0,0,0,0,0,0,0,0,0,0,0,0,0,0,0,0,0,0,0,0,0,0,0,0,0,0,0,0,0,0,0,0,0,0,0,0,0,0,0,0,0,0,0,0,0,0,0,0,0,0,0,0,0,0,0,0,0,0,0,0,0,0,0,0,0,0,0,0,0,0,0,0,0,0,0,0,0,0,0,0,0,0,0,0,0,0,0,0,0,0,0,0,0,0,0,0,0,0,0,0,0,0,0,0,0,0,0,0,0,0,0,0,0,0,0,0,0,0,0,0,0,0,0,0,0,0,0,0,0,0,0,0,0,0,0,0,0,0,0,0,0,0,0,0,0,0,0,0,0,0,0,0,0,0,0,0,0,0,0,0,0,0,0,0,0,0,0,0,0,0,0,0,0,0,0,0,0,0,0,0,0,
0,0,0,0,0,0,0,0,0,0,0,0,0,0,0,0,0,0,0,0,0,0,0,0,0,0,0,0,0,0,0,0,0,0,0,0,0,0,0,0,0,0,0,0,0,0,0,0,0,0,0,0,0,0,0,0,0,0,0,0,0,0,0,0,0,0,0,0,0,0,0,0,0,0,0,0,0,0,0,0,0,0,0,0,0,0,0,0,0,0,0,0,0,0,0,0,0,0,0,0,0,0,0,0,0,0,0,0,0,0,0,0,0,0,0,0,0,0,0,0,0,0,0,0,0,0,0,0,0,0,0,0,0,0,0,0,0,0,0,0,0,0,0,0,0,0,0,0,0,0,0,0,0,0,0,0,0,0,0,0,0,0,0,0,0,0,0,0,0,0,0,0,0,0,0,0,0,0,0,0,0,0,0,0,0,0,0,0,0,0,0,0,0,0,0,0,0,0,0,0,0,0,0,0,0,0,0,0,0,0,0,0,0,0,0,0,0,0,0,0,0,0,0,0,0,0,0,0,0,0,0,0,0,0,0,0,0,0,0,0,0,0,0,0,0,0,0,0,0,0,0,0,0,0,0,0,
0,0,0,0,0,0,0,0,0,0,0,0,0,0,0,0,0,0,0,0,0,0,0,0,0,0,0,0,0,0,0,0,0,0,0,0,0,0,0,0,0,0,0,0,0,0,0,0,0,0,0,0,0,0,0,0,0,0,0,0,0,0,0,0,0,0,0,0,0,0,0,0,0,0,0,0,0,0,0,0,0,0,0,0,0,0,0,0,0,0,0,0,0,0,0,0,0,0,0,0,0,0,0,0,0,0,0,0,0,0,0,0,0,0,0,0,0,0,0,0,0,0,0,0,0,0,0,0,0,0,0,0,0,0,0,0,0,0,0,0,0,0,0,0,0,0,0,0,0,0,0,0,0,0,0,0,0,0,0,0,0,0,0,0,0,0,0,0,0,0,0,0,0,0,0,0,0,0,0,0,0,0,0,0,0,0,0,0,0,0,0,0,0,0,0,0,0,0,0,0,0,0,0,0,0,0,0,0,0,0,0,0,0,0,0,0,0,0,0,0,0,0,0,0,0,0,0,0,0,0,0,0,0,0,0,0,0,0,0,0,0,0,0,0,0,0,0,0,0,0,0,0,0,0,0,0,
0,0,0,0,0,0,0,0,0,0,0,0,0,0,0,0,0,0,0,0,0,0,0,0,0,0,0,0,0,0,0,0,0,0,0,0,0,0,0,0,0,0,0,0,0,0,0,0,0,0,0,0,0,0,0,0,0,0,0,0,0,0,0,0,0,0,0,0,0,0,0,0,0,0,0,0,0,0,0,0,0,0,0,0,0,0,0,0,0,0,0,0,0,0,0,0,0,0,0,0,0,0,0,0,0,0,0,0,0,0,0,0,0,0,0,0,0,0,0,0,0,0,0,0,0,0,0,0,0,0,0,0,0,0,0,0,0,0,0,0,0,0,0,0,0,0,0,0,0,0,0,0,0,0,0,0,0,0,0,0,0,0,0,0,0,0,0,0,0,0,0,0,0,0,0,0,0,0,0,0,0,0,0,0,0,0,0,0,0,0,0,0,0,0,0,0,0,0,0,0,0,0,0,0,0,0,0,0,0,0,0,0,0,0,0,0,0,0,0,0,0,0,0,0,0,0,0,0,0,0,0,0,0,0,0,0,0,0,0,0,0,0,0,0,0,0,0,0,0,0,0,0,0,0,0,0,
0,0,0,0,0,0,0,0,0,0,0,0,0,0,0,0,0,0,0,0,0,0,0,0,0,0,0,0,0,0,0,0,0,0,0,0,0,0,0,0,0,0,0,0,0,0,0,0,0,0,0,0,0,0,0,0,0,0,0,0,0,0,0,0,0,0,0,0,0,0,0,0,0,0,0,0,0,0,0,0,0,0,0,0,0,0,0,0,0,0,0,0,0,0,0,0,0,0,0,0,0,0,0,0,0,0,0,0,0,0,0,0,0,0,0,0,0,0,0,0,0,0,0,0,0,0,0,0,0,0,0,0,0,0,0,0,0,0,0,0,0,0,0,0,0,0,0,0,0,0,0,0,0,0,0,0,0,0,0,0,0,0,0,0,0,0,0,0,0,0,0,0,0,0,0,0,0,0,0,0,0,0,0,0,0,0,0,0,0,0,0,0,0,0,0,0,0,0,0,0,0,0,0,0,0,0,0,0,0,0,0,0,0,0,0,0,0,0,0,0,0,0,0,0,0,0,0,0,0,0,0,0,0,0,0,0,0,0,0,0,0,0,0,0,0,0,0,0,0,0,0,0,0,0,0,0,
0,0,0,0,0,0,0,0,0,0,0,0,0,0,0,0,0,0,0,0,0,0,0,0,0,0,0,0,0,0,0,0,0,0,0,0,0,0,0,0,0,0,0,0,0,0,0,0,0,0,0,0,0,0,0,0,0,0,0,0,0,0,0,0,0,0,0,0,0,0,0,0,0,0,0,0,0,0,0,0,0,0,0,0,0,0,0,0,0,0,0,0,0,0,0,0,0,0,0,0,0,0,0,0,0,0,0,0,0,0,0,0,0,0,0,0,0,0,0,0,0,0,0,0,0,0,0,0,0,0,0,0,0,0,0,0,0,0,0,0,0,0,0,0,0,0,0,0,0,0,0,0,0,0,0,0,0,0,0,0,0,0,0,0,0,0,0,0,0,0,0,0,0,0,0,0,0,0,0,0,0,0,0,0,0,0,0,0,0,0,0,0,0,0,0,0,0,0,0,0,0,0,0,0,0,0,0,0,0,0,0,0,0,0,0,0,0,0,0,0,0,0,0,0,0,0,0,0,0,0,0,0,0,0,0,0,0,0,0,0,0,0,0,0,0,0,0,0,0,0,0,0,0,0,0,0,
0,0,0,0,0,0,0,0,0,0,0,0,0,0,0,0,0,0,0,0,0,0,0,0,0,0,0,0,0,0,0,0,0,0,0,0,0,0,0,0,0,0,0,0,0,0,0,0,0,0,0,0,0,0,0,0,0,0,0,0,0,0,0,0,0,0,0,0,0,0,0,0,0,0,0,0,0,0,0,0,0,0,0,0,0,0,0,0,0,0,0,0,0,0,0,0,0,0,0,0,0,0,0,0,0,0,0,0,0,0,0,0,0,0,0,0,0,0,0,0,0,0,0,0,0,0,0,0,0,0,0,0,0,0,0,0,0,0,0,0,0,0,0,0,0,0,0,0,0,0,0,0,0,0,0,0,0,0,0,0,0,0,0,0,0,0,0,0,0,0,0,0,0,0,0,0,0,0,0,0,0,0,0,0,0,0,0,0,0,0,0,0,0,0,0,0,0,0,0,0,0,0,0,0,0,0,0,0,0,0,0,0,0,0,0,0,0,0,0,0,0,0,0,0,0,0,0,0,0,0,0,0,0,0,0,0,0,0,0,0,0,0,0,0,0,0,0,0,0,0,0,0,0,0,0,0,
0,0,0,0,0,0,0,0,0,0,0,0,0,0,0,0,0,0,0,0,0,0,0,0,0,0,0,0,0,0,0,0,0,0,0,0,0,0,0,0,0,0,0,0,0,0,0,0,0,0,0,0,0,0,0,0,0,0,0,0,0,0,0,0,0,0,0,0,0,0,0,0,0,0,0,0,0,0,0,0,0,0,0,0,0,0,0,0,0,0,0,0,0,0,0,0,0,0,0,0,0,0,0,0,0,0,0,0,0,0,0,0,0,0,0,0,0,0,0,0,0,0,0,0,0,0,0,0,0,0,0,0,0,0,0,0,0,0,0,0,0,0,0,0,0,0,0,0,0,0,0,0,0,0,0,0,0,0,0,0,0,0,0,0,0,0,0,0,0,0,0,0,0,0,0,0,0,0,0,0,0,0,0,0,0,0,0,0,0,0,0,0,0,0,0,0,0,0,0,0,0,0,0,0,0,0,0,0,0,0,0,0,0,0,0,0,0,0,0,0,0,0,0,0,0,0,0,0,0,0,0,0,0,0,0,0,0,0,0,0,0,0,0,0,0,0,0,0,0,0,0,0,0,0,0,0,
0,0,0,0,0,0,0,0,0,0,0,0,0,0,0,0,0,0,0,0,0,0,0,0,0,0,0,0,0,0,0,0,0,0,0,0,0,0,0,0,0,0,0,0,0,0,0,0,0,0,0,0,0,0,0,0,0,0,0,0,0,0,0,0,0,0,0,0,0,0,0,0,0,0,0,0,0,0,0,0,0,0,0,0,0,0,0,0,0,0,0,0,0,0,0,0,0,0,0,0,0,0,0,0,0,0,0,0,0,0,0,0,0,0,0,0,0,0,0,0,0,0,0,0,0,0,0,0,0,0,0,0,0,0,0,0,0,0,0,0,0,0,0,0,0,0,0,0,0,0,0,0,0,0,0,0,0,0,0,0,0,0,0,0,0,0,0,0,0,0,0,0,0,0,0,0,0,0,0,0,0,0,0,0,0,0,0,0,0,0,0,0,0,0,0,0,0,0,0,0,0,0,0,0,0,0,0,0,0,0,0,0,0,0,0,0,0,0,0,0,0,0,0,0,0,0,0,0,0,0,0,0,0,0,0,0,0,0,0,0,0,0,0,0,0,0,0,0,0,0,0,0,0,0,0,0,
0,0,0,0,0,0,0,0,0,0,0,0,0,0,0,0,0,0,0,0,0,0,0,0,0,0,0,0,0,0,0,0,0,0,0,0,0,0,0,0,0,0,0,0,0,0,0,0,0,0,0,0,0,0,0,0,0,0,0,0,0,0,0,0,0,0,0,0,0,0,0,0,0,0,0,0,0,0,0,0,0,0,0,0,0,0,0,0,0,0,0,0,0,0,0,0,0,0,0,0,0,0,0,0,0,0,0,0,0,0,0,0,0,0,0,0,0,0,0,0,0,0,0,0,0,0,0,0,0,0,0,0,0,0,0,0,0,0,0,0,0,0,0,0,0,0,0,0,0,0,0,0,0,0,0,0,0,0,0,0,0,0,0,0,0,0,0,0,0,0,0,0,0,0,0,0,0,0,0,0,0,0,0,0,0,0,0,0,0,0,0,0,0,0,0,0,0,0,0,0,0,0,0,0,0,0,0,0,0,0,0,0,0,0,0,0,0,0,0,0,0,0,0,0,0,0,0,0,0,0,0,0,0,0,0,0,0,0,0,0,0,0,0,0,0,0,0,0,0,0,0,0,0,0,0,0,
0,0,0,0,0,0,0,0,0,0,0,0,0,0,0,0,0,0,0,0,0,0,0,0,0,0,0,0,0,0,0,0,0,0,0,0,0,0,0,0,0,0,0,0,0,0,0,0,0,0,0,0,0,0,0,0,0,0,0,0,0,0,0,0,0,0,0,0,0,0,0,0,0,0,0,0,0,0,0,0,0,0,0,0,0,0,0,0,0,0,0,0,0,0,0,0,0,0,0,0,0,0,0,0,0,0,0,0,0,0,0,0,0,0,0,0,0,0,0,0,0,0,0,0,0,0,0,0,0,0,0,0,0,0,0,0,0,0,0,0,0,0,0,0,0,0,0,0,0,0,0,0,0,0,0,0,0,0,0,0,0,0,0,0,0,0,0,0,0,0,0,0,0,0,0,0,0,0,0,0,0,0,0,0,0,0,0,0,0,0,0,0,0,0,0,0,0,0,0,0,0,0,0,0,0,0,0,0,0,0,0,0,0,0,0,0,0,0,0,0,0,0,0,0,0,0,0,0,0,0,0,0,0,0,0,0,0,0,0,0,0,0,0,0,0,0,0,0,0,0,0,0,0,0,0,0,
0,0,0,0,0,0,0,0,0,0,0,0,0,0,0,0,0,0,0,0,0,0,0,0,0,0,0,0,0,0,0,0,0,0,0,0,0,0,0,0,0,0,0,0,0,0,0,0,0,0,0,0,0,0,0,0,0,0,0,0,0,0,0,0,0,0,0,0,0,0,0,0,0,0,0,0,0,0,0,0,0,0,0,0,0,0,0,0,0,0,0,0,0,0,0,0,0,0,0,0,0,0,0,0,0,0,0,0,0,0,0,0,0,0,0,0,0,0,0,0,0,0,0,0,0,0,0,0,0,0,0,0,0,0,0,0,0,0,0,0,0,0,0,0,0,0,0,0,0,0,0,0,0,0,0,0,0,0,0,0,0,0,0,0,0,0,0,0,0,0,0,0,0,0,0,0,0,0,0,0,0,0,0,0,0,0,0,0,0,0,0,0,0,0,0,0,0,0,0,0,0,0,0,0,0,0,0,0,0,0,0,0,0,0,0,0,0,0,0,0,0,0,0,0,0,0,0,0,0,0,0,0,0,0,0,0,0,0,0,0,0,0,0,0,0,0,0,0,0,0,0,0,0,0,0,0,
0,0,0,0,0,0,0,0,0,0,0,0,0,0,0,0,0,0,0,0,0,0,0,0,0,0,0,0,0,0,0,0,0,0,0,0,0,0,0,0,0,0,0,0,0,0,0,0,0,0,0,0,0,0,0,0,0,0,0,0,0,0,0,0,0,0,0,0,0,0,0,0,0,0,0,0,0,0,0,0,0,0,0,0,0,0,0,0,0,0,0,0,0,0,0,0,0,0,0,0,0,0,0,0,0,0,0,0,0,0,0,0,0,0,0,0,0,0,0,0,0,0,0,0,0,0,0,0,0,0,0,0,0,0,0,0,0,0,0,0,0,0,0,0,0,0,0,0,0,0,0,0,0,0,0,0,0,0,0,0,0,0,0,0,0,0,0,0,0,0,0,0,0,0,0,0,0,0,0,0,0,0,0,0,0,0,0,0,0,0,0,0,0,0,0,0,0,0,0,0,0,0,0,0,0,0,0,0,0,0,0,0,0,0,0,0,0,0,0,0,0,0,0,0,0,0,0,0,0,0,0,0,0,0,0,0,0,0,0,0,0,0,0,0,0,0,0,0,0,0,0,0,0,0,0,0,
0,0,0,0,0,0,0,0,0,0,0,0,0,0,0,0,0,0,0,0,0,0,0,0,0,0,0,0,0,0,0,0,0,0,0,0,0,0,0,0,0,0,0,0,0,0,0,0,0,0,0,0,0,0,0,0,0,0,0,0,0,0,0,0,0,0,0,0,0,0,0,0,0,0,0,0,0,0,0,0,0,0,0,0,0,0,0,0,0,0,0,0,0,0,0,0,0,0,0,0,0,0,0,0,0,0,0,0,0,0,0,0,0,0,0,0,0,0,0,0,0,0,0,0,0,0,0,0,0,0,0,0,0,0,0,0,0,0,0,0,0,0,0,0,0,0,0,0,0,0,0,0,0,0,0,0,0,0,0,0,0,0,0,0,0,0,0,0,0,0,0,0,0,0,0,0,0,0,0,0,0,0,0,0,0,0,0,0,0,0,0,0,0,0,0,0,0,0,0,0,0,0,0,0,0,0,0,0,0,0,0,0,0,0,0,0,0,0,0,0,0,0,0,0,0,0,0,0,0,0,0,0,0,0,0,0,0,0,0,0,0,0,0,0,0,0,0,0,0,0,0,0,0,0,0,0,
0,0,0,0,0,0,0,0,0,0,0,0,0,0,0,0,0,0,0,0,0,0,0,0,0,0,0,0,0,0,0,0,0,0,0,0,0,0,0,0,0,0,0,0,0,0,0,0,0,0,0,0,0,0,0,0,0,0,0,0,0,0,0,0,0,0,0,0,0,0,0,0,0,0,0,0,0,0,0,0,0,0,0,0,0,0,0,0,0,0,0,0,0,0,0,0,0,0,0,0,0,0,0,0,0,0,0,0,0,0,0,0,0,0,0,0,0,0,0,0,0,0,0,0,0,0,0,0,0,0,0,0,0,0,0,0,0,0,0,0,0,0,0,0,0,0,0,0,0,0,0,0,0,0,0,0,0,0,0,0,0,0,0,0,0,0,0,0,0,0,0,0,0,0,0,0,0,0,0,0,0,0,0,0,0,0,0,0,0,0,0,0,0,0,0,0,0,0,0,0,0,0,0,0,0,0,0,0,0,0,0,0,0,0,0,0,0,0,0,0,0,0,0,0,0,0,0,0,0,0,0,0,0,0,0,0,0,0,0,0,0,0,0,0,0,0,0,0,0,0,0,0,0,0,0,0,
0,0,0,0,0,0,0,0,0,0,0,0,0,0,0,0,0,0,0,0,0,0,0,0,0,0,0,0,0,0,0,0,0,0,0,0,0,0,0,0,0,0,0,0,0,0,0,0,0,0,0,0,0,0,0,0,0,0,0,0,0,0,0,0,0,0,0,0,0,0,0,0,0,0,0,0,0,0,0,0,0,0,0,0,0,0,0,0,0,0,0,0,0,0,0,0,0,0,0,0,0,0,0,0,0,0,0,0,0,0,0,0,0,0,0,0,0,0,0,0,0,0,0,0,0,0,0,0,0,0,0,0,0,0,0,0,0,0,0,0,0,0,0,0,0,0,0,0,0,0,0,0,0,0,0,0,0,0,0,0,0,0,0,0,0,0,0,0,0,0,0,0,0,0,0,0,0,0,0,0,0,0,0,0,0,0,0,0,0,0,0,0,0,0,0,0,0,0,0,0,0,0,0,0,0,0,0,0,0,0,0,0,0,0,0,0,0,0,0,0,0,0,0,0,0,0,0,0,0,0,0,0,0,0,0,0,0,0,0,0,0,0,0,0,0,0,0,0,0,0,0,0,0,0,0,0,
0,0,0,0,0,0,0,0,0,0,0,0,0,0,0,0,0,0,0,0,0,0,0,0,0,0,0,0,0,0,0,0,0,0,0,0,0,0,0,0,0,0,0,0,0,0,0,0,0,0,0,0,0,0,0,0,0,0,0,0,0,0,0,0,0,0,0,0,0,0,0,0,0,0,0,0,0,0,0,0,0,0,0,0,0,0,0,0,0,0,0,0,0,0,0,0,0,0,0,0,0,0,0,0,0,0,0,0,0,0,0,0,0,0,0,0,0,0,0,0,0,0,0,0,0,0,0,0,0,0,0,0,0,0,0,0,0,0,0,0,0,0,0,0,0,0,0,0,0,0,0,0,0,0,0,0,0,0,0,0,0,0,0,0,0,0,0,0,0,0,0,0,0,0,0,0,0,0,0,0,0,0,0,0,0,0,0,0,0,0,0,0,0,0,0,0,0,0,0,0,0,0,0,0,0,0,0,0,0,0,0,0,0,0,0,0,0,0,0,0,0,0,0,0,0,0,0,0,0,0,0,0,0,0,0,0,0,0,0,0,0,0,0,0,0,0,0,0,0,0,0,0,0,0,0,0,
0,0,0,0,0,0,0,0,0,0,0,0,0,0,0,0,0,0,0,0,0,0,0,0,0,0,0,0,0,0,0,0,0,0,0,0,0,0,0,0,0,0,0,0,0,0,0,0,0,0,0,0,0,0,0,0,0,0,0,0,0,0,0,0,0,0,0,0,0,0,0,0,0,0,0,0,0,0,0,0,0,0,0,0,0,0,0,0,0,0,0,0,0,0,0,0,0,0,0,0,0,0,0,0,0,0,0,0,0,0,0,0,0,0,0,0,0,0,0,0,0,0,0,0,0,0,0,0,0,0,0,0,0,0,0,0,0,0,0,0,0,0,0,0,0,0,0,0,0,0,0,0,0,0,0,0,0,0,0,0,0,0,0,0,0,0,0,0,0,0,0,0,0,0,0,0,0,0,0,0,0,0,0,0,0,0,0,0,0,0,0,0,0,0,0,0,0,0,0,0,0,0,0,0,0,0,0,0,0,0,0,0,0,0,0,0,0,0,0,0,0,0,0,0,0,0,0,0,0,0,0,0,0,0,0,0,0,0,0,0,0,0,0,0,0,0,0,0,0,0,0,0,0,0,0,0,
0,0,0,0,0,0,0,0,0,0,0,0,0,0,0,0,0,0,0,0,0,0,0,0,0,0,0,0,0,0,0,0,0,0,0,0,0,0,0,0,0,0,0,0,0,0,0,0,0,0,0,0,0,0,0,0,0,0,0,0,0,0,0,0,0,0,0,0,0,0,0,0,0,0,0,0,0,0,0,0,0,0,0,0,0,0,0,0,0,0,0,0,0,0,0,0,0,0,0,0,0,0,0,0,0,0,0,0,0,0,0,0,0,0,0,0,0,0,0,0,0,0,0,0,0,0,0,0,0,0,0,0,0,0,0,0,0,0,0,0,0,0,0,0,0,0,0,0,0,0,0,0,0,0,0,0,0,0,0,0,0,0,0,0,0,0,0,0,0,0,0,0,0,0,0,0,0,0,0,0,0,0,0,0,0,0,0,0,0,0,0,0,0,0,0,0,0,0,0,0,0,0,0,0,0,0,0,0,0,0,0,0,0,0,0,0,0,0,0,0,0,0,0,0,0,0,0,0,0,0,0,0,0,0,0,0,0,0,0,0,0,0,0,0,0,0,0,0,0,0,0,0,0,0,0,0,
0,0,0,0,0,0,0,0,0,0,0,0,0,0,0,0,0,0,0,0,0,0,0,0,0,0,0,0,0,0,0,0,0,0,0,0,0,0,0,0,0,0,0,0,0,0,0,0,0,0,0,0,0,0,0,0,0,0,0,0,0,0,0,0,0,0,0,0,0,0,0,0,0,0,0,0,0,0,0,0,0,0,0,0,0,0,0,0,0,0,0,0,0,0,0,0,0,0,0,0,0,0,0,0,0,0,0,0,0,0,0,0,0,0,0,0,0,0,0,0,0,0,0,0,0,0,0,0,0,0,0,0,0,0,0,0,0,0,0,0,0,0,0,0,0,0,0,0,0,0,0,0,0,0,0,0,0,0,0,0,0,0,0,0,0,0,0,0,0,0,0,0,0,0,0,0,0,0,0,0,0,0,0,0,0,0,0,0,0,0,0,0,0,0,0,0,0,0,0,0,0,0,0,0,0,0,0,0,0,0,0,0,0,0,0,0,0,0,0,0,0,0,0,0,0,0,0,0,0,0,0,0,0,0,0,0,0,0,0,0,0,0,0,0,0,0,0,0,0,0,0,0,0,0,0,0,
0,0,0,0,0,0,0,0,0,0,0,0,0,0,0,0,0,0,0,0,0,0,0,0,0,0,0,0,0,0,0,0,0,0,0,0,0,0,0,0,0,0,0,0,0,0,0,0,0,0,0,0,0,0,0,0,0,0,0,0,0,0,0,0,0,0,0,0,0,0,0,0,0,0,0,0,0,0,0,0,0,0,0,0,0,0,0,0,0,0,0,0,0,0,0,0,0,0,0,0,0,0,0,0,0,0,0,0,0,0,0,0,0,0,0,0,0,0,0,0,0,0,0,0,0,0,0,0,0,0,0,0,0,0,0,0,0,0,0,0,0,0,0,0,0,0,0,0,0,0,0,0,0,0,0,0,0,0,0,0,0,0,0,0,0,0,0,0,0,0,0,0,0,0,0,0,0,0,0,0,0,0,0,0,0,0,0,0,0,0,0,0,0,0,0,0,0,0,0,0,0,0,0,0,0,0,0,0,0,0,0,0,0,0,0,0,0,0,0,0,0,0,0,0,0,0,0,0,0,0,0,0,0,0,0,0,0,0,0,0,0,0,0,0,0,0,0,0,0,0,0,0,0,0,0,0,
0,0,0,0,0,0,0,0,0,0,0,0,0,0,0,0,0,0,0,0,0,0,0,0,0,0,0,0,0,0,0,0,0,0,0,0,0,0,0,0,0,0,0,0,0,0,0,0,0,0,0,0,0,0,0,0,0,0,0,0,0,0,0,0,0,0,0,0,0,0,0,0,0,0,0,0,0,0,0,0,0,0,0,0,0,0,0,0,0,0,0,0,0,0,0,0,0,0,0,0,0,0,0,0,0,0,0,0,0,0,0,0,0,0,0,0,0,0,0,0,0,0,0,0,0,0,0,0,0,0,0,0,0,0,0,0,0,0,0,0,0,0,0,0,0,0,0,0,0,0,0,0,0,0,0,0,0,0,0,0,0,0,0,0,0,0,0,0,0,0,0,0,0,0,0,0,0,0,0,0,0,0,0,0,0,0,0,0,0,0,0,0,0,0,0,0,0,0,0,0,0,0,0,0,0,0,0,0,0,0,0,0,0,0,0,0,0,0,0,0,0,0,0,0,0,0,0,0,0,0,0,0,0,0,0,0,0,0,0,0,0,0,0,0,0,0,0,0,0,0,0,0,0,0,0,0,
0,0,0,0,0,0,0,0,0,0,0,0,0,0,0,0,0,0,0,0,0,0,0,0,0,0,0,0,0,0,0,0,0,0,0,0,0,0,0,0,0,0,0,0,0,0,0,0,0,0,0,0,0,0,0,0,0,0,0,0,0,0,0,0,0,0,0,0,0,0,0,0,0,0,0,0,0,0,0,0,0,0,0,0,0,0,0,0,0,0,0,0,0,0,0,0,0,0,0,0,0,0,0,0,0,0,0,0,0,0,0,0,0,0,0,0,0,0,0,0,0,0,0,0,0,0,0,0,0,0,0,0,0,0,0,0,0,0,0,0,0,0,0,0,0,0,0,0,0,0,0,0,0,0,0,0,0,0,0,0,0,0,0,0,0,0,0,0,0,0,0,0,0,0,0,0,0,0,0,0,0,0,0,0,0,0,0,0,0,0,0,0,0,0,0,0,0,0,0,0,0,0,0,0,0,0,0,0,0,0,0,0,0,0,0,0,0,0,0,0,0,0,0,0,0,0,0,0,0,0,0,0,0,0,0,0,0,0,0,0,0,0,0,0,0,0,0,0,0,0,0,0,0,0,0,0,
0,0,0,0,0,0,0,0,0,0,0,0,0,0,0,0,0,0,0,0,0,0,0,0,0,0,0,0,0,0,0,0,0,0,0,0,0,0,0,0,0,0,0,0,0,0,0,0,0,0,0,0,0,0,0,0,0,0,0,0,0,0,0,0,0,0,0,0,0,0,0,0,0,0,0,0,0,0,0,0,0,0,0,0,0,0,0,0,0,0,0,0,0,0,0,0,0,0,0,0,0,0,0,0,0,0,0,0,0,0,0,0,0,0,0,0,0,0,0,0,0,0,0,0,0,0,0,0,0,0,0,0,0,0,0,0,0,0,0,0,0,0,0,0,0,0,0,0,0,0,0,0,0,0,0,0,0,0,0,0,0,0,0,0,0,0,0,0,0,0,0,0,0,0,0,0,0,0,0,0,0,0,0,0,0,0,0,0,0,0,0,0,0,0,0,0,0,0,0,0,0,0,0,0,0,0,0,0,0,0,0,0,0,0,0,0,0,0,0,0,0,0,0,0,0,0,0,0,0,0,0,0,0,0,0,0,0,0,0,0,0,0,0,0,0,0,0,0,0,0,0,0,0,0,0,0,
0,0,0,0,0,0,0,0,0,0,0,0,0,0,0,0,0,0,0,0,0,0,0,0,0,0,0,0,0,0,0,0,0,0,0,0,0,0,0,0,0,0,0,0,0,0,0,0,0,0,0,0,0,0,0,0,0,0,0,0,0,0,0,0,0,0,0,0,0,0,0,0,0,0,0,0,0,0,0,0,0,0,0,0,0,0,0,0,0,0,0,0,0,0,0,0,0,0,0,0,0,0,0,0,0,0,0,0,0,0,0,0,0,0,0,0,0,0,0,0,0,0,0,0,0,0,0,0,0,0,0,0,0,0,0,0,0,0,0,0,0,0,0,0,0,0,0,0,0,0,0,0,0,0,0,0,0,0,0,0,0,0,0,0,0,0,0,0,0,0,0,0,0,0,0,0,0,0,0,0,0,0,0,0,0,0,0,0,0,0,0,0,0,0,0,0,0,0,0,0,0,0,0,0,0,0,0,0,0,0,0,0,0,0,0,0,0,0,0,0,0,0,0,0,0,0,0,0,0,0,0,0,0,0,0,0,0,0,0,0,0,0,0,0,0,0,0,0,0,0,0,0,0,0,0,0,
0,0,0,0,0,0,0,0,0,0,0,0,0,0,0,0,0,0,0,0,0,0,0,0,0,0,0,0,0,0,0,0,0,0,0,0,0,0,0,0,0,0,0,0,0,0,0,0,0,0,0,0,0,0,0,0,0,0,0,0,0,0,0,0,0,0,0,0,0,0,0,0,0,0,0,0,0,0,0,0,0,0,0,0,0,0,0,0,0,0,0,0,0,0,0,0,0,0,0,0,0,0,0,0,0,0,0,0,0,0,0,0,0,0,0,0,0,0,0,0,0,0,0,0,0,0,0,0,0,0,0,0,0,0,0,0,0,0,0,0,0,0,0,0,0,0,0,0,0,0,0,0,0,0,0,0,0,0,0,0,0,0,0,0,0,0,0,0,0,0,0,0,0,0,0,0,0,0,0,0,0,0,0,0,0,0,0,0,0,0,0,0,0,0,0,0,0,0,0,0,0,0,0,0,0,0,0,0,0,0,0,0,0,0,0,0,0,0,0,0,0,0,0,0,0,0,0,0,0,0,0,0,0,0,0,0,0,0,0,0,0,0,0,0,0,0,0,0,0,0,0,0,0,0,0,0,
0,0,0,0,0,0,0,0,0,0,0,0,0,0,0,0,0,0,0,0,0,0,0,0,0,0,0,0,0,0,0,0,0,0,0,0,0,0,0,0,0,0,0,0,0,0,0,0,0,0,0,0,0,0,0,0,0,0,0,0,0,0,0,0,0,0,0,0,0,0,0,0,0,0,0,0,0,0,0,0,0,0,0,0,0,0,0,0,0,0,0,0,0,0,0,0,0,0,0,0,0,0,0,0,0,0,0,0,0,0,0,0,0,0,0,0,0,0,0,0,0,0,0,0,0,0,0,0,0,0,0,0,0,0,0,0,0,0,0,0,0,0,0,0,0,0,0,0,0,0,0,0,0,0,0,0,0,0,0,0,0,0,0,0,0,0,0,0,0,0,0,0,0,0,0,0,0,0,0,0,0,0,0,0,0,0,0,0,0,0,0,0,0,0,0,0,0,0,0,0,0,0,0,0,0,0,0,0,0,0,0,0,0,0,0,0,0,0,0,0,0,0,0,0,0,0,0,0,0,0,0,0,0,0,0,0,0,0,0,0,0,0,0,0,0,0,0,0,0,0,0,0,0,0,0,0,
0,0,0,0,0,0,0,0,0,0,0,0,0,0,0,0,0,0,0,0,0,0,0,0,0,0,0,0,18,0,0,0,0,0,0,0,0,0,0,0,0,0,0,0,0,0,0,0,0,0,0,0,0,0,0,0,0,0,0,0,0,0,0,0,0,0,0,0,0,0,0,0,0,0,0,0,0,0,0,0,0,0,0,0,0,0,0,0,0,0,0,0,0,0,0,0,0,0,0,0,0,0,0,0,0,0,0,0,0,0,0,0,0,0,0,0,0,0,0,0,0,0,0,0,0,0,0,0,0,0,0,0,0,0,0,0,0,0,0,0,0,0,0,0,0,0,0,0,0,0,0,0,0,0,0,0,0,0,0,0,0,0,0,0,0,0,0,0,0,0,0,0,0,0,0,0,0,0,0,0,0,0,0,0,0,0,0,0,0,0,0,0,0,0,0,0,0,0,0,0,0,0,0,0,0,0,0,0,0,0,0,0,0,0,0,0,0,0,0,0,0,0,0,0,0,0,0,0,0,0,0,0,0,0,0,0,0,0,0,0,0,0,0,0,0,0,0,0,0,0,0,0,0,0,0,0,
0,0,0,0,0,0,0,0,0,0,0,0,0,0,0,0,0,0,0,0,0,0,0,0,0,0,0,0,0,0,0,0,0,0,0,0,0,0,0,0,0,0,0,0,0,0,0,0,0,0,0,0,0,0,0,0,0,0,0,0,0,0,0,0,0,0,0,0,0,0,0,0,0,0,0,0,0,0,0,0,0,0,0,0,0,0,0,0,0,0,0,0,0,0,0,0,0,0,0,0,0,0,0,0,0,0,0,0,0,0,0,0,0,0,0,0,0,0,0,0,0,0,0,0,0,0,0,0,0,0,0,0,0,0,0,0,0,0,0,0,0,0,0,0,0,0,0,0,0,0,0,0,0,0,0,0,0,0,0,0,0,0,0,0,0,0,0,0,0,0,0,0,0,0,0,0,0,0,0,0,0,0,0,0,0,0,0,0,0,0,0,0,0,0,0,0,0,0,0,0,0,0,19,0,0,0,0,0,0,0,0,0,0,0,0,0,0,0,0,0,0,0,0,0,0,0,0,0,0,0,0,0,0,0,0,0,0,0,0,0,0,0,0,0,0,0,0,0,0,0,0,0,0,0,0,0,
0,0,0,0,0,0,0,0,0,0,0,0,0,0,0,0,0,0,0,0,0,0,0,0,0,0,0,0,0,0,0,0,0,0,0,0,0,0,0,0,0,0,0,0,0,0,0,0,0,0,0,0,0,0,0,0,0,0,0,0,0,0,0,0,0,0,0,0,0,0,0,0,0,0,0,0,0,0,0,0,0,0,0,0,0,0,0,0,0,0,0,0,0,0,0,0,0,0,0,0,0,0,0,0,0,0,0,0,0,0,0,0,0,0,0,0,0,0,0,0,0,0,0,0,0,0,0,0,0,0,0,0,0,0,0,0,0,0,0,0,0,0,0,0,0,0,0,0,0,0,0,0,0,0,0,0,0,0,0,0,0,0,0,0,0,0,0,0,0,0,0,0,0,0,0,0,0,0,0,0,0,0,0,0,0,0,0,0,0,24,0,0,0,0,0,0,0,0,0,0,0,0,20,19,0,0,0,0,0,0,0,0,0,0,0,0,0,0,0,0,0,0,0,0,0,0,0,0,0,0,0,0,0,0,0,0,0,0,0,0,0,0,0,0,0,0,0,0,0,0,0,0,0,0,0,0,
0,0,0,0,0,0,0,0,0,0,0,0,0,0,0,0,0,0,0,0,0,0,0,0,0,0,19,0,0,18,0,0,0,0,0,0,0,0,0,0,0,0,0,0,0,0,0,0,0,0,0,0,0,0,0,0,0,0,0,0,0,0,0,0,0,0,0,0,0,0,0,0,0,0,0,0,0,0,0,0,0,0,0,0,0,0,0,0,0,0,0,0,0,0,0,0,0,0,0,0,0,0,0,0,0,0,0,0,0,0,0,0,0,0,0,0,0,0,0,0,0,0,0,0,0,0,0,0,0,0,0,0,0,0,0,0,0,0,0,0,0,0,0,0,0,0,0,0,0,0,0,0,0,0,0,0,0,0,0,0,0,0,0,0,19,0,0,0,0,0,0,0,0,0,0,0,0,0,0,0,0,0,0,0,0,0,0,0,0,0,0,0,0,0,0,0,0,0,0,0,17,20,0,19,0,0,0,0,0,0,0,0,0,0,0,0,0,0,0,0,0,0,0,0,26,0,0,0,0,0,0,0,0,32,0,28,0,0,0,0,30,0,0,0,0,0,0,0,0,0,0,0,0,0,0,0,
0,0,0,0,0,0,0,0,0,0,0,0,0,0,0,0,0,0,0,0,0,0,0,0,0,0,0,0,19,0,18,0,0,0,0,0,0,0,0,0,0,0,0,0,0,0,0,0,0,0,0,0,0,0,0,0,0,0,0,0,0,0,0,0,0,0,0,0,0,0,0,0,0,0,0,0,0,0,0,0,0,0,0,0,0,0,0,0,0,0,0,0,0,0,0,0,0,0,0,25,0,0,0,0,0,0,0,0,0,0,0,0,0,0,0,0,0,0,0,0,0,0,0,0,0,0,0,0,0,0,0,0,0,0,0,0,0,0,0,0,0,0,0,0,0,0,0,0,0,0,0,0,0,0,0,0,0,0,0,0,0,0,0,0,0,0,0,0,0,0,0,0,0,0,0,0,0,0,0,0,0,0,0,0,0,0,0,0,0,0,0,0,0,0,0,0,0,19,0,20,18,18,0,0,0,0,0,0,0,0,0,0,0,0,0,0,0,0,0,0,0,0,26,26,27,26,0,0,0,0,0,0,0,0,31,32,0,0,0,0,31,0,0,0,0,0,0,0,0,0,0,0,0,0,0,0,
0,0,0,0,0,0,0,0,0,0,32,0,0,0,0,0,0,0,0,0,0,0,0,0,0,0,0,0,0,18,0,0,0,0,0,0,0,0,0,0,0,21,0,0,0,0,0,0,0,0,0,0,0,0,0,31,0,0,0,0,27,30,0,0,0,0,0,0,17,0,0,0,0,0,0,0,0,0,0,0,0,0,0,0,0,0,0,0,0,0,0,0,0,0,0,0,0,0,0,26,26,26,0,0,0,0,0,0,0,20,0,0,0,0,0,0,0,0,0,0,0,0,0,0,0,0,0,0,0,0,0,0,0,0,0,0,0,0,0,0,0,0,0,0,0,0,0,0,0,0,0,0,0,0,0,0,0,0,0,0,0,20,0,0,0,0,0,0,0,0,0,0,0,0,0,0,0,0,0,0,0,0,0,0,0,0,0,0,0,0,0,0,0,0,0,0,0,0,23,0,17,21,0,0,0,0,0,0,0,0,0,0,0,0,0,0,0,0,0,0,0,0,0,27,26,0,0,0,0,0,0,0,0,0,0,0,33,0,0,0,0,0,0,0,0,0,0,0,0,0,0,0,0,0,0,0,
0,0,0,0,0,0,0,0,0,0,0,0,0,22,0,0,0,0,0,0,0,0,0,0,0,0,0,0,0,21,0,0,0,0,0,0,0,0,0,0,0,22,23,27,0,26,0,0,0,0,0,0,27,30,29,0,0,0,0,0,25,30,20,0,0,0,0,0,18,0,0,0,0,0,0,0,0,0,32,0,0,0,0,32,0,0,0,0,0,0,0,0,0,0,0,0,0,0,0,0,22,0,0,0,26,0,0,0,0,27,20,0,0,0,0,0,0,0,0,0,0,0,0,0,0,0,0,0,0,0,0,0,0,0,0,0,0,0,0,0,0,0,0,0,0,0,0,0,0,0,0,0,0,0,0,0,0,0,0,0,0,0,0,0,0,25,0,0,23,0,0,0,0,0,0,0,0,0,0,0,0,0,23,0,0,0,0,0,20,0,21,0,0,0,0,26,0,0,26,24,0,23,21,16,17,0,0,0,0,0,0,0,0,0,0,0,0,0,0,0,0,0,0,0,28,0,0,0,0,0,0,0,0,0,0,29,0,0,0,32,33,0,0,0,0,0,0,0,0,0,0,0,0,0,0,0,
0,0,0,22,22,0,0,0,0,31,0,0,0,22,0,0,0,0,0,0,0,0,0,0,0,0,0,0,0,0,0,23,0,0,0,0,0,0,0,0,0,21,24,22,0,0,25,0,0,32,0,0,0,28,29,29,28,0,0,0,0,30,32,31,0,0,0,0,18,0,0,0,0,0,0,21,0,0,0,0,0,0,0,0,35,0,0,0,0,0,0,0,0,0,0,0,0,0,0,0,25,0,0,24,0,0,0,0,0,0,0,0,0,0,0,0,0,0,0,0,0,0,0,0,0,0,0,0,25,0,0,0,0,0,0,0,0,0,0,0,0,0,0,0,0,0,0,0,0,0,0,0,0,0,0,0,0,0,24,0,0,0,0,0,0,21,0,0,0,0,0,0,0,0,0,0,26,0,0,0,0,22,0,23,0,0,0,0,0,23,22,21,0,0,22,0,25,21,23,0,22,21,21,0,19,18,0,0,0,0,0,0,0,0,0,24,0,0,0,0,0,0,0,0,29,31,0,0,0,0,0,0,0,0,0,0,0,0,31,0,33,0,0,0,0,0,0,0,0,0,0,0,0,0,0,0,
24,0,0,0,23,0,0,0,0,24,0,0,0,0,32,0,21,0,0,0,0,0,0,0,0,0,0,24,0,0,23,0,34,0,0,0,24,0,0,0,0,0,0,0,0,0,24,0,0,33,31,0,0,31,28,29,28,24,33,0,0,25,22,32,22,0,0,0,0,0,0,23,0,0,21,21,0,20,24,34,0,0,0,0,34,0,0,0,0,0,0,0,0,0,0,0,0,0,0,0,0,0,23,24,0,0,28,0,0,0,22,0,0,0,0,0,0,0,0,24,0,27,21,24,25,0,0,24,25,0,0,0,0,0,21,0,0,0,0,0,0,0,32,0,0,0,0,0,0,0,0,0,0,0,0,0,0,0,25,0,0,0,0,0,0,0,22,0,0,0,0,0,0,0,0,0,28,0,0,0,0,0,0,0,0,0,26,0,0,0,25,24,22,0,22,25,23,21,23,26,23,25,22,0,24,19,30,19,0,0,0,0,0,0,0,23,0,22,23,22,23,34,0,0,0,0,0,0,0,0,0,0,0,0,0,0,0,33,0,32,0,0,0,0,0,0,0,0,0,0,0,0,0,0,0,0,
25,0,0,0,0,22,0,0,25,0,24,0,0,0,29,0,23,22,18,0,0,27,0,0,0,0,0,0,29,24,0,25,24,35,35,35,24,37,0,0,33,31,0,33,0,26,26,34,0,0,33,32,0,31,29,26,25,31,33,23,0,22,24,28,23,0,0,0,0,0,0,0,0,0,0,22,0,0,0,0,34,0,36,0,0,0,0,0,31,0,0,0,0,0,0,0,0,0,0,0,0,27,0,24,0,0,29,0,0,0,0,23,0,0,0,0,0,0,0,0,22,24,27,22,26,23,38,35,26,0,0,0,0,0,0,0,0,0,0,0,0,34,0,33,0,29,0,0,0,0,0,0,32,0,0,0,0,0,0,24,0,27,0,0,0,24,23,30,0,0,0,0,0,0,0,0,26,29,30,25,28,0,35,0,27,26,0,26,0,26,27,25,25,23,24,24,25,25,24,25,26,25,0,0,0,0,22,22,0,29,0,0,0,0,0,24,24,24,24,23,22,0,37,0,0,31,24,0,0,0,29,0,0,0,0,0,0,31,0,0,0,0,0,0,0,0,0,0,0,0,0,0,0,0,0,0,
25,0,0,0,23,21,0,29,26,25,22,0,0,0,32,30,20,23,21,0,0,26,0,0,0,0,0,0,29,25,0,33,26,25,30,35,36,35,25,0,34,0,27,33,34,36,0,0,0,36,26,32,34,29,30,28,32,30,26,24,23,28,30,32,27,0,0,0,0,0,0,0,0,0,24,24,24,29,0,0,32,36,36,0,36,0,29,32,31,25,0,0,29,0,0,0,0,0,0,19,21,18,0,0,0,29,28,0,0,25,0,0,18,25,28,0,0,0,0,23,23,0,25,32,27,0,24,38,24,0,0,0,0,0,0,0,0,19,0,0,0,0,34,26,24,25,34,0,0,0,32,31,0,30,0,0,0,26,0,0,25,28,31,0,0,25,24,0,31,31,24,0,28,0,0,27,29,27,26,21,28,27,27,21,26,0,0,28,27,27,23,26,27,25,24,31,24,24,24,25,26,26,29,30,0,24,24,24,0,31,0,0,0,0,29,25,23,23,24,23,28,0,22,26,37,32,24,25,24,0,31,28,0,0,0,0,34,0,32,33,0,0,0,0,0,0,0,0,0,0,0,0,0,0,0,0,
0,26,0,0,29,22,30,24,29,25,0,23,20,0,18,18,19,20,0,0,0,26,29,29,0,0,30,0,0,0,30,21,29,29,37,27,36,29,25,25,36,34,32,30,35,30,26,30,0,26,29,25,27,32,31,27,31,32,33,24,27,28,29,0,32,0,28,31,0,0,0,0,0,0,24,25,27,26,23,0,36,26,30,28,30,26,30,33,0,25,26,26,0,0,0,36,0,0,0,0,0,18,26,29,28,0,28,26,0,28,20,0,18,21,0,28,28,0,0,0,0,0,24,29,26,26,25,27,39,35,0,0,0,0,0,0,25,27,30,20,0,0,0,26,29,25,39,35,0,0,28,27,32,28,26,0,25,0,24,19,28,26,27,32,27,0,29,24,0,32,0,31,26,0,0,0,27,29,29,24,22,25,28,28,31,0,0,28,28,27,27,24,24,24,26,25,32,27,26,26,26,27,30,31,32,28,24,0,30,0,29,29,30,31,30,22,25,25,0,0,29,23,23,35,0,34,33,0,27,24,30,27,29,0,0,0,29,34,29,0,0,0,0,27,0,0,27,0,0,0,0,0,0,0,0,0,
27,25,0,0,26,25,30,31,25,27,28,27,0,21,21,25,19,18,22,21,30,31,28,27,31,29,0,30,0,0,29,30,21,33,28,32,29,28,30,25,30,36,33,32,30,29,27,26,27,26,28,37,37,27,32,27,31,28,35,31,28,34,33,28,29,0,30,31,0,0,0,0,0,25,25,29,28,26,30,25,27,27,28,29,31,33,30,26,30,20,29,26,27,26,0,38,37,0,0,0,20,0,0,29,30,28,28,27,0,30,0,25,19,25,26,24,0,0,29,0,0,27,25,30,28,32,35,0,0,36,36,0,0,27,0,0,30,26,0,26,0,30,30,26,26,26,25,39,37,34,29,28,28,29,28,25,0,25,25,26,27,27,25,28,26,0,27,29,31,0,26,27,30,30,0,0,28,28,28,26,19,23,24,25,32,28,0,0,29,30,27,27,25,26,26,23,24,29,31,24,27,26,26,31,30,33,28,0,0,30,29,30,0,30,31,27,24,0,0,27,29,28,28,35,24,35,36,38,27,28,27,34,31,0,0,0,30,30,35,26,0,29,29,27,0,0,26,30,0,0,0,0,0,0,0,0,
29,25,24,0,27,25,27,26,25,30,30,28,25,21,21,22,20,31,19,32,34,28,28,34,29,31,32,31,27,31,26,30,32,25,34,29,29,35,31,28,26,32,34,31,32,32,29,33,33,29,29,24,34,36,28,27,35,29,31,32,30,29,29,28,29,24,32,0,0,0,0,25,24,25,28,27,28,30,30,31,31,29,29,28,31,35,28,27,23,21,22,28,28,27,27,0,38,0,0,27,0,0,31,28,30,30,26,29,28,31,26,33,26,31,30,0,0,0,26,0,30,28,30,25,29,37,36,0,0,37,36,36,0,26,28,25,28,31,0,0,0,0,30,24,31,25,29,28,38,25,30,31,29,29,30,33,31,19,19,20,27,27,31,0,0,26,29,28,31,31,26,25,21,31,28,0,28,27,27,27,20,21,21,24,25,26,26,28,0,29,30,31,32,26,24,25,29,29,30,29,25,31,26,26,31,28,31,29,26,0,33,31,30,31,31,27,27,25,0,28,26,29,29,29,26,35,36,27,39,35,27,29,30,31,0,30,0,30,35,35,27,26,27,29,28,0,27,30,30,0,0,0,25,33,0,0,
30,24,25,29,27,29,31,27,26,27,28,30,26,0,28,23,0,30,32,30,33,34,30,29,34,31,33,32,28,0,26,32,32,31,30,31,33,34,30,29,28,34,32,32,33,30,30,31,40,42,30,25,30,34,28,26,32,29,26,31,32,35,30,31,33,32,32,28,0,26,0,0,26,26,28,27,30,30,31,29,32,39,37,29,33,36,29,22,26,22,26,28,29,26,28,28,28,39,28,28,0,30,30,0,29,30,0,23,26,32,27,34,26,33,0,31,25,0,27,24,30,0,0,27,30,0,37,0,0,38,38,37,0,0,27,29,26,30,29,28,26,28,37,35,32,31,30,28,31,25,27,35,32,34,30,28,31,32,21,20,31,32,0,0,0,27,30,27,29,27,32,25,27,23,22,27,28,25,28,28,21,21,28,31,30,27,29,29,27,34,29,30,28,28,30,26,30,30,31,26,33,28,26,28,29,28,33,32,28,0,36,33,31,32,29,31,28,32,26,25,27,27,30,31,26,30,36,27,28,37,32,30,29,0,32,34,0,31,33,31,29,27,29,30,30,28,28,28,31,0,0,0,34,0,0,0,
35,25,25,30,31,27,34,32,28,32,35,31,27,0,28,24,24,0,35,33,32,34,34,31,30,35,28,30,30,26,26,27,27,32,33,31,32,33,30,30,31,33,34,25,30,34,28,30,32,41,41,42,24,37,36,30,33,31,30,32,33,32,31,30,30,31,29,26,28,28,27,27,28,32,30,28,29,29,32,33,30,34,33,37,33,32,33,31,26,26,32,31,30,30,30,29,39,36,40,29,29,29,31,30,0,0,24,24,29,30,33,30,34,34,34,0,0,24,0,26,27,30,30,26,27,33,30,0,29,29,39,26,0,0,0,32,32,30,29,28,27,29,36,31,34,29,30,31,27,32,28,29,29,34,0,35,32,31,27,32,29,32,33,32,0,28,28,31,27,28,33,24,25,24,29,28,28,30,28,29,24,34,28,27,32,28,30,24,32,31,28,30,31,31,37,26,32,31,28,31,31,33,26,28,29,28,34,35,30,36,36,28,33,28,28,27,24,26,34,27,30,26,27,31,31,25,30,28,28,35,38,31,30,32,32,33,0,29,32,32,30,31,31,29,31,30,29,36,0,31,0,0,29,34,0,0,
27,26,35,30,32,28,29,35,29,29,25,25,28,31,0,28,29,0,35,23,31,32,33,30,32,35,29,24,31,32,32,27,29,34,32,33,33,32,32,31,32,31,34,31,31,30,29,34,32,31,30,44,35,26,37,31,31,30,31,31,32,31,30,31,31,31,29,31,26,25,28,28,29,39,30,30,29,31,29,33,33,34,34,26,33,33,30,31,27,27,27,32,32,30,28,30,30,40,36,38,29,31,30,23,31,36,0,32,30,33,34,32,30,26,35,29,28,37,0,32,28,31,26,31,32,32,33,29,29,0,30,34,31,38,0,33,34,33,31,29,28,30,34,38,30,29,29,30,31,32,30,31,29,30,35,36,32,32,27,31,27,30,27,30,33,28,28,31,27,30,27,24,24,31,25,30,25,31,28,30,25,35,29,36,32,28,33,25,33,32,32,33,38,31,31,36,35,33,31,27,23,28,27,27,27,28,28,29,33,28,36,29,29,30,30,27,27,27,34,29,28,30,31,32,32,31,28,27,35,30,38,33,32,33,33,33,30,30,35,34,34,30,28,30,29,30,30,36,35,0,0,30,0,35,35,0,
29,27,25,31,32,30,32,33,28,28,32,30,34,34,30,31,30,28,28,24,34,32,35,30,29,31,29,35,35,31,34,32,35,29,33,34,29,34,34,32,28,36,35,34,34,32,34,32,33,31,30,33,37,35,29,26,32,35,34,31,33,32,32,34,32,39,30,30,31,34,27,28,39,39,29,32,30,30,31,30,35,34,30,33,32,33,33,32,25,31,28,31,33,29,30,27,30,30,36,27,38,31,31,25,24,36,0,32,34,38,34,36,29,28,27,37,37,29,35,26,30,32,33,32,30,32,31,30,31,33,35,32,31,34,31,37,36,33,31,32,29,33,34,34,36,31,31,31,31,31,30,26,29,29,33,0,34,33,28,29,33,28,26,31,27,28,32,32,31,28,32,29,25,25,26,28,27,24,29,26,31,32,36,27,31,31,37,32,22,32,33,33,38,36,32,37,36,32,32,32,29,30,27,27,26,36,31,33,29,33,28,26,29,29,31,28,36,28,26,34,30,31,32,32,28,33,32,27,35,36,35,30,32,35,31,35,31,31,32,32,34,27,31,32,30,31,31,33,33,36,34,31,35,37,0,0,
29,26,27,32,33,32,26,31,31,24,28,30,36,30,34,31,28,26,29,31,31,35,36,35,29,31,29,32,30,32,30,32,28,31,29,34,32,31,31,33,30,33,33,35,30,36,33,34,29,28,32,38,28,29,34,34,34,30,33,32,39,32,33,35,33,42,39,31,31,34,33,28,35,32,30,32,33,33,34,33,31,35,33,34,29,34,34,32,29,32,27,32,31,31,30,27,34,30,31,33,27,28,31,26,26,31,27,25,36,35,35,35,29,29,29,32,38,37,31,31,29,29,34,31,32,27,31,32,35,30,32,36,37,32,35,34,35,37,32,31,34,37,32,35,33,37,33,31,32,30,26,26,33,30,34,0,35,34,31,33,27,32,28,30,28,33,33,38,36,32,31,30,31,31,26,28,27,29,28,26,31,31,35,28,38,37,27,32,33,30,34,36,34,36,34,35,37,33,34,36,24,28,27,34,27,31,36,33,35,30,30,27,27,28,32,33,30,33,36,36,35,35,31,33,33,32,33,33,26,29,37,32,33,34,35,33,32,29,39,33,42,28,27,27,29,32,32,37,33,34,33,35,35,36,32,0,
28,28,28,34,35,27,27,27,24,26,31,34,31,31,32,32,30,29,26,35,32,31,35,35,28,32,34,32,31,31,34,33,33,32,32,35,33,30,34,31,30,33,36,28,37,31,32,33,32,31,37,38,29,32,30,31,34,30,29,39,33,34,34,32,35,34,37,31,33,32,30,32,37,33,32,33,31,33,30,35,32,37,33,29,34,37,30,29,31,33,29,29,29,28,30,32,30,31,34,32,34,28,33,29,28,27,27,36,37,29,37,35,32,30,29,31,39,31,38,29,28,30,29,31,30,28,33,33,28,30,28,32,37,33,36,37,36,32,33,32,34,35,30,34,33,34,35,34,32,31,27,33,31,31,35,33,34,34,33,28,28,28,32,29,37,36,37,31,35,31,32,32,31,33,32,29,26,30,32,34,27,32,32,33,39,38,34,35,25,35,34,35,35,37,35,39,34,34,35,31,25,30,26,29,35,38,32,33,36,34,31,29,29,28,30,32,39,37,34,33,36,33,32,35,33,32,34,34,31,34,27,28,33,35,34,33,34,30,33,29,42,33,30,28,31,33,32,33,35,35,34,34,32,34,33,33,
30,32,29,27,32,27,28,25,25,37,27,31,36,34,34,29,31,32,32,31,32,35,32,32,34,34,30,31,33,34,38,31,33,33,32,35,36,34,30,34,32,31,34,34,31,36,31,33,33,35,34,35,38,41,40,39,36,36,35,36,33,36,34,33,36,31,38,31,37,34,32,32,33,34,32,33,34,34,30,34,33,39,33,30,30,36,30,38,36,31,28,29,30,29,28,37,32,32,29,31,33,33,33,30,35,29,28,29,37,38,31,36,33,32,30,34,32,32,30,30,31,31,34,32,34,38,32,34,35,29,31,30,37,37,37,38,34,33,34,35,34,35,38,34,35,36,35,36,37,34,35,37,34,32,34,33,35,31,32,33,32,29,37,35,29,31,37,37,34,37,32,34,34,35,32,32,33,31,30,34,34,39,36,36,38,39,34,36,34,36,37,36,31,37,38,39,38,37,36,30,31,31,32,33,34,36,32,33,35,36,35,29,31,30,29,32,28,40,35,37,34,34,33,34,32,35,33,35,32,32,31,32,27,36,36,33,29,33,33,41,30,34,33,30,38,35,33,34,33,31,34,35,38,36,35,34,
28,30,31,28,32,35,36,29,30,30,36,32,38,38,32,34,34,30,32,30,31,34,39,32,34,34,31,33,32,39,39,34,34,31,31,31,32,32,31,29,30,35,29,30,38,39,27,33,33,35,35,40,38,39,40,34,36,32,34,36,35,36,35,36,36,32,38,33,32,32,38,32,34,35,34,33,37,32,32,32,35,32,37,34,31,39,33,37,37,36,32,30,28,30,33,32,32,37,32,31,36,34,31,34,33,29,29,32,30,32,29,31,33,30,34,34,34,34,34,30,31,30,32,32,38,39,37,32,34,34,32,33,32,37,31,31,38,38,34,35,35,35,33,37,35,38,35,36,37,34,36,38,38,33,35,39,38,32,33,31,39,30,30,35,39,32,32,40,36,33,34,35,36,37,33,30,35,32,34,34,35,34,39,37,38,38,36,36,36,36,38,35,33,32,32,29,31,37,37,32,30,32,31,31,35,34,34,32,36,33,30,31,32,31,30,35,33,31,40,34,34,35,33,34,34,35,33,33,35,37,31,33,32,28,37,35,36,29,34,42,33,31,35,33,34,36,35,35,33,33,37,35,39,35,34,35,
31,29,38,36,33,35,30,35,33,31,33,36,36,35,38,34,35,35,37,31,32,35,36,35,33,34,32,31,31,35,38,37,38,42,32,32,35,36,33,30,32,31,30,28,33,38,28,31,34,35,36,39,41,34,35,41,33,34,29,34,34,33,35,39,36,34,33,34,35,27,32,33,33,36,35,34,35,35,30,34,33,41,38,40,35,31,36,30,34,31,36,32,31,29,33,33,37,33,35,35,32,33,32,33,33,33,30,30,33,33,33,33,33,29,32,36,34,35,30,33,32,31,31,30,30,33,37,34,35,35,35,34,31,32,34,40,37,40,38,39,38,36,35,30,37,34,38,31,34,37,41,39,39,35,34,38,40,37,33,29,37,32,36,37,38,40,39,35,34,38,34,35,36,33,34,33,31,32,33,35,34,35,38,37,36,39,41,38,35,36,36,36,33,35,31,33,33,38,41,32,34,33,32,34,33,32,34,35,33,32,28,33,33,30,30,35,36,30,32,36,36,32,34,34,38,34,35,33,37,35,35,39,38,33,39,31,37,37,30,35,32,35,37,35,34,33,33,33,31,34,35,36,40,36,37,36,
32,32,32,31,37,37,36,35,34,33,34,34,38,35,39,37,35,35,32,37,38,39,36,36,36,33,34,36,32,36,36,32,39,33,34,31,41,36,34,33,31,31,32,37,35,34,33,33,37,36,36,39,37,34,34,35,36,36,34,34,32,35,34,39,34,36,40,35,34,35,28,29,34,34,34,31,35,35,32,36,33,42,42,42,33,39,32,31,35,36,36,36,32,33,33,34,38,39,37,37,34,41,35,32,32,33,33,38,34,38,32,35,31,32,32,35,38,35,38,34,35,32,32,30,33,38,37,36,35,32,33,35,30,32,33,34,39,41,36,39,39,35,30,37,32,33,38,34,38,38,37,35,35,35,31,32,38,37,37,38,30,37,38,37,38,37,40,39,36,35,33,33,36,36,33,34,29,32,38,33,37,38,36,37,42,37,42,40,38,37,37,36,34,40,32,35,33,34,33,33,31,32,34,32,33,32,26,36,33,35,29,32,35,31,30,31,31,37,31,33,34,34,35,37,37,37,40,36,37,36,35,40,33,39,39,34,37,37,29,32,33,33,34,38,34,33,33,33,32,32,31,37,36,37,38,37,
36,34,34,35,33,37,39,37,37,32,34,34,38,38,39,39,38,37,39,38,40,40,40,39,43,36,34,36,37,39,37,38,38,34,32,32,40,37,35,34,43,30,34,35,36,36,32,33,34,39,38,37,35,35,44,43,40,36,31,35,33,32,35,31,35,37,34,32,36,37,35,37,32,34,35,33,33,35,35,31,38,34,34,32,42,40,39,32,39,38,38,33,33,31,34,32,33,38,37,37,34,42,35,33,32,34,37,39,35,39,35,34,34,32,35,35,35,41,36,30,35,34,32,31,31,34,36,33,37,38,37,34,37,40,34,37,34,43,41,38,40,35,34,37,31,38,34,35,39,35,38,33,37,33,31,31,34,39,39,39,33,31,33,33,35,38,40,40,34,36,35,40,34,37,33,34,34,38,38,40,37,41,35,36,35,42,42,41,39,38,37,35,36,35,33,37,36,36,33,39,32,34,33,35,32,33,35,31,34,35,37,34,32,34,31,37,36,36,36,38,37,37,35,42,38,38,41,35,34,37,36,37,40,40,40,40,37,37,33,32,34,35,35,35,38,36,34,34,33,32,33,37,37,39,37,39,
34,34,37,35,41,41,40,40,37,38,39,35,39,39,41,37,37,40,35,36,39,41,39,40,35,42,44,36,37,40,40,37,38,35,34,35,37,41,31,30,44,42,34,34,37,34,33,33,38,40,38,40,39,37,38,44,37,39,38,33,35,35,38,32,35,36,40,35,36,35,38,30,37,29,35,34,35,34,35,33,35,33,39,33,43,43,43,40,39,39,39,39,39,35,33,36,35,37,39,41,34,35,37,35,35,40,34,39,39,37,38,41,34,34,38,30,40,40,41,33,35,35,40,35,38,37,37,38,44,38,38,38,41,37,36,36,34,40,42,41,36,38,37,37,38,45,36,36,39,45,36,42,31,38,32,32,35,39,42,43,33,34,31,33,38,37,35,41,32,37,35,36,34,38,32,33,42,39,40,40,43,42,40,40,36,40,40,41,40,39,37,36,39,34,37,37,36,36,36,34,40,35,37,36,36,36,36,37,41,32,34,33,34,34,36,35,36,37,36,37,38,38,38,41,36,44,41,40,37,34,33,39,37,38,43,41,36,33,34,38,34,37,37,38,38,37,34,35,33,38,33,37,38,39,40,40,
38,35,35,37,32,37,41,32,37,39,39,39,42,40,37,40,38,37,36,37,40,39,36,39,37,43,35,37,39,43,40,36,37,38,36,36,39,40,32,36,44,31,34,35,37,34,37,35,36,39,40,34,39,38,32,39,38,34,39,35,34,37,38,34,35,43,36,41,36,36,36,44,37,32,33,32,40,36,34,38,34,43,32,34,42,43,44,42,43,36,40,40,36,36,38,37,33,36,36,41,35,36,35,37,37,40,41,40,38,36,35,41,34,34,34,33,35,33,32,43,35,35,37,35,38,34,37,38,44,36,36,39,38,39,36,36,34,42,41,40,36,36,36,38,38,38,36,36,39,45,45,43,32,33,37,36,33,42,35,33,44,42,32,32,38,34,38,38,34,38,35,39,36,34,41,36,38,38,36,41,39,42,39,40,37,41,40,41,39,39,42,38,35,38,38,38,38,38,36,35,37,35,34,42,39,37,37,42,42,37,33,38,38,35,37,36,36,32,36,37,36,38,39,41,42,45,43,41,44,36,37,37,37,40,35,36,39,36,36,38,35,37,39,39,39,37,42,35,42,35,38,39,40,38,41,40,
39,35,37,36,35,37,37,39,38,38,38,35,38,41,38,37,40,39,41,38,36,41,40,40,40,37,38,38,38,38,44,38,38,35,36,37,35,39,38,41,37,37,39,36,37,35,36,38,35,36,35,38,40,40,38,34,39,33,41,37,37,37,38,38,34,37,43,39,43,40,37,45,44,34,31,41,32,39,35,39,40,42,37,37,38,44,45,38,35,33,40,40,36,36,37,39,35,34,40,40,42,40,38,39,40,41,41,41,37,40,36,34,33,37,34,33,35,32,33,35,44,36,42,31,36,35,34,36,44,45,38,37,37,40,37,42,36,36,42,36,33,36,37,37,40,40,39,36,36,40,45,46,43,37,34,38,37,34,44,36,38,38,44,38,38,38,38,38,39,34,35,34,36,34,42,34,38,40,38,34,40,40,43,40,42,42,39,40,34,40,43,42,40,35,42,36,39,42,37,36,37,35,37,36,42,39,35,38,42,36,39,38,39,39,37,35,36,35,43,36,39,39,39,34,39,42,36,44,36,35,35,44,38,39,41,43,37,37,37,38,39,39,34,37,40,40,42,40,41,40,35,37,42,41,41,40,
34,42,35,35,35,36,38,38,41,38,39,41,36,39,38,38,37,35,42,38,40,41,41,41,40,42,38,37,36,38,39,39,36,36,36,39,38,37,37,41,37,38,38,39,39,38,36,42,35,37,37,37,39,39,37,37,36,34,35,35,35,38,39,38,39,37,36,39,42,41,40,45,35,36,43,33,46,37,40,41,41,40,41,38,39,45,46,42,44,45,36,39,38,40,39,38,36,35,34,39,40,36,39,36,39,41,40,37,41,36,38,34,35,37,35,36,30,33,32,33,31,40,34,36,37,36,35,36,45,45,34,37,37,39,37,37,41,34,43,33,40,36,39,40,40,42,42,36,47,40,37,44,38,38,38,39,40,39,40,39,39,34,44,44,39,40,36,41,40,35,41,37,43,34,35,35,33,38,36,41,38,41,41,43,42,41,36,40,37,42,43,40,40,42,42,39,42,39,41,41,38,41,37,35,41,43,42,39,40,42,36,39,39,36,38,36,37,39,39,44,33,39,43,45,35,43,44,45,44,40,39,37,37,39,35,35,43,38,39,37,38,40,39,36,42,45,44,42,41,43,38,38,44,42,45,42,
42,34,37,37,36,38,43,38,39,42,39,40,42,46,38,39,38,40,35,36,35,40,40,39,41,44,40,42,40,37,36,38,40,37,39,40,36,39,38,38,38,39,38,39,42,39,38,42,36,41,37,37,40,39,42,38,40,37,38,39,36,40,38,35,39,36,38,40,43,38,43,41,36,36,40,43,46,38,37,40,41,40,41,40,39,44,45,34,45,45,46,42,39,40,33,34,38,33,39,40,40,39,37,39,39,38,41,40,40,40,38,35,36,36,36,33,40,31,33,32,37,40,41,35,40,37,41,40,37,35,35,39,38,43,41,41,42,42,36,38,42,41,40,40,41,42,43,40,37,40,39,38,41,36,39,39,41,39,40,42,32,39,34,34,35,39,41,36,42,39,42,38,38,35,35,36,34,38,41,41,40,41,41,41,43,42,41,42,41,35,43,43,42,37,43,36,37,40,42,44,40,43,41,43,42,40,38,43,42,38,35,38,40,34,36,37,35,37,41,42,33,33,37,44,35,40,38,44,39,45,44,39,38,36,38,40,44,44,41,33,39,38,39,40,36,39,42,45,43,42,38,44,44,41,44,42,
41,35,39,43,40,43,43,39,38,38,41,41,41,40,36,44,39,39,40,38,36,40,40,39,39,40,41,43,39,41,38,37,42,39,39,41,40,39,38,37,41,39,35,36,39,42,44,40,45,38,40,38,38,41,44,38,38,38,39,37,37,36,36,42,36,41,42,36,37,47,44,42,39,42,39,41,38,39,41,42,41,40,42,37,37,45,41,47,46,40,45,36,39,39,36,37,40,40,35,34,36,40,37,38,41,41,39,37,41,41,41,41,38,38,37,39,34,40,35,42,33,36,41,36,37,43,42,39,36,43,38,38,43,44,43,42,42,43,44,42,38,40,43,44,38,40,44,43,38,38,40,42,36,39,39,40,40,41,40,43,40,40,33,38,38,40,40,37,37,39,41,36,36,39,41,36,36,42,41,37,42,41,48,42,42,42,42,41,42,42,43,40,42,35,38,43,39,38,41,41,41,42,43,39,42,41,42,38,40,43,39,35,39,38,38,36,36,43,40,43,40,37,38,41,44,40,40,38,45,40,42,31,39,37,37,41,44,42,40,35,41,39,40,38,37,39,40,42,42,43,38,38,38,44,42,43,
39,41,40,40,44,39,37,39,43,39,39,38,42,46,40,44,42,40,43,41,40,39,41,42,41,40,42,43,40,40,43,41,39,38,39,41,40,40,39,38,38,42,36,38,41,39,37,40,45,38,41,40,39,40,43,44,43,37,38,37,41,37,40,42,41,42,41,41,38,39,38,42,43,40,41,44,45,39,39,42,42,41,41,38,44,44,42,43,41,41,41,46,43,37,40,36,43,40,35,36,38,41,39,40,43,41,42,45,42,38,38,41,40,45,38,40,40,42,35,39,42,44,41,41,43,41,43,40,42,42,42,44,38,39,44,44,40,42,41,45,39,37,38,43,38,44,41,41,39,42,44,37,38,40,41,40,40,41,40,40,43,40,34,47,39,41,41,42,40,41,41,38,37,37,39,38,42,43,39,40,42,47,42,48,43,41,41,41,42,43,42,45,41,40,36,42,40,41,44,42,44,42,42,43,42,42,40,38,42,40,43,40,37,39,37,39,38,37,44,42,40,41,38,44,44,43,43,40,42,40,47,36,36,38,39,40,37,43,43,43,43,44,40,42,41,45,42,41,41,40,42,45,39,43,44,44,
40,39,41,41,41,44,36,42,44,39,41,38,42,42,40,40,43,43,41,41,40,39,41,44,39,40,38,42,44,41,43,42,42,40,40,39,39,38,35,39,40,38,41,38,37,41,44,46,37,37,39,41,44,39,43,43,43,39,38,43,40,41,39,40,41,39,42,41,42,42,42,39,40,42,42,44,45,40,38,40,42,43,43,43,45,42,42,44,39,41,42,42,41,39,41,40,40,42,39,39,37,40,40,40,44,47,38,46,46,37,43,39,44,41,42,37,40,47,42,36,47,44,45,37,42,42,41,39,43,43,43,36,38,38,40,41,41,43,40,43,43,38,38,40,38,40,45,43,42,41,38,38,40,42,41,41,40,35,35,36,35,39,41,40,40,41,42,37,43,42,39,36,38,46,43,38,43,43,41,39,41,42,46,47,49,47,45,42,44,42,42,42,41,44,41,42,42,40,41,43,41,42,43,44,40,41,39,38,40,40,41,41,38,49,48,40,39,42,49,49,41,44,40,42,43,43,45,41,43,41,42,47,39,43,43,39,44,40,41,45,41,41,44,42,45,46,44,44,42,40,40,44,45,45,44,45,
41,40,41,42,42,42,39,43,43,44,44,45,42,40,41,41,42,42,41,41,42,41,43,46,40,42,38,39,43,45,38,41,41,45,40,41,39,42,38,41,41,47,38,42,46,45,39,47,47,38,48,39,40,41,39,38,43,38,37,41,40,41,41,41,43,40,39,40,42,42,42,39,42,40,42,44,44,45,45,50,40,43,44,38,42,42,44,43,43,42,46,43,41,42,41,40,42,41,40,43,42,44,40,45,44,45,37,38,39,38,38,42,44,40,42,43,46,48,47,48,48,47,38,37,43,43,42,39,44,44,44,44,39,38,39,42,42,41,45,41,45,46,40,41,44,43,44,44,43,42,40,42,43,41,40,42,43,45,38,36,40,38,38,38,42,41,42,38,38,37,39,37,39,45,38,42,45,45,42,41,42,42,42,42,41,50,49,42,43,44,44,41,44,38,42,44,46,45,42,42,42,38,37,41,40,42,42,43,41,42,42,42,49,44,49,42,42,42,42,45,50,43,42,43,41,44,46,40,44,45,42,47,48,42,44,33,44,44,38,42,42,35,43,43,43,43,42,45,41,40,46,40,46,45,45,45,
42,42,41,34,42,43,44,48,44,44,44,40,41,41,41,43,42,43,42,41,47,42,42,40,41,42,42,42,39,39,41,42,41,43,41,42,43,45,43,44,39,47,46,39,43,46,45,43,47,48,46,42,40,40,38,42,42,43,41,41,43,46,41,40,43,45,41,43,41,40,40,43,44,43,41,45,46,45,45,46,51,50,44,41,42,45,45,44,44,49,42,45,40,38,43,41,43,42,41,44,39,41,43,44,42,43,40,44,39,47,46,39,43,41,44,44,45,39,49,47,48,48,42,41,38,44,39,42,43,41,42,44,44,43,39,42,43,41,41,41,39,44,46,42,44,44,44,44,40,41,41,43,44,46,43,41,46,39,45,39,43,37,39,40,45,46,45,44,45,38,40,45,44,45,41,41,43,46,46,46,43,43,43,43,43,43,42,44,46,44,45,47,43,45,42,42,46,45,46,43,43,46,40,41,44,41,42,44,44,42,42,43,43,45,44,44,42,43,45,44,46,46,44,44,45,46,46,41,45,40,41,38,48,42,43,43,34,45,43,42,44,41,43,45,47,44,43,44,47,46,44,39,44,44,42,46,
46,44,38,36,38,41,44,45,49,46,45,43,42,48,41,43,43,40,41,38,46,47,44,43,44,43,42,45,43,40,42,44,40,43,43,44,43,47,43,46,44,40,47,45,44,47,44,46,44,45,45,47,37,41,47,43,44,41,47,40,39,45,45,46,44,43,45,43,43,43,41,45,46,48,42,46,47,47,45,46,47,42,42,43,43,43,44,45,44,41,42,39,40,43,47,44,41,44,41,41,40,44,44,41,41,47,41,42,41,42,44,44,44,42,43,43,46,43,41,41,41,49,48,42,42,46,39,43,43,42,46,46,45,44,43,43,47,44,43,42,40,43,48,38,40,44,42,44,46,43,42,43,42,43,43,42,46,45,44,45,43,37,38,40,46,46,46,47,45,40,39,44,39,40,45,41,42,42,45,46,44,43,43,45,44,43,43,41,46,43,42,46,44,44,43,43,44,42,44,47,42,47,40,41,48,47,42,45,44,44,48,47,44,44,46,46,38,43,46,45,44,46,47,41,46,46,48,42,43,41,40,39,42,41,43,43,35,42,44,50,44,43,42,37,46,43,44,44,44,42,44,42,43,40,41,43,
42,38,38,45,44,41,41,44,44,48,47,46,44,49,49,44,43,40,40,39,41,46,40,48,44,42,48,42,44,44,43,43,44,42,42,43,41,46,49,46,45,43,48,47,43,40,45,47,44,43,47,42,44,46,45,44,42,40,42,41,41,46,49,44,47,44,42,43,45,43,41,45,44,47,45,47,45,47,44,44,48,42,47,43,47,44,47,44,44,44,43,41,45,43,47,43,43,47,44,40,40,42,45,42,42,42,47,45,44,43,41,45,39,44,43,42,42,41,42,43,42,41,43,43,45,41,40,45,42,43,43,47,48,45,48,43,45,46,42,42,47,42,41,40,42,41,46,43,42,43,48,45,44,46,46,43,45,45,44,40,45,45,44,47,46,44,43,44,48,46,43,44,43,43,45,43,44,41,45,47,45,49,44,44,44,44,44,42,44,43,41,47,41,45,41,44,41,42,44,48,42,43,41,41,42,42,41,41,42,45,44,48,43,44,46,47,44,46,46,46,41,45,47,47,42,48,46,43,45,43,44,39,40,41,41,44,37,42,42,41,44,44,46,43,44,44,44,45,47,46,44,43,45,42,44,41,
48,43,42,45,46,42,42,43,48,49,49,46,45,42,45,50,45,44,47,44,41,44,42,44,49,45,48,44,42,44,48,43,44,43,42,44,45,42,46,49,47,45,47,45,47,48,49,46,45,44,44,44,43,44,47,45,46,42,45,45,50,46,46,47,45,45,45,45,43,43,41,39,45,49,44,46,46,47,48,43,44,43,44,43,43,48,45,43,48,45,43,42,44,47,44,44,45,45,46,41,44,41,41,44,45,42,48,45,44,46,47,42,45,40,43,43,43,41,41,50,49,47,44,50,44,47,44,45,45,43,44,44,48,46,50,48,45,47,46,45,46,46,45,45,42,43,47,42,43,49,48,48,42,48,44,44,46,43,44,43,41,42,43,40,45,45,43,44,45,46,46,44,45,44,43,43,45,46,44,42,46,46,45,49,46,45,42,42,42,43,41,44,45,41,45,42,41,42,42,49,50,46,41,45,43,40,42,39,48,43,45,44,46,43,47,48,45,44,40,45,42,43,46,44,47,42,48,46,45,45,44,40,42,42,43,42,48,43,48,43,43,45,47,47,48,47,44,46,50,46,47,44,42,47,43,42,
48,45,49,46,45,43,45,43,49,49,45,47,47,43,48,48,46,45,45,41,46,47,45,43,44,42,44,49,47,48,45,45,43,45,46,44,47,47,41,43,46,46,44,45,44,44,43,45,47,45,42,40,44,42,45,46,44,44,46,51,43,45,42,46,45,42,45,45,46,45,50,39,40,47,46,45,45,47,43,45,44,42,44,44,43,44,47,44,43,43,44,46,44,43,45,44,43,45,41,47,45,39,46,43,46,47,42,43,45,46,41,48,42,45,42,44,45,42,50,50,51,48,48,45,48,47,50,45,49,46,44,44,48,42,44,42,45,45,47,46,44,47,44,46,47,44,44,44,49,48,50,48,48,43,49,46,46,46,46,44,45,47,43,45,45,45,47,46,45,51,45,47,45,47,46,50,50,45,45,43,48,46,45,50,46,45,44,42,43,43,45,45,46,45,47,45,41,42,45,50,45,44,44,45,47,48,43,49,43,45,44,45,45,44,45,47,46,41,44,45,43,46,47,45,47,47,44,45,45,47,46,46,42,41,45,46,42,43,44,46,44,51,47,50,49,48,48,47,46,47,43,44,43,44,44,43,
49,49,46,49,49,48,48,46,46,49,47,46,49,48,49,50,43,47,44,42,50,49,45,46,44,43,43,45,48,45,47,45,47,44,44,46,47,47,47,46,45,47,44,44,44,46,47,46,46,47,49,45,42,43,42,44,45,48,44,46,50,47,46,47,44,42,42,44,46,42,43,50,40,46,48,48,46,46,46,45,49,47,45,45,45,50,46,44,44,44,45,47,45,43,48,45,43,44,43,47,40,40,46,45,45,42,42,44,42,45,46,49,43,48,45,42,46,46,48,46,50,48,48,47,48,50,49,48,47,44,45,46,43,44,45,42,45,46,48,47,48,48,45,46,47,47,47,45,46,44,49,50,44,51,48,48,50,49,44,50,47,45,47,48,47,51,47,47,52,46,52,47,45,47,45,45,47,45,46,49,45,48,43,45,48,47,41,43,42,45,50,46,47,45,47,48,46,47,45,47,46,45,44,46,47,51,45,45,42,47,45,47,45,48,45,46,48,45,42,43,44,45,46,48,48,48,49,48,46,46,47,45,44,41,42,45,46,44,47,47,50,51,48,48,47,45,48,49,47,49,46,44,46,44,44,45,
46,42,47,49,49,47,47,49,51,50,46,44,48,49,46,46,44,49,45,45,46,49,49,47,47,49,44,49,47,49,48,44,47,47,45,48,45,49,47,46,43,48,45,44,44,47,44,47,46,47,48,44,43,43,44,45,47,47,45,46,51,48,45,47,44,47,45,46,46,42,47,44,43,46,49,46,47,47,46,47,44,47,43,47,45,51,48,47,47,47,44,47,50,46,43,46,49,46,48,44,45,46,47,47,46,49,47,44,47,50,46,47,42,44,44,45,46,48,48,49,48,51,46,47,49,45,45,47,47,48,45,50,45,44,44,45,43,46,49,48,48,44,49,49,48,47,47,48,45,46,43,51,42,45,49,50,51,45,47,51,47,47,47,48,48,51,49,49,49,49,53,47,47,44,46,46,46,44,49,50,45,48,45,43,45,41,43,41,44,49,46,47,47,47,46,50,49,48,46,49,46,51,45,45,45,47,50,49,47,43,47,46,46,46,48,42,47,47,49,43,48,45,41,48,50,51,50,48,46,51,50,45,46,47,47,43,44,45,45,47,46,50,49,49,47,48,45,45,46,45,46,46,47,47,46,47,
46,47,44,50,49,50,48,49,46,50,50,52,51,48,45,48,47,47,49,46,48,49,50,47,48,50,48,50,46,49,50,49,45,43,49,49,47,46,47,46,50,44,43,43,48,47,47,47,47,46,47,46,46,46,50,46,46,45,45,46,47,49,49,48,45,49,47,49,50,46,47,48,44,43,47,48,48,48,48,47,48,47,52,46,46,46,49,48,46,47,48,46,43,49,46,47,50,45,47,44,50,42,51,48,46,49,47,45,48,48,44,45,46,50,43,51,48,47,49,50,49,52,50,48,47,46,49,48,48,48,50,50,51,47,47,45,44,44,43,49,49,48,52,49,52,49,49,53,48,48,44,44,44,43,53,52,49,49,46,48,48,49,51,47,47,52,51,49,44,46,43,53,44,46,43,45,45,46,51,49,50,48,47,47,44,43,43,45,45,47,49,47,46,47,47,48,47,49,51,50,48,49,52,46,43,48,46,48,46,48,47,45,47,44,45,44,45,46,47,50,49,46,46,41,51,46,46,52,51,52,51,51,51,45,47,44,52,47,46,52,46,46,54,48,45,51,48,46,46,45,45,44,48,47,46,45,
47,49,50,45,45,48,48,49,50,50,50,52,46,52,47,46,47,48,55,52,50,51,48,49,49,45,48,47,48,47,47,46,49,52,49,43,44,47,47,49,47,49,47,44,50,48,50,48,48,46,44,48,46,46,46,46,45,48,46,47,47,46,49,46,46,46,47,48,51,54,51,50,51,49,47,43,48,49,49,49,48,47,53,52,50,51,51,50,48,48,49,45,50,49,49,48,51,49,48,47,48,50,49,46,50,49,45,45,47,45,44,46,47,43,47,52,51,46,49,50,49,46,53,44,52,49,50,50,48,48,50,51,48,47,48,47,46,44,45,50,49,50,50,51,52,52,50,48,53,52,46,48,50,47,44,48,53,51,48,52,48,51,48,49,47,47,51,52,44,49,44,45,48,46,46,45,46,50,48,51,50,48,49,47,46,46,42,43,50,45,50,46,46,47,48,51,48,51,52,50,49,49,49,51,48,47,48,48,48,49,44,47,47,52,44,44,44,45,49,47,49,47,50,44,42,48,47,46,50,51,50,51,52,48,47,45,48,46,52,51,52,46,48,48,48,51,51,52,47,46,45,46,49,48,47,48,
48,49,49,50,51,52,50,50,50,50,51,53,53,45,47,45,49,47,54,52,56,55,47,48,47,45,47,45,45,50,52,48,48,51,53,45,45,44,45,53,51,52,46,46,50,47,48,51,51,53,44,49,49,47,49,46,49,46,47,48,49,47,48,47,46,49,48,49,47,48,56,51,46,48,48,46,50,49,49,50,48,48,50,48,49,48,50,52,49,50,49,50,44,49,50,49,48,48,49,49,50,47,49,47,54,52,46,48,47,49,45,48,47,52,47,53,52,56,52,50,50,44,47,52,52,53,51,50,49,50,50,48,48,47,47,48,48,50,50,45,51,51,50,48,52,54,55,50,50,46,47,45,50,46,45,48,48,51,46,52,49,49,50,46,53,48,47,48,50,50,46,51,46,47,47,46,47,46,50,48,51,51,49,46,51,46,47,43,43,46,46,48,47,47,48,52,49,49,50,45,51,50,50,47,45,49,50,49,46,49,46,46,48,45,44,44,47,46,52,46,47,49,50,50,42,43,47,47,48,47,50,49,50,46,49,44,47,48,52,53,53,49,44,46,48,50,51,53,49,46,45,49,49,49,48,48,
48,45,50,50,52,51,51,51,52,51,49,47,48,45,46,49,45,48,50,49,56,45,47,46,55,51,50,51,48,45,51,51,49,49,49,51,56,46,46,50,49,50,44,47,47,48,52,49,52,53,48,52,50,49,51,48,50,48,48,49,49,51,47,48,48,51,47,48,48,50,57,52,51,52,50,52,51,50,50,48,53,53,49,49,52,49,51,49,49,49,49,50,50,45,49,49,49,50,48,50,51,51,50,55,47,49,50,47,48,49,46,46,48,48,46,49,53,58,49,49,51,46,45,47,48,49,52,51,48,49,48,49,49,52,48,50,49,47,48,46,51,54,51,53,47,52,52,50,51,47,50,47,50,48,47,47,48,48,47,48,47,48,50,52,53,50,48,49,50,50,47,51,48,47,46,48,46,47,50,50,49,50,51,51,51,52,50,48,47,49,49,49,50,49,50,52,49,49,52,51,46,51,47,47,48,51,46,48,47,47,46,47,53,52,48,46,52,51,50,49,52,47,50,49,44,51,48,45,49,48,48,49,50,47,50,46,49,48,49,50,49,47,47,47,48,48,48,52,50,48,47,50,50,50,51,49,
48,46,55,55,52,52,54,53,49,50,49,48,48,48,47,47,47,48,51,52,54,50,50,54,47,50,51,50,49,51,51,49,48,50,52,52,57,53,51,54,51,49,48,45,48,49,47,47,49,51,50,51,52,51,52,52,51,50,48,46,49,51,50,49,48,51,50,51,51,49,53,52,50,50,50,53,50,52,50,49,54,50,51,51,52,52,52,51,50,51,50,50,52,51,47,50,50,51,51,49,51,54,50,50,54,49,54,47,48,48,50,47,52,46,46,53,49,50,49,50,50,47,50,48,48,50,50,51,51,50,49,50,50,50,49,49,50,46,47,49,47,54,52,53,51,47,49,51,49,48,51,47,50,50,50,48,49,47,49,48,47,48,54,51,47,49,51,50,52,51,46,47,50,47,51,50,47,47,47,47,48,50,47,52,51,52,46,47,48,52,50,51,49,50,52,48,50,50,52,50,53,48,47,48,48,52,52,51,49,48,47,47,51,54,48,46,45,52,50,51,51,51,47,49,50,52,51,47,46,47,50,48,52,50,48,55,46,52,50,50,53,51,47,47,49,49,49,50,50,52,49,50,50,51,50,50,
50,49,47,56,50,52,55,54,49,55,52,49,51,48,48,47,48,48,55,53,51,54,51,48,57,49,50,52,51,51,53,53,51,48,49,52,52,52,53,52,54,49,52,48,51,52,52,48,51,51,52,51,49,50,52,51,53,49,52,52,47,47,51,54,48,47,50,52,51,50,48,51,51,51,51,51,53,52,54,51,50,55,50,52,52,49,51,50,50,48,52,56,52,50,48,53,51,52,50,55,52,49,53,51,56,47,55,55,48,49,49,49,47,48,47,49,55,50,50,49,50,47,51,51,49,51,54,50,51,50,50,51,53,53,52,50,50,50,49,51,54,49,54,53,48,48,49,53,53,49,48,48,48,56,48,48,48,48,48,49,48,48,49,54,51,50,49,51,55,52,48,51,50,49,52,52,50,54,48,48,50,51,49,48,49,52,47,48,53,53,51,51,52,51,48,48,51,52,51,47,47,53,48,48,48,47,53,51,51,51,49,52,49,50,51,49,50,54,53,51,50,53,51,48,53,48,51,51,52,47,45,50,49,52,49,49,56,52,54,51,50,47,50,48,47,52,50,49,50,51,52,49,50,52,52,51,
50,54,50,50,57,50,51,54,50,54,50,51,52,52,51,49,48,49,48,56,51,53,50,49,49,57,49,52,53,52,50,50,53,51,49,50,54,53,53,51,55,50,50,51,51,53,54,53,51,50,49,49,51,51,51,52,50,50,51,51,51,52,47,54,54,54,51,51,51,55,50,50,51,51,49,52,49,51,52,55,51,51,53,49,49,50,54,51,51,55,54,49,48,51,51,50,50,51,53,55,53,54,48,53,51,51,48,53,49,49,50,50,51,50,51,55,49,50,50,49,51,54,51,53,53,55,49,51,47,52,51,51,55,52,50,52,50,51,49,55,52,53,51,49,49,49,50,48,53,51,51,48,49,51,55,49,49,48,51,50,50,49,50,54,49,50,51,51,49,53,52,55,51,49,50,49,51,55,50,50,55,53,52,51,52,55,53,51,53,50,48,53,53,53,49,48,50,54,48,48,53,49,50,49,50,53,52,51,51,54,52,50,50,51,51,50,50,50,52,52,53,49,49,54,49,49,51,52,53,50,46,47,53,49,54,50,48,49,53,53,53,51,52,51,51,50,52,52,50,50,51,50,50,50,52,53,
52,53,51,56,58,50,55,54,52,55,52,56,52,54,50,55,51,53,48,56,53,54,54,50,49,50,54,53,54,50,51,51,49,51,53,52,54,52,54,53,52,56,50,49,56,51,54,54,51,55,49,49,54,52,54,52,51,51,52,52,52,52,50,55,55,55,49,48,52,55,52,53,58,58,50,50,50,52,56,53,55,53,52,52,51,52,50,55,50,51,54,50,53,53,51,52,51,52,54,56,49,53,54,52,52,51,53,53,53,50,52,51,51,51,54,56,50,55,50,50,50,51,54,55,53,53,49,50,49,55,53,52,51,54,55,52,54,51,52,54,55,55,54,49,50,50,48,51,51,50,52,49,50,49,52,52,50,49,51,50,50,51,50,53,55,52,51,50,54,54,56,57,56,53,50,54,53,52,50,52,51,52,54,54,52,55,48,50,53,51,55,55,54,54,54,52,51,55,53,56,55,54,49,51,51,50,51,51,51,52,53,51,51,52,52,51,52,53,53,53,53,49,51,54,53,52,52,52,50,52,47,47,47,51,49,51,49,52,54,52,54,54,53,53,48,52,51,53,52,54,52,51,50,51,51,52,
52,52,53,52,52,52,51,52,55,52,53,52,58,56,50,55,55,51,54,57,54,55,52,51,53,54,52,51,54,52,49,53,53,53,53,54,51,52,52,49,55,57,50,51,51,53,52,51,55,52,54,53,56,53,54,53,53,53,53,53,54,52,53,52,54,53,51,51,52,56,50,53,52,59,52,51,51,51,51,57,50,54,54,53,52,51,50,51,51,55,54,50,54,53,52,53,54,52,50,50,53,53,53,53,52,51,53,54,53,50,51,53,57,53,55,50,55,55,56,51,53,56,53,55,54,54,55,53,52,51,54,53,52,53,55,53,53,53,52,52,52,55,50,52,50,51,49,51,49,51,49,49,50,50,50,51,51,50,53,52,52,50,51,54,53,54,54,52,50,55,57,51,57,55,55,54,52,53,50,54,52,49,53,55,53,53,51,55,53,53,52,53,53,54,55,55,52,53,53,55,56,53,50,53,53,54,54,52,51,50,54,53,52,51,52,52,54,55,52,54,55,54,50,52,52,53,52,51,51,49,54,48,52,51,54,51,51,47,55,52,50,53,55,54,54,53,52,50,51,52,54,51,54,53,52,52,
56,53,53,54,52,56,51,52,55,55,52,54,56,55,55,56,54,56,56,54,53,55,54,52,53,52,53,53,55,53,52,52,54,56,54,55,55,54,54,50,56,56,51,52,51,56,53,52,54,55,52,50,54,54,54,59,53,53,53,54,54,57,56,54,55,55,54,52,49,52,53,55,54,53,53,52,51,52,52,54,55,54,55,53,53,53,54,51,55,52,51,54,55,54,52,56,53,55,54,53,52,53,53,52,53,55,54,52,52,52,52,55,53,51,55,52,52,52,55,54,54,54,55,56,54,55,53,53,53,51,54,52,55,52,53,53,53,52,52,52,53,51,55,50,55,52,50,57,57,53,55,51,50,49,52,48,54,53,53,54,55,51,53,55,56,57,53,56,52,51,55,56,52,51,53,56,54,51,51,53,52,51,53,55,56,55,56,57,54,55,53,53,54,55,56,57,54,53,54,53,54,54,55,55,53,55,55,55,50,51,56,53,53,52,52,53,52,56,53,53,53,56,56,49,53,53,54,53,52,53,54,54,53,53,56,53,51,55,48,48,53,54,55,53,49,53,52,52,52,52,53,56,51,55,53,52,
56,55,54,54,58,54,52,53,51,51,58,53,55,56,54,58,54,55,56,56,54,54,54,54,52,53,55,56,56,55,55,51,54,55,57,52,55,54,50,55,53,56,54,51,54,53,53,53,54,57,58,51,56,53,58,59,54,55,55,55,54,55,55,55,54,53,53,52,51,51,59,54,55,55,53,57,54,56,52,55,59,57,54,55,51,54,52,53,56,57,52,55,55,52,55,57,56,53,52,52,51,55,54,53,53,53,50,53,53,56,53,55,53,52,52,52,53,54,58,53,52,55,56,57,53,55,54,54,55,53,53,51,54,56,53,54,55,56,52,52,51,51,56,54,54,52,53,57,55,56,56,55,51,52,55,51,53,53,55,53,53,56,53,55,58,57,54,57,54,55,57,56,53,52,55,56,55,55,53,55,53,53,51,55,56,51,55,53,57,55,56,54,56,55,55,55,58,57,56,54,55,55,55,54,54,55,56,56,56,51,54,54,51,52,53,54,54,52,53,55,53,55,54,53,54,53,53,54,55,53,54,52,53,53,56,50,52,52,54,49,54,56,52,54,53,58,52,53,54,53,55,54,54,55,53,53,
56,55,56,57,55,59,53,56,53,51,57,58,58,59,54,58,58,58,55,55,53,54,56,53,53,53,55,54,56,55,56,52,55,55,57,59,54,54,54,56,54,54,54,54,56,54,55,54,54,53,54,53,56,56,58,57,53,55,55,57,56,55,56,55,58,57,54,55,52,57,58,55,56,56,53,58,57,56,54,53,60,55,52,55,51,56,59,54,55,56,55,53,55,55,56,53,57,56,53,56,54,53,52,56,53,53,56,51,55,56,53,54,57,53,53,55,56,55,57,54,54,55,54,57,57,57,50,55,56,54,53,56,53,55,52,55,55,56,54,55,54,52,53,52,55,55,54,55,53,56,55,58,56,54,55,53,54,56,51,53,53,57,58,57,56,57,57,58,58,53,54,56,54,54,56,56,55,54,55,55,53,53,52,53,54,55,53,53,57,58,56,54,57,57,57,53,56,59,58,55,56,56,56,57,52,53,56,57,53,53,52,55,51,52,56,53,55,55,53,57,51,57,54,54,55,54,53,53,54,56,54,53,53,57,57,55,55,53,53,56,54,57,57,54,51,56,58,53,56,57,58,52,57,57,52,53,
57,56,55,58,57,55,54,55,56,56,55,53,60,59,57,55,55,57,56,56,55,54,57,56,57,55,55,57,54,56,56,56,53,55,58,58,54,59,55,53,53,54,54,53,54,54,55,55,56,53,55,55,56,56,56,59,56,55,54,59,56,58,56,55,54,58,57,55,56,56,58,59,57,58,58,56,56,53,56,57,60,56,58,53,56,54,56,59,58,58,58,56,57,55,55,56,56,56,57,57,54,56,56,56,57,56,53,57,56,56,54,53,53,60,57,54,54,56,55,56,58,57,56,56,56,53,55,51,55,56,56,55,58,55,56,53,53,55,58,55,55,54,55,54,54,55,56,55,56,54,55,58,56,54,54,52,54,58,54,52,51,56,55,55,57,58,58,60,55,61,54,54,55,53,55,55,56,55,54,61,59,56,52,57,54,56,54,53,55,58,58,56,55,57,56,54,58,55,55,54,52,57,59,55,55,55,54,55,55,53,54,52,54,52,58,57,56,57,58,57,56,57,53,56,57,54,58,57,54,55,54,55,54,55,53,56,56,55,58,54,56,56,53,54,53,56,55,59,58,56,54,53,56,57,56,55,
56,54,54,58,58,55,55,58,57,57,56,58,53,58,56,56,57,59,57,56,56,56,56,59,56,56,55,54,58,55,59,55,57,56,57,58,58,58,53,55,56,54,57,55,57,55,55,55,54,56,54,56,55,55,57,60,57,57,55,59,59,55,56,55,55,58,55,57,57,52,59,56,59,57,58,54,56,54,54,57,53,58,59,59,57,55,55,57,58,59,60,59,56,56,58,57,58,56,56,54,56,54,55,54,57,58,57,57,56,54,54,56,56,54,54,55,56,56,55,56,57,57,56,55,57,53,57,58,57,57,55,57,56,56,56,60,58,56,55,57,56,56,56,56,55,56,55,58,59,59,56,54,59,57,55,53,53,56,55,53,52,52,54,54,55,60,58,58,57,56,61,54,55,56,53,55,56,55,54,55,55,57,57,53,54,55,53,56,54,59,60,57,59,60,55,60,59,57,56,56,55,56,59,58,55,54,56,56,57,56,56,54,57,53,58,59,53,55,57,53,56,57,56,56,56,56,55,58,55,58,57,55,56,53,55,55,57,57,57,56,55,58,58,57,55,53,55,56,57,54,55,55,56,58,55,56,
57,55,56,55,55,58,58,55,57,58,57,57,56,57,58,56,57,56,58,57,56,56,58,57,57,57,59,55,58,57,57,57,60,55,57,56,58,55,56,55,57,56,58,54,55,56,54,59,58,56,56,55,59,57,57,56,58,56,58,59,57,56,56,57,58,56,55,58,56,54,57,57,58,57,58,58,57,54,59,58,58,58,57,54,58,57,56,57,57,56,61,59,56,57,58,58,56,57,56,58,55,55,55,58,55,58,59,59,56,56,55,56,55,57,54,55,56,56,59,54,55,57,54,57,55,56,54,57,58,57,58,57,56,57,57,58,60,60,58,57,58,55,56,57,57,57,55,56,59,54,59,58,54,58,59,58,56,56,56,58,57,53,54,57,55,55,55,57,60,58,60,58,55,56,54,59,57,57,58,61,56,57,58,59,55,55,54,58,58,55,54,58,59,60,55,58,60,57,56,57,56,59,59,57,55,55,57,59,57,57,58,57,55,55,55,59,54,55,58,58,54,57,57,55,55,57,56,57,58,58,59,58,57,58,56,57,57,57,58,58,56,59,58,57,58,56,55,56,57,57,58,56,58,56,55,56,
58,56,60,59,60,58,56,60,57,56,56,59,57,59,58,59,57,57,57,56,57,57,57,56,57,56,60,59,59,58,57,60,56,56,58,59,55,55,56,57,59,57,55,57,57,56,55,57,60,56,56,60,55,57,58,57,59,61,58,60,57,57,57,58,59,56,57,57,58,56,55,59,59,56,57,57,57,59,56,59,57,59,59,58,56,54,58,58,58,58,58,58,57,59,59,57,56,57,57,56,57,58,56,60,57,59,58,55,58,57,57,58,56,57,57,56,58,57,57,60,59,56,57,58,57,56,57,58,59,59,58,57,58,59,57,58,62,56,59,60,57,57,58,58,57,58,56,57,58,60,57,56,59,55,58,56,59,57,57,57,56,59,56,57,59,56,57,60,56,61,60,57,57,59,55,58,57,57,58,58,56,60,55,60,59,56,55,58,61,56,57,57,57,57,56,55,58,57,57,56,54,59,60,61,58,58,57,59,57,58,59,57,56,56,58,58,55,55,58,58,60,56,57,56,57,58,58,60,57,57,58,58,56,57,58,57,57,56,58,58,62,57,59,57,58,55,55,55,56,57,55,57,58,57,58,59,
57,57,57,57,57,59,59,57,58,57,58,59,58,57,58,59,59,57,57,58,59,59,58,58,59,57,56,60,60,59,56,60,58,57,59,58,56,58,58,58,59,55,56,56,58,56,59,57,61,60,59,60,57,58,58,59,59,59,58,57,57,58,56,57,57,58,58,58,57,58,58,57,59,57,57,58,58,61,58,59,60,60,56,59,56,57,56,59,59,61,59,61,56,58,59,59,60,60,59,57,57,57,58,55,58,57,59,56,56,57,60,60,58,58,59,55,57,57,56,55,60,59,59,55,59,58,58,57,57,56,59,60,57,59,58,57,59,57,59,59,59,59,58,57,60,56,60,58,58,58,60,58,56,56,56,57,57,58,59,60,57,56,58,58,58,59,58,58,58,57,59,58,58,60,60,59,59,58,59,59,59,59,59,56,59,57,56,59,59,57,61,57,58,56,58,56,58,60,58,57,60,57,57,61,60,58,60,59,59,57,60,56,58,56,58,57,59,61,60,59,61,62,58,56,58,58,58,59,58,59,58,57,57,56,60,61,61,60,57,59,57,57,56,59,58,60,55,57,57,59,55,58,58,57,58,59,
59,61,58,56,59,60,60,60,58,58,59,59,58,58,58,58,60,60,57,61,59,59,58,58,59,59,57,57,59,56,57,60,59,58,59,59,58,56,58,58,58,58,59,57,58,56,57,59,62,60,56,60,57,57,58,59,58,58,58,56,58,59,59,56,59,59,57,59,59,58,58,59,60,59,59,58,59,59,59,60,60,57,61,60,58,58,57,58,58,60,62,60,59,62,58,56,58,60,59,58,58,59,59,61,58,59,58,59,57,59,59,58,61,58,59,57,58,56,59,56,59,60,60,56,59,60,58,59,58,57,59,57,58,58,57,58,58,58,59,57,58,60,58,58,61,59,59,58,57,58,60,60,58,59,57,59,59,59,58,59,59,57,59,59,58,57,59,57,58,59,58,59,58,59,57,59,57,58,59,58,56,58,60,60,59,59,59,59,58,60,59,61,57,60,57,59,60,59,57,59,61,57,61,59,57,60,60,60,59,58,59,57,60,59,58,58,57,60,59,60,58,58,58,57,60,59,59,60,57,58,58,59,58,60,57,58,61,59,58,59,59,58,57,57,61,57,56,58,60,59,58,56,59,59,60,57,
59,59,60,59,58,60,61,61,59,58,58,59,60,59,58,58,60,59,59,60,60,60,59,58,60,60,59,60,59,60,60,57,59,57,59,60,59,59,58,59,60,59,60,60,59,59,58,60,61,62,57,60,62,58,57,58,59,58,60,57,59,59,60,60,58,58,61,59,60,58,58,60,60,60,60,59,59,62,59,59,62,60,57,60,58,61,59,58,59,58,61,60,58,62,58,59,59,61,58,58,59,59,62,57,58,63,59,59,58,58,59,58,59,59,58,58,58,57,59,61,59,60,59,59,60,61,58,61,61,60,59,60,62,60,59,61,59,60,58,58,58,58,59,59,59,61,58,58,58,59,58,60,60,60,59,57,61,59,60,61,59,60,61,61,60,58,58,61,60,60,60,57,59,58,58,57,58,60,59,61,57,61,60,57,61,58,60,59,59,59,59,62,60,61,58,60,59,59,60,57,59,60,60,60,61,57,59,60,58,60,58,57,61,60,59,61,58,58,60,61,60,58,58,60,61,63,59,59,61,61,60,62,59,61,62,58,59,60,60,61,59,58,59,58,59,58,60,59,57,60,63,58,58,59,58,58,
60,60,61,60,60,59,62,62,60,60,59,60,61,59,59,59,61,60,59,60,61,60,59,59,60,60,59,61,60,61,60,62,60,60,59,59,61,61,59,59,60,59,60,61,59,60,61,61,58,61,60,64,62,59,58,59,60,60,61,58,59,60,60,60,58,58,58,59,59,62,63,61,59,60,60,59,61,59,62,60,60,60,61,58,58,59,61,59,59,59,62,60,60,60,59,60,61,61,58,60,60,60,58,61,60,63,61,60,61,59,59,58,58,60,60,62,61,59,59,59,61,59,62,61,59,60,59,60,59,61,60,59,59,58,60,60,59,61,58,59,58,60,58,58,60,62,61,61,59,59,59,61,60,61,61,59,60,60,60,61,59,61,59,60,60,60,59,59,59,61,60,60,58,58,60,60,61,61,61,63,59,59,60,60,61,60,61,60,60,59,60,60,60,59,59,60,62,59,60,58,58,59,59,60,61,61,62,58,59,60,60,61,61,58,58,62,59,61,59,59,60,60,61,61,61,58,63,62,58,61,61,60,60,62,60,62,60,62,60,61,58,60,60,60,59,59,60,60,61,60,61,62,59,58,59,61,
61,62,62,62,60,59,60,59,60,61,61,61,60,62,60,60,60,61,61,61,61,63,61,60,60,61,60,60,61,59,59,62,63,60,59,60,61,61,59,61,60,61,61,60,62,61,61,61,61,59,60,61,61,60,61,60,62,61,61,61,61,60,61,60,60,61,60,60,60,62,60,63,60,60,59,61,60,61,61,61,62,61,61,60,60,61,62,60,62,60,61,60,60,60,59,60,60,60,60,62,60,61,60,62,62,62,60,59,61,61,60,61,61,59,63,62,63,61,60,61,60,61,60,60,62,60,62,60,62,60,61,60,60,61,61,61,61,60,61,59,62,59,62,59,63,63,61,61,60,62,60,59,61,62,62,59,59,60,61,61,60,62,61,62,59,62,61,61,60,59,62,59,60,60,62,62,61,62,62,63,63,60,59,59,59,63,61,59,60,60,62,60,60,60,62,61,60,61,62,60,61,61,60,59,61,61,60,61,59,61,60,61,62,60,59,62,60,61,60,61,61,60,61,60,62,61,60,61,60,62,60,60,62,61,60,60,61,62,61,62,60,62,61,61,60,60,61,61,61,59,60,62,61,59,59,62,
61,61,62,64,62,63,62,61,61,61,61,62,61,62,61,61,61,61,60,62,62,61,63,61,60,61,61,61,60,62,61,60,60,60,61,60,61,62,61,62,61,61,62,61,60,62,61,60,61,60,61,62,61,62,60,61,62,63,62,62,61,62,62,61,61,60,61,60,61,60,63,60,62,61,61,62,60,61,62,61,60,62,62,60,61,63,60,61,62,61,61,61,61,61,61,61,62,61,61,61,60,60,62,62,61,62,60,61,61,63,61,62,62,60,62,63,64,61,62,62,61,63,61,62,62,61,61,62,63,62,60,60,63,61,62,62,62,61,60,62,61,61,61,61,64,62,61,62,62,62,61,60,61,62,60,61,62,62,61,64,62,62,62,61,63,61,62,61,61,60,62,62,60,61,60,61,61,62,62,63,62,61,62,60,61,60,61,61,60,62,62,61,61,60,62,63,61,62,62,61,61,60,60,60,61,62,61,62,60,60,60,61,62,61,60,61,61,61,61,61,61,60,61,63,61,61,61,61,62,61,61,61,62,62,63,61,61,61,62,61,63,62,61,63,60,61,62,61,61,60,61,63,62,63,61,62,
63,62,63,62,63,63,62,62,62,62,62,61,62,63,63,61,62,61,61,61,64,62,62,64,64,62,61,62,61,63,62,62,61,62,64,62,61,62,61,62,63,63,62,62,62,61,61,63,62,62,63,61,63,61,62,62,63,62,61,62,62,61,63,61,61,62,61,62,61,62,63,61,62,62,61,63,63,62,62,63,62,61,62,61,62,63,63,63,61,62,61,61,64,62,62,63,62,62,61,61,61,61,63,63,61,61,61,62,61,62,63,62,62,61,63,63,62,62,64,63,62,61,62,62,63,62,61,63,63,62,61,63,61,61,64,63,62,63,61,62,63,61,61,62,64,62,62,63,62,63,61,62,63,62,62,62,62,62,63,62,62,62,64,62,63,61,64,62,61,61,61,62,62,63,61,61,61,62,62,63,64,61,61,62,61,61,62,61,61,63,62,62,62,61,63,63,62,62,63,62,62,64,61,61,61,62,62,63,61,61,62,61,62,62,61,62,63,62,62,62,63,62,61,61,63,62,62,62,61,61,62,62,62,63,63,63,62,64,61,61,62,61,62,62,61,62,63,62,62,61,63,62,62,63,62,63,
62,62,63,62,63,64,63,63,63,63,64,63,62,63,62,62,63,64,63,64,62,63,62,62,64,62,63,63,63,63,62,62,63,62,64,64,63,62,62,62,63,63,63,62,63,63,64,62,63,62,62,63,62,63,63,63,63,64,63,63,62,62,63,63,62,62,63,63,62,62,64,63,63,63,63,64,63,64,63,62,63,64,64,63,63,62,63,64,62,62,63,63,63,63,62,64,63,63,63,64,64,62,62,63,62,62,62,63,64,63,63,63,63,63,63,62,62,62,62,62,62,62,63,63,63,63,63,63,63,63,64,62,62,64,63,63,63,62,64,63,62,62,62,62,64,63,64,63,62,62,63,64,64,62,63,63,63,63,63,62,63,63,63,63,63,62,63,64,63,62,62,62,63,64,64,64,62,62,63,62,63,62,63,63,63,64,63,62,62,63,62,62,62,63,62,63,62,62,62,63,63,63,63,62,62,62,62,62,63,62,62,63,63,63,63,62,63,62,62,63,63,63,62,62,62,62,62,63,62,62,62,63,62,63,62,62,62,64,63,63,62,63,62,63,62,62,63,62,64,62,63,63,64,64,63,63,
63,64,63,63,63,63,64,64,63,64,63,64,63,63,63,63,64,63,64,64,63,64,64,63,64,63,63,63,64,63,64,63,64,64,64,63,63,63,63,63,63,63,64,64,63,63,63,63,63,64,63,63,63,63,63,64,63,63,63,63,63,63,64,63,64,63,64,63,63,64,64,64,63,64,63,63,63,64,64,64,63,63,64,63,63,63,63,63,63,63,64,64,63,63,64,63,63,64,63,63,63,63,63,63,64,64,63,64,64,64,63,64,63,63,63,64,63,63,63,63,64,63,63,63,64,63,64,63,63,64,63,63,63,63,63,63,63,64,64,63,63,63,63,63,63,63,64,64,63,63,63,63,63,63,64,63,63,63,63,63,63,63,64,63,64,64,64,64,63,63,63,64,64,63,64,63,64,64,63,63,63,63,63,64,64,64,63,63,63,63,64,63,64,63,63,64,63,64,64,64,63,63,63,63,63,63,63,64,63,63,63,63,64,64,64,63,64,63,63,63,63,63,64,63,63,63,63,64,64,63,63,63,63,64,64,64,63,63,63,64,64,63,64,64,63,64,63,63,63,64,63,64,63,64,64,63,
64,64,64,64,64,64,64,64,64,64,64,64,64,64,64,64,64,64,64,64,64,64,64,64,64,64,64,64,64,64,64,64,64,64,64,64,64,64,64,64,64,64,64,64,64,64,64,64,64,64,64,64,64,64,64,64,64,64,64,64,64,64,64,64,64,64,64,64,64,64,64,64,64,64,64,64,64,64,64,64,64,64,64,64,64,64,64,64,64,64,64,64,64,64,64,64,64,64,64,64,64,64,64,64,64,64,64,64,64,64,64,64,64,64,64,64,64,64,64,64,64,64,64,64,64,64,64,64,64,64,64,64,64,64,64,64,64,64,64,64,64,64,64,64,64,64,64,64,64,64,64,64,64,64,64,64,64,64,64,64,64,64,64,64,64,64,64,64,64,64,64,64,64,64,64,64,64,64,64,64,64,64,64,64,64,64,64,64,64,64,64,64,64,64,64,64,64,64,64,64,64,64,64,64,64,64,64,64,64,64,64,64,64,64,64,64,64,64,64,64,64,64,64,64,64,64,64,64,64,64,64,64,64,64,64,64,64,64,64,64,64,64,64,64,64,64,64,64,64,64,64,64,64,64,64,64,