[64, 256, 128]
0,0,0,0,0,0,0,0,0,0,0,0,0,0,0,0,0,0,0,0,0,0,0,0,0,0,0,0,0,0,0,0,0,0,0,0,0,0,0,0,0,0,0,0,0,0,0,0,0,0,0,0,0,0,0,0,0,0,0,0,0,0,0,0,0,0,0,0,0,0,0,0,0,0,0,0,0,0,0,0,0,0,0,0,0,0,0,0,0,0,0,0,0,0,0,0,0,0,0,0,0,0,0,0,0,0,0,0,0,0,0,0,0,0,0,0,0,0,0,0,0,0,0,0,0,0,0,0,0,0,0,0,0,0,0,0,0,0,0,0,0,0,0,0,0,0,0,0,0,0,0,0,0,0,0,0,0,0,0,0,0,0,0,0,0,0,0,0,0,0,0,0,0,0,0,0,0,0,0,0,0,0,0,0,0,0,0,0,0,0,0,0,0,0,0,0,0,0,0,0,0,0,0,0,0,0,0,0,0,0,0,0,0,0,0,0,0,0,0,0,0,0,0,0,0,0,0,0,0,0,0,0,0,0,0,0,0,0,0,0,0,0,0,0,0,0,0,0,0,0,0,0,0,0,0,0,
0,0,0,0,0,0,0,0,0,0,0,0,0,0,0,0,0,0,0,0,0,0,0,0,0,0,0,0,0,0,0,0,0,0,0,0,0,0,0,0,0,0,0,0,0,0,0,0,0,0,0,0,0,0,0,0,0,0,0,0,0,0,0,0,0,0,0,0,0,0,0,0,0,0,0,0,0,0,0,0,0,0,0,0,0,0,0,0,0,0,0,0,0,0,0,0,0,0,0,0,0,0,0,0,0,0,0,0,0,0,0,0,0,0,0,0,0,0,0,0,0,0,0,0,0,0,0,0,0,0,0,0,0,0,0,0,0,0,0,0,0,0,0,0,0,0,0,0,0,0,0,0,0,0,0,0,0,0,0,0,0,0,0,0,0,0,0,0,0,0,0,0,0,0,0,0,0,0,0,0,0,0,0,0,0,0,0,0,0,0,0,0,0,0,0,0,0,0,0,0,0,0,0,0,0,0,0,0,0,0,0,0,0,0,0,0,0,0,0,0,0,0,0,0,0,0,0,0,0,0,0,0,0,0,0,0,0,0,0,0,0,0,0,0,0,0,0,0,0,0,0,0,0,0,0,0,
0,0,0,0,0,0,0,0,0,0,0,0,0,0,0,0,0,0,0,0,0,0,0,0,0,0,0,0,0,0,0,0,0,0,0,0,0,0,0,0,0,0,0,0,0,0,0,0,0,0,0,0,0,0,0,0,0,0,0,0,0,0,0,0,0,0,0,0,0,0,0,0,0,0,0,0,0,0,0,0,0,0,0,0,0,0,0,0,0,0,0,0,0,0,0,0,0,0,0,0,0,0,0,0,0,0,0,0,0,0,0,0,0,0,0,0,0,0,0,0,0,0,0,0,0,0,0,0,0,0,0,0,0,0,0,0,0,0,0,0,0,0,0,0,0,0,0,0,0,0,0,0,0,0,0,0,0,0,0,0,0,0,0,0,0,0,0,0,0,0,0,0,0,0,0,0,0,0,0,0,0,0,0,0,0,0,0,0,0,0,0,0,0,0,0,0,0,0,0,0,0,0,0,0,0,0,0,0,0,0,0,0,0,0,0,0,0,0,0,0,0,0,0,0,0,0,0,0,0,0,0,0,0,0,0,0,0,0,0,0,0,0,0,0,0,0,0,0,0,0,0,0,0,0,0,0,
0,0,0,0,0,0,0,0,0,0,0,0,0,0,0,0,0,0,0,0,0,0,0,0,0,0,0,0,0,0,0,0,0,0,0,0,0,0,0,0,0,0,0,0,0,0,0,0,0,0,0,0,0,0,0,0,0,0,0,0,0,0,0,0,0,0,0,0,0,0,0,0,0,0,0,0,0,0,0,0,0,0,0,0,0,0,0,0,0,0,0,0,0,0,0,0,0,0,0,0,0,0,0,0,0,0,0,0,0,0,0,0,0,0,0,0,0,0,0,0,0,0,0,0,0,0,0,0,0,0,0,0,0,0,0,0,0,0,0,0,0,0,0,0,0,0,0,0,0,0,0,0,0,0,0,0,0,0,0,0,0,0,0,0,0,0,0,0,0,0,0,0,0,0,0,0,0,0,0,0,0,0,0,0,0,0,0,0,0,0,0,0,0,0,0,0,0,0,0,0,0,0,0,0,0,0,0,0,0,0,0,0,0,0,0,0,0,0,0,0,0,0,0,0,0,0,0,0,0,0,0,0,0,0,0,0,0,0,0,0,0,0,0,0,0,0,0,0,0,0,0,0,0,0,0,0,
0,0,0,0,0,0,0,0,0,0,0,0,0,0,0,0,0,0,0,0,0,0,0,0,0,0,0,0,0,0,0,0,0,0,0,0,0,0,0,0,0,0,0,0,0,0,0,0,0,0,0,0,0,0,0,0,0,0,0,0,0,0,0,0,0,0,0,0,0,0,0,0,0,0,0,0,0,0,0,0,0,0,0,0,0,0,0,0,0,0,0,0,0,0,0,0,0,0,0,0,0,0,0,0,0,0,0,0,0,0,0,0,0,0,0,0,0,0,0,0,0,0,0,0,0,0,0,0,0,0,0,0,0,0,0,0,0,0,0,0,0,0,0,0,0,0,0,0,0,0,0,0,0,0,0,0,0,0,0,0,0,0,0,0,0,0,0,0,0,0,0,0,0,0,0,0,0,0,0,0,0,0,0,0,0,0,0,0,0,0,0,0,0,0,0,0,0,0,0,0,0,0,0,0,0,0,0,0,0,0,0,0,0,0,0,0,0,0,0,0,0,0,0,0,0,0,0,0,0,0,0,0,0,0,0,0,0,0,0,0,0,0,0,0,0,0,0,0,0,0,0,0,0,0,0,0,
0,0,0,0,0,0,0,0,0,0,0,0,0,0,0,0,0,0,0,0,0,0,0,0,0,0,0,0,0,0,0,0,0,0,0,0,0,0,0,0,0,0,0,0,0,0,0,0,0,0,0,0,0,0,0,0,0,0,0,0,0,0,0,0,0,0,0,0,0,0,0,0,0,0,0,0,0,0,0,0,0,0,0,0,0,0,0,0,0,0,0,0,0,0,0,0,0,0,0,0,0,0,0,0,0,0,0,0,0,0,0,0,0,0,0,0,0,0,0,0,0,0,0,0,0,0,0,0,0,0,0,0,0,0,0,0,0,0,0,0,0,0,0,0,0,0,0,0,0,0,0,0,0,0,0,0,0,0,0,0,0,0,0,0,0,0,0,0,0,0,0,0,0,0,0,0,0,0,0,0,0,0,0,0,0,0,0,0,0,0,0,0,0,0,0,0,0,0,0,0,0,0,0,0,0,0,0,0,0,0,0,0,0,0,0,0,0,0,0,0,0,0,0,0,0,0,0,0,0,0,0,0,0,0,0,0,0,0,0,0,0,0,0,0,0,0,0,0,0,0,0,0,0,0,0,0,
0,0,0,0,0,0,0,0,0,0,0,0,0,0,0,0,0,0,0,0,0,0,0,0,0,0,0,0,0,0,0,0,0,0,0,0,0,0,0,0,0,0,0,0,0,0,0,0,0,0,0,0,0,0,0,0,0,0,0,0,0,0,0,0,0,0,0,0,0,0,0,0,0,0,0,0,0,0,0,0,0,0,0,0,0,0,0,0,0,0,0,0,0,0,0,0,0,0,0,0,0,0,0,0,0,0,0,0,0,0,0,0,0,0,0,0,0,0,0,0,0,0,0,0,0,0,0,0,0,0,0,0,0,0,0,0,0,0,0,0,0,0,0,0,0,0,0,0,0,0,0,0,0,0,0,0,0,0,0,0,0,0,0,0,0,0,0,0,0,0,0,0,0,0,0,0,0,0,0,0,0,0,0,0,0,0,0,0,0,0,0,0,0,0,0,0,0,0,0,0,0,0,0,0,0,0,0,0,0,0,0,0,0,0,0,0,0,0,0,0,0,0,0,0,0,0,0,0,0,0,0,0,0,0,0,0,0,0,0,0,0,0,0,0,0,0,0,0,0,0,0,0,0,0,0,0,
0,0,0,0,0,0,0,0,0,0,0,0,0,0,0,0,0,0,0,0,0,0,0,0,0,0,0,0,0,0,0,0,0,0,0,0,0,0,0,0,0,0,0,0,0,0,0,0,0,0,0,0,0,0,0,0,0,0,0,0,0,0,0,0,0,0,0,0,0,0,0,0,0,0,0,0,0,0,0,0,0,0,0,0,0,0,0,0,0,0,0,0,0,0,0,0,0,0,0,0,0,0,0,0,0,0,0,0,0,0,0,0,0,0,0,0,0,0,0,0,0,0,0,0,0,0,0,0,0,0,0,0,0,0,0,0,0,0,0,0,0,0,0,0,0,0,0,0,0,0,0,0,0,0,0,0,0,0,0,0,0,0,0,0,0,0,0,0,0,0,0,0,0,0,0,0,0,0,0,0,0,0,0,0,0,0,0,0,0,0,0,0,0,0,0,0,0,0,0,0,0,0,0,0,0,0,0,0,0,0,0,0,0,0,0,0,0,0,0,0,0,0,0,0,0,0,0,0,0,0,0,0,0,0,0,0,0,0,0,0,0,0,0,0,0,0,0,0,0,0,0,0,0,0,0,0,
0,0,0,0,0,0,0,0,0,0,0,0,0,0,0,0,0,0,0,0,0,0,0,0,0,0,0,0,0,0,0,0,0,0,0,0,0,0,0,0,0,0,0,0,0,0,0,0,0,0,0,0,0,0,0,0,0,0,0,0,0,0,0,0,0,0,0,0,0,0,0,0,0,0,0,0,0,0,0,0,0,0,0,0,0,0,0,0,0,0,0,0,0,0,0,0,0,0,0,0,0,0,0,0,0,0,0,0,0,0,0,0,0,0,0,0,0,0,0,0,0,0,0,0,0,0,0,0,0,0,0,0,0,0,0,0,0,0,0,0,0,0,0,0,0,0,0,0,0,0,0,0,0,0,0,0,0,0,0,0,0,0,0,0,0,0,0,0,0,0,0,0,0,0,0,0,0,0,0,0,0,0,0,0,0,0,0,0,0,0,0,0,0,0,0,0,0,0,0,0,0,0,0,0,0,0,0,0,0,0,0,0,0,0,0,0,0,0,0,0,0,0,0,0,0,0,0,0,0,0,0,0,0,0,0,0,0,0,0,0,0,0,0,0,0,0,0,0,0,0,0,0,0,0,0,0,
0,0,0,0,0,0,0,0,0,0,0,0,0,0,0,0,0,0,0,0,0,0,0,0,0,0,0,0,0,0,0,0,0,0,0,0,0,0,0,0,0,0,0,0,0,0,0,0,0,0,0,0,0,0,0,0,0,0,0,0,0,0,0,0,0,0,0,0,0,0,0,0,0,0,0,0,0,0,0,0,0,0,0,0,0,0,0,0,0,0,0,0,0,0,0,0,0,0,0,0,0,0,0,0,0,0,0,0,0,0,0,0,0,0,0,0,0,0,0,0,0,0,0,0,0,0,0,0,0,0,0,0,0,0,0,0,0,0,0,0,0,0,0,0,0,0,0,0,0,0,0,0,0,0,0,0,0,0,0,0,0,0,0,0,0,0,0,0,0,0,0,0,0,0,0,0,0,0,0,0,0,0,0,0,0,0,0,0,0,0,0,0,0,0,0,0,0,0,0,0,0,0,0,0,0,0,0,0,0,0,0,0,0,0,0,0,0,0,0,0,0,0,0,0,0,0,0,0,0,0,0,0,0,0,0,0,0,0,0,0,0,0,0,0,0,0,0,0,0,0,0,0,0,0,0,0,
0,0,0,0,0,0,0,0,0,0,0,0,0,0,0,0,0,0,0,0,0,0,0,0,0,0,0,0,0,0,0,0,0,0,0,0,0,0,0,0,0,0,0,0,0,0,0,0,0,0,0,0,0,0,0,0,0,0,0,0,0,0,0,0,0,0,0,0,0,0,0,0,0,0,0,0,0,0,0,0,0,0,0,0,0,0,0,0,0,0,0,0,0,0,0,0,0,0,0,0,0,0,0,0,0,0,0,0,0,0,0,0,0,0,0,0,0,0,0,0,0,0,0,0,0,0,0,0,0,0,0,0,0,0,0,0,0,0,0,0,0,0,0,0,0,0,0,0,0,0,0,0,0,0,0,0,0,0,0,0,0,0,0,0,0,0,0,0,0,0,0,0,0,0,0,0,0,0,0,0,0,0,0,0,0,0,0,0,0,0,0,0,0,0,0,0,0,0,0,0,0,0,0,0,0,0,0,0,0,0,0,0,0,0,0,0,0,0,0,0,0,0,0,0,0,0,0,0,0,0,0,0,0,0,0,0,0,0,0,0,0,0,0,0,0,0,0,0,0,0,0,0,0,0,0,0,
0,0,0,0,0,0,0,0,0,0,0,0,0,0,0,0,0,0,0,0,0,0,0,0,0,0,0,0,0,0,0,0,0,0,0,0,0,0,0,0,0,0,0,0,0,0,0,0,0,0,0,0,0,0,0,0,0,0,0,0,0,0,0,0,0,0,0,0,0,0,0,0,0,0,0,0,0,0,0,0,0,0,0,0,0,0,0,0,0,0,0,0,0,0,0,0,0,0,0,0,0,0,0,0,0,0,0,0,0,0,0,0,0,0,0,0,0,0,0,0,0,0,0,0,0,0,0,0,0,0,0,0,0,0,0,0,0,0,0,0,0,0,0,0,0,0,0,0,0,0,0,0,0,0,0,0,0,0,0,0,0,0,0,0,0,0,0,0,0,0,0,0,0,0,0,0,0,0,0,0,0,0,0,0,0,0,0,0,0,0,0,0,0,0,0,0,0,0,0,0,0,0,0,0,0,0,0,0,0,0,0,0,0,0,0,0,0,0,0,0,0,0,0,0,0,0,0,0,0,0,0,0,0,0,0,0,0,0,0,0,0,0,0,0,0,0,0,0,0,0,0,0,0,0,0,0,
0,0,0,0,0,0,0,0,0,0,0,0,0,0,0,0,0,0,0,0,0,0,0,0,0,0,0,0,0,0,0,0,0,0,0,0,0,0,0,0,0,0,0,0,0,0,0,0,0,0,0,0,0,0,0,0,0,0,0,0,0,0,0,0,0,0,0,0,0,0,0,0,0,0,0,0,0,0,0,0,0,0,0,0,0,0,0,0,0,0,0,0,0,0,0,0,0,0,0,0,0,0,0,0,0,0,0,0,0,0,0,0,0,0,0,0,0,0,0,0,0,0,0,0,0,0,0,0,0,0,0,0,0,0,0,0,0,0,0,0,0,0,0,0,0,0,0,0,0,0,0,0,0,0,0,0,0,0,0,0,0,0,0,0,0,0,0,0,0,0,0,0,0,0,0,0,0,0,0,0,0,0,0,0,0,0,0,0,0,0,0,0,0,0,0,0,0,0,0,0,0,0,0,0,0,0,0,0,0,0,0,0,0,0,0,0,0,0,0,0,0,0,0,0,0,0,0,0,0,0,0,0,0,0,0,0,0,0,0,0,0,0,0,0,0,0,0,0,0,0,0,0,0,0,0,0,
0,0,0,0,0,0,0,0,0,0,0,0,0,0,0,0,0,0,0,0,0,0,0,0,0,0,0,0,0,0,0,0,0,0,0,0,0,0,0,0,0,0,0,0,0,0,0,0,0,0,0,0,0,0,0,0,0,0,0,0,0,0,0,0,0,0,0,0,0,0,0,0,0,0,0,0,0,0,0,0,0,0,0,0,0,0,0,0,0,0,0,0,0,0,0,0,0,0,0,0,0,0,0,0,0,0,0,0,0,0,0,0,0,0,0,0,0,0,0,0,0,0,0,0,0,0,0,0,0,0,0,0,0,0,0,0,0,0,0,0,0,0,0,0,0,0,0,0,0,0,0,0,0,0,0,0,0,0,0,0,0,0,0,0,0,0,0,0,0,0,0,0,0,0,0,0,0,0,0,0,0,0,0,0,0,0,0,0,0,0,0,0,0,0,0,0,0,0,0,0,0,0,0,0,0,0,0,0,0,0,0,0,0,0,0,0,0,0,0,0,0,0,0,0,0,0,0,0,0,0,0,0,0,0,0,0,0,0,0,0,0,0,0,0,0,0,0,0,0,0,0,0,0,0,0,0,
0,0,0,0,0,0,0,0,0,0,0,0,0,0,0,0,0,0,0,0,0,0,0,0,0,0,0,0,0,0,0,0,0,0,0,0,0,0,0,0,0,0,0,0,0,0,0,0,0,0,0,0,0,0,0,0,0,0,0,0,0,0,0,0,0,0,0,0,0,0,0,0,0,0,0,0,0,0,0,0,0,0,0,0,0,0,0,0,0,0,0,0,0,0,0,0,0,0,0,0,0,0,0,0,0,0,0,0,0,0,0,0,0,0,0,0,0,0,0,0,0,0,0,0,0,0,0,0,0,0,0,0,0,0,0,0,0,0,0,0,0,0,0,0,0,0,0,0,0,0,0,0,0,0,0,0,0,0,0,0,0,0,0,0,0,0,0,0,0,0,0,0,0,0,0,0,0,0,0,0,0,0,0,0,0,0,0,0,0,0,0,0,0,0,0,0,0,0,0,0,0,0,0,0,0,0,0,0,0,0,0,0,0,0,0,0,0,0,0,0,0,0,0,0,0,0,0,0,0,0,0,0,0,0,0,0,0,0,0,0,0,0,0,0,0,0,0,0,0,0,0,0,0,0,0,0,
0,0,0,0,0,0,0,0,0,0,0,0,0,0,0,0,0,0,0,0,0,0,0,0,0,0,0,0,0,0,0,0,0,0,0,0,0,0,0,0,0,0,0,0,0,0,0,0,0,0,0,0,0,0,0,0,0,0,0,0,0,0,0,0,0,0,0,0,0,0,0,0,0,0,0,0,0,0,0,0,0,0,0,0,0,0,0,0,0,0,0,0,0,0,0,0,0,0,0,0,0,0,0,0,0,0,0,0,0,0,0,0,0,0,0,0,0,0,0,0,0,0,0,0,0,0,0,0,0,0,0,0,0,0,0,0,0,0,0,0,0,0,0,0,0,0,0,0,0,0,0,0,0,0,0,0,0,0,0,0,0,0,0,0,0,0,0,0,0,0,0,0,0,0,0,0,0,0,0,0,0,0,0,0,0,0,0,0,0,0,0,0,0,0,0,0,0,0,0,0,0,0,0,0,0,0,0,0,0,0,0,0,0,0,0,0,0,0,0,0,0,0,0,0,0,0,0,0,0,0,0,0,0,0,0,0,0,0,0,0,0,0,0,0,0,0,0,0,0,0,0,0,0,0,0,0,
0,0,0,0,0,0,0,0,0,0,0,0,0,0,0,0,0,0,0,0,0,0,0,0,0,0,0,0,0,0,0,0,0,0,0,0,0,0,0,0,0,0,0,0,0,0,0,0,0,0,0,0,0,0,0,0,0,0,0,0,0,0,0,0,0,0,0,0,0,0,0,0,0,0,0,0,0,0,0,0,0,0,0,0,0,0,0,0,0,0,0,0,0,0,0,0,0,0,0,0,0,0,0,0,0,0,0,0,0,0,0,0,0,0,0,0,0,0,0,0,0,0,0,0,0,0,0,0,0,0,0,0,0,0,0,0,0,0,0,0,0,0,0,0,0,0,0,0,0,0,0,0,0,0,0,0,0,0,0,0,0,0,0,0,0,0,0,0,0,0,0,0,0,0,0,0,0,0,0,0,0,0,0,0,0,0,0,0,0,0,0,0,0,0,0,0,0,0,0,0,0,0,0,0,0,0,0,0,0,0,0,0,0,0,0,0,0,0,0,0,0,0,0,0,0,0,0,0,0,0,0,0,0,0,0,0,0,0,0,0,0,0,0,0,0,0,0,0,0,0,0,0,0,0,0,0,
0,0,0,0,0,0,0,0,0,0,0,0,0,0,0,0,0,0,0,0,0,0,0,0,0,0,0,0,0,0,0,0,0,0,0,0,0,0,0,0,0,0,0,0,0,0,0,0,0,0,0,0,0,0,0,0,0,0,0,0,0,0,0,0,0,0,0,0,0,0,0,0,0,0,0,0,0,0,0,0,0,0,0,0,0,0,0,0,0,0,0,0,0,0,0,0,0,0,0,0,0,0,0,0,0,0,0,0,0,0,0,0,0,0,0,0,0,0,0,0,0,0,0,0,0,0,0,0,0,0,0,0,0,0,0,0,0,0,0,0,0,0,0,0,0,0,0,0,0,0,0,0,0,0,0,0,0,0,0,0,0,0,0,0,0,0,0,0,0,0,0,0,0,0,0,0,0,0,0,0,0,0,0,0,0,0,0,0,0,0,0,0,0,0,0,0,0,0,0,0,0,0,0,0,0,0,0,0,0,0,0,0,0,0,0,0,0,0,0,0,0,0,0,0,0,0,0,0,0,0,0,0,0,0,0,0,0,0,0,0,0,0,0,0,0,0,0,0,0,0,0,0,0,0,0,0,
0,0,0,0,0,0,0,0,0,0,0,0,0,0,0,0,0,0,0,0,0,0,0,0,0,0,0,0,0,0,0,0,0,0,0,0,0,0,0,0,0,0,0,0,0,0,0,0,0,0,0,0,0,0,0,0,0,0,0,0,0,0,0,0,0,0,0,0,0,0,0,0,0,0,0,0,0,0,0,0,0,0,0,0,0,0,0,0,0,0,0,0,0,0,0,0,0,0,0,0,0,0,0,0,0,0,0,0,0,0,0,0,0,0,0,0,0,0,0,0,0,0,0,0,0,0,0,0,0,0,0,0,0,0,0,0,0,0,0,0,0,0,0,0,0,0,0,0,0,0,0,0,0,0,0,0,0,0,0,0,0,0,0,0,0,0,0,0,0,0,0,0,0,0,0,0,0,0,0,0,0,0,0,0,0,0,0,0,0,0,0,0,0,0,0,0,0,0,0,0,0,0,0,0,0,0,0,0,0,0,0,0,0,0,0,0,0,0,0,0,0,0,0,0,0,0,0,0,0,0,0,0,0,0,0,0,0,0,0,0,0,0,0,0,0,0,0,0,0,0,0,0,0,0,0,0,
0,0,0,0,0,0,0,0,0,0,0,0,0,0,0,0,0,0,0,0,0,0,0,0,0,0,0,0,0,0,0,0,0,0,0,0,0,0,0,0,0,0,0,0,0,0,0,0,0,0,0,0,0,0,0,0,0,0,0,0,0,0,0,0,0,0,0,0,0,0,0,0,0,0,0,0,0,0,0,0,0,0,0,0,0,0,0,0,0,0,0,0,0,0,0,0,0,0,0,0,0,0,0,0,0,0,0,0,0,0,0,0,0,0,0,0,0,0,0,0,0,0,0,0,0,0,0,0,0,0,0,0,0,0,0,0,0,0,0,0,0,0,0,0,0,0,0,0,0,0,0,0,0,0,0,0,0,0,0,0,0,0,0,0,0,0,0,0,0,0,0,0,0,0,0,0,0,0,0,0,0,0,0,0,0,0,0,0,0,0,0,0,0,0,0,0,0,0,0,0,0,0,0,0,0,0,0,0,0,0,0,0,0,0,0,0,0,0,0,0,0,0,0,0,0,0,0,0,0,0,0,0,0,0,0,0,0,0,0,0,0,0,0,0,0,0,0,0,0,0,0,0,0,0,0,0,
0,0,0,0,0,0,0,0,0,0,0,0,0,0,0,0,0,0,0,0,0,0,0,0,0,0,0,0,0,0,0,0,0,0,0,0,0,0,0,0,0,0,0,0,0,0,0,0,0,0,0,0,0,0,0,0,0,0,0,0,0,0,0,0,0,0,0,0,0,0,0,0,0,0,0,0,0,0,0,0,0,0,0,0,0,0,0,0,0,0,0,0,0,0,0,0,0,0,0,0,0,0,0,0,0,0,0,0,0,0,0,0,0,0,0,0,0,0,0,0,0,0,0,0,0,0,0,0,0,0,0,0,0,0,0,0,0,0,0,0,0,0,0,0,0,0,0,0,0,0,0,0,0,0,0,0,0,0,0,0,0,0,0,0,0,0,0,0,0,0,0,0,0,0,0,0,0,0,0,0,0,0,0,0,0,0,0,0,0,0,0,0,0,0,0,0,0,0,0,0,0,0,0,0,0,0,0,0,0,0,0,0,0,0,0,0,0,0,0,0,0,0,0,0,0,0,0,0,0,0,0,0,0,0,0,0,0,0,0,0,0,0,0,0,0,0,0,0,0,0,0,0,0,0,0,0,
0,0,0,0,0,0,0,0,0,0,0,0,0,0,0,0,0,0,0,0,0,0,0,0,0,0,0,0,0,0,0,0,0,0,0,0,0,0,0,0,0,0,0,0,0,0,0,0,0,0,0,0,0,0,0,0,0,0,0,0,0,0,0,0,0,0,0,0,0,0,0,0,0,0,0,0,0,0,0,0,0,0,0,0,0,0,0,0,0,0,0,0,0,0,0,0,0,0,0,0,0,0,0,0,0,0,0,0,0,0,0,0,0,0,0,0,0,0,0,0,0,0,0,0,0,0,0,0,0,0,0,0,0,0,0,0,0,0,0,0,0,0,0,0,0,0,0,0,0,0,0,0,0,0,0,0,0,0,0,0,0,0,0,0,0,0,0,0,0,0,0,0,0,0,0,0,0,0,0,0,0,0,0,0,0,0,0,0,0,0,0,0,0,0,0,0,0,0,0,0,0,0,0,0,0,0,0,0,0,0,0,0,0,0,0,0,0,0,0,0,0,0,0,0,0,0,0,0,0,0,0,0,0,0,0,0,0,0,0,0,0,0,0,0,0,0,0,0,0,0,0,0,0,0,0,0,
0,0,0,0,0,0,0,0,0,0,0,0,0,0,0,0,0,0,0,0,0,0,0,0,0,0,0,0,0,0,0,0,0,0,0,0,0,0,0,0,0,0,0,0,0,0,0,0,0,0,0,0,0,0,0,0,0,0,0,0,0,0,0,0,0,0,0,0,0,0,0,0,0,0,0,0,0,0,0,0,0,0,0,0,0,0,0,0,0,0,0,0,0,0,0,0,0,0,0,0,0,0,0,0,0,0,0,0,0,0,0,0,0,0,0,0,0,0,0,0,0,0,0,0,0,0,0,0,0,0,0,0,0,0,0,0,0,0,0,0,0,0,0,0,0,0,0,0,0,0,0,0,0,0,0,0,0,0,0,0,0,0,0,0,0,0,0,0,0,0,0,0,0,0,0,0,0,0,0,0,0,0,0,0,0,0,0,0,0,0,0,0,0,0,0,0,0,0,0,0,0,0,0,0,0,0,0,0,0,0,0,0,0,0,0,0,0,0,0,0,0,0,0,0,0,0,0,0,0,0,0,0,0,0,0,0,0,0,0,0,0,0,0,0,0,0,0,0,0,0,0,0,0,0,0,0,
0,0,0,0,0,0,0,0,0,0,0,0,0,0,0,0,0,0,0,0,0,0,0,0,0,0,0,0,0,0,0,0,0,0,0,0,0,0,0,0,0,0,0,0,0,0,0,0,0,0,0,0,0,0,0,0,0,0,0,0,0,0,0,0,0,0,0,0,0,0,0,0,0,0,0,0,0,0,0,0,0,0,0,0,0,0,0,0,0,0,0,0,0,0,0,0,0,0,0,0,0,0,0,0,0,0,0,0,0,0,0,0,0,0,0,0,0,0,0,0,0,0,0,0,0,0,0,0,0,0,0,0,0,0,0,0,0,0,0,0,0,0,0,0,0,0,0,0,0,0,0,0,0,0,0,0,0,0,0,0,0,0,0,0,0,0,0,0,0,0,0,0,0,0,0,0,0,0,0,0,0,0,0,0,0,0,0,0,0,0,0,0,0,0,0,0,0,0,0,0,0,0,0,0,0,0,0,0,0,0,0,0,0,0,0,0,0,0,0,0,0,0,0,0,0,0,0,0,0,0,0,0,0,0,0,0,0,0,0,0,0,0,0,0,0,0,0,0,0,0,0,0,0,0,0,0,
0,0,0,0,0,0,0,0,0,0,0,0,0,0,0,0,0,0,0,0,0,0,0,0,0,0,0,0,0,0,0,0,0,0,0,0,0,0,0,0,0,0,0,0,0,0,0,0,0,0,0,0,0,0,0,0,0,0,0,0,0,0,0,0,0,0,0,0,0,0,0,0,0,0,0,0,0,0,0,0,0,0,0,0,0,0,0,0,0,0,0,0,0,0,0,0,0,0,0,0,0,0,0,0,0,0,0,0,0,0,0,0,0,0,0,0,0,0,0,0,0,0,0,0,0,0,0,0,0,0,0,0,0,0,0,0,0,0,0,0,0,0,0,0,0,0,0,0,0,0,0,0,0,0,0,0,0,0,0,0,0,0,0,0,0,0,0,0,0,0,0,0,0,0,0,0,0,0,0,0,0,0,0,0,0,0,0,0,0,0,0,0,0,0,0,0,0,0,0,0,0,0,0,0,0,0,0,0,0,0,0,0,0,0,0,0,0,0,0,0,0,0,0,0,0,0,0,0,0,0,0,0,0,0,0,0,0,0,0,0,0,0,0,0,0,0,0,0,0,0,0,0,0,0,0,0,
0,0,0,0,0,0,0,0,0,0,0,0,0,0,0,0,0,0,0,0,0,0,0,0,0,0,0,0,0,0,0,0,0,0,0,0,0,0,0,0,0,0,0,0,0,0,0,0,0,0,0,0,0,0,0,0,0,0,0,0,0,0,0,0,0,0,0,0,0,0,0,0,0,0,0,0,0,0,0,0,0,0,0,0,0,0,0,0,0,0,0,0,0,0,0,0,0,0,0,0,0,0,0,0,0,0,0,0,0,0,0,0,0,0,0,0,0,0,0,0,0,0,0,0,0,0,0,0,0,0,0,0,0,0,0,0,0,0,0,0,0,0,0,0,0,0,0,0,0,0,0,0,0,0,0,0,0,0,0,0,0,0,0,0,0,0,0,0,0,0,0,0,0,0,0,0,0,0,0,0,0,0,0,0,0,0,0,0,0,0,0,0,0,0,0,0,0,0,0,0,0,0,0,0,0,0,0,0,0,0,0,0,0,0,0,0,0,0,0,0,0,0,0,0,0,0,0,0,0,0,0,0,0,0,0,0,0,0,0,0,0,0,0,0,0,0,0,0,0,0,0,0,0,0,0,0,
0,0,0,0,0,0,0,0,0,0,0,0,0,0,0,0,0,0,0,0,0,0,0,0,0,0,0,0,0,0,0,0,0,0,0,0,0,0,0,0,0,0,0,0,0,0,0,0,0,0,0,0,0,0,0,0,0,0,0,0,0,0,0,0,0,0,0,0,0,0,0,0,0,0,0,0,0,0,0,0,0,0,0,0,0,0,0,0,0,0,0,0,0,0,0,0,0,0,0,0,0,0,0,0,0,0,0,0,0,0,0,0,0,0,0,0,0,0,0,0,0,0,0,0,0,0,0,0,0,0,0,0,0,0,0,0,0,0,0,0,0,0,0,0,0,0,0,0,0,0,0,0,0,0,0,0,0,0,0,0,0,0,0,0,0,0,0,0,0,0,0,0,0,0,0,0,0,0,0,0,0,0,0,0,0,0,0,0,0,0,0,0,0,0,0,0,0,0,0,0,0,0,0,0,0,0,0,0,0,0,0,0,0,0,0,0,0,0,0,0,0,0,0,0,0,0,0,0,0,0,0,0,0,0,0,0,0,0,0,0,0,0,0,0,0,0,0,0,0,0,0,0,0,0,0,0,
0,0,0,0,0,0,0,0,0,0,0,0,0,0,0,0,0,0,0,0,0,0,0,0,0,0,0,0,0,0,0,0,0,0,0,0,0,0,0,0,0,0,0,0,0,0,0,0,0,0,0,0,0,0,0,0,0,0,0,0,0,0,0,0,0,0,0,0,0,0,0,0,0,0,0,0,0,0,0,0,0,0,0,0,0,0,0,0,0,0,0,0,0,0,0,0,0,0,0,0,0,0,0,0,0,0,0,0,0,0,0,0,0,0,0,0,0,0,0,0,0,0,0,0,0,0,0,0,0,0,0,0,0,0,0,0,0,0,0,0,0,0,0,0,0,0,0,0,0,0,0,0,0,0,0,0,0,0,0,0,0,0,0,0,0,0,0,0,0,0,0,0,0,0,0,0,0,0,0,0,0,0,0,0,0,0,0,0,0,0,0,0,0,0,0,0,0,0,0,0,0,0,0,0,0,0,0,0,0,0,0,0,0,0,0,0,0,0,0,0,0,0,0,0,0,0,0,0,0,0,0,0,0,0,0,0,0,0,0,0,0,0,0,0,0,0,0,0,0,0,0,0,0,0,0,0,
0,0,0,0,0,0,0,0,0,0,0,0,0,0,0,0,0,0,0,0,0,0,0,0,0,0,0,0,0,0,0,0,0,0,0,0,0,0,0,0,0,0,0,0,0,0,0,0,0,0,0,0,0,0,0,0,0,0,0,0,0,0,0,0,0,0,0,0,0,0,0,0,0,0,0,0,0,0,0,0,0,0,0,0,0,0,0,0,0,0,0,0,0,0,0,0,0,0,0,0,0,0,0,0,0,0,0,0,0,0,0,0,0,0,0,0,0,0,0,0,0,0,0,0,0,0,0,0,0,0,0,0,0,0,0,0,0,0,0,0,0,0,0,0,0,0,0,0,0,0,0,0,0,0,0,0,0,0,0,0,0,0,0,0,0,0,0,0,0,0,0,0,0,0,0,0,0,0,0,0,0,0,0,0,0,0,0,0,0,0,0,0,0,0,0,0,0,0,0,0,0,0,0,0,0,0,0,0,0,0,0,0,0,0,0,0,0,0,0,0,0,0,0,0,0,0,0,0,0,0,0,0,0,0,0,0,0,0,0,0,0,0,0,0,0,0,0,0,0,0,0,0,0,0,0,0,
0,0,0,0,0,0,0,0,0,0,0,0,0,0,0,0,0,0,0,0,0,0,0,0,0,0,0,0,0,0,0,0,0,0,0,0,0,0,0,0,0,0,0,0,0,0,0,0,0,0,0,0,0,0,0,0,0,0,0,0,0,0,0,0,0,0,0,0,0,0,0,0,0,0,0,0,0,0,0,0,0,0,0,0,0,0,0,0,0,0,0,0,0,0,0,0,0,0,0,0,0,0,0,0,0,0,0,0,0,0,0,0,0,0,0,0,0,0,0,0,0,0,0,0,0,0,0,0,0,0,0,0,0,0,0,0,0,0,0,0,0,0,0,0,0,0,0,0,0,0,0,0,0,0,0,0,0,0,0,0,0,0,0,0,0,0,0,0,0,0,0,0,0,0,0,0,0,0,0,0,0,0,0,0,0,0,0,0,0,0,0,0,0,0,0,0,0,0,0,0,0,0,0,0,0,0,0,0,0,0,0,0,0,0,0,0,0,0,0,0,0,0,0,0,0,0,0,0,0,0,0,0,0,0,0,0,0,0,0,0,0,0,0,0,0,0,0,0,0,0,0,0,0,0,0,0,
0,0,0,0,0,0,0,0,0,0,0,0,0,0,0,0,0,0,0,0,0,0,0,0,0,0,0,0,0,0,0,0,0,0,0,0,0,0,0,0,0,0,0,0,0,0,0,0,0,0,0,0,0,0,0,0,0,0,0,0,0,0,0,0,0,0,0,0,0,0,0,0,0,0,0,0,0,0,0,0,0,0,0,0,0,0,0,0,0,0,0,0,0,0,0,0,0,0,0,0,0,0,0,0,0,0,0,0,0,0,0,0,0,0,0,0,0,0,0,0,0,0,0,0,0,0,0,0,0,0,0,0,0,0,0,0,0,0,0,0,0,0,0,0,0,0,0,0,0,0,0,0,0,0,0,0,0,0,0,0,0,0,0,0,0,0,0,0,0,0,0,0,0,0,0,0,0,0,0,0,0,0,0,0,0,0,0,0,0,0,0,0,0,0,0,0,0,0,0,0,0,0,0,0,0,0,0,0,0,0,0,0,0,0,0,0,0,0,0,0,0,0,0,0,0,0,0,0,0,0,0,0,0,0,0,0,0,0,0,0,0,0,0,0,0,0,0,0,0,0,0,0,0,0,0,0,
0,0,0,0,0,0,0,0,0,0,0,0,0,0,0,0,0,0,0,0,0,0,0,0,0,0,0,0,0,0,0,0,0,0,0,0,0,0,0,0,0,0,0,0,0,0,0,0,0,0,0,0,0,0,0,0,0,0,0,0,0,0,0,0,0,0,0,0,0,0,0,0,0,0,0,0,0,0,0,0,0,0,0,0,0,0,0,0,0,0,0,0,0,0,0,0,0,0,0,0,0,0,0,0,0,0,0,0,0,0,0,0,0,0,0,0,0,0,0,0,0,0,0,0,0,0,0,0,0,0,0,0,0,0,0,0,0,0,0,0,0,0,0,0,0,0,0,0,0,0,0,0,0,0,0,0,0,0,0,0,0,0,0,0,0,0,0,0,0,0,0,0,0,0,0,0,0,0,0,0,0,0,0,0,0,0,0,0,0,0,0,0,0,0,0,0,0,0,0,0,0,0,0,0,0,0,0,0,0,0,0,0,0,0,0,0,0,0,0,0,0,0,0,0,0,0,0,0,0,0,0,0,0,0,0,0,0,0,0,0,0,0,0,0,0,0,0,0,0,0,0,0,0,0,0,0,
0,0,0,0,0,0,0,0,0,0,0,0,0,0,0,0,0,0,0,0,0,0,0,0,0,0,0,0,0,0,0,0,0,0,0,0,0,0,0,0,0,0,0,0,0,0,0,0,0,0,0,0,0,0,0,0,0,0,0,0,0,0,0,0,0,0,0,0,0,0,0,0,0,0,0,0,0,0,0,0,0,0,0,0,0,0,0,0,0,0,0,0,0,0,0,0,0,0,0,0,0,0,0,0,0,0,0,0,0,0,0,0,0,0,0,0,0,0,0,0,0,0,0,0,0,0,0,0,0,0,0,0,0,0,0,0,0,0,0,0,0,0,0,0,0,0,0,0,0,0,0,0,0,0,0,0,0,0,0,0,0,0,0,0,0,0,0,0,0,0,0,0,0,0,0,0,0,0,0,0,0,0,0,0,0,0,0,0,0,0,0,0,0,0,0,0,0,0,0,0,0,0,0,0,0,0,0,0,0,0,0,0,0,0,0,0,0,0,0,0,0,0,0,0,0,0,0,0,0,0,0,0,0,0,0,0,0,0,0,0,0,0,0,0,0,0,0,0,0,0,0,0,0,0,0,0,
0,0,0,0,0,0,0,0,0,0,0,0,0,0,0,0,0,0,0,0,0,0,0,0,0,0,0,0,0,0,0,0,0,0,0,0,0,0,0,0,0,0,0,0,0,0,0,0,0,0,0,0,0,0,0,0,0,0,0,0,0,0,0,0,0,0,0,0,0,0,0,0,0,0,0,0,0,0,0,0,0,0,0,0,0,0,0,0,0,0,0,0,0,0,0,0,0,0,0,0,0,0,0,0,0,0,0,0,0,0,0,0,0,0,0,0,0,0,0,0,0,0,0,0,0,0,0,0,0,0,0,0,0,0,0,0,0,0,0,0,0,0,0,0,0,0,0,0,0,0,0,0,0,0,0,0,0,0,0,0,0,0,0,0,0,0,0,0,0,0,0,0,0,0,0,0,0,0,0,0,0,0,0,0,0,0,0,0,0,0,0,0,0,0,0,0,0,0,0,0,0,0,0,0,0,0,0,0,0,0,0,0,0,0,0,0,0,0,0,0,0,0,0,0,0,0,0,0,0,0,0,0,0,0,0,0,0,0,0,0,0,0,0,0,0,0,0,0,0,0,0,0,0,0,0,0,
0,0,0,0,0,0,0,0,0,0,0,0,0,0,0,0,0,0,0,0,0,0,0,0,0,0,0,0,0,0,0,0,0,0,0,0,0,0,0,0,0,0,0,0,0,0,0,0,0,0,0,0,0,0,0,0,0,0,0,0,0,0,0,0,0,0,0,0,0,0,0,0,0,0,0,0,0,0,0,0,0,0,0,0,0,0,0,0,0,0,0,0,0,0,0,0,0,0,0,0,0,0,0,0,0,0,0,0,0,0,0,0,0,0,0,0,0,0,0,0,0,0,0,0,0,0,0,0,0,0,0,0,0,0,0,0,0,0,0,0,0,0,0,0,0,0,0,0,0,0,0,0,0,0,0,0,0,0,0,0,0,0,0,0,0,0,0,0,0,0,0,0,0,0,0,0,0,0,0,0,0,0,0,0,0,0,0,0,0,0,0,0,0,0,0,0,0,0,0,0,0,0,0,0,0,0,0,0,0,0,0,0,0,0,0,0,0,0,0,0,0,0,0,0,0,0,0,0,0,0,0,0,0,0,0,0,0,0,0,0,0,0,0,0,0,0,0,0,0,0,0,0,0,0,0,0,
0,0,0,0,0,0,0,0,0,0,0,0,0,0,0,0,0,0,0,0,0,0,0,0,0,0,0,0,0,0,0,0,0,0,0,0,0,0,0,0,0,0,0,0,0,0,0,0,0,0,0,0,0,0,0,0,0,0,0,0,0,0,0,0,0,0,0,0,0,0,0,0,0,0,0,0,0,0,0,0,0,0,0,0,0,0,0,0,0,0,0,0,0,0,0,0,0,0,0,0,0,0,0,0,0,0,0,0,0,0,0,0,0,0,0,0,0,0,0,0,0,0,0,0,0,0,0,0,0,0,0,0,0,0,0,0,0,0,0,0,0,0,0,0,0,0,0,0,0,0,0,0,0,0,0,0,0,0,0,0,0,0,0,0,0,0,0,0,0,0,0,0,0,0,0,0,0,0,0,0,0,0,0,0,0,0,0,0,0,0,0,0,0,0,0,0,0,0,0,0,0,0,0,0,0,0,0,0,0,0,0,0,0,0,0,0,0,0,0,0,0,0,0,0,0,0,0,0,0,0,0,0,0,0,0,0,0,0,0,0,0,0,0,0,0,0,0,0,0,0,0,0,0,0,0,0,
0,0,0,0,0,0,0,0,0,0,0,0,0,0,0,0,0,0,0,0,0,0,0,0,0,0,0,0,0,0,0,0,0,0,0,0,0,0,0,0,0,0,0,0,0,0,0,0,0,0,0,0,0,0,0,0,0,0,0,0,0,0,0,0,0,0,0,0,0,0,0,0,0,0,0,0,0,0,0,0,0,0,0,0,0,0,0,0,0,0,0,0,0,0,0,0,0,0,0,0,0,0,0,0,0,0,0,0,0,0,0,0,0,0,0,0,0,0,0,0,0,0,0,0,0,0,0,0,0,0,0,0,0,0,0,0,0,0,0,0,0,0,0,0,0,0,0,0,0,0,0,0,0,0,0,0,0,0,0,0,0,0,0,0,0,0,0,0,0,0,0,0,0,0,0,0,0,0,0,0,0,0,0,0,0,0,0,0,0,0,0,0,0,0,0,0,0,0,0,0,0,0,0,0,0,0,0,0,0,0,0,0,0,0,0,0,0,0,0,0,0,0,0,0,0,0,0,0,0,0,0,0,0,0,0,0,0,0,0,0,0,0,0,0,0,0,0,0,0,0,0,0,0,0,0,0,
0,0,0,0,0,0,0,0,0,0,0,0,0,0,0,0,0,0,0,0,0,0,0,0,0,0,0,0,0,0,0,0,0,0,0,0,0,0,0,0,0,0,0,0,0,0,0,0,0,0,0,0,0,0,0,0,0,0,0,0,0,0,0,0,0,0,0,0,0,0,0,0,0,0,0,0,0,0,0,0,0,0,0,0,0,0,0,0,0,0,0,0,0,0,0,0,0,0,0,0,0,0,0,0,0,0,0,0,0,0,0,0,0,0,0,0,0,0,0,0,0,0,0,0,0,0,0,0,0,0,0,0,0,0,0,0,0,0,0,0,0,0,0,0,0,0,0,0,0,0,0,0,0,0,0,0,0,0,0,0,0,0,0,0,0,0,0,0,0,0,0,0,0,0,0,0,0,0,0,0,0,0,0,0,0,0,0,0,0,0,0,0,0,0,0,0,0,0,0,0,0,0,0,0,0,0,0,0,0,0,0,0,0,0,0,0,0,0,0,0,0,0,0,0,0,0,0,0,0,0,0,0,0,0,0,0,0,0,0,0,0,0,0,0,0,0,0,0,0,0,0,0,0,0,0,0,
0,0,0,0,0,0,0,0,0,0,0,0,0,0,0,0,0,0,0,0,0,0,0,0,0,0,0,0,0,0,0,0,0,0,0,0,0,0,0,0,0,0,0,0,0,0,0,0,0,0,0,0,0,0,0,0,0,0,0,0,0,0,0,0,0,0,0,0,0,0,0,0,0,0,0,0,0,0,0,0,0,0,0,0,0,0,0,0,0,0,0,0,0,0,0,0,0,0,0,0,0,0,0,0,0,0,0,0,0,0,0,0,0,0,0,0,0,0,0,0,0,0,0,0,0,0,0,0,0,0,0,0,0,0,0,0,0,0,0,0,0,0,0,0,0,0,0,0,0,0,0,0,0,0,0,0,0,0,0,0,0,0,0,0,0,0,0,0,0,0,0,0,0,0,0,0,0,0,0,0,0,0,0,0,0,0,0,0,0,0,0,0,0,0,0,0,0,0,0,0,0,0,0,0,0,0,0,0,0,0,0,0,0,0,0,0,0,0,0,0,0,0,0,0,0,0,0,0,0,0,0,0,0,0,0,0,0,0,0,0,0,0,0,0,0,0,0,0,0,0,0,0,0,0,0,0,
0,0,0,0,0,0,0,0,0,0,0,0,0,0,0,0,0,0,0,0,0,0,0,0,0,0,0,0,0,0,0,0,0,0,0,0,0,0,0,0,0,0,0,0,0,0,0,0,0,0,0,0,0,0,0,0,0,0,0,0,0,0,0,0,0,0,0,0,0,0,0,0,0,0,0,0,0,0,0,0,0,0,0,0,0,0,0,0,0,0,0,0,0,0,0,0,0,0,0,0,0,0,0,0,0,0,0,0,0,0,0,0,0,0,0,0,0,0,0,0,0,0,0,0,0,0,0,0,0,0,0,0,0,0,0,0,0,0,0,0,0,0,0,0,0,0,0,0,0,0,0,0,0,0,0,0,0,0,0,0,0,0,0,0,0,0,0,0,0,0,0,0,0,0,0,0,0,0,0,0,0,0,0,0,0,0,0,0,0,0,0,0,0,0,0,0,0,0,0,0,0,0,0,0,0,0,0,0,0,0,0,0,0,0,0,0,0,0,0,0,0,0,0,0,0,0,0,0,0,0,0,0,0,0,0,0,0,0,0,0,0,0,0,0,0,0,0,0,0,0,0,0,0,0,0,0,
0,0,0,0,0,0,0,0,0,0,0,0,0,0,0,0,0,0,0,0,0,0,0,0,0,0,0,0,0,0,0,0,0,0,0,0,0,0,0,0,0,0,0,0,0,0,0,0,0,0,0,0,0,0,0,0,0,0,0,0,0,0,0,0,0,0,0,0,0,0,0,0,0,0,0,0,0,0,0,0,0,0,0,0,0,0,0,0,0,0,0,0,0,0,0,0,0,0,0,0,0,0,0,0,0,0,0,0,0,0,0,0,0,0,0,0,0,0,0,0,0,0,0,0,0,0,0,0,0,0,0,0,0,0,0,0,0,0,0,0,0,0,0,0,0,0,0,0,0,0,0,0,0,0,0,0,0,0,0,0,0,0,0,0,0,0,0,0,0,0,0,0,0,0,0,0,0,0,0,0,0,0,0,0,0,0,0,0,0,0,0,0,0,0,0,0,0,0,0,0,0,0,0,0,0,0,0,0,0,0,0,0,0,0,0,0,0,0,0,0,0,0,0,0,0,0,0,0,0,0,0,0,0,0,0,0,0,0,0,0,0,0,0,0,0,0,0,0,0,0,0,0,0,0,0,0,
0,0,0,0,0,0,0,0,0,0,0,0,0,0,0,0,0,0,0,0,0,0,0,0,0,0,0,0,0,0,0,0,0,0,0,0,0,0,0,0,0,0,0,0,0,0,0,0,0,0,0,0,0,0,0,0,0,0,0,0,0,0,0,0,0,0,0,0,0,0,0,0,0,0,0,0,0,0,0,0,0,0,0,0,0,0,0,0,0,0,0,0,0,0,0,0,0,0,0,0,0,0,0,0,0,0,0,0,0,0,0,0,0,0,0,0,0,0,0,0,0,0,0,0,0,0,0,0,0,0,0,0,0,0,0,0,0,0,0,0,0,0,0,0,0,0,0,0,0,0,0,0,0,0,0,0,0,0,0,0,0,0,0,0,0,0,0,0,0,0,0,0,0,0,0,0,0,0,0,0,0,0,0,0,0,0,0,0,0,0,0,0,0,0,0,0,0,0,0,0,0,0,0,0,0,0,0,0,0,0,0,0,0,0,0,0,0,0,0,0,0,0,0,0,0,0,0,0,0,0,0,0,0,0,0,0,0,0,0,0,0,0,0,0,0,0,0,0,0,0,0,0,0,0,0,0,
0,0,0,0,0,0,0,0,0,0,0,0,0,0,0,0,0,0,0,0,0,0,0,0,0,0,0,0,0,0,0,0,0,0,0,0,0,0,0,0,0,0,0,0,0,0,0,0,0,0,0,0,0,0,0,0,0,0,0,0,0,0,0,0,0,0,0,0,0,0,0,0,0,0,0,0,0,0,0,0,0,0,0,0,0,0,0,0,0,0,0,0,0,0,0,0,0,0,0,0,0,0,0,0,0,0,0,0,0,0,0,0,0,0,0,0,0,0,0,0,0,0,0,0,0,0,0,0,0,0,0,0,0,0,0,0,0,0,0,0,0,0,0,0,0,0,0,0,0,0,0,0,0,0,0,0,0,0,0,0,0,0,0,0,0,0,0,0,0,0,0,0,0,0,0,0,0,0,0,0,0,0,0,0,0,0,0,0,0,0,0,0,0,0,0,0,0,0,0,0,0,0,0,0,0,0,0,0,0,0,0,0,0,0,0,0,0,0,0,0,0,0,0,0,0,0,0,0,0,0,0,0,0,0,0,0,0,0,0,0,0,0,0,0,0,0,0,0,0,0,0,0,0,0,0,0,
0,0,0,0,0,0,0,0,0,0,0,0,0,0,0,0,0,0,0,0,0,0,0,0,0,0,0,0,0,0,0,0,0,0,0,0,0,0,0,0,0,0,0,0,0,0,0,0,0,0,0,0,0,0,0,0,0,0,0,0,0,0,0,0,0,0,0,0,0,0,0,0,0,0,0,0,0,0,0,0,0,0,0,0,0,0,0,0,0,0,0,0,0,0,0,0,0,0,0,0,0,0,0,0,0,0,0,0,0,0,0,0,0,0,0,0,0,0,0,0,0,0,0,0,0,0,0,0,0,0,0,0,0,0,0,0,0,0,0,0,0,0,0,0,0,0,0,0,0,0,0,0,0,0,0,0,0,0,0,0,0,0,0,0,0,0,0,0,0,0,0,0,0,0,0,0,0,0,0,0,0,0,0,0,0,0,0,0,0,0,0,0,0,0,0,0,0,0,0,0,0,0,0,0,0,0,0,0,0,0,0,0,0,0,0,0,0,0,0,0,0,0,0,0,0,0,0,0,0,0,0,0,0,0,0,0,0,0,0,0,0,0,0,0,0,0,0,0,0,0,0,0,0,0,0,0,
0,0,0,0,0,0,0,0,0,0,0,0,0,0,0,0,0,0,0,0,0,0,0,0,0,0,0,0,0,0,0,0,0,0,0,0,0,0,0,0,0,0,0,0,0,0,0,0,0,0,0,0,0,0,0,0,0,0,0,0,0,0,0,0,0,0,0,0,0,0,0,0,0,0,0,0,0,0,0,0,0,0,0,0,0,0,0,0,0,0,0,0,0,0,0,0,0,0,0,0,0,0,0,0,0,0,0,0,0,0,0,0,0,0,0,0,0,0,0,0,0,0,0,0,0,0,0,0,0,0,0,0,0,0,0,0,0,0,0,0,0,0,0,0,0,0,0,0,0,0,0,0,0,0,0,0,0,0,0,0,0,0,0,0,0,0,0,0,0,0,0,0,0,0,0,0,0,0,0,0,0,0,0,0,0,0,0,0,0,0,0,0,0,0,0,0,0,0,0,0,0,0,0,0,0,0,0,0,0,0,0,0,0,0,0,0,0,0,0,0,0,0,0,0,0,0,0,0,0,0,0,0,0,0,0,0,0,0,0,0,0,0,0,0,0,0,0,0,0,0,0,0,0,0,0,0,
0,0,0,0,0,0,0,0,0,0,0,0,0,0,0,0,0,0,0,0,0,0,0,0,0,0,0,0,0,0,0,0,0,0,0,0,0,0,0,0,0,0,0,0,0,0,0,0,0,0,0,0,0,0,0,0,0,0,0,0,0,0,0,0,0,0,0,0,0,0,0,0,0,0,0,0,0,0,0,0,0,0,0,0,0,0,0,0,0,0,0,0,0,0,0,0,0,0,0,0,0,0,0,0,0,0,0,0,0,0,0,0,0,0,0,0,0,0,0,0,0,0,0,0,0,0,0,0,0,0,0,0,0,0,0,0,0,0,0,0,0,0,0,0,0,0,0,0,0,0,0,0,0,0,0,0,0,0,0,0,0,0,0,0,0,0,0,0,0,0,0,0,0,0,0,0,0,0,0,0,0,0,0,0,0,0,0,0,0,0,0,0,0,0,0,0,0,0,0,0,0,0,0,0,0,0,0,0,0,0,0,0,0,0,0,0,0,0,0,0,0,0,0,0,0,0,0,0,0,0,0,0,0,0,0,0,0,0,0,0,0,0,0,0,0,0,0,0,0,0,0,0,0,0,0,0,
0,0,0,0,0,0,0,0,0,0,0,0,0,0,0,0,0,0,0,0,0,0,0,0,0,0,0,0,0,0,0,0,0,0,0,0,0,0,0,0,0,0,0,0,0,0,0,0,0,0,0,0,0,0,0,0,0,0,0,0,0,0,0,0,0,0,0,0,0,0,0,0,0,0,0,0,0,0,0,0,0,0,0,0,0,0,0,0,0,0,0,0,0,0,0,0,0,0,0,0,0,0,0,0,0,0,0,0,0,0,0,0,0,0,0,0,0,0,0,0,0,0,0,0,0,0,0,0,0,0,0,0,0,0,0,0,0,0,0,0,0,0,0,0,0,0,0,0,0,0,0,0,0,0,0,0,0,0,0,0,0,0,0,0,0,0,0,0,0,0,0,0,0,0,0,0,0,0,0,0,0,0,0,0,0,0,0,0,0,0,0,0,0,0,0,0,0,0,0,0,0,0,0,0,0,0,0,0,0,0,0,0,0,0,0,0,0,0,0,0,0,0,0,0,0,0,0,0,0,0,0,0,0,0,0,0,0,0,0,0,0,0,0,0,0,0,0,0,0,0,0,0,0,0,0,0,
0,0,0,0,0,0,0,0,0,0,0,0,0,0,0,0,0,0,0,0,0,0,0,0,0,0,0,0,0,0,0,0,0,0,0,0,0,0,0,0,0,0,0,0,0,0,0,0,0,0,0,0,0,0,0,0,0,0,0,0,0,0,0,0,0,0,0,0,0,0,0,0,0,0,0,0,0,0,0,0,0,0,0,0,0,0,0,0,0,0,0,0,0,0,0,0,0,0,0,0,0,0,0,0,0,0,0,0,0,0,0,0,0,0,0,0,0,0,0,0,0,0,0,0,0,0,0,0,0,0,0,0,0,0,0,0,0,0,0,0,0,0,0,0,0,0,0,0,0,0,0,0,0,0,0,0,0,0,0,0,0,0,0,0,0,0,0,0,0,0,0,0,0,0,0,0,0,0,0,0,0,0,0,0,0,0,0,0,0,0,0,0,0,0,0,0,0,0,0,0,0,0,0,0,0,0,0,0,0,0,0,0,0,0,0,0,0,0,0,0,0,0,0,0,0,0,0,0,0,0,0,0,0,0,0,0,0,0,0,0,0,0,0,0,0,0,0,0,0,0,0,0,0,0,0,0,
0,0,0,0,0,0,0,0,0,0,0,0,0,0,0,0,0,0,0,0,0,0,0,0,0,0,0,0,0,0,0,0,0,0,0,0,0,0,0,0,0,0,0,0,0,0,0,0,0,0,0,0,0,0,0,0,0,0,0,0,0,0,0,0,0,0,0,0,0,0,0,0,0,0,0,0,0,0,0,0,0,0,0,0,0,0,0,0,0,0,0,0,0,0,0,0,0,0,0,0,0,0,0,0,0,0,0,0,0,0,0,0,0,0,0,0,0,0,0,0,0,0,0,0,0,0,0,0,0,0,0,0,0,0,0,0,0,0,0,0,0,0,0,0,0,0,0,0,0,0,0,0,0,0,0,0,0,0,0,0,0,0,0,0,0,0,0,0,0,0,0,0,0,0,0,0,0,0,0,0,0,0,0,0,0,0,0,0,0,0,0,0,0,0,0,0,0,0,0,0,0,0,0,0,0,0,0,0,0,0,0,0,0,0,0,0,0,0,0,0,0,0,0,0,0,0,0,0,0,0,0,0,0,0,0,0,0,0,0,0,0,0,0,0,0,0,0,0,0,0,0,0,0,0,0,0,
0,0,0,0,0,0,0,0,0,0,0,0,0,0,0,0,0,0,0,0,0,0,0,0,0,0,0,0,0,0,0,0,0,0,0,0,0,0,0,0,0,0,0,0,0,0,0,0,0,0,0,0,0,0,0,0,0,0,0,0,0,0,0,0,0,0,0,0,0,0,0,0,0,0,0,0,0,0,0,0,0,0,0,0,0,0,0,0,0,0,0,0,0,0,0,0,0,0,0,0,0,0,0,0,0,0,0,0,0,0,0,0,0,0,0,0,0,0,0,0,0,0,0,0,0,0,0,0,0,0,0,0,0,0,0,0,0,0,0,0,0,0,0,0,0,0,0,0,0,0,0,0,0,0,0,0,0,0,0,0,0,0,0,0,0,0,0,0,0,0,0,0,0,0,0,0,0,0,0,0,0,0,0,0,0,0,0,0,0,0,0,0,0,0,0,0,0,0,0,0,0,0,0,0,0,0,0,0,0,0,0,0,0,0,0,0,0,0,0,0,0,0,0,0,0,0,0,0,0,0,0,0,0,0,0,0,0,0,0,0,0,0,0,0,0,0,0,0,0,0,0,0,0,0,0,0,
0,0,0,0,0,0,0,0,0,0,0,0,0,0,0,0,0,0,0,0,0,0,0,0,0,0,0,0,0,0,0,0,0,0,0,0,0,0,0,0,0,0,0,0,0,0,0,0,0,0,0,0,0,0,0,0,0,0,0,0,0,0,0,0,0,0,0,0,0,0,0,0,0,0,0,0,0,0,0,0,0,0,0,0,0,0,0,0,0,0,0,0,0,0,0,0,0,0,0,0,0,0,0,0,0,0,0,0,0,0,0,0,0,0,0,0,0,0,0,0,0,0,0,0,0,0,0,0,0,0,0,0,0,0,0,0,0,0,0,0,0,0,0,0,0,0,0,0,0,0,0,0,0,0,0,0,0,0,0,0,0,0,0,0,0,0,0,0,0,0,0,0,0,0,0,0,0,0,0,0,0,0,0,0,0,0,0,0,0,0,0,0,0,0,0,0,0,0,0,0,0,0,0,0,0,0,0,0,0,0,0,0,0,0,0,0,0,0,0,0,0,0,0,0,0,0,0,0,0,0,0,0,0,0,0,0,0,0,0,0,0,0,0,0,0,0,0,0,0,0,0,0,0,0,0,0,
0,0,0,0,0,0,0,0,0,0,0,0,0,0,0,0,0,0,0,0,0,0,0,0,0,0,0,0,0,0,0,0,0,0,0,0,0,0,0,0,0,0,0,0,0,0,0,0,0,0,0,0,0,0,0,0,0,0,0,0,0,0,0,0,0,0,0,0,0,0,0,0,0,0,0,0,0,0,0,0,0,0,0,0,0,0,0,0,0,0,0,0,0,0,0,0,0,0,0,0,0,0,0,0,0,0,0,0,0,0,0,0,0,0,0,0,0,0,0,0,0,0,0,0,0,0,0,0,0,0,0,0,0,0,0,0,0,0,0,0,0,0,0,0,0,0,0,0,0,0,0,0,0,0,0,0,0,0,0,0,0,0,0,0,0,0,0,0,0,0,0,0,0,0,0,0,0,0,0,0,0,0,0,0,0,0,0,0,0,0,0,0,0,0,0,0,0,0,0,0,0,0,0,0,0,0,0,0,0,0,0,0,0,0,0,0,0,0,0,0,0,0,0,0,0,0,0,0,0,0,0,0,0,0,0,0,0,0,0,0,0,0,0,0,0,0,0,0,0,0,0,0,0,0,0,0,
0,0,0,0,0,0,0,0,0,0,0,0,0,0,0,0,0,0,0,0,0,0,0,0,0,0,0,0,0,0,0,0,0,0,0,0,0,0,0,0,0,0,0,0,0,0,0,0,0,0,0,0,0,0,0,0,0,0,0,0,0,0,0,0,0,0,0,0,0,0,0,0,0,0,0,0,0,0,0,0,0,0,0,0,0,0,0,0,0,0,0,0,0,0,0,0,0,0,0,0,0,0,0,0,0,0,0,0,0,0,0,0,0,0,0,0,0,0,0,0,0,0,0,0,0,0,0,0,0,0,0,0,0,0,0,0,0,0,0,0,0,0,0,0,0,0,0,0,0,0,0,0,0,0,0,0,0,0,0,0,0,0,0,0,0,0,0,0,0,0,0,0,0,0,0,0,0,0,0,0,0,0,0,0,0,0,0,0,0,0,0,0,0,0,0,0,0,0,0,0,0,0,0,0,0,0,0,0,0,0,0,0,0,0,0,0,0,0,0,0,0,0,0,0,0,0,0,0,0,0,0,0,0,0,0,0,0,0,0,0,0,0,0,0,0,0,0,0,0,0,0,0,0,0,0,0,
0,0,0,0,0,0,0,0,0,0,0,0,0,0,0,0,0,0,0,0,0,0,0,0,0,0,0,0,0,0,0,0,0,0,0,0,0,0,0,0,0,0,0,0,0,0,0,0,0,0,0,0,0,0,0,0,0,0,0,0,0,0,0,0,0,0,0,0,0,0,0,0,0,0,0,0,0,0,0,0,0,0,0,0,0,0,0,0,0,0,0,0,0,0,0,0,0,0,0,0,0,0,0,0,0,0,0,0,0,0,0,0,0,0,0,0,0,0,0,0,0,0,0,0,0,0,0,0,0,0,0,0,0,0,0,0,0,0,0,0,0,0,0,0,0,0,0,0,0,0,0,0,0,0,0,0,0,0,0,0,0,0,0,0,0,0,0,0,0,0,0,0,0,0,0,0,0,0,0,0,0,0,0,0,0,0,0,0,0,0,0,0,0,0,0,0,0,0,0,0,0,0,0,0,0,0,0,0,0,0,0,0,0,0,0,0,0,0,0,0,0,0,0,0,0,0,0,0,0,0,0,0,0,0,0,0,0,0,0,0,0,0,0,0,0,0,0,0,0,0,0,0,0,0,0,0,
0,0,0,0,0,0,0,0,0,0,0,0,0,0,0,0,0,0,0,0,0,0,0,0,0,0,15,0,0,0,0,0,0,0,0,0,0,0,0,0,0,0,0,0,0,0,0,0,0,0,0,0,0,0,0,0,0,0,0,0,0,0,0,0,0,0,0,0,0,0,0,0,0,0,0,0,0,0,0,0,0,0,0,0,0,0,0,0,0,0,0,0,0,0,0,0,0,0,0,0,0,0,0,0,0,0,0,0,0,0,0,0,0,0,0,0,0,0,0,0,0,0,0,0,0,0,0,0,0,0,0,0,0,0,0,0,0,0,0,0,0,0,0,0,0,0,0,0,0,0,0,0,0,0,0,0,0,0,0,0,0,0,0,0,0,0,0,0,0,0,0,0,0,0,0,0,0,0,0,0,0,0,0,0,0,0,0,0,0,0,0,0,0,0,0,0,0,0,0,0,0,0,0,0,0,0,0,0,0,0,0,0,0,0,0,0,0,0,0,0,0,0,0,0,0,0,0,0,0,0,0,0,0,0,0,0,0,0,0,0,0,0,0,0,0,0,0,0,0,0,0,0,0,0,0,0,
0,0,0,0,0,0,0,0,0,0,0,0,0,0,0,0,0,0,0,0,0,0,0,0,0,0,0,0,0,0,0,0,0,0,0,0,0,0,0,0,0,0,0,0,0,0,0,0,0,0,0,0,0,0,0,0,0,0,0,0,0,0,0,0,0,0,0,0,0,0,0,0,0,0,0,0,0,0,0,0,0,0,0,0,0,0,0,0,0,0,0,0,0,0,0,0,0,0,0,0,0,0,0,0,0,0,0,0,0,0,0,0,0,0,0,0,0,0,0,0,0,0,0,0,0,0,0,0,0,0,0,0,0,0,0,0,0,0,0,0,0,0,0,0,0,0,0,0,0,0,0,0,0,0,0,0,0,0,0,0,0,0,0,0,0,0,0,0,0,0,0,0,0,0,0,0,0,0,0,0,0,0,0,0,0,0,0,0,0,0,0,0,0,0,0,0,0,0,12,0,0,0,0,0,0,0,0,0,0,0,0,0,0,0,0,0,0,0,0,0,0,0,0,0,0,0,0,0,0,0,0,0,0,0,0,0,0,0,0,0,0,0,0,0,0,0,0,0,0,0,0,0,0,0,0,0,
0,0,0,0,0,0,0,0,0,0,0,0,0,0,0,0,0,0,0,0,0,0,0,0,0,0,0,0,0,0,0,0,0,0,0,0,0,0,0,0,0,0,0,0,0,0,0,0,0,0,0,0,0,0,0,0,0,0,0,0,0,0,0,0,0,0,0,0,0,0,0,0,0,0,0,0,0,0,0,0,0,0,0,0,0,0,0,0,0,0,0,0,0,0,0,0,0,0,0,0,0,0,0,0,0,0,0,0,0,0,0,0,0,0,0,0,0,0,0,0,0,0,0,0,0,0,0,0,0,0,0,0,0,0,0,0,0,0,0,0,0,0,0,0,0,0,0,0,0,0,0,0,0,0,0,0,0,0,0,0,0,0,0,0,0,0,0,0,0,0,0,0,0,0,0,0,0,0,0,0,0,0,0,0,0,0,0,0,0,0,0,0,0,0,0,0,0,0,0,15,15,0,0,0,0,0,0,0,0,0,0,0,0,0,0,0,0,0,0,0,0,0,0,0,0,0,0,0,0,0,0,0,0,0,0,0,0,0,0,0,0,0,0,0,0,0,0,0,0,0,0,0,0,0,0,0,
0,0,0,0,0,0,0,0,0,0,0,0,0,0,0,0,0,0,0,0,0,0,0,0,0,0,11,0,0,0,0,0,0,0,0,0,0,0,0,0,0,0,0,0,0,0,0,0,0,0,0,0,0,0,0,0,0,0,0,0,0,0,0,0,0,0,0,0,0,0,0,0,0,0,0,0,0,0,0,0,0,0,0,0,0,0,0,0,0,0,0,0,0,0,0,0,0,0,0,0,0,0,0,0,0,0,0,0,0,0,0,0,0,0,0,0,0,0,0,0,0,0,0,0,0,0,0,0,0,0,0,0,0,0,0,0,0,0,0,0,0,0,0,0,0,0,0,0,0,0,0,0,0,0,0,0,0,0,0,0,0,0,0,0,0,0,0,0,0,0,0,0,0,0,0,0,0,0,0,0,0,0,0,0,0,0,0,0,0,0,0,0,0,0,0,0,0,0,16,16,0,0,0,0,0,0,0,0,0,0,0,0,0,0,0,0,0,0,0,0,21,0,0,0,0,0,0,0,0,0,0,0,0,0,0,0,0,0,0,0,0,0,0,0,0,0,0,0,0,0,0,0,0,0,0,0,
0,0,0,0,0,0,0,0,0,0,0,0,0,0,0,0,0,0,0,0,0,0,0,0,0,0,13,0,0,0,0,0,0,0,0,0,0,0,0,0,0,0,0,0,0,0,0,0,0,0,0,0,0,0,0,0,0,0,0,0,0,0,0,0,0,0,0,0,0,0,0,0,0,0,0,0,0,0,0,0,0,0,0,0,0,0,0,0,0,0,0,0,0,0,0,0,0,0,0,0,0,0,0,0,0,0,0,0,0,0,0,0,0,0,0,0,0,0,0,0,0,0,0,0,0,0,0,0,0,0,0,0,0,0,0,0,0,0,0,0,0,0,0,0,0,0,0,0,0,0,0,0,0,0,0,0,0,0,0,0,0,14,15,0,0,0,0,0,0,0,0,0,0,0,0,0,0,0,0,0,0,0,0,0,0,0,0,0,0,0,0,0,0,0,15,0,15,0,0,16,16,17,0,0,0,0,0,0,0,0,0,0,0,0,0,0,0,0,0,0,0,24,0,0,0,0,0,0,0,0,0,25,0,0,0,0,0,0,0,0,0,0,0,0,0,0,0,0,0,0,0,0,0,0,0,0,
0,0,0,0,0,0,0,0,0,0,0,0,0,0,0,0,0,0,0,0,0,0,0,0,0,14,0,0,13,0,0,0,0,0,0,0,0,0,0,0,0,0,0,0,0,0,0,0,0,0,0,0,0,0,0,0,0,0,0,0,0,0,0,0,0,0,0,0,0,0,0,0,0,0,0,0,0,0,0,0,0,0,0,0,0,0,0,0,0,0,0,0,0,0,0,0,0,0,21,0,0,0,0,0,0,15,0,0,0,0,0,0,0,0,0,0,0,0,0,0,0,0,0,0,0,0,0,0,0,0,0,0,0,0,0,0,0,0,0,0,0,0,0,0,0,0,0,0,0,0,0,0,0,0,0,0,0,0,0,0,0,0,0,0,0,0,0,0,0,0,0,0,0,0,0,0,0,0,0,0,0,0,0,0,0,0,0,0,0,0,0,0,0,14,14,0,0,16,0,11,0,0,0,0,0,0,0,0,0,0,0,0,0,0,0,0,0,0,0,0,22,0,23,0,20,0,0,0,0,0,0,0,25,0,0,0,0,0,29,28,0,0,0,0,0,0,0,0,0,0,0,0,0,0,0,0,
0,0,0,0,0,0,0,0,0,0,0,0,0,0,0,0,0,0,0,0,0,0,0,0,0,16,0,0,0,0,0,0,0,0,0,0,0,0,0,16,0,0,0,0,0,0,0,0,0,0,0,24,0,23,0,0,0,0,0,0,0,0,0,0,0,0,0,0,0,0,0,0,0,0,0,0,0,0,0,0,26,0,0,0,0,0,0,0,0,0,0,0,0,0,0,0,0,0,0,0,0,0,0,0,0,0,23,0,0,0,0,0,0,0,0,0,0,0,0,0,0,0,0,0,0,0,0,0,0,0,0,0,0,0,0,0,0,0,0,0,0,0,0,0,0,0,0,0,0,0,0,0,0,0,0,0,0,0,0,0,16,0,0,0,18,0,0,0,0,0,0,0,0,0,0,0,0,0,0,0,0,0,0,0,0,0,0,0,0,0,0,0,0,0,0,15,0,0,12,13,0,0,0,0,0,0,0,0,0,0,0,0,0,0,0,0,0,0,0,0,0,0,22,0,23,0,0,0,0,0,0,0,0,27,26,0,0,0,0,0,29,0,0,0,0,0,0,0,0,0,0,0,0,0,0,0,
0,0,0,0,0,0,0,0,0,0,0,0,0,0,0,0,0,0,0,0,0,0,0,0,0,0,0,0,0,0,0,0,0,0,0,0,0,0,0,17,0,0,0,0,0,0,0,0,0,0,0,26,0,0,0,0,0,0,29,0,29,26,0,0,0,0,13,0,0,0,0,0,0,0,0,0,0,0,0,0,0,0,0,0,0,0,0,0,0,0,0,0,0,0,0,0,0,0,0,0,0,0,0,0,0,0,0,18,16,0,0,0,0,0,0,0,0,0,0,0,0,0,0,0,0,0,0,0,0,0,0,0,0,0,0,0,0,0,0,0,0,0,0,0,0,0,0,0,0,0,0,0,0,0,0,0,0,0,0,0,0,0,0,19,19,0,0,0,0,0,0,0,0,0,0,0,0,0,0,19,0,0,0,0,0,0,0,19,0,0,0,22,0,0,0,0,0,14,14,0,0,13,0,0,0,0,0,0,0,0,0,0,0,0,0,0,0,0,0,0,0,0,0,0,0,23,0,0,0,0,0,0,0,0,0,0,0,0,0,0,28,0,0,0,0,0,0,0,0,0,0,0,0,0,0,0,
0,0,20,0,0,0,27,0,0,0,0,0,0,0,0,0,0,0,0,0,0,0,0,0,0,0,0,0,0,0,0,0,0,0,0,19,0,0,0,20,0,0,0,0,0,0,0,0,0,0,27,26,23,25,0,0,0,0,0,27,29,26,26,0,14,0,14,0,0,0,0,0,0,0,17,0,0,0,0,0,0,30,0,0,0,0,0,0,0,0,0,0,0,0,0,0,0,0,21,0,0,0,0,23,0,0,0,18,0,0,0,0,0,0,0,0,0,0,0,0,0,0,0,0,18,21,0,0,0,0,0,0,0,0,0,0,0,0,0,0,0,0,0,0,0,0,0,0,0,0,0,0,0,0,0,0,0,0,0,0,0,0,0,0,20,0,0,0,0,0,0,0,0,0,0,0,0,0,18,18,21,21,0,0,0,0,0,20,0,0,17,19,23,22,0,19,0,17,19,0,13,0,14,19,0,0,0,0,0,0,0,0,0,0,0,0,21,0,0,0,0,0,0,0,0,0,0,0,0,0,0,25,0,28,0,0,0,26,0,0,0,0,0,0,0,0,0,0,0,0,0,0,0,0,0,0,
0,19,0,0,0,27,0,0,0,0,24,0,0,0,0,0,0,0,0,0,0,0,0,0,0,0,0,0,18,0,0,0,35,0,0,19,0,27,0,0,0,0,0,0,0,0,0,0,0,0,0,23,24,25,25,0,0,0,0,0,20,24,0,0,0,0,0,0,20,0,0,0,0,0,0,0,0,0,0,0,31,0,31,0,0,0,0,0,0,0,0,0,0,0,0,0,0,0,0,0,0,0,0,0,0,0,0,0,0,19,0,0,0,0,0,0,0,0,18,0,18,21,0,0,21,0,23,0,0,0,0,0,0,0,0,0,0,0,0,0,0,0,0,0,0,0,0,0,0,0,0,0,0,0,0,0,0,0,0,0,0,0,0,19,0,0,0,0,0,0,0,0,0,0,0,21,0,0,0,19,21,21,0,22,0,0,0,0,21,18,0,19,0,23,0,0,0,18,21,12,21,14,0,19,19,16,0,0,27,0,0,0,0,19,0,19,0,18,0,20,0,0,0,0,0,0,0,0,0,0,0,0,0,28,29,29,0,27,0,0,0,0,0,0,0,0,0,0,0,0,0,0,0,0,0,0,
0,0,22,0,17,28,28,27,0,0,0,24,0,0,16,0,0,0,0,0,0,0,0,0,0,21,0,21,0,0,0,21,0,0,0,0,0,0,0,29,27,0,0,0,0,0,0,0,0,24,0,23,25,25,20,27,0,0,0,0,26,25,0,0,0,0,0,0,0,0,0,19,0,0,19,0,0,0,25,0,31,0,29,30,0,26,0,0,0,0,0,0,0,0,0,0,0,0,0,23,18,0,0,0,0,24,0,0,0,19,18,0,0,0,0,0,17,19,0,20,17,0,32,0,35,21,20,22,0,0,0,0,0,0,0,0,0,0,0,0,0,0,0,26,0,0,0,0,0,0,0,0,0,0,0,0,21,0,0,0,0,0,0,20,19,0,0,0,24,0,0,0,0,24,0,0,28,22,24,19,0,0,22,24,21,0,0,20,20,18,21,20,21,19,21,0,0,23,19,22,22,0,20,17,20,29,0,0,24,0,0,0,23,0,19,21,0,34,19,0,0,0,0,18,0,19,19,19,0,0,0,0,0,0,0,29,0,0,0,0,0,0,0,0,0,0,0,0,0,0,0,0,0,0,0,0,
0,0,17,19,18,24,28,21,0,0,25,0,0,19,0,0,0,0,0,0,0,0,0,0,0,0,21,24,0,21,0,33,20,0,0,0,31,0,0,32,28,30,0,0,0,0,0,0,0,0,29,28,30,24,26,20,0,0,0,0,25,26,0,0,0,0,0,0,0,0,0,0,20,20,19,19,24,28,0,22,32,0,24,30,26,0,0,20,0,0,0,0,0,0,0,0,0,0,25,0,22,0,0,0,25,0,23,0,0,19,19,0,0,0,0,0,0,22,20,20,24,18,33,33,0,0,21,21,0,0,0,0,0,0,24,0,0,0,0,0,20,0,0,0,26,0,0,22,31,0,0,25,0,0,0,0,0,21,0,0,0,0,0,21,27,20,27,0,22,25,0,0,25,24,24,0,22,22,23,24,0,15,23,24,0,24,23,23,21,21,19,19,20,25,21,0,21,22,23,23,23,21,19,19,27,25,0,0,25,25,0,24,20,20,20,23,22,21,25,18,0,0,23,19,19,21,23,19,24,0,0,0,0,0,0,0,30,0,0,0,0,0,0,0,0,0,0,0,0,0,0,0,0,0,0,0,
0,25,0,17,16,23,21,29,22,15,0,26,18,16,0,0,0,24,0,0,24,0,0,26,27,0,0,25,22,22,21,33,0,24,21,0,32,0,0,28,28,30,31,21,0,0,0,23,34,0,29,28,31,22,26,30,0,27,21,28,28,27,25,0,0,0,0,0,0,0,0,0,0,24,25,0,25,0,30,22,24,33,32,26,27,28,22,22,21,0,0,0,0,0,0,0,0,0,0,26,24,22,0,0,0,0,0,0,21,0,0,0,0,0,0,0,0,0,19,30,25,24,23,34,34,0,34,0,0,0,0,0,0,0,24,25,20,0,15,24,0,20,0,35,0,20,0,0,0,24,24,25,22,24,0,0,18,22,22,21,28,0,22,0,23,22,0,0,28,26,24,0,0,0,26,0,21,23,22,23,24,23,25,23,0,23,25,24,23,22,20,21,20,24,21,23,22,22,21,25,23,0,22,30,0,27,26,0,25,24,25,22,22,0,21,0,20,20,20,29,33,33,0,34,19,22,24,26,25,29,30,0,0,0,0,31,31,21,0,0,0,22,0,0,0,0,0,0,0,0,0,0,0,0,0,0,
0,28,0,0,24,27,23,22,16,16,17,18,19,13,17,13,0,0,24,22,25,24,24,0,27,0,26,26,25,19,28,33,33,25,22,20,33,33,33,33,28,27,31,23,0,24,29,0,30,34,33,29,30,28,23,22,26,22,24,30,25,29,26,0,28,27,0,20,0,0,23,0,25,24,23,21,22,24,23,21,24,24,24,27,21,26,0,0,14,22,0,0,0,0,0,0,22,17,0,25,24,23,24,26,0,24,0,21,21,0,25,0,0,0,0,0,20,0,21,30,30,29,0,23,22,0,23,0,0,0,0,21,0,0,24,0,21,17,16,21,0,0,22,22,22,20,20,0,0,25,24,24,30,21,14,0,19,23,28,20,0,25,23,0,0,22,0,29,25,27,24,0,0,0,26,26,22,23,23,15,24,24,27,22,0,0,25,26,27,24,25,22,21,22,26,21,24,23,24,26,24,27,29,30,0,23,0,26,27,25,26,23,20,22,0,0,22,21,23,23,30,35,22,30,20,36,0,25,27,28,30,0,0,0,26,27,30,21,25,0,0,23,0,0,25,25,0,27,0,0,0,0,0,0,0,0,
20,0,22,0,23,23,28,27,22,17,16,16,18,19,14,15,15,26,27,32,23,26,24,27,0,0,25,26,28,19,18,28,34,29,24,30,21,33,27,33,26,31,34,27,27,30,30,0,23,25,31,29,29,30,29,27,27,31,27,28,25,25,23,20,0,20,28,0,0,21,0,22,25,24,25,22,30,24,24,26,25,25,26,25,27,25,27,19,15,23,0,24,0,24,0,0,0,23,23,25,0,27,27,27,25,25,25,0,29,21,29,0,24,0,0,0,0,0,25,24,27,23,31,0,24,33,24,0,33,0,24,24,23,26,0,24,0,23,17,16,23,23,21,22,22,25,25,0,25,29,25,25,23,22,15,27,16,27,28,22,22,0,23,24,23,28,0,26,21,24,21,23,26,0,23,23,16,24,16,17,23,24,23,27,21,25,0,28,28,22,21,24,20,23,26,21,26,29,25,20,26,26,25,30,25,26,24,26,27,27,26,23,26,23,0,22,20,0,22,24,32,31,35,31,37,33,26,24,24,29,27,28,0,0,27,27,31,23,31,27,0,25,23,25,25,0,0,29,0,0,0,0,0,0,0,0,
22,0,21,25,24,28,23,26,27,0,27,19,18,19,15,30,16,29,27,27,27,26,26,29,29,25,23,22,26,29,30,27,28,27,28,26,31,30,29,28,27,27,27,31,29,30,26,39,23,27,31,30,25,30,28,27,27,31,27,25,26,26,26,21,30,22,28,0,0,0,21,20,24,27,25,29,25,25,33,26,32,26,28,26,31,26,27,23,20,25,0,24,22,25,33,30,24,0,0,25,26,27,26,18,26,25,21,25,30,22,29,30,0,26,21,0,0,20,25,0,22,25,26,25,32,31,33,35,0,0,0,24,23,0,23,26,0,22,27,17,28,22,23,22,23,28,28,26,25,23,30,28,23,23,27,27,17,28,27,28,0,21,0,24,23,24,19,29,28,21,20,21,21,23,0,26,24,30,18,15,18,22,22,24,23,25,0,24,28,26,21,21,22,20,28,25,27,28,26,20,21,23,25,26,29,31,25,34,0,25,26,26,24,24,25,22,22,29,26,26,26,33,33,23,37,36,0,30,25,24,26,28,26,0,0,28,32,29,24,23,25,24,27,26,0,25,26,0,0,0,0,0,0,0,0,0,
22,23,22,28,23,23,24,25,25,0,29,0,25,0,19,16,28,26,27,26,27,27,27,26,30,24,25,25,26,26,30,27,29,30,29,32,26,23,30,28,27,28,29,32,28,31,26,28,37,27,32,25,30,29,30,24,26,22,29,26,29,27,26,27,26,25,22,21,0,0,22,21,24,28,24,30,27,26,27,31,31,32,29,32,32,32,23,20,19,27,25,25,25,36,31,36,0,26,0,26,0,18,27,25,19,28,23,30,22,23,30,28,26,24,22,0,22,21,0,26,0,28,24,29,0,32,24,36,25,25,0,0,25,28,24,28,24,23,22,24,27,29,33,26,27,27,28,27,26,23,23,30,27,26,28,29,29,21,29,22,27,0,0,23,24,23,25,29,29,25,23,22,28,25,24,24,18,18,18,18,16,27,24,24,25,22,24,24,28,24,22,22,21,22,28,28,24,30,22,21,25,25,25,27,26,26,30,35,25,32,23,27,28,18,18,24,21,29,23,30,24,26,29,24,24,22,36,30,30,25,26,27,28,0,0,30,28,28,30,25,24,27,25,27,24,0,0,0,0,0,0,31,0,0,0,0,
22,28,23,25,23,25,29,34,29,0,24,0,0,0,0,27,31,31,27,28,30,26,27,24,25,25,26,26,24,24,27,30,29,29,28,27,35,28,24,26,29,26,28,29,27,29,27,27,27,31,40,32,25,32,26,29,25,27,25,29,27,28,25,28,26,22,21,23,25,24,24,27,34,28,25,29,25,27,24,32,28,28,28,26,28,33,22,29,27,27,28,25,26,30,32,31,35,25,27,0,18,18,28,0,32,0,27,31,32,24,29,29,30,33,24,0,0,0,28,27,0,28,28,24,28,35,26,25,25,26,0,28,0,32,27,30,28,25,25,33,26,29,25,26,27,29,28,20,28,28,25,33,29,25,30,22,29,24,29,29,26,30,22,25,23,23,25,21,19,21,25,24,21,20,25,25,24,18,27,29,17,27,24,24,25,29,30,24,29,34,34,33,32,28,28,24,27,28,31,21,22,22,26,26,25,31,23,28,22,25,25,24,28,26,20,29,30,23,30,31,28,27,23,26,25,32,37,32,32,27,26,27,27,30,0,27,32,29,27,25,25,26,26,26,32,33,0,0,31,32,0,0,0,0,0,0,
21,29,29,28,28,28,25,27,21,29,0,26,27,22,25,22,28,23,31,29,25,27,27,28,30,30,30,26,29,24,24,23,30,24,25,28,28,24,25,27,32,28,26,29,27,27,27,28,25,38,33,33,28,25,26,29,25,29,27,26,28,28,26,36,23,22,26,21,29,25,25,35,35,26,26,27,26,24,24,25,30,24,29,28,34,27,28,24,22,28,25,27,25,30,31,32,27,37,26,24,20,21,19,31,32,0,34,28,33,25,27,30,24,34,26,34,34,22,0,23,29,0,28,29,29,0,26,28,30,0,0,29,29,28,33,28,28,25,25,29,26,28,27,26,29,27,30,24,22,26,26,26,31,29,29,24,23,24,26,30,25,27,23,24,33,32,23,25,20,26,27,22,22,21,20,29,26,21,28,30,32,28,23,22,26,30,31,22,26,34,35,32,33,31,30,28,26,28,20,31,23,34,24,26,26,30,24,23,23,25,23,26,27,30,23,32,20,32,26,30,27,25,31,24,27,27,33,32,33,30,27,26,31,30,27,27,29,22,30,27,24,25,26,26,29,33,33,0,29,32,28,0,0,0,0,0,
22,28,29,29,22,26,29,29,29,31,27,27,28,27,25,20,31,24,19,19,33,32,23,28,28,32,32,31,32,28,24,24,31,30,25,25,26,27,25,33,33,30,32,30,27,29,25,27,26,39,30,33,30,29,26,30,31,35,30,30,30,26,28,37,27,32,22,29,29,25,25,29,26,32,30,26,27,25,30,25,30,28,30,29,27,27,24,23,24,22,26,27,28,24,33,33,27,37,22,26,27,24,22,30,21,22,34,28,33,33,28,24,32,25,34,27,27,25,25,23,25,28,28,27,28,30,29,31,31,29,30,0,31,28,27,28,26,26,31,30,31,32,30,28,27,27,28,26,22,22,28,28,31,32,32,22,24,25,24,29,27,28,27,34,25,32,33,26,22,29,27,27,22,23,25,23,21,26,27,29,33,33,30,33,23,29,30,23,29,32,28,31,32,31,31,29,28,27,21,22,33,23,23,24,29,29,30,23,25,24,25,24,28,29,31,32,21,22,28,26,32,30,26,28,28,29,23,33,33,27,28,27,27,29,29,27,29,29,25,28,29,26,25,23,27,31,29,34,30,30,34,29,0,0,0,0,
23,29,29,22,22,22,20,30,21,20,30,30,28,27,29,24,0,28,29,27,30,26,32,27,28,31,32,27,30,29,29,28,27,31,31,26,27,26,28,31,32,33,32,26,29,29,25,27,27,26,31,30,27,30,32,33,29,35,35,29,30,27,27,29,29,33,27,30,26,26,26,25,30,27,27,32,31,29,26,30,23,30,33,30,25,28,25,28,27,24,23,28,28,27,27,34,30,29,30,28,24,25,26,31,23,22,35,33,33,33,26,30,33,26,27,27,27,28,29,26,26,28,26,28,28,32,26,30,33,29,29,31,28,30,27,29,29,27,27,28,31,32,31,30,28,29,28,27,26,26,30,28,30,31,32,29,23,24,28,30,27,27,29,33,34,36,33,29,22,28,29,28,21,25,26,30,22,29,28,33,27,31,30,33,28,35,33,30,29,31,28,33,31,32,32,31,29,28,21,22,24,25,26,24,31,29,31,24,25,23,26,28,27,28,33,33,29,22,28,31,33,31,26,29,32,29,24,28,34,28,29,32,32,30,34,28,26,27,24,27,25,23,25,30,30,29,30,30,30,29,34,30,29,30,0,0,
24,32,25,30,29,26,21,20,22,21,31,30,26,28,24,26,30,29,29,32,27,27,33,26,25,30,29,28,29,29,29,27,31,28,30,27,23,30,27,25,28,32,21,33,26,27,26,28,27,36,34,31,36,31,34,35,34,30,30,30,30,33,30,34,28,28,28,30,29,30,26,29,28,31,29,28,28,28,27,29,24,31,30,32,34,32,29,29,23,25,25,26,27,28,24,34,27,30,28,28,25,25,28,27,27,32,35,32,34,26,27,27,30,30,27,28,28,25,27,27,27,26,33,31,29,27,27,27,27,26,30,32,28,29,29,31,30,31,28,31,30,34,33,31,32,29,29,28,32,29,30,31,28,30,28,29,30,28,29,31,27,28,27,33,30,29,31,27,31,23,29,28,28,30,26,31,29,23,29,35,35,27,35,34,36,31,30,31,30,31,29,36,37,32,26,31,32,32,28,22,27,31,27,27,27,30,29,30,25,28,26,27,28,29,29,25,34,32,33,31,29,30,30,28,30,32,31,27,27,30,29,30,30,32,30,30,26,27,32,30,27,32,33,25,29,31,29,30,31,32,30,30,31,33,29,0,
28,33,24,30,30,34,23,32,22,34,31,32,31,32,28,29,26,32,31,31,27,32,30,26,26,28,28,29,33,34,36,26,28,29,30,29,32,33,28,24,31,28,26,29,31,28,28,30,34,36,35,30,36,35,32,31,36,32,32,30,31,32,33,32,29,30,29,28,31,31,31,29,28,31,31,28,28,31,37,28,32,32,26,34,35,35,35,25,25,26,24,32,28,27,28,25,27,28,27,28,28,31,27,25,24,24,28,30,29,27,25,28,28,31,31,36,27,28,26,27,26,28,35,34,33,32,29,29,28,27,31,28,30,30,28,30,34,30,28,33,33,30,29,34,32,33,30,29,34,35,29,30,29,32,31,33,30,27,26,30,34,26,29,28,30,30,33,37,31,31,29,28,28,29,31,32,30,31,30,35,37,35,33,36,31,34,30,31,31,28,32,24,38,36,34,33,32,28,28,27,28,27,29,28,28,30,30,29,31,28,29,27,25,32,28,30,31,31,34,33,30,30,29,31,29,31,28,26,28,29,24,34,31,28,32,39,31,32,34,31,33,32,35,26,31,31,32,28,30,32,31,32,36,32,34,30,
25,28,29,32,25,29,25,29,34,34,32,34,33,31,29,26,27,28,34,32,29,30,31,27,28,29,28,33,34,34,37,37,37,27,34,32,27,32,30,24,24,26,33,30,27,28,29,36,35,35,35,30,30,30,31,38,28,32,33,37,33,34,34,32,29,31,30,32,28,31,31,30,30,30,29,30,29,30,30,37,33,29,33,29,36,35,29,30,26,26,29,28,34,27,28,32,28,27,32,33,30,28,34,26,26,24,28,35,29,28,31,27,28,30,31,30,27,27,27,26,28,29,29,32,33,33,26,31,31,27,28,28,28,37,29,33,32,35,32,32,33,34,30,35,31,34,35,31,34,25,30,30,29,29,34,35,30,27,32,32,34,34,32,37,35,33,33,31,30,32,30,34,28,27,28,31,31,31,31,30,36,37,33,34,34,32,34,32,32,31,28,29,24,29,30,34,28,40,28,27,27,28,29,29,22,29,26,30,24,30,30,28,25,27,27,31,28,28,33,31,30,30,30,31,30,34,30,31,34,33,34,26,34,27,30,32,31,29,31,34,34,32,29,28,27,32,29,29,30,35,37,31,33,33,33,34,
27,28,26,33,33,30,32,32,29,34,32,36,34,31,32,31,28,37,34,30,39,31,31,28,31,31,31,34,29,33,34,28,39,26,31,31,28,32,27,30,29,33,31,30,29,25,29,30,33,35,31,33,30,32,31,32,26,32,36,37,37,28,28,32,30,33,32,28,31,29,28,30,31,26,28,29,32,25,31,39,38,36,27,29,36,27,29,29,30,31,27,28,30,28,31,35,34,30,39,37,30,30,29,32,27,26,28,29,32,28,30,31,32,33,32,32,37,29,26,28,28,28,30,28,33,34,32,34,27,31,29,30,29,36,37,37,32,37,31,30,33,34,31,31,32,32,36,35,34,34,32,30,31,35,30,35,35,29,30,28,34,35,34,32,36,37,31,34,31,33,31,32,29,26,25,29,31,28,32,30,32,30,34,36,39,36,34,34,33,30,29,32,30,30,30,31,28,40,30,30,30,28,29,23,22,31,30,27,33,29,26,27,26,26,31,29,33,33,29,30,31,32,37,31,32,35,30,32,34,34,34,37,27,27,32,27,28,30,32,32,32,31,29,28,27,29,27,27,30,38,35,32,37,32,32,32,
27,27,26,26,36,36,34,32,31,31,33,36,37,35,35,31,33,29,31,31,32,32,33,32,32,27,28,36,34,33,29,29,29,37,33,32,33,38,28,30,30,30,35,32,28,33,34,30,33,35,35,34,34,37,39,34,32,25,31,31,37,32,29,30,33,35,32,29,30,30,27,26,28,27,29,30,30,27,33,39,39,36,36,38,38,34,28,33,34,31,29,27,29,31,29,32,33,30,38,38,28,29,30,29,34,26,30,31,33,29,30,27,32,33,34,32,37,34,30,29,29,29,31,29,28,33,34,35,33,31,32,32,32,40,37,38,34,37,38,30,31,30,32,33,32,32,40,34,34,32,33,33,32,28,28,36,35,29,29,28,35,35,32,35,31,36,32,36,31,29,32,29,32,27,33,26,37,33,31,31,33,32,33,30,39,35,35,32,35,36,31,32,31,34,31,31,29,28,31,31,33,27,31,29,23,33,32,27,34,29,29,32,28,27,33,30,27,35,31,30,31,31,33,34,38,30,32,32,31,32,33,35,36,28,33,28,30,29,29,31,30,32,30,32,32,31,29,29,34,38,34,34,34,35,33,32,
27,29,34,37,33,35,35,37,32,31,34,34,30,36,33,31,29,29,36,36,32,37,32,34,32,29,33,28,28,34,34,35,29,39,33,33,32,39,40,30,31,31,36,31,31,32,33,35,33,33,35,35,33,33,33,34,30,26,31,33,32,32,32,31,36,36,32,32,30,31,27,31,32,31,30,30,32,29,29,34,35,39,41,35,38,36,35,35,34,34,30,32,27,29,31,29,34,31,39,30,31,33,36,30,36,31,33,30,37,30,30,30,27,27,29,35,35,32,31,32,29,28,33,34,30,40,30,34,34,34,31,32,32,32,27,38,34,34,31,31,32,33,36,32,34,33,40,32,35,31,28,26,30,31,30,31,38,30,29,29,28,34,33,36,34,37,37,36,36,30,33,32,30,27,33,34,38,39,32,34,32,32,33,38,31,36,36,35,34,30,32,32,34,34,33,32,28,28,30,30,34,28,29,30,28,28,29,28,31,32,30,34,31,28,30,33,31,31,34,31,32,30,34,35,40,32,31,33,33,32,31,32,31,33,31,29,31,30,32,35,31,35,31,33,31,31,30,29,29,28,35,34,36,36,35,37,
30,31,37,37,33,36,36,34,38,37,35,35,33,33,35,32,32,36,35,36,37,37,36,32,33,35,35,29,35,35,34,36,29,31,35,30,25,35,33,40,30,29,30,32,30,32,35,36,36,33,37,36,34,33,32,32,34,36,33,31,29,34,32,32,37,32,32,33,40,26,26,28,28,30,28,32,33,35,30,29,35,36,40,40,36,41,37,36,32,35,32,35,30,29,30,37,34,33,35,31,33,34,33,35,35,36,33,32,38,38,30,30,26,28,29,29,28,40,32,39,33,30,29,34,34,42,43,34,35,34,35,34,33,32,37,36,34,36,35,35,37,34,34,34,33,30,32,42,30,40,32,29,31,31,28,31,35,36,31,28,29,36,34,36,36,35,30,29,37,39,30,33,37,32,30,33,39,37,39,37,34,33,34,36,36,36,35,37,36,35,31,35,34,39,34,31,33,32,31,31,33,31,34,34,31,31,29,29,27,35,32,34,34,33,32,34,33,34,36,28,32,31,31,39,35,32,32,32,34,32,32,33,37,36,32,34,35,30,31,32,35,32,35,30,30,31,31,32,29,34,36,36,38,36,35,38,
31,32,34,37,37,32,36,34,36,36,30,38,34,34,36,36,37,37,32,31,38,38,32,36,34,30,36,36,37,40,38,33,32,31,36,39,34,32,33,33,42,35,31,33,31,32,31,36,36,37,34,37,35,34,29,28,33,32,34,33,29,30,32,37,38,37,33,32,41,34,32,33,36,41,30,37,32,37,35,37,30,37,39,40,31,41,27,35,31,33,34,34,32,33,31,32,36,33,38,36,34,33,34,37,36,36,33,33,29,31,30,27,30,28,28,26,30,39,32,36,39,32,29,36,41,42,40,41,34,35,37,34,38,38,33,28,36,31,37,31,38,34,33,33,34,31,44,41,34,29,32,31,36,34,35,32,37,37,28,31,41,36,35,30,36,30,32,35,30,33,38,31,31,28,34,34,37,37,41,39,36,34,34,39,35,34,40,36,40,40,37,34,34,32,36,34,34,33,32,32,32,33,35,33,33,32,29,29,36,35,35,35,32,34,34,32,32,36,36,37,36,33,32,31,40,41,31,32,40,33,34,34,37,37,33,34,31,30,33,34,36,36,35,39,36,37,32,34,31,32,39,38,37,37,36,36,
30,30,30,34,34,34,33,36,36,38,37,31,33,35,34,38,37,38,30,37,32,35,34,35,35,34,39,31,37,32,38,31,32,33,31,31,33,33,33,36,35,35,34,34,34,34,30,33,33,38,34,35,36,34,33,31,29,34,34,36,34,32,34,34,35,39,38,36,41,40,33,41,38,42,27,42,34,35,37,37,39,35,40,41,42,40,40,28,36,37,34,34,37,33,32,33,32,33,38,35,37,32,34,37,37,35,32,34,32,29,32,37,28,30,28,27,29,26,33,36,36,35,33,31,40,42,40,31,35,35,35,33,33,37,38,31,38,37,33,37,32,33,33,34,37,36,31,32,36,28,30,30,34,34,36,38,34,38,33,30,40,42,37,36,36,33,36,32,31,32,33,39,30,30,35,33,36,38,36,40,39,41,41,38,39,35,32,37,37,40,37,37,40,39,37,36,41,35,32,33,33,34,36,36,36,37,41,33,36,36,36,31,33,34,34,35,27,33,40,34,37,31,31,40,40,41,35,32,40,34,34,36,31,31,32,33,35,32,34,35,33,35,37,39,38,37,32,34,31,40,37,38,36,37,36,37,
31,31,34,35,39,35,32,35,36,39,35,33,35,34,35,37,32,39,38,38,33,38,35,33,34,36,35,32,34,36,33,32,33,33,34,34,33,35,34,37,32,35,35,39,35,39,35,34,33,34,34,32,36,34,33,36,37,31,39,37,35,37,34,34,36,36,32,34,34,40,34,41,35,39,37,38,43,35,36,37,38,32,36,41,35,35,40,40,35,38,33,35,29,37,38,33,35,35,37,39,35,37,36,34,38,34,36,34,37,34,35,37,36,31,33,35,29,31,32,37,33,36,35,32,36,44,42,43,32,34,36,33,33,39,38,32,35,38,31,38,33,37,34,35,34,39,33,46,38,32,33,36,35,32,36,37,38,35,34,35,29,36,37,37,34,35,37,33,34,30,33,32,39,31,31,33,33,36,36,38,39,39,41,38,31,36,33,38,40,38,31,35,33,39,34,40,36,36,36,33,38,38,34,37,39,38,36,33,36,36,35,29,36,36,34,34,37,39,30,35,40,40,37,31,41,39,36,42,32,36,35,34,34,31,31,29,40,28,36,30,34,33,32,34,36,37,38,41,35,37,40,38,38,38,37,37,
34,35,34,35,35,41,33,38,39,40,33,38,35,35,34,37,35,33,35,35,35,38,37,38,35,36,36,35,35,33,33,34,34,35,36,34,32,35,36,36,33,37,35,40,33,40,39,39,35,35,41,35,33,35,32,39,34,31,35,32,37,35,37,35,34,31,32,36,34,41,36,33,37,36,29,44,32,37,37,39,35,39,37,34,41,44,43,41,36,36,36,37,37,36,37,35,32,36,35,38,38,36,38,36,36,36,35,37,37,32,33,32,38,35,32,37,34,28,36,28,38,34,38,35,38,35,45,34,40,33,37,36,34,38,38,32,39,39,38,40,34,34,38,33,39,36,38,46,38,32,34,34,36,34,37,36,37,35,35,36,38,40,30,38,31,36,36,31,35,33,31,35,38,29,31,31,34,41,36,37,44,40,39,37,38,38,39,31,40,40,33,32,35,34,32,32,39,37,36,40,38,38,37,33,40,38,34,36,35,34,33,31,33,34,32,38,36,37,29,31,35,36,36,32,36,40,40,36,43,42,33,31,31,36,41,41,39,29,35,36,32,36,33,38,37,38,39,38,35,40,39,39,38,38,38,38,
35,36,35,36,36,41,36,35,38,36,36,33,37,36,37,37,37,34,35,36,36,40,38,34,36,36,36,37,35,35,35,34,34,35,35,37,35,33,33,36,36,35,38,40,42,42,41,35,37,36,41,36,34,40,33,39,34,33,33,33,36,36,38,36,35,35,35,34,40,35,39,37,37,38,34,33,33,36,35,39,36,37,38,35,35,45,42,38,41,36,34,37,35,36,34,35,36,32,30,39,38,32,35,38,40,39,37,39,38,39,33,36,33,38,36,38,28,29,39,36,39,40,39,34,39,37,39,31,40,34,35,34,37,38,36,40,39,40,34,38,40,40,41,39,39,35,34,37,39,38,40,36,34,35,31,39,40,36,36,46,38,35,33,31,37,32,34,36,32,32,32,37,34,37,30,38,36,39,42,42,39,41,41,37,42,35,38,32,37,40,30,34,36,35,39,38,42,37,36,37,41,41,34,40,34,35,37,41,36,36,34,45,36,33,33,38,36,37,37,35,36,40,41,35,40,37,39,41,44,31,35,32,34,39,40,41,40,39,32,37,33,34,37,38,39,39,39,36,35,40,41,39,40,40,39,38,
35,38,39,32,37,41,41,39,36,34,39,37,36,38,38,38,39,37,37,35,37,38,36,40,32,42,41,37,36,36,36,34,35,35,36,38,30,35,36,34,34,33,37,42,42,42,31,42,35,35,37,36,39,40,40,34,35,39,36,34,33,37,37,39,37,35,35,37,36,37,35,36,41,37,35,36,37,34,37,36,37,37,37,37,44,39,44,44,37,42,38,35,37,35,37,37,40,33,33,36,41,40,42,36,41,39,38,38,36,39,35,37,42,38,36,32,33,29,32,40,40,39,38,38,40,37,38,39,30,41,40,33,33,39,37,37,40,41,40,34,37,39,42,39,40,37,35,38,34,39,38,35,36,40,33,32,34,31,37,35,45,35,38,34,34,33,35,36,36,33,35,33,33,37,38,40,37,33,36,42,45,39,45,41,41,37,39,39,37,39,38,40,36,38,39,41,38,35,38,37,39,41,35,41,35,36,38,39,35,36,38,37,41,46,38,34,41,38,39,39,37,41,41,37,40,36,39,39,44,38,33,35,33,36,39,40,39,41,42,40,37,38,39,41,40,38,35,40,37,37,41,41,41,42,40,39,
36,38,37,38,33,38,42,42,34,42,40,36,37,39,36,39,40,41,37,36,39,39,38,39,41,43,37,38,37,37,36,36,38,37,34,38,34,33,36,35,35,34,35,42,34,42,42,42,36,37,37,37,37,41,41,36,33,33,39,33,33,34,36,37,37,38,38,38,36,38,37,36,42,40,36,44,38,45,40,45,39,37,42,38,44,37,45,37,40,42,38,38,38,37,38,41,41,41,41,38,41,40,40,37,35,35,44,39,40,39,36,37,43,42,40,37,43,30,44,40,40,38,38,39,42,40,39,39,41,34,34,33,38,39,39,36,35,44,40,36,40,40,38,39,39,40,37,38,40,35,40,38,33,40,32,33,38,30,32,36,37,46,39,34,32,33,39,35,34,34,38,33,33,38,39,39,38,38,37,43,36,46,40,42,42,42,42,38,39,37,39,34,34,38,37,42,39,39,41,40,42,41,37,36,35,36,38,35,36,39,33,45,42,40,38,40,41,39,41,39,40,41,39,38,40,41,39,40,36,35,33,35,42,38,40,40,38,35,37,41,38,38,41,38,40,41,35,36,36,38,42,41,42,41,40,42,
36,40,38,38,38,47,39,42,35,38,38,38,38,38,39,31,37,37,41,36,42,40,41,39,36,38,35,37,38,38,37,39,36,38,37,41,41,37,36,34,35,41,40,42,41,43,43,42,32,37,37,38,37,40,39,37,34,33,40,41,38,34,35,37,35,35,39,38,36,37,36,40,41,43,41,41,38,39,47,39,41,38,42,39,41,41,46,37,33,42,38,38,36,38,38,38,41,35,40,38,38,37,37,38,35,40,36,45,41,39,41,36,36,39,36,41,38,42,39,46,44,38,40,39,39,39,40,42,39,34,41,40,36,38,40,36,35,35,34,39,37,42,41,40,40,40,42,38,40,36,37,39,34,36,41,40,41,35,33,36,41,38,41,39,38,34,40,35,35,38,45,37,38,39,38,43,38,39,38,40,36,40,47,40,42,39,43,39,39,39,40,41,35,43,42,42,39,40,42,37,37,43,38,39,39,44,41,41,36,40,38,38,46,39,40,42,41,43,40,40,39,41,41,42,40,43,36,35,35,44,39,30,40,33,30,41,40,43,37,38,40,40,43,39,40,39,42,43,43,38,41,43,43,33,40,41,
34,39,38,41,39,49,40,41,38,41,46,39,39,38,32,32,33,40,34,38,37,37,41,40,40,37,39,39,38,39,37,37,37,35,40,43,41,41,43,43,36,36,41,41,44,40,40,44,39,33,33,39,38,37,39,37,38,40,39,42,40,38,37,38,36,38,40,39,37,40,44,36,40,42,43,42,42,40,40,42,41,40,39,39,39,40,46,38,44,36,43,40,38,46,39,38,35,35,36,37,39,39,42,39,40,40,37,43,39,40,38,42,37,38,35,45,41,43,38,39,36,39,42,41,39,39,39,46,40,39,42,38,37,39,40,38,38,36,40,40,39,41,41,42,41,41,38,38,37,37,41,38,40,35,43,40,40,40,40,39,36,42,41,39,39,42,41,41,39,42,36,41,38,37,39,37,42,39,38,38,40,39,40,39,40,37,41,43,40,40,37,42,38,40,44,42,42,43,37,36,37,38,35,40,38,36,41,41,45,39,38,39,40,40,33,41,40,42,44,41,42,42,41,44,41,40,37,39,41,35,45,31,31,32,33,30,42,40,39,36,40,40,39,40,41,39,38,40,40,40,40,41,38,43,41,41,
40,36,34,38,37,39,43,42,41,44,46,47,46,46,46,34,34,34,37,35,37,37,39,40,39,39,39,36,40,38,37,37,38,42,41,46,45,42,40,36,42,42,44,43,42,44,38,40,42,39,39,40,38,40,37,37,45,38,43,40,43,40,38,40,39,42,40,41,40,41,40,42,45,42,44,44,42,41,40,44,39,46,45,39,40,36,41,47,45,39,43,44,44,45,44,39,39,40,36,38,39,39,38,43,42,39,39,38,43,38,40,38,38,42,36,37,37,38,46,37,45,38,42,39,42,37,37,38,44,43,43,45,39,40,40,41,39,40,35,40,35,37,36,41,40,38,43,39,40,41,37,39,40,41,43,36,41,37,42,41,36,37,41,40,44,40,43,42,39,40,36,40,42,37,39,39,37,44,44,39,40,41,42,40,39,44,42,44,38,40,41,42,36,38,40,45,43,44,39,40,37,37,39,38,39,40,41,41,44,42,38,41,42,44,34,34,41,36,44,43,43,43,44,43,43,39,42,43,36,37,40,37,31,41,31,37,42,39,40,39,43,36,43,40,40,38,42,40,44,38,41,36,39,35,44,39,
38,36,39,38,40,40,45,48,42,44,40,43,42,47,43,40,43,35,42,37,39,40,40,36,45,40,39,37,37,40,39,40,39,39,42,42,42,47,40,45,44,42,43,37,44,41,41,39,41,39,41,40,40,40,40,40,46,45,38,43,44,42,44,40,39,42,41,40,40,34,35,40,41,43,44,45,42,41,40,42,40,38,41,40,41,43,40,41,39,38,44,44,44,39,45,34,41,41,36,42,39,38,43,38,44,39,40,44,38,39,41,36,35,35,36,36,36,38,39,47,46,40,41,37,38,40,38,43,45,41,37,44,39,39,42,41,41,42,40,40,41,45,41,42,41,40,40,43,43,40,38,38,45,40,42,39,40,38,40,42,35,41,42,44,42,46,39,44,42,40,40,39,37,38,39,38,39,38,45,41,41,48,42,43,42,43,44,38,39,42,42,39,37,39,38,38,44,45,40,40,40,39,38,37,39,42,40,41,41,43,44,39,42,42,42,35,42,42,42,44,44,44,44,43,43,40,39,43,36,36,36,38,37,41,37,42,48,43,39,40,43,39,36,44,45,43,38,43,43,43,40,37,37,37,39,39,
43,39,42,41,45,40,47,47,42,42,43,42,43,43,43,40,41,43,40,41,40,36,41,43,46,46,46,38,43,38,39,40,39,40,38,43,37,44,43,46,44,45,45,39,45,44,41,42,37,38,42,42,40,43,49,44,41,39,42,39,39,38,44,36,40,43,42,41,42,35,35,41,40,42,45,41,39,42,42,40,39,40,39,43,41,44,41,42,40,40,39,45,42,44,41,40,34,33,40,39,41,41,41,38,44,42,41,43,40,43,41,39,39,40,44,41,46,41,39,45,41,45,41,37,40,44,41,40,43,44,44,44,36,42,43,42,41,43,40,40,41,46,43,44,42,42,45,43,43,40,41,38,44,46,42,40,42,40,42,40,36,36,45,43,44,41,39,45,40,42,41,38,43,38,42,38,39,40,43,41,39,43,47,36,41,41,37,43,39,40,41,43,40,39,39,38,38,43,48,41,40,40,45,42,39,42,40,41,43,42,40,42,43,41,43,43,37,43,40,43,44,42,39,39,40,41,41,43,37,41,38,37,40,40,42,44,48,43,46,42,44,43,45,45,44,43,44,42,39,43,43,39,39,39,39,38,
47,45,44,44,43,41,46,45,41,46,44,47,43,43,44,42,41,43,43,41,40,40,43,42,38,43,45,44,44,43,42,40,42,44,43,43,44,42,42,42,42,45,45,39,44,45,38,42,36,38,37,42,39,44,44,42,47,46,47,44,40,39,42,40,42,41,44,42,42,41,41,37,36,42,41,40,44,42,44,43,42,41,40,41,43,40,41,42,40,38,43,42,42,39,38,38,43,41,39,41,35,42,39,38,44,42,40,37,37,44,39,40,39,40,40,41,42,47,43,45,41,44,42,45,42,47,41,41,40,44,41,45,41,38,42,43,41,43,42,41,46,46,44,44,44,42,41,46,46,46,44,39,46,45,48,45,40,41,42,40,36,36,46,44,43,51,41,47,43,42,42,41,42,41,43,42,42,41,43,43,36,45,43,38,42,41,38,42,43,40,43,44,41,41,41,37,46,43,42,42,40,45,46,45,40,44,41,43,39,42,42,40,36,44,43,44,41,44,40,44,45,44,41,43,44,41,44,44,41,41,38,42,43,42,40,44,46,44,42,47,44,42,47,44,46,46,45,40,45,40,39,39,41,39,39,40,
46,45,47,45,44,42,43,42,46,45,46,47,46,43,44,43,43,44,40,44,42,41,43,43,44,40,43,43,45,43,41,42,40,39,46,44,42,42,44,44,41,42,46,43,41,41,41,43,43,37,42,42,38,44,45,42,44,43,45,40,45,41,44,40,38,43,43,41,37,42,41,44,45,41,41,43,43,44,42,44,40,42,39,40,40,41,45,40,40,39,44,44,39,40,41,40,44,40,40,41,36,43,40,41,42,42,43,43,39,45,41,40,42,42,43,43,43,42,45,45,46,44,45,45,40,47,41,45,44,41,46,46,44,42,43,43,44,45,41,42,41,44,42,43,43,43,45,48,47,39,45,45,43,46,45,47,40,42,42,42,45,46,44,45,44,44,49,42,48,45,41,44,41,42,48,45,48,42,41,43,42,44,46,43,44,39,45,44,41,39,41,41,42,43,38,44,42,44,41,42,42,40,42,48,41,44,42,40,40,42,43,43,44,46,44,43,40,38,39,38,46,47,40,45,46,44,45,48,48,44,42,41,43,41,42,41,45,43,47,44,46,46,48,45,45,41,41,45,45,44,43,40,43,40,40,40,
44,45,47,48,42,44,46,44,43,48,47,41,48,42,43,42,44,41,41,44,44,45,45,46,41,46,44,44,48,43,40,45,44,40,43,47,45,44,43,43,44,42,40,43,43,41,42,40,45,43,42,41,39,43,44,43,45,43,47,46,46,45,41,44,41,48,44,42,45,46,40,44,38,46,43,44,43,42,43,48,47,48,41,41,46,46,42,39,40,43,45,42,44,43,39,41,40,45,40,40,36,41,41,41,41,40,43,43,42,40,40,41,42,42,43,44,45,44,45,44,48,46,45,46,45,45,43,42,45,47,46,47,44,40,40,45,44,46,42,42,48,41,48,46,44,47,46,41,40,44,53,46,44,46,44,41,44,43,46,43,41,48,47,44,39,45,43,52,43,50,45,41,45,39,44,49,44,48,44,44,46,43,43,37,38,40,42,44,41,41,42,42,46,47,42,39,48,45,42,41,42,38,48,41,42,45,42,42,41,41,40,46,45,42,46,43,37,42,40,38,37,47,43,41,45,47,50,45,48,44,42,41,46,39,42,40,42,41,50,44,45,46,42,46,40,43,41,43,42,39,41,43,43,44,40,43,
45,40,47,47,46,45,47,45,49,43,40,42,42,43,42,44,43,48,44,43,43,45,42,44,43,40,44,46,46,43,43,45,37,38,45,44,47,43,43,41,44,41,43,42,43,44,43,41,42,44,42,44,42,41,44,41,45,46,47,46,47,43,41,45,45,44,46,47,46,46,45,41,37,39,39,45,45,44,48,48,48,46,45,43,45,45,43,45,39,44,43,43,46,42,45,39,43,45,47,47,37,43,46,42,44,44,47,48,43,42,41,40,41,46,47,47,45,44,44,44,48,49,45,41,46,46,44,43,45,47,44,42,41,41,41,46,46,39,40,45,48,44,48,49,45,46,47,40,41,41,42,43,45,45,45,41,41,46,47,44,43,42,48,42,42,40,39,46,51,51,51,39,42,40,41,41,44,45,42,46,47,44,42,38,37,46,46,42,45,42,43,43,47,47,47,42,48,49,46,45,49,50,44,45,41,43,43,40,48,42,42,41,40,45,40,42,44,40,44,39,47,43,43,43,47,42,50,44,45,48,46,43,43,41,50,44,42,42,49,50,51,52,46,48,48,47,41,43,41,40,41,43,44,43,44,45,
47,42,49,51,47,45,43,47,46,40,41,50,46,43,43,43,45,49,45,44,44,44,43,51,42,41,47,44,44,47,43,42,38,40,44,47,47,46,42,43,48,41,42,43,42,43,49,44,49,43,45,43,42,41,40,43,43,46,45,47,45,48,44,43,42,44,45,51,45,47,47,45,38,44,47,40,46,45,45,46,49,45,46,48,49,45,45,47,40,44,44,47,46,44,44,43,42,43,45,50,40,38,46,46,44,45,42,44,49,43,43,43,40,47,45,45,47,46,45,41,49,45,49,47,46,48,47,46,44,48,44,47,43,43,42,42,46,47,41,40,44,45,51,46,46,45,47,43,42,42,43,43,46,44,50,42,44,47,45,49,44,43,43,43,46,46,41,45,46,43,52,41,40,41,43,41,46,45,46,46,43,44,40,42,40,44,46,42,44,43,42,44,44,47,44,48,46,47,46,47,46,50,45,45,48,42,44,43,41,44,43,40,41,43,42,39,41,45,45,47,48,40,36,39,44,45,50,41,44,46,45,45,39,42,43,50,49,49,43,41,51,43,45,46,45,50,42,43,41,48,42,43,45,43,44,44,
45,46,42,45,47,49,48,47,44,43,40,50,44,46,44,41,45,45,48,46,41,45,41,52,42,45,47,44,45,45,52,46,43,47,52,45,45,46,43,43,44,48,47,46,43,44,47,48,48,44,46,47,42,46,46,44,44,48,45,46,44,42,43,44,46,44,48,53,52,49,47,46,40,39,46,47,44,47,44,43,50,47,49,45,48,46,44,44,45,42,45,47,47,43,44,45,46,44,47,43,50,44,45,46,50,45,43,41,40,43,44,44,41,45,56,47,46,46,47,41,49,49,45,50,50,48,48,45,46,44,49,44,48,43,48,43,45,50,48,50,49,45,48,45,46,47,47,45,44,45,44,44,46,42,44,51,45,44,46,47,49,45,49,43,43,46,46,46,46,42,44,41,44,40,47,43,46,48,45,45,46,45,45,40,41,44,46,47,44,43,44,42,45,49,46,45,49,48,43,46,46,43,46,42,44,45,42,43,50,50,43,42,41,42,44,45,46,42,47,45,46,45,37,38,44,45,44,43,50,46,42,47,46,44,40,44,45,50,45,45,43,45,44,45,47,48,45,43,47,49,47,45,45,45,46,45,
47,53,50,50,44,46,47,48,44,42,42,44,44,45,45,41,50,45,44,50,50,42,50,44,43,46,48,45,45,46,47,46,48,41,43,46,44,47,45,46,43,43,45,47,43,44,45,49,47,43,45,47,48,47,47,47,43,48,45,48,44,47,49,47,43,48,48,47,53,46,46,49,44,50,42,50,47,45,44,49,44,50,51,50,47,48,46,45,51,50,42,48,41,42,45,50,48,48,47,47,51,46,47,46,48,46,44,47,47,41,49,51,44,46,47,57,47,47,47,48,49,49,50,46,50,50,45,46,46,46,46,49,48,47,43,44,48,46,51,44,49,50,44,48,48,47,47,46,48,47,46,45,46,45,43,45,51,44,46,47,44,45,45,45,47,48,47,42,44,44,43,43,48,41,42,43,43,45,48,45,46,46,42,46,50,48,47,47,48,47,44,47,41,47,44,46,47,48,44,45,47,43,45,46,48,44,43,46,46,50,46,50,43,44,43,47,50,46,48,47,46,45,40,40,46,45,46,44,44,45,47,47,45,51,45,45,46,46,43,44,44,45,45,44,43,48,46,48,47,50,45,48,45,44,46,46,
47,44,49,51,51,51,45,48,44,44,43,45,41,44,47,46,52,49,46,47,51,47,50,44,45,47,47,49,45,48,47,48,47,48,42,50,50,48,51,47,44,49,46,44,43,43,42,47,48,48,49,46,48,48,48,46,44,48,43,48,48,48,47,44,46,48,48,46,49,46,45,43,49,46,42,50,50,46,52,45,51,52,48,51,49,46,48,53,46,46,42,43,44,49,48,47,46,46,48,52,48,48,46,50,49,49,51,49,48,48,44,43,43,45,45,47,57,51,47,46,42,45,51,47,46,47,47,47,47,46,46,45,46,45,47,45,49,46,46,45,45,49,44,47,45,46,46,43,48,45,47,51,46,44,44,47,46,46,44,46,44,45,47,45,48,47,44,43,45,44,43,43,45,50,47,43,45,44,48,46,46,47,47,48,51,44,48,48,48,49,44,49,47,48,45,47,43,47,45,44,45,45,45,48,47,44,44,44,48,47,47,44,47,44,48,45,52,50,48,47,46,46,44,41,49,46,49,40,47,39,47,47,48,45,45,42,45,49,43,43,44,43,43,49,45,47,49,48,47,45,46,47,48,47,45,46,
45,45,50,48,48,46,51,51,49,45,48,46,42,45,46,53,50,50,50,47,51,47,46,46,46,48,49,43,45,45,44,49,49,48,50,51,51,50,47,50,43,47,45,45,50,47,48,45,48,45,49,51,49,48,46,48,44,44,48,47,49,48,43,45,47,47,52,46,49,47,48,49,46,44,46,50,51,47,47,47,52,48,52,49,46,49,49,51,54,48,47,44,44,47,45,49,47,47,50,49,47,48,46,51,42,53,52,49,46,48,48,46,47,43,45,45,45,49,52,46,46,50,46,48,48,48,48,45,48,51,46,50,47,47,48,47,47,50,48,47,49,50,46,46,48,48,46,44,45,46,47,50,52,48,45,42,45,46,46,43,48,46,47,46,47,47,50,45,47,50,47,49,49,51,50,47,50,47,47,47,47,48,48,42,41,44,46,47,49,47,46,50,48,53,47,43,43,47,48,51,45,45,45,43,48,48,47,44,46,47,49,48,50,48,47,46,47,49,48,48,44,48,46,49,48,49,50,41,42,46,50,48,48,45,45,48,46,46,49,44,44,44,47,47,49,47,47,47,46,48,47,50,47,48,47,46,
46,45,45,46,52,47,46,47,48,49,55,46,43,50,51,50,48,51,51,47,52,52,45,53,47,49,52,46,46,46,49,49,47,50,50,46,50,52,54,51,47,47,43,48,48,46,46,49,49,44,46,49,52,48,47,47,49,45,49,49,50,52,49,44,48,51,52,47,48,49,54,49,46,46,48,47,54,47,50,47,47,50,46,49,49,47,47,51,54,47,48,48,48,45,46,49,50,50,50,49,48,46,50,49,51,53,48,53,47,48,46,46,48,52,51,49,46,47,52,52,52,47,49,49,48,51,47,49,46,46,46,52,48,48,46,49,47,51,51,47,47,48,47,47,50,42,46,44,45,47,47,46,45,46,45,46,44,45,45,44,45,47,48,47,47,45,51,52,53,48,48,46,51,49,51,44,51,44,49,49,48,48,50,43,48,49,45,52,50,47,49,51,47,54,48,48,51,43,44,47,46,46,46,44,48,48,49,48,48,48,47,48,47,49,45,49,48,49,49,48,52,45,48,49,50,49,49,43,41,47,45,47,49,45,49,48,47,47,46,47,49,45,47,44,49,48,48,49,48,45,47,49,49,49,48,49,
49,46,46,48,48,51,48,47,48,50,47,56,54,51,52,51,51,50,44,48,54,53,48,55,54,48,50,44,46,44,48,50,50,50,49,47,47,50,49,51,45,49,49,49,52,47,47,49,50,48,46,44,51,46,52,51,49,50,50,47,51,53,49,46,45,49,52,47,46,49,48,47,47,48,47,47,49,47,50,51,51,51,46,48,47,47,48,50,52,48,49,50,47,51,46,47,50,48,51,49,49,47,50,46,48,51,54,47,54,55,49,48,51,52,52,50,48,49,48,48,54,48,48,48,51,51,51,52,49,49,49,53,48,48,49,48,46,48,53,52,47,47,50,47,50,50,43,44,45,49,47,47,47,46,47,51,46,51,48,45,46,46,53,46,47,47,46,52,51,52,47,51,51,50,50,47,45,46,47,47,45,50,51,50,46,53,49,50,48,50,48,48,51,48,49,53,49,51,48,48,48,50,46,48,52,47,50,47,51,47,47,49,47,50,47,50,46,50,50,48,52,45,46,47,48,49,46,44,43,50,47,46,46,46,47,43,49,47,48,51,50,53,46,46,49,47,48,49,51,50,48,51,51,47,49,48,
49,50,52,45,47,49,51,49,48,52,50,55,55,51,51,51,51,52,51,49,50,50,51,49,55,51,50,47,45,47,52,49,48,51,52,47,48,51,51,51,49,48,50,48,52,52,47,48,48,48,51,53,52,53,54,49,49,50,52,50,48,49,53,53,47,49,48,50,47,47,48,57,51,46,47,48,47,47,50,50,51,49,49,47,47,46,48,51,51,50,50,49,52,49,46,48,48,48,49,49,47,49,51,51,47,50,49,48,50,55,50,51,49,53,48,53,52,54,50,49,54,50,51,49,48,52,52,50,50,46,49,49,49,50,50,49,49,47,49,47,51,48,48,48,51,50,45,49,47,47,45,50,48,47,47,49,49,51,48,46,49,52,51,56,56,47,51,47,52,53,53,46,50,50,50,46,46,45,47,48,47,51,51,51,48,53,52,50,51,50,52,49,53,53,47,52,53,51,52,53,49,49,51,51,51,49,48,48,51,52,48,50,50,47,48,48,47,48,52,54,48,52,46,49,47,49,46,46,48,51,50,50,48,44,47,50,48,50,48,49,49,47,53,48,49,48,47,48,51,51,48,49,47,48,50,48,
49,49,51,53,47,49,51,50,46,53,53,56,51,51,55,51,50,52,52,55,50,52,52,48,51,50,53,51,52,48,49,50,51,50,51,48,49,53,52,47,46,48,51,47,50,53,52,48,47,52,51,47,56,53,55,50,50,52,53,53,54,54,50,46,51,47,51,49,46,52,52,51,52,49,48,49,47,48,52,50,51,51,54,50,50,50,54,50,50,51,49,51,50,51,46,48,49,48,49,49,47,48,51,48,50,52,51,51,48,49,50,49,49,54,52,48,54,50,54,51,51,53,52,51,48,50,47,51,48,51,50,49,50,49,50,53,49,50,49,47,48,47,51,50,50,51,49,50,48,46,51,50,51,48,48,48,50,48,51,51,50,51,52,50,53,48,50,48,48,56,55,50,49,50,51,51,48,46,48,49,49,51,51,49,49,48,53,53,51,51,52,53,50,49,48,52,53,50,50,53,50,50,51,50,54,51,48,50,49,50,49,50,50,52,47,52,48,52,53,48,54,47,52,46,48,50,48,49,49,52,49,52,51,47,45,51,55,51,51,50,49,51,48,47,48,53,52,49,49,51,56,48,49,48,47,48,
51,51,52,53,50,51,51,52,49,53,52,52,53,54,54,53,50,55,48,55,50,47,53,51,51,51,51,52,52,50,49,50,52,55,51,50,49,49,54,50,51,48,50,49,54,51,51,48,49,51,53,47,51,51,56,50,49,50,52,51,48,54,54,54,50,50,51,54,52,52,52,51,54,49,52,57,49,52,54,52,51,51,51,56,52,50,54,52,51,51,52,52,50,51,52,52,51,48,49,52,51,48,50,47,50,52,51,52,53,52,49,50,47,48,52,53,48,50,51,51,51,53,49,45,49,50,48,48,49,48,50,50,50,50,50,53,50,51,50,47,50,48,49,50,48,50,50,51,46,48,50,48,53,50,49,51,49,48,51,51,54,54,53,53,54,55,50,49,48,50,56,51,51,52,50,52,52,53,47,49,49,52,53,53,49,49,53,51,52,51,53,53,54,51,50,56,53,46,54,50,50,48,50,51,51,50,49,47,51,47,48,49,50,50,48,51,53,53,52,49,49,51,53,49,51,54,51,49,51,50,51,53,55,50,48,51,56,55,50,48,50,50,52,49,54,54,53,52,49,51,55,48,50,50,49,48,
52,51,55,52,54,50,50,50,50,49,55,52,51,54,53,51,51,51,50,54,51,54,53,49,52,49,51,53,51,51,50,50,52,50,52,52,52,49,49,50,49,50,52,50,50,51,51,49,50,54,53,53,57,53,53,52,51,54,50,50,51,50,50,50,50,53,50,46,54,52,51,53,53,50,50,47,58,55,51,53,53,52,52,50,54,54,51,51,52,52,52,52,53,53,54,53,51,52,51,51,53,51,50,48,51,52,51,52,52,53,50,49,49,49,51,51,56,54,51,51,52,54,55,50,51,51,50,49,52,51,51,51,48,48,51,53,51,49,51,52,49,51,51,51,49,51,50,55,53,47,50,49,54,52,49,49,48,48,53,49,54,53,53,54,54,53,55,49,51,50,50,50,52,50,52,51,53,51,48,49,53,54,53,50,50,51,54,54,57,53,52,55,55,54,55,51,56,46,49,53,52,51,53,49,54,53,48,49,49,47,49,48,51,53,51,50,54,54,55,52,54,49,52,50,52,54,50,49,52,49,50,54,54,52,52,49,56,51,57,50,49,47,51,50,51,50,53,52,54,52,51,52,51,53,53,50,
54,55,53,52,55,52,52,50,53,54,52,55,51,50,53,57,52,54,55,51,53,55,52,50,55,49,53,54,49,50,49,51,53,52,53,48,53,52,51,52,50,53,52,54,53,53,53,54,52,53,52,51,51,54,51,53,53,52,52,51,51,50,51,50,54,54,49,50,51,53,51,53,53,52,51,55,51,55,53,53,52,53,53,52,58,52,54,52,56,51,54,52,53,53,54,53,53,50,53,53,52,53,50,56,52,54,53,52,53,49,51,50,51,49,51,49,52,51,49,50,52,52,49,51,51,51,51,51,52,49,51,54,56,49,53,53,54,56,52,50,50,51,51,51,51,54,49,56,57,55,56,49,50,53,53,50,51,49,49,48,50,57,54,54,57,54,54,51,50,50,51,53,51,51,53,52,52,53,54,49,52,49,50,53,51,53,53,55,54,54,54,57,55,55,55,54,51,52,52,53,54,50,53,50,51,54,53,50,49,48,57,49,52,50,53,52,55,55,53,50,51,50,53,51,51,55,54,54,53,50,51,55,52,52,53,53,52,52,51,53,54,54,52,52,52,53,52,49,55,49,51,53,52,54,51,51,
55,56,54,55,52,53,49,54,54,54,56,57,53,51,53,53,53,52,51,52,52,52,55,53,55,51,55,55,56,50,53,50,54,54,54,56,53,51,51,53,53,51,51,51,55,54,52,49,54,51,50,54,53,53,56,54,53,52,55,52,51,51,51,51,51,52,51,51,51,55,51,55,53,52,53,50,54,51,54,50,54,54,50,53,53,52,53,52,53,52,53,53,54,53,52,52,53,54,54,53,53,51,51,49,55,54,52,50,52,51,51,51,51,53,52,52,53,50,50,55,55,52,50,54,50,52,51,53,54,53,52,56,55,56,54,51,50,55,53,52,53,51,52,52,51,51,52,52,51,55,55,50,57,50,48,52,51,51,49,52,48,52,55,53,50,59,54,55,51,52,51,54,55,51,51,54,53,53,53,55,59,53,50,51,56,53,51,53,50,55,54,56,57,55,58,56,51,54,54,53,56,56,51,50,51,55,56,54,54,51,50,55,53,51,48,54,49,56,54,53,52,52,53,53,53,53,52,54,52,53,54,56,52,53,53,54,56,53,57,55,53,53,55,51,53,54,53,51,50,53,50,55,55,55,50,51,
57,54,57,56,56,53,53,54,53,53,57,58,54,54,53,54,54,54,52,52,52,52,55,55,55,56,55,55,52,56,56,54,52,54,54,54,57,54,54,52,51,52,52,53,53,53,53,50,52,54,53,53,54,54,56,55,58,54,54,56,52,51,50,55,53,52,54,52,50,50,56,53,54,54,54,51,52,56,54,54,57,50,51,54,54,53,53,53,57,56,54,54,55,55,53,54,53,52,50,56,51,56,51,52,55,55,55,55,53,54,53,53,53,52,52,54,52,53,51,53,56,55,55,51,51,52,52,55,54,55,54,56,52,56,55,55,51,50,56,54,55,53,55,51,52,55,53,53,52,52,56,55,58,58,54,53,52,52,48,53,49,55,53,52,52,51,56,55,54,52,53,53,55,53,55,54,55,55,53,56,58,53,52,55,54,53,54,56,52,54,54,50,57,57,58,53,52,51,52,55,57,52,55,53,55,56,54,51,55,56,54,50,54,55,51,51,54,56,51,55,56,53,53,54,53,53,52,52,52,53,55,55,57,55,54,53,55,53,54,56,56,53,54,53,53,53,52,53,53,52,52,53,56,54,52,51,
58,52,55,58,57,53,56,55,54,53,54,53,54,54,54,54,54,53,52,53,55,56,53,53,56,56,53,55,55,58,56,57,54,54,51,56,54,54,54,55,54,52,53,52,55,53,53,53,58,57,53,53,54,54,55,58,59,58,53,53,54,49,53,55,56,54,52,53,54,52,53,53,57,54,55,52,55,56,55,54,54,56,56,51,54,52,53,56,53,55,51,55,55,57,56,55,53,54,53,53,56,52,57,57,52,56,56,54,52,56,54,54,53,53,55,54,54,56,52,53,52,56,54,52,55,54,54,55,54,52,54,53,57,54,54,55,57,53,51,55,54,51,56,55,55,54,52,53,55,53,52,55,54,58,53,53,53,53,53,56,55,53,55,52,53,53,56,53,54,55,53,54,56,52,56,55,55,56,51,53,56,57,52,53,54,55,53,55,56,52,55,55,54,51,56,51,52,52,54,54,57,54,56,54,54,56,55,52,53,56,54,55,52,54,52,53,58,57,51,57,57,53,52,52,56,52,54,55,55,55,55,54,54,59,55,54,53,58,53,51,57,53,51,54,51,52,54,51,55,52,52,56,54,53,52,52,
55,53,56,57,57,57,57,57,53,56,53,55,54,53,55,55,54,54,55,54,53,57,56,56,55,54,54,52,56,56,55,55,55,51,51,55,55,53,56,52,55,53,53,52,57,59,54,54,55,58,53,55,55,56,57,55,54,55,54,54,54,54,55,55,56,52,53,54,53,56,53,52,58,57,56,56,57,58,53,55,53,56,53,55,53,53,56,56,56,51,51,57,55,54,56,53,54,57,55,56,56,53,52,51,58,55,53,56,53,57,54,55,54,55,52,54,51,55,57,54,54,52,53,53,59,54,56,56,51,53,53,53,53,59,51,57,58,53,54,54,55,57,56,57,55,53,57,53,54,57,52,56,55,54,54,56,54,59,54,56,55,54,55,56,53,53,55,52,53,54,55,53,54,53,56,54,55,53,52,54,56,57,55,53,56,56,54,56,56,53,57,55,56,55,52,55,52,53,55,52,58,55,55,57,55,55,55,54,57,54,53,55,54,53,52,56,53,54,51,59,52,56,54,55,56,52,55,54,56,55,55,56,58,59,57,56,56,53,57,54,54,54,53,52,55,52,53,54,57,55,53,53,53,56,52,53,
58,54,56,58,54,58,56,56,57,57,54,55,55,55,56,56,57,58,57,55,56,52,53,57,55,57,55,52,52,55,52,52,55,55,51,51,54,56,55,56,53,52,55,57,57,54,60,59,54,53,54,55,55,52,56,54,51,53,53,55,56,56,52,55,55,54,57,54,55,54,57,55,56,57,58,58,57,55,54,58,57,57,55,54,56,54,53,57,56,57,57,58,53,56,55,56,56,58,56,55,57,53,57,55,52,55,53,53,54,58,55,51,56,52,53,53,55,55,57,57,54,56,55,57,57,55,57,56,52,52,57,55,56,53,54,57,54,53,55,55,54,58,57,56,54,54,55,58,54,57,55,55,55,55,54,55,56,56,54,55,57,55,55,58,57,54,57,57,57,55,57,55,56,53,54,54,56,57,52,53,56,55,55,54,55,56,55,57,58,54,53,57,57,57,54,57,56,53,53,55,53,59,55,57,56,56,55,54,57,56,55,57,55,54,53,52,54,55,55,55,53,57,57,57,59,55,55,55,55,56,54,56,56,56,54,55,57,55,56,57,57,57,52,55,53,52,54,55,54,54,55,54,54,53,52,53,
57,54,55,53,58,55,57,55,57,56,55,54,54,56,57,57,56,58,56,57,56,53,54,57,56,58,56,56,56,56,53,55,55,57,55,54,56,56,56,55,57,53,56,55,56,58,56,58,55,53,58,56,54,56,55,54,58,52,54,57,57,57,53,56,53,57,56,54,53,57,56,57,57,59,54,59,59,58,57,59,56,56,56,59,55,57,54,56,56,58,56,57,57,57,57,55,55,56,56,58,57,56,57,52,55,56,54,55,54,55,54,58,56,56,54,53,57,55,58,57,55,58,55,55,58,55,58,55,56,55,55,57,56,56,56,57,58,58,57,56,57,58,57,56,56,53,55,56,58,56,58,59,57,55,56,55,56,56,55,56,59,55,56,55,58,54,57,55,56,56,57,56,56,58,57,58,57,57,53,56,54,56,57,57,56,55,56,56,55,58,54,59,55,57,59,57,56,55,56,56,56,53,58,57,59,58,58,56,55,57,56,54,57,58,55,55,53,56,57,56,55,58,58,59,59,58,56,59,56,59,55,55,54,56,58,55,56,55,55,56,58,58,57,56,54,53,56,56,56,56,55,55,55,55,53,53,
58,55,54,56,55,55,56,55,58,56,56,56,56,57,56,55,56,58,56,56,56,56,56,55,55,56,57,55,58,58,54,55,57,58,55,56,57,55,57,56,58,56,55,55,57,58,57,56,59,58,58,59,54,55,54,56,55,53,59,56,58,58,57,57,56,55,54,57,55,55,61,56,56,59,57,60,58,59,58,58,57,56,56,60,55,59,57,59,57,55,56,57,57,55,56,56,57,57,56,56,57,54,57,53,58,59,56,56,57,58,56,55,57,54,56,54,57,58,56,56,55,60,58,58,58,55,56,54,56,60,56,56,58,56,57,58,58,60,55,55,57,56,58,56,57,58,57,55,54,57,57,55,55,55,57,57,57,57,57,58,57,58,61,56,55,56,56,57,58,57,54,55,54,58,57,57,58,60,54,54,56,57,55,55,57,54,55,58,56,57,55,60,57,58,56,56,57,57,55,56,57,56,58,60,57,55,60,55,59,58,57,57,57,57,57,57,54,55,57,55,56,58,57,59,58,58,57,57,55,58,59,58,58,59,57,60,55,57,58,57,57,56,55,57,56,56,56,55,57,57,55,57,56,56,58,57,
58,58,57,58,59,54,56,56,57,58,58,55,58,57,57,57,57,57,57,56,58,57,57,57,59,57,57,56,57,54,55,58,58,54,58,55,58,58,56,59,59,56,56,56,57,57,57,57,56,59,58,59,55,58,58,55,59,57,58,58,58,56,56,58,57,56,56,58,59,55,58,60,57,55,60,58,56,60,59,55,59,58,61,58,56,58,58,57,59,56,56,59,56,58,58,56,56,57,57,57,56,56,56,57,56,59,57,58,57,58,59,56,59,61,57,58,56,58,56,60,57,60,60,60,56,56,56,56,58,58,60,56,57,59,56,56,56,57,60,55,58,56,59,57,58,59,60,59,57,54,57,56,58,56,58,57,57,58,57,58,57,61,61,57,58,57,57,56,56,57,54,56,59,57,58,57,57,58,60,55,54,57,58,57,56,56,57,56,58,58,57,57,57,57,57,58,57,55,55,55,57,58,57,56,61,60,61,57,58,57,58,57,57,58,59,57,57,55,56,56,58,58,57,55,59,58,56,56,56,57,56,57,55,58,57,58,59,57,56,57,58,59,55,55,56,56,55,59,58,57,59,57,58,57,57,57,
60,57,57,57,58,59,58,57,59,58,58,57,57,59,57,59,58,57,58,57,61,59,57,58,58,58,59,59,58,59,57,60,57,60,61,57,56,58,57,57,59,58,56,55,58,58,58,59,56,59,56,61,57,59,56,58,59,57,55,59,56,57,57,57,58,58,56,57,58,61,59,58,60,59,58,57,58,57,58,56,59,57,57,59,58,61,58,60,58,57,57,59,56,58,57,57,58,58,57,58,58,59,57,56,56,59,57,58,62,57,59,57,59,60,58,59,57,59,58,59,59,58,61,57,58,58,57,58,57,60,56,62,62,58,60,58,57,59,58,60,58,58,59,58,59,60,58,59,57,61,61,59,58,56,58,57,59,59,57,59,59,61,60,62,57,58,56,56,58,57,58,59,59,58,57,59,56,58,59,58,55,58,56,56,58,55,55,60,57,58,56,58,58,57,58,58,59,58,58,60,57,56,57,58,58,61,57,57,58,56,60,61,56,57,57,58,57,58,57,56,58,57,58,57,57,57,57,55,58,58,57,60,60,58,58,58,59,60,59,60,56,59,61,55,57,57,56,57,60,59,60,57,58,59,60,58,
58,58,60,60,59,59,58,59,60,57,58,58,59,57,60,59,60,58,58,59,61,60,57,59,60,59,60,60,60,60,60,61,59,59,61,59,59,59,57,59,60,58,58,57,60,60,59,59,57,57,58,56,59,58,58,60,58,58,57,57,58,58,58,60,59,57,56,57,57,62,58,58,60,58,59,59,59,59,58,59,58,58,58,58,58,61,61,60,60,58,59,58,57,61,58,58,59,57,59,59,60,59,58,57,58,58,58,57,63,58,57,57,57,59,59,59,61,57,56,59,59,57,57,58,59,60,60,60,58,57,58,57,63,62,60,59,58,58,58,58,59,56,56,59,58,60,60,61,57,61,58,59,58,57,59,60,58,60,61,57,58,58,61,60,60,56,58,58,57,59,59,59,59,58,59,59,59,60,60,60,60,59,59,58,57,57,58,58,59,58,58,60,59,60,59,59,59,59,63,57,60,57,59,58,58,59,58,58,59,57,60,59,58,58,58,58,59,57,57,57,58,59,58,59,58,60,58,57,59,59,59,60,60,59,59,60,57,60,61,60,60,59,59,57,57,58,58,57,59,59,61,60,58,60,59,59,
59,62,61,60,61,60,60,62,61,60,58,60,60,59,58,59,60,59,61,58,61,61,57,62,60,61,58,60,60,60,58,61,60,60,60,60,58,57,58,58,59,60,59,57,61,60,60,61,57,57,60,62,57,59,59,59,59,59,59,60,60,59,59,60,61,60,58,61,58,61,62,60,60,61,60,60,58,59,58,60,59,59,60,58,60,59,61,58,60,58,59,60,60,58,62,61,60,58,58,60,59,60,60,58,57,60,60,59,62,63,60,60,61,59,60,60,60,59,57,62,58,58,61,58,58,59,60,61,62,59,59,58,60,62,60,58,60,58,60,59,59,58,60,60,62,61,60,62,59,58,60,58,59,59,61,62,60,59,58,60,59,59,58,59,60,60,58,59,59,58,58,59,61,62,59,59,60,60,60,58,57,59,59,61,59,59,59,59,61,60,60,60,60,59,60,61,59,60,63,58,58,61,58,58,59,59,59,60,59,61,61,59,59,59,60,59,60,59,58,59,59,57,59,59,58,60,58,58,58,59,59,58,60,57,60,60,60,61,61,61,59,58,59,58,61,58,57,59,59,60,59,59,61,58,59,60,
60,60,62,59,60,60,61,61,61,59,60,61,60,58,59,60,59,60,61,58,63,62,60,61,61,59,61,59,59,62,63,61,61,61,62,60,58,58,61,60,60,61,58,60,60,59,61,59,58,59,61,62,58,61,60,60,60,61,59,62,59,61,59,60,61,60,60,59,62,61,62,60,60,58,60,59,60,59,59,59,58,60,60,61,63,61,60,59,61,60,60,61,60,61,63,62,60,59,58,59,61,60,58,60,59,61,62,60,62,63,59,60,61,61,60,61,61,61,60,62,59,61,58,62,59,61,63,62,61,60,59,62,61,63,60,60,62,60,61,58,60,63,61,63,61,62,59,59,61,59,59,59,59,60,61,59,59,58,59,59,62,58,61,60,60,60,61,62,60,59,59,61,59,60,60,59,60,61,60,61,60,59,60,60,61,60,59,58,60,59,60,60,61,60,60,61,60,59,59,63,62,62,59,58,59,58,62,61,60,59,60,61,60,60,60,60,61,60,59,62,60,58,60,61,59,60,63,59,59,60,62,59,60,59,59,63,61,62,61,59,60,59,61,59,62,60,58,61,59,60,59,60,61,60,62,60,
60,60,60,61,61,60,59,60,59,60,60,62,60,59,59,61,60,60,61,61,61,60,61,61,60,60,61,61,59,60,60,60,62,59,61,60,60,59,59,61,62,62,61,60,60,60,60,59,60,61,61,61,60,61,61,62,61,61,63,61,62,61,60,60,60,61,62,61,61,62,62,60,62,61,61,60,60,60,59,60,60,62,60,61,63,61,60,61,62,61,61,59,61,62,62,60,61,59,60,61,61,62,60,62,60,60,61,62,61,63,59,63,62,62,62,60,61,61,60,61,60,61,62,61,62,61,64,60,60,61,60,59,62,59,62,59,61,62,61,62,59,59,63,60,60,60,62,61,59,61,62,60,60,60,59,60,63,60,61,62,60,61,60,61,59,61,61,63,63,60,62,60,61,60,62,60,62,60,60,61,60,62,60,62,62,60,59,62,63,61,59,60,60,59,60,61,61,60,60,61,60,63,61,60,59,59,60,62,61,60,60,61,63,60,60,61,60,61,60,60,63,61,61,60,61,59,62,59,59,60,61,62,61,60,60,60,61,60,60,60,59,62,62,61,61,60,60,61,61,59,60,61,62,59,61,60,
62,61,61,62,61,62,60,61,60,60,63,62,62,61,60,63,62,61,63,61,62,62,60,62,62,61,61,61,62,61,63,60,60,61,60,61,61,60,60,62,61,61,60,61,61,62,63,61,60,61,62,61,61,62,61,62,62,62,61,62,60,61,61,61,61,61,61,61,61,62,60,61,61,62,60,62,61,60,60,60,61,61,61,61,62,60,62,63,60,61,62,62,61,61,63,60,60,62,63,61,63,61,62,63,60,63,61,62,61,62,61,60,62,61,63,61,63,61,61,62,61,62,60,61,60,61,62,62,62,61,61,60,62,60,62,60,62,62,62,63,60,60,60,63,61,62,61,62,61,62,61,62,63,61,61,60,60,61,62,63,60,61,62,62,62,60,62,60,62,62,62,61,61,64,62,63,62,64,62,62,61,61,61,61,60,62,61,63,63,63,62,63,62,60,63,60,62,62,61,61,62,60,62,62,62,61,60,61,62,61,62,62,61,63,63,63,61,61,61,61,61,61,60,62,61,62,60,63,60,62,61,62,61,60,61,60,61,61,62,62,61,62,62,62,61,61,62,62,61,60,60,62,61,63,63,61,
63,61,62,63,61,61,61,63,62,61,62,62,61,62,62,61,63,62,62,62,62,62,62,63,63,62,62,62,64,62,62,62,61,63,63,61,61,63,61,62,62,62,62,61,61,61,62,61,64,61,61,62,61,62,62,64,62,61,62,61,62,61,62,61,61,62,62,61,61,61,62,61,62,63,62,62,61,63,62,62,63,62,62,62,61,63,61,62,61,61,62,61,62,62,62,62,61,62,64,62,63,62,61,62,63,63,61,62,61,63,62,64,63,61,62,62,63,62,61,63,62,63,62,63,62,61,62,62,63,62,63,62,63,61,62,64,61,63,63,62,62,61,64,63,61,61,61,63,62,62,61,61,61,62,61,62,62,61,62,63,62,61,63,63,62,61,63,62,62,62,61,64,61,64,62,64,62,62,63,62,61,62,62,61,61,61,61,62,61,61,63,63,62,61,61,62,62,63,61,63,63,61,62,62,62,62,63,61,62,62,62,62,62,62,63,63,62,62,62,62,62,62,63,62,62,62,63,63,61,62,61,63,62,61,62,62,62,62,62,62,61,62,64,61,62,61,62,61,62,61,63,62,62,62,63,62,
63,63,63,63,63,64,63,62,64,63,63,62,63,62,63,62,63,62,63,63,63,62,62,63,63,64,63,63,62,62,64,63,63,62,63,63,62,62,62,62,62,62,63,62,62,62,62,62,63,62,64,62,63,63,63,62,62,62,63,63,63,62,63,63,62,62,62,62,62,62,62,63,62,63,62,62,62,62,62,63,63,62,62,62,62,62,63,62,63,64,62,64,62,62,63,63,64,62,63,62,63,62,62,62,63,64,63,63,63,63,63,64,62,63,62,63,63,64,64,62,63,63,63,62,62,63,63,63,63,63,64,64,63,63,62,63,63,63,63,62,63,62,63,63,63,62,62,62,63,63,63,63,62,62,62,62,64,62,62,62,62,63,64,63,63,63,63,63,63,62,63,64,63,62,63,62,63,63,62,62,63,63,64,62,62,62,62,62,62,63,62,64,62,62,63,62,63,62,63,62,63,62,62,64,63,62,63,63,63,62,63,63,62,62,63,63,62,62,63,63,63,63,63,63,63,63,64,62,63,64,62,64,63,62,62,62,63,63,63,62,63,62,62,63,62,62,63,62,62,62,62,62,63,63,63,62,
64,63,64,63,64,63,63,63,63,64,63,63,64,63,64,63,63,63,63,64,64,63,63,64,64,64,63,63,63,63,64,64,63,63,63,63,63,63,63,63,63,63,64,64,63,63,63,63,63,63,63,64,63,63,63,64,64,63,63,63,63,63,63,64,64,64,63,64,64,63,63,63,63,64,64,64,64,63,63,63,63,63,63,64,63,64,64,63,63,64,63,63,63,64,63,63,63,63,63,63,63,63,63,63,63,63,63,63,63,63,63,64,63,63,63,64,63,63,64,63,64,64,63,63,64,63,63,63,63,64,64,63,63,63,63,63,64,63,64,63,64,63,63,64,63,64,63,64,64,64,63,64,63,63,64,63,63,63,63,63,64,63,63,64,64,63,63,63,63,63,64,63,64,64,63,63,63,64,63,63,63,64,64,64,64,63,63,64,63,63,63,63,63,64,64,63,63,63,63,64,63,64,63,63,63,63,63,63,64,63,63,63,63,63,63,64,63,63,63,64,64,63,63,63,63,64,64,64,64,63,64,63,64,63,63,63,63,64,63,64,64,63,63,64,63,63,63,63,63,63,63,63,63,63,64,63,
64,64,64,64,64,64,64,64,64,64,64,64,64,64,64,64,64,64,64,64,64,64,64,64,64,64,64,64,64,64,64,64,64,64,64,64,64,64,64,64,64,64,64,64,64,64,64,64,64,64,64,64,64,64,64,64,64,64,64,64,64,64,64,64,64,64,64,64,64,64,64,64,64,64,64,64,64,64,64,64,64,64,64,64,64,64,64,64,64,64,64,64,64,64,64,64,64,64,64,64,64,64,64,64,64,64,64,64,64,64,64,64,64,64,64,64,64,64,64,64,64,64,64,64,64,64,64,64,64,64,64,64,64,64,64,64,64,64,64,64,64,64,64,64,64,64,64,64,64,64,64,64,64,64,64,64,64,64,64,64,64,64,64,64,64,64,64,64,64,64,64,64,64,64,64,64,64,64,64,64,64,64,64,64,64,64,64,64,64,64,64,64,64,64,64,64,64,64,64,64,64,64,64,64,64,64,64,64,64,64,64,64,64,64,64,64,64,64,64,64,64,64,64,64,64,64,64,64,64,64,64,64,64,64,64,64,64,64,64,64,64,64,64,64,64,64,64,64,64,64,64,64,64,64,64,64,