[64, 256, 128]
0,0,0,0,0,0,0,0,0,0,0,0,0,0,0,0,0,0,0,0,0,0,0,0,0,0,0,0,0,0,0,0,0,0,0,0,0,0,0,0,0,0,0,0,0,0,0,0,0,0,0,0,0,0,0,0,0,0,0,0,0,0,0,0,0,0,0,0,0,0,0,0,0,0,0,0,0,0,0,0,0,0,0,0,0,0,0,0,0,0,0,0,0,0,0,0,0,0,0,0,0,0,0,0,0,0,0,0,0,0,0,0,0,0,0,0,0,0,0,0,0,0,0,0,0,0,0,0,0,0,0,0,0,0,0,0,0,0,0,0,0,0,0,0,0,0,0,0,0,0,0,0,0,0,0,0,0,0,0,0,0,0,0,0,0,0,0,0,0,0,0,0,0,0,0,0,0,0,0,0,0,0,0,0,0,0,0,0,0,0,0,0,0,0,0,0,0,0,0,0,0,0,0,0,0,0,0,0,0,0,0,0,0,0,0,0,0,0,0,0,0,0,0,0,0,0,0,0,0,0,0,0,0,0,0,0,0,0,0,0,0,0,0,0,0,0,0,0,0,0,0,0,0,0,0,0,
0,0,0,0,0,0,0,0,0,0,0,0,0,0,0,0,0,0,0,0,0,0,0,0,0,0,0,0,0,0,0,0,0,0,0,0,0,0,0,0,0,0,0,0,0,0,0,0,0,0,0,0,0,0,0,0,0,0,0,0,0,0,0,0,0,0,0,0,0,0,0,0,0,0,0,0,0,0,0,0,0,0,0,0,0,0,0,0,0,0,0,0,0,0,0,0,0,0,0,0,0,0,0,0,0,0,0,0,0,0,0,0,0,0,0,0,0,0,0,0,0,0,0,0,0,0,0,0,0,0,0,0,0,0,0,0,0,0,0,0,0,0,0,0,0,0,0,0,0,0,0,0,0,0,0,0,0,0,0,0,0,0,0,0,0,0,0,0,0,0,0,0,0,0,0,0,0,0,0,0,0,0,0,0,0,0,0,0,0,0,0,0,0,0,0,0,0,0,0,0,0,0,0,0,0,0,0,0,0,0,0,0,0,0,0,0,0,0,0,0,0,0,0,0,0,0,0,0,0,0,0,0,0,0,0,0,0,0,0,0,0,0,0,0,0,0,0,0,0,0,0,0,0,0,0,0,
0,0,0,0,0,0,0,0,0,0,0,0,0,0,0,0,0,0,0,0,0,0,0,0,0,0,0,0,0,0,0,0,0,0,0,0,0,0,0,0,0,0,0,0,0,0,0,0,0,0,0,0,0,0,0,0,0,0,0,0,0,0,0,0,0,0,0,0,0,0,0,0,0,0,0,0,0,0,0,0,0,0,0,0,0,0,0,0,0,0,0,0,0,0,0,0,0,0,0,0,0,0,0,0,0,0,0,0,0,0,0,0,0,0,0,0,0,0,0,0,0,0,0,0,0,0,0,0,0,0,0,0,0,0,0,0,0,0,0,0,0,0,0,0,0,0,0,0,0,0,0,0,0,0,0,0,0,0,0,0,0,0,0,0,0,0,0,0,0,0,0,0,0,0,0,0,0,0,0,0,0,0,0,0,0,0,0,0,0,0,0,0,0,0,0,0,0,0,0,0,0,0,0,0,0,0,0,0,0,0,0,0,0,0,0,0,0,0,0,0,0,0,0,0,0,0,0,0,0,0,0,0,0,0,0,0,0,0,0,0,0,0,0,0,0,0,0,0,0,0,0,0,0,0,0,0,
0,0,0,0,0,0,0,0,0,0,0,0,0,0,0,0,0,0,0,0,0,0,0,0,0,0,0,0,0,0,0,0,0,0,0,0,0,0,0,0,0,0,0,0,0,0,0,0,0,0,0,0,0,0,0,0,0,0,0,0,0,0,0,0,0,0,0,0,0,0,0,0,0,0,0,0,0,0,0,0,0,0,0,0,0,0,0,0,0,0,0,0,0,0,0,0,0,0,0,0,0,0,0,0,0,0,0,0,0,0,0,0,0,0,0,0,0,0,0,0,0,0,0,0,0,0,0,0,0,0,0,0,0,0,0,0,0,0,0,0,0,0,0,0,0,0,0,0,0,0,0,0,0,0,0,0,0,0,0,0,0,0,0,0,0,0,0,0,0,0,0,0,0,0,0,0,0,0,0,0,0,0,0,0,0,0,0,0,0,0,0,0,0,0,0,0,0,0,0,0,0,0,0,0,0,0,0,0,0,0,0,0,0,0,0,0,0,0,0,0,0,0,0,0,0,0,0,0,0,0,0,0,0,0,0,0,0,0,0,0,0,0,0,0,0,0,0,0,0,0,0,0,0,0,0,0,
0,0,0,0,0,0,0,0,0,0,0,0,0,0,0,0,0,0,0,0,0,0,0,0,0,0,0,0,0,0,0,0,0,0,0,0,0,0,0,0,0,0,0,0,0,0,0,0,0,0,0,0,0,0,0,0,0,0,0,0,0,0,0,0,0,0,0,0,0,0,0,0,0,0,0,0,0,0,0,0,0,0,0,0,0,0,0,0,0,0,0,0,0,0,0,0,0,0,0,0,0,0,0,0,0,0,0,0,0,0,0,0,0,0,0,0,0,0,0,0,0,0,0,0,0,0,0,0,0,0,0,0,0,0,0,0,0,0,0,0,0,0,0,0,0,0,0,0,0,0,0,0,0,0,0,0,0,0,0,0,0,0,0,0,0,0,0,0,0,0,0,0,0,0,0,0,0,0,0,0,0,0,0,0,0,0,0,0,0,0,0,0,0,0,0,0,0,0,0,0,0,0,0,0,0,0,0,0,0,0,0,0,0,0,0,0,0,0,0,0,0,0,0,0,0,0,0,0,0,0,0,0,0,0,0,0,0,0,0,0,0,0,0,0,0,0,0,0,0,0,0,0,0,0,0,0,
0,0,0,0,0,0,0,0,0,0,0,0,0,0,0,0,0,0,0,0,0,0,0,0,0,0,0,0,0,0,0,0,0,0,0,0,0,0,0,0,0,0,0,0,0,0,0,0,0,0,0,0,0,0,0,0,0,0,0,0,0,0,0,0,0,0,0,0,0,0,0,0,0,0,0,0,0,0,0,0,0,0,0,0,0,0,0,0,0,0,0,0,0,0,0,0,0,0,0,0,0,0,0,0,0,0,0,0,0,0,0,0,0,0,0,0,0,0,0,0,0,0,0,0,0,0,0,0,0,0,0,0,0,0,0,0,0,0,0,0,0,0,0,0,0,0,0,0,0,0,0,0,0,0,0,0,0,0,0,0,0,0,0,0,0,0,0,0,0,0,0,0,0,0,0,0,0,0,0,0,0,0,0,0,0,0,0,0,0,0,0,0,0,0,0,0,0,0,0,0,0,0,0,0,0,0,0,0,0,0,0,0,0,0,0,0,0,0,0,0,0,0,0,0,0,0,0,0,0,0,0,0,0,0,0,0,0,0,0,0,0,0,0,0,0,0,0,0,0,0,0,0,0,0,0,0,
0,0,0,0,0,0,0,0,0,0,0,0,0,0,0,0,0,0,0,0,0,0,0,0,0,0,0,0,0,0,0,0,0,0,0,0,0,0,0,0,0,0,0,0,0,0,0,0,0,0,0,0,0,0,0,0,0,0,0,0,0,0,0,0,0,0,0,0,0,0,0,0,0,0,0,0,0,0,0,0,0,0,0,0,0,0,0,0,0,0,0,0,0,0,0,0,0,0,0,0,0,0,0,0,0,0,0,0,0,0,0,0,0,0,0,0,0,0,0,0,0,0,0,0,0,0,0,0,0,0,0,0,0,0,0,0,0,0,0,0,0,0,0,0,0,0,0,0,0,0,0,0,0,0,0,0,0,0,0,0,0,0,0,0,0,0,0,0,0,0,0,0,0,0,0,0,0,0,0,0,0,0,0,0,0,0,0,0,0,0,0,0,0,0,0,0,0,0,0,0,0,0,0,0,0,0,0,0,0,0,0,0,0,0,0,0,0,0,0,0,0,0,0,0,0,0,0,0,0,0,0,0,0,0,0,0,0,0,0,0,0,0,0,0,0,0,0,0,0,0,0,0,0,0,0,0,
0,0,0,0,0,0,0,0,0,0,0,0,0,0,0,0,0,0,0,0,0,0,0,0,0,0,0,0,0,0,0,0,0,0,0,0,0,0,0,0,0,0,0,0,0,0,0,0,0,0,0,0,0,0,0,0,0,0,0,0,0,0,0,0,0,0,0,0,0,0,0,0,0,0,0,0,0,0,0,0,0,0,0,0,0,0,0,0,0,0,0,0,0,0,0,0,0,0,0,0,0,0,0,0,0,0,0,0,0,0,0,0,0,0,0,0,0,0,0,0,0,0,0,0,0,0,0,0,0,0,0,0,0,0,0,0,0,0,0,0,0,0,0,0,0,0,0,0,0,0,0,0,0,0,0,0,0,0,0,0,0,0,0,0,0,0,0,0,0,0,0,0,0,0,0,0,0,0,0,0,0,0,0,0,0,0,0,0,0,0,0,0,0,0,0,0,0,0,0,0,0,0,0,0,0,0,0,0,0,0,0,0,0,0,0,0,0,0,0,0,0,0,0,0,0,0,0,0,0,0,0,0,0,0,0,0,0,0,0,0,0,0,0,0,0,0,0,0,0,0,0,0,0,0,0,0,
0,0,0,0,0,0,0,0,0,0,0,0,0,0,0,0,0,0,0,0,0,0,0,0,0,0,0,0,0,0,0,0,0,0,0,0,0,0,0,0,0,0,0,0,0,0,0,0,0,0,0,0,0,0,0,0,0,0,0,0,0,0,0,0,0,0,0,0,0,0,0,0,0,0,0,0,0,0,0,0,0,0,0,0,0,0,0,0,0,0,0,0,0,0,0,0,0,0,0,0,0,0,0,0,0,0,0,0,0,0,0,0,0,0,0,0,0,0,0,0,0,0,0,0,0,0,0,0,0,0,0,0,0,0,0,0,0,0,0,0,0,0,0,0,0,0,0,0,0,0,0,0,0,0,0,0,0,0,0,0,0,0,0,0,0,0,0,0,0,0,0,0,0,0,0,0,0,0,0,0,0,0,0,0,0,0,0,0,0,0,0,0,0,0,0,0,0,0,0,0,0,0,0,0,0,0,0,0,0,0,0,0,0,0,0,0,0,0,0,0,0,0,0,0,0,0,0,0,0,0,0,0,0,0,0,0,0,0,0,0,0,0,0,0,0,0,0,0,0,0,0,0,0,0,0,0,
0,0,0,0,0,0,0,0,0,0,0,0,0,0,0,0,0,0,0,0,0,0,0,0,0,0,0,0,0,0,0,0,0,0,0,0,0,0,0,0,0,0,0,0,0,0,0,0,0,0,0,0,0,0,0,0,0,0,0,0,0,0,0,0,0,0,0,0,0,0,0,0,0,0,0,0,0,0,0,0,0,0,0,0,0,0,0,0,0,0,0,0,0,0,0,0,0,0,0,0,0,0,0,0,0,0,0,0,0,0,0,0,0,0,0,0,0,0,0,0,0,0,0,0,0,0,0,0,0,0,0,0,0,0,0,0,0,0,0,0,0,0,0,0,0,0,0,0,0,0,0,0,0,0,0,0,0,0,0,0,0,0,0,0,0,0,0,0,0,0,0,0,0,0,0,0,0,0,0,0,0,0,0,0,0,0,0,0,0,0,0,0,0,0,0,0,0,0,0,0,0,0,0,0,0,0,0,0,0,0,0,0,0,0,0,0,0,0,0,0,0,0,0,0,0,0,0,0,0,0,0,0,0,0,0,0,0,0,0,0,0,0,0,0,0,0,0,0,0,0,0,0,0,0,0,0,
0,0,0,0,0,0,0,0,0,0,0,0,0,0,0,0,0,0,0,0,0,0,0,0,0,0,0,0,0,0,0,0,0,0,0,0,0,0,0,0,0,0,0,0,0,0,0,0,0,0,0,0,0,0,0,0,0,0,0,0,0,0,0,0,0,0,0,0,0,0,0,0,0,0,0,0,0,0,0,0,0,0,0,0,0,0,0,0,0,0,0,0,0,0,0,0,0,0,0,0,0,0,0,0,0,0,0,0,0,0,0,0,0,0,0,0,0,0,0,0,0,0,0,0,0,0,0,0,0,0,0,0,0,0,0,0,0,0,0,0,0,0,0,0,0,0,0,0,0,0,0,0,0,0,0,0,0,0,0,0,0,0,0,0,0,0,0,0,0,0,0,0,0,0,0,0,0,0,0,0,0,0,0,0,0,0,0,0,0,0,0,0,0,0,0,0,0,0,0,0,0,0,0,0,0,0,0,0,0,0,0,0,0,0,0,0,0,0,0,0,0,0,0,0,0,0,0,0,0,0,0,0,0,0,0,0,0,0,0,0,0,0,0,0,0,0,0,0,0,0,0,0,0,0,0,0,
0,0,0,0,0,0,0,0,0,0,0,0,0,0,0,0,0,0,0,0,0,0,0,0,0,0,0,0,0,0,0,0,0,0,0,0,0,0,0,0,0,0,0,0,0,0,0,0,0,0,0,0,0,0,0,0,0,0,0,0,0,0,0,0,0,0,0,0,0,0,0,0,0,0,0,0,0,0,0,0,0,0,0,0,0,0,0,0,0,0,0,0,0,0,0,0,0,0,0,0,0,0,0,0,0,0,0,0,0,0,0,0,0,0,0,0,0,0,0,0,0,0,0,0,0,0,0,0,0,0,0,0,0,0,0,0,0,0,0,0,0,0,0,0,0,0,0,0,0,0,0,0,0,0,0,0,0,0,0,0,0,0,0,0,0,0,0,0,0,0,0,0,0,0,0,0,0,0,0,0,0,0,0,0,0,0,0,0,0,0,0,0,0,0,0,0,0,0,0,0,0,0,0,0,0,0,0,0,0,0,0,0,0,0,0,0,0,0,0,0,0,0,0,0,0,0,0,0,0,0,0,0,0,0,0,0,0,0,0,0,0,0,0,0,0,0,0,0,0,0,0,0,0,0,0,0,
0,0,0,0,0,0,0,0,0,0,0,0,0,0,0,0,0,0,0,0,0,0,0,0,0,0,0,0,0,0,0,0,0,0,0,0,0,0,0,0,0,0,0,0,0,0,0,0,0,0,0,0,0,0,0,0,0,0,0,0,0,0,0,0,0,0,0,0,0,0,0,0,0,0,0,0,0,0,0,0,0,0,0,0,0,0,0,0,0,0,0,0,0,0,0,0,0,0,0,0,0,0,0,0,0,0,0,0,0,0,0,0,0,0,0,0,0,0,0,0,0,0,0,0,0,0,0,0,0,0,0,0,0,0,0,0,0,0,0,0,0,0,0,0,0,0,0,0,0,0,0,0,0,0,0,0,0,0,0,0,0,0,0,0,0,0,0,0,0,0,0,0,0,0,0,0,0,0,0,0,0,0,0,0,0,0,0,0,0,0,0,0,0,0,0,0,0,0,0,0,0,0,0,0,0,0,0,0,0,0,0,0,0,0,0,0,0,0,0,0,0,0,0,0,0,0,0,0,0,0,0,0,0,0,0,0,0,0,0,0,0,0,0,0,0,0,0,0,0,0,0,0,0,0,0,0,
0,0,0,0,0,0,0,0,0,0,0,0,0,0,0,0,0,0,0,0,0,0,0,0,0,0,0,0,0,0,0,0,0,0,0,0,0,0,0,0,0,0,0,0,0,0,0,0,0,0,0,0,0,0,0,0,0,0,0,0,0,0,0,0,0,0,0,0,0,0,0,0,0,0,0,0,0,0,0,0,0,0,0,0,0,0,0,0,0,0,0,0,0,0,0,0,0,0,0,0,0,0,0,0,0,0,0,0,0,0,0,0,0,0,0,0,0,0,0,0,0,0,0,0,0,0,0,0,0,0,0,0,0,0,0,0,0,0,0,0,0,0,0,0,0,0,0,0,0,0,0,0,0,0,0,0,0,0,0,0,0,0,0,0,0,0,0,0,0,0,0,0,0,0,0,0,0,0,0,0,0,0,0,0,0,0,0,0,0,0,0,0,0,0,0,0,0,0,0,0,0,0,0,0,0,0,0,0,0,0,0,0,0,0,0,0,0,0,0,0,0,0,0,0,0,0,0,0,0,0,0,0,0,0,0,0,0,0,0,0,0,0,0,0,0,0,0,0,0,0,0,0,0,0,0,0,
0,0,0,0,0,0,0,0,0,0,0,0,0,0,0,0,0,0,0,0,0,0,0,0,0,0,0,0,0,0,0,0,0,0,0,0,0,0,0,0,0,0,0,0,0,0,0,0,0,0,0,0,0,0,0,0,0,0,0,0,0,0,0,0,0,0,0,0,0,0,0,0,0,0,0,0,0,0,0,0,0,0,0,0,0,0,0,0,0,0,0,0,0,0,0,0,0,0,0,0,0,0,0,0,0,0,0,0,0,0,0,0,0,0,0,0,0,0,0,0,0,0,0,0,0,0,0,0,0,0,0,0,0,0,0,0,0,0,0,0,0,0,0,0,0,0,0,0,0,0,0,0,0,0,0,0,0,0,0,0,0,0,0,0,0,0,0,0,0,0,0,0,0,0,0,0,0,0,0,0,0,0,0,0,0,0,0,0,0,0,0,0,0,0,0,0,0,0,0,0,0,0,0,0,0,0,0,0,0,0,0,0,0,0,0,0,0,0,0,0,0,0,0,0,0,0,0,0,0,0,0,0,0,0,0,0,0,0,0,0,0,0,0,0,0,0,0,0,0,0,0,0,0,0,0,0,
0,0,0,0,0,0,0,0,0,0,0,0,0,0,0,0,0,0,0,0,0,0,0,0,0,0,0,0,0,0,0,0,0,0,0,0,0,0,0,0,0,0,0,0,0,0,0,0,0,0,0,0,0,0,0,0,0,0,0,0,0,0,0,0,0,0,0,0,0,0,0,0,0,0,0,0,0,0,0,0,0,0,0,0,0,0,0,0,0,0,0,0,0,0,0,0,0,0,0,0,0,0,0,0,0,0,0,0,0,0,0,0,0,0,0,0,0,0,0,0,0,0,0,0,0,0,0,0,0,0,0,0,0,0,0,0,0,0,0,0,0,0,0,0,0,0,0,0,0,0,0,0,0,0,0,0,0,0,0,0,0,0,0,0,0,0,0,0,0,0,0,0,0,0,0,0,0,0,0,0,0,0,0,0,0,0,0,0,0,0,0,0,0,0,0,0,0,0,0,0,0,0,0,0,0,0,0,0,0,0,0,0,0,0,0,0,0,0,0,0,0,0,0,0,0,0,0,0,0,0,0,0,0,0,0,0,0,0,0,0,0,0,0,0,0,0,0,0,0,0,0,0,0,0,0,0,
0,0,0,0,0,0,0,0,0,0,0,0,0,0,0,0,0,0,0,0,0,0,0,0,0,0,0,0,0,0,0,0,0,0,0,0,0,0,0,0,0,0,0,0,0,0,0,0,0,0,0,0,0,0,0,0,0,0,0,0,0,0,0,0,0,0,0,0,0,0,0,0,0,0,0,0,0,0,0,0,0,0,0,0,0,0,0,0,0,0,0,0,0,0,0,0,0,0,0,0,0,0,0,0,0,0,0,0,0,0,0,0,0,0,0,0,0,0,0,0,0,0,0,0,0,0,0,0,0,0,0,0,0,0,0,0,0,0,0,0,0,0,0,0,0,0,0,0,0,0,0,0,0,0,0,0,0,0,0,0,0,0,0,0,0,0,0,0,0,0,0,0,0,0,0,0,0,0,0,0,0,0,0,0,0,0,0,0,0,0,0,0,0,0,0,0,0,0,0,0,0,0,0,0,0,0,0,0,0,0,0,0,0,0,0,0,0,0,0,0,0,0,0,0,0,0,0,0,0,0,0,0,0,0,0,0,0,0,0,0,0,0,0,0,0,0,0,0,0,0,0,0,0,0,0,0,
0,0,0,0,0,0,0,0,0,0,0,0,0,0,0,0,0,0,0,0,0,0,0,0,0,0,0,0,0,0,0,0,0,0,0,0,0,0,0,0,0,0,0,0,0,0,0,0,0,0,0,0,0,0,0,0,0,0,0,0,0,0,0,0,0,0,0,0,0,0,0,0,0,0,0,0,0,0,0,0,0,0,0,0,0,0,0,0,0,0,0,0,0,0,0,0,0,0,0,0,0,0,0,0,0,0,0,0,0,0,0,0,0,0,0,0,0,0,0,0,0,0,0,0,0,0,0,0,0,0,0,0,0,0,0,0,0,0,0,0,0,0,0,0,0,0,0,0,0,0,0,0,0,0,0,0,0,0,0,0,0,0,0,0,0,0,0,0,0,0,0,0,0,0,0,0,0,0,0,0,0,0,0,0,0,0,0,0,0,0,0,0,0,0,0,0,0,0,0,0,0,0,0,0,0,0,0,0,0,0,0,0,0,0,0,0,0,0,0,0,0,0,0,0,0,0,0,0,0,0,0,0,0,0,0,0,0,0,0,0,0,0,0,0,0,0,0,0,0,0,0,0,0,0,0,0,
0,0,0,0,0,0,0,0,0,0,0,0,0,0,0,0,0,0,0,0,0,0,0,0,0,0,0,0,0,0,0,0,0,0,0,0,0,0,0,0,0,0,0,0,0,0,0,0,0,0,0,0,0,0,0,0,0,0,0,0,0,0,0,0,0,0,0,0,0,0,0,0,0,0,0,0,0,0,0,0,0,0,0,0,0,0,0,0,0,0,0,0,0,0,0,0,0,0,0,0,0,0,0,0,0,0,0,0,0,0,0,0,0,0,0,0,0,0,0,0,0,0,0,0,0,0,0,0,0,0,0,0,0,0,0,0,0,0,0,0,0,0,0,0,0,0,0,0,0,0,0,0,0,0,0,0,0,0,0,0,0,0,0,0,0,0,0,0,0,0,0,0,0,0,0,0,0,0,0,0,0,0,0,0,0,0,0,0,0,0,0,0,0,0,0,0,0,0,0,0,0,0,0,0,0,0,0,0,0,0,0,0,0,0,0,0,0,0,0,0,0,0,0,0,0,0,0,0,0,0,0,0,0,0,0,0,0,0,0,0,0,0,0,0,0,0,0,0,0,0,0,0,0,0,0,0,
0,0,0,0,0,0,0,0,0,0,0,0,0,0,0,0,0,0,0,0,0,0,0,0,0,0,0,0,0,0,0,0,0,0,0,0,0,0,0,0,0,0,0,0,0,0,0,0,0,0,0,0,0,0,0,0,0,0,0,0,0,0,0,0,0,0,0,0,0,0,0,0,0,0,0,0,0,0,0,0,0,0,0,0,0,0,0,0,0,0,0,0,0,0,0,0,0,0,0,0,0,0,0,0,0,0,0,0,0,0,0,0,0,0,0,0,0,0,0,0,0,0,0,0,0,0,0,0,0,0,0,0,0,0,0,0,0,0,0,0,0,0,0,0,0,0,0,0,0,0,0,0,0,0,0,0,0,0,0,0,0,0,0,0,0,0,0,0,0,0,0,0,0,0,0,0,0,0,0,0,0,0,0,0,0,0,0,0,0,0,0,0,0,0,0,0,0,0,0,0,0,0,0,0,0,0,0,0,0,0,0,0,0,0,0,0,0,0,0,0,0,0,0,0,0,0,0,0,0,0,0,0,0,0,0,0,0,0,0,0,0,0,0,0,0,0,0,0,0,0,0,0,0,0,0,0,
0,0,0,0,0,0,0,0,0,0,0,0,0,0,0,0,0,0,0,0,0,0,0,0,0,0,0,0,0,0,0,0,0,0,0,0,0,0,0,0,0,0,0,0,0,0,0,0,0,0,0,0,0,0,0,0,0,0,0,0,0,0,0,0,0,0,0,0,0,0,0,0,0,0,0,0,0,0,0,0,0,0,0,0,0,0,0,0,0,0,0,0,0,0,0,0,0,0,0,0,0,0,0,0,0,0,0,0,0,0,0,0,0,0,0,0,0,0,0,0,0,0,0,0,0,0,0,0,0,0,0,0,0,0,0,0,0,0,0,0,0,0,0,0,0,0,0,0,0,0,0,0,0,0,0,0,0,0,0,0,0,0,0,0,0,0,0,0,0,0,0,0,0,0,0,0,0,0,0,0,0,0,0,0,0,0,0,0,0,0,0,0,0,0,0,0,0,0,0,0,0,0,0,0,0,0,0,0,0,0,0,0,0,0,0,0,0,0,0,0,0,0,0,0,0,0,0,0,0,0,0,0,0,0,0,0,0,0,0,0,0,0,0,0,0,0,0,0,0,0,0,0,0,0,0,0,
0,0,0,0,0,0,0,0,0,0,0,0,0,0,0,0,0,0,0,0,0,0,0,0,0,0,0,0,0,0,0,0,0,0,0,0,0,0,0,0,0,0,0,0,0,0,0,0,0,0,0,0,0,0,0,0,0,0,0,0,0,0,0,0,0,0,0,0,0,0,0,0,0,0,0,0,0,0,0,0,0,0,0,0,0,0,0,0,0,0,0,0,0,0,0,0,0,0,0,0,0,0,0,0,0,0,0,0,0,0,0,0,0,0,0,0,0,0,0,0,0,0,0,0,0,0,0,0,0,0,0,0,0,0,0,0,0,0,0,0,0,0,0,0,0,0,0,0,0,0,0,0,0,0,0,0,0,0,0,0,0,0,0,0,0,0,0,0,0,0,0,0,0,0,0,0,0,0,0,0,0,0,0,0,0,0,0,0,0,0,0,0,0,0,0,0,0,0,0,0,0,0,0,0,0,0,0,0,0,0,0,0,0,0,0,0,0,0,0,0,0,0,0,0,0,0,0,0,0,0,0,0,0,0,0,0,0,0,0,0,0,0,0,0,0,0,0,0,0,0,0,0,0,0,0,0,
0,0,0,0,0,0,0,0,0,0,0,0,0,0,0,0,0,0,0,0,0,0,0,0,0,0,0,0,0,0,0,0,0,0,0,0,0,0,0,0,0,0,0,0,0,0,0,0,0,0,0,0,0,0,0,0,0,0,0,0,0,0,0,0,0,0,0,0,0,0,0,0,0,0,0,0,0,0,0,0,0,0,0,0,0,0,0,0,0,0,0,0,0,0,0,0,0,0,0,0,0,0,0,0,0,0,0,0,0,0,0,0,0,0,0,0,0,0,0,0,0,0,0,0,0,0,0,0,0,0,0,0,0,0,0,0,0,0,0,0,0,0,0,0,0,0,0,0,0,0,0,0,0,0,0,0,0,0,0,0,0,0,0,0,0,0,0,0,0,0,0,0,0,0,0,0,0,0,0,0,0,0,0,0,0,0,0,0,0,0,0,0,0,0,0,0,0,0,0,0,0,0,0,0,0,0,0,0,0,0,0,0,0,0,0,0,0,0,0,0,0,0,0,0,0,0,0,0,0,0,0,0,0,0,0,0,0,0,0,0,0,0,0,0,0,0,0,0,0,0,0,0,0,0,0,0,
0,0,0,0,0,0,0,0,0,0,0,0,0,0,0,0,0,0,0,0,0,0,0,0,0,0,0,0,0,0,0,0,0,0,0,0,0,0,0,0,0,0,0,0,0,0,0,0,0,0,0,0,0,0,0,0,0,0,0,0,0,0,0,0,0,0,0,0,0,0,0,0,0,0,0,0,0,0,0,0,0,0,0,0,0,0,0,0,0,0,0,0,0,0,0,0,0,0,0,0,0,0,0,0,0,0,0,0,0,0,0,0,0,0,0,0,0,0,0,0,0,0,0,0,0,0,0,0,0,0,0,0,0,0,0,0,0,0,0,0,0,0,0,0,0,0,0,0,0,0,0,0,0,0,0,0,0,0,0,0,0,0,0,0,0,0,0,0,0,0,0,0,0,0,0,0,0,0,0,0,0,0,0,0,0,0,0,0,0,0,0,0,0,0,0,0,0,0,0,0,0,0,0,0,0,0,0,0,0,0,0,0,0,0,0,0,0,0,0,0,0,0,0,0,0,0,0,0,0,0,0,0,0,0,0,0,0,0,0,0,0,0,0,0,0,0,0,0,0,0,0,0,0,0,0,0,
0,0,0,0,0,0,0,0,0,0,0,0,0,0,0,0,0,0,0,0,0,0,0,0,0,0,0,0,0,0,0,0,0,0,0,0,0,0,0,0,0,0,0,0,0,0,0,0,0,0,0,0,0,0,0,0,0,0,0,0,0,0,0,0,0,0,0,0,0,0,0,0,0,0,0,0,0,0,0,0,0,0,0,0,0,0,0,0,0,0,0,0,0,0,0,0,0,0,0,0,0,0,0,0,0,0,0,0,0,0,0,0,0,0,0,0,0,0,0,0,0,0,0,0,0,0,0,0,0,0,0,0,0,0,0,0,0,0,0,0,0,0,0,0,0,0,0,0,0,0,0,0,0,0,0,0,0,0,0,0,0,0,0,0,0,0,0,0,0,0,0,0,0,0,0,0,0,0,0,0,0,0,0,0,0,0,0,0,0,0,0,0,0,0,0,0,0,0,0,0,0,0,0,0,0,0,0,0,0,0,0,0,0,0,0,0,0,0,0,0,0,0,0,0,0,0,0,0,0,0,0,0,0,0,0,0,0,0,0,0,0,0,0,0,0,0,0,0,0,0,0,0,0,0,0,0,
0,0,0,0,0,0,0,0,0,0,0,0,0,0,0,0,0,0,0,0,0,0,0,0,0,0,0,0,0,0,0,0,0,0,0,0,0,0,0,0,0,0,0,0,0,0,0,0,0,0,0,0,0,0,0,0,0,0,0,0,0,0,0,0,0,0,0,0,0,0,0,0,0,0,0,0,0,0,0,0,0,0,0,0,0,0,0,0,0,0,0,0,0,0,0,0,0,0,0,0,0,0,0,0,0,0,0,0,0,0,0,0,0,0,0,0,0,0,0,0,0,0,0,0,0,0,0,0,0,0,0,0,0,0,0,0,0,0,0,0,0,0,0,0,0,0,0,0,0,0,0,0,0,0,0,0,0,0,0,0,0,0,0,0,0,0,0,0,0,0,0,0,0,0,0,0,0,0,0,0,0,0,0,0,0,0,0,0,0,0,0,0,0,0,0,0,0,0,0,0,0,0,0,0,0,0,0,0,0,0,0,0,0,0,0,0,0,0,0,0,0,0,0,0,0,0,0,0,0,0,0,0,0,0,0,0,0,0,0,0,0,0,0,0,0,0,0,0,0,0,0,0,0,0,0,0,
0,0,0,0,0,0,0,0,0,0,0,0,0,0,0,0,0,0,0,0,0,0,0,0,0,0,0,0,0,0,0,0,0,0,0,0,0,0,0,0,0,0,0,0,0,0,0,0,0,0,0,0,0,0,0,0,0,0,0,0,0,0,0,0,0,0,0,0,0,0,0,0,0,0,0,0,0,0,0,0,0,0,0,0,0,0,0,0,0,0,0,0,0,0,0,0,0,0,0,0,0,0,0,0,0,0,0,0,0,0,0,0,0,0,0,0,0,0,0,0,0,0,0,0,0,0,0,0,0,0,0,0,0,0,0,0,0,0,0,0,0,0,0,0,0,0,0,0,0,0,0,0,0,0,0,0,0,0,0,0,0,0,0,0,0,0,0,0,0,0,0,0,0,0,0,0,0,0,0,0,0,0,0,0,0,0,0,0,0,0,0,0,0,0,0,0,0,0,0,0,0,0,0,0,0,0,0,0,0,0,0,0,0,0,0,0,0,0,0,0,0,0,0,0,0,0,0,0,0,0,0,0,0,0,0,0,0,0,0,0,0,0,0,0,0,0,0,0,0,0,0,0,0,0,0,0,
0,0,0,0,0,0,0,0,0,0,0,0,0,0,0,0,0,0,0,0,0,0,0,0,0,0,0,0,0,0,0,0,0,0,0,0,0,0,0,0,0,0,0,0,0,0,0,0,0,0,0,0,0,0,0,0,0,0,0,0,0,0,0,0,0,0,0,0,0,0,0,0,0,0,0,0,0,0,0,0,0,0,0,0,0,0,0,0,0,0,0,0,0,0,0,0,0,0,0,0,0,0,0,0,0,0,0,0,0,0,0,0,0,0,0,0,0,0,0,0,0,0,0,0,0,0,0,0,0,0,0,0,0,0,0,0,0,0,0,0,0,0,0,0,0,0,0,0,0,0,0,0,0,0,0,0,0,0,0,0,0,0,0,0,0,0,0,0,0,0,0,0,0,0,0,0,0,0,0,0,0,0,0,0,0,0,0,0,0,0,0,0,0,0,0,0,0,0,0,0,0,0,0,0,0,0,0,0,0,0,0,0,0,0,0,0,0,0,0,0,0,0,0,0,0,0,0,0,0,0,0,0,0,0,0,0,0,0,0,0,0,0,0,0,0,0,0,0,0,0,0,0,0,0,0,0,
0,0,0,0,0,0,0,0,0,0,0,0,0,0,0,0,0,0,0,0,0,0,0,0,0,0,0,0,0,0,0,0,0,0,0,0,0,0,0,0,0,0,0,0,0,0,0,0,0,0,0,0,0,0,0,0,0,0,0,0,0,0,0,0,0,0,0,0,0,0,0,0,0,0,0,0,0,0,0,0,0,0,0,0,0,0,0,0,0,0,0,0,0,0,0,0,0,0,0,0,0,0,0,0,0,0,0,0,0,0,0,0,0,0,0,0,0,0,0,0,0,0,0,0,0,0,0,0,0,0,0,0,0,0,0,0,0,0,0,0,0,0,0,0,0,0,0,0,0,0,0,0,0,0,0,0,0,0,0,0,0,0,0,0,0,0,0,0,0,0,0,0,0,0,0,0,0,0,0,0,0,0,0,0,0,0,0,0,0,0,0,0,0,0,0,0,0,0,0,0,0,0,0,0,0,0,0,0,0,0,0,0,0,0,0,0,0,0,0,0,0,0,0,0,0,0,0,0,0,0,0,0,0,0,0,0,0,0,0,0,0,0,0,0,0,0,0,0,0,0,0,0,0,0,0,0,
0,0,0,0,0,0,0,0,0,0,0,0,0,0,0,0,0,0,0,0,0,0,0,0,0,0,0,0,0,0,0,0,0,0,0,0,0,0,0,0,0,0,0,0,0,0,0,0,0,0,0,0,0,0,0,0,0,0,0,0,0,0,0,0,0,0,0,0,0,0,0,0,0,0,0,0,0,0,0,0,0,0,0,0,0,0,0,0,0,0,0,0,0,0,0,0,0,0,0,0,0,0,0,0,0,0,0,0,0,0,0,0,0,0,0,0,0,0,0,0,0,0,0,0,0,0,0,0,0,0,0,0,0,0,0,0,0,0,0,0,0,0,0,0,0,0,0,0,0,0,0,0,0,0,0,0,0,0,0,0,0,0,0,0,0,0,0,0,0,0,0,0,0,0,0,0,0,0,0,0,0,0,0,0,0,0,0,0,0,0,0,0,0,0,0,0,0,0,0,0,0,0,0,0,0,0,0,0,0,0,0,0,0,0,0,0,0,0,0,0,0,0,0,0,0,0,0,0,0,0,0,0,0,0,0,0,0,0,0,0,0,0,0,0,0,0,0,0,0,0,0,0,0,0,0,0,
0,0,0,0,0,0,0,0,0,0,0,0,0,0,0,0,0,0,0,0,0,0,0,0,0,0,0,0,0,0,0,0,0,0,0,0,0,0,0,0,0,0,0,0,0,0,0,0,0,0,0,0,0,0,0,0,0,0,0,0,0,0,0,0,0,0,0,0,0,0,0,0,0,0,0,0,0,0,0,0,0,0,0,0,0,0,0,0,0,0,0,0,0,0,0,0,0,0,0,0,0,0,0,0,0,0,0,0,0,0,0,0,0,0,0,0,0,0,0,0,0,0,0,0,0,0,0,0,0,0,0,0,0,0,0,0,0,0,0,0,0,0,0,0,0,0,0,0,0,0,0,0,0,0,0,0,0,0,0,0,0,0,0,0,0,0,0,0,0,0,0,0,0,0,0,0,0,0,0,0,0,0,0,0,0,0,0,0,0,0,0,0,0,0,0,0,0,0,0,0,0,0,0,0,0,0,0,0,0,0,0,0,0,0,0,0,0,0,0,0,0,0,0,0,0,0,0,0,0,0,0,0,0,0,0,0,0,0,0,0,0,0,0,0,0,0,0,0,0,0,0,0,0,0,0,0,
0,0,0,0,0,0,0,0,0,0,0,0,0,0,0,0,0,0,0,0,0,0,0,0,0,0,0,0,0,0,0,0,0,0,0,0,0,0,0,0,0,0,0,0,0,0,0,0,0,0,0,0,0,0,0,0,0,0,0,0,0,0,0,0,0,0,0,0,0,0,0,0,0,0,0,0,0,0,0,0,0,0,0,0,0,0,0,0,0,0,0,0,0,0,0,0,0,0,0,0,0,0,0,0,0,0,0,0,0,0,0,0,0,0,0,0,0,0,0,0,0,0,0,0,0,0,0,0,0,0,0,0,0,0,0,0,0,0,0,0,0,0,0,0,0,0,0,0,0,0,0,0,0,0,0,0,0,0,0,0,0,0,0,0,0,0,0,0,0,0,0,0,0,0,0,0,0,0,0,0,0,0,0,0,0,0,0,0,0,0,0,0,0,0,0,0,0,0,0,0,0,0,0,0,0,0,0,0,0,0,0,0,0,0,0,0,0,0,0,0,0,0,0,0,0,0,0,0,0,0,0,0,0,0,0,0,0,0,0,0,0,0,0,0,0,0,0,0,0,0,0,0,0,0,0,0,
0,0,0,0,0,0,0,0,0,0,0,0,0,0,0,0,0,0,0,0,0,0,0,0,0,0,0,0,0,0,0,0,0,0,0,0,0,0,0,0,0,0,0,0,0,0,0,0,0,0,0,0,0,0,0,0,0,0,0,0,0,0,0,0,0,0,0,0,0,0,0,0,0,0,0,0,0,0,0,0,0,0,0,0,0,0,0,0,0,0,0,0,0,0,0,0,0,0,0,0,0,0,0,0,0,0,0,0,0,0,0,0,0,0,0,0,0,0,0,0,0,0,0,0,0,0,0,0,0,0,0,0,0,0,0,0,0,0,0,0,0,0,0,0,0,0,0,0,0,0,0,0,0,0,0,0,0,0,0,0,0,0,0,0,0,0,0,0,0,0,0,0,0,0,0,0,0,0,0,0,0,0,0,0,0,0,0,0,0,0,0,0,0,0,0,0,0,0,0,0,0,0,0,0,0,0,0,0,0,0,0,0,0,0,0,0,0,0,0,0,0,0,0,0,0,0,0,0,0,0,0,0,0,0,0,0,0,0,0,0,0,0,0,0,0,0,0,0,0,0,0,0,0,0,0,0,
0,0,0,0,0,0,0,0,0,0,0,0,0,0,0,0,0,0,0,0,0,0,0,0,0,0,0,0,0,0,0,0,0,0,0,0,0,0,0,0,0,0,0,0,0,0,0,0,0,0,0,0,0,0,0,0,0,0,0,0,0,0,0,0,0,0,0,0,0,0,0,0,0,0,0,0,0,0,0,0,0,0,0,0,0,0,0,0,0,0,0,0,0,0,0,0,0,0,0,0,0,0,0,0,0,0,0,0,0,0,0,0,0,0,0,0,0,0,0,0,0,0,0,0,0,0,0,0,0,0,0,0,0,0,0,0,0,0,0,0,0,0,0,0,0,0,0,0,0,0,0,0,0,0,0,0,0,0,0,0,0,0,0,0,0,0,0,0,0,0,0,0,0,0,0,0,0,0,0,0,0,0,0,0,0,0,0,0,0,0,0,0,0,0,0,0,0,0,0,0,0,0,0,0,0,0,0,0,0,0,0,0,0,0,0,0,0,0,0,0,0,0,0,0,0,0,0,0,0,0,0,0,0,0,0,0,0,0,0,0,0,0,0,0,0,0,0,0,0,0,0,0,0,0,0,0,
0,0,0,0,0,0,0,0,0,0,0,0,0,0,0,0,0,0,0,0,0,0,0,0,0,0,0,0,0,0,0,0,0,0,0,0,0,0,0,0,0,0,0,0,0,0,0,0,0,0,0,0,0,0,0,0,0,0,0,0,0,0,0,0,0,0,0,0,0,0,0,0,0,0,0,0,0,0,0,0,0,0,0,0,0,0,0,0,0,0,0,0,0,0,0,0,0,0,0,0,0,0,0,0,0,0,0,0,0,0,0,0,0,0,0,0,0,0,0,0,0,0,0,0,0,0,0,0,0,0,0,0,0,0,0,0,0,0,0,0,0,0,0,0,0,0,0,0,0,0,0,0,0,0,0,0,0,0,0,0,0,0,0,0,0,0,0,0,0,0,0,0,0,0,0,0,0,0,0,0,0,0,0,0,0,0,0,0,0,0,0,0,0,0,0,0,0,0,0,0,0,0,0,0,0,0,0,0,0,0,0,0,0,0,0,0,0,0,0,0,0,0,0,0,0,0,0,0,0,0,0,0,0,0,0,0,0,0,0,0,0,0,0,0,0,0,0,0,0,0,0,0,0,0,0,0,
0,0,0,0,0,0,0,0,0,0,0,0,0,0,0,0,0,0,0,0,0,0,0,0,0,0,0,0,0,0,0,0,0,0,0,0,0,0,0,0,0,0,0,0,0,0,0,0,0,0,0,0,0,0,0,0,0,0,0,0,0,0,0,0,0,0,0,0,0,0,0,0,0,0,0,0,0,0,0,0,0,0,0,0,0,0,0,0,0,0,0,0,0,0,0,0,0,0,0,0,0,0,0,0,0,0,0,0,0,0,0,0,0,0,0,0,0,0,0,0,0,0,0,0,0,0,0,0,0,0,0,0,0,0,0,0,0,0,0,0,0,0,0,0,0,0,0,0,0,0,0,0,0,0,0,0,0,0,0,0,0,0,0,0,0,0,0,0,0,0,0,0,0,0,0,0,0,0,0,0,0,0,0,0,0,0,0,0,0,0,0,0,0,0,0,0,0,0,0,0,0,0,0,0,0,0,0,0,0,0,0,0,0,0,0,0,0,0,0,0,0,0,0,0,0,0,0,0,0,0,0,0,0,0,0,0,0,0,0,0,0,0,0,0,0,0,0,0,0,0,0,0,0,0,0,0,
0,0,0,0,0,0,0,0,0,0,0,0,0,0,0,0,0,0,0,0,0,0,0,0,0,0,0,0,0,0,0,0,0,0,0,0,0,0,0,0,0,0,0,0,0,0,0,0,0,0,0,0,0,0,0,0,0,0,0,0,0,0,0,0,0,0,0,0,0,0,0,0,0,0,0,0,0,0,0,0,0,0,0,0,0,0,0,0,0,0,0,0,0,0,0,0,0,0,0,0,0,0,0,0,0,0,0,0,0,0,0,0,0,0,0,0,0,0,0,0,0,0,0,0,0,0,0,0,0,0,0,0,0,0,0,0,0,0,0,0,0,0,0,0,0,0,0,0,0,0,0,0,0,0,0,0,0,0,0,0,0,0,0,0,0,0,0,0,0,0,0,0,0,0,0,0,0,0,0,0,0,0,0,0,0,0,0,0,0,0,0,0,0,0,0,0,0,0,0,0,0,0,0,0,0,0,0,0,0,0,0,0,0,0,0,0,0,0,0,0,0,0,0,0,0,0,0,0,0,0,0,0,0,0,0,0,0,0,0,0,0,0,0,0,0,0,0,0,0,0,0,0,0,0,0,0,
0,0,0,0,0,0,0,0,0,0,0,0,0,0,0,0,0,0,0,0,0,0,0,0,0,0,0,0,0,0,0,0,0,0,0,0,0,0,0,0,0,0,0,0,0,0,0,0,0,0,0,0,0,0,0,0,0,0,0,0,0,0,0,0,0,0,0,0,0,0,0,0,0,0,0,0,0,0,0,0,0,0,0,0,0,0,0,0,0,0,0,0,0,0,0,0,0,0,0,0,0,0,0,0,0,0,0,0,0,0,0,0,0,0,0,0,0,0,0,0,0,0,0,0,0,0,0,0,0,0,0,0,0,0,0,0,0,0,0,0,0,0,0,0,0,0,0,0,0,0,0,0,0,0,0,0,0,0,0,0,0,0,0,0,0,0,0,0,0,0,0,0,0,0,0,0,0,0,0,0,0,0,0,0,0,0,0,0,0,0,0,0,0,0,0,0,0,0,0,0,0,0,0,0,0,0,0,0,0,0,0,0,0,0,0,0,0,0,0,0,0,0,0,0,0,0,0,0,0,0,0,0,0,0,0,0,0,0,0,0,0,0,0,0,0,0,0,0,0,0,0,0,0,0,0,0,
0,0,0,0,0,0,0,0,0,0,0,0,0,0,0,0,0,0,0,0,0,0,0,0,0,0,0,0,0,0,0,0,0,0,0,0,0,0,0,0,0,0,0,0,0,0,0,0,0,0,0,0,0,0,0,0,0,0,0,0,0,0,0,0,0,0,0,0,0,0,0,0,0,0,0,0,0,0,0,0,0,0,0,0,0,0,0,0,0,0,0,0,0,0,0,0,0,0,0,0,0,0,0,0,0,0,0,0,0,0,0,0,0,0,0,0,0,0,0,0,0,0,0,0,0,0,0,0,0,0,0,0,0,0,0,0,0,0,0,0,0,0,0,0,0,0,0,0,0,0,0,0,0,0,0,0,0,0,0,0,0,0,0,0,0,0,0,0,0,0,0,0,0,0,0,0,0,0,0,0,0,0,0,0,0,0,0,0,0,0,0,0,0,0,0,0,0,0,0,0,0,0,0,0,0,0,0,0,0,0,0,0,0,0,0,0,0,0,0,0,0,0,0,0,0,0,0,0,0,0,0,0,0,0,0,0,0,0,0,0,0,0,0,0,0,0,0,0,0,0,0,0,0,0,0,0,
0,0,0,0,0,0,0,0,0,0,0,0,0,0,0,0,0,0,0,0,0,0,0,0,0,0,0,0,0,0,0,0,0,0,0,0,0,0,0,0,0,0,0,0,0,0,0,0,0,0,0,0,0,0,0,0,0,0,0,0,0,0,0,0,0,0,0,0,0,0,0,0,0,0,0,0,0,0,0,0,0,0,0,0,0,0,0,0,0,0,0,0,0,0,0,0,0,0,0,0,0,0,0,0,0,0,0,0,0,0,0,0,0,0,0,0,0,0,0,0,0,0,0,0,0,0,0,0,0,0,0,0,0,0,0,0,0,0,0,0,0,0,0,0,0,0,0,0,0,0,0,0,0,0,0,0,0,0,0,0,0,0,0,0,0,0,0,0,0,0,0,0,0,0,0,0,0,0,0,0,0,0,0,0,0,0,0,0,0,0,0,0,0,0,0,0,0,0,0,0,0,0,0,0,0,0,0,0,0,0,0,0,0,0,0,0,0,0,0,0,0,0,0,0,0,0,0,0,0,0,0,0,0,0,0,0,0,0,0,0,0,0,0,0,0,0,0,0,0,0,0,0,0,0,0,0,
0,0,0,0,0,0,0,0,0,0,0,0,0,0,0,0,0,0,0,0,0,0,0,0,0,0,0,0,0,0,0,0,0,0,0,0,0,0,0,0,0,0,0,0,0,0,0,0,0,0,0,0,0,0,0,0,0,0,0,0,0,0,0,0,0,0,0,0,0,0,0,0,0,0,0,0,0,0,0,0,0,0,0,0,0,0,0,0,0,0,0,0,0,0,0,0,0,0,0,0,0,0,0,0,0,0,0,0,0,0,0,0,0,0,0,0,0,0,0,0,0,0,0,0,0,0,0,0,0,0,0,0,0,0,0,0,0,0,0,0,0,0,0,0,0,0,0,0,0,0,0,0,0,0,0,0,0,0,0,0,0,0,0,0,0,0,0,0,0,0,0,0,0,0,0,0,0,0,0,0,0,0,0,0,0,0,0,0,0,0,0,0,0,0,0,0,0,0,0,0,0,0,0,0,0,0,0,0,0,0,0,0,0,0,0,0,0,0,0,0,0,0,0,0,0,0,0,0,0,0,0,0,0,0,0,0,0,0,0,0,0,0,0,0,0,0,0,0,0,0,0,0,0,0,0,0,
0,0,0,0,0,0,0,0,0,0,0,0,0,0,0,0,0,0,0,0,0,0,0,0,0,0,0,0,0,0,0,0,0,0,0,0,0,0,0,0,0,0,0,0,0,0,0,0,0,0,0,0,0,0,0,0,0,0,0,0,0,0,0,0,0,0,0,0,0,0,0,0,0,0,0,0,0,0,0,0,0,0,0,0,0,0,0,0,0,0,0,0,0,0,0,0,0,0,0,0,0,0,0,0,0,0,0,0,0,0,0,0,0,0,0,0,0,0,0,0,0,0,0,0,0,0,0,0,0,0,0,0,0,0,0,0,0,0,0,0,0,0,0,0,0,0,0,0,0,0,0,0,0,0,0,0,0,0,0,0,0,0,0,0,0,0,0,0,0,0,0,0,0,0,0,0,0,0,0,0,0,0,0,0,0,0,0,0,0,0,0,0,0,0,0,0,0,0,0,0,0,0,0,0,0,0,0,0,0,0,0,0,0,0,0,0,0,0,0,0,0,0,0,0,0,0,0,0,0,0,0,0,0,0,0,0,0,0,0,0,0,0,0,0,0,0,0,0,0,0,0,0,0,0,0,0,
0,0,0,0,0,0,0,0,0,0,0,0,0,0,0,0,0,0,0,0,0,0,0,0,0,0,0,0,0,0,0,0,0,0,0,0,0,0,0,0,0,0,0,0,0,0,0,0,0,0,0,0,0,0,0,0,0,0,0,0,0,0,0,0,0,0,0,0,0,0,0,0,0,0,0,0,0,0,0,0,0,0,0,0,0,0,0,0,0,0,0,0,0,0,0,0,0,0,0,0,0,0,0,0,0,0,0,0,0,0,0,0,0,0,0,0,0,0,0,0,0,0,0,0,0,0,0,0,0,0,0,0,0,0,0,0,0,0,0,0,0,0,0,0,0,0,0,0,0,0,0,0,0,0,0,0,0,0,0,0,0,0,0,0,0,0,0,0,0,0,0,0,0,0,0,0,0,0,0,0,0,0,0,0,0,0,0,0,0,0,0,0,0,0,0,0,0,0,0,0,0,0,0,0,0,0,0,0,0,0,0,0,0,0,0,0,0,0,0,0,0,0,0,0,0,0,0,0,0,0,0,0,0,0,0,0,0,0,0,0,0,0,0,0,0,0,0,0,0,0,0,0,0,0,0,0,
0,0,0,0,0,0,0,0,0,0,0,0,0,0,0,0,0,0,0,0,0,0,0,0,0,0,0,0,0,0,0,0,0,0,0,0,0,0,0,0,0,0,0,0,0,0,0,0,0,0,0,0,0,0,0,0,0,0,0,0,0,0,0,0,0,0,0,0,0,0,0,0,0,0,0,0,0,0,0,0,0,0,0,0,0,0,0,0,0,0,0,0,0,0,0,0,0,0,0,0,0,0,0,0,0,0,0,0,0,0,0,0,0,0,0,0,0,0,0,0,0,0,0,0,0,0,0,0,0,0,0,0,0,0,0,0,0,0,0,0,0,0,0,0,0,0,0,0,0,0,0,0,0,0,0,0,0,0,0,0,0,0,0,0,0,0,0,0,0,0,0,0,0,0,0,0,0,0,0,0,0,0,0,0,0,0,0,0,0,0,0,0,0,0,0,0,0,0,0,0,0,0,0,0,0,0,0,0,0,0,0,0,0,0,0,0,0,0,0,0,0,0,0,0,0,0,0,0,0,0,0,0,0,0,0,0,0,0,0,0,0,0,0,0,0,0,0,0,0,0,0,0,0,0,0,0,
0,0,0,0,0,0,0,0,0,0,0,0,0,0,0,0,0,0,0,0,0,0,0,0,0,0,0,0,0,0,0,0,0,0,0,0,0,0,0,0,0,0,0,0,0,0,0,0,0,0,0,0,0,0,0,0,0,0,0,0,0,0,0,0,0,0,0,0,0,0,0,0,0,0,0,0,0,0,0,0,0,0,0,0,0,0,0,0,0,0,0,0,0,0,0,0,0,0,0,0,0,0,0,0,0,0,0,0,0,0,0,0,0,0,0,0,0,0,0,0,0,0,0,0,0,0,0,0,0,0,0,0,0,0,0,0,0,0,0,0,0,0,0,0,0,0,0,0,0,0,0,0,0,0,0,0,0,0,0,0,0,0,0,0,0,0,0,0,0,0,0,0,0,0,0,0,0,0,0,0,0,0,0,0,0,0,0,0,0,0,0,0,0,0,0,0,0,0,0,0,0,0,0,0,0,0,0,0,0,0,0,0,0,0,0,0,0,0,0,0,0,0,0,0,0,0,0,0,0,0,0,0,0,0,0,0,0,0,0,0,0,0,0,0,0,0,0,0,0,0,0,0,0,0,0,0,
0,0,0,0,0,0,0,0,0,0,0,0,0,0,0,0,0,0,0,0,0,0,0,0,0,0,0,0,0,0,0,0,0,0,0,0,0,0,0,0,0,0,0,0,0,0,0,0,0,0,0,0,0,0,0,0,0,0,0,0,0,0,0,0,0,0,0,0,0,0,0,0,0,0,0,0,0,0,0,0,0,0,0,0,0,0,0,0,0,0,0,0,0,0,0,0,0,0,0,0,0,0,0,0,0,0,0,0,0,0,0,0,0,0,0,0,0,0,0,0,0,0,0,0,0,0,0,0,0,0,0,0,0,0,0,0,0,0,0,0,0,0,0,0,0,0,0,0,0,0,0,0,0,0,0,0,0,0,0,0,0,0,0,0,0,0,0,0,0,0,0,0,0,0,0,0,0,0,0,0,0,0,0,0,0,0,0,0,0,0,0,0,0,0,0,0,0,0,0,0,0,0,0,0,0,0,0,0,0,0,0,0,0,0,0,0,0,0,0,0,0,0,0,0,0,0,0,0,0,0,0,0,0,0,0,0,0,0,0,0,0,0,0,0,0,0,0,0,0,0,0,0,0,0,0,0,
0,0,0,0,0,0,0,0,0,0,0,0,0,0,0,0,0,0,0,0,0,0,0,0,0,0,0,0,0,0,0,0,0,0,0,0,0,0,0,0,0,0,0,0,0,0,0,0,0,0,0,0,0,0,0,0,0,0,0,0,0,0,0,0,0,0,0,0,0,0,0,0,0,0,0,0,0,0,0,0,0,0,0,0,0,0,0,0,0,0,0,0,0,0,0,0,0,0,0,0,0,0,0,0,0,0,0,0,0,0,0,0,0,0,0,0,0,0,0,0,0,0,0,0,0,0,0,0,0,0,0,0,0,0,0,0,0,0,0,0,0,0,0,0,0,0,0,0,0,0,0,0,0,0,0,0,0,0,0,0,0,0,0,0,0,0,0,0,0,0,0,0,0,0,0,0,0,0,0,0,0,0,0,0,0,0,0,0,0,0,0,0,0,0,0,0,0,0,0,0,0,0,0,0,0,0,0,0,0,0,0,0,0,0,0,0,0,0,0,0,0,0,0,0,0,0,0,0,0,0,0,0,0,0,0,0,0,0,0,0,0,0,0,0,0,0,0,0,0,0,0,0,0,0,0,0,
0,0,0,0,0,0,0,0,0,0,0,0,0,0,0,0,0,0,0,0,0,0,0,0,0,0,0,0,0,0,0,0,0,0,0,0,0,0,0,0,0,0,0,0,0,0,0,0,0,0,0,0,0,0,0,0,0,0,0,0,0,0,0,0,0,0,0,0,0,0,0,0,0,0,0,0,0,0,0,0,0,0,0,0,0,0,0,0,0,0,0,0,0,0,0,0,0,0,0,0,0,0,0,0,0,0,0,0,0,0,0,0,0,0,0,0,0,0,0,0,0,0,0,0,0,0,0,0,0,0,0,0,0,0,0,0,0,0,0,0,0,0,0,0,0,0,0,0,0,0,0,0,0,0,0,0,0,0,0,0,0,0,0,0,0,0,0,0,0,0,0,0,0,0,0,0,0,0,0,0,0,0,0,0,0,0,0,0,0,0,0,0,0,0,0,0,0,0,0,0,0,0,0,0,0,0,0,0,0,0,0,0,0,0,0,0,0,0,0,0,0,0,0,0,0,0,0,0,0,0,0,0,0,0,0,0,0,0,0,0,0,0,0,0,0,0,0,0,0,0,0,0,0,0,0,0,
0,0,0,0,0,0,0,0,0,0,0,0,0,0,0,0,0,0,0,0,0,0,0,0,0,0,0,0,0,0,0,0,0,0,0,0,0,0,0,0,0,0,0,0,0,0,0,0,0,0,0,0,0,0,0,0,0,0,0,0,0,0,0,0,0,0,0,0,0,0,0,0,0,0,0,0,0,0,0,0,0,0,0,0,0,0,0,0,0,0,0,0,0,0,0,0,0,0,0,0,0,0,0,0,0,0,0,0,0,0,0,0,0,0,0,0,0,0,0,0,0,0,0,0,0,0,0,0,0,0,0,0,0,0,0,0,0,0,0,0,0,0,0,0,0,0,0,0,0,0,0,0,0,0,0,0,0,0,0,0,0,0,0,0,0,0,0,0,0,0,0,0,0,0,0,0,0,0,0,0,0,0,0,0,0,0,0,0,0,0,0,0,0,0,0,0,0,0,0,0,0,0,0,0,0,0,0,0,0,0,0,0,0,0,0,0,0,0,0,0,0,0,0,0,0,0,0,0,0,0,0,0,0,0,0,0,0,0,0,0,0,0,0,0,0,0,0,0,0,0,0,0,0,0,0,0,
0,0,0,0,0,0,0,0,0,0,0,0,0,0,0,0,0,0,0,0,0,0,0,0,0,0,0,0,0,0,0,0,0,0,0,0,0,0,0,0,0,0,0,0,0,0,0,0,0,0,0,0,0,0,0,0,0,0,0,0,0,0,0,0,0,0,0,0,0,0,0,0,0,0,0,0,0,0,0,0,0,0,0,0,0,0,0,0,0,0,0,0,0,0,0,0,0,0,0,0,0,0,0,0,0,0,0,0,0,0,0,0,0,0,0,0,0,0,0,0,0,0,0,0,0,0,0,0,0,0,0,0,0,0,0,0,0,0,0,0,0,0,0,0,0,0,0,0,0,0,0,0,0,0,0,0,0,0,0,0,0,0,0,0,0,0,0,0,0,0,0,0,0,0,0,0,0,0,0,0,0,0,0,0,0,0,0,0,0,0,0,0,0,0,0,0,7,0,0,0,0,0,0,0,0,0,0,0,0,0,0,0,0,0,0,0,0,0,0,0,0,0,0,0,0,0,0,0,0,0,0,0,0,0,0,0,0,0,0,0,0,0,0,0,0,0,0,0,0,0,0,0,0,0,0,0,
0,0,0,0,0,0,0,0,0,0,0,0,0,0,0,0,0,0,0,0,0,0,0,0,0,11,0,0,0,0,0,0,0,0,0,0,0,0,0,0,0,0,0,0,0,0,0,0,0,0,0,0,0,0,0,0,0,0,0,0,0,0,0,0,0,0,0,0,0,0,0,0,0,0,0,0,0,0,0,0,0,0,0,0,0,0,0,0,0,0,0,0,0,0,0,0,0,0,0,0,0,0,0,0,0,0,0,0,0,0,0,0,0,0,0,0,0,0,0,0,0,0,0,0,0,0,0,0,0,0,0,0,0,0,0,0,0,0,0,0,0,0,0,0,0,0,0,0,0,0,0,0,0,0,0,0,0,0,0,0,0,0,0,0,0,0,0,0,0,0,0,0,0,0,0,0,0,0,0,0,0,0,0,0,0,0,0,0,0,0,0,0,0,0,0,0,8,0,0,0,0,0,0,0,0,0,0,0,0,0,0,0,0,0,0,0,0,0,0,0,0,0,0,0,0,0,0,0,0,0,0,0,0,0,0,0,0,0,0,0,0,0,0,0,0,0,0,0,0,0,0,0,0,0,0,0,
0,0,0,0,0,0,0,0,0,0,0,0,0,0,0,0,0,0,0,0,0,0,0,0,0,0,12,0,0,0,0,0,0,0,0,0,0,0,0,0,0,0,0,0,0,0,0,0,0,0,0,0,0,0,0,0,0,0,0,0,0,0,0,0,0,0,0,0,0,0,0,0,0,0,0,0,0,0,0,0,0,0,0,0,0,0,0,0,0,0,0,0,0,0,0,0,0,0,0,0,0,0,0,0,0,0,0,0,0,0,0,0,0,0,0,0,0,0,0,0,0,0,0,0,0,0,0,0,0,0,0,0,0,0,0,0,0,0,0,0,0,0,0,0,0,0,0,0,0,0,0,0,0,0,0,0,0,0,0,0,0,0,0,0,0,0,0,0,0,0,0,0,0,0,0,0,0,0,0,0,0,0,0,0,0,0,0,0,0,0,0,0,0,0,0,12,8,0,0,0,0,0,0,0,0,0,0,0,0,0,0,0,0,0,0,0,0,0,0,0,0,0,0,0,0,0,0,0,0,0,0,0,0,0,0,0,0,0,0,0,0,0,0,0,0,0,0,0,0,0,0,0,0,0,0,0,
0,0,0,0,0,0,0,0,0,0,0,0,0,0,0,0,0,0,0,0,0,0,0,7,0,0,0,0,0,0,0,0,0,0,0,0,0,0,0,0,0,0,0,0,0,0,0,0,0,0,0,0,0,0,0,0,0,0,0,0,0,0,0,0,0,0,0,0,0,0,0,0,0,0,0,0,0,0,0,0,0,0,0,0,0,0,0,0,0,0,0,0,0,0,0,0,0,0,0,0,0,0,0,0,0,0,0,0,0,0,0,0,0,0,0,0,0,0,0,0,0,0,0,0,0,0,0,0,0,0,0,0,0,0,0,0,0,0,0,0,0,0,0,0,0,0,0,0,0,0,0,0,0,0,0,0,0,0,0,0,0,0,0,0,0,0,0,0,0,0,0,0,0,0,0,0,0,0,0,0,0,0,0,0,0,0,0,0,0,0,0,0,0,0,11,0,15,14,0,0,0,0,0,0,0,0,0,0,0,0,0,0,0,0,0,0,0,0,23,0,0,0,0,0,0,0,0,0,0,0,0,0,0,0,0,0,0,0,0,0,0,0,0,0,0,0,0,0,0,0,0,0,0,0,0,0,
0,0,0,0,0,0,0,0,0,0,0,0,0,0,0,0,0,0,0,0,0,0,0,9,0,0,0,0,0,0,0,0,0,0,0,0,0,0,0,0,0,0,0,0,0,0,0,0,0,0,0,0,0,0,0,0,0,0,0,0,0,0,0,0,0,0,0,0,0,0,0,0,0,0,0,0,0,0,0,0,0,0,0,0,0,0,0,0,0,0,0,0,0,0,0,0,0,0,0,0,0,0,0,11,0,0,0,0,0,0,0,0,0,0,0,0,0,0,0,0,0,0,0,0,0,0,0,0,0,0,0,0,0,0,0,0,0,0,0,0,0,0,0,0,0,0,0,0,0,0,0,0,0,0,0,0,0,0,0,0,0,0,0,0,0,0,0,0,0,0,0,0,0,0,0,0,0,0,0,0,0,0,0,0,0,0,0,0,0,0,0,0,0,0,0,6,15,13,14,14,0,0,0,0,0,0,0,0,0,0,0,0,0,0,0,0,0,17,0,0,0,0,0,0,0,0,0,0,0,0,0,0,0,0,0,0,0,0,0,0,0,0,0,0,0,0,0,0,0,0,0,0,0,0,0,0,
0,0,0,0,0,0,0,0,0,0,0,0,0,0,0,0,0,0,0,0,0,0,11,10,9,0,0,0,0,0,0,0,0,0,0,0,0,0,0,0,0,0,0,0,0,0,0,0,0,0,0,0,0,0,0,0,0,0,0,0,0,0,0,0,0,0,0,0,0,0,0,0,0,0,0,0,0,0,0,0,0,0,0,0,0,0,0,0,0,0,0,0,0,0,0,0,0,0,0,0,0,0,0,0,10,0,0,0,0,0,0,0,0,0,0,0,0,0,0,0,0,0,0,0,0,0,0,0,0,0,0,0,0,0,0,0,0,0,0,0,0,0,0,0,0,0,0,0,0,0,0,0,0,0,0,0,14,0,0,0,0,0,0,14,0,0,0,0,0,0,0,0,0,0,0,0,0,0,0,0,0,0,0,0,0,0,0,0,0,0,0,0,0,0,13,0,6,0,0,14,0,0,0,0,0,0,0,0,0,0,0,0,0,0,0,0,0,0,20,0,0,0,0,0,0,0,0,0,0,0,24,0,0,23,0,0,0,0,25,0,0,0,0,0,0,0,0,0,0,0,0,0,0,0,0,0,
0,0,0,0,0,0,0,0,0,0,0,0,0,0,0,0,0,0,0,0,0,0,0,0,0,0,0,0,0,0,0,0,0,0,0,0,0,0,0,0,0,0,0,0,0,0,0,0,0,20,0,0,0,0,0,0,0,0,0,0,0,0,0,0,9,0,0,0,0,0,0,0,0,0,0,0,0,0,0,0,0,0,0,0,0,0,0,0,0,0,0,0,0,0,0,0,0,0,0,0,0,0,0,0,20,0,13,0,0,0,0,0,0,0,0,0,0,0,0,0,0,0,0,0,0,0,0,0,0,0,0,0,0,0,0,0,0,0,0,0,0,0,0,0,0,0,0,0,0,0,0,0,0,0,0,0,0,0,0,0,0,0,0,14,0,0,0,0,0,0,0,0,0,0,0,0,14,0,0,0,0,0,0,0,0,0,0,0,0,0,0,0,0,0,0,12,7,11,0,15,0,0,0,0,0,0,0,0,0,0,0,0,0,0,0,0,0,0,21,20,0,0,0,0,0,0,0,0,0,0,23,0,24,0,0,0,0,0,24,0,0,0,0,0,0,0,0,0,0,0,0,0,0,0,0,0,
0,0,0,0,23,0,0,0,0,0,0,0,0,0,0,0,0,0,0,0,0,0,0,0,0,0,0,0,0,0,0,15,0,0,0,0,0,15,0,16,0,0,0,0,0,0,0,0,0,21,23,0,22,0,0,26,0,24,0,0,0,0,0,10,10,0,0,0,0,0,0,0,0,0,14,0,0,0,0,0,0,0,0,0,0,0,0,0,0,0,0,0,0,0,0,0,0,0,0,0,0,0,0,0,0,0,13,0,0,0,0,0,0,0,0,0,0,0,0,0,0,0,0,0,0,0,0,0,0,0,0,0,0,0,0,0,0,0,0,0,0,0,0,0,0,0,0,0,0,0,0,0,0,0,0,0,0,0,0,0,0,0,0,0,0,0,0,0,0,0,0,0,0,0,0,0,0,0,15,0,0,0,0,0,0,16,0,0,0,0,13,0,0,0,0,0,10,11,0,12,0,0,13,0,0,0,0,0,0,0,0,0,0,0,0,17,0,0,21,0,19,19,0,0,21,0,0,0,24,0,0,26,25,0,0,0,0,0,25,25,24,0,0,0,0,0,0,0,0,0,0,0,0,0,0,0,
22,0,0,0,0,0,0,0,0,0,0,0,0,0,0,0,0,0,0,0,0,0,0,0,0,0,0,0,0,0,0,0,0,0,0,0,13,0,0,0,0,0,0,0,0,0,0,0,0,20,21,0,0,0,0,0,15,25,26,20,0,0,0,0,0,16,0,0,0,0,0,0,0,0,13,0,0,0,0,0,0,0,0,0,0,0,0,0,0,0,0,0,0,0,0,0,0,17,0,0,0,0,0,0,0,0,0,0,0,17,0,0,0,0,0,0,0,15,0,0,0,0,0,0,0,0,0,0,0,0,0,0,0,0,0,0,0,0,0,0,0,0,0,0,0,0,0,0,0,0,0,0,0,0,0,0,0,0,0,0,0,16,0,0,0,0,0,0,0,0,0,0,0,0,0,0,0,0,17,0,0,0,0,0,0,0,16,0,0,0,15,0,0,0,14,0,10,11,0,11,15,0,0,0,0,0,0,0,0,0,0,0,0,14,0,17,0,0,0,0,20,20,0,0,20,0,0,0,0,0,0,0,26,26,0,21,0,0,0,25,25,0,0,0,0,0,0,0,0,0,0,0,0,0,0,0,
0,23,0,0,0,0,0,0,0,0,0,0,0,0,0,0,0,0,0,0,0,0,0,17,0,0,0,0,0,0,0,0,0,0,0,0,0,14,0,0,0,0,0,0,0,21,0,0,0,21,23,23,23,24,0,0,23,0,27,21,0,0,0,0,0,18,0,0,0,0,0,0,15,0,14,0,0,0,0,29,0,0,0,0,0,0,0,0,0,0,0,0,0,0,0,0,20,0,0,0,0,0,0,0,0,0,0,0,18,0,0,0,0,12,15,0,14,15,14,0,0,0,0,14,19,0,16,0,0,0,0,0,0,0,0,0,0,0,0,0,0,0,0,0,0,0,0,0,0,0,0,0,0,0,0,0,0,0,0,0,0,0,17,0,17,0,0,0,0,0,19,0,0,0,0,0,0,17,17,20,21,0,0,0,0,17,0,0,0,13,0,0,0,0,0,14,12,20,18,0,11,15,0,0,0,0,0,0,0,0,0,0,0,0,0,18,0,0,0,0,0,0,16,0,0,16,0,0,0,0,0,0,26,23,27,0,0,0,0,26,0,0,0,0,0,0,0,0,0,0,0,0,0,0,0,0,
13,0,0,0,23,0,0,0,0,20,0,0,0,0,0,0,0,0,0,0,0,0,0,0,0,0,0,18,0,0,19,0,0,0,0,0,25,25,0,0,0,0,0,0,0,0,21,0,24,0,0,24,23,0,24,0,0,22,17,17,20,20,0,0,0,0,18,0,0,0,15,0,0,0,0,0,21,0,0,0,21,27,0,24,0,0,0,0,0,0,0,0,0,0,0,0,0,0,0,0,0,0,0,0,0,0,16,14,15,0,0,0,0,14,0,16,16,27,0,0,0,0,30,0,20,20,0,0,0,0,0,0,0,0,0,0,0,0,0,0,22,0,0,0,0,0,0,0,0,0,0,0,0,0,0,0,18,0,0,0,0,0,16,0,0,0,19,0,0,0,0,21,20,0,17,19,0,21,0,11,21,0,0,19,18,18,0,0,14,14,18,0,18,0,0,21,13,19,19,9,14,22,0,0,0,0,22,20,0,0,15,0,0,18,16,0,30,0,0,0,0,18,16,0,0,17,0,0,0,0,0,0,0,0,0,0,0,0,0,0,0,0,0,0,0,0,0,0,0,0,0,0,0,0,0,0,
11,0,16,18,19,0,0,0,21,21,0,13,0,0,0,0,0,0,0,0,0,0,0,0,20,17,17,19,0,0,15,18,0,0,26,0,25,26,25,24,25,29,0,0,0,0,0,22,27,24,24,23,24,0,0,22,0,0,18,20,21,0,0,0,0,0,0,0,0,19,15,0,15,0,0,27,22,19,0,22,26,22,25,25,17,0,0,0,0,0,0,0,0,0,0,0,0,20,0,0,0,0,0,22,0,0,0,17,0,0,0,0,0,0,14,13,27,16,17,16,19,0,31,0,0,18,0,0,0,0,0,0,0,22,0,0,0,0,0,0,0,0,0,0,0,0,17,0,21,18,0,0,0,0,0,0,19,24,0,0,0,17,0,0,0,0,22,0,0,0,0,21,0,0,0,20,19,22,0,20,0,0,0,0,19,18,16,17,17,15,18,17,22,0,0,20,18,17,20,18,25,23,17,23,22,23,0,21,21,15,0,0,19,19,0,0,21,0,0,29,0,15,15,0,20,0,16,0,0,0,0,0,0,28,28,0,0,0,0,0,0,0,0,0,0,0,0,0,0,0,0,0,0,0,0,0,
0,12,20,23,19,10,18,20,0,24,21,13,9,19,14,18,0,0,0,20,0,0,0,0,22,20,18,17,26,17,0,17,0,29,27,0,24,24,25,24,16,29,0,0,0,25,27,0,27,0,23,23,28,23,22,0,23,0,20,25,21,22,0,0,0,0,0,0,0,0,16,16,19,15,16,27,29,19,21,22,31,19,28,24,0,0,0,0,0,0,0,0,0,0,0,0,20,18,0,21,0,0,0,0,0,19,0,0,0,0,0,0,0,0,0,15,26,28,17,16,21,0,0,0,0,0,0,0,0,0,0,0,0,0,0,19,0,12,0,17,0,17,0,0,0,0,22,0,23,22,23,0,0,0,0,0,19,0,18,0,20,18,0,19,0,22,23,0,0,0,0,0,22,23,22,19,20,0,20,20,0,0,0,0,0,21,18,19,17,17,19,18,22,21,18,18,19,20,21,20,18,24,0,24,23,22,22,0,21,19,0,19,20,17,19,16,16,19,0,25,30,17,14,0,21,21,21,23,0,0,0,0,27,0,0,0,0,0,0,18,0,0,0,0,0,0,0,0,0,0,0,0,0,0,0,0,
0,0,17,23,24,13,19,20,20,14,8,10,14,11,24,0,0,0,28,0,22,0,0,0,22,22,21,14,27,22,17,31,0,32,30,23,24,26,25,25,29,22,20,0,27,26,0,26,0,27,25,25,29,29,19,22,24,21,21,21,26,15,0,17,0,0,0,21,0,23,22,22,21,17,18,29,29,20,19,19,17,19,24,0,0,19,9,0,0,0,0,0,14,0,0,21,21,21,24,23,20,21,0,0,24,0,0,0,0,0,0,0,0,0,16,16,16,26,17,17,27,0,21,0,0,0,0,0,20,0,23,0,17,0,0,19,18,11,0,17,20,16,24,0,0,0,20,21,0,19,23,27,11,0,20,0,20,27,17,22,0,19,0,21,17,22,20,0,16,18,0,17,22,23,21,21,20,19,19,20,21,25,0,0,24,20,19,20,18,18,17,23,23,18,22,19,22,21,21,21,21,25,28,0,0,23,0,22,22,18,20,0,19,17,20,22,17,18,26,30,30,32,27,0,0,22,25,22,22,25,0,0,23,26,26,0,0,0,0,0,19,20,0,0,0,0,0,0,0,0,0,0,0,0,0,0,
15,19,22,19,12,12,13,13,12,13,10,15,15,15,10,23,29,0,21,0,0,22,22,0,23,17,25,26,23,14,25,22,25,26,31,0,0,31,25,22,27,23,0,21,22,27,27,22,20,25,24,28,26,30,23,23,23,22,21,23,21,17,16,0,0,0,0,18,21,24,24,17,24,19,19,22,29,26,24,20,20,21,22,21,26,18,20,11,0,0,18,29,0,0,22,18,18,24,24,23,21,14,22,21,21,17,17,18,0,0,0,0,0,0,0,16,0,21,30,27,0,29,0,22,0,0,0,0,0,20,0,22,20,17,14,17,18,12,18,18,0,17,17,23,22,0,21,21,24,26,19,28,20,11,15,19,21,19,18,22,22,20,0,21,16,22,23,23,17,21,0,16,18,19,22,21,13,20,20,22,20,25,0,23,24,0,24,19,19,20,25,17,23,18,22,22,21,25,22,24,26,27,21,27,23,23,22,21,22,18,20,19,0,0,20,18,0,21,27,21,32,33,0,17,0,21,19,27,26,24,26,0,27,25,24,20,27,23,0,0,20,23,0,0,20,0,0,0,0,0,0,0,0,0,0,0,
16,18,20,19,23,13,24,0,13,14,14,15,17,16,23,25,24,22,22,24,22,21,27,25,25,21,18,26,22,23,25,25,18,27,31,24,24,23,23,23,28,28,24,0,22,19,28,28,21,20,21,20,25,26,26,20,22,22,22,23,21,18,23,17,18,18,0,18,18,15,0,18,25,23,25,22,24,28,23,26,29,21,22,22,27,18,20,21,0,0,0,19,30,0,22,23,21,24,24,23,24,15,14,16,23,26,18,18,0,18,17,0,0,0,17,0,0,0,22,27,0,30,30,20,22,31,21,32,21,21,0,0,21,21,14,19,20,25,19,20,28,19,25,18,21,21,24,21,18,25,26,24,20,18,23,15,19,20,21,23,0,20,21,17,15,18,25,22,25,18,20,20,13,23,24,30,16,19,20,18,20,21,21,0,20,0,20,21,15,20,18,24,22,24,22,23,16,20,23,18,18,20,22,23,31,23,0,22,22,21,22,21,0,0,22,0,22,22,22,29,30,19,0,31,0,0,28,26,21,22,23,0,0,27,24,19,20,0,23,0,22,22,23,0,0,25,0,0,0,0,0,0,0,0,0,0,
17,20,19,21,27,29,22,25,25,14,0,0,0,16,27,23,26,21,24,24,24,24,18,25,20,20,19,19,25,24,25,27,25,31,32,28,24,24,24,22,28,26,24,25,27,24,22,29,30,22,21,28,27,26,24,21,25,23,23,25,22,25,15,23,18,19,19,18,18,17,30,21,22,20,26,22,22,25,29,30,26,30,23,28,15,23,20,24,22,21,19,20,26,31,0,27,22,0,13,24,23,0,15,25,27,21,27,24,19,19,22,24,22,0,0,20,25,22,26,22,22,25,23,0,21,21,22,0,0,0,23,0,20,20,25,21,24,18,23,19,20,20,21,25,22,22,23,21,22,19,28,24,24,25,24,16,19,19,23,20,0,19,23,18,21,16,25,26,26,18,20,21,14,14,21,15,30,28,26,19,20,21,20,22,21,21,23,23,18,16,16,29,20,25,25,24,26,19,24,18,22,20,22,20,24,27,20,20,23,22,23,22,25,0,18,0,27,23,24,30,23,29,32,31,31,26,26,26,23,22,28,0,0,27,28,20,20,22,20,0,22,24,23,29,19,29,28,0,0,0,0,0,0,0,0,0,
20,20,20,23,20,26,22,0,0,20,21,0,16,17,23,23,15,24,24,24,25,20,19,25,26,25,20,21,28,25,26,26,25,19,31,21,28,22,25,24,25,26,24,26,24,20,25,29,24,29,23,29,27,23,24,20,20,25,23,17,26,25,25,22,21,20,0,19,0,19,30,27,27,26,22,25,18,25,23,29,30,23,30,29,15,26,23,23,26,21,22,29,27,28,22,23,0,16,14,24,23,23,26,24,27,27,20,27,19,24,21,24,21,0,0,21,27,23,24,20,26,26,24,0,25,25,0,20,25,0,28,23,22,20,25,23,18,25,23,23,23,24,26,27,22,25,20,23,20,20,27,24,25,20,19,20,20,21,24,26,27,20,21,23,23,15,26,26,25,17,18,17,15,21,21,15,30,25,25,20,20,20,20,20,28,21,31,27,24,31,26,30,26,25,26,25,18,19,20,19,33,22,28,20,19,19,25,24,19,21,25,29,14,26,30,20,0,28,26,24,26,26,23,32,29,32,28,27,24,23,22,24,0,16,25,20,21,21,23,22,24,25,24,24,29,29,0,28,0,0,0,0,0,0,0,0,
27,22,20,21,21,18,23,25,25,26,22,16,20,27,24,27,25,25,24,24,24,26,29,23,23,25,20,22,21,28,28,27,23,21,20,21,20,21,20,26,26,23,25,26,25,24,24,29,30,24,21,22,27,23,24,26,21,25,26,19,18,25,22,23,22,20,21,20,23,19,27,31,32,24,27,24,19,19,25,27,21,23,24,31,19,32,20,25,27,26,29,30,28,29,21,23,0,20,17,25,18,16,17,26,26,21,24,21,20,19,26,31,25,21,0,22,26,20,24,0,25,22,25,0,0,0,0,0,0,0,24,29,23,29,23,26,25,26,23,24,23,23,23,23,22,26,22,23,17,25,31,27,17,21,19,20,21,22,31,19,27,28,22,30,22,16,15,27,26,21,23,19,16,22,20,16,27,15,27,26,21,27,19,23,28,28,28,24,22,30,26,26,27,25,25,25,16,16,20,20,33,33,22,29,20,26,26,25,22,22,21,25,30,17,29,20,28,22,28,27,29,27,23,23,29,28,29,28,28,23,24,23,27,26,26,27,26,21,24,19,24,23,25,25,30,0,28,31,29,0,0,0,0,0,0,0,
26,25,18,24,19,20,18,26,26,14,25,24,27,28,22,22,21,22,28,25,25,25,25,29,27,27,28,25,27,29,27,23,25,35,21,20,22,24,31,24,24,23,23,23,25,25,23,26,31,30,23,23,24,23,30,28,25,25,29,34,19,23,24,24,30,23,29,24,23,19,27,31,24,26,24,20,19,20,20,30,23,22,32,31,25,31,22,25,26,27,25,29,31,27,23,23,0,0,24,19,19,20,17,16,26,25,25,31,30,27,27,28,32,21,23,18,22,21,21,22,25,25,28,25,26,26,0,0,0,26,24,23,24,24,24,22,29,27,27,27,25,24,26,24,25,18,18,23,18,24,28,28,29,19,20,20,22,19,22,22,25,20,23,21,23,23,23,23,23,19,24,17,21,22,21,20,22,26,20,27,28,27,23,24,27,29,27,29,23,30,32,26,26,26,23,24,20,16,20,28,29,26,21,27,30,25,21,22,20,20,22,24,29,17,25,30,23,23,22,27,23,28,24,26,27,29,30,23,22,24,25,24,26,26,24,22,27,21,22,21,21,29,24,25,30,27,0,28,31,0,0,0,0,0,0,0,
27,26,19,16,19,20,19,27,26,29,22,24,23,28,29,28,23,23,21,29,25,22,21,30,30,27,29,26,24,24,28,25,26,25,23,24,24,20,22,31,23,23,29,26,27,23,23,32,23,30,30,24,24,24,29,32,32,32,31,24,34,26,24,26,24,30,27,24,24,20,22,27,27,26,26,21,20,20,19,22,26,30,23,24,25,21,20,26,22,25,25,23,25,28,31,29,23,23,21,18,24,19,21,19,32,30,24,26,23,28,25,28,22,22,24,23,23,22,22,21,29,25,28,28,27,25,21,28,0,24,25,27,25,27,26,26,29,29,27,27,24,26,23,29,26,28,18,19,19,26,24,27,25,19,27,23,22,22,20,23,25,31,29,22,25,24,18,23,24,19,25,22,20,24,27,18,23,24,29,21,20,33,25,26,27,25,28,25,26,28,29,29,30,24,25,25,26,20,17,21,21,21,27,25,27,26,22,21,22,24,21,24,26,30,30,18,29,24,27,23,25,26,24,24,27,26,24,27,26,25,30,32,27,21,25,23,23,25,22,28,25,25,29,31,27,26,27,28,26,32,29,0,0,0,0,0,
21,27,26,17,17,18,19,19,27,27,27,28,25,27,22,28,23,27,22,31,28,22,29,22,29,30,24,26,25,25,25,25,25,28,23,28,25,25,23,17,18,22,29,26,24,24,32,23,24,32,31,24,31,29,29,29,32,27,31,26,24,29,26,27,24,26,27,28,24,21,21,25,24,27,25,24,29,21,20,23,31,31,24,33,29,29,21,20,20,25,25,22,25,30,30,25,23,24,22,20,24,25,29,18,19,31,24,22,24,23,27,26,27,24,24,24,25,24,22,24,30,28,25,29,24,26,24,23,26,27,23,26,27,26,26,26,29,30,30,25,26,28,28,29,26,25,24,20,20,24,24,29,24,19,27,21,30,28,23,25,24,24,31,35,28,25,25,20,25,28,23,23,21,26,28,20,26,24,32,30,33,30,25,26,26,27,27,26,27,19,28,30,30,31,27,26,29,19,27,22,22,22,22,28,25,27,23,26,24,26,25,28,26,31,31,24,26,25,25,26,26,25,25,24,27,25,26,26,27,26,24,24,33,28,25,24,24,24,29,29,30,26,21,31,26,28,27,27,27,29,30,0,0,0,0,0,
22,22,20,18,18,30,31,21,28,29,28,24,25,24,24,28,24,22,25,31,28,24,22,30,30,29,35,28,24,25,25,26,26,28,26,28,28,24,29,18,19,18,25,24,25,32,22,33,24,27,32,25,32,30,29,34,33,33,28,30,25,25,27,24,25,26,27,29,27,25,26,25,25,26,26,28,21,29,29,20,22,32,31,32,34,21,21,23,30,26,26,22,23,30,25,23,24,28,21,21,27,25,21,21,21,30,27,23,31,25,27,26,24,22,26,26,26,28,23,24,29,26,29,26,25,24,27,23,28,25,26,26,24,25,26,27,26,31,26,25,26,28,27,28,26,27,31,27,21,25,33,29,25,24,20,26,27,23,27,28,25,31,26,32,29,27,26,21,25,27,26,22,25,25,27,21,25,33,32,34,30,34,26,26,27,25,29,28,19,20,33,30,23,28,36,24,30,25,25,28,24,28,25,22,26,26,23,27,23,26,26,23,24,26,24,32,25,29,28,25,26,25,26,27,28,26,27,26,21,22,25,25,25,28,26,25,32,30,26,30,25,30,28,22,26,29,29,29,28,28,33,31,0,30,0,0,
29,22,23,25,30,25,19,31,31,30,25,24,26,27,28,24,29,23,23,28,29,27,23,25,30,30,31,36,26,33,26,36,31,31,30,25,29,22,25,24,19,19,27,20,23,31,33,34,24,27,28,25,33,35,24,33,30,23,33,29,29,29,32,29,27,29,27,28,27,28,26,27,25,26,26,29,36,22,33,21,22,22,24,32,33,21,22,25,23,30,23,23,30,31,30,25,31,33,28,30,28,27,23,25,22,25,23,24,25,24,25,28,24,24,26,26,24,23,24,24,26,30,29,30,29,28,27,24,24,33,27,34,25,26,29,26,26,27,32,32,31,27,28,33,32,30,31,33,27,28,27,28,28,25,31,26,28,27,22,27,30,32,31,27,28,29,27,31,22,27,28,29,25,27,24,28,20,27,33,34,30,31,33,32,29,27,29,29,26,23,27,31,26,26,37,29,37,27,24,29,26,17,25,26,28,27,26,25,26,24,24,24,25,25,24,26,26,30,27,27,33,26,29,26,31,29,25,32,21,29,32,28,21,25,36,28,28,31,29,28,31,23,25,23,27,28,27,32,29,29,30,31,33,30,0,0,
20,29,30,26,27,25,30,29,29,31,26,31,26,27,25,27,29,31,30,29,29,28,24,25,22,30,30,32,25,35,25,36,27,28,30,26,29,25,29,30,26,20,20,22,21,26,29,32,29,32,25,29,33,30,24,33,33,33,23,29,30,29,27,29,28,30,27,25,21,26,22,24,27,26,22,30,34,37,32,34,28,23,29,26,29,27,22,23,22,31,30,24,26,30,31,26,26,23,25,31,28,28,33,23,27,25,28,27,27,25,28,29,34,28,29,26,25,25,24,24,26,26,30,29,30,31,29,27,27,27,33,35,33,33,29,26,27,27,29,28,32,28,33,33,34,35,31,32,27,27,27,30,25,29,27,26,26,29,23,30,31,28,33,32,28,27,29,26,31,26,26,22,21,25,25,27,28,27,28,27,31,34,34,31,30,31,30,28,26,31,29,27,26,26,28,26,37,29,25,25,18,18,26,26,29,28,29,21,27,25,22,22,23,24,25,29,27,30,27,28,30,28,31,29,27,26,29,29,30,32,32,33,23,22,23,32,32,29,24,24,31,27,25,24,28,27,34,29,33,34,28,31,29,29,30,28,
23,27,32,29,30,26,34,29,29,31,31,31,31,26,26,25,28,26,31,35,28,28,24,32,23,30,32,32,26,27,39,26,29,31,28,29,26,25,27,26,27,28,27,22,22,32,31,33,30,26,26,34,34,36,29,35,34,27,27,25,28,30,31,30,32,28,28,26,25,22,28,29,28,25,29,23,22,36,34,34,34,31,26,25,32,29,29,32,28,26,24,25,29,27,31,27,34,23,35,32,25,32,26,22,27,28,26,27,28,28,27,29,30,34,29,29,26,25,25,26,26,26,36,31,30,32,30,28,28,25,28,34,33,33,28,30,28,26,25,31,32,29,29,27,35,35,31,31,29,33,29,27,32,25,25,25,25,27,25,31,32,28,29,34,31,28,28,27,32,23,27,23,24,21,26,28,26,27,31,26,26,34,34,33,31,30,32,33,28,26,30,32,28,28,24,27,27,30,26,23,25,23,26,27,24,24,30,30,27,25,28,24,23,30,26,26,27,31,30,27,30,29,32,36,26,27,29,30,33,32,32,23,24,24,24,24,25,30,31,29,32,27,28,26,27,25,28,30,29,34,30,35,31,30,28,28,
23,22,32,32,30,34,35,30,29,31,29,32,32,28,27,26,33,32,28,36,35,29,33,33,33,33,25,33,25,31,30,38,32,30,37,36,35,27,27,28,27,27,28,29,31,33,33,28,30,30,29,35,30,30,30,27,28,29,28,30,25,33,31,32,32,28,29,25,22,30,25,26,27,25,26,27,23,30,29,30,34,32,27,28,33,29,29,28,29,26,24,28,28,28,31,29,29,29,24,28,26,31,33,23,27,31,28,34,28,28,27,26,27,30,35,34,36,24,23,25,25,31,27,36,30,33,31,28,31,28,26,28,28,30,29,29,30,35,29,31,32,31,30,31,37,37,28,31,30,34,29,26,29,26,29,31,26,26,24,25,31,32,30,34,24,32,28,26,25,28,26,26,28,25,30,34,29,27,31,29,27,34,31,33,33,30,31,26,30,34,30,30,31,28,28,27,27,30,30,25,24,24,26,27,25,26,26,25,33,28,30,24,28,27,23,26,27,28,29,28,36,31,36,26,27,29,31,27,33,33,28,28,24,26,25,25,30,32,27,29,26,27,30,27,27,27,28,32,30,35,31,32,31,31,33,29,
26,35,33,32,32,32,28,31,31,32,28,30,32,27,26,26,32,33,35,33,37,33,29,32,30,26,31,26,33,32,28,37,30,27,38,28,37,38,37,28,29,30,28,27,33,31,31,29,29,31,34,32,36,24,29,29,25,30,28,27,29,33,31,33,33,30,39,26,29,31,25,29,27,28,31,26,27,33,30,32,33,36,35,28,35,32,30,30,29,28,24,26,26,29,29,29,29,28,29,29,32,30,33,30,29,24,30,35,24,27,24,27,23,32,29,35,28,25,28,25,29,29,28,35,30,33,31,31,34,29,34,29,35,29,30,30,31,28,28,29,33,26,31,26,31,25,36,28,31,28,29,29,30,29,27,32,27,24,27,25,30,25,31,31,33,35,32,30,34,29,35,27,30,30,30,31,37,34,31,32,33,32,32,31,34,34,31,37,35,35,31,31,31,32,28,29,26,26,30,29,25,28,24,26,27,27,32,28,27,29,31,30,28,28,27,33,27,31,27,29,35,37,27,28,28,29,31,32,28,28,29,34,31,26,30,26,29,27,28,32,28,27,27,27,25,27,28,33,34,33,31,34,33,32,34,34,
30,36,34,30,33,33,32,32,31,31,31,31,33,33,28,27,27,34,34,36,33,29,26,29,31,34,36,31,32,28,29,29,26,28,28,28,32,39,39,26,29,31,28,28,28,33,28,36,30,32,32,32,29,25,31,27,29,29,31,29,33,30,29,34,33,39,38,36,28,30,23,28,27,30,26,31,33,35,33,33,35,34,35,32,34,35,33,31,30,31,28,26,28,28,27,30,33,33,32,28,31,30,28,30,29,26,28,25,25,22,26,26,24,23,24,37,29,29,30,28,27,30,26,33,36,33,32,37,29,30,29,24,23,34,35,31,34,27,28,30,29,30,27,32,26,27,26,37,24,28,29,28,29,32,34,28,24,25,28,30,31,32,29,27,34,26,33,32,37,30,25,25,29,31,31,37,34,37,36,36,36,32,33,32,32,34,32,35,32,35,32,31,32,37,29,30,30,27,27,29,34,29,29,25,26,25,32,28,32,30,31,25,30,29,28,32,35,32,33,28,27,37,28,30,29,29,31,31,27,28,33,30,35,32,30,28,30,29,29,33,35,29,29,29,28,26,36,26,33,31,34,33,32,36,35,34,
28,28,31,30,31,32,35,33,27,36,32,31,31,35,33,27,27,35,34,31,34,31,30,27,30,30,29,34,33,35,27,28,27,30,30,29,31,32,33,39,31,30,29,28,29,31,29,32,35,32,33,30,33,31,28,28,31,31,32,31,30,34,32,31,34,33,31,30,36,29,33,23,29,38,30,27,29,34,32,35,36,37,30,36,33,37,33,28,29,30,33,28,29,27,31,32,33,31,33,30,32,32,31,32,29,31,29,30,30,23,23,33,26,24,25,24,32,30,34,30,28,33,31,29,38,37,28,32,31,30,31,28,31,34,27,35,35,32,28,31,30,30,30,43,27,31,27,31,29,28,29,30,35,33,34,29,35,29,27,31,31,34,29,31,29,28,26,28,36,34,34,26,30,31,30,35,38,36,33,37,36,36,31,31,28,35,34,36,28,33,29,34,32,33,38,30,27,29,33,30,31,32,32,35,37,26,33,34,34,29,34,30,31,32,29,26,33,27,26,36,29,32,36,36,32,39,32,32,33,28,29,26,37,32,32,32,29,30,30,32,35,32,28,33,29,27,29,28,29,37,32,32,34,36,36,35,
31,29,30,30,32,32,36,28,27,28,35,31,32,31,34,34,28,28,34,35,30,31,32,30,31,29,30,29,35,32,30,30,29,27,30,31,30,31,31,28,29,30,30,34,31,31,32,33,36,39,30,33,34,33,34,32,26,33,32,32,34,31,29,31,27,31,33,35,30,32,33,34,26,39,32,30,35,33,29,31,37,38,31,38,38,34,37,34,29,31,31,30,33,29,33,32,31,36,32,32,32,33,34,32,31,31,29,30,28,31,29,29,32,27,26,28,27,32,32,34,32,31,40,30,39,38,39,33,32,30,33,32,31,36,34,36,28,35,30,30,31,42,30,30,30,44,34,33,28,31,33,30,32,31,35,30,31,31,29,36,38,26,28,33,31,28,27,29,29,28,26,35,26,26,33,32,32,38,36,34,38,34,34,34,29,28,35,38,37,36,29,36,33,36,31,31,28,35,37,32,31,32,33,29,37,32,29,31,34,34,29,30,28,33,25,28,28,36,27,28,39,33,33,36,39,33,40,32,33,26,29,27,27,28,32,35,30,31,33,30,34,31,32,30,34,36,29,29,37,37,35,33,35,35,35,36,
31,33,31,32,31,32,28,36,36,32,30,32,31,33,32,28,37,32,34,34,30,34,31,31,32,32,30,34,32,36,31,32,30,29,32,30,32,31,32,31,33,28,36,35,32,32,31,31,31,34,38,32,32,29,29,32,30,30,33,31,34,34,34,31,27,38,38,31,31,35,33,34,26,27,29,39,32,34,31,31,34,42,32,38,39,32,33,28,30,34,35,35,33,29,32,32,25,36,28,33,36,33,31,35,36,30,34,31,31,31,32,28,33,30,25,27,32,35,31,33,34,32,33,35,39,43,28,32,34,33,33,36,28,37,37,35,29,29,34,34,35,34,32,32,31,34,35,28,28,33,28,34,31,31,31,30,43,31,30,27,33,26,28,34,32,32,30,28,33,33,28,26,29,28,25,33,33,37,37,36,32,35,35,35,35,36,36,27,27,30,30,28,33,36,29,30,32,32,37,30,33,31,29,30,33,30,30,32,29,35,32,31,32,31,24,25,28,28,31,35,34,33,33,38,38,34,30,30,29,34,37,27,37,38,37,36,31,33,32,31,31,30,32,36,34,36,36,30,37,38,34,36,34,36,34,34,
34,33,34,32,33,31,35,30,35,31,33,31,33,33,33,29,34,33,34,37,31,34,34,32,32,32,34,32,29,31,30,31,33,35,32,31,33,35,29,33,38,38,37,27,37,36,32,32,32,32,32,36,32,37,33,29,34,29,30,36,32,33,35,33,31,34,38,33,37,38,34,35,31,28,29,33,33,34,34,32,33,41,42,38,34,32,33,37,40,36,32,34,35,33,30,32,26,35,36,36,35,30,37,38,32,36,30,35,33,30,31,32,33,30,25,32,29,33,35,32,38,35,31,34,35,36,31,30,33,28,31,34,34,29,34,35,29,29,33,35,34,35,30,35,32,32,36,32,35,34,29,32,32,32,35,32,32,33,43,28,28,32,35,30,31,29,29,28,34,33,35,29,29,29,30,34,36,34,34,37,36,34,33,35,35,37,29,39,38,27,31,35,28,32,31,30,34,37,38,37,34,37,37,38,32,31,39,33,31,30,33,28,31,36,34,25,36,28,28,32,36,30,34,37,35,43,40,31,30,31,37,34,37,38,38,37,30,37,34,32,33,34,35,32,36,31,32,37,38,38,38,36,35,37,36,35,
37,34,37,35,30,32,35,32,36,34,34,33,36,37,34,35,34,34,34,37,31,32,33,40,39,34,32,33,32,32,30,32,30,33,31,31,33,34,31,33,40,39,38,38,32,31,32,34,33,38,33,32,36,38,39,31,30,34,30,30,30,34,36,33,31,33,34,33,31,31,32,35,33,31,31,40,37,33,35,35,35,37,40,36,39,37,37,38,40,33,35,33,34,33,36,36,38,37,36,36,32,38,38,39,38,34,36,32,34,31,35,36,36,33,39,33,34,29,35,35,39,35,34,32,36,35,38,32,32,30,36,34,33,34,33,39,36,35,34,38,34,35,36,35,34,35,36,30,31,37,34,28,33,28,32,32,33,43,32,43,35,36,34,30,34,31,30,29,35,34,34,35,35,29,34,34,36,40,37,39,38,34,34,35,36,35,37,34,39,32,32,36,35,36,34,35,35,38,38,40,38,31,34,39,31,32,31,36,33,38,38,29,31,36,35,33,36,36,28,39,38,38,34,34,37,42,44,29,31,33,36,35,37,36,38,36,36,38,33,33,36,35,37,32,37,37,34,37,34,40,37,35,36,36,39,37,
33,36,30,35,35,30,33,34,37,37,33,34,35,35,37,35,34,37,34,37,33,33,38,39,39,35,34,38,34,33,31,37,31,34,32,32,34,33,30,34,36,36,40,38,27,39,32,33,34,38,39,37,36,38,30,30,30,34,34,29,33,32,35,36,33,32,34,36,32,34,39,38,34,34,38,42,36,37,35,34,35,32,38,35,35,38,38,38,34,34,36,34,35,37,37,40,37,34,38,35,34,37,35,40,38,32,37,36,36,34,32,36,34,28,28,28,37,37,36,36,34,36,37,35,37,35,35,30,33,33,32,37,34,34,30,39,41,36,38,39,35,35,37,37,37,35,34,32,31,34,37,33,37,36,34,33,29,31,34,32,37,36,36,29,37,33,30,30,32,43,35,35,36,38,36,35,41,39,31,44,40,34,35,39,38,33,33,37,40,33,32,33,33,36,37,35,34,38,41,41,34,32,35,35,33,31,32,36,35,38,39,38,32,37,37,34,35,37,39,39,40,35,34,36,33,36,43,30,29,35,37,27,38,36,39,40,38,39,34,35,36,37,39,32,31,34,34,34,40,36,40,38,36,37,39,36,
33,34,43,35,35,39,33,40,36,33,34,36,35,37,36,37,37,38,38,35,38,38,36,36,36,36,35,34,33,32,32,32,37,35,28,32,34,34,31,31,35,38,41,39,40,38,35,33,35,35,36,34,38,32,39,30,29,36,35,29,34,35,34,34,36,37,37,34,37,37,38,39,39,43,39,37,36,35,35,36,36,33,40,35,36,39,31,39,33,35,35,41,34,34,38,38,38,36,34,35,36,34,37,34,41,41,32,39,37,32,30,36,34,37,29,29,33,37,37,37,34,35,36,35,39,36,31,30,30,36,33,36,38,38,34,31,35,32,36,39,36,37,40,38,39,37,32,32,32,32,39,33,38,29,30,33,29,32,33,37,35,35,37,31,37,33,33,31,33,33,38,36,33,39,39,37,36,33,32,44,45,44,35,35,36,38,35,36,37,35,37,38,40,37,37,35,39,35,32,40,35,33,35,35,36,37,33,32,36,38,39,34,39,38,39,40,35,37,38,41,41,38,37,37,36,32,33,32,40,37,36,28,28,37,34,40,30,34,36,39,36,36,38,35,32,34,35,35,42,40,39,39,31,37,38,37,
34,38,47,44,36,38,39,36,36,42,37,42,44,34,33,39,38,33,34,33,33,35,35,34,36,36,33,35,32,34,34,39,39,38,42,37,33,34,37,32,38,38,39,38,37,40,39,35,34,37,35,33,39,32,33,32,34,37,40,34,35,33,32,35,35,36,37,37,34,38,39,39,42,40,36,38,36,37,36,36,37,36,37,35,43,36,40,40,40,36,34,42,40,33,34,38,39,36,33,38,36,38,36,36,34,34,34,40,32,33,35,31,36,38,40,31,39,33,35,38,35,35,37,36,34,42,37,30,40,37,37,35,38,34,34,36,31,35,32,35,37,31,38,35,37,35,34,35,33,35,30,42,39,36,35,38,35,37,39,37,37,38,36,38,33,37,31,32,32,42,33,37,37,34,36,40,39,38,33,44,35,37,35,40,40,40,37,37,37,38,39,35,34,38,38,37,39,33,33,35,31,33,36,36,36,38,33,35,37,41,35,35,35,35,41,39,39,40,37,39,42,41,39,38,38,36,33,37,31,28,32,37,40,31,28,38,31,36,36,38,36,37,36,36,35,34,37,38,41,32,40,39,37,32,40,38,
34,39,37,45,39,40,40,40,38,43,39,43,39,29,30,29,29,36,33,35,34,34,35,34,36,34,34,35,33,33,35,38,39,42,37,37,32,34,37,38,39,38,39,41,37,35,36,36,35,34,36,36,34,33,35,33,39,36,38,39,38,34,40,37,30,36,36,41,41,39,40,39,42,39,39,37,38,38,36,37,37,36,42,35,43,36,35,40,39,37,35,35,44,42,35,38,38,36,35,39,38,39,40,38,37,35,35,33,33,34,33,37,32,35,41,32,32,36,34,43,39,38,38,37,35,34,42,31,39,38,37,37,35,34,37,38,31,42,37,31,31,31,38,38,34,36,38,36,33,34,39,43,37,37,36,36,38,38,37,37,39,40,37,42,42,31,32,36,33,43,33,35,34,35,35,40,39,39,46,45,39,37,42,39,41,37,34,38,39,31,39,35,38,40,39,42,36,35,35,36,34,39,36,34,39,37,43,33,37,36,38,37,36,37,40,40,40,40,40,41,38,42,36,39,40,34,38,38,28,32,26,34,33,35,39,34,36,37,33,39,36,38,40,35,37,36,36,35,35,41,34,41,39,38,35,40,
33,42,36,38,37,40,38,40,39,37,40,43,39,39,43,35,35,36,34,33,33,36,43,34,35,34,34,37,37,34,37,39,44,40,42,33,37,33,40,43,37,40,39,40,34,40,37,36,40,40,34,36,41,35,39,39,40,33,36,40,40,35,41,37,38,36,31,30,42,31,40,39,43,39,39,41,38,35,37,45,33,37,39,35,35,38,36,41,40,40,40,35,44,30,30,37,39,36,35,36,39,35,40,40,38,34,35,35,35,35,36,32,33,32,42,33,35,44,43,42,39,32,38,39,40,34,43,43,40,31,42,40,35,40,39,38,34,37,38,33,33,33,37,40,39,35,39,38,40,35,38,43,34,36,37,35,37,38,39,39,41,40,37,41,40,38,32,35,35,34,35,37,34,35,37,36,37,38,39,36,39,38,38,42,38,40,38,35,38,39,32,36,41,41,38,43,39,38,37,37,37,41,34,39,37,37,43,39,37,37,39,38,39,37,41,41,38,37,35,41,40,39,38,39,40,35,37,39,32,29,34,27,40,40,41,40,37,37,41,37,37,40,42,42,39,41,38,40,37,35,33,32,41,39,36,37,
40,37,37,36,46,45,41,42,38,37,39,39,39,37,44,38,32,37,37,35,39,44,40,43,44,42,35,38,36,37,36,38,39,45,45,41,42,37,42,39,37,42,42,40,30,35,39,40,40,40,36,35,35,38,36,38,38,34,34,41,38,43,38,38,37,37,37,40,36,31,39,39,36,37,41,36,38,39,40,44,36,39,37,39,36,39,36,37,36,41,40,38,35,34,31,39,37,36,38,33,38,41,41,35,40,33,37,42,38,36,35,32,32,40,40,32,36,38,42,36,43,38,39,39,37,36,35,41,41,31,42,36,38,40,38,39,36,42,36,34,42,40,39,38,40,39,40,37,42,41,42,42,39,39,37,41,34,37,41,31,40,37,43,42,36,41,35,35,33,40,36,38,35,39,37,35,38,40,36,37,41,34,34,33,36,38,41,37,36,37,33,34,34,42,36,35,43,38,44,36,41,42,35,36,38,38,38,38,36,36,31,38,40,39,37,41,40,39,42,41,41,41,42,39,40,38,39,38,36,34,40,29,41,40,42,36,38,42,42,40,38,43,42,42,40,37,40,36,35,35,36,35,33,37,36,37,
36,42,37,44,42,47,46,37,42,38,40,39,41,41,40,39,40,36,38,37,33,40,35,40,40,39,40,39,37,37,38,39,38,39,40,41,41,43,42,44,41,42,42,38,42,31,39,41,37,39,37,41,40,38,38,43,37,39,40,35,43,36,38,40,42,40,37,36,37,42,41,40,39,36,37,37,40,39,38,36,37,37,37,38,38,35,38,33,41,39,38,38,38,36,34,30,38,37,39,34,38,37,38,42,39,41,38,35,37,37,37,36,38,41,37,40,42,42,42,37,37,38,42,43,38,38,40,41,40,42,39,42,39,39,39,39,36,37,44,37,41,40,41,40,40,41,40,37,42,42,42,40,39,41,39,42,38,38,42,34,41,40,44,43,43,41,36,38,34,38,37,39,43,37,40,35,36,32,31,40,41,39,35,34,41,40,40,39,37,37,39,38,40,38,40,45,35,44,44,37,36,37,36,39,37,41,37,40,39,34,42,42,41,40,41,36,40,40,43,41,42,41,42,40,40,38,38,39,34,36,33,39,40,41,42,38,38,42,43,40,42,44,41,37,36,42,41,36,37,38,37,35,36,38,37,38,
37,43,42,39,40,45,37,38,44,42,41,40,42,42,36,40,41,35,38,34,39,41,39,42,45,40,41,40,35,37,41,36,42,39,35,41,40,38,43,37,42,45,42,42,43,38,39,34,41,40,41,39,42,41,45,41,39,41,37,40,43,36,34,38,46,34,33,35,37,35,43,35,36,38,43,38,39,40,36,38,39,38,42,39,37,36,36,38,34,36,39,39,38,37,36,32,31,32,39,39,40,37,43,43,42,40,41,44,36,38,36,38,36,39,40,40,43,43,43,40,41,40,43,41,39,38,41,40,41,41,35,44,40,41,40,39,39,39,40,40,44,40,42,41,41,40,35,43,43,42,44,41,36,35,37,39,41,38,42,41,36,42,39,51,45,40,44,41,40,38,39,41,39,45,38,42,37,33,32,42,43,37,35,35,41,43,41,37,41,38,38,38,40,36,41,39,35,38,38,33,38,36,42,39,40,39,36,40,40,40,42,40,44,42,37,37,41,43,41,41,41,42,42,44,41,38,39,35,36,36,36,42,37,41,41,42,40,42,44,42,44,35,41,42,37,38,38,37,39,37,37,38,36,37,39,38,
43,43,44,40,42,46,43,45,44,44,35,42,41,39,39,37,38,36,37,39,35,41,41,41,37,42,43,45,39,38,37,43,37,41,43,42,39,40,39,38,39,36,40,42,44,44,39,40,40,40,40,40,44,41,39,40,41,39,38,38,38,41,35,44,47,43,41,36,36,37,43,35,35,39,41,45,43,43,44,39,37,42,42,36,38,37,37,36,36,35,41,40,35,41,37,38,33,33,33,33,39,38,39,39,37,44,41,42,42,37,42,38,40,41,40,40,43,43,43,42,43,35,42,40,39,39,42,41,42,41,42,42,40,43,40,42,39,37,40,37,36,44,43,42,43,38,43,44,40,43,42,43,39,37,38,40,40,39,38,35,35,34,42,51,50,41,40,38,40,39,38,38,40,45,46,40,42,40,45,42,42,34,44,35,43,42,42,37,39,43,39,39,43,44,37,40,41,48,40,40,39,37,39,42,38,39,38,37,38,40,41,40,40,40,42,37,35,38,44,41,42,44,43,38,42,44,44,38,36,37,40,37,38,39,38,41,45,47,41,50,42,43,39,39,38,39,38,35,37,41,38,39,42,40,39,40,
47,43,43,42,41,41,44,38,44,44,39,42,40,41,39,38,37,38,38,38,38,42,41,39,41,40,40,45,41,34,35,35,35,45,42,43,40,40,42,39,38,40,41,39,36,38,43,44,43,41,37,43,41,42,39,43,45,41,43,44,39,38,40,46,45,43,44,42,37,44,35,43,37,41,41,43,43,42,46,44,40,42,42,44,40,39,38,39,39,44,44,38,40,37,42,45,44,34,45,39,39,43,40,39,38,39,41,42,38,38,42,43,43,44,43,41,41,43,47,43,40,36,44,42,41,40,42,43,45,42,41,39,41,40,41,43,40,41,40,38,38,44,41,40,43,42,37,38,37,39,45,41,43,39,42,47,41,40,39,43,46,36,35,43,49,50,40,39,38,39,38,36,39,36,42,41,42,43,44,44,43,41,42,44,44,43,38,38,39,37,40,41,45,44,40,40,42,48,40,46,40,40,39,43,39,38,38,39,38,44,35,41,42,39,39,38,36,36,40,44,42,38,42,37,39,45,41,42,37,37,36,46,39,39,37,40,39,48,40,42,42,44,46,40,37,39,39,37,40,41,40,41,43,43,42,41,
46,41,42,43,39,43,42,36,42,45,46,42,38,40,43,40,39,42,37,39,50,38,42,40,36,41,41,41,39,39,42,42,36,38,42,43,44,39,46,39,40,38,42,39,46,38,46,45,40,37,39,38,37,44,40,39,43,42,39,44,41,39,42,39,48,44,44,41,44,35,38,41,37,42,36,46,38,44,44,47,44,42,45,46,40,41,43,40,44,45,38,41,38,39,39,41,45,45,43,35,39,40,41,37,40,42,41,40,45,39,38,42,44,44,42,41,43,45,42,39,43,44,45,41,41,41,40,42,47,38,42,40,39,39,40,45,40,41,42,47,39,46,41,44,43,43,41,39,40,37,43,42,44,48,42,45,47,41,40,40,38,47,42,41,42,43,48,41,39,41,39,39,42,42,42,42,41,44,44,39,38,42,39,40,43,39,42,37,39,38,40,45,44,45,41,42,42,42,41,38,44,41,38,40,39,42,38,38,40,38,38,38,41,42,40,42,41,40,37,41,33,41,38,38,39,39,42,46,41,43,38,39,39,39,38,46,42,37,48,39,44,44,45,41,37,39,39,38,44,39,42,40,43,44,43,43,
41,45,43,43,44,43,44,37,49,46,43,39,39,38,44,45,42,39,41,38,39,40,43,41,42,42,41,43,42,39,38,48,42,47,39,43,40,39,39,41,39,40,43,40,40,46,42,46,46,39,44,42,39,38,41,42,40,44,39,41,42,41,40,40,51,43,43,44,44,41,35,42,41,43,43,45,39,40,44,46,44,44,45,45,39,37,43,46,43,42,39,42,42,42,39,40,46,42,43,40,41,44,42,41,40,37,41,41,47,39,43,43,44,41,42,43,43,46,37,44,40,44,43,47,41,40,41,46,47,44,43,40,42,39,43,46,44,40,42,44,41,44,42,44,43,44,42,39,41,38,37,47,43,44,39,43,44,41,41,40,38,39,43,42,38,44,39,41,42,37,41,40,45,39,38,42,42,41,42,41,41,46,42,40,40,46,40,38,42,42,46,45,43,44,42,45,43,43,44,39,38,45,39,39,40,40,38,37,38,40,39,39,39,41,41,45,41,41,43,42,42,37,41,39,45,40,41,43,42,42,41,42,45,36,40,46,47,42,50,43,50,46,46,42,42,41,43,41,46,41,40,42,42,44,41,42,
48,47,45,43,42,44,44,40,37,40,39,40,42,47,38,41,43,38,39,46,41,39,46,44,42,42,43,41,42,45,42,40,49,46,49,43,40,40,41,45,44,39,39,41,41,41,45,44,42,43,45,43,41,39,43,42,42,45,44,43,39,42,43,40,46,44,50,43,50,38,36,42,43,44,45,43,44,40,39,46,47,46,45,46,41,41,42,38,43,39,39,45,42,42,44,48,43,46,40,43,42,47,42,47,38,39,39,37,48,40,46,40,43,42,55,44,41,38,38,48,41,49,44,45,46,43,44,41,47,45,44,42,46,42,44,44,47,45,45,45,44,45,44,42,44,45,45,40,43,42,38,38,48,44,46,41,40,44,42,42,41,39,42,44,44,39,45,41,41,39,37,41,41,44,43,39,43,42,43,43,47,42,44,42,42,42,44,42,42,37,43,47,44,43,43,41,45,44,39,40,40,39,45,42,38,40,42,42,42,40,40,45,41,39,48,46,47,44,43,40,43,37,38,42,45,41,41,42,42,42,42,42,41,43,41,40,47,38,38,42,40,43,42,44,42,42,46,42,48,43,46,42,43,42,42,42,
46,46,47,44,40,47,41,40,41,37,41,41,51,40,48,47,45,44,44,47,46,40,40,46,43,44,40,40,46,43,45,41,45,46,47,47,46,41,44,45,41,44,41,39,43,42,44,44,40,46,45,44,42,41,43,44,42,43,43,47,45,41,45,45,47,46,47,43,45,44,39,45,40,45,39,46,43,47,49,46,49,49,42,45,45,42,47,43,41,40,40,44,43,43,43,46,49,48,46,48,45,46,37,47,45,46,39,45,44,49,39,40,41,43,54,45,46,42,47,45,49,47,42,45,44,44,44,41,43,45,46,46,44,42,46,46,45,45,44,48,45,45,43,45,42,42,41,46,43,45,43,39,43,43,41,37,43,41,40,42,43,45,39,43,40,46,45,43,47,39,40,40,41,45,42,44,44,44,42,44,47,43,42,44,42,44,40,44,44,45,43,52,47,46,44,46,42,45,40,41,40,42,40,42,44,40,43,42,44,43,41,43,43,47,46,48,43,44,43,43,38,45,38,43,44,44,42,45,41,43,42,40,39,42,44,45,41,39,41,39,46,43,43,45,45,43,48,47,43,45,43,43,41,42,42,43,
50,42,47,49,47,42,42,41,46,41,43,39,42,51,50,47,46,48,45,45,45,46,42,42,46,45,47,44,46,46,42,46,46,47,41,48,45,42,45,45,47,40,40,40,40,39,43,46,44,48,46,47,43,44,43,43,45,44,45,45,45,42,41,46,48,46,47,49,47,45,45,45,43,50,40,42,45,42,48,50,41,50,43,46,45,46,48,40,42,41,44,47,43,43,44,43,45,45,46,44,47,47,46,38,38,44,45,46,45,45,45,42,55,40,42,54,54,48,47,48,43,44,47,41,44,46,44,45,44,43,46,45,45,44,44,42,44,45,45,49,47,49,41,43,43,44,42,42,43,45,46,43,42,40,38,38,38,45,41,42,43,44,44,42,39,47,42,50,44,44,45,48,47,46,40,41,41,46,43,43,48,41,42,42,39,45,42,41,42,42,43,45,43,43,47,44,43,41,41,41,41,45,41,41,45,41,41,42,44,44,41,43,49,46,46,46,43,44,44,44,44,39,46,38,43,45,42,45,42,46,42,43,43,42,48,42,41,40,41,44,46,43,44,43,44,44,44,42,42,47,46,41,42,43,43,43,
43,44,43,49,48,44,46,46,44,45,41,40,44,50,44,47,50,49,50,48,44,49,46,46,47,44,42,44,43,46,47,47,46,45,42,49,46,42,45,43,44,43,41,43,45,43,40,46,41,47,42,46,41,44,45,46,41,42,45,46,44,46,48,47,48,43,44,44,48,52,44,43,43,50,49,46,45,47,45,51,50,41,44,44,46,46,47,52,43,44,44,47,43,42,41,43,44,47,47,44,43,46,45,46,50,45,51,43,46,46,45,42,41,42,41,43,44,44,44,44,45,43,46,44,42,48,42,46,47,44,49,46,44,45,45,41,48,44,48,46,46,49,43,42,43,44,44,41,43,43,41,45,43,41,48,41,41,42,40,42,44,44,43,48,40,47,43,51,44,47,46,49,48,43,41,43,44,47,43,44,49,47,42,41,44,48,45,43,42,47,46,48,42,41,39,42,41,47,45,43,44,45,44,42,45,45,46,46,44,44,45,42,47,42,44,45,48,46,45,46,45,45,46,39,37,40,39,39,42,41,47,38,43,45,48,46,47,48,40,49,41,45,45,44,43,45,45,43,43,48,46,44,42,43,47,45,
43,45,43,47,48,50,46,45,52,45,45,50,50,49,50,46,46,50,50,49,45,48,46,44,48,41,42,44,46,44,45,45,47,44,43,50,44,53,42,45,47,46,43,45,45,47,40,39,41,41,47,47,45,42,48,47,47,41,44,49,42,48,43,49,43,44,42,46,43,45,42,43,43,42,50,50,45,49,43,42,51,41,44,44,47,47,50,44,44,44,44,45,44,44,47,45,47,47,47,48,47,48,46,48,51,52,52,51,44,50,45,43,43,45,43,48,45,44,48,47,45,46,44,46,50,48,46,46,43,45,44,47,43,45,47,47,48,50,44,46,46,46,46,41,43,43,39,42,45,42,42,44,43,48,49,44,42,43,51,40,48,41,46,43,48,51,48,45,46,46,45,47,48,48,41,42,41,42,42,44,48,47,47,48,44,49,47,43,43,44,44,47,50,47,45,39,45,44,44,45,44,45,45,45,48,47,47,44,45,47,47,45,48,45,49,46,44,46,46,48,44,46,46,45,38,39,39,42,42,45,47,42,46,44,48,44,46,43,48,50,42,43,46,44,46,49,46,48,46,49,46,46,46,43,48,47,
45,44,45,45,44,46,45,46,52,52,47,51,47,47,47,47,48,46,46,53,47,51,52,45,48,44,43,45,42,45,44,46,47,46,46,44,48,44,46,47,46,45,45,45,46,44,46,47,48,42,48,48,46,46,46,49,47,43,49,50,50,46,53,45,44,44,42,43,43,45,48,43,45,47,43,44,49,48,49,47,42,43,45,44,45,48,49,46,46,45,45,43,45,42,50,48,44,44,48,43,45,46,48,46,52,52,51,51,47,51,48,48,46,46,51,49,48,44,44,45,46,44,45,50,47,46,45,46,51,44,45,47,48,46,47,45,48,47,49,47,46,47,49,46,41,42,46,47,46,45,43,45,46,44,47,49,46,42,45,41,50,49,42,42,50,50,49,50,48,47,46,49,49,41,41,42,43,44,42,45,46,48,48,44,46,48,50,47,46,47,45,50,44,49,48,40,41,46,46,49,46,48,46,44,44,49,45,45,50,47,47,46,46,46,48,45,50,45,44,52,48,44,46,45,44,39,46,41,46,43,43,44,47,47,46,45,45,47,47,44,44,44,43,45,49,48,49,48,54,46,46,46,46,44,47,47,
47,45,44,49,46,45,45,49,52,52,50,48,50,48,48,43,52,50,49,45,51,51,52,51,45,42,44,45,46,47,49,47,51,47,48,50,48,47,43,43,48,46,46,46,46,46,47,48,49,49,48,53,46,46,48,47,50,50,50,48,51,49,42,46,46,44,47,46,43,46,48,46,45,45,47,46,48,48,48,50,52,43,43,46,44,46,49,47,46,47,45,49,42,46,50,45,45,46,45,47,45,47,43,48,52,53,50,52,47,47,51,49,47,45,47,51,52,48,46,47,46,45,43,49,46,49,47,46,46,45,46,52,47,49,47,47,47,46,48,45,45,45,46,47,44,46,48,47,47,49,48,47,46,44,47,50,44,48,46,45,48,52,43,45,44,45,47,51,49,49,45,47,49,50,44,43,45,45,44,47,47,46,46,48,46,48,48,47,47,46,48,51,48,48,48,48,51,46,46,44,46,48,50,45,46,45,49,47,46,45,48,48,50,47,48,44,50,51,50,43,42,46,46,50,46,44,46,46,47,47,43,45,49,43,47,46,47,45,47,46,52,45,44,49,47,46,51,49,54,50,46,45,44,45,44,44,
47,46,45,50,47,44,45,50,50,48,46,50,49,49,48,49,44,49,45,44,42,50,45,48,47,51,48,44,46,47,47,48,48,45,50,51,50,45,44,44,47,47,47,47,47,44,47,48,52,49,51,49,54,50,50,48,49,49,48,51,46,50,43,43,47,51,48,50,46,47,45,49,45,43,57,52,48,49,49,48,48,51,45,47,51,50,48,49,48,47,46,48,48,47,46,45,48,46,47,48,45,46,50,44,46,48,49,45,48,44,46,50,47,46,48,51,53,52,46,49,50,48,44,50,46,50,46,47,47,46,51,52,48,50,46,44,47,46,46,48,44,48,49,47,48,47,48,41,45,50,49,50,45,45,44,45,43,46,46,48,51,51,52,44,48,45,46,46,53,48,47,49,50,50,48,45,45,47,45,49,47,47,44,47,47,50,48,49,50,48,46,52,51,49,49,43,51,51,43,44,45,51,44,48,49,46,45,44,48,44,46,47,50,47,48,49,45,50,45,48,43,47,47,49,48,47,48,50,51,49,46,46,44,45,48,53,47,48,45,45,46,45,52,47,47,49,46,50,51,49,44,49,45,45,45,46,
51,47,47,48,47,49,52,46,51,49,54,50,50,50,51,51,50,52,44,48,45,45,45,49,48,51,47,45,46,46,48,50,50,46,45,47,51,45,46,50,50,47,48,48,46,48,50,47,48,49,48,50,47,51,49,49,50,46,46,44,47,50,49,44,48,46,50,52,51,51,47,50,49,56,57,53,52,48,49,50,49,51,46,51,51,48,48,49,51,48,47,48,51,49,48,50,47,49,47,48,44,47,48,50,47,52,49,50,46,46,45,45,49,50,50,45,48,53,50,51,51,45,46,48,47,47,46,48,46,48,44,45,49,48,52,50,48,49,45,49,49,45,47,46,46,45,48,42,43,50,50,48,46,45,44,46,47,46,48,46,48,53,51,51,48,45,47,49,48,48,49,47,48,48,48,48,47,46,46,45,49,50,49,47,51,48,54,53,50,52,53,51,51,52,49,44,52,50,47,44,46,50,48,52,48,47,45,46,45,46,45,49,47,47,49,49,49,51,52,49,47,43,50,50,50,49,46,46,52,49,46,47,47,46,49,49,46,47,51,45,44,51,52,51,45,50,48,46,52,45,49,46,49,48,46,48,
49,48,48,48,46,49,50,53,49,49,55,46,50,49,52,48,49,54,50,48,50,45,46,44,44,52,51,48,49,47,48,49,51,45,49,50,52,47,49,47,50,51,48,49,46,49,51,51,44,49,53,52,49,47,52,47,47,47,47,47,49,49,46,51,52,45,46,52,49,50,49,48,48,47,52,55,52,52,48,50,50,50,56,56,48,48,48,50,52,49,50,50,49,50,45,51,48,49,49,46,46,45,50,49,50,48,52,47,47,48,46,48,45,50,47,52,53,50,48,48,48,48,47,46,50,47,51,48,48,47,47,46,49,50,48,50,49,49,49,49,47,47,47,46,46,47,43,49,44,52,50,45,49,46,46,45,46,46,48,48,56,46,53,54,54,49,49,47,50,49,49,51,49,49,49,49,49,48,47,52,49,50,48,49,53,46,50,54,54,54,51,53,52,51,51,50,44,49,48,47,51,47,51,47,50,52,50,45,44,52,46,46,46,49,48,51,51,51,46,53,49,50,48,49,52,51,48,47,50,52,52,47,48,49,49,52,50,49,49,50,47,47,48,52,50,50,49,53,48,49,51,50,49,47,47,47,
53,53,51,45,51,49,49,46,54,52,50,48,50,49,49,50,50,50,54,50,51,51,46,51,53,53,53,49,46,51,51,49,51,45,55,48,48,46,48,47,49,52,52,50,51,48,51,47,45,51,48,54,49,51,52,50,48,54,48,52,48,47,49,51,52,49,47,48,51,49,52,49,50,50,51,56,47,49,49,50,49,48,56,48,48,53,48,49,48,49,51,50,49,51,50,50,52,47,50,47,47,51,48,53,51,50,49,49,48,47,47,48,49,46,48,49,46,51,51,51,49,46,48,48,48,51,50,50,49,53,54,47,48,51,50,51,52,47,50,49,49,48,50,46,48,48,46,49,47,51,46,50,53,50,48,47,48,47,48,57,56,48,54,54,47,54,50,50,47,52,49,47,52,51,53,49,50,53,48,46,46,49,48,48,50,49,51,51,51,52,51,52,53,54,48,51,45,47,48,48,52,51,48,47,51,52,51,48,48,53,50,46,47,49,46,51,53,52,48,49,50,49,49,48,47,49,49,51,48,51,52,51,50,49,51,51,50,51,52,51,50,49,49,50,50,51,48,50,48,52,52,52,47,48,46,48,
54,50,53,53,49,49,50,47,54,50,54,52,51,51,50,49,50,46,51,51,52,52,52,47,52,54,53,53,51,52,51,51,50,50,52,48,46,47,48,48,47,48,48,50,51,49,48,49,49,52,51,50,53,53,54,53,56,53,50,47,49,50,50,49,49,49,48,48,48,51,50,51,47,51,49,52,51,47,52,53,47,49,49,47,50,49,54,49,48,52,50,50,49,53,50,48,50,53,52,48,49,49,53,54,53,51,51,51,48,49,48,48,49,50,49,50,48,53,46,52,50,46,52,52,49,48,50,51,53,47,55,49,48,48,47,51,51,51,48,51,52,49,49,50,48,50,48,53,48,52,51,51,50,50,46,49,48,48,49,47,49,49,47,48,48,52,50,53,48,49,53,53,47,51,52,53,50,51,50,53,47,47,49,49,49,49,50,52,53,52,54,53,50,49,55,49,49,51,49,47,53,47,50,49,48,51,50,48,50,48,47,48,47,50,55,53,54,54,52,50,50,50,51,50,53,52,51,51,52,48,52,52,51,53,50,50,50,45,52,52,52,50,50,51,51,51,48,51,50,49,49,47,47,46,46,49,
54,52,55,53,53,53,52,51,49,51,51,55,51,50,51,50,50,49,53,52,54,53,53,52,52,49,51,54,49,46,46,46,52,51,50,51,50,52,49,50,48,49,51,54,53,52,50,50,54,53,53,50,50,55,54,51,51,51,50,49,52,49,52,51,52,50,51,48,48,50,50,52,51,48,48,52,53,48,52,51,48,50,49,48,50,52,54,53,47,47,51,51,50,50,49,49,49,50,51,49,49,49,53,53,53,52,51,49,51,51,53,50,52,50,50,51,50,51,52,49,48,50,48,50,52,49,51,51,49,49,49,53,53,52,51,49,52,51,50,52,52,52,52,52,48,49,50,49,51,51,55,54,51,52,52,48,51,48,50,51,54,50,49,47,48,50,54,51,49,52,53,48,48,52,48,53,52,48,51,49,48,48,50,50,50,53,55,50,51,54,55,54,52,50,50,51,50,51,53,56,51,54,50,53,50,47,52,49,49,52,50,52,50,48,48,47,54,54,52,49,51,50,50,47,50,51,53,52,53,51,49,49,53,56,54,54,46,53,50,50,52,48,50,52,51,52,52,52,49,49,54,48,53,49,47,48,
50,53,55,53,53,54,54,49,52,50,50,53,52,53,54,48,51,46,51,54,52,51,54,51,50,50,53,55,53,48,52,46,47,52,52,53,51,52,50,50,46,49,56,55,51,54,51,48,55,50,49,51,51,56,51,51,48,52,52,50,52,50,49,53,51,50,49,50,52,51,51,54,54,54,53,53,52,51,54,51,52,53,51,49,53,52,52,50,47,52,51,49,54,51,52,51,50,49,52,52,48,52,54,53,47,50,54,52,50,51,50,50,48,50,50,51,49,49,50,53,51,51,54,50,50,48,47,52,48,49,49,52,52,53,52,55,50,53,53,49,53,53,52,51,52,49,49,49,52,54,52,50,49,52,53,49,52,52,50,49,51,51,52,49,50,48,51,52,52,49,51,49,49,52,52,52,48,53,46,51,50,51,53,51,52,53,52,54,51,50,54,54,50,51,48,51,52,48,52,50,52,51,51,50,51,51,51,53,50,50,50,51,51,52,50,54,49,54,54,52,52,52,51,51,47,53,54,53,53,54,52,54,49,56,51,49,50,47,51,49,53,48,48,50,52,51,52,48,50,49,50,51,51,49,50,49,
52,50,52,54,54,54,54,52,49,50,52,51,54,54,52,54,50,49,53,50,51,52,54,53,53,53,54,54,52,49,51,53,47,53,52,54,52,51,51,49,53,51,51,56,51,55,57,55,49,52,48,48,48,51,48,55,54,49,49,53,53,52,52,53,50,51,54,52,51,50,52,50,54,54,53,54,53,57,52,54,52,54,50,51,51,49,51,52,48,53,51,51,53,53,53,52,53,54,54,49,49,50,55,51,48,51,54,51,52,52,47,50,48,54,53,52,53,50,51,51,51,52,53,52,53,47,53,50,54,49,50,51,50,53,53,50,56,50,54,50,54,54,49,51,51,55,50,52,56,52,54,52,50,57,53,52,52,50,53,50,52,51,52,50,51,54,52,54,55,52,51,52,54,53,53,53,49,52,47,51,53,53,51,52,53,53,50,55,49,50,55,55,54,49,49,52,50,49,49,49,49,52,53,56,52,51,54,53,54,50,50,51,53,53,48,53,51,52,53,48,54,54,54,56,51,51,54,50,52,53,55,50,56,49,52,52,50,55,53,48,55,48,51,50,51,52,51,50,49,50,49,50,52,49,49,50,
52,51,52,53,52,54,53,53,54,49,51,52,50,54,50,52,54,55,50,50,51,51,51,52,52,54,53,48,53,49,52,53,47,48,51,51,53,54,52,52,53,52,51,52,56,55,51,53,55,55,53,49,51,48,48,50,54,54,54,53,53,51,51,53,53,49,54,52,52,52,52,56,50,55,54,56,54,58,54,53,51,53,49,52,53,53,52,52,53,52,53,53,53,52,53,53,55,54,52,47,49,51,52,53,52,53,53,55,51,54,47,51,50,54,54,52,52,54,52,51,52,51,54,54,52,49,52,53,55,55,52,52,55,53,52,56,50,53,52,54,52,55,51,53,52,53,53,53,52,50,57,52,53,57,54,54,51,57,53,52,51,51,52,51,51,55,55,55,56,48,52,53,53,54,52,52,53,49,53,56,53,53,53,52,53,52,52,55,52,50,50,52,55,56,54,50,51,52,50,50,54,54,52,53,53,50,53,55,53,51,53,51,53,49,52,53,52,54,54,55,54,54,57,55,55,53,56,54,51,51,53,50,51,56,55,51,51,52,53,52,49,54,54,51,50,51,51,52,50,50,50,52,51,50,51,51,
51,55,55,54,54,55,52,53,52,54,52,53,52,51,54,51,56,51,54,54,53,53,52,51,52,53,53,53,49,52,51,49,53,49,52,53,54,56,54,54,52,51,56,53,56,55,58,53,54,57,53,53,52,53,49,52,53,56,55,54,55,53,51,53,55,50,56,52,52,52,53,52,51,57,56,56,51,54,54,56,57,52,50,52,53,53,54,51,54,52,54,51,52,53,55,54,55,51,53,54,48,51,58,54,54,54,53,52,55,55,55,48,55,53,53,53,53,51,52,58,52,55,56,51,55,51,49,55,53,53,52,53,52,52,53,55,56,54,52,54,56,53,54,50,54,54,55,54,56,53,51,53,52,56,52,54,54,56,59,53,57,58,55,56,54,54,55,54,51,50,49,55,54,56,51,54,51,51,54,53,52,56,52,55,55,55,53,53,52,52,52,52,53,53,55,52,51,52,53,56,56,53,53,57,55,51,52,53,53,54,52,54,53,52,51,53,53,54,55,50,55,51,55,55,53,56,53,52,54,52,52,56,51,51,52,51,52,53,54,56,54,50,51,52,53,54,53,53,53,52,52,54,53,49,51,51,
52,56,55,57,53,55,53,54,53,54,53,58,54,53,53,52,55,53,54,58,53,54,52,54,53,52,53,54,53,53,52,51,55,52,52,54,54,53,56,54,53,53,54,57,52,53,56,55,54,55,55,51,55,53,54,52,52,56,54,55,53,54,54,53,52,54,56,56,53,52,52,51,52,54,55,56,56,57,55,56,57,52,52,53,54,52,55,57,52,52,54,57,54,53,53,54,55,53,54,53,53,51,55,58,56,53,53,54,56,51,56,56,54,56,54,53,53,54,52,56,56,56,53,52,54,51,54,56,51,53,59,56,56,53,52,53,52,53,54,55,55,55,54,57,57,53,55,54,54,57,53,52,54,52,53,54,53,53,57,57,58,58,54,55,55,54,53,55,52,52,55,55,51,50,53,55,51,51,50,55,52,54,49,52,54,55,54,54,53,54,54,53,53,54,55,53,53,52,53,56,56,54,53,57,56,52,54,52,52,56,55,54,53,52,53,52,52,52,53,54,53,53,54,57,54,57,53,51,53,56,50,56,55,54,56,52,52,54,57,59,57,55,52,51,53,52,55,52,54,54,54,54,54,53,50,53,
56,57,57,57,55,55,54,53,54,54,56,55,57,53,54,53,55,54,53,55,54,53,56,56,55,53,55,53,53,56,53,56,58,56,53,55,56,55,52,56,54,55,53,55,53,53,54,56,56,55,56,58,54,54,53,56,53,51,52,54,54,53,52,54,54,52,55,52,55,56,56,52,55,55,52,55,55,53,58,57,53,58,53,57,54,54,57,56,54,53,57,55,55,54,54,53,55,54,54,53,51,54,54,55,54,54,53,55,56,52,52,57,56,55,56,53,55,53,57,57,56,57,55,54,55,52,55,54,55,53,57,57,52,53,53,58,57,53,57,54,54,56,56,57,56,57,53,56,57,55,56,54,53,53,52,53,53,54,57,58,55,54,59,59,55,55,54,54,56,51,54,58,55,51,54,54,55,50,53,55,52,56,57,50,53,57,53,52,53,53,55,55,54,55,55,56,55,53,52,56,53,54,56,55,55,53,54,54,52,55,58,53,54,54,53,54,54,53,53,55,58,56,55,51,56,54,56,52,56,52,56,56,54,55,56,56,58,54,57,57,59,53,54,57,52,54,55,57,53,54,54,55,55,55,54,55,
56,57,57,54,55,56,57,56,55,57,57,55,55,54,57,55,54,55,57,55,56,59,57,58,56,53,57,58,59,56,54,57,57,57,54,53,54,56,55,53,55,55,56,55,56,54,57,54,56,55,57,60,52,55,54,55,52,52,58,56,54,57,53,53,55,52,59,53,54,53,57,55,56,56,55,56,55,56,56,57,53,53,56,54,58,59,58,56,55,54,54,56,55,56,54,54,56,55,54,54,56,54,52,55,56,59,54,53,53,58,58,56,56,55,56,55,56,59,54,55,56,54,57,56,54,55,54,58,55,53,58,55,56,56,53,58,54,57,57,54,57,55,56,56,59,58,54,57,58,56,56,56,54,54,54,55,55,57,54,56,55,57,60,55,54,53,55,56,55,55,54,56,57,57,52,56,57,51,51,54,55,56,53,58,53,55,54,55,54,56,54,55,57,56,55,56,56,53,52,53,54,55,55,56,56,54,55,54,57,52,55,58,55,55,56,56,56,52,54,54,55,56,56,56,56,54,55,54,56,56,56,57,56,54,56,56,57,53,56,57,56,55,54,57,55,54,58,55,55,55,55,55,55,55,55,56,
57,55,59,55,58,59,58,58,58,56,54,55,53,55,55,56,58,56,55,54,53,58,56,55,55,58,54,59,58,59,61,56,57,56,55,56,56,54,56,56,54,55,55,56,56,57,57,56,56,56,55,60,55,54,57,58,57,52,59,54,55,57,57,56,56,55,55,54,56,55,58,56,58,55,57,56,56,58,55,58,57,58,54,56,55,58,58,57,56,55,55,61,58,55,55,55,56,56,55,54,54,53,55,55,57,57,58,56,60,58,57,57,56,56,55,55,56,56,55,55,57,54,56,57,56,58,56,55,55,54,60,59,56,56,53,55,55,55,56,53,55,56,55,56,57,56,55,55,56,57,54,58,56,57,54,56,55,54,56,55,59,59,56,54,54,58,55,57,54,56,57,57,56,56,56,56,56,56,55,56,55,55,54,54,58,54,56,56,57,55,55,57,57,57,57,55,57,56,59,55,54,55,56,52,55,57,54,57,56,57,55,58,55,55,56,55,56,56,55,58,54,56,55,57,55,55,54,53,57,56,57,57,58,56,53,55,57,57,57,57,58,56,56,52,58,56,54,59,57,57,55,57,56,57,56,55,
55,55,56,56,59,57,58,58,55,58,58,54,57,54,56,57,59,57,56,55,55,59,56,57,56,57,56,55,60,59,60,58,59,56,57,54,56,57,55,58,58,55,56,55,55,57,59,54,53,56,57,55,57,55,57,59,55,57,53,56,56,56,58,57,58,57,55,58,56,55,59,58,58,56,56,55,57,59,57,56,60,57,55,57,59,56,57,57,56,56,59,57,62,61,60,57,57,58,57,60,55,56,58,55,57,58,57,57,59,58,57,58,57,58,57,58,57,57,56,56,57,54,55,57,57,60,57,56,57,55,56,59,58,59,55,54,55,57,56,55,54,54,58,56,57,58,56,54,57,56,57,56,57,55,58,57,56,54,55,58,56,57,58,57,55,59,59,55,55,55,58,58,58,57,55,57,57,58,57,57,57,55,56,55,56,59,59,57,58,58,57,58,55,58,57,55,56,56,56,60,55,56,56,53,57,59,59,56,57,58,57,58,57,56,57,61,59,56,56,59,58,59,57,57,60,54,55,56,54,57,56,56,58,56,55,58,58,58,55,58,57,57,58,56,55,57,56,55,55,57,58,57,58,56,58,56,
57,56,57,57,56,57,59,57,59,57,59,56,56,55,56,57,60,60,57,57,58,57,56,58,58,56,56,55,60,57,59,58,60,55,55,55,54,58,57,59,57,58,57,58,56,57,54,55,57,56,58,58,58,58,59,57,56,59,58,58,56,56,57,58,57,57,59,59,55,59,58,58,56,56,57,55,55,57,58,56,60,56,56,56,57,57,57,60,57,57,59,57,58,62,61,56,58,56,58,58,56,58,58,56,58,58,61,57,60,54,56,60,57,58,58,57,56,56,58,59,59,57,55,56,57,58,60,57,57,55,57,57,58,59,56,58,55,55,58,55,55,59,59,58,56,57,58,57,57,59,56,59,56,56,56,56,55,58,59,54,58,57,58,58,58,56,60,56,56,55,58,59,59,59,56,56,58,56,57,57,58,58,57,57,55,56,60,57,58,60,56,58,56,59,58,58,55,57,60,57,55,55,56,55,55,60,56,58,56,59,58,57,57,59,58,57,61,58,57,59,57,59,57,57,62,57,56,57,59,57,57,57,57,57,57,58,58,57,58,59,58,57,57,57,57,57,57,57,56,60,56,56,57,57,57,57,
59,60,56,57,56,59,60,57,58,59,57,58,55,57,57,59,59,57,58,57,59,60,57,56,58,59,58,57,61,57,59,57,60,58,56,58,61,58,58,59,59,58,57,57,59,59,58,59,58,58,58,57,57,60,58,59,57,55,55,60,56,57,58,58,58,58,57,57,56,57,59,58,57,57,56,59,56,59,59,58,57,59,60,62,59,58,62,59,60,59,60,59,60,59,57,60,59,57,58,57,58,61,58,61,57,56,59,58,56,63,61,56,59,59,58,58,57,57,58,58,59,59,58,57,57,57,59,58,60,56,58,59,60,59,57,56,59,59,60,58,57,58,58,61,60,58,57,59,58,61,57,55,60,59,56,56,56,58,60,58,55,57,58,58,58,58,58,57,56,57,55,57,59,60,62,59,57,56,58,57,58,59,60,59,56,56,58,59,59,59,57,59,60,57,60,57,57,58,58,61,59,56,56,57,56,57,57,58,56,56,57,58,58,58,57,59,58,59,57,58,58,58,58,58,57,58,58,60,57,57,58,57,58,58,58,58,59,59,60,59,59,59,61,59,58,58,58,57,56,58,59,61,58,59,58,58,
60,60,59,58,57,58,59,63,58,58,58,56,56,59,58,58,60,60,58,57,60,58,58,57,57,59,59,57,57,59,60,58,58,59,58,56,62,58,59,59,58,57,58,58,58,61,60,60,58,57,58,60,59,58,57,59,59,60,60,58,60,60,58,59,59,59,58,57,57,59,58,57,58,60,60,58,57,61,60,59,57,58,59,57,59,59,62,59,59,59,60,61,61,59,58,57,58,59,59,59,58,59,60,61,59,57,58,57,58,57,59,58,59,58,60,57,58,58,59,58,58,60,58,57,59,58,59,60,60,61,56,58,57,58,59,59,59,59,58,60,59,57,59,59,56,59,58,58,58,57,62,59,58,60,58,57,58,59,60,57,58,60,57,57,57,58,58,60,58,59,56,58,61,60,59,60,57,57,58,58,58,58,58,60,58,59,59,57,59,60,59,59,58,59,60,58,58,59,57,61,61,59,57,58,59,57,58,59,58,57,58,58,59,60,59,58,59,59,60,60,59,59,59,58,57,57,61,57,59,59,58,56,57,59,62,59,59,58,57,61,58,60,57,57,57,59,56,58,58,60,60,58,59,59,57,59,
58,57,59,60,59,59,61,60,58,58,60,59,60,58,58,61,60,60,60,60,59,59,60,60,58,60,59,62,60,60,60,59,59,58,58,60,59,58,59,59,60,59,59,58,59,58,60,61,60,57,58,57,59,58,58,59,59,58,61,59,61,59,59,60,61,60,59,60,59,62,61,58,59,59,60,58,59,57,60,59,59,59,59,59,61,60,61,59,58,60,63,61,61,58,59,59,59,59,59,59,61,60,60,59,58,59,59,58,61,60,59,59,58,59,60,59,59,59,59,62,60,58,61,59,60,60,60,60,60,59,57,59,58,57,58,59,59,60,58,60,59,59,58,59,60,59,59,60,61,59,61,57,59,61,58,58,58,63,58,62,59,59,61,60,58,58,59,60,60,59,57,61,58,61,61,59,60,61,60,57,59,61,59,60,59,58,61,58,59,59,59,60,61,61,59,59,59,58,58,60,60,61,59,58,60,60,61,59,58,59,59,59,59,58,61,59,59,57,60,61,60,58,59,60,59,60,61,58,59,60,59,59,57,58,59,61,60,59,60,61,59,61,58,58,59,58,57,58,60,61,59,59,59,59,58,60,
58,59,58,62,60,62,61,60,61,59,60,60,60,58,62,59,59,58,60,60,60,60,61,58,60,61,60,60,60,60,59,60,59,58,59,61,61,59,60,60,59,60,59,59,59,60,59,61,60,61,62,58,59,61,59,61,58,61,59,59,61,61,61,60,61,62,61,60,60,59,61,59,61,61,60,59,61,61,60,59,60,58,60,60,61,62,61,61,61,61,62,62,61,59,60,60,60,60,59,60,59,58,60,58,59,60,60,60,60,62,60,60,59,59,58,60,59,58,60,60,61,61,59,61,60,60,59,61,61,59,60,62,59,58,62,61,61,61,61,60,59,62,61,60,60,61,60,61,60,60,59,60,62,61,61,59,59,62,60,59,60,60,62,61,60,59,61,60,59,60,60,61,61,59,59,59,59,62,59,58,60,61,62,59,59,61,59,59,60,60,60,60,62,63,60,59,59,60,59,60,61,59,62,62,60,60,59,60,59,59,58,59,60,61,58,61,58,58,62,61,59,60,59,62,61,61,60,60,60,59,60,61,58,58,61,60,60,60,61,59,58,59,59,58,59,58,58,58,59,59,59,60,59,60,60,58,
60,60,59,62,61,61,63,61,61,63,59,60,61,62,60,62,60,61,61,63,59,59,59,60,61,61,61,61,61,62,61,59,60,62,59,61,62,59,61,59,60,61,61,60,60,62,61,60,62,63,60,62,61,60,60,61,61,62,60,60,60,61,60,62,61,61,61,61,60,60,61,60,61,61,59,61,60,59,60,60,61,59,59,61,61,61,61,61,61,61,61,61,63,60,61,60,60,61,60,60,61,61,59,59,59,60,61,60,60,61,61,60,61,60,61,61,60,59,59,60,62,60,60,62,61,60,61,61,61,60,60,59,61,62,62,60,60,61,61,60,59,61,61,61,60,62,62,61,60,59,60,60,62,62,60,59,62,60,61,61,62,61,63,60,61,60,61,61,60,60,61,62,62,61,60,60,61,62,61,63,60,61,61,63,60,61,62,61,61,62,60,61,60,62,60,60,60,60,62,59,62,63,60,63,61,60,60,60,60,61,59,61,60,64,60,60,62,59,63,61,60,62,60,61,61,62,60,59,60,60,60,61,59,62,59,60,60,60,60,62,60,60,61,61,60,61,59,59,61,60,60,60,61,61,61,61,
60,61,61,62,63,62,60,62,62,63,62,62,60,60,61,61,61,62,61,62,62,63,62,62,61,62,60,60,61,62,62,61,61,62,61,61,62,60,62,63,63,61,60,62,62,62,62,61,62,60,63,63,62,62,62,61,60,61,61,61,62,60,61,60,62,62,62,62,62,61,64,61,61,61,61,62,61,61,62,61,63,61,61,61,62,63,62,60,61,61,62,61,61,61,62,62,61,60,60,64,61,62,63,61,63,60,61,60,60,61,61,61,62,62,61,61,60,61,61,62,61,60,61,61,62,61,62,62,62,61,62,62,61,62,63,61,61,61,60,61,60,62,61,61,61,60,60,60,60,62,62,62,61,62,62,62,61,62,61,60,61,62,62,61,61,63,62,62,61,61,61,61,63,62,61,62,63,60,60,62,60,61,62,63,64,61,62,62,62,62,61,62,62,61,62,61,62,61,61,60,61,61,60,61,61,62,61,61,61,60,63,61,62,61,60,61,63,60,61,60,61,61,61,61,61,61,62,62,60,61,63,61,61,61,62,61,60,61,61,61,60,62,63,60,60,61,61,60,60,61,60,60,63,62,62,62,
62,64,62,61,63,63,61,61,62,64,62,62,61,64,63,61,62,61,64,61,63,61,62,61,63,61,61,61,61,62,61,61,62,62,61,61,62,62,61,63,63,61,63,61,62,61,62,64,61,61,64,62,61,63,62,63,62,63,63,61,62,63,64,63,61,63,62,62,63,63,61,62,62,63,62,62,62,63,61,62,62,63,62,61,63,62,63,61,62,62,62,62,62,63,63,62,62,63,62,62,63,62,63,63,63,62,62,62,62,62,61,62,61,62,61,62,61,62,62,61,61,61,61,62,62,61,62,62,63,62,63,62,62,62,62,64,63,62,63,61,62,61,61,62,61,61,61,62,62,61,63,62,62,63,63,62,63,62,62,62,62,62,64,62,63,63,62,62,62,61,62,62,61,62,62,63,63,61,62,63,63,62,61,63,63,61,62,63,62,62,62,62,62,61,62,61,61,62,63,62,63,62,63,62,62,62,61,61,61,61,61,62,61,61,62,62,64,61,62,62,61,61,62,62,62,62,61,63,61,61,61,61,61,62,62,62,61,61,62,61,63,62,63,62,62,63,62,61,61,62,63,63,61,61,61,62,
62,63,64,64,63,63,64,62,63,64,62,63,62,63,64,63,62,62,63,63,62,62,62,62,63,63,63,63,62,63,64,62,63,63,62,63,62,62,62,62,63,63,63,62,64,63,63,63,63,64,62,62,63,63,62,63,62,63,62,62,62,62,64,62,62,62,64,64,63,63,62,64,62,62,63,63,63,62,63,62,63,62,63,63,63,63,63,62,62,63,62,62,62,62,62,63,63,62,62,63,63,62,63,63,64,62,62,63,62,62,62,63,63,62,63,62,63,63,64,62,62,62,62,62,62,63,62,62,62,64,62,62,64,62,63,64,63,62,64,62,63,62,63,63,63,62,63,63,64,63,62,63,63,63,63,63,64,63,63,63,62,62,64,63,63,63,63,63,62,63,62,62,62,62,63,63,64,63,62,63,63,63,62,62,62,63,63,63,64,63,63,63,62,62,63,62,62,62,64,62,62,62,63,63,63,62,62,62,62,62,63,63,62,64,62,62,63,62,62,63,63,63,62,63,63,63,63,63,62,63,62,63,63,64,62,63,63,63,62,63,63,62,63,62,63,63,62,63,62,63,63,62,63,63,62,62,
64,63,64,63,64,63,64,64,63,63,64,63,64,63,64,63,64,63,64,64,63,63,64,63,63,64,63,63,63,63,63,64,63,63,63,64,63,64,64,64,64,63,64,63,64,63,64,63,63,64,63,63,63,64,63,64,63,63,63,64,63,63,63,63,64,63,64,63,64,63,63,63,63,64,64,63,64,63,64,63,63,64,63,63,64,64,63,64,63,63,64,63,63,63,63,64,64,63,63,64,63,64,63,64,64,63,63,64,63,63,64,64,63,64,63,63,63,64,63,63,64,63,63,64,63,63,63,63,63,63,63,63,63,63,63,64,63,64,63,63,63,64,64,63,64,63,63,63,63,63,64,63,63,64,63,63,63,63,63,63,63,63,64,63,63,64,63,63,63,63,64,64,63,63,63,63,64,63,64,63,64,63,64,63,64,64,63,63,63,63,63,63,64,63,63,63,63,63,63,64,63,64,63,63,64,63,63,63,63,63,63,63,64,63,64,63,63,63,63,63,63,63,63,64,64,64,63,63,63,63,64,63,64,64,63,63,63,64,63,64,64,63,63,63,63,63,63,64,64,64,64,64,64,63,63,63,
64,64,64,64,64,64,64,64,64,64,64,64,64,64,64,64,64,64,64,64,64,64,64,64,64,64,64,64,64,64,64,64,64,64,64,64,64,64,64,64,64,64,64,64,64,64,64,64,64,64,64,64,64,64,64,64,64,64,64,64,64,64,64,64,64,64,64,64,64,64,64,64,64,64,64,64,64,64,64,64,64,64,64,64,64,64,64,64,64,64,64,64,64,64,64,64,64,64,64,64,64,64,64,64,64,64,64,64,64,64,64,64,64,64,64,64,64,64,64,64,64,64,64,64,64,64,64,64,64,64,64,64,64,64,64,64,64,64,64,64,64,64,64,64,64,64,64,64,64,64,64,64,64,64,64,64,64,64,64,64,64,64,64,64,64,64,64,64,64,64,64,64,64,64,64,64,64,64,64,64,64,64,64,64,64,64,64,64,64,64,64,64,64,64,64,64,64,64,64,64,64,64,64,64,64,64,64,64,64,64,64,64,64,64,64,64,64,64,64,64,64,64,64,64,64,64,64,64,64,64,64,64,64,64,64,64,64,64,64,64,64,64,64,64,64,64,64,64,64,64,64,64,64,64,64,64,