[64, 256, 128]
0,0,0,0,0,0,0,0,0,0,0,0,0,0,0,0,0,0,0,0,0,0,0,0,0,0,0,0,0,0,0,0,0,0,0,0,0,0,0,0,0,0,0,0,0,0,0,0,0,0,0,0,0,0,0,0,0,0,0,0,0,0,0,0,0,0,0,0,0,0,0,0,0,0,0,0,0,0,0,0,0,0,0,0,0,0,0,0,0,0,0,0,0,0,0,0,0,0,0,0,0,0,0,0,0,0,0,0,0,0,0,0,0,0,0,0,0,0,0,0,0,0,0,0,0,0,0,0,0,0,0,0,0,0,0,0,0,0,0,0,0,0,0,0,0,0,0,0,0,0,0,0,0,0,0,0,0,0,0,0,0,0,0,0,0,0,0,0,0,0,0,0,0,0,0,0,0,0,0,0,0,0,0,0,0,0,0,0,0,0,0,0,0,0,0,0,0,0,0,0,0,0,0,0,0,0,0,0,0,0,0,0,0,0,0,0,0,0,0,0,0,0,0,0,0,0,0,0,0,0,0,0,0,0,0,0,0,0,0,0,0,0,0,0,0,0,0,0,0,0,0,0,0,0,0,0,
0,0,0,0,0,0,0,0,0,0,0,0,0,0,0,0,0,0,0,0,0,0,0,0,0,0,0,0,0,0,0,0,0,0,0,0,0,0,0,0,0,0,0,0,0,0,0,0,0,0,0,0,0,0,0,0,0,0,0,0,0,0,0,0,0,0,0,0,0,0,0,0,0,0,0,0,0,0,0,0,0,0,0,0,0,0,0,0,0,0,0,0,0,0,0,0,0,0,0,0,0,0,0,0,0,0,0,0,0,0,0,0,0,0,0,0,0,0,0,0,0,0,0,0,0,0,0,0,0,0,0,0,0,0,0,0,0,0,0,0,0,0,0,0,0,0,0,0,0,0,0,0,0,0,0,0,0,0,0,0,0,0,0,0,0,0,0,0,0,0,0,0,0,0,0,0,0,0,0,0,0,0,0,0,0,0,0,0,0,0,0,0,0,0,0,0,0,0,0,0,0,0,0,0,0,0,0,0,0,0,0,0,0,0,0,0,0,0,0,0,0,0,0,0,0,0,0,0,0,0,0,0,0,0,0,0,0,0,0,0,0,0,0,0,0,0,0,0,0,0,0,0,0,0,0,0,
0,0,0,0,0,0,0,0,0,0,0,0,0,0,0,0,0,0,0,0,0,0,0,0,0,0,0,0,0,0,0,0,0,0,0,0,0,0,0,0,0,0,0,0,0,0,0,0,0,0,0,0,0,0,0,0,0,0,0,0,0,0,0,0,0,0,0,0,0,0,0,0,0,0,0,0,0,0,0,0,0,0,0,0,0,0,0,0,0,0,0,0,0,0,0,0,0,0,0,0,0,0,0,0,0,0,0,0,0,0,0,0,0,0,0,0,0,0,0,0,0,0,0,0,0,0,0,0,0,0,0,0,0,0,0,0,0,0,0,0,0,0,0,0,0,0,0,0,0,0,0,0,0,0,0,0,0,0,0,0,0,0,0,0,0,0,0,0,0,0,0,0,0,0,0,0,0,0,0,0,0,0,0,0,0,0,0,0,0,0,0,0,0,0,0,0,0,0,0,0,0,0,0,0,0,0,0,0,0,0,0,0,0,0,0,0,0,0,0,0,0,0,0,0,0,0,0,0,0,0,0,0,0,0,0,0,0,0,0,0,0,0,0,0,0,0,0,0,0,0,0,0,0,0,0,0,
0,0,0,0,0,0,0,0,0,0,0,0,0,0,0,0,0,0,0,0,0,0,0,0,0,0,0,0,0,0,0,0,0,0,0,0,0,0,0,0,0,0,0,0,0,0,0,0,0,0,0,0,0,0,0,0,0,0,0,0,0,0,0,0,0,0,0,0,0,0,0,0,0,0,0,0,0,0,0,0,0,0,0,0,0,0,0,0,0,0,0,0,0,0,0,0,0,0,0,0,0,0,0,0,0,0,0,0,0,0,0,0,0,0,0,0,0,0,0,0,0,0,0,0,0,0,0,0,0,0,0,0,0,0,0,0,0,0,0,0,0,0,0,0,0,0,0,0,0,0,0,0,0,0,0,0,0,0,0,0,0,0,0,0,0,0,0,0,0,0,0,0,0,0,0,0,0,0,0,0,0,0,0,0,0,0,0,0,0,0,0,0,0,0,0,0,0,0,0,0,0,0,0,0,0,0,0,0,0,0,0,0,0,0,0,0,0,0,0,0,0,0,0,0,0,0,0,0,0,0,0,0,0,0,0,0,0,0,0,0,0,0,0,0,0,0,0,0,0,0,0,0,0,0,0,0,
0,0,0,0,0,0,0,0,0,0,0,0,0,0,0,0,0,0,0,0,0,0,0,0,0,0,0,0,0,0,0,0,0,0,0,0,0,0,0,0,0,0,0,0,0,0,0,0,0,0,0,0,0,0,0,0,0,0,0,0,0,0,0,0,0,0,0,0,0,0,0,0,0,0,0,0,0,0,0,0,0,0,0,0,0,0,0,0,0,0,0,0,0,0,0,0,0,0,0,0,0,0,0,0,0,0,0,0,0,0,0,0,0,0,0,0,0,0,0,0,0,0,0,0,0,0,0,0,0,0,0,0,0,0,0,0,0,0,0,0,0,0,0,0,0,0,0,0,0,0,0,0,0,0,0,0,0,0,0,0,0,0,0,0,0,0,0,0,0,0,0,0,0,0,0,0,0,0,0,0,0,0,0,0,0,0,0,0,0,0,0,0,0,0,0,0,0,0,0,0,0,0,0,0,0,0,0,0,0,0,0,0,0,0,0,0,0,0,0,0,0,0,0,0,0,0,0,0,0,0,0,0,0,0,0,0,0,0,0,0,0,0,0,0,0,0,0,0,0,0,0,0,0,0,0,0,
0,0,0,0,0,0,0,0,0,0,0,0,0,0,0,0,0,0,0,0,0,0,0,0,0,0,0,0,0,0,0,0,0,0,0,0,0,0,0,0,0,0,0,0,0,0,0,0,0,0,0,0,0,0,0,0,0,0,0,0,0,0,0,0,0,0,0,0,0,0,0,0,0,0,0,0,0,0,0,0,0,0,0,0,0,0,0,0,0,0,0,0,0,0,0,0,0,0,0,0,0,0,0,0,0,0,0,0,0,0,0,0,0,0,0,0,0,0,0,0,0,0,0,0,0,0,0,0,0,0,0,0,0,0,0,0,0,0,0,0,0,0,0,0,0,0,0,0,0,0,0,0,0,0,0,0,0,0,0,0,0,0,0,0,0,0,0,0,0,0,0,0,0,0,0,0,0,0,0,0,0,0,0,0,0,0,0,0,0,0,0,0,0,0,0,0,0,0,0,0,0,0,0,0,0,0,0,0,0,0,0,0,0,0,0,0,0,0,0,0,0,0,0,0,0,0,0,0,0,0,0,0,0,0,0,0,0,0,0,0,0,0,0,0,0,0,0,0,0,0,0,0,0,0,0,0,
0,0,0,0,0,0,0,0,0,0,0,0,0,0,0,0,0,0,0,0,0,0,0,0,0,0,0,0,0,0,0,0,0,0,0,0,0,0,0,0,0,0,0,0,0,0,0,0,0,0,0,0,0,0,0,0,0,0,0,0,0,0,0,0,0,0,0,0,0,0,0,0,0,0,0,0,0,0,0,0,0,0,0,0,0,0,0,0,0,0,0,0,0,0,0,0,0,0,0,0,0,0,0,0,0,0,0,0,0,0,0,0,0,0,0,0,0,0,0,0,0,0,0,0,0,0,0,0,0,0,0,0,0,0,0,0,0,0,0,0,0,0,0,0,0,0,0,0,0,0,0,0,0,0,0,0,0,0,0,0,0,0,0,0,0,0,0,0,0,0,0,0,0,0,0,0,0,0,0,0,0,0,0,0,0,0,0,0,0,0,0,0,0,0,0,0,0,0,0,0,0,0,0,0,0,0,0,0,0,0,0,0,0,0,0,0,0,0,0,0,0,0,0,0,0,0,0,0,0,0,0,0,0,0,0,0,0,0,0,0,0,0,0,0,0,0,0,0,0,0,0,0,0,0,0,0,
0,0,0,0,0,0,0,0,0,0,0,0,0,0,0,0,0,0,0,0,0,0,0,0,0,0,0,0,0,0,0,0,0,0,0,0,0,0,0,0,0,0,0,0,0,0,0,0,0,0,0,0,0,0,0,0,0,0,0,0,0,0,0,0,0,0,0,0,0,0,0,0,0,0,0,0,0,0,0,0,0,0,0,0,0,0,0,0,0,0,0,0,0,0,0,0,0,0,0,0,0,0,0,0,0,0,0,0,0,0,0,0,0,0,0,0,0,0,0,0,0,0,0,0,0,0,0,0,0,0,0,0,0,0,0,0,0,0,0,0,0,0,0,0,0,0,0,0,0,0,0,0,0,0,0,0,0,0,0,0,0,0,0,0,0,0,0,0,0,0,0,0,0,0,0,0,0,0,0,0,0,0,0,0,0,0,0,0,0,0,0,0,0,0,0,0,0,0,0,0,0,0,0,0,0,0,0,0,0,0,0,0,0,0,0,0,0,0,0,0,0,0,0,0,0,0,0,0,0,0,0,0,0,0,0,0,0,0,0,0,0,0,0,0,0,0,0,0,0,0,0,0,0,0,0,0,
0,0,0,0,0,0,0,0,0,0,0,0,0,0,0,0,0,0,0,0,0,0,0,0,0,0,0,0,0,0,0,0,0,0,0,0,0,0,0,0,0,0,0,0,0,0,0,0,0,0,0,0,0,0,0,0,0,0,0,0,0,0,0,0,0,0,0,0,0,0,0,0,0,0,0,0,0,0,0,0,0,0,0,0,0,0,0,0,0,0,0,0,0,0,0,0,0,0,0,0,0,0,0,0,0,0,0,0,0,0,0,0,0,0,0,0,0,0,0,0,0,0,0,0,0,0,0,0,0,0,0,0,0,0,0,0,0,0,0,0,0,0,0,0,0,0,0,0,0,0,0,0,0,0,0,0,0,0,0,0,0,0,0,0,0,0,0,0,0,0,0,0,0,0,0,0,0,0,0,0,0,0,0,0,0,0,0,0,0,0,0,0,0,0,0,0,0,0,0,0,0,0,0,0,0,0,0,0,0,0,0,0,0,0,0,0,0,0,0,0,0,0,0,0,0,0,0,0,0,0,0,0,0,0,0,0,0,0,0,0,0,0,0,0,0,0,0,0,0,0,0,0,0,0,0,0,
0,0,0,0,0,0,0,0,0,0,0,0,0,0,0,0,0,0,0,0,0,0,0,0,0,0,0,0,0,0,0,0,0,0,0,0,0,0,0,0,0,0,0,0,0,0,0,0,0,0,0,0,0,0,0,0,0,0,0,0,0,0,0,0,0,0,0,0,0,0,0,0,0,0,0,0,0,0,0,0,0,0,0,0,0,0,0,0,0,0,0,0,0,0,0,0,0,0,0,0,0,0,0,0,0,0,0,0,0,0,0,0,0,0,0,0,0,0,0,0,0,0,0,0,0,0,0,0,0,0,0,0,0,0,0,0,0,0,0,0,0,0,0,0,0,0,0,0,0,0,0,0,0,0,0,0,0,0,0,0,0,0,0,0,0,0,0,0,0,0,0,0,0,0,0,0,0,0,0,0,0,0,0,0,0,0,0,0,0,0,0,0,0,0,0,0,0,0,0,0,0,0,0,0,0,0,0,0,0,0,0,0,0,0,0,0,0,0,0,0,0,0,0,0,0,0,0,0,0,0,0,0,0,0,0,0,0,0,0,0,0,0,0,0,0,0,0,0,0,0,0,0,0,0,0,0,
0,0,0,0,0,0,0,0,0,0,0,0,0,0,0,0,0,0,0,0,0,0,0,0,0,0,0,0,0,0,0,0,0,0,0,0,0,0,0,0,0,0,0,0,0,0,0,0,0,0,0,0,0,0,0,0,0,0,0,0,0,0,0,0,0,0,0,0,0,0,0,0,0,0,0,0,0,0,0,0,0,0,0,0,0,0,0,0,0,0,0,0,0,0,0,0,0,0,0,0,0,0,0,0,0,0,0,0,0,0,0,0,0,0,0,0,0,0,0,0,0,0,0,0,0,0,0,0,0,0,0,0,0,0,0,0,0,0,0,0,0,0,0,0,0,0,0,0,0,0,0,0,0,0,0,0,0,0,0,0,0,0,0,0,0,0,0,0,0,0,0,0,0,0,0,0,0,0,0,0,0,0,0,0,0,0,0,0,0,0,0,0,0,0,0,0,0,0,0,0,0,0,0,0,0,0,0,0,0,0,0,0,0,0,0,0,0,0,0,0,0,0,0,0,0,0,0,0,0,0,0,0,0,0,0,0,0,0,0,0,0,0,0,0,0,0,0,0,0,0,0,0,0,0,0,0,
0,0,0,0,0,0,0,0,0,0,0,0,0,0,0,0,0,0,0,0,0,0,0,0,0,0,0,0,0,0,0,0,0,0,0,0,0,0,0,0,0,0,0,0,0,0,0,0,0,0,0,0,0,0,0,0,0,0,0,0,0,0,0,0,0,0,0,0,0,0,0,0,0,0,0,0,0,0,0,0,0,0,0,0,0,0,0,0,0,0,0,0,0,0,0,0,0,0,0,0,0,0,0,0,0,0,0,0,0,0,0,0,0,0,0,0,0,0,0,0,0,0,0,0,0,0,0,0,0,0,0,0,0,0,0,0,0,0,0,0,0,0,0,0,0,0,0,0,0,0,0,0,0,0,0,0,0,0,0,0,0,0,0,0,0,0,0,0,0,0,0,0,0,0,0,0,0,0,0,0,0,0,0,0,0,0,0,0,0,0,0,0,0,0,0,0,0,0,0,0,0,0,0,0,0,0,0,0,0,0,0,0,0,0,0,0,0,0,0,0,0,0,0,0,0,0,0,0,0,0,0,0,0,0,0,0,0,0,0,0,0,0,0,0,0,0,0,0,0,0,0,0,0,0,0,0,
0,0,0,0,0,0,0,0,0,0,0,0,0,0,0,0,0,0,0,0,0,0,0,0,0,0,0,0,0,0,0,0,0,0,0,0,0,0,0,0,0,0,0,0,0,0,0,0,0,0,0,0,0,0,0,0,0,0,0,0,0,0,0,0,0,0,0,0,0,0,0,0,0,0,0,0,0,0,0,0,0,0,0,0,0,0,0,0,0,0,0,0,0,0,0,0,0,0,0,0,0,0,0,0,0,0,0,0,0,0,0,0,0,0,0,0,0,0,0,0,0,0,0,0,0,0,0,0,0,0,0,0,0,0,0,0,0,0,0,0,0,0,0,0,0,0,0,0,0,0,0,0,0,0,0,0,0,0,0,0,0,0,0,0,0,0,0,0,0,0,0,0,0,0,0,0,0,0,0,0,0,0,0,0,0,0,0,0,0,0,0,0,0,0,0,0,0,0,0,0,0,0,0,0,0,0,0,0,0,0,0,0,0,0,0,0,0,0,0,0,0,0,0,0,0,0,0,0,0,0,0,0,0,0,0,0,0,0,0,0,0,0,0,0,0,0,0,0,0,0,0,0,0,0,0,0,
0,0,0,0,0,0,0,0,0,0,0,0,0,0,0,0,0,0,0,0,0,0,0,0,0,0,0,0,0,0,0,0,0,0,0,0,0,0,0,0,0,0,0,0,0,0,0,0,0,0,0,0,0,0,0,0,0,0,0,0,0,0,0,0,0,0,0,0,0,0,0,0,0,0,0,0,0,0,0,0,0,0,0,0,0,0,0,0,0,0,0,0,0,0,0,0,0,0,0,0,0,0,0,0,0,0,0,0,0,0,0,0,0,0,0,0,0,0,0,0,0,0,0,0,0,0,0,0,0,0,0,0,0,0,0,0,0,0,0,0,0,0,0,0,0,0,0,0,0,0,0,0,0,0,0,0,0,0,0,0,0,0,0,0,0,0,0,0,0,0,0,0,0,0,0,0,0,0,0,0,0,0,0,0,0,0,0,0,0,0,0,0,0,0,0,0,0,0,0,0,0,0,0,0,0,0,0,0,0,0,0,0,0,0,0,0,0,0,0,0,0,0,0,0,0,0,0,0,0,0,0,0,0,0,0,0,0,0,0,0,0,0,0,0,0,0,0,0,0,0,0,0,0,0,0,0,
0,0,0,0,0,0,0,0,0,0,0,0,0,0,0,0,0,0,0,0,0,0,0,0,0,0,0,0,0,0,0,0,0,0,0,0,0,0,0,0,0,0,0,0,0,0,0,0,0,0,0,0,0,0,0,0,0,0,0,0,0,0,0,0,0,0,0,0,0,0,0,0,0,0,0,0,0,0,0,0,0,0,0,0,0,0,0,0,0,0,0,0,0,0,0,0,0,0,0,0,0,0,0,0,0,0,0,0,0,0,0,0,0,0,0,0,0,0,0,0,0,0,0,0,0,0,0,0,0,0,0,0,0,0,0,0,0,0,0,0,0,0,0,0,0,0,0,0,0,0,0,0,0,0,0,0,0,0,0,0,0,0,0,0,0,0,0,0,0,0,0,0,0,0,0,0,0,0,0,0,0,0,0,0,0,0,0,0,0,0,0,0,0,0,0,0,0,0,0,0,0,0,0,0,0,0,0,0,0,0,0,0,0,0,0,0,0,0,0,0,0,0,0,0,0,0,0,0,0,0,0,0,0,0,0,0,0,0,0,0,0,0,0,0,0,0,0,0,0,0,0,0,0,0,0,0,
0,0,0,0,0,0,0,0,0,0,0,0,0,0,0,0,0,0,0,0,0,0,0,0,0,0,0,0,0,0,0,0,0,0,0,0,0,0,0,0,0,0,0,0,0,0,0,0,0,0,0,0,0,0,0,0,0,0,0,0,0,0,0,0,0,0,0,0,0,0,0,0,0,0,0,0,0,0,0,0,0,0,0,0,0,0,0,0,0,0,0,0,0,0,0,0,0,0,0,0,0,0,0,0,0,0,0,0,0,0,0,0,0,0,0,0,0,0,0,0,0,0,0,0,0,0,0,0,0,0,0,0,0,0,0,0,0,0,0,0,0,0,0,0,0,0,0,0,0,0,0,0,0,0,0,0,0,0,0,0,0,0,0,0,0,0,0,0,0,0,0,0,0,0,0,0,0,0,0,0,0,0,0,0,0,0,0,0,0,0,0,0,0,0,0,0,0,0,0,0,0,0,0,0,0,0,0,0,0,0,0,0,0,0,0,0,0,0,0,0,0,0,0,0,0,0,0,0,0,0,0,0,0,0,0,0,0,0,0,0,0,0,0,0,0,0,0,0,0,0,0,0,0,0,0,0,
0,0,0,0,0,0,0,0,0,0,0,0,0,0,0,0,0,0,0,0,0,0,0,0,0,0,0,0,0,0,0,0,0,0,0,0,0,0,0,0,0,0,0,0,0,0,0,0,0,0,0,0,0,0,0,0,0,0,0,0,0,0,0,0,0,0,0,0,0,0,0,0,0,0,0,0,0,0,0,0,0,0,0,0,0,0,0,0,0,0,0,0,0,0,0,0,0,0,0,0,0,0,0,0,0,0,0,0,0,0,0,0,0,0,0,0,0,0,0,0,0,0,0,0,0,0,0,0,0,0,0,0,0,0,0,0,0,0,0,0,0,0,0,0,0,0,0,0,0,0,0,0,0,0,0,0,0,0,0,0,0,0,0,0,0,0,0,0,0,0,0,0,0,0,0,0,0,0,0,0,0,0,0,0,0,0,0,0,0,0,0,0,0,0,0,0,0,0,0,0,0,0,0,0,0,0,0,0,0,0,0,0,0,0,0,0,0,0,0,0,0,0,0,0,0,0,0,0,0,0,0,0,0,0,0,0,0,0,0,0,0,0,0,0,0,0,0,0,0,0,0,0,0,0,0,0,
0,0,0,0,0,0,0,0,0,0,0,0,0,0,0,0,0,0,0,0,0,0,0,0,0,0,0,0,0,0,0,0,0,0,0,0,0,0,0,0,0,0,0,0,0,0,0,0,0,0,0,0,0,0,0,0,0,0,0,0,0,0,0,0,0,0,0,0,0,0,0,0,0,0,0,0,0,0,0,0,0,0,0,0,0,0,0,0,0,0,0,0,0,0,0,0,0,0,0,0,0,0,0,0,0,0,0,0,0,0,0,0,0,0,0,0,0,0,0,0,0,0,0,0,0,0,0,0,0,0,0,0,0,0,0,0,0,0,0,0,0,0,0,0,0,0,0,0,0,0,0,0,0,0,0,0,0,0,0,0,0,0,0,0,0,0,0,0,0,0,0,0,0,0,0,0,0,0,0,0,0,0,0,0,0,0,0,0,0,0,0,0,0,0,0,0,0,0,0,0,0,0,0,0,0,0,0,0,0,0,0,0,0,0,0,0,0,0,0,0,0,0,0,0,0,0,0,0,0,0,0,0,0,0,0,0,0,0,0,0,0,0,0,0,0,0,0,0,0,0,0,0,0,0,0,0,
0,0,0,0,0,0,0,0,0,0,0,0,0,0,0,0,0,0,0,0,0,0,0,0,0,0,0,0,0,0,0,0,0,0,0,0,0,0,0,0,0,0,0,0,0,0,0,0,0,0,0,0,0,0,0,0,0,0,0,0,0,0,0,0,0,0,0,0,0,0,0,0,0,0,0,0,0,0,0,0,0,0,0,0,0,0,0,0,0,0,0,0,0,0,0,0,0,0,0,0,0,0,0,0,0,0,0,0,0,0,0,0,0,0,0,0,0,0,0,0,0,0,0,0,0,0,0,0,0,0,0,0,0,0,0,0,0,0,0,0,0,0,0,0,0,0,0,0,0,0,0,0,0,0,0,0,0,0,0,0,0,0,0,0,0,0,0,0,0,0,0,0,0,0,0,0,0,0,0,0,0,0,0,0,0,0,0,0,0,0,0,0,0,0,0,0,0,0,0,0,0,0,0,0,0,0,0,0,0,0,0,0,0,0,0,0,0,0,0,0,0,0,0,0,0,0,0,0,0,0,0,0,0,0,0,0,0,0,0,0,0,0,0,0,0,0,0,0,0,0,0,0,0,0,0,0,
0,0,0,0,0,0,0,0,0,0,0,0,0,0,0,0,0,0,0,0,0,0,0,0,0,0,0,0,0,0,0,0,0,0,0,0,0,0,0,0,0,0,0,0,0,0,0,0,0,0,0,0,0,0,0,0,0,0,0,0,0,0,0,0,0,0,0,0,0,0,0,0,0,0,0,0,0,0,0,0,0,0,0,0,0,0,0,0,0,0,0,0,0,0,0,0,0,0,0,0,0,0,0,0,0,0,0,0,0,0,0,0,0,0,0,0,0,0,0,0,0,0,0,0,0,0,0,0,0,0,0,0,0,0,0,0,0,0,0,0,0,0,0,0,0,0,0,0,0,0,0,0,0,0,0,0,0,0,0,0,0,0,0,0,0,0,0,0,0,0,0,0,0,0,0,0,0,0,0,0,0,0,0,0,0,0,0,0,0,0,0,0,0,0,0,0,0,0,0,0,0,0,0,0,0,0,0,0,0,0,0,0,0,0,0,0,0,0,0,0,0,0,0,0,0,0,0,0,0,0,0,0,0,0,0,0,0,0,0,0,0,0,0,0,0,0,0,0,0,0,0,0,0,0,0,0,
0,0,0,0,0,0,0,0,0,0,0,0,0,0,0,0,0,0,0,0,0,0,0,0,0,0,0,0,0,0,0,0,0,0,0,0,0,0,0,0,0,0,0,0,0,0,0,0,0,0,0,0,0,0,0,0,0,0,0,0,0,0,0,0,0,0,0,0,0,0,0,0,0,0,0,0,0,0,0,0,0,0,0,0,0,0,0,0,0,0,0,0,0,0,0,0,0,0,0,0,0,0,0,0,0,0,0,0,0,0,0,0,0,0,0,0,0,0,0,0,0,0,0,0,0,0,0,0,0,0,0,0,0,0,0,0,0,0,0,0,0,0,0,0,0,0,0,0,0,0,0,0,0,0,0,0,0,0,0,0,0,0,0,0,0,0,0,0,0,0,0,0,0,0,0,0,0,0,0,0,0,0,0,0,0,0,0,0,0,0,0,0,0,0,0,0,0,0,0,0,0,0,0,0,0,0,0,0,0,0,0,0,0,0,0,0,0,0,0,0,0,0,0,0,0,0,0,0,0,0,0,0,0,0,0,0,0,0,0,0,0,0,0,0,0,0,0,0,0,0,0,0,0,0,0,0,
0,0,0,0,0,0,0,0,0,0,0,0,0,0,0,0,0,0,0,0,0,0,0,0,0,0,0,0,0,0,0,0,0,0,0,0,0,0,0,0,0,0,0,0,0,0,0,0,0,0,0,0,0,0,0,0,0,0,0,0,0,0,0,0,0,0,0,0,0,0,0,0,0,0,0,0,0,0,0,0,0,0,0,0,0,0,0,0,0,0,0,0,0,0,0,0,0,0,0,0,0,0,0,0,0,0,0,0,0,0,0,0,0,0,0,0,0,0,0,0,0,0,0,0,0,0,0,0,0,0,0,0,0,0,0,0,0,0,0,0,0,0,0,0,0,0,0,0,0,0,0,0,0,0,0,0,0,0,0,0,0,0,0,0,0,0,0,0,0,0,0,0,0,0,0,0,0,0,0,0,0,0,0,0,0,0,0,0,0,0,0,0,0,0,0,0,0,0,0,0,0,0,0,0,0,0,0,0,0,0,0,0,0,0,0,0,0,0,0,0,0,0,0,0,0,0,0,0,0,0,0,0,0,0,0,0,0,0,0,0,0,0,0,0,0,0,0,0,0,0,0,0,0,0,0,0,
0,0,0,0,0,0,0,0,0,0,0,0,0,0,0,0,0,0,0,0,0,0,0,0,0,0,0,0,0,0,0,0,0,0,0,0,0,0,0,0,0,0,0,0,0,0,0,0,0,0,0,0,0,0,0,0,0,0,0,0,0,0,0,0,0,0,0,0,0,0,0,0,0,0,0,0,0,0,0,0,0,0,0,0,0,0,0,0,0,0,0,0,0,0,0,0,0,0,0,0,0,0,0,0,0,0,0,0,0,0,0,0,0,0,0,0,0,0,0,0,0,0,0,0,0,0,0,0,0,0,0,0,0,0,0,0,0,0,0,0,0,0,0,0,0,0,0,0,0,0,0,0,0,0,0,0,0,0,0,0,0,0,0,0,0,0,0,0,0,0,0,0,0,0,0,0,0,0,0,0,0,0,0,0,0,0,0,0,0,0,0,0,0,0,0,0,0,0,0,0,0,0,0,0,0,0,0,0,0,0,0,0,0,0,0,0,0,0,0,0,0,0,0,0,0,0,0,0,0,0,0,0,0,0,0,0,0,0,0,0,0,0,0,0,0,0,0,0,0,0,0,0,0,0,0,0,
0,0,0,0,0,0,0,0,0,0,0,0,0,0,0,0,0,0,0,0,0,0,0,0,0,0,0,0,0,0,0,0,0,0,0,0,0,0,0,0,0,0,0,0,0,0,0,0,0,0,0,0,0,0,0,0,0,0,0,0,0,0,0,0,0,0,0,0,0,0,0,0,0,0,0,0,0,0,0,0,0,0,0,0,0,0,0,0,0,0,0,0,0,0,0,0,0,0,0,0,0,0,0,0,0,0,0,0,0,0,0,0,0,0,0,0,0,0,0,0,0,0,0,0,0,0,0,0,0,0,0,0,0,0,0,0,0,0,0,0,0,0,0,0,0,0,0,0,0,0,0,0,0,0,0,0,0,0,0,0,0,0,0,0,0,0,0,0,0,0,0,0,0,0,0,0,0,0,0,0,0,0,0,0,0,0,0,0,0,0,0,0,0,0,0,0,0,0,0,0,0,0,0,0,0,0,0,0,0,0,0,0,0,0,0,0,0,0,0,0,0,0,0,0,0,0,0,0,0,0,0,0,0,0,0,0,0,0,0,0,0,0,0,0,0,0,0,0,0,0,0,0,0,0,0,0,
0,0,0,0,0,0,0,0,0,0,0,0,0,0,0,0,0,0,0,0,0,0,0,0,0,0,0,0,0,0,0,0,0,0,0,0,0,0,0,0,0,0,0,0,0,0,0,0,0,0,0,0,0,0,0,0,0,0,0,0,0,0,0,0,0,0,0,0,0,0,0,0,0,0,0,0,0,0,0,0,0,0,0,0,0,0,0,0,0,0,0,0,0,0,0,0,0,0,0,0,0,0,0,0,0,0,0,0,0,0,0,0,0,0,0,0,0,0,0,0,0,0,0,0,0,0,0,0,0,0,0,0,0,0,0,0,0,0,0,0,0,0,0,0,0,0,0,0,0,0,0,0,0,0,0,0,0,0,0,0,0,0,0,0,0,0,0,0,0,0,0,0,0,0,0,0,0,0,0,0,0,0,0,0,0,0,0,0,0,0,0,0,0,0,0,0,0,0,0,0,0,0,0,0,0,0,0,0,0,0,0,0,0,0,0,0,0,0,0,0,0,0,0,0,0,0,0,0,0,0,0,0,0,0,0,0,0,0,0,0,0,0,0,0,0,0,0,0,0,0,0,0,0,0,0,0,
0,0,0,0,0,0,0,0,0,0,0,0,0,0,0,0,0,0,0,0,0,0,0,0,0,0,0,0,0,0,0,0,0,0,0,0,0,0,0,0,0,0,0,0,0,0,0,0,0,0,0,0,0,0,0,0,0,0,0,0,0,0,0,0,0,0,0,0,0,0,0,0,0,0,0,0,0,0,0,0,0,0,0,0,0,0,0,0,0,0,0,0,0,0,0,0,0,0,0,0,0,0,0,0,0,0,0,0,0,0,0,0,0,0,0,0,0,0,0,0,0,0,0,0,0,0,0,0,0,0,0,0,0,0,0,0,0,0,0,0,0,0,0,0,0,0,0,0,0,0,0,0,0,0,0,0,0,0,0,0,0,0,0,0,0,0,0,0,0,0,0,0,0,0,0,0,0,0,0,0,0,0,0,0,0,0,0,0,0,0,0,0,0,0,0,0,0,0,0,0,0,0,0,0,0,0,0,0,0,0,0,0,0,0,0,0,0,0,0,0,0,0,0,0,0,0,0,0,0,0,0,0,0,0,0,0,0,0,0,0,0,0,0,0,0,0,0,0,0,0,0,0,0,0,0,0,
0,0,0,0,0,0,0,0,0,0,0,0,0,0,0,0,0,0,0,0,0,0,0,0,0,0,0,0,0,0,0,0,0,0,0,0,0,0,0,0,0,0,0,0,0,0,0,0,0,0,0,0,0,0,0,0,0,0,0,0,0,0,0,0,0,0,0,0,0,0,0,0,0,0,0,0,0,0,0,0,0,0,0,0,0,0,0,0,0,0,0,0,0,0,0,0,0,0,0,0,0,0,0,0,0,0,0,0,0,0,0,0,0,0,0,0,0,0,0,0,0,0,0,0,0,0,0,0,0,0,0,0,0,0,0,0,0,0,0,0,0,0,0,0,0,0,0,0,0,0,0,0,0,0,0,0,0,0,0,0,0,0,0,0,0,0,0,0,0,0,0,0,0,0,0,0,0,0,0,0,0,0,0,0,0,0,0,0,0,0,0,0,0,0,0,0,0,0,0,0,0,0,0,0,0,0,0,0,0,0,0,0,0,0,0,0,0,0,0,0,0,0,0,0,0,0,0,0,0,0,0,0,0,0,0,0,0,0,0,0,0,0,0,0,0,0,0,0,0,0,0,0,0,0,0,0,
0,0,0,0,0,0,0,0,0,0,0,0,0,0,0,0,0,0,0,0,0,0,0,0,0,0,0,0,0,0,0,0,0,0,0,0,0,0,0,0,0,0,0,0,0,0,0,0,0,0,0,0,0,0,0,0,0,0,0,0,0,0,0,0,0,0,0,0,0,0,0,0,0,0,0,0,0,0,0,0,0,0,0,0,0,0,0,0,0,0,0,0,0,0,0,0,0,0,0,0,0,0,0,0,0,0,0,0,0,0,0,0,0,0,0,0,0,0,0,0,0,0,0,0,0,0,0,0,0,0,0,0,0,0,0,0,0,0,0,0,0,0,0,0,0,0,0,0,0,0,0,0,0,0,0,0,0,0,0,0,0,0,0,0,0,0,0,0,0,0,0,0,0,0,0,0,0,0,0,0,0,0,0,0,0,0,0,0,0,0,0,0,0,0,0,0,0,0,0,0,0,0,0,0,0,0,0,0,0,0,0,0,0,0,0,0,0,0,0,0,0,0,0,0,0,0,0,0,0,0,0,0,0,0,0,0,0,0,0,0,0,0,0,0,0,0,0,0,0,0,0,0,0,0,0,0,
0,0,0,0,0,0,0,0,0,0,0,0,0,0,0,0,0,0,0,0,0,0,0,0,0,0,0,0,0,0,0,0,0,0,0,0,0,0,0,0,0,0,0,0,0,0,0,0,0,0,0,0,0,0,0,0,0,0,0,0,0,0,0,0,0,0,0,0,0,0,0,0,0,0,0,0,0,0,0,0,0,0,0,0,0,0,0,0,0,0,0,0,0,0,0,0,0,0,0,0,0,0,0,0,0,0,0,0,0,0,0,0,0,0,0,0,0,0,0,0,0,0,0,0,0,0,0,0,0,0,0,0,0,0,0,0,0,0,0,0,0,0,0,0,0,0,0,0,0,0,0,0,0,0,0,0,0,0,0,0,0,0,0,0,0,0,0,0,0,0,0,0,0,0,0,0,0,0,0,0,0,0,0,0,0,0,0,0,0,0,0,0,0,0,0,0,0,0,0,0,0,0,0,0,0,0,0,0,0,0,0,0,0,0,0,0,0,0,0,0,0,0,0,0,0,0,0,0,0,0,0,0,0,0,0,0,0,0,0,0,0,0,0,0,0,0,0,0,0,0,0,0,0,0,0,0,
0,0,0,0,0,0,0,0,0,0,0,0,0,0,0,0,0,0,0,0,0,0,0,0,0,0,0,0,0,0,0,0,0,0,0,0,0,0,0,0,0,0,0,0,0,0,0,0,0,0,0,0,0,0,0,0,0,0,0,0,0,0,0,0,0,0,0,0,0,0,0,0,0,0,0,0,0,0,0,0,0,0,0,0,0,0,0,0,0,0,0,0,0,0,0,0,0,0,0,0,0,0,0,0,0,0,0,0,0,0,0,0,0,0,0,0,0,0,0,0,0,0,0,0,0,0,0,0,0,0,0,0,0,0,0,0,0,0,0,0,0,0,0,0,0,0,0,0,0,0,0,0,0,0,0,0,0,0,0,0,0,0,0,0,0,0,0,0,0,0,0,0,0,0,0,0,0,0,0,0,0,0,0,0,0,0,0,0,0,0,0,0,0,0,0,0,0,0,0,0,0,0,0,0,0,0,0,0,0,0,0,0,0,0,0,0,0,0,0,0,0,0,0,0,0,0,0,0,0,0,0,0,0,0,0,0,0,0,0,0,0,0,0,0,0,0,0,0,0,0,0,0,0,0,0,0,
0,0,0,0,0,0,0,0,0,0,0,0,0,0,0,0,0,0,0,0,0,0,0,0,0,0,0,0,0,0,0,0,0,0,0,0,0,0,0,0,0,0,0,0,0,0,0,0,0,0,0,0,0,0,0,0,0,0,0,0,0,0,0,0,0,0,0,0,0,0,0,0,0,0,0,0,0,0,0,0,0,0,0,0,0,0,0,0,0,0,0,0,0,0,0,0,0,0,0,0,0,0,0,0,0,0,0,0,0,0,0,0,0,0,0,0,0,0,0,0,0,0,0,0,0,0,0,0,0,0,0,0,0,0,0,0,0,0,0,0,0,0,0,0,0,0,0,0,0,0,0,0,0,0,0,0,0,0,0,0,0,0,0,0,0,0,0,0,0,0,0,0,0,0,0,0,0,0,0,0,0,0,0,0,0,0,0,0,0,0,0,0,0,0,0,0,0,0,0,0,0,0,0,0,0,0,0,0,0,0,0,0,0,0,0,0,0,0,0,0,0,0,0,0,0,0,0,0,0,0,0,0,0,0,0,0,0,0,0,0,0,0,0,0,0,0,0,0,0,0,0,0,0,0,0,0,
0,0,0,0,0,0,0,0,0,0,0,0,0,0,0,0,0,0,0,0,0,0,0,0,0,0,0,0,0,0,0,0,0,0,0,0,0,0,0,0,0,0,0,0,0,0,0,0,0,0,0,0,0,0,0,0,0,0,0,0,0,0,0,0,0,0,0,0,0,0,0,0,0,0,0,0,0,0,0,0,0,0,0,0,0,0,0,0,0,0,0,0,0,0,0,0,0,0,0,0,0,0,0,0,0,0,0,0,0,0,0,0,0,0,0,0,0,0,0,0,0,0,0,0,0,0,0,0,0,0,0,0,0,0,0,0,0,0,0,0,0,0,0,0,0,0,0,0,0,0,0,0,0,0,0,0,0,0,0,0,0,0,0,0,0,0,0,0,0,0,0,0,0,0,0,0,0,0,0,0,0,0,0,0,0,0,0,0,0,0,0,0,0,0,0,0,0,0,0,0,0,0,0,0,0,0,0,0,0,0,0,0,0,0,0,0,0,0,0,0,0,0,0,0,0,0,0,0,0,0,0,0,0,0,0,0,0,0,0,0,0,0,0,0,0,0,0,0,0,0,0,0,0,0,0,0,
0,0,0,0,0,0,0,0,0,0,0,0,0,0,0,0,0,0,0,0,0,0,0,0,0,0,0,0,0,0,0,0,0,0,0,0,0,0,0,0,0,0,0,0,0,0,0,0,0,0,0,0,0,0,0,0,0,0,0,0,0,0,0,0,0,0,0,0,0,0,0,0,0,0,0,0,0,0,0,0,0,0,0,0,0,0,0,0,0,0,0,0,0,0,0,0,0,0,0,0,0,0,0,0,0,0,0,0,0,0,0,0,0,0,0,0,0,0,0,0,0,0,0,0,0,0,0,0,0,0,0,0,0,0,0,0,0,0,0,0,0,0,0,0,0,0,0,0,0,0,0,0,0,0,0,0,0,0,0,0,0,0,0,0,0,0,0,0,0,0,0,0,0,0,0,0,0,0,0,0,0,0,0,0,0,0,0,0,0,0,0,0,0,0,0,0,0,0,0,0,0,0,0,0,0,0,0,0,0,0,0,0,0,0,0,0,0,0,0,0,0,0,0,0,0,0,0,0,0,0,0,0,0,0,0,0,0,0,0,0,0,0,0,0,0,0,0,0,0,0,0,0,0,0,0,0,
0,0,0,0,0,0,0,0,0,0,0,0,0,0,0,0,0,0,0,0,0,0,0,0,0,0,0,0,0,0,0,0,0,0,0,0,0,0,0,0,0,0,0,0,0,0,0,0,0,0,0,0,0,0,0,0,0,0,0,0,0,0,0,0,0,0,0,0,0,0,0,0,0,0,0,0,0,0,0,0,0,0,0,0,0,0,0,0,0,0,0,0,0,0,0,0,0,0,0,0,0,0,0,0,0,0,0,0,0,0,0,0,0,0,0,0,0,0,0,0,0,0,0,0,0,0,0,0,0,0,0,0,0,0,0,0,0,0,0,0,0,0,0,0,0,0,0,0,0,0,0,0,0,0,0,0,0,0,0,0,0,0,0,0,0,0,0,0,0,0,0,0,0,0,0,0,0,0,0,0,0,0,0,0,0,0,0,0,0,0,0,0,0,0,0,0,0,0,0,0,0,0,0,0,0,0,0,0,0,0,0,0,0,0,0,0,0,0,0,0,0,0,0,0,0,0,0,0,0,0,0,0,0,0,0,0,0,0,0,0,0,0,0,0,0,0,0,0,0,0,0,0,0,0,0,0,
0,0,0,0,0,0,0,0,0,0,0,0,0,0,0,0,0,0,0,0,0,0,0,0,0,0,0,0,0,0,0,0,0,0,0,0,0,0,0,0,0,0,0,0,0,0,0,0,0,0,0,0,0,0,0,0,0,0,0,0,0,0,0,0,0,0,0,0,0,0,0,0,0,0,0,0,0,0,0,0,0,0,0,0,0,0,0,0,0,0,0,0,0,0,0,0,0,0,0,0,0,0,0,0,0,0,0,0,0,0,0,0,0,0,0,0,0,0,0,0,0,0,0,0,0,0,0,0,0,0,0,0,0,0,0,0,0,0,0,0,0,0,0,0,0,0,0,0,0,0,0,0,0,0,0,0,0,0,0,0,0,0,0,0,0,0,0,0,0,0,0,0,0,0,0,0,0,0,0,0,0,0,0,0,0,0,0,0,0,0,0,0,0,0,0,0,0,0,0,0,0,0,0,0,0,0,0,0,0,0,0,0,0,0,0,0,0,0,0,0,0,0,0,0,0,0,0,0,0,0,0,0,0,0,0,0,0,0,0,0,0,0,0,0,0,0,0,0,0,0,0,0,0,0,0,0,
0,0,0,0,0,0,0,0,0,0,0,0,0,0,0,0,0,0,0,0,0,0,0,0,0,0,0,0,0,0,0,0,0,0,0,0,0,0,0,0,0,0,0,0,0,0,0,0,0,0,0,0,0,0,0,0,0,0,0,0,0,0,0,0,0,0,0,0,0,0,0,0,0,0,0,0,0,0,0,0,0,0,0,0,0,0,0,0,0,0,0,0,0,0,0,0,0,0,0,0,0,0,0,0,0,0,0,0,0,0,0,0,0,0,0,0,0,0,0,0,0,0,0,0,0,0,0,0,0,0,0,0,0,0,0,0,0,0,0,0,0,0,0,0,0,0,0,0,0,0,0,0,0,0,0,0,0,0,0,0,0,0,0,0,0,0,0,0,0,0,0,0,0,0,0,0,0,0,0,0,0,0,0,0,0,0,0,0,0,0,0,0,0,0,0,0,0,0,0,0,0,0,0,0,0,0,0,0,0,0,0,0,0,0,0,0,0,0,0,0,0,0,0,0,0,0,0,0,0,0,0,0,0,0,0,0,0,0,0,0,0,0,0,0,0,0,0,0,0,0,0,0,0,0,0,0,
0,0,0,0,0,0,0,0,0,0,0,0,0,0,0,0,0,0,0,0,0,0,0,0,0,0,0,0,0,0,0,0,0,0,0,0,0,0,0,0,0,0,0,0,0,0,0,0,0,0,0,0,0,0,0,0,0,0,0,0,0,0,0,0,0,0,0,0,0,0,0,0,0,0,0,0,0,0,0,0,0,0,0,0,0,0,0,0,0,0,0,0,0,0,0,0,0,0,0,0,0,0,0,0,0,0,0,0,0,0,0,0,0,0,0,0,0,0,0,0,0,0,0,0,0,0,0,0,0,0,0,0,0,0,0,0,0,0,0,0,0,0,0,0,0,0,0,0,0,0,0,0,0,0,0,0,0,0,0,0,0,0,0,0,0,0,0,0,0,0,0,0,0,0,0,0,0,0,0,0,0,0,0,0,0,0,0,0,0,0,0,0,0,0,0,0,0,0,0,0,0,0,0,0,0,0,0,0,0,0,0,0,0,0,0,0,0,0,0,0,0,0,0,0,0,0,0,0,0,0,0,0,0,0,0,0,0,0,0,0,0,0,0,0,0,0,0,0,0,0,0,0,0,0,0,0,
0,0,0,0,0,0,0,0,0,0,0,0,0,0,0,0,0,0,0,0,0,0,0,0,0,0,0,0,0,0,0,0,0,0,0,0,0,0,0,0,0,0,0,0,0,0,0,0,0,0,0,0,0,0,0,0,0,0,0,0,0,0,0,0,0,0,0,0,0,0,0,0,0,0,0,0,0,0,0,0,0,0,0,0,0,0,0,0,0,0,0,0,0,0,0,0,0,0,0,0,0,0,0,0,0,0,0,0,0,0,0,0,0,0,0,0,0,0,0,0,0,0,0,0,0,0,0,0,0,0,0,0,0,0,0,0,0,0,0,0,0,0,0,0,0,0,0,0,0,0,0,0,0,0,0,0,0,0,0,0,0,0,0,0,0,0,0,0,0,0,0,0,0,0,0,0,0,0,0,0,0,0,0,0,0,0,0,0,0,0,0,0,0,0,0,0,0,0,0,0,0,0,0,0,0,0,0,0,0,0,0,0,0,0,0,0,0,0,0,0,0,0,0,0,0,0,0,0,0,0,0,0,0,0,0,0,0,0,0,0,0,0,0,0,0,0,0,0,0,0,0,0,0,0,0,0,
0,0,0,0,0,0,0,0,0,0,0,0,0,0,0,0,0,0,0,0,0,0,0,0,0,0,0,0,0,0,0,0,0,0,0,0,0,0,0,0,0,0,0,0,0,0,0,0,0,0,0,0,0,0,0,0,0,0,0,0,0,0,0,0,0,0,0,0,0,0,0,0,0,0,0,0,0,0,0,0,0,0,0,0,0,0,0,0,0,0,0,0,0,0,0,0,0,0,0,0,0,0,0,0,0,0,0,0,0,0,0,0,0,0,0,0,0,0,0,0,0,0,0,0,0,0,0,0,0,0,0,0,0,0,0,0,0,0,0,0,0,0,0,0,0,0,0,0,0,0,0,0,0,0,0,0,0,0,0,0,0,0,0,0,0,0,0,0,0,0,0,0,0,0,0,0,0,0,0,0,0,0,0,0,0,0,0,0,0,0,0,0,0,0,0,0,0,0,0,0,0,0,0,0,0,0,0,0,0,0,0,0,0,0,0,0,0,0,0,0,0,0,0,0,0,0,0,0,0,0,0,0,0,0,0,0,0,0,0,0,0,0,0,0,0,0,0,0,0,0,0,0,0,0,0,0,
0,0,0,0,0,0,0,0,0,0,0,0,0,0,0,0,0,0,0,0,0,0,0,0,0,0,0,0,0,0,0,0,0,0,0,0,0,0,0,0,0,0,0,0,0,0,0,0,0,0,0,0,0,0,0,0,0,0,0,0,0,0,0,0,0,0,0,0,0,0,0,0,0,0,0,0,0,0,0,0,0,0,0,0,0,0,0,0,0,0,0,0,0,0,0,0,0,0,0,0,0,0,0,0,0,0,0,0,0,0,0,0,0,0,0,0,0,0,0,0,0,0,0,0,0,0,0,0,0,0,0,0,0,0,0,0,0,0,0,0,0,0,0,0,0,0,0,0,0,0,0,0,0,0,0,0,0,0,0,0,0,0,0,0,0,0,0,0,0,0,0,0,0,0,0,0,0,0,0,0,0,0,0,0,0,0,0,0,0,0,0,0,0,0,0,0,0,0,0,0,0,0,0,0,0,0,0,0,0,0,0,0,0,0,0,0,0,0,0,0,0,0,0,0,0,0,0,0,0,0,0,0,0,0,0,0,0,0,0,0,0,0,0,0,0,0,0,0,0,0,0,0,0,0,0,0,
0,0,0,0,0,0,0,0,0,0,0,0,0,0,0,0,0,0,0,0,0,0,0,0,0,0,0,0,0,0,0,0,0,0,0,0,0,0,0,0,0,0,0,0,0,0,0,0,0,0,0,0,0,0,0,0,0,0,0,0,0,0,0,0,0,0,0,0,0,0,0,0,0,0,0,0,0,0,0,0,0,0,0,0,0,0,0,0,0,0,0,0,0,0,0,0,0,0,0,0,0,0,0,0,0,0,0,0,0,0,0,0,0,0,0,0,0,0,0,0,0,0,0,0,0,0,0,0,0,0,0,0,0,0,0,0,0,0,0,0,0,0,0,0,0,0,0,0,0,0,0,0,0,0,0,0,0,0,0,0,0,0,0,0,0,0,0,0,0,0,0,0,0,0,0,0,0,0,0,0,0,0,0,0,0,0,0,0,0,0,0,0,0,0,0,0,0,0,0,0,0,0,0,0,0,0,0,0,0,0,0,0,0,0,0,0,0,0,0,0,0,0,0,0,0,0,0,0,0,0,0,0,0,0,0,0,0,0,0,0,0,0,0,0,0,0,0,0,0,0,0,0,0,0,0,0,
0,0,0,0,0,0,0,0,0,0,0,0,0,0,0,0,0,0,0,0,0,0,0,0,0,0,0,0,0,0,0,0,0,0,0,0,0,0,0,0,0,0,0,0,0,0,0,0,0,0,0,0,0,0,0,0,0,0,0,0,0,0,0,0,0,0,0,0,0,0,0,0,0,0,0,0,0,0,0,0,0,0,0,0,0,0,0,0,0,0,0,0,0,0,0,0,0,0,0,0,0,0,0,0,0,0,0,0,0,0,0,0,0,0,0,0,0,0,0,0,0,0,0,0,0,0,0,0,0,0,0,0,0,0,0,0,0,0,0,0,0,0,0,0,0,0,0,0,0,0,0,0,0,0,0,0,0,0,0,0,0,0,0,0,0,0,0,0,0,0,0,0,0,0,0,0,0,0,0,0,0,0,0,0,0,0,0,0,0,0,0,0,0,0,0,0,0,0,0,0,0,0,0,0,0,0,0,0,0,0,0,0,0,0,0,0,0,0,0,0,0,0,0,0,0,0,0,0,0,0,0,0,0,0,0,0,0,0,0,0,0,0,0,0,0,0,0,0,0,0,0,0,0,0,0,0,
0,0,0,0,0,0,0,0,0,0,0,0,0,0,0,0,0,0,0,0,0,0,0,0,0,0,0,0,0,0,0,0,0,0,0,0,0,0,0,0,0,0,0,0,0,0,0,0,0,0,0,0,0,0,0,0,0,0,0,0,0,0,0,0,0,0,0,0,0,0,0,0,0,0,0,0,0,0,0,0,0,0,0,0,0,0,0,0,0,0,0,0,0,0,0,0,0,0,0,0,0,0,0,0,0,0,0,0,0,0,0,0,0,0,0,0,0,0,0,0,0,0,0,0,0,0,0,0,0,0,0,0,0,0,0,0,0,0,0,0,0,0,0,0,0,0,0,0,0,0,0,0,0,0,0,0,0,0,0,0,0,0,0,0,0,0,0,0,0,0,0,0,0,0,0,0,0,0,0,0,0,0,0,0,0,0,0,0,0,0,0,0,0,0,0,0,0,0,0,0,0,0,0,0,0,0,0,0,0,0,0,0,0,0,0,0,0,0,0,0,0,0,0,0,0,0,0,0,0,0,0,0,0,0,0,0,0,0,0,0,0,0,0,0,0,0,0,0,0,0,0,0,0,0,0,0,
0,0,0,0,0,0,0,0,0,0,0,0,0,0,0,0,0,0,0,0,0,0,0,0,0,0,0,0,0,0,0,0,0,0,0,0,0,0,0,0,0,0,0,0,0,0,0,0,0,0,0,0,0,0,0,0,0,0,0,0,0,0,0,0,0,0,0,0,0,0,0,0,0,0,0,0,0,0,0,0,0,0,0,0,0,0,0,0,0,0,0,0,0,0,0,0,0,0,0,0,0,0,0,0,0,0,0,0,0,0,0,0,0,0,0,0,0,0,0,0,0,0,0,0,0,0,0,0,0,0,0,0,0,0,0,0,0,0,0,0,0,0,0,0,0,0,0,0,0,0,0,0,0,0,0,0,0,0,0,0,0,0,0,0,0,0,0,0,0,0,0,0,0,0,0,0,0,0,0,0,0,0,0,0,0,0,0,0,0,0,0,0,0,0,0,0,0,0,0,0,0,0,0,0,0,0,0,0,0,0,0,0,0,0,0,0,0,0,0,0,0,0,0,0,0,0,0,0,0,0,0,0,0,0,0,0,0,0,0,0,0,0,0,0,0,0,0,0,0,0,0,0,0,0,0,0,
0,0,0,0,0,0,0,0,0,0,0,0,0,0,0,0,0,0,0,0,0,0,0,0,0,0,0,0,0,0,0,0,0,0,0,0,0,0,0,0,0,0,0,0,0,0,0,0,0,0,0,0,0,0,0,0,0,0,0,0,0,0,0,0,0,0,0,0,0,0,0,0,0,0,0,0,0,0,0,0,0,0,0,0,0,0,0,0,0,0,0,0,0,0,0,0,0,0,0,0,0,0,0,0,0,0,0,0,0,0,0,0,0,0,0,0,0,0,0,0,0,0,0,0,0,0,0,0,0,0,0,0,0,0,0,0,0,0,0,0,0,0,0,0,0,0,0,0,0,0,0,0,0,0,0,0,0,0,0,0,0,0,0,0,0,0,0,0,0,0,0,0,0,0,0,0,0,0,0,0,0,0,0,0,0,0,0,0,0,0,0,0,0,0,0,0,0,0,0,0,0,0,0,0,0,0,0,0,0,0,0,0,0,0,0,0,0,0,0,0,0,0,0,0,0,0,0,0,0,0,0,0,0,0,0,0,0,0,0,0,0,0,0,0,0,0,0,0,0,0,0,0,0,0,0,0,
0,0,0,0,0,0,0,0,0,0,0,0,0,0,0,0,0,0,0,0,0,0,0,0,0,0,0,0,0,0,0,0,0,0,0,0,0,0,0,0,0,0,0,0,0,0,0,0,0,0,0,0,0,0,0,0,0,0,0,0,0,0,0,0,0,0,0,0,0,0,0,0,0,0,0,0,0,0,0,0,0,0,0,0,0,0,0,0,0,0,0,0,0,0,0,0,0,0,0,0,0,0,0,0,0,0,0,0,0,0,0,0,0,0,0,0,0,0,0,0,0,0,0,0,0,0,0,0,0,0,0,0,0,0,0,0,0,0,0,0,0,0,0,0,0,0,0,0,0,0,0,0,0,0,0,0,0,0,0,0,0,0,0,0,0,0,0,0,0,0,0,0,0,0,0,0,0,0,0,0,0,0,0,0,0,0,0,0,0,0,0,0,0,0,0,0,0,0,0,0,0,0,0,0,0,0,0,0,0,0,0,0,0,0,0,0,0,0,0,0,0,0,0,0,0,0,0,0,0,0,0,0,0,0,0,0,0,0,0,0,0,0,0,0,0,0,0,0,0,0,0,0,0,0,0,0,
0,0,0,0,0,0,0,0,0,0,0,0,0,0,0,0,0,0,0,0,0,0,0,0,0,0,0,0,0,0,0,0,0,0,0,0,0,0,0,0,0,0,0,0,0,0,0,0,0,0,0,0,0,0,0,0,0,0,0,0,0,0,0,0,0,0,0,0,0,0,0,0,0,0,0,0,0,0,0,0,0,0,0,0,0,0,0,0,0,0,0,0,0,0,0,0,0,0,0,0,0,0,0,0,0,0,0,0,0,0,0,0,0,0,0,0,0,0,0,0,0,0,0,0,0,0,0,0,0,0,0,0,0,0,0,0,0,0,0,0,0,0,0,0,0,0,0,0,0,0,0,0,0,0,0,0,0,0,0,0,0,0,0,0,0,0,0,0,0,0,0,0,0,0,0,0,0,0,0,0,0,0,0,0,0,0,0,0,0,0,0,0,0,0,0,0,0,0,0,0,0,0,0,0,0,0,0,0,0,0,0,0,0,0,0,0,0,0,0,0,0,0,0,0,0,0,0,0,0,0,0,0,0,0,0,0,0,0,0,0,0,0,0,0,0,0,0,0,0,0,0,0,0,0,0,0,
0,0,0,0,0,0,0,0,0,0,0,0,0,0,0,0,0,0,0,0,0,0,0,0,0,0,0,0,0,0,0,0,0,0,0,0,0,0,0,0,0,0,0,0,0,0,0,0,0,0,0,0,0,0,0,0,0,0,0,0,0,0,0,0,0,0,0,0,0,0,0,0,0,0,0,0,0,0,0,0,0,0,0,0,0,0,0,0,0,0,0,0,0,0,0,0,0,0,0,0,0,0,0,0,0,0,0,0,0,0,0,0,0,0,0,0,0,0,0,0,0,0,0,0,0,0,0,0,0,0,0,0,0,0,0,0,0,0,0,0,0,0,0,0,0,0,0,0,0,0,0,0,0,0,0,0,0,0,0,0,0,0,0,0,0,0,0,0,0,0,0,0,0,0,0,0,0,0,0,0,0,0,0,0,0,0,0,0,0,0,0,0,0,0,0,0,0,0,0,0,0,0,0,0,0,0,0,0,0,0,0,0,0,0,0,0,0,0,0,0,0,0,0,0,0,0,0,0,0,0,0,0,0,0,0,0,0,0,0,0,0,0,0,0,0,0,0,0,0,0,0,0,0,0,0,0,
0,0,0,0,0,0,0,0,0,0,0,0,0,0,0,0,0,0,0,0,0,0,0,0,0,0,0,0,0,0,0,0,0,0,0,0,0,0,0,0,0,0,0,0,0,0,0,0,0,0,0,0,0,0,0,0,0,0,0,0,0,0,0,0,0,0,0,0,0,0,0,0,0,0,0,0,0,0,0,0,0,0,0,0,0,0,0,0,0,0,0,0,0,0,0,0,0,0,0,0,0,0,0,0,0,0,0,0,0,0,0,0,0,0,0,0,0,0,0,0,0,0,0,0,0,0,0,0,0,0,0,0,0,0,0,0,0,0,0,0,0,0,0,0,0,0,0,0,0,0,0,0,0,0,0,0,0,0,0,0,0,0,0,0,0,0,0,0,0,0,0,0,0,0,0,0,0,0,0,0,0,0,0,0,0,0,0,0,0,0,0,0,0,0,0,0,7,0,0,0,0,0,0,0,0,0,0,0,0,0,0,0,0,0,0,0,0,0,0,0,0,0,0,0,0,0,0,0,0,0,0,0,0,0,0,0,0,0,0,0,0,0,0,0,0,0,0,0,0,0,0,0,0,0,0,0,
0,0,0,0,0,0,0,0,0,0,0,0,0,0,0,0,0,0,0,0,0,0,0,0,0,10,0,0,0,0,0,0,0,0,0,0,0,0,0,0,0,0,0,0,0,0,0,0,0,0,0,0,0,0,0,0,0,0,0,0,0,0,0,0,0,0,0,0,0,0,0,0,0,0,0,0,0,0,0,0,0,0,0,0,0,0,0,0,0,0,0,0,0,0,0,0,0,0,0,0,0,0,0,0,0,0,0,0,0,0,0,0,0,0,0,0,0,0,0,0,0,0,0,0,0,0,0,0,0,0,0,0,0,0,0,0,0,0,0,0,0,0,0,0,0,0,0,0,0,0,0,0,0,0,0,0,0,0,0,0,0,0,0,0,0,0,0,0,0,0,0,0,0,0,0,0,0,0,0,0,0,0,0,0,0,0,0,0,0,0,0,0,0,0,0,7,7,0,0,0,0,0,0,0,0,0,0,0,0,0,0,0,0,0,0,0,0,0,0,0,0,0,0,0,0,0,0,0,0,0,0,0,0,0,0,0,0,0,0,0,0,0,0,0,0,0,0,0,0,0,0,0,0,0,0,0,
0,0,0,0,0,0,0,0,0,0,0,0,0,0,0,0,0,0,0,0,0,0,0,0,0,0,0,0,0,0,0,0,0,0,0,0,0,0,0,0,0,0,0,0,0,0,0,0,0,0,0,0,0,0,0,0,0,0,0,0,0,0,0,0,0,0,0,0,0,0,0,0,0,0,0,0,0,0,0,0,0,0,0,0,0,0,0,0,0,0,0,0,0,0,0,0,0,0,0,0,0,0,0,0,0,0,0,0,0,0,0,0,0,0,0,0,0,0,0,0,0,0,0,0,0,0,0,0,0,0,0,0,0,0,0,0,0,0,0,0,0,0,0,0,0,0,0,0,0,0,0,0,0,0,0,0,0,0,0,0,0,0,0,0,0,0,0,0,0,0,0,0,0,0,0,0,0,0,0,0,0,0,0,0,0,0,0,0,0,0,0,0,0,0,0,11,0,0,0,0,0,0,0,0,0,0,0,0,0,0,0,0,0,0,0,0,0,0,0,0,0,0,0,0,0,0,0,0,0,0,0,0,0,0,0,0,0,0,0,0,0,0,0,0,0,0,0,0,0,0,0,0,0,0,0,0,
0,0,0,0,0,0,0,0,0,0,0,0,0,0,0,0,0,0,0,0,0,0,0,0,0,0,0,0,0,0,0,0,0,0,0,0,0,0,0,0,0,0,0,0,0,0,0,0,0,0,0,0,0,0,0,0,0,0,0,0,0,0,0,0,0,0,0,0,0,0,0,0,0,0,0,0,0,0,0,0,0,0,0,0,0,0,0,0,0,0,0,0,0,0,0,0,0,0,0,0,0,0,0,0,0,0,0,0,0,0,0,0,0,0,0,0,0,0,0,0,0,0,0,0,0,0,0,0,0,0,0,0,0,0,0,0,0,0,0,0,0,0,0,0,0,0,0,0,0,0,0,0,0,0,0,0,0,0,0,0,0,0,0,0,0,0,0,0,0,0,0,0,0,0,0,0,0,0,0,0,0,0,0,0,0,0,0,0,0,0,0,0,0,0,11,0,14,14,0,0,0,0,0,0,0,0,0,0,0,0,0,0,0,0,0,0,0,0,0,0,0,0,0,0,0,0,0,0,0,0,0,0,0,0,0,0,0,0,0,0,0,0,0,0,0,0,0,0,0,0,0,0,0,0,0,0,
0,0,0,0,0,0,0,0,0,0,0,0,0,0,0,0,0,0,0,0,0,0,8,7,0,0,0,0,0,0,0,0,0,0,0,0,0,0,0,0,0,0,0,0,0,0,0,0,0,0,0,0,0,0,0,0,0,0,0,0,0,0,0,0,0,0,0,0,0,0,0,0,0,0,0,0,0,0,0,0,0,0,0,0,0,0,0,0,0,0,0,0,0,0,0,0,0,0,0,0,0,0,0,10,0,0,0,0,0,0,0,0,0,0,0,0,0,0,0,0,0,0,0,0,0,0,0,0,0,0,0,0,0,0,0,0,0,0,0,0,0,0,0,0,0,0,0,0,0,0,0,0,0,0,0,0,0,0,0,0,0,0,0,0,0,0,0,0,0,0,0,0,0,0,0,0,0,0,0,0,0,0,0,0,0,0,0,0,0,0,0,0,0,0,6,14,15,13,14,13,0,0,0,0,0,0,0,0,0,0,0,0,0,0,0,0,0,0,23,0,0,0,0,0,0,0,0,0,0,0,0,0,0,0,0,0,0,0,0,0,0,0,0,0,0,0,0,0,0,0,0,0,0,0,0,0,
0,0,0,0,0,0,0,0,0,0,0,0,0,0,0,0,0,0,0,0,0,10,0,9,0,0,0,0,0,0,0,0,0,0,0,0,0,0,0,0,0,0,0,0,0,0,0,0,0,0,0,0,0,0,0,0,0,0,0,0,0,0,0,0,0,0,0,0,0,0,0,0,0,0,0,0,0,0,0,0,0,0,0,0,0,0,0,0,0,0,0,0,0,0,0,0,0,0,0,0,0,0,0,10,0,0,0,0,0,0,0,0,0,0,0,0,0,0,0,0,0,0,0,0,0,0,0,0,0,0,0,0,0,0,0,0,0,0,0,0,0,0,0,0,0,0,0,0,0,0,0,0,0,0,0,0,0,0,0,0,0,0,14,0,0,0,0,0,0,0,0,0,0,0,0,0,0,0,0,0,0,0,0,0,0,0,0,0,0,0,0,0,0,0,12,0,5,0,14,14,0,0,0,0,0,0,0,0,0,0,0,0,0,0,0,0,0,20,0,0,0,0,0,0,0,0,0,0,0,24,0,0,23,0,0,0,0,0,24,0,0,0,0,0,0,0,0,0,0,0,0,0,0,0,0,0,
0,0,0,0,0,0,0,0,0,0,0,0,0,0,0,0,0,0,0,0,0,0,0,0,0,0,0,0,0,0,0,0,0,0,0,0,0,0,0,0,0,0,0,0,0,0,0,0,0,19,0,0,0,0,0,0,0,0,0,0,0,0,0,0,9,0,0,0,0,0,0,0,0,0,0,0,0,0,0,0,0,0,0,0,0,0,0,0,0,0,0,0,0,0,0,0,0,0,0,0,0,0,0,19,10,13,0,0,0,0,0,0,0,0,0,0,0,0,0,0,0,0,0,0,0,0,0,0,0,0,0,0,0,0,0,0,0,0,0,0,0,0,0,0,0,0,0,0,0,0,0,0,0,0,0,0,0,0,0,0,0,0,0,0,0,0,0,0,0,0,0,0,0,0,0,14,0,0,0,0,0,0,0,0,0,0,0,0,0,0,0,0,0,0,0,12,6,10,0,0,0,0,0,0,0,0,0,0,0,0,0,0,0,0,0,0,0,0,21,19,0,0,0,0,0,0,0,0,0,0,22,24,0,0,0,0,0,0,23,0,0,0,0,0,0,0,0,0,0,0,0,0,0,0,0,0,
0,0,0,0,23,0,0,0,0,0,0,0,0,0,0,0,0,0,0,0,0,0,0,0,0,0,0,0,0,0,0,14,0,0,0,0,0,14,0,16,0,0,0,0,0,0,0,0,0,23,0,0,22,0,0,25,23,0,0,0,0,0,0,9,0,0,0,0,0,0,0,0,0,0,0,0,0,0,0,0,0,0,0,0,0,0,0,0,0,0,0,0,0,0,0,0,0,0,0,0,0,0,0,0,0,0,12,0,0,0,0,0,0,0,0,0,0,0,0,0,0,0,0,0,0,0,0,0,0,0,0,0,0,0,0,0,0,0,0,0,0,0,0,0,0,0,0,0,0,0,0,0,0,0,0,0,0,0,0,0,0,0,0,14,0,0,0,0,0,0,0,0,0,0,0,0,14,0,14,0,0,0,0,0,0,0,0,0,0,13,0,0,0,0,0,0,11,11,0,11,0,0,12,0,0,0,0,0,0,0,0,0,0,0,0,0,0,0,20,0,18,19,0,20,0,0,0,24,0,0,0,25,25,0,0,0,0,0,24,24,24,0,0,0,0,0,0,0,0,0,0,0,0,0,0,0,
21,0,0,0,0,0,0,0,0,0,0,0,0,0,0,0,0,0,0,0,0,0,0,0,0,0,0,0,0,0,0,15,0,0,0,0,13,0,0,0,0,0,0,0,0,0,0,0,19,21,0,0,0,0,0,0,25,24,19,0,0,0,0,0,0,15,0,0,0,0,0,0,0,0,0,0,0,0,0,0,0,0,0,0,0,0,0,0,0,0,0,0,0,0,0,0,0,16,0,0,0,0,0,0,0,0,0,0,0,17,0,0,0,0,0,0,15,0,0,0,0,0,0,0,0,0,0,0,0,0,0,0,0,0,0,0,0,0,0,0,0,0,0,0,0,0,0,0,0,0,0,0,0,0,0,0,0,0,0,0,0,15,0,0,0,0,0,0,0,0,0,0,0,0,0,0,0,0,16,0,0,0,0,0,0,16,0,0,0,0,14,0,0,13,0,10,10,10,0,14,0,0,0,0,0,0,0,0,0,0,0,0,0,13,0,16,0,0,0,19,19,19,0,19,0,0,0,0,24,0,0,0,26,0,20,0,0,0,0,24,0,0,0,0,0,0,0,0,0,0,0,0,0,0,0,0,
0,0,0,0,0,0,0,0,0,0,0,0,0,0,0,0,0,0,0,0,0,0,0,0,0,0,0,0,0,0,0,0,0,0,0,0,0,0,0,0,0,0,0,0,0,20,0,0,20,20,22,22,0,24,0,22,0,25,21,0,0,0,0,0,18,16,0,0,0,0,0,0,14,0,14,0,0,0,0,28,0,0,0,0,0,0,0,0,0,0,0,0,0,0,0,0,20,0,0,0,0,0,0,0,0,0,0,0,0,17,0,0,0,11,0,0,13,14,13,0,0,0,0,14,18,16,0,0,0,0,0,0,0,0,0,0,0,0,0,0,0,0,0,0,0,0,0,0,0,0,0,0,0,0,0,0,0,0,0,0,0,17,0,17,0,0,0,0,0,0,0,0,0,0,0,0,0,17,20,0,20,0,0,0,0,0,0,0,0,13,0,0,0,0,14,0,19,11,0,10,15,0,0,0,0,0,0,0,0,0,0,0,0,0,0,18,0,0,0,0,0,0,0,0,20,0,0,0,0,0,0,25,26,22,26,0,0,0,0,0,25,0,0,0,0,0,0,0,0,0,0,0,0,0,0,0,
0,0,0,22,0,0,0,0,20,0,0,0,0,0,0,0,0,0,0,0,0,0,0,0,0,0,17,0,0,18,0,0,0,0,0,0,24,14,0,0,0,0,0,0,0,21,20,0,24,0,23,22,23,0,23,0,0,22,16,19,0,0,0,0,0,0,0,0,0,0,14,0,15,0,0,0,20,0,0,0,20,26,0,0,0,0,0,0,0,0,0,0,0,0,0,0,0,0,0,0,0,0,0,0,0,0,15,13,14,0,0,0,0,14,15,15,14,26,0,0,0,29,0,20,19,19,0,0,0,0,0,0,0,0,0,0,0,0,0,21,0,0,0,0,0,0,0,0,0,0,0,0,0,0,0,0,18,0,0,0,0,0,15,0,0,0,18,0,0,0,0,20,19,16,0,18,0,21,0,10,20,0,0,17,0,17,0,0,13,17,0,0,17,0,20,14,18,20,8,13,11,0,0,0,0,21,0,0,0,0,15,0,0,16,0,0,0,0,0,0,0,16,0,0,0,16,0,0,0,0,0,0,26,0,0,0,0,0,0,0,0,0,0,0,0,0,0,0,0,0,0,0,0,0,0,0,
13,0,16,18,19,0,0,20,20,20,0,0,0,0,0,0,0,0,0,0,0,0,0,20,0,16,16,18,0,14,17,0,0,0,0,0,25,25,23,0,28,0,0,0,0,0,21,26,24,23,0,22,23,0,21,0,0,0,19,17,20,0,0,0,0,0,0,0,0,18,0,0,15,0,26,0,22,0,21,0,25,21,25,25,16,0,0,0,0,0,0,0,0,0,0,0,0,19,0,0,0,0,0,0,0,0,0,16,0,0,0,0,0,13,12,16,15,27,16,15,18,0,30,0,17,0,0,0,0,0,0,0,0,0,0,0,0,0,0,0,22,0,0,0,0,0,0,21,17,0,0,0,0,0,0,19,18,0,0,0,16,0,0,0,0,22,0,0,0,0,0,20,0,0,20,19,18,21,0,20,0,0,0,19,18,15,0,16,14,18,18,17,21,0,19,21,17,17,20,24,14,17,0,22,21,0,22,20,14,0,0,0,19,18,0,0,21,0,0,28,0,14,16,0,0,15,0,0,0,0,0,0,28,0,27,0,0,0,0,0,0,0,0,0,0,0,0,0,0,0,0,0,0,0,0,0,
11,12,19,19,19,10,18,19,24,21,12,13,8,19,14,17,0,0,0,19,0,0,0,0,20,18,17,16,25,16,16,18,0,27,26,24,25,23,24,23,28,29,0,0,0,26,0,0,26,0,22,22,27,22,0,22,0,0,20,24,21,0,0,0,0,0,0,0,0,0,15,16,18,15,0,28,19,19,21,31,26,27,25,23,0,0,0,0,0,0,0,0,0,0,0,0,20,17,0,20,0,0,0,0,18,0,0,17,0,0,0,0,0,0,0,15,25,16,16,16,20,0,0,0,0,0,0,0,0,0,0,0,0,22,19,0,0,0,17,0,0,16,0,0,0,0,21,0,22,23,0,0,0,0,0,0,0,18,0,0,19,0,19,0,0,22,0,0,0,0,0,21,0,21,19,20,20,0,19,0,0,0,0,0,20,18,17,18,16,15,18,22,22,20,17,19,18,20,20,19,17,23,24,23,22,22,21,0,20,18,18,19,19,16,19,15,15,18,24,29,29,17,14,0,20,20,16,22,0,0,0,0,27,0,0,0,0,0,0,0,0,0,0,0,0,0,0,0,0,0,0,0,0,0,0,0,
0,12,23,24,12,10,19,19,13,24,8,9,10,19,23,0,0,0,0,20,0,0,0,21,22,21,21,13,26,21,17,30,31,29,29,22,23,26,25,24,22,29,19,0,26,26,25,0,0,24,23,28,28,28,18,23,23,20,20,20,26,14,0,17,0,0,20,0,0,22,21,22,20,16,17,28,20,19,19,16,31,18,0,24,18,8,0,0,0,0,0,0,0,0,0,21,20,18,23,22,19,0,0,0,23,0,0,0,0,0,0,0,0,0,16,15,26,16,17,16,26,0,20,0,0,0,0,19,0,0,0,0,0,0,0,18,0,0,0,17,15,17,23,0,0,0,20,0,23,22,26,0,0,0,19,0,27,0,17,22,0,18,0,17,21,22,19,0,15,17,0,16,22,22,21,21,19,18,18,20,25,0,0,23,19,21,19,17,17,16,19,22,22,21,18,21,19,20,21,20,20,24,27,0,22,0,22,21,18,19,0,19,16,17,20,21,17,26,0,30,31,17,0,0,0,24,21,22,24,0,0,0,22,25,0,0,0,0,0,0,20,0,0,0,0,0,0,0,0,0,0,0,0,0,0,0,
0,21,17,11,24,12,19,12,11,12,9,15,14,10,24,23,0,20,0,0,0,21,0,22,22,17,25,25,23,14,24,22,24,31,30,0,0,24,25,26,29,22,0,21,21,27,26,22,19,25,27,25,26,29,22,22,23,20,21,23,20,15,0,0,0,0,17,21,20,23,16,22,18,19,22,28,29,23,19,20,17,21,21,0,17,20,11,0,0,17,29,0,0,0,17,17,21,24,24,23,20,13,22,20,17,0,17,18,0,0,0,0,0,0,0,0,16,29,17,0,27,0,21,21,0,0,0,0,20,0,0,21,20,13,0,16,17,11,17,0,16,16,22,0,21,0,20,20,24,26,27,27,11,14,20,18,21,18,17,21,21,20,0,20,16,22,23,22,16,20,15,17,17,22,21,13,19,19,19,22,24,0,0,23,23,23,19,18,19,19,17,23,17,21,22,20,24,21,23,21,25,26,20,26,22,22,21,20,17,18,20,18,0,17,19,17,21,26,26,20,31,0,16,0,0,18,27,25,24,25,0,26,25,24,19,0,27,22,0,0,22,0,0,0,19,0,0,0,0,0,0,0,0,0,0,0,
17,19,18,23,12,12,23,12,12,14,13,15,16,22,24,23,23,22,21,21,0,20,26,25,20,17,18,25,21,24,25,25,27,26,31,24,0,22,22,22,27,23,0,0,21,18,27,22,21,20,20,25,26,25,26,19,22,22,22,23,21,17,16,0,17,0,0,18,17,14,17,17,22,25,22,23,27,26,23,25,20,21,21,21,26,17,20,0,0,0,0,19,29,0,22,18,21,24,23,22,23,14,15,23,25,17,18,17,0,17,17,0,0,0,16,0,0,22,26,27,0,29,30,20,22,31,32,0,21,20,0,21,20,20,18,17,19,25,19,18,27,18,24,18,20,23,21,21,17,25,26,23,17,11,22,15,18,19,20,22,20,20,16,21,14,18,24,22,24,18,20,20,12,23,30,21,15,18,18,19,20,20,21,19,24,19,24,21,15,19,17,24,23,18,22,16,21,19,22,17,17,21,21,23,30,22,0,21,21,18,21,21,0,0,22,0,21,22,21,28,29,18,0,0,0,0,27,25,22,24,22,0,0,23,24,18,0,23,0,0,21,21,0,0,0,24,0,0,0,0,0,0,0,0,0,0,
16,18,20,21,26,28,25,0,14,0,0,15,15,26,23,22,20,24,24,24,24,17,27,19,20,21,19,24,23,23,24,25,18,32,28,23,24,23,24,21,28,23,24,0,26,23,29,28,21,20,27,20,27,23,21,20,24,22,23,22,21,24,22,17,17,18,18,18,17,15,30,20,19,23,21,22,21,25,29,25,29,29,22,27,22,20,20,23,21,0,19,26,30,0,26,22,21,12,23,23,23,0,25,16,20,26,26,23,19,18,24,0,0,0,0,19,24,26,22,21,21,22,30,0,20,21,21,0,21,22,0,19,21,19,24,24,20,22,19,19,20,19,21,25,21,22,22,22,18,25,24,23,20,24,15,15,18,22,21,0,0,18,17,21,15,24,25,25,18,19,20,20,14,20,24,30,16,27,26,19,20,20,19,22,20,20,23,23,18,15,18,28,24,24,24,24,25,19,23,17,19,20,22,20,23,20,0,22,22,21,22,24,0,18,22,26,22,22,23,29,22,28,31,30,26,0,26,26,23,27,0,0,0,28,19,20,22,19,23,0,24,22,23,18,29,27,0,0,0,0,0,0,0,0,0,0,
19,19,22,21,25,21,22,0,25,19,21,0,15,16,22,14,26,23,23,24,24,19,19,24,25,24,20,27,24,24,26,24,25,31,32,27,24,25,24,23,25,26,24,23,27,19,25,24,30,28,28,27,27,23,24,19,24,23,23,16,25,25,15,21,20,0,19,0,18,18,27,21,26,20,25,22,24,25,23,28,22,29,23,28,25,22,20,25,20,21,21,29,26,21,0,22,15,0,13,23,22,22,25,26,27,19,27,24,18,23,21,23,20,0,21,20,27,23,23,25,25,25,23,24,24,21,20,0,25,27,23,22,20,20,25,22,17,25,22,22,23,25,21,26,22,24,19,19,20,26,28,24,24,20,20,16,20,20,25,27,0,20,22,18,22,15,25,25,16,18,17,21,15,20,15,15,29,25,25,19,19,19,20,22,28,20,30,23,30,25,29,25,24,25,25,17,18,19,19,32,21,20,19,18,18,25,23,20,18,20,28,22,25,0,20,0,27,23,25,23,25,26,22,28,31,31,28,26,22,22,23,0,0,16,24,19,21,22,22,21,25,24,23,23,29,28,27,0,0,0,0,0,0,0,0,0,
20,21,20,20,20,17,24,24,0,26,21,20,16,23,26,23,24,24,23,23,25,25,28,22,22,24,19,21,21,28,26,22,25,20,19,21,21,22,20,25,25,25,25,24,23,24,25,29,24,23,21,27,23,23,24,20,20,26,23,17,24,25,21,21,19,20,19,19,22,19,31,27,31,23,26,23,18,25,27,20,30,23,30,29,19,32,24,27,26,28,22,29,27,28,22,23,19,16,16,17,23,16,26,26,25,20,23,21,20,18,25,31,24,0,21,25,27,19,0,20,24,21,0,0,0,0,0,20,0,0,23,29,22,28,25,24,26,25,23,23,22,22,22,27,21,26,22,17,20,24,30,26,20,20,19,20,20,21,31,26,27,27,21,21,23,15,26,27,20,22,18,15,15,19,21,15,14,26,25,21,20,26,23,20,27,27,31,21,30,31,25,26,25,25,24,16,18,15,19,19,32,22,22,29,20,25,25,24,22,21,21,24,16,26,20,27,0,27,26,24,28,26,22,23,28,28,29,27,28,23,22,23,25,16,25,25,21,24,23,23,24,25,24,25,0,29,30,29,0,0,0,0,0,0,0,0,
26,25,17,18,21,17,23,25,25,24,22,23,27,27,21,22,21,28,24,25,24,24,24,29,27,26,27,25,27,28,22,25,34,21,19,21,23,30,23,26,23,23,22,25,25,24,22,31,30,29,22,23,23,23,30,25,24,28,26,34,19,24,22,24,30,22,23,20,22,18,26,23,32,25,23,20,19,19,20,29,22,22,31,25,19,30,22,24,25,25,29,30,28,23,23,0,0,0,23,19,19,16,16,15,24,24,31,21,30,27,26,28,31,21,17,22,21,20,20,21,25,22,27,24,26,0,0,0,26,0,23,23,23,23,22,29,27,26,27,25,23,24,25,24,25,17,23,18,24,25,27,28,18,19,19,20,18,22,21,21,24,22,22,20,22,22,15,23,22,24,17,21,16,20,20,19,26,20,27,27,28,26,22,23,26,28,28,24,22,29,31,25,25,26,23,20,16,15,27,20,28,20,22,26,30,24,21,20,22,19,24,25,16,24,29,29,22,22,21,22,29,27,24,25,26,29,29,22,23,24,24,24,26,23,26,22,26,21,21,21,29,23,23,24,29,26,0,31,0,0,0,0,0,0,0,0,
26,25,19,15,19,19,26,26,29,14,22,23,23,27,28,27,22,22,28,25,25,22,20,29,30,26,25,23,23,29,28,25,25,25,22,24,20,24,21,31,23,23,28,25,26,22,23,31,29,30,23,23,23,28,32,32,31,25,24,33,19,26,25,24,24,29,26,23,24,22,27,26,25,26,26,19,19,20,19,25,29,22,22,23,25,20,25,25,22,25,22,29,25,27,29,23,23,23,20,17,23,20,17,18,32,29,23,23,30,27,25,21,32,24,23,22,22,21,21,21,24,25,27,27,26,25,27,0,0,23,26,24,24,26,25,25,29,27,26,26,24,26,23,29,27,18,18,23,18,24,28,27,24,18,23,20,21,22,19,25,31,20,29,25,23,18,22,23,18,19,21,19,23,26,17,20,23,24,28,19,32,27,26,24,26,24,27,25,27,30,29,29,23,24,23,25,20,20,20,28,20,21,24,27,26,25,21,20,21,21,22,23,30,30,17,30,28,23,26,22,24,23,24,26,25,24,26,23,25,29,25,27,26,20,23,22,22,24,21,27,24,28,24,30,26,25,26,27,31,0,28,0,0,0,0,0,
20,25,17,16,17,19,19,19,27,27,27,28,24,26,21,22,23,21,21,27,25,21,21,30,28,23,29,25,24,24,24,25,24,22,28,25,24,24,16,31,18,22,28,25,23,23,31,24,31,30,23,24,31,28,28,32,32,27,31,26,24,29,25,27,23,26,28,24,20,20,25,27,26,25,24,21,20,20,19,30,26,24,23,32,29,28,20,26,25,24,25,24,25,29,29,25,22,23,21,23,24,25,29,18,19,30,24,21,23,22,27,26,26,24,24,23,24,22,23,21,30,28,24,28,25,25,23,23,25,26,22,25,25,27,25,28,30,29,29,25,28,26,28,26,26,24,19,19,19,23,23,28,23,19,26,21,30,22,25,24,25,30,29,34,27,24,20,23,27,19,22,21,20,28,27,19,25,31,29,29,29,25,25,26,25,27,27,25,26,18,27,30,30,24,26,29,26,18,27,21,21,22,21,24,27,27,23,25,25,24,25,25,26,31,23,18,24,24,25,25,25,25,23,24,24,26,25,25,25,25,23,24,27,21,25,24,23,29,22,29,29,26,30,31,25,27,27,27,28,32,0,0,0,0,0,0,
21,21,19,18,17,29,30,20,27,29,27,23,24,23,24,28,23,22,24,30,28,23,29,22,30,29,27,26,24,24,25,25,26,27,28,28,25,23,28,17,19,18,24,23,25,31,22,24,24,32,31,31,29,29,28,34,33,33,29,26,24,25,26,24,24,26,28,26,24,26,21,24,24,25,25,21,29,21,29,20,31,31,30,32,21,20,21,23,25,25,25,22,30,24,30,23,23,27,21,26,24,25,20,21,19,29,26,30,24,23,26,24,27,21,26,25,26,27,22,23,28,28,25,25,24,27,23,23,27,24,26,26,24,25,25,25,31,26,24,25,26,26,28,26,26,27,31,20,20,25,33,24,23,19,20,26,26,22,26,25,24,30,31,29,28,26,25,25,25,26,26,21,24,25,27,24,32,24,31,29,33,25,25,25,24,27,29,18,27,19,29,23,30,28,23,29,29,24,27,22,23,27,21,28,25,27,22,22,24,25,23,28,24,26,31,24,25,28,25,25,26,25,27,24,27,25,27,25,22,26,24,24,33,28,25,31,24,29,25,29,25,29,28,25,28,28,28,27,27,29,30,0,0,0,0,0,
28,21,22,24,30,19,30,21,31,25,28,23,26,24,28,29,22,22,27,31,29,23,22,29,30,30,36,28,33,25,25,36,31,30,29,28,28,24,29,23,18,19,26,20,23,30,32,33,26,27,28,25,35,30,23,33,29,32,28,28,25,29,29,26,25,28,26,26,27,27,26,24,25,25,25,35,21,33,29,21,21,32,31,32,33,21,21,24,30,26,23,22,30,30,24,23,32,28,27,29,26,22,21,25,21,22,27,24,31,23,24,27,23,23,26,26,22,23,23,25,29,26,29,29,28,28,26,23,32,26,33,26,25,26,26,25,26,26,31,30,26,28,32,28,31,29,31,32,26,27,27,27,24,24,30,27,27,21,27,29,25,31,26,32,27,29,26,21,25,27,28,25,27,24,27,19,25,27,33,34,30,30,32,31,26,29,29,28,23,20,27,30,25,28,37,29,27,25,24,28,17,28,24,25,27,25,23,24,24,26,23,23,25,26,24,25,25,29,26,26,32,29,26,30,28,25,31,26,20,28,31,27,25,28,27,25,27,30,28,27,31,22,24,26,26,27,29,32,28,30,33,30,29,30,0,0,
28,29,25,25,25,25,29,29,31,30,25,25,26,27,26,24,28,29,28,28,29,23,23,25,22,30,32,36,25,24,26,26,31,29,25,25,28,24,29,29,20,19,19,21,21,25,28,28,31,27,24,28,32,29,32,33,32,32,29,29,29,26,28,29,30,29,26,20,25,28,22,23,25,26,21,30,33,37,31,33,27,22,28,25,26,21,22,23,21,29,23,25,30,30,31,26,22,24,28,31,28,27,32,22,26,25,27,26,25,24,28,33,28,28,26,25,25,24,24,24,26,25,28,30,29,28,27,26,24,27,32,34,32,32,29,26,26,29,32,27,28,32,28,32,33,34,30,27,27,26,27,24,28,28,25,26,25,28,22,29,27,32,33,32,27,26,25,31,26,26,22,29,24,27,24,27,27,27,28,31,30,33,30,32,29,30,29,25,30,29,27,27,25,25,27,25,28,27,24,24,17,18,25,26,27,27,28,20,26,24,21,21,23,24,24,29,27,29,26,27,30,27,31,28,26,29,25,28,31,29,31,33,22,22,23,31,28,23,23,28,27,24,25,27,27,33,27,28,32,33,27,30,29,28,29,27,
23,26,28,29,27,33,28,28,31,30,26,30,25,27,26,27,29,30,30,27,28,24,24,31,30,30,32,32,25,26,38,29,27,27,30,29,24,25,26,27,26,28,21,22,32,30,32,32,30,25,34,29,34,35,34,33,34,27,26,24,29,29,30,29,32,27,26,25,21,21,28,28,28,28,22,22,35,37,34,33,34,31,24,26,32,29,31,23,27,23,30,28,26,26,26,33,22,35,25,25,28,26,33,21,26,27,26,27,28,25,26,30,34,33,28,29,24,25,25,26,26,25,35,31,31,30,28,27,25,27,27,33,32,27,29,26,27,25,30,28,31,28,27,35,34,34,30,29,32,27,28,27,32,24,25,26,24,26,24,31,31,27,28,31,28,27,29,27,31,26,26,23,21,25,25,26,26,30,28,25,31,33,34,32,30,29,31,27,26,29,32,27,27,24,26,26,37,26,25,24,18,22,25,23,29,23,30,30,26,28,24,22,23,30,26,26,27,29,27,29,30,31,36,29,25,29,29,29,32,31,32,23,23,23,23,24,30,30,24,28,31,27,26,24,26,27,34,29,28,33,29,30,29,29,27,27,
22,22,31,29,33,26,35,28,31,31,28,31,28,26,26,25,32,27,31,36,35,32,24,33,33,30,24,25,26,30,29,37,32,37,28,35,34,26,27,28,27,28,28,28,32,33,31,27,29,29,28,34,30,36,26,35,28,28,27,25,32,30,31,31,27,28,24,22,25,29,25,25,27,25,29,26,22,28,34,29,31,27,27,25,32,28,28,28,28,23,24,28,28,27,30,28,28,24,35,27,25,30,33,22,30,28,28,33,27,27,26,26,26,34,29,33,23,22,25,24,24,30,26,35,29,32,30,30,28,27,25,28,33,30,29,30,29,34,31,31,32,30,29,30,36,37,28,30,33,29,29,25,28,29,25,25,25,25,24,31,31,32,33,34,23,31,25,24,32,26,27,26,25,21,29,33,28,27,30,27,33,30,32,33,29,30,25,33,29,30,29,30,27,28,28,26,27,29,26,24,25,26,26,26,25,24,25,24,32,27,23,24,27,26,22,25,27,31,28,27,36,30,36,25,28,27,30,26,32,32,28,27,25,24,24,29,32,27,31,28,26,29,28,26,27,25,31,30,29,34,30,31,30,30,28,28,
25,35,32,31,31,28,35,31,31,31,27,29,31,26,25,25,32,35,32,36,35,28,33,31,25,33,30,25,31,28,36,38,29,38,37,36,35,36,27,28,29,27,28,27,32,31,28,28,30,30,33,35,30,24,29,28,24,28,28,29,25,33,32,32,32,38,25,25,28,30,28,26,27,25,31,26,23,33,31,32,35,32,34,27,34,31,29,28,27,23,26,25,28,28,28,28,28,28,28,31,30,33,33,28,23,31,30,34,24,23,26,26,23,28,35,34,27,24,27,28,25,28,35,36,29,32,30,31,28,28,29,28,28,29,29,29,30,27,29,31,33,25,26,31,30,24,36,27,30,27,28,29,29,27,31,31,26,24,26,25,29,30,30,31,32,31,28,29,34,34,26,29,28,30,29,30,37,34,31,32,32,34,32,30,34,33,30,36,34,35,31,31,31,31,27,26,27,29,28,25,28,24,23,25,27,26,28,25,26,30,30,29,28,27,26,32,30,26,29,28,36,31,26,28,27,29,30,32,28,29,33,28,30,25,25,29,30,27,27,31,26,27,26,25,27,27,32,32,33,33,33,32,33,31,33,29,
35,35,33,29,33,32,28,31,31,30,30,32,32,32,28,27,26,34,35,33,28,33,26,28,30,34,35,31,27,32,28,25,30,27,27,28,31,38,25,28,30,30,28,27,33,28,31,35,29,32,34,29,24,24,30,27,28,30,28,29,32,29,28,34,33,37,39,35,27,29,27,29,26,26,31,30,32,34,32,34,33,33,32,28,34,32,31,30,30,30,25,27,26,27,26,29,32,31,29,27,31,30,28,29,28,25,28,24,24,25,24,25,22,32,23,28,28,29,29,27,26,29,25,33,35,32,37,31,28,29,28,23,33,29,34,30,33,26,29,29,33,30,31,25,31,26,36,28,28,28,29,28,30,31,33,27,24,24,27,29,30,32,28,33,25,32,31,36,34,29,24,24,28,31,30,37,33,36,35,35,33,31,32,31,34,34,35,31,34,35,32,32,31,36,28,29,29,26,30,28,29,28,24,26,25,31,32,27,29,29,30,24,28,28,27,35,27,31,32,27,27,37,27,29,29,28,30,30,27,28,32,34,31,26,29,27,29,28,28,34,28,28,28,27,27,35,28,25,33,31,34,32,32,36,35,33,
30,27,31,29,30,31,34,33,26,35,32,31,30,32,26,27,26,34,33,34,33,30,29,27,29,34,28,32,34,27,27,29,26,29,29,28,30,32,38,26,30,28,28,28,28,30,31,36,31,32,33,30,31,25,27,27,30,29,30,29,34,31,29,30,34,30,38,29,36,28,22,28,37,30,29,28,33,32,34,33,35,36,29,35,36,33,33,28,30,30,33,27,28,26,31,31,33,32,32,31,31,31,28,31,29,28,28,30,29,22,26,26,24,23,23,31,29,34,30,28,27,33,31,29,37,27,32,31,31,29,30,28,30,33,34,31,34,27,28,30,29,29,42,32,26,30,27,30,29,28,29,29,35,33,28,28,35,28,26,30,33,28,29,30,28,25,33,35,37,33,33,26,30,31,34,37,37,35,33,35,36,32,30,32,34,34,36,35,32,35,29,31,32,37,29,29,27,28,32,30,30,31,31,34,25,33,32,34,29,30,33,29,30,32,25,33,35,25,33,29,31,37,35,31,38,31,31,31,27,28,25,36,35,32,31,31,29,29,29,31,34,27,33,29,28,26,28,27,29,31,34,32,35,36,35,34,
28,28,30,31,31,36,35,27,26,27,35,30,31,35,33,33,27,33,34,34,31,31,29,30,30,30,29,34,33,32,30,28,27,26,29,31,29,31,33,27,28,29,30,31,29,31,31,33,39,32,29,32,34,32,33,25,32,31,32,33,30,28,30,26,34,30,32,35,31,29,33,23,26,38,31,35,32,34,30,35,37,30,37,38,34,37,37,33,28,30,31,30,28,27,32,32,35,31,31,31,32,32,34,32,30,30,29,30,28,31,28,31,26,26,25,28,31,31,34,31,31,33,40,29,38,37,39,32,31,29,32,31,31,33,35,35,28,30,28,31,30,29,30,29,43,31,33,27,29,33,29,30,31,30,34,29,30,30,35,31,37,26,28,30,27,28,27,28,28,25,34,25,25,31,33,32,37,36,35,33,38,34,33,28,28,27,37,36,36,28,29,35,35,31,38,30,27,34,37,32,31,32,32,36,37,31,28,30,33,34,28,30,32,32,24,28,33,35,26,27,38,32,32,36,39,40,32,31,33,25,27,26,26,27,32,34,29,31,33,30,30,32,32,29,35,27,29,29,36,37,34,33,34,34,34,35,
31,32,31,30,31,28,35,28,32,28,31,30,32,32,34,28,36,31,33,33,30,30,32,32,31,31,30,34,31,35,32,30,29,32,30,31,32,31,30,32,29,35,30,31,31,31,30,31,33,38,32,33,31,28,28,29,30,33,33,30,33,31,30,31,37,37,31,30,30,35,32,33,25,28,32,39,31,30,29,31,41,32,31,38,38,32,27,34,34,35,31,32,33,31,32,32,35,28,32,32,32,30,34,34,36,33,29,30,31,31,29,32,30,27,27,28,31,30,32,32,31,31,34,30,39,27,39,32,33,30,32,28,31,37,36,28,28,28,33,30,34,33,31,32,31,35,34,28,28,32,27,30,31,31,30,29,43,30,26,32,38,28,34,33,32,31,29,27,32,28,28,25,27,24,33,33,36,38,37,35,32,34,34,35,36,28,35,26,29,36,30,28,35,36,29,31,32,35,30,32,32,30,29,33,37,30,29,32,28,35,31,31,28,23,25,24,27,31,27,34,33,32,33,38,33,33,30,29,28,34,37,27,38,28,36,35,30,31,30,30,34,29,35,30,33,36,29,29,36,38,33,35,33,33,35,34,
33,33,31,32,33,31,34,30,30,32,33,30,32,32,32,28,32,32,36,30,30,33,31,32,31,33,30,32,28,30,29,32,34,32,30,30,32,34,28,32,37,37,36,26,37,35,32,31,31,32,36,31,36,32,29,34,30,28,35,31,31,35,34,31,27,37,38,36,37,35,33,30,26,27,32,39,32,33,31,31,32,41,42,37,33,32,33,36,35,34,31,33,33,29,32,32,25,34,36,33,34,29,37,32,36,29,34,34,29,31,30,32,29,30,32,27,29,34,32,38,35,30,33,33,35,36,31,29,32,30,33,33,28,37,34,35,29,29,33,34,34,30,34,32,31,31,31,28,34,29,28,31,32,31,34,31,43,32,27,27,32,26,34,30,31,28,27,33,33,33,29,26,28,30,25,34,36,34,33,36,36,32,35,35,37,36,28,37,27,26,30,34,28,30,29,29,33,38,36,33,33,36,29,38,30,30,38,33,30,29,32,28,30,36,33,35,28,28,27,31,29,33,34,36,43,34,31,30,29,36,37,37,38,38,36,29,31,36,31,32,31,34,32,35,34,30,37,38,37,37,34,34,34,37,36,34,
33,33,34,32,29,32,32,30,33,31,33,31,35,36,34,34,33,33,34,36,31,32,34,40,34,32,31,32,32,30,32,31,29,30,31,33,34,35,30,33,39,38,37,31,30,36,31,33,32,37,32,31,35,38,30,29,33,29,29,29,29,36,35,32,30,33,38,30,30,31,34,35,33,31,39,37,33,32,35,35,36,41,39,39,36,32,36,37,33,36,32,33,32,33,35,35,37,36,35,36,32,37,38,38,33,36,30,31,33,31,34,35,36,38,25,33,28,33,34,34,35,33,31,34,35,36,37,32,30,28,35,34,32,33,34,39,34,34,38,35,34,34,35,33,34,36,36,29,36,34,34,27,27,32,31,31,42,33,42,28,34,33,35,34,31,29,28,28,33,33,35,34,29,29,33,35,39,34,39,37,33,34,33,34,36,34,36,39,38,31,31,35,35,32,33,34,37,37,39,37,37,31,34,38,30,32,30,33,31,38,33,29,30,35,34,32,35,27,28,38,38,33,34,33,36,42,44,28,30,32,35,36,37,35,37,36,35,38,32,32,35,34,37,31,37,33,32,34,38,36,34,36,36,38,36,35,
33,35,30,35,29,32,34,37,36,32,34,34,36,36,34,33,37,34,34,37,33,32,37,38,39,35,33,33,33,30,36,31,33,31,31,33,32,29,31,36,40,35,39,38,27,38,31,33,37,38,37,32,37,38,29,30,33,33,30,29,31,35,35,32,32,33,34,35,31,34,39,34,33,37,42,36,37,36,35,34,35,31,34,36,35,37,38,38,33,34,36,33,34,36,36,40,37,37,34,34,32,36,34,38,38,31,37,36,35,33,32,33,28,33,27,33,37,35,35,33,39,35,35,32,34,35,38,29,32,30,31,33,33,34,29,40,35,35,37,39,35,37,36,36,34,33,36,31,31,37,34,33,36,35,34,28,33,30,33,32,36,35,35,37,34,32,30,30,31,34,34,35,35,35,34,34,40,38,30,43,40,34,34,39,37,32,36,39,32,31,33,32,35,35,36,34,33,38,41,33,38,32,34,32,31,31,31,35,34,38,38,38,36,37,35,34,35,39,28,39,39,34,33,35,33,42,30,29,28,34,37,37,37,35,39,37,36,39,34,35,36,37,38,32,30,33,33,33,35,40,37,35,35,36,38,35,
34,43,35,35,34,39,32,39,35,33,35,34,37,35,36,35,36,37,34,37,38,38,35,36,36,35,34,32,31,33,31,37,31,28,32,31,33,30,30,35,37,36,40,39,39,34,32,33,34,35,35,33,31,38,29,30,28,35,29,29,34,32,34,35,33,36,33,36,36,34,38,38,34,42,39,35,36,34,34,35,36,33,39,34,35,38,31,33,34,34,41,33,35,33,37,37,35,34,34,36,34,36,35,33,41,31,37,36,36,29,32,36,33,36,29,29,32,36,36,36,34,35,34,35,39,35,30,30,35,33,32,35,37,33,31,35,41,35,39,39,35,36,39,38,37,31,31,32,32,38,32,33,37,28,32,33,29,31,32,36,34,37,36,30,33,33,33,30,32,32,37,35,32,38,38,36,32,31,31,44,44,43,35,34,38,33,35,37,40,34,36,39,33,36,34,38,34,34,31,39,33,32,35,36,33,36,32,31,38,38,34,38,37,39,37,39,35,37,40,39,40,36,34,36,35,32,32,31,39,35,37,28,38,34,39,39,33,39,39,35,36,38,39,34,34,34,34,34,41,39,39,38,31,38,39,36,
37,34,47,35,37,39,38,35,36,41,41,36,33,32,36,37,37,32,33,32,38,34,35,33,35,35,32,31,33,33,33,39,38,37,37,32,33,33,36,31,37,37,38,37,40,39,38,35,33,36,35,39,38,31,33,33,29,39,35,34,34,32,31,34,36,36,36,33,37,38,38,39,41,39,37,37,36,35,35,36,36,36,40,34,36,39,39,39,36,35,33,41,39,33,33,37,35,32,34,37,38,34,36,34,33,33,32,40,31,32,30,36,36,37,39,39,32,37,37,34,34,34,36,33,41,36,36,29,40,37,33,37,34,34,34,36,30,34,32,34,30,37,38,34,36,33,32,34,32,29,39,39,38,34,37,35,29,36,38,36,38,35,35,33,36,33,31,31,41,33,36,36,33,39,36,39,39,37,43,44,37,44,40,35,39,38,37,36,38,35,34,38,33,38,37,36,38,33,33,35,31,33,35,35,35,33,33,35,40,34,39,35,39,34,40,38,35,36,38,41,42,39,37,37,36,32,37,32,30,27,32,40,31,27,34,38,31,35,37,39,36,36,35,36,34,34,37,38,31,39,38,39,37,31,39,38,
38,38,36,44,39,39,39,40,37,38,42,38,44,28,30,28,35,33,32,33,33,33,35,34,36,34,34,34,32,34,34,37,38,42,36,31,33,34,37,37,38,38,39,40,36,36,39,34,34,37,35,36,33,35,33,32,39,35,38,39,33,33,37,35,29,36,35,41,39,39,39,38,41,39,39,36,38,37,36,36,37,42,34,42,43,36,34,39,36,36,35,42,43,41,34,38,39,35,34,37,36,38,37,36,34,34,33,32,32,34,37,31,34,38,40,32,32,35,34,43,38,35,36,36,34,33,42,30,39,37,36,36,34,36,37,36,30,42,36,30,30,38,37,34,36,38,34,33,33,38,42,42,36,36,36,35,37,37,37,37,38,36,36,41,42,30,35,32,42,42,32,34,34,35,40,40,39,38,45,38,35,36,38,40,41,37,37,37,38,30,38,35,37,40,38,42,35,33,34,33,31,36,36,33,37,38,33,36,37,35,38,36,35,37,39,39,40,40,37,37,42,42,38,38,33,36,37,38,31,28,33,37,33,39,28,33,37,36,33,38,36,39,35,36,35,36,35,34,41,32,33,40,38,37,34,40,
41,39,35,36,39,38,40,39,39,36,39,42,38,38,42,34,35,36,32,35,32,43,35,33,34,33,36,36,33,33,36,43,39,41,37,32,36,39,37,37,39,40,38,34,39,35,37,40,35,39,33,35,34,33,39,39,33,36,39,39,35,34,40,38,30,31,29,41,42,31,39,42,39,39,40,38,35,38,37,32,37,36,38,34,43,37,36,41,39,40,35,43,29,42,29,37,38,35,35,35,39,35,39,38,37,33,35,34,33,34,35,31,32,31,42,32,43,42,34,42,38,32,37,38,39,42,42,31,30,41,39,37,35,38,37,38,37,42,32,31,32,32,36,38,34,38,38,37,34,34,37,42,33,35,34,36,36,37,38,40,39,39,36,41,39,37,31,34,34,43,34,37,34,35,37,36,36,38,36,38,37,37,37,41,38,40,34,38,38,31,31,35,40,37,39,42,37,35,36,37,34,40,33,39,37,37,42,36,37,38,38,38,39,36,40,41,37,40,41,41,40,38,37,39,40,34,38,38,28,32,34,27,39,39,40,40,36,37,36,39,39,41,40,38,37,40,40,36,34,41,32,31,40,38,35,36,
37,36,36,38,45,41,38,42,37,38,40,38,38,36,38,32,37,36,34,38,33,39,43,42,43,41,34,36,36,34,38,39,45,40,40,41,37,36,38,36,42,41,39,29,34,38,40,39,40,39,35,34,38,35,37,37,40,34,40,37,43,37,41,37,36,36,37,40,36,38,40,39,36,36,40,35,38,38,39,43,36,39,39,35,35,35,36,36,40,40,39,37,33,30,38,37,35,36,37,37,39,41,40,34,33,34,41,35,38,34,36,31,39,40,42,31,37,44,42,42,39,37,38,36,40,35,40,43,31,31,35,37,35,39,37,38,35,36,33,33,41,38,37,38,39,39,40,42,40,40,42,43,38,38,37,40,33,40,39,39,41,36,42,41,36,41,35,32,39,34,37,37,34,36,37,37,37,40,37,36,41,34,32,35,38,37,40,35,38,36,33,36,33,42,35,35,42,37,35,37,40,41,35,37,37,37,43,36,35,37,30,37,39,36,40,41,38,37,41,41,40,40,41,38,39,37,37,36,32,33,39,28,39,40,35,40,41,41,41,40,42,40,41,39,36,41,39,35,35,34,35,34,32,37,35,36,
40,41,36,43,46,46,37,42,38,37,40,38,40,40,39,39,35,37,37,36,32,40,35,39,39,42,38,38,37,36,37,38,39,39,40,41,43,41,42,44,40,42,42,38,30,35,40,40,36,36,41,35,39,38,36,37,38,38,40,34,43,35,37,39,41,39,36,37,36,42,40,40,35,37,37,40,38,38,35,37,36,39,36,38,37,38,32,40,39,41,38,38,37,35,29,39,37,36,33,33,37,37,41,42,40,38,35,42,36,36,36,38,40,40,37,40,42,38,41,36,43,37,41,42,37,39,35,41,39,38,42,39,38,40,38,35,36,36,43,40,42,41,39,39,39,40,39,41,42,41,39,39,39,41,41,41,38,37,33,31,40,40,42,42,41,41,37,35,37,37,38,38,43,36,39,35,36,32,31,40,41,39,33,33,40,40,41,39,36,38,37,34,40,38,44,35,34,43,44,36,36,42,35,39,36,40,36,39,39,34,41,40,39,39,40,35,39,39,43,40,42,40,41,39,38,38,39,38,35,34,32,39,41,42,42,38,38,41,42,41,38,41,36,42,36,41,40,36,37,36,36,34,36,37,36,38,
43,41,37,39,40,45,36,43,42,42,39,39,41,41,35,41,35,36,37,33,40,40,41,40,39,39,39,34,36,37,36,39,38,39,34,40,37,43,42,36,41,44,42,43,37,38,39,40,39,40,38,41,41,40,44,39,37,37,40,42,43,35,33,45,42,32,37,37,34,42,41,34,35,37,42,38,40,36,37,36,38,37,41,38,36,35,35,34,41,39,39,37,37,36,35,31,32,37,39,39,36,37,42,42,41,40,41,43,36,37,37,36,36,40,37,43,42,42,43,40,40,40,42,40,38,38,41,40,41,34,43,42,41,39,40,39,39,37,40,37,43,39,41,40,40,39,42,42,42,42,43,40,35,37,39,41,38,41,42,35,41,41,39,44,43,43,41,39,34,37,40,39,44,37,40,37,36,32,32,42,43,36,34,34,41,43,41,37,41,37,37,38,39,35,40,34,38,44,37,38,36,36,39,39,38,41,39,39,39,41,42,39,43,37,41,40,40,42,40,41,41,41,41,44,40,37,39,35,35,36,35,42,41,41,40,41,39,41,43,41,35,44,41,36,37,42,36,36,36,38,37,36,36,36,37,38,
43,42,39,39,45,45,43,44,44,42,35,42,41,38,36,40,37,35,38,34,35,40,40,40,41,43,45,40,38,37,41,42,40,42,35,38,40,39,39,37,38,40,42,41,43,38,40,34,39,39,39,39,43,40,39,41,38,41,38,37,38,40,34,44,46,43,40,35,35,36,43,35,35,40,43,42,39,43,44,38,36,41,42,35,37,36,36,38,35,40,39,34,38,41,37,32,32,32,32,33,39,39,43,39,43,40,42,41,36,36,37,40,40,39,40,42,43,43,41,40,34,40,41,39,39,42,40,42,41,41,35,42,43,40,41,39,39,39,40,36,36,43,41,42,41,42,35,43,39,41,44,39,36,37,37,39,39,38,37,34,34,34,41,49,40,40,39,40,38,38,37,41,39,45,39,42,42,40,45,41,43,33,34,35,42,41,41,36,38,38,38,38,42,44,40,39,48,38,39,39,36,36,38,41,38,38,36,36,39,40,40,39,40,39,42,36,34,44,40,41,41,43,37,44,41,44,38,35,36,36,36,42,37,39,37,40,46,42,49,42,44,42,38,39,39,38,38,35,41,37,38,41,36,39,38,40,
47,43,44,41,41,46,43,37,44,38,35,41,40,38,37,37,36,37,37,37,42,40,41,41,39,40,44,45,40,34,35,35,45,41,42,40,39,40,39,37,39,36,40,38,37,44,44,40,42,40,36,42,40,38,39,44,41,43,38,38,37,40,35,46,44,44,41,41,36,43,42,36,35,40,42,45,43,41,46,43,41,42,41,40,38,38,38,36,39,43,44,38,40,37,44,43,33,33,44,38,42,38,39,39,39,44,40,38,42,38,41,42,40,43,42,41,41,42,47,40,43,35,42,40,39,39,41,43,45,41,38,41,40,39,41,43,40,39,40,37,37,40,43,39,43,42,36,38,39,43,41,43,39,37,41,40,40,39,43,35,45,34,42,51,49,41,38,37,40,38,38,38,35,45,41,40,41,42,43,42,42,40,44,35,43,37,37,37,37,39,40,44,43,43,40,42,41,47,39,39,39,39,39,43,38,39,37,39,37,43,34,41,42,38,42,37,36,38,39,43,42,37,37,38,39,44,41,37,36,35,40,46,38,39,39,41,39,40,41,41,42,44,45,36,38,38,38,36,39,41,40,39,43,42,41,40,
47,41,42,43,39,42,41,35,44,45,39,42,40,41,42,39,41,38,36,39,37,42,42,39,35,40,40,41,38,39,41,35,35,37,41,42,43,38,45,39,38,37,38,39,38,45,43,44,39,37,37,43,37,39,38,43,45,41,38,43,41,42,38,46,48,43,44,40,43,37,40,43,37,41,45,43,44,42,43,46,43,41,45,40,40,39,42,43,39,44,41,37,40,39,40,45,45,44,42,38,39,39,37,39,41,41,41,40,45,37,42,43,43,42,43,40,42,42,38,42,44,36,45,40,40,40,41,43,47,41,41,39,39,40,41,45,40,40,46,38,39,41,41,42,43,40,38,38,39,37,43,41,48,39,44,46,41,40,39,39,38,41,35,40,42,50,41,39,38,39,38,38,41,42,41,41,40,44,43,38,38,39,42,43,44,41,36,38,39,37,39,44,43,45,42,41,42,41,40,37,43,38,39,39,38,41,37,37,39,37,37,41,41,41,41,38,40,36,40,33,42,37,42,39,38,41,46,40,42,37,37,38,38,39,37,46,37,47,38,42,43,43,40,40,38,39,38,43,40,38,41,39,42,44,43,43,
40,43,42,43,42,43,42,48,42,46,43,39,38,37,44,40,41,38,37,39,39,38,43,40,42,41,40,42,41,38,37,47,46,38,39,43,40,38,40,39,39,42,39,39,46,38,42,46,40,39,44,38,37,40,40,42,43,42,39,41,40,39,39,50,42,44,43,41,43,34,41,41,37,42,43,38,38,39,44,45,44,45,45,46,38,36,42,45,42,38,38,42,42,39,39,45,45,41,42,39,40,41,40,39,36,40,41,40,47,39,42,42,43,40,41,43,43,36,43,40,43,42,45,40,41,41,40,46,43,38,43,42,39,42,40,43,40,40,43,40,43,46,42,43,42,43,41,39,40,38,36,46,42,43,43,45,41,41,40,37,38,38,42,41,43,43,38,41,36,41,39,39,44,39,37,41,41,40,41,40,38,46,39,40,45,39,37,37,41,45,44,42,43,45,42,44,42,42,43,38,44,45,38,38,39,37,38,37,38,38,38,38,40,42,41,44,40,40,42,41,36,41,40,44,39,40,41,41,41,43,41,41,35,39,38,46,46,41,49,42,50,45,45,42,37,42,39,45,44,41,39,41,41,43,41,41,
47,45,45,43,41,44,39,36,49,40,38,40,42,46,38,40,42,39,46,40,38,46,43,41,41,41,43,42,42,44,39,48,46,47,49,43,39,39,40,43,39,39,40,40,41,40,44,46,41,44,43,42,38,38,41,42,41,43,42,39,42,41,43,39,44,49,43,42,50,37,41,42,43,43,44,43,44,40,38,45,46,45,46,45,41,41,38,46,42,38,39,42,41,44,48,40,43,46,42,40,46,41,42,37,40,38,37,48,39,39,46,39,43,54,42,43,40,38,38,47,40,43,43,44,46,43,41,46,47,43,43,45,41,39,43,46,45,40,45,44,44,44,43,43,43,45,45,39,43,42,38,47,47,46,39,41,39,43,42,41,40,38,43,42,38,44,41,41,42,38,40,40,44,39,43,38,42,41,43,41,41,46,43,42,41,46,42,38,42,43,46,46,43,43,42,40,45,43,38,40,39,44,41,39,37,40,41,42,38,40,39,45,39,47,45,46,41,43,40,42,42,37,37,41,45,40,41,42,42,41,42,41,42,36,40,39,37,38,50,41,39,42,43,42,41,41,46,47,46,43,45,42,42,41,41,41,
48,45,46,43,39,47,41,41,37,40,41,40,51,40,47,44,43,38,43,47,40,39,39,42,42,39,43,40,45,43,40,44,49,45,47,47,45,40,43,44,43,40,39,38,42,43,45,44,39,46,44,41,40,42,43,43,41,42,44,46,44,40,45,46,46,46,42,43,44,38,44,40,43,38,45,43,44,46,45,46,48,48,45,46,44,41,46,42,40,40,39,43,43,42,43,46,48,45,48,43,44,45,46,47,46,39,39,44,48,48,39,40,43,42,53,44,45,41,46,44,49,42,44,44,43,43,44,42,47,46,44,45,41,42,45,45,44,44,48,45,44,43,44,44,41,41,41,46,44,42,38,38,42,42,41,36,40,44,40,43,41,45,38,39,44,45,42,41,47,39,39,40,41,41,44,39,44,43,41,46,47,41,44,44,41,43,39,43,44,44,51,47,46,45,44,42,44,44,39,41,39,39,41,44,38,43,42,41,44,43,42,42,41,45,48,43,47,43,43,37,43,45,37,43,44,44,45,40,42,42,42,39,42,44,41,44,39,38,39,42,46,42,42,44,44,48,46,43,48,44,42,42,40,41,41,43,
49,46,49,44,41,47,41,40,46,41,42,38,41,51,49,47,45,44,45,47,44,45,41,46,43,45,47,43,45,41,45,45,45,46,40,47,45,42,45,45,46,40,39,39,43,42,46,43,40,45,45,47,42,43,42,44,45,43,45,44,45,40,45,45,47,45,46,48,46,44,44,45,42,49,39,41,44,42,48,50,50,49,42,44,46,48,47,41,41,43,40,46,42,43,44,45,49,44,45,44,46,47,46,38,45,44,39,45,45,45,41,40,54,41,54,53,48,42,48,45,43,43,47,44,46,44,44,45,44,42,45,45,43,44,42,46,43,44,44,46,45,49,41,42,42,43,42,46,45,45,45,43,42,39,37,37,38,41,40,41,42,43,39,38,40,46,42,50,44,43,45,48,46,45,40,40,45,44,42,43,47,41,42,38,45,41,41,44,41,42,44,43,47,43,46,43,42,40,40,40,44,42,40,40,40,40,41,44,44,40,41,42,46,45,45,42,43,44,44,44,38,38,45,37,42,44,42,45,41,45,42,40,42,48,44,40,39,39,43,39,45,42,43,43,43,43,44,41,41,46,41,43,41,42,42,43,
44,42,47,49,48,44,45,45,44,40,43,43,42,50,44,47,49,50,45,48,44,48,46,45,47,41,47,42,46,47,47,46,45,44,41,46,41,42,43,45,43,40,40,42,43,39,39,40,47,48,45,47,41,43,45,43,40,45,46,43,45,47,41,46,47,42,44,43,51,43,42,45,42,49,49,46,44,47,51,50,41,40,44,45,45,47,48,51,44,41,46,47,41,43,40,42,46,47,46,43,47,45,45,38,44,44,50,43,45,45,44,41,40,41,40,42,43,43,44,44,43,42,43,41,48,46,41,45,47,43,49,46,44,45,44,47,43,47,45,46,48,43,41,42,43,44,42,41,42,43,44,43,43,47,38,40,41,39,41,41,43,42,44,39,39,47,50,50,44,46,45,48,47,43,41,42,44,47,44,43,46,42,42,44,39,47,45,42,41,46,45,48,41,40,41,44,47,41,42,41,43,44,44,42,45,44,46,46,44,43,44,46,49,41,44,47,45,45,45,44,44,45,38,38,39,45,39,45,40,46,42,37,42,45,47,45,47,47,48,44,44,45,44,43,42,45,44,42,43,47,46,43,42,42,44,43,
42,45,42,47,50,44,44,46,45,45,45,50,48,50,45,45,49,50,50,48,44,47,45,47,47,40,41,43,46,43,45,46,46,43,42,50,44,41,44,43,45,43,42,44,46,43,39,38,40,46,42,46,44,41,47,46,47,40,43,48,47,46,42,42,48,43,42,45,42,45,43,42,43,42,49,45,45,42,45,51,50,43,44,46,46,46,44,43,44,44,43,44,43,47,41,47,44,46,47,48,46,48,45,48,50,52,51,43,49,46,44,42,41,42,41,47,44,44,47,44,44,45,44,45,49,47,45,45,45,43,49,46,42,44,46,41,49,43,45,46,46,45,43,42,42,38,44,45,43,41,42,44,42,48,43,41,41,50,40,39,47,41,45,42,51,47,48,45,44,45,44,46,47,43,40,41,40,41,41,48,46,47,42,47,48,46,45,42,42,43,43,50,42,46,38,42,43,43,45,44,44,44,45,42,47,46,43,46,44,47,47,47,47,48,44,44,48,45,45,47,43,45,44,37,38,40,38,41,42,44,41,46,43,47,48,43,45,42,49,49,41,42,45,44,46,48,45,47,45,48,45,46,42,47,47,46,
44,45,43,44,43,45,45,52,52,46,45,51,46,49,46,46,47,45,50,47,45,52,46,47,48,43,42,44,44,43,45,45,45,44,46,47,43,53,46,46,45,44,44,44,45,43,45,46,48,41,48,47,45,46,45,48,46,42,48,49,42,52,44,49,43,41,42,46,45,45,43,43,45,43,43,48,45,48,46,42,42,41,44,44,44,47,46,46,44,44,42,44,44,42,49,47,43,43,48,42,44,48,46,52,51,51,52,50,50,47,45,46,43,51,43,48,47,43,44,47,44,44,50,46,47,45,45,46,44,45,46,47,47,45,45,47,47,50,48,47,46,46,49,40,41,45,39,45,45,44,42,44,43,46,49,48,45,44,40,40,50,49,42,49,49,48,49,48,46,46,45,49,48,40,40,43,43,42,42,45,48,47,47,44,46,49,46,45,43,45,44,50,43,48,39,39,45,44,45,48,45,47,46,44,49,47,44,44,47,47,46,46,45,47,44,50,44,44,51,47,43,46,45,44,38,38,40,42,42,43,44,42,47,47,45,44,44,46,48,43,42,43,45,44,47,49,48,47,45,46,46,45,46,44,46,46,
47,44,49,45,45,45,49,52,52,52,50,48,48,48,47,43,51,50,49,44,50,51,52,51,42,44,43,45,42,49,44,50,47,47,49,44,47,47,43,42,45,45,45,45,46,46,48,49,49,42,47,52,46,46,46,49,47,49,47,50,51,48,41,45,43,44,46,45,46,47,45,45,45,47,46,45,47,47,49,51,42,43,46,43,45,46,48,46,47,45,49,43,46,42,49,44,46,44,48,47,44,46,47,52,52,53,51,51,46,47,51,48,46,45,50,49,51,47,47,45,46,44,42,46,48,46,45,46,45,45,52,47,46,48,47,46,46,46,45,47,45,44,45,47,43,45,46,47,46,49,47,45,44,44,46,44,46,46,45,44,51,42,42,45,44,50,46,50,48,47,44,48,49,43,41,45,45,43,47,45,47,45,48,45,48,48,47,46,47,47,51,47,44,47,48,47,45,45,44,49,45,47,49,45,44,48,46,46,45,47,47,49,46,48,48,44,50,50,44,42,45,44,46,45,44,39,45,46,46,43,45,48,47,47,46,46,45,44,46,51,44,44,43,48,46,50,49,53,54,49,46,45,44,44,43,47,
47,45,44,46,46,44,45,49,48,52,49,48,48,48,48,44,52,49,44,45,41,50,45,47,46,51,43,45,46,47,47,47,47,45,49,51,49,45,44,43,47,46,46,46,47,44,47,47,51,49,50,54,49,49,48,48,48,47,50,50,49,49,42,42,46,51,49,45,43,44,49,46,45,42,51,46,47,49,48,48,50,45,46,46,50,49,48,47,46,47,47,49,46,46,44,47,46,46,48,44,45,46,49,45,52,48,48,44,47,44,49,46,47,47,51,51,51,48,45,49,46,48,43,45,46,45,46,46,46,45,52,47,47,49,44,47,45,46,47,45,47,48,46,48,44,47,47,44,47,49,48,50,45,44,43,45,45,48,47,45,50,52,51,43,45,45,47,45,53,47,45,48,49,49,47,44,45,44,44,48,46,43,46,46,47,49,49,47,47,46,51,51,51,49,48,51,50,46,43,44,50,48,43,47,48,45,43,47,46,43,45,46,46,47,47,48,45,49,45,43,42,47,46,47,47,47,46,50,50,48,45,43,49,47,47,53,47,45,47,45,45,44,52,46,47,48,45,50,50,44,46,44,44,45,44,45,
51,47,46,47,46,51,45,50,50,48,49,50,49,50,50,49,51,43,45,44,42,45,44,48,47,51,44,44,45,47,49,49,45,45,44,47,51,46,44,49,47,47,48,45,47,49,47,46,47,48,49,46,54,50,48,50,49,45,45,44,46,50,43,43,48,50,48,51,51,51,47,48,45,55,52,51,48,48,49,49,51,51,45,51,50,47,48,50,48,47,47,48,51,48,49,45,49,46,46,47,43,47,47,50,47,52,48,45,48,45,45,44,48,49,49,45,53,49,46,50,50,44,45,47,46,46,47,47,45,43,51,49,48,48,51,50,48,48,45,48,48,44,46,46,45,44,48,41,42,49,49,45,45,45,43,45,47,45,45,47,51,52,50,50,47,46,48,46,47,47,49,47,47,47,48,45,45,47,44,49,48,49,46,51,48,50,54,50,50,53,50,51,51,49,43,43,50,51,43,45,45,48,44,51,48,46,44,45,45,44,46,46,50,47,49,48,45,51,51,49,43,47,49,50,49,47,46,46,51,46,46,47,46,49,48,48,46,51,45,45,43,52,52,51,44,48,46,52,51,44,49,45,47,45,45,47,
48,47,47,46,47,48,49,53,48,49,55,50,50,48,51,48,49,53,49,47,49,46,45,43,48,51,51,47,48,48,48,51,45,48,45,49,51,47,48,46,49,50,48,48,49,48,50,47,48,49,52,51,48,52,46,49,47,46,46,48,49,50,46,50,44,46,51,52,48,48,47,47,47,47,55,53,51,47,49,50,49,56,46,48,47,48,48,49,52,48,49,49,48,49,45,47,47,49,49,45,45,49,48,48,49,52,49,46,46,46,45,47,44,50,46,52,52,48,50,47,47,45,46,49,47,46,51,48,46,46,45,45,49,49,48,49,48,48,48,49,46,46,45,46,45,43,48,49,43,51,49,45,46,45,45,46,46,45,48,47,55,46,52,54,48,49,46,49,49,48,49,50,48,48,48,48,48,48,46,51,49,49,47,52,46,49,54,54,53,53,50,52,51,50,49,49,43,47,47,47,51,46,50,46,49,51,44,46,43,46,45,45,45,48,47,50,49,50,45,48,47,50,48,51,50,47,46,46,49,51,47,47,48,48,48,51,49,48,49,47,44,46,52,51,50,49,53,46,47,48,49,46,48,47,46,47,
52,48,44,50,46,49,48,45,53,50,55,47,49,49,52,49,50,54,49,50,50,45,45,50,52,52,51,48,46,50,48,50,44,45,54,47,52,47,49,46,48,51,50,49,50,47,50,46,45,51,48,48,49,50,51,49,48,54,52,47,47,48,46,50,51,46,46,47,51,48,48,49,50,47,50,55,46,48,48,50,47,50,55,48,52,48,48,47,48,49,51,49,49,50,49,49,51,50,49,46,46,50,48,53,51,49,48,48,47,46,46,47,49,45,47,46,53,51,50,48,48,46,47,47,47,51,50,48,48,53,47,47,50,50,51,50,52,46,48,48,47,49,47,45,47,47,45,49,50,52,49,52,49,49,47,45,48,47,48,56,47,46,54,46,54,49,49,46,50,48,49,47,52,51,48,49,50,48,47,45,49,50,47,48,49,49,50,50,54,52,51,53,52,48,51,50,47,49,47,48,50,47,51,50,50,52,51,48,53,49,45,46,49,49,45,53,51,51,48,49,48,48,48,49,46,48,50,47,50,51,51,47,49,50,49,51,49,51,52,51,50,48,50,52,49,47,49,50,47,51,51,46,49,48,45,47,
53,52,51,53,48,49,49,46,53,49,53,52,50,49,49,49,50,45,50,50,51,51,47,51,53,54,53,50,52,51,50,49,51,49,51,47,46,46,47,47,47,52,49,50,50,48,51,49,51,50,50,53,49,53,54,53,52,49,48,46,49,49,49,51,48,47,47,47,47,50,49,46,50,50,51,56,46,49,51,53,47,49,49,50,48,48,54,48,51,49,49,50,49,49,50,48,49,53,47,47,48,52,48,53,52,50,49,47,48,48,47,48,49,50,48,50,53,46,51,51,49,51,51,48,47,51,49,52,49,46,54,48,47,46,50,50,50,47,50,49,51,48,50,47,48,49,48,52,47,51,51,50,49,50,46,49,48,47,46,48,56,49,47,54,47,51,50,52,47,53,52,47,46,52,53,52,49,50,50,52,47,46,48,48,49,48,49,52,51,52,52,52,49,49,48,51,48,50,49,46,52,47,49,49,51,52,47,48,49,46,50,46,47,49,53,51,53,53,52,49,49,49,50,52,52,50,50,51,47,51,52,51,52,49,51,49,44,51,51,51,49,49,50,50,50,47,51,50,49,48,49,46,47,45,46,48,
54,52,52,52,52,52,50,48,54,50,55,52,50,50,50,49,49,49,51,53,52,52,52,51,51,48,51,54,48,45,51,46,50,50,50,48,49,52,49,48,47,48,51,53,52,52,49,49,53,52,52,50,50,54,53,50,56,51,49,52,49,51,50,51,49,50,48,47,47,50,49,50,47,47,49,53,47,47,52,50,48,50,48,48,49,52,53,52,46,52,50,50,50,49,50,48,48,50,52,48,49,49,53,52,52,51,51,50,50,49,52,49,51,50,49,50,50,53,48,52,47,49,47,52,49,50,50,50,49,48,55,53,48,51,51,48,50,51,50,51,51,51,51,52,49,49,48,51,50,52,53,51,51,52,51,50,48,47,49,50,53,49,49,46,50,52,50,53,49,53,47,53,47,51,48,52,51,50,48,53,47,49,49,49,52,49,50,52,50,53,54,53,51,49,55,50,50,53,49,50,53,49,50,53,50,46,52,48,50,51,51,49,47,48,46,53,54,54,49,51,50,49,50,47,49,51,52,52,53,51,48,52,55,53,54,53,52,49,49,52,51,49,50,52,51,51,51,51,48,49,53,47,48,46,47,47,
54,54,55,52,53,53,52,51,50,49,51,52,52,50,47,50,50,51,53,54,50,54,53,50,50,49,53,54,53,47,45,46,52,51,53,51,51,52,49,50,45,55,51,54,50,50,50,47,55,50,49,50,50,55,51,50,51,51,50,51,52,50,49,50,52,48,51,49,50,51,50,53,54,53,52,52,51,50,53,51,48,52,50,48,52,52,49,53,46,50,51,48,53,51,50,49,49,52,51,51,47,54,53,46,53,49,54,49,51,51,49,50,47,49,50,51,49,49,52,50,51,50,53,49,52,47,47,47,49,48,51,53,52,51,51,55,50,52,48,52,52,53,52,50,51,49,50,51,53,51,55,50,48,51,52,49,52,51,49,51,50,50,52,49,50,48,50,51,48,52,51,48,49,51,51,51,52,48,50,49,50,50,51,50,51,51,55,53,50,54,53,50,52,50,47,51,50,51,53,50,51,50,50,49,50,47,51,52,49,49,49,50,51,48,49,49,54,53,52,51,52,52,50,50,52,51,53,52,53,53,52,53,48,55,50,49,49,46,51,48,52,47,47,51,51,51,52,48,50,48,50,50,51,49,47,48,
50,53,51,53,54,54,52,49,49,49,52,50,53,54,53,48,49,49,49,54,51,51,54,53,50,52,53,53,51,50,52,52,52,52,51,52,51,50,50,52,46,51,55,55,50,54,56,48,55,51,47,51,47,47,54,51,53,49,53,53,52,51,49,52,50,53,52,50,50,49,51,49,54,54,53,53,52,57,52,53,53,53,49,51,48,52,50,51,47,52,50,52,54,52,52,51,53,53,48,48,48,55,54,50,47,53,51,51,51,51,46,48,48,53,53,52,49,50,51,50,51,52,54,52,50,47,50,54,49,49,50,52,49,53,49,55,55,53,53,50,53,53,48,51,54,49,50,55,52,53,52,51,57,52,51,49,49,52,52,50,50,51,52,50,53,48,53,52,54,50,51,54,49,53,53,49,52,47,46,51,52,51,51,51,52,49,52,55,50,54,54,54,50,48,48,51,48,48,49,48,51,51,53,55,51,53,51,52,53,49,49,53,53,52,52,51,51,54,47,52,53,52,54,50,47,54,54,49,51,52,54,55,49,51,51,49,49,55,52,47,54,47,50,51,52,50,52,48,50,49,48,52,51,48,48,50,
51,50,52,52,51,52,54,53,53,48,51,51,50,53,50,51,54,49,50,49,51,50,50,52,52,52,54,48,48,51,51,47,47,50,50,54,52,51,51,49,52,50,51,55,51,55,52,55,55,54,52,48,50,47,48,53,54,53,53,53,52,50,53,53,50,48,54,52,51,51,56,50,55,54,54,55,53,57,53,50,53,54,48,52,51,52,51,52,52,53,52,52,53,52,52,52,54,52,54,49,49,51,51,52,52,52,54,51,50,47,50,50,53,54,53,52,53,53,52,50,51,53,53,51,53,48,53,55,54,54,51,54,50,52,55,50,52,51,54,51,54,50,49,52,52,55,52,52,52,49,56,52,57,57,53,52,51,52,53,51,50,51,51,50,51,55,52,55,55,47,52,52,53,51,51,53,52,48,52,55,52,53,51,52,53,51,54,55,49,50,50,55,54,54,49,50,50,50,49,49,54,52,53,56,52,50,52,52,50,52,50,50,52,51,48,52,51,53,54,53,54,53,55,54,51,56,54,50,52,50,53,50,50,55,51,50,50,52,52,51,53,53,50,50,50,52,52,50,50,49,49,51,52,50,49,50,
52,54,52,53,53,55,51,52,52,52,52,52,52,53,50,51,55,50,53,52,51,53,51,51,53,52,53,48,51,49,49,53,52,48,53,54,53,56,53,53,52,50,52,52,55,57,51,52,53,56,52,51,51,52,49,52,54,54,54,53,52,50,51,52,54,49,55,52,51,52,52,51,51,57,55,50,54,54,54,56,51,51,51,52,52,52,53,50,53,54,50,51,53,53,55,54,55,51,52,47,49,57,52,53,52,53,51,54,51,54,48,55,52,52,54,52,51,54,51,57,51,55,51,54,54,50,48,55,52,55,52,52,55,52,53,55,50,53,51,53,55,53,49,53,53,53,54,56,52,50,52,52,52,52,53,53,55,57,52,57,51,54,55,51,53,53,54,53,49,48,48,55,54,56,50,53,50,51,53,53,51,55,54,52,54,54,52,52,51,51,50,51,52,55,52,51,51,51,52,56,52,54,52,54,53,51,52,52,53,54,51,53,52,51,52,52,53,54,50,54,54,51,54,55,53,55,52,51,52,51,52,50,51,51,55,50,52,54,53,53,49,49,50,53,50,53,53,52,51,51,50,53,52,51,51,50,
55,55,54,52,55,53,52,54,54,52,52,57,53,52,54,51,55,53,53,57,53,53,51,54,53,52,53,52,49,52,51,50,55,52,51,53,53,56,53,54,53,52,57,53,51,55,58,54,55,55,51,53,52,53,51,52,51,54,55,52,55,54,51,53,51,54,55,52,52,52,51,50,51,53,54,55,57,54,54,55,51,52,51,52,51,55,56,51,51,53,57,53,52,53,53,54,55,52,52,54,52,50,54,57,55,53,53,53,50,55,55,54,55,53,53,53,52,53,51,55,56,55,52,53,55,51,54,50,53,52,58,55,52,52,52,55,51,52,54,54,55,55,53,56,56,54,55,54,56,53,51,53,53,53,53,54,52,52,56,53,57,57,53,54,54,54,55,51,52,50,55,54,50,52,51,55,50,49,54,55,51,54,48,53,55,54,53,52,54,53,52,52,53,54,55,52,51,52,52,55,56,53,53,56,55,52,54,52,55,54,54,53,51,52,51,51,52,52,55,54,52,52,53,56,53,56,52,52,54,56,50,54,51,53,56,52,53,53,56,58,54,50,51,50,53,51,55,52,53,53,53,54,53,52,53,51,
55,56,55,54,53,54,53,54,53,55,53,57,54,52,53,52,55,54,53,54,53,56,52,55,52,52,54,52,53,53,52,57,55,53,52,55,55,51,56,55,53,54,52,52,52,54,56,55,55,55,55,58,53,53,55,52,52,50,51,53,52,51,54,53,53,55,56,51,55,55,51,51,54,54,55,56,54,52,57,56,52,57,53,56,54,52,56,56,53,56,54,54,54,53,53,54,55,53,53,53,53,51,54,54,54,53,53,54,56,51,56,55,54,54,56,54,53,56,52,56,55,57,54,54,51,51,54,54,51,53,56,52,56,52,52,57,52,52,56,53,53,55,55,57,55,57,52,55,56,56,53,54,53,51,53,52,54,53,56,58,54,58,59,58,55,54,54,55,56,53,55,58,55,54,53,54,54,52,54,55,52,55,57,49,56,55,52,52,53,54,55,53,54,54,54,56,54,52,55,56,53,56,54,54,52,53,54,53,54,57,55,52,53,54,52,53,52,52,55,57,56,53,54,50,55,55,53,51,55,56,56,54,55,55,56,52,58,53,56,59,57,53,57,51,52,54,55,56,53,53,53,55,54,53,53,54,
56,56,53,55,55,55,56,56,56,54,54,55,57,57,54,54,54,54,57,55,58,57,56,57,52,53,57,58,55,56,53,56,57,57,53,53,56,54,52,52,55,54,55,55,53,57,54,56,56,55,57,51,55,53,53,51,53,51,58,53,56,53,52,54,55,51,58,53,52,56,56,55,55,55,54,55,54,55,58,57,52,53,55,53,58,58,57,55,53,53,54,55,55,53,54,53,55,55,53,53,55,53,51,54,58,54,53,55,52,58,55,57,54,56,54,53,56,58,55,55,53,56,55,53,55,54,57,54,55,58,54,56,52,52,53,58,53,56,56,53,54,55,55,58,56,57,57,56,55,55,56,54,53,54,52,54,53,53,57,55,56,54,59,54,53,55,54,55,54,53,54,55,56,51,54,57,55,50,53,53,54,56,57,50,55,57,54,52,53,55,54,56,55,55,54,55,55,53,51,53,53,54,56,55,56,53,54,53,57,54,57,54,54,54,55,55,55,54,53,55,58,56,55,56,53,54,54,53,56,52,55,56,56,54,55,55,57,52,56,57,56,55,57,57,54,54,58,55,54,55,55,54,54,54,54,55,
56,58,57,57,58,56,58,58,55,53,57,55,52,54,55,55,57,55,57,54,52,57,55,54,57,53,53,58,58,56,55,57,57,54,55,53,54,55,55,53,54,54,55,55,56,57,55,55,56,55,54,54,52,53,57,55,51,52,58,54,54,57,53,55,54,52,55,53,54,53,55,55,55,56,57,56,55,57,54,57,57,53,54,54,58,57,57,56,55,55,60,56,58,55,55,54,56,55,55,53,54,54,54,57,56,59,57,59,57,58,56,56,55,55,55,55,56,55,54,54,53,54,55,56,56,57,55,54,53,53,58,55,56,55,52,55,55,54,55,52,54,56,54,55,57,55,55,55,56,56,53,55,54,56,56,54,55,55,54,58,55,59,55,53,57,53,54,53,55,55,56,56,55,55,52,55,55,56,55,54,54,54,53,58,53,53,55,56,56,54,54,57,57,57,54,57,56,56,55,53,54,54,55,51,54,54,55,56,55,57,55,55,55,55,56,54,55,56,58,54,55,56,55,56,54,53,55,53,55,56,56,58,56,54,55,56,56,56,56,57,57,55,52,58,55,54,58,58,56,56,54,57,55,56,56,54,
54,55,55,59,57,58,58,58,54,57,54,55,54,55,56,58,58,56,54,55,59,55,56,56,56,58,55,59,59,59,57,56,58,55,53,56,57,54,54,57,58,55,55,54,55,58,57,53,52,55,56,54,56,56,57,54,57,52,59,55,56,58,57,57,56,55,54,57,55,55,58,57,56,55,56,54,58,58,56,56,60,56,56,56,59,56,58,56,55,55,58,56,62,60,55,56,56,57,56,59,54,58,55,55,56,57,56,57,58,58,58,57,56,56,58,55,56,56,55,55,56,55,56,56,56,57,55,55,56,55,56,58,57,58,54,53,56,55,55,53,53,53,55,56,57,57,55,57,56,56,54,55,54,57,56,55,55,54,56,57,56,57,57,56,58,59,55,54,54,57,57,57,57,54,56,56,57,57,56,56,56,54,55,54,59,58,57,56,57,55,56,57,55,57,57,55,55,56,55,54,54,56,55,52,58,57,56,57,56,57,57,58,56,56,56,61,58,55,56,59,57,59,56,60,55,54,54,55,53,56,55,57,58,56,54,58,57,57,54,56,58,56,57,55,54,57,56,54,55,57,57,57,55,57,56,55,
55,55,57,56,57,57,58,56,57,59,55,54,55,54,56,56,59,59,56,56,57,57,57,57,57,55,56,59,56,59,58,57,54,55,57,54,53,57,55,56,58,58,56,57,56,53,59,54,56,58,57,57,57,57,58,56,55,58,57,57,56,55,56,57,57,57,59,58,55,58,57,56,55,56,56,54,54,57,58,60,60,55,56,55,56,56,56,59,56,56,58,56,57,61,56,57,57,56,57,57,55,57,57,55,58,57,56,57,54,55,57,59,57,57,56,55,57,55,57,58,59,56,55,55,57,60,59,57,55,55,56,56,57,55,55,54,55,58,54,55,58,59,58,56,57,57,57,57,59,56,58,55,56,55,55,55,54,58,54,58,56,58,58,57,57,59,56,55,55,55,57,58,59,57,55,57,57,56,56,57,58,55,56,55,56,55,57,57,59,58,55,58,59,58,57,57,55,56,60,57,55,56,55,54,54,56,59,58,55,58,56,58,59,57,56,61,58,56,58,59,56,58,56,57,61,55,55,57,56,57,56,56,58,56,55,57,58,57,58,58,57,56,56,56,56,56,56,55,55,59,56,55,56,56,58,56,
59,59,56,55,56,59,56,57,57,59,57,57,55,57,56,59,60,56,57,56,59,57,55,58,58,58,58,56,61,59,59,59,57,55,57,55,61,57,57,59,57,58,56,57,58,59,58,58,57,58,57,56,56,59,58,57,56,55,54,60,57,57,57,57,57,57,56,56,56,56,58,57,56,57,55,55,55,58,58,57,57,60,56,61,57,57,59,60,58,60,59,57,59,58,59,56,58,56,57,57,60,58,57,61,56,58,58,55,60,63,60,55,59,58,58,56,56,57,58,58,58,59,58,56,57,59,60,57,55,55,58,57,60,58,57,59,55,59,59,57,57,57,60,58,58,57,56,58,60,59,56,54,58,56,56,56,57,58,60,55,58,57,58,57,58,56,56,56,56,56,54,59,59,61,56,59,55,56,58,56,59,58,59,58,56,57,60,58,59,56,56,59,56,59,60,56,56,57,57,58,55,55,55,57,56,57,56,55,56,55,56,58,57,58,57,58,61,58,57,58,57,58,58,57,57,57,57,59,56,57,58,56,58,57,57,58,58,58,59,59,58,57,58,57,57,57,57,57,57,60,58,57,57,58,58,58,
59,59,58,57,56,57,58,63,57,58,55,58,58,57,57,57,60,57,57,57,57,60,56,56,56,58,58,57,57,58,59,57,59,58,58,56,61,57,59,58,56,57,57,57,60,60,60,59,57,57,59,58,57,57,57,58,59,60,60,59,59,57,58,58,58,58,58,56,56,58,58,56,57,60,59,57,56,60,59,58,56,58,60,57,58,61,59,59,59,59,60,60,59,59,57,60,58,58,59,57,58,60,58,59,57,56,56,58,57,59,61,57,58,60,58,57,57,58,58,58,57,58,58,56,57,57,60,58,60,56,56,57,58,59,58,56,58,59,60,58,56,58,58,58,56,58,57,57,57,56,62,57,59,59,57,57,56,59,59,58,55,56,58,57,57,58,57,57,59,57,55,58,59,60,58,57,57,57,57,57,57,57,58,59,59,59,58,56,60,59,59,57,60,59,60,58,58,58,56,60,59,57,56,58,58,58,57,58,57,56,58,58,58,60,57,59,58,59,60,58,59,58,57,56,57,60,58,57,59,57,55,57,58,58,62,58,57,59,57,61,57,59,57,57,56,58,55,58,56,59,57,61,59,59,59,58,
57,59,59,58,57,59,60,57,57,58,58,60,56,58,57,60,60,60,59,59,58,59,60,60,57,60,58,61,59,59,60,58,58,59,58,59,59,57,59,60,58,59,58,57,58,57,60,59,58,57,57,60,57,58,57,59,57,61,58,61,58,60,59,61,59,59,58,58,57,62,60,57,58,59,60,57,59,57,59,59,59,58,58,59,60,60,58,59,58,60,60,61,61,57,58,59,58,59,59,58,60,59,60,58,58,58,58,57,60,59,59,57,59,59,60,58,58,58,58,60,58,57,58,57,60,59,59,59,60,56,56,58,58,56,57,58,59,60,57,59,58,57,58,59,60,59,58,60,61,60,62,58,58,58,58,57,57,63,61,57,58,60,57,59,57,57,58,59,59,56,56,60,57,60,59,59,57,61,60,57,58,58,58,59,58,60,59,58,59,60,59,59,61,58,58,58,57,59,58,60,60,61,59,59,59,57,60,59,58,57,58,58,58,57,61,58,59,59,61,59,58,59,59,58,57,60,61,57,58,59,58,58,56,58,58,60,59,59,57,58,58,58,57,58,58,59,57,58,59,60,59,58,59,58,60,59,
58,58,58,59,59,62,59,60,58,58,59,59,60,62,58,59,58,60,59,60,60,59,57,60,60,59,59,60,59,59,60,60,57,58,60,60,58,58,59,59,60,59,58,58,59,60,58,60,60,61,58,59,60,58,58,61,61,58,59,59,61,59,60,60,61,61,59,59,58,62,59,58,60,61,59,61,60,57,59,59,59,59,59,59,60,61,61,59,61,61,61,60,58,58,59,59,60,59,59,58,61,59,60,58,58,59,59,58,60,61,60,58,58,58,59,59,57,59,59,60,60,59,61,60,60,59,59,60,61,59,60,62,58,62,58,61,61,60,61,59,59,61,60,60,60,59,59,60,61,59,61,59,61,60,58,58,61,63,59,59,59,59,61,59,58,58,60,60,58,59,59,60,60,58,59,59,58,61,58,59,60,61,58,60,58,61,59,60,59,59,59,60,62,63,59,59,59,58,59,60,58,61,62,61,59,60,59,59,58,58,59,59,61,58,60,59,58,62,61,61,59,58,61,60,59,61,59,59,59,58,61,58,57,58,59,61,59,59,60,59,58,61,57,58,59,58,58,58,58,58,59,59,59,60,58,57,
58,59,58,61,60,60,60,60,62,59,59,60,61,58,59,61,60,61,60,58,60,58,61,60,60,60,60,60,61,60,60,59,59,61,61,61,61,58,60,58,59,60,60,59,59,61,59,61,60,62,60,61,60,59,61,61,58,62,59,60,61,61,62,60,61,60,61,59,60,61,61,60,61,61,58,61,60,58,59,60,58,58,58,61,60,62,60,61,61,61,60,60,62,59,59,60,60,60,59,60,60,61,58,58,59,60,60,60,60,60,59,60,60,59,61,60,59,59,59,60,61,60,59,61,60,60,61,60,61,60,59,59,61,61,62,59,60,61,59,60,58,61,60,60,59,61,60,61,59,60,59,59,61,59,61,59,59,61,60,60,62,62,62,61,60,59,60,60,59,60,61,61,61,60,59,60,59,61,60,62,59,60,60,62,60,60,62,60,61,61,61,60,59,61,60,59,59,62,58,60,62,59,59,62,60,59,59,60,61,59,58,59,63,61,59,60,62,63,62,60,59,59,60,62,61,59,58,60,59,59,60,60,59,62,58,59,60,60,61,61,59,60,60,58,60,59,58,58,59,59,59,59,60,60,60,60,
60,61,60,61,61,61,60,62,61,62,62,59,59,61,60,61,61,61,61,61,62,59,61,61,60,62,59,61,61,61,61,60,61,62,60,61,62,61,61,62,60,60,62,61,60,62,60,60,62,63,60,62,61,61,60,60,59,60,61,62,60,61,60,61,61,61,61,61,60,60,63,61,60,60,60,61,60,59,62,60,60,61,59,60,62,61,61,60,60,60,61,60,63,61,62,60,59,59,60,60,61,62,60,59,59,60,60,60,60,60,60,60,61,60,60,61,60,61,59,62,60,60,61,61,60,62,61,62,62,62,60,61,61,62,62,61,60,60,59,61,59,61,60,60,60,59,62,59,61,61,60,61,61,62,61,61,62,60,61,60,60,61,63,61,61,62,61,60,60,61,60,63,62,61,61,62,61,59,60,61,59,62,61,63,60,61,61,62,61,61,60,61,61,60,61,61,60,61,62,60,62,61,61,63,61,61,60,60,61,59,62,60,61,64,60,60,62,60,63,60,60,62,60,60,61,61,61,59,59,61,63,61,60,60,61,60,60,60,60,60,59,63,61,59,60,61,59,59,60,60,60,60,63,62,61,61,
63,61,61,61,62,61,60,60,61,63,61,61,63,60,61,61,61,60,63,61,61,61,62,62,61,61,60,60,61,60,62,61,62,61,60,62,62,61,61,62,63,62,60,61,62,60,63,61,60,60,63,61,60,61,62,62,61,63,62,60,62,63,61,61,62,63,62,62,62,60,64,61,61,62,62,61,61,62,61,61,61,62,61,63,62,63,62,60,61,61,61,62,61,63,62,62,61,63,62,62,62,63,62,61,63,61,61,61,61,61,61,61,62,62,60,61,61,61,62,60,60,60,61,61,60,62,62,62,62,61,61,62,61,62,63,62,61,62,60,60,60,62,60,60,61,60,60,62,60,60,61,62,61,62,62,63,61,61,61,62,61,61,64,62,62,63,61,62,61,62,61,61,60,61,61,62,60,60,62,62,60,61,60,62,63,61,62,62,61,61,61,62,60,62,61,61,61,62,62,60,62,61,61,61,61,60,61,61,60,61,60,62,60,60,61,62,64,60,61,62,61,61,61,62,61,62,60,62,60,61,63,61,60,62,62,61,60,61,60,61,62,61,62,61,60,62,61,60,61,63,60,60,63,61,61,62,
62,62,63,63,62,62,61,61,63,61,62,63,62,64,62,61,62,61,62,61,63,61,62,61,63,62,62,62,63,62,64,62,62,62,62,62,61,62,61,61,62,62,62,63,62,61,62,62,63,61,61,61,62,63,62,63,62,63,62,61,62,61,63,61,61,62,63,62,63,63,61,61,62,62,62,63,62,62,62,62,63,62,62,62,62,62,63,61,62,62,61,62,62,61,61,62,61,63,61,62,62,63,63,64,63,61,62,62,62,61,63,62,61,63,61,62,63,62,64,61,61,61,61,61,62,61,61,62,61,61,63,61,64,62,63,64,61,62,63,62,62,61,63,62,61,61,62,62,63,62,61,62,62,62,63,62,63,63,62,63,61,61,62,63,63,62,62,61,62,61,62,61,62,63,62,63,63,62,61,62,63,62,61,62,62,61,63,62,62,62,63,62,61,61,62,62,61,64,63,62,63,62,63,62,62,61,61,61,61,62,62,62,61,63,62,61,63,61,62,62,63,61,62,62,62,62,63,63,61,61,61,62,61,64,62,62,63,62,61,62,61,62,63,62,62,62,61,62,61,62,63,62,62,62,61,61,
62,63,63,64,63,63,64,64,63,63,62,63,63,62,63,64,62,63,64,63,62,63,62,62,62,62,63,62,62,62,63,63,62,63,63,62,64,62,63,64,62,63,63,62,64,62,64,63,63,63,62,62,62,64,63,62,62,62,62,64,62,62,64,63,64,63,63,63,64,62,63,62,62,63,64,62,62,62,62,62,62,63,63,63,64,63,63,62,62,63,63,63,62,62,63,63,62,62,63,63,62,63,62,63,62,63,63,63,62,62,64,63,62,64,63,62,62,62,64,64,62,63,62,63,62,63,62,62,63,64,62,62,62,62,63,63,63,62,62,62,62,63,64,62,63,63,62,63,63,63,62,63,62,64,63,63,62,62,63,62,62,62,63,63,63,62,62,63,62,63,63,62,62,63,63,62,62,63,63,63,63,63,62,62,63,63,63,62,64,63,63,63,63,63,62,62,62,62,62,62,63,62,62,63,63,62,62,62,62,62,63,63,62,63,62,62,63,63,63,62,62,63,63,63,63,63,62,62,62,63,63,63,63,63,63,63,63,63,64,63,62,62,63,62,62,62,63,64,62,64,63,63,63,62,62,62,
63,64,64,63,63,63,63,64,63,63,64,63,63,63,63,63,63,63,63,64,64,64,64,64,63,63,63,64,63,63,64,63,63,63,64,64,64,64,64,64,64,63,64,63,63,63,63,63,63,63,63,64,63,63,64,64,63,63,63,63,64,63,63,64,64,64,64,63,63,63,63,63,64,64,63,63,63,63,63,63,63,63,63,63,63,63,63,64,64,64,63,64,63,63,63,63,64,63,64,64,64,64,63,64,64,63,63,64,63,63,63,63,63,64,63,63,64,64,63,64,63,63,64,63,63,63,63,63,63,63,63,64,63,63,63,64,63,64,64,63,63,63,63,63,63,64,63,63,63,63,63,63,64,63,63,63,64,63,63,63,63,63,64,63,63,63,63,63,63,63,63,63,63,63,63,63,64,64,64,63,63,63,64,64,64,63,63,63,63,63,64,63,64,64,63,63,64,63,63,64,63,63,64,64,64,63,63,63,63,63,63,63,63,64,63,63,63,63,63,63,63,64,63,64,64,63,63,63,63,63,64,63,63,63,63,63,63,64,63,64,64,63,63,63,64,63,63,63,64,64,64,64,63,64,63,63,
64,64,64,64,64,64,64,64,64,64,64,64,64,64,64,64,64,64,64,64,64,64,64,64,64,64,64,64,64,64,64,64,64,64,64,64,64,64,64,64,64,64,64,64,64,64,64,64,64,64,64,64,64,64,64,64,64,64,64,64,64,64,64,64,64,64,64,64,64,64,64,64,64,64,64,64,64,64,64,64,64,64,64,64,64,64,64,64,64,64,64,64,64,64,64,64,64,64,64,64,64,64,64,64,64,64,64,64,64,64,64,64,64,64,64,64,64,64,64,64,64,64,64,64,64,64,64,64,64,64,64,64,64,64,64,64,64,64,64,64,64,64,64,64,64,64,64,64,64,64,64,64,64,64,64,64,64,64,64,64,64,64,64,64,64,64,64,64,64,64,64,64,64,64,64,64,64,64,64,64,64,64,64,64,64,64,64,64,64,64,64,64,64,64,64,64,64,64,64,64,64,64,64,64,64,64,64,64,64,64,64,64,64,64,64,64,64,64,64,64,64,64,64,64,64,64,64,64,64,64,64,64,64,64,64,64,64,64,64,64,64,64,64,64,64,64,64,64,64,64,64,64,64,64,64,64,