[64, 256, 128]
0,0,0,0,0,0,0,0,0,0,0,0,0,0,0,0,0,0,0,0,0,0,0,0,0,0,0,0,0,0,0,0,0,0,0,0,0,0,0,0,0,0,0,0,0,0,0,0,0,0,0,0,0,0,0,0,0,0,0,0,0,0,0,0,0,0,0,0,0,0,0,0,0,0,0,0,0,0,0,0,0,0,0,0,0,0,0,0,0,0,0,0,0,0,0,0,0,0,0,0,0,0,0,0,0,0,0,0,0,0,0,0,0,0,0,0,0,0,0,0,0,0,0,0,0,0,0,0,0,0,0,0,0,0,0,0,0,0,0,0,0,0,0,0,0,0,0,0,0,0,0,0,0,0,0,0,0,0,0,0,0,0,0,0,0,0,0,0,0,0,0,0,0,0,0,0,0,0,0,0,0,0,0,0,0,0,0,0,0,0,0,0,0,0,0,0,0,0,0,0,0,0,0,0,0,0,0,0,0,0,0,0,0,0,0,0,0,0,0,0,0,0,0,0,0,0,0,0,0,0,0,0,0,0,0,0,0,0,0,0,0,0,0,0,0,0,0,0,0,0,0,0,0,0,0,0,
0,0,0,0,0,0,0,0,0,0,0,0,0,0,0,0,0,0,0,0,0,0,0,0,0,0,0,0,0,0,0,0,0,0,0,0,0,0,0,0,0,0,0,0,0,0,0,0,0,0,0,0,0,0,0,0,0,0,0,0,0,0,0,0,0,0,0,0,0,0,0,0,0,0,0,0,0,0,0,0,0,0,0,0,0,0,0,0,0,0,0,0,0,0,0,0,0,0,0,0,0,0,0,0,0,0,0,0,0,0,0,0,0,0,0,0,0,0,0,0,0,0,0,0,0,0,0,0,0,0,0,0,0,0,0,0,0,0,0,0,0,0,0,0,0,0,0,0,0,0,0,0,0,0,0,0,0,0,0,0,0,0,0,0,0,0,0,0,0,0,0,0,0,0,0,0,0,0,0,0,0,0,0,0,0,0,0,0,0,0,0,0,0,0,0,0,0,0,0,0,0,0,0,0,0,0,0,0,0,0,0,0,0,0,0,0,0,0,0,0,0,0,0,0,0,0,0,0,0,0,0,0,0,0,0,0,0,0,0,0,0,0,0,0,0,0,0,0,0,0,0,0,0,0,0,0,
0,0,0,0,0,0,0,0,0,0,0,0,0,0,0,0,0,0,0,0,0,0,0,0,0,0,0,0,0,0,0,0,0,0,0,0,0,0,0,0,0,0,0,0,0,0,0,0,0,0,0,0,0,0,0,0,0,0,0,0,0,0,0,0,0,0,0,0,0,0,0,0,0,0,0,0,0,0,0,0,0,0,0,0,0,0,0,0,0,0,0,0,0,0,0,0,0,0,0,0,0,0,0,0,0,0,0,0,0,0,0,0,0,0,0,0,0,0,0,0,0,0,0,0,0,0,0,0,0,0,0,0,0,0,0,0,0,0,0,0,0,0,0,0,0,0,0,0,0,0,0,0,0,0,0,0,0,0,0,0,0,0,0,0,0,0,0,0,0,0,0,0,0,0,0,0,0,0,0,0,0,0,0,0,0,0,0,0,0,0,0,0,0,0,0,0,0,0,0,0,0,0,0,0,0,0,0,0,0,0,0,0,0,0,0,0,0,0,0,0,0,0,0,0,0,0,0,0,0,0,0,0,0,0,0,0,0,0,0,0,0,0,0,0,0,0,0,0,0,0,0,0,0,0,0,0,
0,0,0,0,0,0,0,0,0,0,0,0,0,0,0,0,0,0,0,0,0,0,0,0,0,0,0,0,0,0,0,0,0,0,0,0,0,0,0,0,0,0,0,0,0,0,0,0,0,0,0,0,0,0,0,0,0,0,0,0,0,0,0,0,0,0,0,0,0,0,0,0,0,0,0,0,0,0,0,0,0,0,0,0,0,0,0,0,0,0,0,0,0,0,0,0,0,0,0,0,0,0,0,0,0,0,0,0,0,0,0,0,0,0,0,0,0,0,0,0,0,0,0,0,0,0,0,0,0,0,0,0,0,0,0,0,0,0,0,0,0,0,0,0,0,0,0,0,0,0,0,0,0,0,0,0,0,0,0,0,0,0,0,0,0,0,0,0,0,0,0,0,0,0,0,0,0,0,0,0,0,0,0,0,0,0,0,0,0,0,0,0,0,0,0,0,0,0,0,0,0,0,0,0,0,0,0,0,0,0,0,0,0,0,0,0,0,0,0,0,0,0,0,0,0,0,0,0,0,0,0,0,0,0,0,0,0,0,0,0,0,0,0,0,0,0,0,0,0,0,0,0,0,0,0,0,
0,0,0,0,0,0,0,0,0,0,0,0,0,0,0,0,0,0,0,0,0,0,0,0,0,0,0,0,0,0,0,0,0,0,0,0,0,0,0,0,0,0,0,0,0,0,0,0,0,0,0,0,0,0,0,0,0,0,0,0,0,0,0,0,0,0,0,0,0,0,0,0,0,0,0,0,0,0,0,0,0,0,0,0,0,0,0,0,0,0,0,0,0,0,0,0,0,0,0,0,0,0,0,0,0,0,0,0,0,0,0,0,0,0,0,0,0,0,0,0,0,0,0,0,0,0,0,0,0,0,0,0,0,0,0,0,0,0,0,0,0,0,0,0,0,0,0,0,0,0,0,0,0,0,0,0,0,0,0,0,0,0,0,0,0,0,0,0,0,0,0,0,0,0,0,0,0,0,0,0,0,0,0,0,0,0,0,0,0,0,0,0,0,0,0,0,0,0,0,0,0,0,0,0,0,0,0,0,0,0,0,0,0,0,0,0,0,0,0,0,0,0,0,0,0,0,0,0,0,0,0,0,0,0,0,0,0,0,0,0,0,0,0,0,0,0,0,0,0,0,0,0,0,0,0,0,
0,0,0,0,0,0,0,0,0,0,0,0,0,0,0,0,0,0,0,0,0,0,0,0,0,0,0,0,0,0,0,0,0,0,0,0,0,0,0,0,0,0,0,0,0,0,0,0,0,0,0,0,0,0,0,0,0,0,0,0,0,0,0,0,0,0,0,0,0,0,0,0,0,0,0,0,0,0,0,0,0,0,0,0,0,0,0,0,0,0,0,0,0,0,0,0,0,0,0,0,0,0,0,0,0,0,0,0,0,0,0,0,0,0,0,0,0,0,0,0,0,0,0,0,0,0,0,0,0,0,0,0,0,0,0,0,0,0,0,0,0,0,0,0,0,0,0,0,0,0,0,0,0,0,0,0,0,0,0,0,0,0,0,0,0,0,0,0,0,0,0,0,0,0,0,0,0,0,0,0,0,0,0,0,0,0,0,0,0,0,0,0,0,0,0,0,0,0,0,0,0,0,0,0,0,0,0,0,0,0,0,0,0,0,0,0,0,0,0,0,0,0,0,0,0,0,0,0,0,0,0,0,0,0,0,0,0,0,0,0,0,0,0,0,0,0,0,0,0,0,0,0,0,0,0,0,
0,0,0,0,0,0,0,0,0,0,0,0,0,0,0,0,0,0,0,0,0,0,0,0,0,0,0,0,0,0,0,0,0,0,0,0,0,0,0,0,0,0,0,0,0,0,0,0,0,0,0,0,0,0,0,0,0,0,0,0,0,0,0,0,0,0,0,0,0,0,0,0,0,0,0,0,0,0,0,0,0,0,0,0,0,0,0,0,0,0,0,0,0,0,0,0,0,0,0,0,0,0,0,0,0,0,0,0,0,0,0,0,0,0,0,0,0,0,0,0,0,0,0,0,0,0,0,0,0,0,0,0,0,0,0,0,0,0,0,0,0,0,0,0,0,0,0,0,0,0,0,0,0,0,0,0,0,0,0,0,0,0,0,0,0,0,0,0,0,0,0,0,0,0,0,0,0,0,0,0,0,0,0,0,0,0,0,0,0,0,0,0,0,0,0,0,0,0,0,0,0,0,0,0,0,0,0,0,0,0,0,0,0,0,0,0,0,0,0,0,0,0,0,0,0,0,0,0,0,0,0,0,0,0,0,0,0,0,0,0,0,0,0,0,0,0,0,0,0,0,0,0,0,0,0,0,
0,0,0,0,0,0,0,0,0,0,0,0,0,0,0,0,0,0,0,0,0,0,0,0,0,0,0,0,0,0,0,0,0,0,0,0,0,0,0,0,0,0,0,0,0,0,0,0,0,0,0,0,0,0,0,0,0,0,0,0,0,0,0,0,0,0,0,0,0,0,0,0,0,0,0,0,0,0,0,0,0,0,0,0,0,0,0,0,0,0,0,0,0,0,0,0,0,0,0,0,0,0,0,0,0,0,0,0,0,0,0,0,0,0,0,0,0,0,0,0,0,0,0,0,0,0,0,0,0,0,0,0,0,0,0,0,0,0,0,0,0,0,0,0,0,0,0,0,0,0,0,0,0,0,0,0,0,0,0,0,0,0,0,0,0,0,0,0,0,0,0,0,0,0,0,0,0,0,0,0,0,0,0,0,0,0,0,0,0,0,0,0,0,0,0,0,0,0,0,0,0,0,0,0,0,0,0,0,0,0,0,0,0,0,0,0,0,0,0,0,0,0,0,0,0,0,0,0,0,0,0,0,0,0,0,0,0,0,0,0,0,0,0,0,0,0,0,0,0,0,0,0,0,0,0,0,
0,0,0,0,0,0,0,0,0,0,0,0,0,0,0,0,0,0,0,0,0,0,0,0,0,0,0,0,0,0,0,0,0,0,0,0,0,0,0,0,0,0,0,0,0,0,0,0,0,0,0,0,0,0,0,0,0,0,0,0,0,0,0,0,0,0,0,0,0,0,0,0,0,0,0,0,0,0,0,0,0,0,0,0,0,0,0,0,0,0,0,0,0,0,0,0,0,0,0,0,0,0,0,0,0,0,0,0,0,0,0,0,0,0,0,0,0,0,0,0,0,0,0,0,0,0,0,0,0,0,0,0,0,0,0,0,0,0,0,0,0,0,0,0,0,0,0,0,0,0,0,0,0,0,0,0,0,0,0,0,0,0,0,0,0,0,0,0,0,0,0,0,0,0,0,0,0,0,0,0,0,0,0,0,0,0,0,0,0,0,0,0,0,0,0,0,0,0,0,0,0,0,0,0,0,0,0,0,0,0,0,0,0,0,0,0,0,0,0,0,0,0,0,0,0,0,0,0,0,0,0,0,0,0,0,0,0,0,0,0,0,0,0,0,0,0,0,0,0,0,0,0,0,0,0,0,
0,0,0,0,0,0,0,0,0,0,0,0,0,0,0,0,0,0,0,0,0,0,0,0,0,0,0,0,0,0,0,0,0,0,0,0,0,0,0,0,0,0,0,0,0,0,0,0,0,0,0,0,0,0,0,0,0,0,0,0,0,0,0,0,0,0,0,0,0,0,0,0,0,0,0,0,0,0,0,0,0,0,0,0,0,0,0,0,0,0,0,0,0,0,0,0,0,0,0,0,0,0,0,0,0,0,0,0,0,0,0,0,0,0,0,0,0,0,0,0,0,0,0,0,0,0,0,0,0,0,0,0,0,0,0,0,0,0,0,0,0,0,0,0,0,0,0,0,0,0,0,0,0,0,0,0,0,0,0,0,0,0,0,0,0,0,0,0,0,0,0,0,0,0,0,0,0,0,0,0,0,0,0,0,0,0,0,0,0,0,0,0,0,0,0,0,0,0,0,0,0,0,0,0,0,0,0,0,0,0,0,0,0,0,0,0,0,0,0,0,0,0,0,0,0,0,0,0,0,0,0,0,0,0,0,0,0,0,0,0,0,0,0,0,0,0,0,0,0,0,0,0,0,0,0,0,
0,0,0,0,0,0,0,0,0,0,0,0,0,0,0,0,0,0,0,0,0,0,0,0,0,0,0,0,0,0,0,0,0,0,0,0,0,0,0,0,0,0,0,0,0,0,0,0,0,0,0,0,0,0,0,0,0,0,0,0,0,0,0,0,0,0,0,0,0,0,0,0,0,0,0,0,0,0,0,0,0,0,0,0,0,0,0,0,0,0,0,0,0,0,0,0,0,0,0,0,0,0,0,0,0,0,0,0,0,0,0,0,0,0,0,0,0,0,0,0,0,0,0,0,0,0,0,0,0,0,0,0,0,0,0,0,0,0,0,0,0,0,0,0,0,0,0,0,0,0,0,0,0,0,0,0,0,0,0,0,0,0,0,0,0,0,0,0,0,0,0,0,0,0,0,0,0,0,0,0,0,0,0,0,0,0,0,0,0,0,0,0,0,0,0,0,0,0,0,0,0,0,0,0,0,0,0,0,0,0,0,0,0,0,0,0,0,0,0,0,0,0,0,0,0,0,0,0,0,0,0,0,0,0,0,0,0,0,0,0,0,0,0,0,0,0,0,0,0,0,0,0,0,0,0,0,
0,0,0,0,0,0,0,0,0,0,0,0,0,0,0,0,0,0,0,0,0,0,0,0,0,0,0,0,0,0,0,0,0,0,0,0,0,0,0,0,0,0,0,0,0,0,0,0,0,0,0,0,0,0,0,0,0,0,0,0,0,0,0,0,0,0,0,0,0,0,0,0,0,0,0,0,0,0,0,0,0,0,0,0,0,0,0,0,0,0,0,0,0,0,0,0,0,0,0,0,0,0,0,0,0,0,0,0,0,0,0,0,0,0,0,0,0,0,0,0,0,0,0,0,0,0,0,0,0,0,0,0,0,0,0,0,0,0,0,0,0,0,0,0,0,0,0,0,0,0,0,0,0,0,0,0,0,0,0,0,0,0,0,0,0,0,0,0,0,0,0,0,0,0,0,0,0,0,0,0,0,0,0,0,0,0,0,0,0,0,0,0,0,0,0,0,0,0,0,0,0,0,0,0,0,0,0,0,0,0,0,0,0,0,0,0,0,0,0,0,0,0,0,0,0,0,0,0,0,0,0,0,0,0,0,0,0,0,0,0,0,0,0,0,0,0,0,0,0,0,0,0,0,0,0,0,
0,0,0,0,0,0,0,0,0,0,0,0,0,0,0,0,0,0,0,0,0,0,0,0,0,0,0,0,0,0,0,0,0,0,0,0,0,0,0,0,0,0,0,0,0,0,0,0,0,0,0,0,0,0,0,0,0,0,0,0,0,0,0,0,0,0,0,0,0,0,0,0,0,0,0,0,0,0,0,0,0,0,0,0,0,0,0,0,0,0,0,0,0,0,0,0,0,0,0,0,0,0,0,0,0,0,0,0,0,0,0,0,0,0,0,0,0,0,0,0,0,0,0,0,0,0,0,0,0,0,0,0,0,0,0,0,0,0,0,0,0,0,0,0,0,0,0,0,0,0,0,0,0,0,0,0,0,0,0,0,0,0,0,0,0,0,0,0,0,0,0,0,0,0,0,0,0,0,0,0,0,0,0,0,0,0,0,0,0,0,0,0,0,0,0,0,0,0,0,0,0,0,0,0,0,0,0,0,0,0,0,0,0,0,0,0,0,0,0,0,0,0,0,0,0,0,0,0,0,0,0,0,0,0,0,0,0,0,0,0,0,0,0,0,0,0,0,0,0,0,0,0,0,0,0,0,
0,0,0,0,0,0,0,0,0,0,0,0,0,0,0,0,0,0,0,0,0,0,0,0,0,0,0,0,0,0,0,0,0,0,0,0,0,0,0,0,0,0,0,0,0,0,0,0,0,0,0,0,0,0,0,0,0,0,0,0,0,0,0,0,0,0,0,0,0,0,0,0,0,0,0,0,0,0,0,0,0,0,0,0,0,0,0,0,0,0,0,0,0,0,0,0,0,0,0,0,0,0,0,0,0,0,0,0,0,0,0,0,0,0,0,0,0,0,0,0,0,0,0,0,0,0,0,0,0,0,0,0,0,0,0,0,0,0,0,0,0,0,0,0,0,0,0,0,0,0,0,0,0,0,0,0,0,0,0,0,0,0,0,0,0,0,0,0,0,0,0,0,0,0,0,0,0,0,0,0,0,0,0,0,0,0,0,0,0,0,0,0,0,0,0,0,0,0,0,0,0,0,0,0,0,0,0,0,0,0,0,0,0,0,0,0,0,0,0,0,0,0,0,0,0,0,0,0,0,0,0,0,0,0,0,0,0,0,0,0,0,0,0,0,0,0,0,0,0,0,0,0,0,0,0,0,
0,0,0,0,0,0,0,0,0,0,0,0,0,0,0,0,0,0,0,0,0,0,0,0,0,0,0,0,0,0,0,0,0,0,0,0,0,0,0,0,0,0,0,0,0,0,0,0,0,0,0,0,0,0,0,0,0,0,0,0,0,0,0,0,0,0,0,0,0,0,0,0,0,0,0,0,0,0,0,0,0,0,0,0,0,0,0,0,0,0,0,0,0,0,0,0,0,0,0,0,0,0,0,0,0,0,0,0,0,0,0,0,0,0,0,0,0,0,0,0,0,0,0,0,0,0,0,0,0,0,0,0,0,0,0,0,0,0,0,0,0,0,0,0,0,0,0,0,0,0,0,0,0,0,0,0,0,0,0,0,0,0,0,0,0,0,0,0,0,0,0,0,0,0,0,0,0,0,0,0,0,0,0,0,0,0,0,0,0,0,0,0,0,0,0,0,0,0,0,0,0,0,0,0,0,0,0,0,0,0,0,0,0,0,0,0,0,0,0,0,0,0,0,0,0,0,0,0,0,0,0,0,0,0,0,0,0,0,0,0,0,0,0,0,0,0,0,0,0,0,0,0,0,0,0,0,
0,0,0,0,0,0,0,0,0,0,0,0,0,0,0,0,0,0,0,0,0,0,0,0,0,0,0,0,0,0,0,0,0,0,0,0,0,0,0,0,0,0,0,0,0,0,0,0,0,0,0,0,0,0,0,0,0,0,0,0,0,0,0,0,0,0,0,0,0,0,0,0,0,0,0,0,0,0,0,0,0,0,0,0,0,0,0,0,0,0,0,0,0,0,0,0,0,0,0,0,0,0,0,0,0,0,0,0,0,0,0,0,0,0,0,0,0,0,0,0,0,0,0,0,0,0,0,0,0,0,0,0,0,0,0,0,0,0,0,0,0,0,0,0,0,0,0,0,0,0,0,0,0,0,0,0,0,0,0,0,0,0,0,0,0,0,0,0,0,0,0,0,0,0,0,0,0,0,0,0,0,0,0,0,0,0,0,0,0,0,0,0,0,0,0,0,0,0,0,0,0,0,0,0,0,0,0,0,0,0,0,0,0,0,0,0,0,0,0,0,0,0,0,0,0,0,0,0,0,0,0,0,0,0,0,0,0,0,0,0,0,0,0,0,0,0,0,0,0,0,0,0,0,0,0,0,
0,0,0,0,0,0,0,0,0,0,0,0,0,0,0,0,0,0,0,0,0,0,0,0,0,0,0,0,0,0,0,0,0,0,0,0,0,0,0,0,0,0,0,0,0,0,0,0,0,0,0,0,0,0,0,0,0,0,0,0,0,0,0,0,0,0,0,0,0,0,0,0,0,0,0,0,0,0,0,0,0,0,0,0,0,0,0,0,0,0,0,0,0,0,0,0,0,0,0,0,0,0,0,0,0,0,0,0,0,0,0,0,0,0,0,0,0,0,0,0,0,0,0,0,0,0,0,0,0,0,0,0,0,0,0,0,0,0,0,0,0,0,0,0,0,0,0,0,0,0,0,0,0,0,0,0,0,0,0,0,0,0,0,0,0,0,0,0,0,0,0,0,0,0,0,0,0,0,0,0,0,0,0,0,0,0,0,0,0,0,0,0,0,0,0,0,0,0,0,0,0,0,0,0,0,0,0,0,0,0,0,0,0,0,0,0,0,0,0,0,0,0,0,0,0,0,0,0,0,0,0,0,0,0,0,0,0,0,0,0,0,0,0,0,0,0,0,0,0,0,0,0,0,0,0,0,
0,0,0,0,0,0,0,0,0,0,0,0,0,0,0,0,0,0,0,0,0,0,0,0,0,0,0,0,0,0,0,0,0,0,0,0,0,0,0,0,0,0,0,0,0,0,0,0,0,0,0,0,0,0,0,0,0,0,0,0,0,0,0,0,0,0,0,0,0,0,0,0,0,0,0,0,0,0,0,0,0,0,0,0,0,0,0,0,0,0,0,0,0,0,0,0,0,0,0,0,0,0,0,0,0,0,0,0,0,0,0,0,0,0,0,0,0,0,0,0,0,0,0,0,0,0,0,0,0,0,0,0,0,0,0,0,0,0,0,0,0,0,0,0,0,0,0,0,0,0,0,0,0,0,0,0,0,0,0,0,0,0,0,0,0,0,0,0,0,0,0,0,0,0,0,0,0,0,0,0,0,0,0,0,0,0,0,0,0,0,0,0,0,0,0,0,0,0,0,0,0,0,0,0,0,0,0,0,0,0,0,0,0,0,0,0,0,0,0,0,0,0,0,0,0,0,0,0,0,0,0,0,0,0,0,0,0,0,0,0,0,0,0,0,0,0,0,0,0,0,0,0,0,0,0,0,
0,0,0,0,0,0,0,0,0,0,0,0,0,0,0,0,0,0,0,0,0,0,0,0,0,0,0,0,0,0,0,0,0,0,0,0,0,0,0,0,0,0,0,0,0,0,0,0,0,0,0,0,0,0,0,0,0,0,0,0,0,0,0,0,0,0,0,0,0,0,0,0,0,0,0,0,0,0,0,0,0,0,0,0,0,0,0,0,0,0,0,0,0,0,0,0,0,0,0,0,0,0,0,0,0,0,0,0,0,0,0,0,0,0,0,0,0,0,0,0,0,0,0,0,0,0,0,0,0,0,0,0,0,0,0,0,0,0,0,0,0,0,0,0,0,0,0,0,0,0,0,0,0,0,0,0,0,0,0,0,0,0,0,0,0,0,0,0,0,0,0,0,0,0,0,0,0,0,0,0,0,0,0,0,0,0,0,0,0,0,0,0,0,0,0,0,0,0,0,0,0,0,0,0,0,0,0,0,0,0,0,0,0,0,0,0,0,0,0,0,0,0,0,0,0,0,0,0,0,0,0,0,0,0,0,0,0,0,0,0,0,0,0,0,0,0,0,0,0,0,0,0,0,0,0,0,
0,0,0,0,0,0,0,0,0,0,0,0,0,0,0,0,0,0,0,0,0,0,0,0,0,0,0,0,0,0,0,0,0,0,0,0,0,0,0,0,0,0,0,0,0,0,0,0,0,0,0,0,0,0,0,0,0,0,0,0,0,0,0,0,0,0,0,0,0,0,0,0,0,0,0,0,0,0,0,0,0,0,0,0,0,0,0,0,0,0,0,0,0,0,0,0,0,0,0,0,0,0,0,0,0,0,0,0,0,0,0,0,0,0,0,0,0,0,0,0,0,0,0,0,0,0,0,0,0,0,0,0,0,0,0,0,0,0,0,0,0,0,0,0,0,0,0,0,0,0,0,0,0,0,0,0,0,0,0,0,0,0,0,0,0,0,0,0,0,0,0,0,0,0,0,0,0,0,0,0,0,0,0,0,0,0,0,0,0,0,0,0,0,0,0,0,0,0,0,0,0,0,0,0,0,0,0,0,0,0,0,0,0,0,0,0,0,0,0,0,0,0,0,0,0,0,0,0,0,0,0,0,0,0,0,0,0,0,0,0,0,0,0,0,0,0,0,0,0,0,0,0,0,0,0,0,
0,0,0,0,0,0,0,0,0,0,0,0,0,0,0,0,0,0,0,0,0,0,0,0,0,0,0,0,0,0,0,0,0,0,0,0,0,0,0,0,0,0,0,0,0,0,0,0,0,0,0,0,0,0,0,0,0,0,0,0,0,0,0,0,0,0,0,0,0,0,0,0,0,0,0,0,0,0,0,0,0,0,0,0,0,0,0,0,0,0,0,0,0,0,0,0,0,0,0,0,0,0,0,0,0,0,0,0,0,0,0,0,0,0,0,0,0,0,0,0,0,0,0,0,0,0,0,0,0,0,0,0,0,0,0,0,0,0,0,0,0,0,0,0,0,0,0,0,0,0,0,0,0,0,0,0,0,0,0,0,0,0,0,0,0,0,0,0,0,0,0,0,0,0,0,0,0,0,0,0,0,0,0,0,0,0,0,0,0,0,0,0,0,0,0,0,0,0,0,0,0,0,0,0,0,0,0,0,0,0,0,0,0,0,0,0,0,0,0,0,0,0,0,0,0,0,0,0,0,0,0,0,0,0,0,0,0,0,0,0,0,0,0,0,0,0,0,0,0,0,0,0,0,0,0,0,
0,0,0,0,0,0,0,0,0,0,0,0,0,0,0,0,0,0,0,0,0,0,0,0,0,0,0,0,0,0,0,0,0,0,0,0,0,0,0,0,0,0,0,0,0,0,0,0,0,0,0,0,0,0,0,0,0,0,0,0,0,0,0,0,0,0,0,0,0,0,0,0,0,0,0,0,0,0,0,0,0,0,0,0,0,0,0,0,0,0,0,0,0,0,0,0,0,0,0,0,0,0,0,0,0,0,0,0,0,0,0,0,0,0,0,0,0,0,0,0,0,0,0,0,0,0,0,0,0,0,0,0,0,0,0,0,0,0,0,0,0,0,0,0,0,0,0,0,0,0,0,0,0,0,0,0,0,0,0,0,0,0,0,0,0,0,0,0,0,0,0,0,0,0,0,0,0,0,0,0,0,0,0,0,0,0,0,0,0,0,0,0,0,0,0,0,0,0,0,0,0,0,0,0,0,0,0,0,0,0,0,0,0,0,0,0,0,0,0,0,0,0,0,0,0,0,0,0,0,0,0,0,0,0,0,0,0,0,0,0,0,0,0,0,0,0,0,0,0,0,0,0,0,0,0,0,
0,0,0,0,0,0,0,0,0,0,0,0,0,0,0,0,0,0,0,0,0,0,0,0,0,0,0,0,0,0,0,0,0,0,0,0,0,0,0,0,0,0,0,0,0,0,0,0,0,0,0,0,0,0,0,0,0,0,0,0,0,0,0,0,0,0,0,0,0,0,0,0,0,0,0,0,0,0,0,0,0,0,0,0,0,0,0,0,0,0,0,0,0,0,0,0,0,0,0,0,0,0,0,0,0,0,0,0,0,0,0,0,0,0,0,0,0,0,0,0,0,0,0,0,0,0,0,0,0,0,0,0,0,0,0,0,0,0,0,0,0,0,0,0,0,0,0,0,0,0,0,0,0,0,0,0,0,0,0,0,0,0,0,0,0,0,0,0,0,0,0,0,0,0,0,0,0,0,0,0,0,0,0,0,0,0,0,0,0,0,0,0,0,0,0,0,0,0,0,0,0,0,0,0,0,0,0,0,0,0,0,0,0,0,0,0,0,0,0,0,0,0,0,0,0,0,0,0,0,0,0,0,0,0,0,0,0,0,0,0,0,0,0,0,0,0,0,0,0,0,0,0,0,0,0,0,
0,0,0,0,0,0,0,0,0,0,0,0,0,0,0,0,0,0,0,0,0,0,0,0,0,0,0,0,0,0,0,0,0,0,0,0,0,0,0,0,0,0,0,0,0,0,0,0,0,0,0,0,0,0,0,0,0,0,0,0,0,0,0,0,0,0,0,0,0,0,0,0,0,0,0,0,0,0,0,0,0,0,0,0,0,0,0,0,0,0,0,0,0,0,0,0,0,0,0,0,0,0,0,0,0,0,0,0,0,0,0,0,0,0,0,0,0,0,0,0,0,0,0,0,0,0,0,0,0,0,0,0,0,0,0,0,0,0,0,0,0,0,0,0,0,0,0,0,0,0,0,0,0,0,0,0,0,0,0,0,0,0,0,0,0,0,0,0,0,0,0,0,0,0,0,0,0,0,0,0,0,0,0,0,0,0,0,0,0,0,0,0,0,0,0,0,0,0,0,0,0,0,0,0,0,0,0,0,0,0,0,0,0,0,0,0,0,0,0,0,0,0,0,0,0,0,0,0,0,0,0,0,0,0,0,0,0,0,0,0,0,0,0,0,0,0,0,0,0,0,0,0,0,0,0,0,
0,0,0,0,0,0,0,0,0,0,0,0,0,0,0,0,0,0,0,0,0,0,0,0,0,0,0,0,0,0,0,0,0,0,0,0,0,0,0,0,0,0,0,0,0,0,0,0,0,0,0,0,0,0,0,0,0,0,0,0,0,0,0,0,0,0,0,0,0,0,0,0,0,0,0,0,0,0,0,0,0,0,0,0,0,0,0,0,0,0,0,0,0,0,0,0,0,0,0,0,0,0,0,0,0,0,0,0,0,0,0,0,0,0,0,0,0,0,0,0,0,0,0,0,0,0,0,0,0,0,0,0,0,0,0,0,0,0,0,0,0,0,0,0,0,0,0,0,0,0,0,0,0,0,0,0,0,0,0,0,0,0,0,0,0,0,0,0,0,0,0,0,0,0,0,0,0,0,0,0,0,0,0,0,0,0,0,0,0,0,0,0,0,0,0,0,0,0,0,0,0,0,0,0,0,0,0,0,0,0,0,0,0,0,0,0,0,0,0,0,0,0,0,0,0,0,0,0,0,0,0,0,0,0,0,0,0,0,0,0,0,0,0,0,0,0,0,0,0,0,0,0,0,0,0,0,
0,0,0,0,0,0,0,0,0,0,0,0,0,0,0,0,0,0,0,0,0,0,0,0,0,0,0,0,0,0,0,0,0,0,0,0,0,0,0,0,0,0,0,0,0,0,0,0,0,0,0,0,0,0,0,0,0,0,0,0,0,0,0,0,0,0,0,0,0,0,0,0,0,0,0,0,0,0,0,0,0,0,0,0,0,0,0,0,0,0,0,0,0,0,0,0,0,0,0,0,0,0,0,0,0,0,0,0,0,0,0,0,0,0,0,0,0,0,0,0,0,0,0,0,0,0,0,0,0,0,0,0,0,0,0,0,0,0,0,0,0,0,0,0,0,0,0,0,0,0,0,0,0,0,0,0,0,0,0,0,0,0,0,0,0,0,0,0,0,0,0,0,0,0,0,0,0,0,0,0,0,0,0,0,0,0,0,0,0,0,0,0,0,0,0,0,0,0,0,0,0,0,0,0,0,0,0,0,0,0,0,0,0,0,0,0,0,0,0,0,0,0,0,0,0,0,0,0,0,0,0,0,0,0,0,0,0,0,0,0,0,0,0,0,0,0,0,0,0,0,0,0,0,0,0,0,
0,0,0,0,0,0,0,0,0,0,0,0,0,0,0,0,0,0,0,0,0,0,0,0,0,0,0,0,0,0,0,0,0,0,0,0,0,0,0,0,0,0,0,0,0,0,0,0,0,0,0,0,0,0,0,0,0,0,0,0,0,0,0,0,0,0,0,0,0,0,0,0,0,0,0,0,0,0,0,0,0,0,0,0,0,0,0,0,0,0,0,0,0,0,0,0,0,0,0,0,0,0,0,0,0,0,0,0,0,0,0,0,0,0,0,0,0,0,0,0,0,0,0,0,0,0,0,0,0,0,0,0,0,0,0,0,0,0,0,0,0,0,0,0,0,0,0,0,0,0,0,0,0,0,0,0,0,0,0,0,0,0,0,0,0,0,0,0,0,0,0,0,0,0,0,0,0,0,0,0,0,0,0,0,0,0,0,0,0,0,0,0,0,0,0,0,0,0,0,0,0,0,0,0,0,0,0,0,0,0,0,0,0,0,0,0,0,0,0,0,0,0,0,0,0,0,0,0,0,0,0,0,0,0,0,0,0,0,0,0,0,0,0,0,0,0,0,0,0,0,0,0,0,0,0,0,
0,0,0,0,0,0,0,0,0,0,0,0,0,0,0,0,0,0,0,0,0,0,0,0,0,0,0,0,0,0,0,0,0,0,0,0,0,0,0,0,0,0,0,0,0,0,0,0,0,0,0,0,0,0,0,0,0,0,0,0,0,0,0,0,0,0,0,0,0,0,0,0,0,0,0,0,0,0,0,0,0,0,0,0,0,0,0,0,0,0,0,0,0,0,0,0,0,0,0,0,0,0,0,0,0,0,0,0,0,0,0,0,0,0,0,0,0,0,0,0,0,0,0,0,0,0,0,0,0,0,0,0,0,0,0,0,0,0,0,0,0,0,0,0,0,0,0,0,0,0,0,0,0,0,0,0,0,0,0,0,0,0,0,0,0,0,0,0,0,0,0,0,0,0,0,0,0,0,0,0,0,0,0,0,0,0,0,0,0,0,0,0,0,0,0,0,0,0,0,0,0,0,0,0,0,0,0,0,0,0,0,0,0,0,0,0,0,0,0,0,0,0,0,0,0,0,0,0,0,0,0,0,0,0,0,0,0,0,0,0,0,0,0,0,0,0,0,0,0,0,0,0,0,0,0,0,
0,0,0,0,0,0,0,0,0,0,0,0,0,0,0,0,0,0,0,0,0,0,0,0,0,0,0,0,0,0,0,0,0,0,0,0,0,0,0,0,0,0,0,0,0,0,0,0,0,0,0,0,0,0,0,0,0,0,0,0,0,0,0,0,0,0,0,0,0,0,0,0,0,0,0,0,0,0,0,0,0,0,0,0,0,0,0,0,0,0,0,0,0,0,0,0,0,0,0,0,0,0,0,0,0,0,0,0,0,0,0,0,0,0,0,0,0,0,0,0,0,0,0,0,0,0,0,0,0,0,0,0,0,0,0,0,0,0,0,0,0,0,0,0,0,0,0,0,0,0,0,0,0,0,0,0,0,0,0,0,0,0,0,0,0,0,0,0,0,0,0,0,0,0,0,0,0,0,0,0,0,0,0,0,0,0,0,0,0,0,0,0,0,0,0,0,0,0,0,0,0,0,0,0,0,0,0,0,0,0,0,0,0,0,0,0,0,0,0,0,0,0,0,0,0,0,0,0,0,0,0,0,0,0,0,0,0,0,0,0,0,0,0,0,0,0,0,0,0,0,0,0,0,0,0,0,
0,0,0,0,0,0,0,0,0,0,0,0,0,0,0,0,0,0,0,0,0,0,0,0,0,0,0,0,0,0,0,0,0,0,0,0,0,0,0,0,0,0,0,0,0,0,0,0,0,0,0,0,0,0,0,0,0,0,0,0,0,0,0,0,0,0,0,0,0,0,0,0,0,0,0,0,0,0,0,0,0,0,0,0,0,0,0,0,0,0,0,0,0,0,0,0,0,0,0,0,0,0,0,0,0,0,0,0,0,0,0,0,0,0,0,0,0,0,0,0,0,0,0,0,0,0,0,0,0,0,0,0,0,0,0,0,0,0,0,0,0,0,0,0,0,0,0,0,0,0,0,0,0,0,0,0,0,0,0,0,0,0,0,0,0,0,0,0,0,0,0,0,0,0,0,0,0,0,0,0,0,0,0,0,0,0,0,0,0,0,0,0,0,0,0,0,0,0,0,0,0,0,0,0,0,0,0,0,0,0,0,0,0,0,0,0,0,0,0,0,0,0,0,0,0,0,0,0,0,0,0,0,0,0,0,0,0,0,0,0,0,0,0,0,0,0,0,0,0,0,0,0,0,0,0,0,
0,0,0,0,0,0,0,0,0,0,0,0,0,0,0,0,0,0,0,0,0,0,0,0,0,0,0,0,0,0,0,0,0,0,0,0,0,0,0,0,0,0,0,0,0,0,0,0,0,0,0,0,0,0,0,0,0,0,0,0,0,0,0,0,0,0,0,0,0,0,0,0,0,0,0,0,0,0,0,0,0,0,0,0,0,0,0,0,0,0,0,0,0,0,0,0,0,0,0,0,0,0,0,0,0,0,0,0,0,0,0,0,0,0,0,0,0,0,0,0,0,0,0,0,0,0,0,0,0,0,0,0,0,0,0,0,0,0,0,0,0,0,0,0,0,0,0,0,0,0,0,0,0,0,0,0,0,0,0,0,0,0,0,0,0,0,0,0,0,0,0,0,0,0,0,0,0,0,0,0,0,0,0,0,0,0,0,0,0,0,0,0,0,0,0,0,0,0,0,0,0,0,0,0,0,0,0,0,0,0,0,0,0,0,0,0,0,0,0,0,0,0,0,0,0,0,0,0,0,0,0,0,0,0,0,0,0,0,0,0,0,0,0,0,0,0,0,0,0,0,0,0,0,0,0,0,
0,0,0,0,0,0,0,0,0,0,0,0,0,0,0,0,0,0,0,0,0,0,0,0,0,0,0,0,0,0,0,0,0,0,0,0,0,0,0,0,0,0,0,0,0,0,0,0,0,0,0,0,0,0,0,0,0,0,0,0,0,0,0,0,0,0,0,0,0,0,0,0,0,0,0,0,0,0,0,0,0,0,0,0,0,0,0,0,0,0,0,0,0,0,0,0,0,0,0,0,0,0,0,0,0,0,0,0,0,0,0,0,0,0,0,0,0,0,0,0,0,0,0,0,0,0,0,0,0,0,0,0,0,0,0,0,0,0,0,0,0,0,0,0,0,0,0,0,0,0,0,0,0,0,0,0,0,0,0,0,0,0,0,0,0,0,0,0,0,0,0,0,0,0,0,0,0,0,0,0,0,0,0,0,0,0,0,0,0,0,0,0,0,0,0,0,0,0,0,0,0,0,0,0,0,0,0,0,0,0,0,0,0,0,0,0,0,0,0,0,0,0,0,0,0,0,0,0,0,0,0,0,0,0,0,0,0,0,0,0,0,0,0,0,0,0,0,0,0,0,0,0,0,0,0,0,
0,0,0,0,0,0,0,0,0,0,0,0,0,0,0,0,0,0,0,0,0,0,0,0,0,0,0,0,0,0,0,0,0,0,0,0,0,0,0,0,0,0,0,0,0,0,0,0,0,0,0,0,0,0,0,0,0,0,0,0,0,0,0,0,0,0,0,0,0,0,0,0,0,0,0,0,0,0,0,0,0,0,0,0,0,0,0,0,0,0,0,0,0,0,0,0,0,0,0,0,0,0,0,0,0,0,0,0,0,0,0,0,0,0,0,0,0,0,0,0,0,0,0,0,0,0,0,0,0,0,0,0,0,0,0,0,0,0,0,0,0,0,0,0,0,0,0,0,0,0,0,0,0,0,0,0,0,0,0,0,0,0,0,0,0,0,0,0,0,0,0,0,0,0,0,0,0,0,0,0,0,0,0,0,0,0,0,0,0,0,0,0,0,0,0,0,0,0,0,0,0,0,0,0,0,0,0,0,0,0,0,0,0,0,0,0,0,0,0,0,0,0,0,0,0,0,0,0,0,0,0,0,0,0,0,0,0,0,0,0,0,0,0,0,0,0,0,0,0,0,0,0,0,0,0,0,
0,0,0,0,0,0,0,0,0,0,0,0,0,0,0,0,0,0,0,0,0,0,0,0,0,0,0,0,0,0,0,0,0,0,0,0,0,0,0,0,0,0,0,0,0,0,0,0,0,0,0,0,0,0,0,0,0,0,0,0,0,0,0,0,0,0,0,0,0,0,0,0,0,0,0,0,0,0,0,0,0,0,0,0,0,0,0,0,0,0,0,0,0,0,0,0,0,0,0,0,0,0,0,0,0,0,0,0,0,0,0,0,0,0,0,0,0,0,0,0,0,0,0,0,0,0,0,0,0,0,0,0,0,0,0,0,0,0,0,0,0,0,0,0,0,0,0,0,0,0,0,0,0,0,0,0,0,0,0,0,0,0,0,0,0,0,0,0,0,0,0,0,0,0,0,0,0,0,0,0,0,0,0,0,0,0,0,0,0,0,0,0,0,0,0,0,0,0,0,0,0,0,0,0,0,0,0,0,0,0,0,0,0,0,0,0,0,0,0,0,0,0,0,0,0,0,0,0,0,0,0,0,0,0,0,0,0,0,0,0,0,0,0,0,0,0,0,0,0,0,0,0,0,0,0,0,
0,0,0,0,0,0,0,0,0,0,0,0,0,0,0,0,0,0,0,0,0,0,0,0,0,0,0,0,0,0,0,0,0,0,0,0,0,0,0,0,0,0,0,0,0,0,0,0,0,0,0,0,0,0,0,0,0,0,0,0,0,0,0,0,0,0,0,0,0,0,0,0,0,0,0,0,0,0,0,0,0,0,0,0,0,0,0,0,0,0,0,0,0,0,0,0,0,0,0,0,0,0,0,0,0,0,0,0,0,0,0,0,0,0,0,0,0,0,0,0,0,0,0,0,0,0,0,0,0,0,0,0,0,0,0,0,0,0,0,0,0,0,0,0,0,0,0,0,0,0,0,0,0,0,0,0,0,0,0,0,0,0,0,0,0,0,0,0,0,0,0,0,0,0,0,0,0,0,0,0,0,0,0,0,0,0,0,0,0,0,0,0,0,0,0,0,0,0,0,0,0,0,0,0,0,0,0,0,0,0,0,0,0,0,0,0,0,0,0,0,0,0,0,0,0,0,0,0,0,0,0,0,0,0,0,0,0,0,0,0,0,0,0,0,0,0,0,0,0,0,0,0,0,0,0,0,
0,0,0,0,0,0,0,0,0,0,0,0,0,0,0,0,0,0,0,0,0,0,0,0,0,0,0,0,0,0,0,0,0,0,0,0,0,0,0,0,0,0,0,0,0,0,0,0,0,0,0,0,0,0,0,0,0,0,0,0,0,0,0,0,0,0,0,0,0,0,0,0,0,0,0,0,0,0,0,0,0,0,0,0,0,0,0,0,0,0,0,0,0,0,0,0,0,0,0,0,0,0,0,0,0,0,0,0,0,0,0,0,0,0,0,0,0,0,0,0,0,0,0,0,0,0,0,0,0,0,0,0,0,0,0,0,0,0,0,0,0,0,0,0,0,0,0,0,0,0,0,0,0,0,0,0,0,0,0,0,0,0,0,0,0,0,0,0,0,0,0,0,0,0,0,0,0,0,0,0,0,0,0,0,0,0,0,0,0,0,0,0,0,0,0,0,0,0,0,0,0,0,0,0,0,0,0,0,0,0,0,0,0,0,0,0,0,0,0,0,0,0,0,0,0,0,0,0,0,0,0,0,0,0,0,0,0,0,0,0,0,0,0,0,0,0,0,0,0,0,0,0,0,0,0,0,
0,0,0,0,0,0,0,0,0,0,0,0,0,0,0,0,0,0,0,0,0,0,0,0,0,0,0,0,0,0,0,0,0,0,0,0,0,0,0,0,0,0,0,0,0,0,0,0,0,0,0,0,0,0,0,0,0,0,0,0,0,0,0,0,0,0,0,0,0,0,0,0,0,0,0,0,0,0,0,0,0,0,0,0,0,0,0,0,0,0,0,0,0,0,0,0,0,0,0,0,0,0,0,0,0,0,0,0,0,0,0,0,0,0,0,0,0,0,0,0,0,0,0,0,0,0,0,0,0,0,0,0,0,0,0,0,0,0,0,0,0,0,0,0,0,0,0,0,0,0,0,0,0,0,0,0,0,0,0,0,0,0,0,0,0,0,0,0,0,0,0,0,0,0,0,0,0,0,0,0,0,0,0,0,0,0,0,0,0,0,0,0,0,0,0,0,0,0,0,0,0,0,0,0,0,0,0,0,0,0,0,0,0,0,0,0,0,0,0,0,0,0,0,0,0,0,0,0,0,0,0,0,0,0,0,0,0,0,0,0,0,0,0,0,0,0,0,0,0,0,0,0,0,0,0,0,
0,0,0,0,0,0,0,0,0,0,0,0,0,0,0,0,0,0,0,0,0,0,0,0,0,0,0,0,0,0,0,0,0,0,0,0,0,0,0,0,0,0,0,0,0,0,0,0,0,0,0,0,0,0,0,0,0,0,0,0,0,0,0,0,0,0,0,0,0,0,0,0,0,0,0,0,0,0,0,0,0,0,0,0,0,0,0,0,0,0,0,0,0,0,0,0,0,0,0,0,0,0,0,0,0,0,0,0,0,0,0,0,0,0,0,0,0,0,0,0,0,0,0,0,0,0,0,0,0,0,0,0,0,0,0,0,0,0,0,0,0,0,0,0,0,0,0,0,0,0,0,0,0,0,0,0,0,0,0,0,0,0,0,0,0,0,0,0,0,0,0,0,0,0,0,0,0,0,0,0,0,0,0,0,0,0,0,0,0,0,0,0,0,0,0,0,0,0,0,0,0,0,0,0,0,0,0,0,0,0,0,0,0,0,0,0,0,0,0,0,0,0,0,0,0,0,0,0,0,0,0,0,0,0,0,0,0,0,0,0,0,0,0,0,0,0,0,0,0,0,0,0,0,0,0,0,
0,0,0,0,0,0,0,0,0,0,0,0,0,0,0,0,0,0,0,0,0,0,0,0,0,0,0,0,0,0,0,0,0,0,0,0,0,0,0,0,0,0,0,0,0,0,0,0,0,0,0,0,0,0,0,0,0,0,0,0,0,0,0,0,0,0,0,0,0,0,0,0,0,0,0,0,0,0,0,0,0,0,0,0,0,0,0,0,0,0,0,0,0,0,0,0,0,0,0,0,0,0,0,0,0,0,0,0,0,0,0,0,0,0,0,0,0,0,0,0,0,0,0,0,0,0,0,0,0,0,0,0,0,0,0,0,0,0,0,0,0,0,0,0,0,0,0,0,0,0,0,0,0,0,0,0,0,0,0,0,0,0,0,0,0,0,0,0,0,0,0,0,0,0,0,0,0,0,0,0,0,0,0,0,0,0,0,0,0,0,0,0,0,0,0,0,0,0,0,0,0,0,0,0,0,0,0,0,0,0,0,0,0,0,0,0,0,0,0,0,0,0,0,0,0,0,0,0,0,0,0,0,0,0,0,0,0,0,0,0,0,0,0,0,0,0,0,0,0,0,0,0,0,0,0,0,
0,0,0,0,0,0,0,0,0,0,0,0,0,0,0,0,0,0,0,0,0,0,0,0,0,0,0,0,0,0,0,0,0,0,0,0,0,0,0,0,0,0,0,0,0,0,0,0,0,0,0,0,0,0,0,0,0,0,0,0,0,0,0,0,0,0,0,0,0,0,0,0,0,0,0,0,0,0,0,0,0,0,0,0,0,0,0,0,0,0,0,0,0,0,0,0,0,0,0,0,0,0,0,0,0,0,0,0,0,0,0,0,0,0,0,0,0,0,0,0,0,0,0,0,0,0,0,0,0,0,0,0,0,0,0,0,0,0,0,0,0,0,0,0,0,0,0,0,0,0,0,0,0,0,0,0,0,0,0,0,0,0,0,0,0,0,0,0,0,0,0,0,0,0,0,0,0,0,0,0,0,0,0,0,0,0,0,0,0,0,0,0,0,0,0,0,0,0,0,0,0,0,0,0,0,0,0,0,0,0,0,0,0,0,0,0,0,0,0,0,0,0,0,0,0,0,0,0,0,0,0,0,0,0,0,0,0,0,0,0,0,0,0,0,0,0,0,0,0,0,0,0,0,0,0,0,
0,0,0,0,0,0,0,0,0,0,0,0,0,0,0,0,0,0,0,0,0,0,0,0,0,0,0,0,0,0,0,0,0,0,0,0,0,0,0,0,0,0,0,0,0,0,0,0,0,0,0,0,0,0,0,0,0,0,0,0,0,0,0,0,0,0,0,0,0,0,0,0,0,0,0,0,0,0,0,0,0,0,0,0,0,0,0,0,0,0,0,0,0,0,0,0,0,0,0,0,0,0,0,0,0,0,0,0,0,0,0,0,0,0,0,0,0,0,0,0,0,0,0,0,0,0,0,0,0,0,0,0,0,0,0,0,0,0,0,0,0,0,0,0,0,0,0,0,0,0,0,0,0,0,0,0,0,0,0,0,0,0,0,0,0,0,0,0,0,0,0,0,0,0,0,0,0,0,0,0,0,0,0,0,0,0,0,0,0,0,0,0,0,0,0,0,0,0,0,0,0,0,0,0,0,0,0,0,0,0,0,0,0,0,0,0,0,0,0,0,0,0,0,0,0,0,0,0,0,0,0,0,0,0,0,0,0,0,0,0,0,0,0,0,0,0,0,0,0,0,0,0,0,0,0,0,
0,0,0,0,0,0,0,0,0,0,0,0,0,0,0,0,0,0,0,0,0,0,0,0,0,0,0,0,0,0,0,0,0,0,0,0,0,0,0,0,0,0,0,0,0,0,0,0,0,0,0,0,0,0,0,0,0,0,0,0,0,0,0,0,0,0,0,0,0,0,0,0,0,0,0,0,0,0,0,0,0,0,0,0,0,0,0,0,0,0,0,0,0,0,0,0,0,0,0,0,0,0,0,0,0,0,0,0,0,0,0,0,0,0,0,0,0,0,0,0,0,0,0,0,0,0,0,0,0,0,0,0,0,0,0,0,0,0,0,0,0,0,0,0,0,0,0,0,0,0,0,0,0,0,0,0,0,0,0,0,0,0,0,0,0,0,0,0,0,0,0,0,0,0,0,0,0,0,0,0,0,0,0,0,0,0,0,0,0,0,0,0,0,0,0,0,0,0,0,0,0,0,0,0,0,0,0,0,0,0,0,0,0,0,0,0,0,0,0,0,0,0,0,0,0,0,0,0,0,0,0,0,0,0,0,0,0,0,0,0,0,0,0,0,0,0,0,0,0,0,0,0,0,0,0,0,
0,0,0,0,0,0,0,0,0,0,0,0,0,0,0,0,0,0,0,0,0,0,0,0,0,0,0,0,0,0,0,0,0,0,0,0,0,0,0,0,0,0,0,0,0,0,0,0,0,0,0,0,0,0,0,0,0,0,0,0,0,0,0,0,0,0,0,0,0,0,0,0,0,0,0,0,0,0,0,0,0,0,0,0,0,0,0,0,0,0,0,0,0,0,0,0,0,0,0,0,0,0,0,0,0,0,0,0,0,0,0,0,0,0,0,0,0,0,0,0,0,0,0,0,0,0,0,0,0,0,0,0,0,0,0,0,0,0,0,0,0,0,0,0,0,0,0,0,0,0,0,0,0,0,0,0,0,0,0,0,0,0,0,0,0,0,0,0,0,0,0,0,0,0,0,0,0,0,0,0,0,0,0,0,0,0,0,0,0,0,0,0,0,0,0,0,0,0,0,0,0,0,0,0,0,0,0,0,0,0,0,0,0,0,0,0,0,0,0,0,0,0,0,0,0,0,0,0,0,0,0,0,0,0,0,0,0,0,0,0,0,0,0,0,0,0,0,0,0,0,0,0,0,0,0,0,
0,0,0,0,0,0,0,0,0,0,0,0,0,0,0,0,0,0,0,0,0,0,0,0,0,0,0,0,0,0,0,0,0,0,0,0,0,0,0,0,0,0,0,0,0,0,0,0,0,0,0,0,0,0,0,0,0,0,0,0,0,0,0,0,0,0,0,0,0,0,0,0,0,0,0,0,0,0,0,0,0,0,0,0,0,0,0,0,0,0,0,0,0,0,0,0,0,0,0,0,0,0,0,0,0,0,0,0,0,0,0,0,0,0,0,0,0,0,0,0,0,0,0,0,0,0,0,0,0,0,0,0,0,0,0,0,0,0,0,0,0,0,0,0,0,0,0,0,0,0,0,0,0,0,0,0,0,0,0,0,0,0,0,0,0,0,0,0,0,0,0,0,0,0,0,0,0,0,0,0,0,0,0,0,0,0,0,0,0,0,0,0,0,0,0,0,0,0,0,0,0,0,0,0,0,0,0,0,0,0,0,0,0,0,0,0,0,0,0,0,0,0,0,0,0,0,0,0,0,0,0,0,0,0,0,0,0,0,0,0,0,0,0,0,0,0,0,0,0,0,0,0,0,0,0,0,
0,0,0,0,0,0,0,0,0,0,0,0,0,0,0,0,0,0,0,0,0,0,0,0,0,0,0,0,0,0,0,0,0,0,0,0,0,0,0,0,0,0,0,0,0,0,0,0,0,0,0,0,0,0,0,0,0,0,0,0,0,0,0,0,0,0,0,0,0,0,0,0,0,0,0,0,0,0,0,0,0,0,0,0,0,0,0,0,0,0,0,0,0,0,0,0,0,0,0,0,0,0,0,0,0,0,0,0,0,0,0,0,0,0,0,0,0,0,0,0,0,0,0,0,0,0,0,0,0,0,0,0,0,0,0,0,0,0,0,0,0,0,0,0,0,0,0,0,0,0,0,0,0,0,0,0,0,0,0,0,0,0,0,0,0,0,0,0,0,0,0,0,0,0,0,0,0,0,0,0,0,0,0,0,0,0,0,0,0,0,0,0,0,0,0,0,0,0,0,0,0,0,0,0,0,0,0,0,0,0,0,0,0,0,0,0,0,0,0,0,0,0,0,0,0,0,0,0,0,0,0,0,0,0,0,0,0,0,0,0,0,0,0,0,0,0,0,0,0,0,0,0,0,0,0,0,
0,0,0,0,0,0,0,0,0,0,0,0,0,0,0,0,0,0,0,0,0,0,0,0,0,0,0,0,0,0,0,0,0,0,0,0,0,0,0,0,0,0,0,0,0,0,0,0,0,0,0,0,0,0,0,0,0,0,0,0,0,0,0,0,0,0,0,0,0,0,0,0,0,0,0,0,0,0,0,0,0,0,0,0,0,0,0,0,0,0,0,0,0,0,0,0,0,0,0,0,0,0,0,0,0,0,0,0,0,0,0,0,0,0,0,0,0,0,0,0,0,0,0,0,0,0,0,0,0,0,0,0,0,0,0,0,0,0,0,0,0,0,0,0,0,0,0,0,0,0,0,0,0,0,0,0,0,0,0,0,0,0,0,0,0,0,0,0,0,0,0,0,0,0,0,0,0,0,0,0,0,0,0,0,0,0,0,0,0,0,0,0,0,0,0,0,0,0,0,0,0,0,0,0,0,0,0,0,0,0,0,0,0,0,0,0,0,0,0,0,0,0,0,0,0,0,0,0,0,0,0,0,0,0,0,0,0,0,0,0,0,0,0,0,0,0,0,0,0,0,0,0,0,0,0,0,
0,0,0,0,0,0,0,0,0,0,0,0,0,0,0,0,0,0,0,0,0,0,0,0,0,0,0,0,0,0,0,0,0,0,0,0,0,0,0,0,0,0,0,0,0,0,0,0,0,0,0,0,0,0,0,0,0,0,0,0,0,0,0,0,0,0,0,0,0,0,0,0,0,0,0,0,0,0,0,0,0,0,0,0,0,0,0,0,0,0,0,0,0,0,0,0,0,0,0,0,0,0,0,0,0,0,0,0,0,0,0,0,0,0,0,0,0,0,0,0,0,0,0,0,0,0,0,0,0,0,0,0,0,0,0,0,0,0,0,0,0,0,0,0,0,0,0,0,0,0,0,0,0,0,0,0,0,0,0,0,0,0,0,0,0,0,0,0,0,0,0,0,0,0,0,0,0,0,0,0,0,0,0,0,0,0,0,0,0,0,0,0,0,6,6,0,0,0,0,0,0,0,0,0,0,0,0,0,0,0,0,0,0,0,0,0,0,0,0,0,0,0,0,0,0,0,0,0,0,0,0,0,0,0,0,0,0,0,0,0,0,0,0,0,0,0,0,0,0,0,0,0,0,0,0,0,
0,0,0,0,0,0,0,0,0,0,0,0,0,0,0,0,0,0,0,0,0,0,0,0,0,0,0,0,0,0,0,0,0,0,0,0,0,0,0,0,0,0,0,0,0,0,0,0,0,0,0,0,0,0,0,0,0,0,0,0,0,0,0,0,0,0,0,0,0,0,0,0,0,0,0,0,0,0,0,0,0,0,0,0,0,0,0,0,0,0,0,0,0,0,0,0,0,0,0,0,0,0,0,0,0,0,0,0,0,0,0,0,0,0,0,0,0,0,0,0,0,0,0,0,0,0,0,0,0,0,0,0,0,0,0,0,0,0,0,0,0,0,0,0,0,0,0,0,0,0,0,0,0,0,0,0,0,0,0,0,0,0,0,0,0,0,0,0,0,0,0,0,0,0,0,0,0,0,0,0,0,0,0,0,0,0,0,0,0,0,0,0,0,0,7,0,0,0,0,0,0,0,0,0,0,0,0,0,0,0,0,0,0,0,0,0,0,0,0,0,0,0,0,0,0,0,0,0,0,0,0,0,0,0,0,0,0,0,0,0,0,0,0,0,0,0,0,0,0,0,0,0,0,0,0,0,
0,0,0,0,0,0,0,0,0,0,0,0,0,0,0,0,0,0,0,0,0,0,0,0,0,0,0,0,0,0,0,0,0,0,0,0,0,0,0,0,0,0,0,0,0,0,0,0,0,0,0,0,0,0,0,0,0,0,0,0,0,0,0,0,0,0,0,0,0,0,0,0,0,0,0,0,0,0,0,0,0,0,0,0,0,0,0,0,0,0,0,0,0,0,0,0,0,0,0,0,0,0,0,0,0,0,0,0,0,0,0,0,0,0,0,0,0,0,0,0,0,0,0,0,0,0,0,0,0,0,0,0,0,0,0,0,0,0,0,0,0,0,0,0,0,0,0,0,0,0,0,0,0,0,0,0,0,0,0,0,0,0,0,0,0,0,0,0,0,0,0,0,0,0,0,0,0,0,0,0,0,0,0,0,0,0,0,0,0,0,0,0,0,0,12,0,0,0,0,0,0,0,0,0,0,0,0,0,0,0,0,0,0,0,0,0,0,0,0,0,0,0,0,0,0,0,0,0,0,0,0,0,0,0,0,0,0,0,0,0,0,0,0,0,0,0,0,0,0,0,0,0,0,0,0,0,
0,0,0,0,0,0,0,0,0,0,0,0,0,0,0,0,0,0,0,0,0,7,0,0,0,0,0,0,0,0,0,0,0,0,0,0,0,0,0,0,0,0,0,0,0,0,0,0,0,0,0,0,0,0,0,0,0,0,0,0,0,0,0,0,0,0,0,0,0,0,0,0,0,0,0,0,0,0,0,0,0,0,0,0,0,0,0,0,0,0,0,0,0,0,0,0,0,0,0,0,0,0,0,0,0,0,0,0,0,0,0,0,0,0,0,0,0,0,0,0,0,0,0,0,0,0,0,0,0,0,0,0,0,0,0,0,0,0,0,0,0,0,0,0,0,0,0,0,0,0,0,0,0,0,0,0,0,0,0,0,0,0,0,0,0,0,0,0,0,0,0,0,0,0,0,0,0,0,0,0,0,0,0,0,0,0,0,0,0,0,0,0,0,3,12,13,12,0,0,11,0,0,0,0,0,0,0,0,0,0,0,0,0,0,0,0,0,21,0,0,0,0,0,0,0,0,0,0,0,0,0,0,0,0,0,0,0,0,0,0,0,0,0,0,0,0,0,0,0,0,0,0,0,0,0,0,
0,0,0,0,0,0,0,0,0,0,0,0,0,0,0,0,0,0,0,0,8,6,0,0,0,0,0,0,0,0,0,0,0,0,0,0,0,0,0,0,0,0,0,0,0,0,0,0,0,0,0,0,0,0,0,0,0,0,0,0,0,0,0,0,0,0,0,0,0,0,0,0,0,0,0,0,0,0,0,0,0,0,0,0,0,0,0,0,0,0,0,0,0,0,0,0,0,0,0,0,0,0,7,0,0,0,0,0,0,0,0,0,0,0,0,0,0,0,0,0,0,0,0,0,0,0,0,0,0,0,0,0,0,0,0,0,0,0,0,0,0,0,0,0,0,0,0,0,0,0,0,0,0,0,0,0,0,0,0,0,0,0,12,0,0,0,0,0,0,0,0,0,0,0,0,0,0,0,0,0,0,0,0,0,0,0,0,0,0,0,0,0,0,0,13,0,11,13,0,0,0,0,0,0,0,0,0,0,0,0,0,0,0,0,0,0,0,22,0,0,0,0,0,0,0,0,0,0,0,0,0,21,0,0,0,0,21,0,0,0,0,0,0,0,0,0,0,0,0,0,0,0,0,0,0,0,
0,0,0,0,0,0,0,0,0,0,0,0,0,0,0,0,0,0,0,0,0,7,0,0,0,0,0,0,0,0,0,0,0,0,0,0,0,0,0,0,0,0,0,0,0,0,0,0,0,0,0,0,0,0,0,0,0,0,0,0,0,0,0,0,0,0,0,0,0,0,0,0,0,0,0,0,0,0,0,0,0,0,0,0,0,0,0,0,0,0,0,0,0,0,0,0,0,0,0,0,0,0,16,0,8,0,0,0,0,0,0,0,0,0,0,0,0,0,0,0,0,0,0,0,0,0,0,0,0,0,0,0,0,0,0,0,0,0,0,0,0,0,0,0,0,0,0,0,0,0,0,0,0,0,0,0,0,0,0,0,0,0,12,0,0,0,0,0,0,0,0,0,0,0,0,0,0,0,0,0,0,0,0,0,0,0,0,0,0,0,0,0,0,0,0,4,12,12,12,0,0,0,0,0,0,0,0,0,0,0,0,0,0,0,0,0,0,19,16,0,0,0,0,0,0,0,0,0,22,21,0,22,0,0,0,22,23,23,0,0,0,0,0,0,0,0,0,0,0,0,0,0,0,0,0,0,
0,0,22,0,0,0,0,0,0,0,0,0,0,0,0,0,0,0,0,0,0,0,0,8,0,0,0,0,0,0,0,0,0,0,0,0,0,14,0,0,0,0,0,0,0,0,0,0,0,0,0,20,0,0,22,0,0,0,0,0,0,0,7,0,0,0,0,0,0,0,0,0,0,0,0,0,0,0,0,0,0,0,0,0,0,0,0,0,0,0,0,0,0,0,0,0,0,0,0,0,0,0,17,0,0,12,9,0,0,0,0,0,0,0,0,0,0,0,0,0,0,0,0,0,0,0,0,0,0,0,0,0,0,0,0,0,0,0,0,0,0,0,0,0,0,0,0,0,0,0,0,0,0,0,0,0,0,0,0,0,0,0,0,0,0,0,0,0,0,0,0,0,0,0,0,0,0,0,0,0,0,0,0,0,0,0,0,0,0,0,0,0,0,0,0,9,9,13,9,0,0,0,0,0,0,0,0,0,0,0,0,0,0,0,0,0,0,17,16,0,0,0,0,0,0,0,0,0,21,22,21,0,0,0,0,0,0,23,22,23,0,0,0,0,0,0,0,0,0,0,0,0,0,0,0,0,
0,0,0,23,0,0,0,0,0,0,0,0,0,0,0,0,0,0,0,0,0,0,0,0,0,0,0,0,0,13,14,0,0,0,0,0,0,14,15,0,0,0,0,0,0,0,0,0,22,0,0,20,20,0,0,17,0,0,0,0,0,0,0,0,13,0,0,0,0,0,0,0,0,0,0,0,0,0,0,0,0,0,0,0,0,0,0,0,0,0,0,0,0,0,0,0,15,0,0,0,0,0,0,0,0,0,10,0,0,0,0,0,0,0,13,0,0,0,0,0,0,0,0,0,0,0,0,0,0,0,0,0,0,0,0,0,0,0,0,0,0,0,0,0,0,0,0,0,0,0,0,0,0,0,0,0,0,0,0,13,0,0,0,0,0,0,0,0,0,0,0,0,0,0,0,0,0,0,0,0,0,0,0,13,0,0,0,0,0,11,0,0,0,0,8,8,0,0,10,0,0,0,0,0,0,0,0,0,0,0,0,11,0,0,0,0,0,17,18,17,0,19,0,0,0,0,23,0,0,22,22,0,0,0,0,0,23,23,22,0,24,0,0,0,0,0,0,0,0,0,0,0,0,0,0,0,
0,0,0,0,0,0,0,0,0,0,0,0,0,0,0,0,0,0,0,0,0,0,0,0,0,0,0,0,0,0,0,0,0,0,0,0,0,0,15,0,0,0,0,0,0,0,0,17,0,0,0,0,0,0,0,0,22,0,0,0,0,0,15,8,14,0,0,0,0,0,14,0,0,12,0,0,0,0,0,0,0,0,0,0,0,0,0,0,0,0,0,0,0,0,18,0,0,0,0,0,0,0,0,0,0,0,0,0,0,0,0,0,0,0,0,12,0,12,0,0,0,0,0,15,0,0,0,0,0,0,0,0,0,0,0,0,0,0,0,0,0,0,0,0,0,0,0,0,0,0,0,0,0,0,0,0,0,0,0,0,0,0,0,0,0,0,0,0,0,0,0,0,0,0,0,0,0,15,15,0,0,0,0,0,0,0,0,0,0,0,13,0,0,12,0,0,9,0,9,0,0,0,0,0,0,0,0,0,0,0,0,0,0,0,0,0,0,18,19,17,0,0,0,0,0,0,0,23,0,0,0,23,21,0,0,0,0,23,23,23,0,0,0,0,0,0,0,0,0,0,0,0,0,0,0,0,
0,0,0,0,0,0,0,0,0,0,0,0,0,0,0,0,0,0,0,0,0,0,0,0,14,0,0,0,16,0,0,0,0,0,0,21,12,0,0,0,0,0,0,0,0,18,0,0,20,21,21,0,0,0,0,24,23,14,0,18,0,0,0,9,15,0,0,0,0,11,0,0,13,0,0,0,18,0,0,25,0,0,0,0,0,0,0,0,0,0,0,0,0,0,0,19,0,0,0,0,0,0,0,0,0,0,0,0,0,0,12,0,0,13,0,0,13,12,0,0,0,18,0,17,15,17,0,0,0,0,0,0,0,0,0,0,0,0,0,0,0,0,0,0,0,0,0,0,0,0,0,0,0,0,0,0,0,0,0,0,0,13,0,16,0,0,0,0,0,0,0,15,0,0,0,20,18,16,16,9,18,0,0,15,0,0,0,0,11,0,0,16,0,17,17,0,10,7,0,12,0,0,0,0,0,0,0,0,0,0,13,13,0,0,0,0,0,0,0,0,14,0,0,14,0,0,0,0,0,0,0,23,0,0,25,0,0,0,24,24,0,0,0,0,0,0,0,0,0,0,0,0,0,0,0,0,
0,0,15,0,0,0,18,17,0,0,0,0,0,0,0,0,0,0,0,0,0,0,18,15,15,0,11,0,15,0,0,0,0,0,0,24,12,0,0,0,26,0,0,0,0,19,24,0,0,20,22,21,0,18,0,0,0,0,15,18,18,0,0,0,16,0,0,0,16,0,0,0,0,24,0,21,19,0,0,22,26,0,0,0,0,0,0,0,0,0,0,0,0,0,16,0,0,0,0,0,0,0,0,0,0,14,14,0,0,0,0,0,10,10,14,13,25,0,13,0,0,16,0,13,0,17,0,0,0,0,0,0,0,0,0,0,0,0,0,0,0,0,0,0,0,0,0,0,0,0,0,0,0,0,0,0,17,0,13,0,0,14,0,0,0,0,0,0,0,17,0,0,15,19,0,16,15,0,0,0,19,0,0,17,0,14,0,12,0,19,0,15,17,12,21,18,15,16,19,23,15,20,0,0,0,18,0,0,0,0,13,17,14,0,0,0,0,0,0,26,15,0,0,0,0,0,0,0,0,0,26,24,0,0,0,0,0,0,0,0,0,0,0,0,0,0,0,0,0,0,0,0,0,0,0,0,
11,18,16,19,0,16,22,18,9,0,17,0,12,16,0,0,0,0,0,0,0,0,18,19,14,0,15,23,15,16,0,0,0,0,0,0,23,13,21,27,0,0,0,0,25,25,21,24,23,0,21,0,0,0,20,21,0,17,0,18,0,0,0,0,0,0,0,0,0,14,0,0,0,0,26,0,17,24,0,0,24,0,0,21,0,0,0,0,0,0,0,0,0,0,18,17,0,0,0,0,0,0,0,0,0,15,14,14,0,0,0,0,10,0,13,14,13,25,14,0,0,0,0,0,18,0,0,0,0,0,0,19,0,0,0,0,0,0,0,20,14,0,0,0,0,0,20,0,0,0,0,0,0,0,16,0,0,0,17,14,14,16,0,17,0,0,0,0,0,0,0,0,18,0,19,18,18,0,0,0,0,0,0,18,15,15,16,12,17,15,21,16,0,18,17,17,17,18,19,15,16,0,21,18,0,22,18,12,12,17,0,18,17,17,0,12,15,0,27,27,15,0,0,17,0,0,0,0,0,0,0,0,0,0,0,0,0,0,0,0,0,0,0,0,0,0,0,0,0,0,0,0,0,0,0,0,
12,21,9,8,0,18,10,22,21,10,8,8,17,22,16,0,0,0,18,0,0,0,18,18,15,16,14,24,20,14,0,0,24,0,27,19,23,25,23,23,27,0,0,0,25,0,25,23,24,21,0,25,22,0,22,18,0,17,22,0,0,0,0,0,0,0,0,0,0,20,19,17,16,0,26,0,17,19,24,0,24,21,23,15,5,0,0,0,0,0,0,0,0,0,0,18,16,21,18,17,0,0,0,21,0,0,0,16,0,0,0,0,14,14,13,14,15,26,25,19,19,0,0,0,0,0,0,0,0,0,0,0,0,17,0,0,0,17,15,15,0,15,0,0,0,0,19,0,21,23,0,0,0,0,17,25,0,0,0,0,18,17,15,0,0,0,0,0,14,0,20,0,20,0,19,17,15,15,18,0,22,0,18,17,16,15,17,14,13,17,19,20,19,19,16,19,17,16,18,17,22,22,0,20,19,20,19,17,0,17,17,16,16,17,14,13,15,0,29,14,0,0,0,0,20,15,22,0,0,0,19,0,0,0,0,0,0,0,0,0,0,0,0,0,0,0,0,0,0,0,0,0,0,0,0,0,
13,21,23,18,9,10,12,11,23,6,8,12,8,17,20,19,0,0,0,0,0,0,20,20,19,23,21,25,13,15,22,29,28,27,29,23,24,25,24,29,27,19,18,25,25,17,0,23,23,22,21,23,20,19,22,18,20,18,18,13,12,17,0,0,0,15,19,0,21,20,19,18,18,16,26,27,21,17,15,18,17,22,0,23,6,9,0,0,0,0,27,0,15,0,0,19,16,20,21,18,11,20,0,22,0,0,0,0,0,0,0,0,0,14,0,26,14,0,16,25,20,18,0,0,0,0,18,0,0,0,0,12,0,15,0,0,0,0,16,16,14,19,22,0,17,0,0,22,22,24,24,25,18,18,18,18,16,0,18,19,0,18,17,0,19,14,0,14,16,17,14,21,22,21,20,16,18,16,16,18,0,0,0,21,18,16,15,15,17,21,17,20,20,19,22,17,18,20,23,18,23,18,22,20,19,18,14,16,18,18,15,17,14,18,14,15,15,0,29,19,15,0,0,0,17,21,21,23,22,0,0,23,21,0,16,24,20,0,0,0,19,0,0,0,0,0,0,0,0,0,0,0,0,0,0,0,
17,21,10,24,10,9,19,12,11,23,15,14,21,22,21,0,19,0,0,20,20,18,0,20,23,25,12,23,14,14,22,23,29,21,0,24,19,24,25,25,22,0,0,20,19,20,18,19,18,18,22,23,25,21,17,22,21,19,18,19,20,0,17,0,0,16,15,18,11,22,14,23,20,19,21,27,23,18,23,19,19,18,18,19,15,7,0,0,16,26,28,0,0,15,19,20,23,21,22,19,22,20,19,23,14,0,16,14,0,0,0,0,0,13,0,15,27,24,0,25,25,28,0,29,0,0,0,19,19,0,21,18,12,17,16,15,0,15,17,16,15,15,0,19,0,0,14,22,25,26,26,19,13,15,15,19,19,19,20,19,18,19,14,19,21,21,16,15,14,18,14,9,28,20,20,14,16,18,19,19,18,0,22,18,21,18,23,19,13,22,21,22,21,15,21,16,19,14,21,19,24,24,28,21,20,20,20,20,20,18,16,0,15,0,17,16,20,27,0,26,0,0,0,16,25,22,23,21,22,0,26,25,22,17,17,16,22,0,19,0,20,0,0,19,0,0,0,0,0,0,0,0,0,0,0,0,
16,15,22,11,12,22,10,0,12,12,0,13,20,22,19,23,20,23,22,22,22,26,17,19,18,24,17,20,13,23,23,30,29,29,22,21,20,20,18,27,22,0,0,22,18,29,20,19,19,17,25,21,26,18,21,23,19,20,22,20,21,0,15,0,16,0,16,16,29,15,17,24,17,19,20,20,24,24,23,23,20,19,19,25,16,17,20,0,0,17,17,0,0,0,20,20,10,24,21,22,22,0,14,20,25,15,17,16,0,22,0,0,0,0,22,15,21,24,25,19,0,0,28,18,19,0,19,20,19,0,0,19,19,17,17,19,16,17,18,18,27,19,18,20,19,16,15,15,25,24,21,9,21,20,13,19,18,20,0,20,17,15,20,19,22,24,23,16,15,18,12,10,11,20,25,14,17,18,17,18,19,19,20,18,17,17,20,18,17,17,22,21,22,23,22,25,19,22,18,16,20,25,18,21,20,19,19,21,19,20,19,19,20,0,0,20,20,21,21,28,0,26,28,24,24,26,23,23,24,23,26,26,27,19,17,16,22,22,21,19,23,20,18,27,19,25,0,0,0,0,0,0,0,0,0,0,
16,20,20,22,11,23,23,17,13,18,0,24,22,21,12,21,23,22,23,18,16,16,24,17,21,21,25,22,21,24,24,18,32,30,21,22,0,21,21,25,22,22,0,23,16,22,29,27,18,18,25,21,25,19,22,23,20,13,21,25,21,13,17,17,15,16,0,16,24,29,18,25,18,19,19,21,23,25,24,24,26,20,21,25,18,17,20,21,18,18,24,26,0,0,20,0,23,10,22,20,22,22,14,17,24,26,23,15,21,19,17,0,19,0,25,21,22,22,25,24,0,20,22,19,19,0,20,20,20,0,20,19,18,20,18,15,22,20,18,18,21,20,21,22,20,21,18,19,17,25,22,21,22,21,17,20,18,18,23,17,0,16,20,14,23,22,15,23,16,17,20,14,17,12,21,24,18,18,19,16,19,20,19,18,30,22,20,21,28,16,17,23,22,23,15,17,18,22,22,16,16,15,20,18,21,0,18,20,27,21,23,20,0,17,22,21,21,20,27,24,29,25,28,25,25,25,24,19,20,23,0,26,15,22,18,18,20,19,18,22,22,22,18,16,25,26,0,0,0,0,0,0,0,0,0,0,
19,18,21,24,14,21,24,24,20,19,20,0,15,24,12,21,23,22,20,23,26,16,19,23,22,23,18,23,22,25,24,18,32,19,22,18,19,17,23,24,25,23,20,25,17,23,29,27,18,19,21,26,20,24,19,18,19,25,23,22,24,20,18,18,18,0,0,17,20,29,30,25,25,24,20,24,25,18,26,27,28,27,21,17,21,24,24,18,27,26,25,19,25,21,21,20,14,0,22,21,22,23,22,24,17,25,17,16,23,19,30,0,18,20,23,25,16,22,0,23,0,0,30,0,0,17,0,0,0,0,18,19,19,25,22,23,23,22,21,21,20,21,24,20,22,22,18,21,17,28,27,19,20,20,19,18,18,29,24,18,0,19,20,21,12,24,17,16,15,16,20,17,13,19,12,27,23,23,17,17,17,19,26,18,29,30,29,21,28,17,17,24,22,23,15,16,17,22,23,20,19,18,16,26,24,21,21,17,19,18,21,23,14,25,27,23,23,23,27,21,21,25,26,30,26,30,27,21,23,21,24,15,15,23,24,21,20,22,20,19,21,25,22,22,0,25,25,27,0,0,0,0,0,0,0,0,
14,19,15,16,24,15,20,25,24,20,18,15,16,24,25,19,26,22,22,21,23,26,21,26,27,23,26,19,20,26,25,31,24,18,19,19,19,22,20,20,23,20,24,22,26,23,28,27,21,21,20,22,21,22,20,18,19,31,23,17,22,23,20,21,17,18,17,24,21,23,31,22,21,25,16,24,19,18,20,22,22,28,22,27,17,19,22,22,28,28,20,22,27,20,0,21,20,15,15,16,13,12,25,24,19,26,28,18,26,23,23,19,19,19,20,24,18,18,0,24,21,0,23,0,0,18,0,0,0,0,22,27,21,21,25,23,24,22,20,20,22,23,25,24,21,21,15,23,22,24,27,15,16,20,17,19,20,19,20,22,19,20,20,17,13,19,26,18,19,14,20,21,18,20,18,12,25,19,18,24,18,20,19,25,25,23,23,19,27,24,22,25,21,24,16,16,17,26,18,17,20,19,18,22,20,24,22,20,17,17,22,23,26,25,28,19,0,25,24,27,25,21,23,26,30,21,20,28,22,23,22,24,22,15,23,23,18,22,18,21,21,21,24,21,29,26,27,0,0,0,0,0,0,0,0,0,
23,15,16,17,23,16,23,13,19,20,21,26,26,26,24,20,27,23,22,24,24,18,22,24,27,24,21,25,26,20,20,23,23,22,22,22,19,21,28,22,24,21,23,24,21,23,28,31,21,21,21,21,25,21,29,28,30,33,23,17,24,24,22,22,27,21,23,22,19,26,23,23,23,22,18,17,19,18,16,26,21,23,23,24,18,20,25,23,27,21,21,22,22,26,0,0,21,20,19,17,16,13,13,14,23,20,20,28,25,19,24,27,29,21,21,20,19,19,19,19,24,21,23,24,0,0,0,0,24,0,22,23,21,23,27,26,25,26,26,23,23,20,24,26,15,15,16,15,22,26,28,25,23,22,18,18,20,24,22,27,22,22,21,18,20,21,22,19,17,18,16,21,14,19,19,19,25,19,26,25,25,24,23,21,26,26,20,20,27,25,30,25,20,22,22,18,17,17,18,18,19,21,25,25,18,17,25,19,19,19,22,24,28,23,28,20,21,22,25,21,25,22,24,25,22,27,23,22,23,23,22,18,22,20,20,21,22,24,22,29,28,21,24,25,28,23,29,0,0,0,0,0,0,0,0,0,
24,13,18,17,18,24,24,26,28,25,21,27,26,19,20,25,20,25,23,24,22,19,19,29,26,21,22,22,22,21,21,22,20,26,22,19,19,22,17,21,22,25,22,23,22,29,30,27,28,21,22,22,26,29,30,29,24,31,32,27,23,25,23,24,21,25,18,23,17,27,23,23,24,21,18,16,20,18,17,22,27,22,24,27,18,27,17,23,20,22,22,28,28,27,20,23,21,20,20,21,16,17,16,22,28,23,22,21,26,25,23,28,21,20,22,22,21,20,19,26,23,24,22,25,25,26,0,24,22,25,23,22,24,24,27,27,25,25,26,26,23,24,27,23,16,16,21,16,26,27,26,24,22,18,28,19,18,22,24,24,31,26,27,33,18,21,14,23,16,19,18,19,17,27,18,23,27,28,26,28,26,24,24,22,22,23,25,21,24,26,28,27,21,21,16,16,18,25,19,18,20,21,21,24,19,18,24,20,22,20,24,22,23,22,21,29,27,22,22,23,21,20,25,23,23,25,24,24,22,23,24,26,18,23,21,21,22,26,22,23,26,28,27,29,26,25,26,29,0,0,0,0,0,0,0,0,
24,23,17,15,18,18,26,26,29,26,27,20,21,20,21,22,21,22,25,24,24,20,20,28,26,22,22,23,21,21,23,24,25,26,25,23,20,15,17,18,16,22,22,22,22,30,22,22,29,29,26,23,32,30,30,30,30,23,23,28,25,24,25,22,25,26,23,18,24,25,25,24,22,22,18,18,26,18,28,29,22,32,30,28,28,18,20,21,23,23,23,29,27,29,20,21,25,20,22,22,23,19,18,18,26,24,20,30,20,26,25,25,25,21,21,21,26,19,26,20,26,24,22,24,24,23,20,21,22,21,23,23,24,26,24,27,23,29,23,23,27,26,24,28,29,17,19,22,22,27,27,18,25,19,18,23,20,24,24,25,21,29,28,28,26,23,24,23,22,19,22,23,18,27,23,24,30,30,27,32,24,24,24,23,25,25,24,27,25,30,26,28,21,22,22,25,22,19,19,21,21,20,25,25,19,23,19,22,23,21,25,24,23,30,21,22,23,23,23,22,22,23,23,22,23,23,24,25,24,24,23,21,22,29,22,21,27,23,26,23,24,24,25,30,27,26,25,26,31,0,0,0,0,0,0,0,
25,23,27,16,16,18,20,29,26,27,21,22,22,21,26,21,26,23,22,22,24,21,29,29,27,28,26,23,24,23,33,30,27,25,28,26,26,26,22,18,17,19,22,22,29,28,31,25,26,27,29,27,29,20,31,31,28,26,26,28,27,26,25,24,24,26,27,23,25,24,22,26,22,20,20,18,31,20,18,30,29,22,30,31,29,18,25,22,25,23,28,29,23,21,22,30,25,25,22,22,18,24,20,20,19,29,28,21,23,21,26,20,24,23,25,26,27,21,27,22,27,27,27,26,20,24,21,22,30,21,24,23,24,25,23,29,30,29,23,24,24,31,26,25,28,29,31,26,23,23,25,25,19,27,19,29,21,26,24,29,22,30,30,25,27,26,18,24,27,25,26,23,25,28,26,26,31,33,28,27,29,23,23,23,24,25,29,25,26,28,23,27,28,27,23,26,26,26,21,20,25,21,25,22,25,22,23,23,23,24,22,24,24,30,22,23,27,28,23,28,23,23,24,24,29,26,26,24,26,23,26,32,32,26,30,22,22,24,29,29,24,25,25,24,24,25,26,28,31,27,30,0,0,0,0,0,
21,20,23,17,17,28,21,28,23,21,21,24,25,25,27,26,23,26,23,28,21,22,22,21,29,29,35,33,24,23,25,35,27,28,29,22,27,29,22,27,17,17,18,23,22,26,31,30,26,21,24,25,28,28,31,29,28,27,27,26,24,28,27,23,26,27,18,26,27,24,22,23,24,25,24,28,31,21,30,25,31,31,25,31,31,21,28,19,28,24,20,29,28,21,22,23,31,28,26,27,21,31,23,24,25,26,30,25,23,22,27,31,27,25,21,22,23,23,22,24,25,27,28,25,26,25,25,22,22,26,34,24,29,25,24,25,28,24,25,24,26,30,31,30,26,28,30,25,26,25,25,23,27,19,23,25,20,26,26,29,32,30,30,28,24,27,28,23,24,20,26,22,26,26,27,24,26,30,33,29,29,31,31,27,24,24,29,24,27,26,28,23,25,36,27,27,23,22,23,21,16,27,22,26,21,26,19,22,25,22,22,20,23,23,28,27,28,25,24,27,30,26,25,27,22,30,24,24,28,24,32,26,28,26,25,23,20,21,25,25,25,24,27,25,24,25,31,26,29,28,29,27,29,28,0,24,
24,21,25,24,23,27,27,29,27,29,26,23,25,25,25,24,26,27,24,25,23,21,21,28,29,32,30,22,24,25,25,35,29,23,29,23,24,28,27,26,17,18,19,29,22,31,27,28,30,23,26,26,33,32,30,30,30,26,26,28,27,26,27,30,24,19,25,27,27,25,21,26,20,19,19,33,31,32,31,29,21,22,31,29,20,23,22,21,21,28,29,29,24,29,20,20,33,26,28,28,27,23,24,20,25,25,26,23,26,23,33,32,26,26,24,22,23,23,23,25,25,30,28,29,29,25,26,24,22,26,34,30,24,28,24,24,26,25,26,27,26,27,26,33,31,29,30,24,24,26,29,27,26,25,23,24,23,21,21,30,26,32,32,25,25,25,26,30,24,23,27,23,23,24,27,28,25,27,29,29,29,30,30,28,28,29,24,26,25,29,29,24,24,25,35,24,27,23,23,23,17,24,24,21,28,22,23,25,25,21,21,27,23,24,22,24,28,29,26,28,30,34,23,27,24,28,29,25,30,30,20,20,21,27,24,26,29,21,22,28,23,25,25,23,26,26,27,32,26,26,26,29,27,25,26,26,
26,20,27,32,33,28,28,29,25,30,28,24,26,24,24,25,26,29,28,35,30,24,28,22,28,32,35,26,25,37,36,30,30,26,28,23,24,25,26,26,24,19,26,30,29,26,30,25,24,24,28,33,34,33,33,25,26,26,26,28,30,28,29,27,25,21,20,24,26,26,24,27,21,20,23,20,33,34,28,30,25,24,25,30,32,25,23,26,20,26,26,24,29,26,26,21,27,32,23,29,24,30,28,25,25,25,26,24,24,23,24,23,27,31,28,22,19,21,25,24,23,33,30,29,29,26,26,24,25,26,24,28,26,31,28,24,32,23,28,30,29,26,35,35,29,28,27,27,26,26,30,27,26,23,23,23,22,23,30,31,31,30,32,21,29,25,21,24,25,21,19,25,28,24,32,30,26,26,29,30,27,32,30,30,28,28,24,25,26,28,25,27,25,22,26,24,28,24,23,23,18,22,22,22,22,24,30,26,26,20,23,20,24,23,24,25,26,25,27,34,31,23,27,25,28,28,27,25,30,30,23,21,23,22,26,28,29,27,23,27,29,26,24,22,26,25,30,28,31,28,27,27,28,27,27,26,
32,30,28,27,30,33,30,29,24,26,26,29,25,25,29,30,30,31,34,35,32,30,32,24,31,24,23,25,25,35,31,30,35,36,33,34,33,25,25,28,25,26,26,26,26,26,31,29,28,32,33,34,35,27,34,21,27,25,31,28,30,30,29,25,23,26,22,28,23,27,26,25,28,21,25,25,33,34,30,29,30,32,25,27,32,28,26,24,21,21,22,27,27,26,29,26,26,22,33,29,28,26,28,30,26,28,31,21,26,21,26,24,29,31,25,22,25,20,22,28,29,27,34,27,31,31,30,26,27,26,24,26,27,26,27,27,33,26,30,30,25,27,29,36,23,29,34,29,24,28,26,31,25,28,29,24,21,24,26,31,31,28,29,22,21,29,26,25,25,26,22,27,24,27,32,25,27,25,29,31,30,28,30,31,27,29,32,25,27,34,28,29,24,25,24,26,27,25,21,24,25,24,20,26,22,25,30,28,27,28,27,27,24,29,28,25,30,27,26,25,28,26,28,25,28,28,29,29,27,26,25,22,24,23,26,28,25,25,28,26,26,24,25,22,24,26,31,29,32,32,29,29,28,27,26,26,
23,35,26,29,31,26,29,30,29,28,29,30,30,24,30,31,31,34,31,30,25,31,32,24,32,28,23,25,25,27,35,23,26,37,37,34,24,26,26,27,28,26,27,25,29,32,27,31,28,32,34,23,29,27,22,25,28,27,30,31,27,31,32,32,32,36,34,25,27,26,26,24,26,29,26,25,32,33,30,31,27,33,26,31,27,28,28,26,27,25,24,27,26,25,30,27,29,25,34,30,31,26,26,29,24,23,32,23,21,21,24,26,30,28,26,26,27,24,24,27,26,25,22,32,28,29,29,25,27,22,25,28,28,28,29,25,28,26,30,31,28,24,22,29,23,25,34,25,25,26,28,29,25,28,31,24,22,22,25,27,31,29,30,30,31,26,26,22,26,25,22,29,28,29,32,32,36,35,32,29,29,29,30,28,33,28,28,29,32,30,29,28,27,27,27,24,28,27,27,21,25,26,25,24,23,29,27,25,28,28,22,26,26,25,28,30,24,30,29,25,30,26,27,25,29,29,28,30,26,27,27,26,28,29,24,26,26,32,29,24,26,26,33,23,25,25,26,30,32,31,30,29,30,30,28,27,
26,28,27,27,31,27,24,29,31,33,30,28,30,25,25,23,32,33,34,30,25,28,32,24,33,30,25,24,26,30,25,27,27,26,30,37,24,24,29,29,27,26,25,25,26,30,27,29,32,29,33,30,23,29,29,27,28,26,31,31,27,32,32,32,32,27,34,25,19,27,26,36,26,29,28,31,32,30,33,32,31,30,33,35,33,32,27,29,28,30,24,27,30,28,31,29,31,30,27,31,28,28,26,27,26,26,27,26,22,24,23,21,31,22,21,29,28,26,24,25,28,23,27,35,36,29,29,29,28,25,22,28,28,33,31,30,26,27,27,26,39,24,30,28,24,34,27,26,28,27,29,31,29,29,26,25,23,23,24,27,26,29,27,27,23,30,36,27,31,26,31,26,30,35,36,34,35,36,29,32,29,27,34,33,34,29,29,34,33,34,27,35,29,26,24,24,25,30,27,29,22,22,32,24,23,29,33,28,31,29,28,29,26,23,31,29,30,27,30,25,35,29,27,29,26,29,29,25,24,33,35,27,29,26,25,25,27,28,33,31,25,26,27,26,27,28,27,25,32,33,30,31,33,32,33,33,
29,29,29,34,29,31,24,31,24,34,30,28,31,34,32,26,24,30,31,31,29,28,28,27,29,27,31,32,33,27,26,23,28,28,27,27,31,25,26,29,25,29,27,26,26,28,31,37,28,27,31,29,31,24,29,30,28,30,27,26,27,28,32,33,29,39,29,26,31,20,21,25,36,28,33,32,32,31,33,34,28,28,34,31,35,32,30,28,29,28,25,30,30,30,29,33,30,31,30,29,30,27,27,28,27,26,25,27,28,23,24,23,24,22,21,31,29,28,29,31,29,29,24,35,36,36,37,29,29,28,23,28,32,32,25,32,27,29,28,27,28,28,24,24,26,35,24,29,27,31,26,29,28,30,34,26,27,28,25,34,26,26,26,25,27,30,26,36,28,32,29,27,29,32,36,34,33,34,31,34,31,31,28,30,35,35,30,34,34,27,30,29,28,27,27,24,25,29,29,29,30,29,23,34,30,30,31,33,28,25,31,29,30,24,31,33,32,32,35,29,36,29,30,37,37,30,29,32,26,22,25,35,30,30,26,29,27,28,32,34,29,28,33,27,26,26,27,26,33,31,31,33,34,34,33,33,
28,28,30,35,25,34,25,27,26,34,28,29,29,31,32,33,32,32,32,30,28,29,28,29,28,29,32,32,33,29,28,29,28,28,29,28,31,32,26,30,27,33,29,29,29,30,32,32,32,30,32,30,26,24,24,29,31,30,28,32,27,28,34,34,33,30,33,30,27,32,30,25,25,29,38,27,27,33,28,34,30,30,35,36,36,33,33,29,29,28,31,26,29,30,33,27,33,30,31,33,30,33,33,32,31,28,28,29,30,28,24,28,24,25,29,31,30,31,30,29,32,39,32,29,25,29,38,27,28,29,29,30,36,33,26,28,28,28,29,29,29,29,41,33,33,32,29,29,28,30,29,30,28,31,32,28,40,29,29,35,32,27,29,26,26,24,31,27,26,32,33,22,30,31,30,35,34,35,33,32,36,34,31,31,26,36,34,35,34,29,33,29,36,28,29,25,29,29,31,30,27,27,24,27,30,29,31,29,32,32,28,29,25,22,28,34,35,25,36,28,30,31,35,37,30,30,30,28,34,25,25,33,31,33,27,29,28,32,29,32,34,28,27,33,27,27,35,28,36,32,32,32,32,34,33,32,
30,29,28,30,34,33,34,28,29,35,28,29,30,25,32,26,30,34,27,31,31,28,29,32,29,31,26,33,33,30,29,31,30,29,30,28,30,32,32,32,33,33,33,30,30,29,30,29,34,33,29,31,29,28,31,28,28,26,34,29,32,25,30,35,37,34,30,28,32,33,23,26,27,31,38,31,29,28,29,40,31,36,37,30,31,29,35,31,33,29,30,30,27,30,30,23,34,32,33,31,31,34,27,32,32,31,29,30,29,31,29,25,25,29,26,32,28,31,37,31,28,40,30,26,25,26,26,30,30,28,30,30,36,37,33,26,27,33,29,32,28,32,29,29,34,26,31,30,27,28,30,28,29,31,33,29,29,30,30,30,33,32,28,29,24,27,28,30,32,31,27,24,23,23,33,34,35,35,34,34,30,32,32,35,34,26,34,23,34,28,34,34,29,28,28,27,28,30,31,32,36,28,26,28,28,27,30,29,34,25,29,27,21,22,33,26,35,30,32,32,32,31,31,31,31,33,29,29,35,35,27,36,35,26,34,29,29,29,32,30,32,31,29,35,35,28,36,34,32,32,33,31,36,34,33,32,
32,31,31,31,30,29,32,28,28,30,31,29,32,27,26,32,30,32,33,28,30,31,31,30,32,31,30,29,30,27,31,28,28,28,30,31,31,27,30,36,34,34,30,34,34,31,30,29,31,31,35,36,30,30,26,29,27,27,26,36,32,33,32,27,31,37,28,28,35,33,28,28,25,36,31,31,32,29,29,34,39,40,38,37,31,30,31,33,32,29,30,32,31,33,32,30,35,34,33,32,35,36,35,29,33,28,28,30,28,34,29,34,36,30,30,30,32,29,30,33,29,31,31,32,34,26,37,29,31,32,31,30,27,33,33,27,33,31,32,33,31,32,31,31,34,26,28,26,29,26,30,29,30,31,31,40,26,27,26,32,33,28,33,29,27,25,25,33,32,33,27,28,26,27,38,31,34,31,35,34,32,31,33,32,35,36,35,36,37,28,32,30,30,35,29,28,37,29,34,30,32,31,29,36,29,29,28,30,27,34,26,35,33,32,29,24,26,30,29,37,32,32,31,42,40,42,28,29,35,35,32,37,37,36,34,33,32,30,30,30,33,34,32,32,35,32,37,29,36,32,34,35,33,33,33,33,
31,33,27,33,26,31,30,33,29,33,29,30,33,32,31,35,32,33,36,30,35,32,40,31,34,29,30,30,35,31,28,29,28,31,29,33,29,26,35,34,35,30,31,34,34,30,30,30,35,31,29,35,36,33,29,28,29,28,27,30,27,33,28,28,30,32,29,30,29,33,29,31,29,34,33,31,34,31,34,31,32,40,33,39,32,35,32,32,33,30,34,32,33,39,33,34,35,35,34,34,30,34,33,32,37,35,33,31,29,29,29,35,28,32,31,26,36,33,32,33,37,29,32,33,34,28,36,30,29,29,30,32,27,38,34,32,33,33,32,37,34,35,31,32,31,34,28,35,31,26,26,26,34,32,25,30,30,30,34,27,32,32,29,30,30,27,33,33,31,33,34,33,34,31,38,38,28,37,31,40,31,32,32,36,34,27,30,38,37,31,33,33,33,31,35,36,37,37,30,37,31,32,29,29,29,31,31,29,33,28,28,34,36,30,30,34,26,25,36,37,31,30,31,31,41,40,26,27,30,34,37,33,38,33,35,36,36,32,31,32,29,31,30,33,33,33,31,38,34,35,34,33,36,37,33,33,
33,33,34,35,37,33,33,34,32,34,35,35,33,36,34,35,33,36,34,37,32,36,39,40,33,30,33,31,31,29,32,30,30,29,28,33,31,35,35,38,35,39,38,31,35,29,33,37,36,33,37,36,35,27,33,26,31,27,33,30,28,30,30,29,34,33,33,35,38,38,36,32,39,33,34,32,34,35,35,33,30,32,33,37,30,35,37,32,38,33,34,33,36,33,39,35,35,34,32,36,33,34,29,32,33,29,36,36,33,33,31,26,26,26,33,34,33,34,31,34,38,32,31,32,33,34,28,34,31,30,29,37,28,34,40,35,33,34,37,33,37,36,32,33,34,28,32,29,30,31,31,36,34,26,26,32,32,32,31,35,35,33,33,29,31,29,28,29,30,36,29,34,35,36,34,38,39,28,29,41,41,32,31,36,36,34,31,35,31,31,34,36,34,34,32,31,36,38,33,38,31,31,32,30,29,29,36,32,30,32,29,37,35,37,37,33,32,37,33,37,37,32,34,32,30,41,29,34,27,25,37,31,34,35,37,37,37,37,32,36,34,36,30,33,33,31,39,34,34,36,35,35,36,37,34,33,
41,42,33,35,30,31,33,39,35,33,36,36,34,35,36,35,34,30,30,37,37,32,34,33,29,32,33,30,31,29,30,38,35,32,31,31,29,35,34,35,39,35,38,38,35,37,32,33,34,33,35,36,36,31,27,26,26,33,28,33,29,32,34,31,35,33,34,35,36,37,37,39,33,35,36,33,32,34,35,32,31,31,33,34,37,31,33,34,33,34,31,34,32,37,35,35,29,35,34,36,33,34,35,31,33,36,28,36,35,34,32,33,38,29,27,36,36,34,32,34,34,33,39,34,33,26,29,38,33,34,36,36,32,32,29,28,30,33,38,35,34,37,37,32,34,36,33,26,30,34,33,35,36,35,31,29,32,35,37,32,35,32,30,30,34,32,30,30,31,31,33,32,35,37,37,34,43,30,30,41,42,32,34,33,34,32,33,39,33,30,32,37,36,35,35,32,38,38,31,33,32,31,32,31,32,32,30,31,32,37,37,36,36,38,37,37,33,39,27,38,38,36,34,33,29,30,35,27,38,37,31,36,36,31,29,38,37,34,38,37,34,34,31,31,32,35,29,34,34,36,36,35,36,35,35,34,
34,42,36,33,37,31,38,34,39,40,39,37,29,36,26,35,32,31,32,32,38,33,35,34,33,32,30,31,32,31,35,38,35,32,34,30,32,31,35,38,36,39,36,35,33,36,31,35,35,33,31,36,36,32,31,30,35,35,36,31,32,32,35,34,35,35,32,36,36,35,39,40,36,35,36,35,36,34,35,37,31,32,39,35,36,38,37,37,33,40,31,41,40,32,33,36,34,33,35,35,33,34,33,30,31,31,29,36,32,31,35,35,32,38,30,32,35,32,33,35,32,34,31,39,38,28,30,28,35,36,32,33,34,32,32,35,39,31,28,38,36,35,34,33,35,33,31,36,40,32,34,38,35,34,35,35,34,36,36,34,34,38,35,31,29,29,41,31,39,34,32,35,33,34,37,37,36,34,31,36,36,34,40,37,34,35,36,35,28,34,35,33,36,37,35,32,33,32,31,29,34,32,35,30,32,32,32,38,33,34,38,32,36,39,37,37,39,40,41,40,40,34,36,33,34,36,36,28,39,26,31,37,31,32,29,37,33,38,38,38,35,33,34,35,33,32,30,30,35,37,38,38,35,36,38,35,
35,34,38,37,34,37,38,35,40,37,41,36,41,29,32,36,30,32,29,32,31,33,31,35,30,33,33,34,42,32,37,36,38,35,35,33,36,32,34,37,38,36,38,32,32,39,32,32,35,34,32,35,37,39,33,36,36,36,36,37,33,34,33,29,29,40,33,39,37,37,41,39,37,36,37,38,35,34,35,35,35,32,39,42,35,35,39,39,37,34,39,42,39,33,36,34,34,32,36,37,36,34,33,35,31,31,31,31,32,29,29,29,37,38,40,41,34,39,40,34,33,34,36,36,39,40,28,28,36,35,36,36,37,35,35,39,40,29,29,30,29,34,34,32,35,35,32,34,36,41,40,32,36,33,33,35,35,36,36,37,35,34,34,39,38,29,30,32,40,35,33,33,35,40,33,35,36,34,34,34,35,37,37,35,39,37,31,29,28,29,34,39,38,37,37,32,32,34,37,29,32,35,38,31,34,32,32,34,35,38,35,34,38,37,40,38,35,38,41,37,37,36,32,34,35,33,27,29,29,27,24,37,37,32,37,34,34,34,35,38,34,37,33,37,34,34,33,31,30,29,38,37,38,33,32,35,
39,37,39,38,37,39,38,34,37,37,41,36,36,36,30,35,34,31,31,30,32,39,34,31,35,31,34,36,31,34,36,39,37,40,40,34,37,37,39,38,38,36,39,36,36,35,38,38,33,34,31,32,35,35,39,33,38,36,38,37,40,32,35,37,29,37,41,38,38,40,37,33,38,38,36,38,35,30,32,32,33,35,32,33,42,35,39,38,38,34,35,28,40,40,35,35,35,34,35,38,37,35,32,35,33,32,37,31,30,29,31,31,37,30,30,41,34,41,41,41,35,36,36,37,42,41,42,29,38,35,38,36,37,35,35,35,33,31,30,30,34,35,34,37,36,41,37,33,37,41,41,36,33,34,37,31,37,37,39,34,36,35,34,40,34,37,31,31,32,34,36,33,33,40,34,39,35,37,33,34,35,35,33,38,40,34,32,36,29,34,35,34,39,38,41,40,35,33,37,36,38,37,35,36,35,35,33,36,35,36,36,37,34,37,40,39,37,39,38,37,37,38,39,35,36,35,36,31,30,36,37,37,37,33,38,39,36,38,35,40,35,37,34,35,35,38,35,33,33,33,32,30,32,34,33,34,
34,36,35,43,40,37,34,40,35,37,38,40,37,36,32,30,34,34,29,31,31,38,33,32,34,36,35,34,37,35,38,37,38,40,40,31,34,35,41,39,39,35,32,36,34,37,35,39,39,40,32,37,36,36,35,33,32,33,36,42,40,38,34,38,30,30,34,38,39,37,32,41,39,38,38,36,36,37,34,35,37,35,33,33,34,30,36,37,40,36,31,42,33,29,35,36,31,36,36,34,35,38,40,36,33,32,34,36,32,31,30,38,38,37,40,36,35,42,35,41,34,36,34,38,34,36,38,41,37,35,39,37,38,36,36,36,33,35,40,39,40,35,37,37,38,37,39,38,39,38,38,37,36,38,39,34,38,37,39,38,35,39,39,39,39,39,34,34,34,35,36,33,34,38,29,35,35,36,41,34,33,30,37,35,37,36,33,33,35,35,37,35,35,40,32,35,35,34,34,40,40,40,38,39,36,42,37,36,39,32,38,38,34,37,38,39,38,41,41,39,38,37,40,38,35,35,35,32,31,37,26,37,40,34,33,40,41,38,39,38,39,35,38,35,36,38,35,34,34,33,32,31,32,35,35,36,
35,39,36,38,44,34,36,39,40,39,40,39,40,38,38,31,34,35,31,38,40,37,39,37,32,34,37,36,34,35,37,36,38,38,41,34,40,36,38,43,42,42,36,36,28,35,37,39,37,37,41,38,42,36,36,36,36,39,33,39,30,36,38,43,36,37,39,36,35,40,34,33,36,40,40,37,39,36,33,36,36,36,37,37,33,34,31,38,34,36,37,36,35,31,38,29,34,37,31,35,40,39,41,32,39,41,35,36,37,34,35,39,39,34,39,40,36,35,35,37,41,39,35,39,36,39,34,33,36,41,39,35,38,37,37,35,34,38,42,41,38,36,38,36,39,41,39,39,39,40,39,38,34,39,38,35,35,39,29,38,38,39,41,40,41,39,34,33,35,36,38,41,34,38,36,29,36,40,36,41,34,32,31,41,34,37,37,34,36,36,36,38,32,43,33,42,33,43,36,33,37,41,37,38,37,38,38,37,40,33,36,38,39,35,38,38,40,39,38,40,39,40,40,42,37,37,38,33,33,33,39,27,41,38,34,41,41,38,41,42,40,41,39,36,35,40,33,35,35,35,33,34,32,36,35,36,
41,36,36,43,44,35,42,42,40,40,37,40,33,39,40,39,36,31,32,31,31,38,38,44,37,37,38,35,35,35,41,37,37,32,40,36,42,40,42,36,36,40,41,37,29,37,37,38,38,37,40,37,42,43,39,35,37,38,36,42,32,36,32,40,37,38,35,33,40,32,40,33,36,37,39,38,42,36,34,37,39,39,34,37,34,37,33,39,37,32,40,34,35,33,29,31,36,30,37,36,36,35,41,39,39,38,35,35,36,35,35,34,34,41,41,41,38,31,38,38,41,40,37,39,36,40,38,38,37,32,39,42,40,37,38,37,38,38,35,35,40,40,39,37,40,39,41,41,40,39,35,39,35,35,34,36,36,39,36,32,32,34,38,40,37,40,38,37,34,36,38,37,42,35,40,37,31,30,40,41,32,32,32,39,39,35,38,33,35,37,36,42,33,39,32,44,39,43,37,37,34,35,35,39,33,38,37,38,40,37,37,38,35,40,39,38,41,38,39,41,39,41,41,39,36,37,34,33,34,33,35,40,41,34,44,40,41,46,39,39,37,37,36,39,42,41,34,36,35,39,34,37,35,37,35,38,
43,38,37,38,40,42,43,43,42,41,38,35,41,35,39,38,35,36,32,40,37,39,40,39,39,38,38,43,32,35,42,44,33,37,37,40,34,41,37,38,37,35,40,43,38,41,39,40,35,37,39,41,37,36,43,39,37,39,36,36,32,32,32,44,41,38,36,34,41,40,33,39,41,39,41,37,37,39,39,38,40,40,34,38,36,36,33,33,41,37,38,40,35,42,30,31,36,32,36,40,36,36,41,42,39,42,40,35,37,40,39,35,38,37,38,41,40,39,32,38,41,41,38,40,40,38,39,38,39,41,37,43,38,38,38,39,39,39,34,37,42,40,41,39,37,40,33,42,42,39,39,36,35,36,38,37,39,41,34,33,42,39,38,38,39,34,38,37,37,38,39,38,37,44,38,40,43,31,41,40,41,33,32,40,35,40,40,35,37,38,41,43,42,40,39,47,44,38,37,37,34,37,41,39,40,34,36,35,41,39,38,38,36,41,41,34,40,40,39,40,40,35,41,42,35,37,35,35,35,35,38,36,37,40,36,44,38,47,38,40,40,44,35,35,36,36,35,36,38,40,39,39,39,36,38,38,
41,39,37,39,42,41,44,44,43,39,39,39,36,37,35,36,35,34,35,37,40,40,33,40,39,39,39,36,37,33,39,44,41,42,38,39,38,35,37,37,37,36,39,37,44,39,37,35,41,39,42,40,37,36,42,35,37,43,37,38,34,33,44,46,43,38,36,34,35,34,36,39,38,40,41,41,39,43,41,36,40,40,38,39,40,36,40,44,40,40,38,35,36,38,42,42,42,43,37,41,37,36,38,42,39,37,36,34,36,36,42,42,39,38,39,40,42,40,38,39,34,41,39,39,38,41,43,41,39,39,36,37,39,43,38,38,39,38,35,39,42,39,40,40,37,35,42,43,40,39,40,42,46,37,39,38,38,38,36,44,43,33,39,39,48,40,35,38,38,37,38,39,38,38,38,41,39,44,35,40,38,42,41,41,41,39,36,36,35,42,41,43,42,43,39,38,45,41,38,38,38,37,36,40,35,35,36,36,36,38,39,39,41,41,37,33,34,38,36,35,35,39,36,43,38,39,39,35,35,36,38,36,37,34,37,37,37,39,40,41,39,35,36,36,36,36,34,37,37,38,40,42,40,40,40,39,
40,41,40,41,41,42,45,33,43,34,41,38,36,39,38,37,34,35,37,38,41,41,40,40,39,40,39,38,35,37,35,44,39,40,40,36,39,39,37,40,38,38,37,44,45,35,46,37,36,36,35,41,38,38,42,40,36,39,38,39,36,36,37,47,42,39,39,36,31,38,35,35,39,38,41,36,40,40,43,43,40,43,45,40,38,40,39,41,37,36,35,41,40,37,39,44,41,38,36,41,37,39,33,37,40,40,39,36,36,37,42,43,40,42,43,41,40,36,39,40,41,39,44,39,41,39,43,42,40,40,39,41,38,38,44,40,39,36,36,36,44,41,41,42,42,40,38,37,36,33,41,42,37,41,40,38,39,39,37,34,40,33,41,41,48,40,40,36,38,39,36,43,35,39,39,39,37,41,37,41,38,39,34,39,40,39,39,36,36,42,42,42,44,43,41,42,40,38,42,39,41,35,37,37,37,35,36,36,35,37,34,39,40,38,38,42,37,38,32,37,34,38,37,37,38,40,46,40,39,35,35,36,37,37,35,45,35,47,40,43,42,39,40,35,37,37,42,39,38,39,38,39,40,41,41,40,
39,41,41,40,38,42,46,36,40,45,39,39,35,42,36,38,44,36,38,39,44,40,41,40,39,38,40,39,36,38,46,47,40,36,41,41,37,38,38,38,38,38,37,38,37,41,46,46,42,43,43,42,38,39,41,40,42,41,37,37,40,39,42,41,42,40,42,41,32,40,40,36,42,37,36,36,38,42,43,44,43,44,38,35,35,43,42,40,36,41,41,38,42,42,38,44,42,39,39,46,38,40,39,34,37,37,36,45,47,37,36,40,53,39,38,42,37,41,39,45,41,42,45,44,38,39,42,43,47,42,40,37,39,42,44,39,44,43,43,37,41,42,42,41,42,43,41,38,36,41,46,44,38,41,37,43,40,38,39,38,41,34,41,36,41,39,39,41,38,44,37,37,37,42,40,36,38,40,41,40,40,40,40,35,43,38,40,39,40,43,44,43,40,44,38,43,42,36,39,37,42,42,38,35,38,36,36,40,36,38,37,37,38,42,42,42,38,35,40,35,35,43,38,39,39,38,38,41,42,40,40,41,37,37,36,36,34,47,41,38,39,42,40,39,44,38,45,44,43,40,38,39,40,38,38,40,
45,44,42,36,43,39,47,39,38,40,39,38,46,36,36,41,36,40,39,45,39,36,42,41,38,41,41,40,37,37,36,47,47,42,37,42,39,39,41,44,37,38,40,38,44,42,42,45,43,43,41,39,41,41,41,38,41,42,37,43,40,41,41,44,42,43,42,41,36,35,41,37,36,41,44,42,39,44,45,43,43,42,46,39,35,36,39,42,41,38,36,41,42,43,43,45,42,46,39,40,42,42,35,38,36,36,37,43,37,44,37,41,43,41,38,43,37,42,43,46,42,41,40,39,44,40,45,43,43,43,43,43,41,43,45,43,42,42,42,42,46,46,40,42,40,40,37,44,35,37,36,41,44,38,42,44,38,40,39,39,44,35,42,43,42,43,39,37,39,36,38,38,39,38,43,39,39,41,39,41,39,44,41,39,40,39,40,40,41,46,45,43,42,44,41,41,42,39,40,36,38,42,41,36,38,39,39,38,39,37,37,39,40,46,43,44,42,36,35,41,44,36,35,41,40,39,41,40,41,40,41,42,35,39,37,36,38,37,39,44,39,40,41,41,46,46,46,42,42,44,37,40,39,39,40,42,
44,45,38,41,41,39,44,38,40,39,37,38,47,37,43,42,36,36,41,46,43,40,37,41,41,39,42,38,44,44,38,43,43,44,42,38,43,43,42,37,38,39,36,36,40,40,44,37,42,45,39,42,42,42,41,43,39,43,38,39,42,43,44,45,46,43,41,46,36,42,41,37,37,39,40,44,47,37,45,48,40,44,44,40,44,40,40,40,39,41,43,41,43,48,39,46,41,43,44,40,46,43,42,37,37,37,38,46,37,45,39,39,54,52,51,40,39,37,43,41,42,41,43,41,43,42,43,42,42,41,44,39,40,41,43,42,43,44,47,43,38,43,41,41,40,45,39,43,36,37,37,41,45,37,35,38,42,42,38,39,42,36,44,43,44,40,48,41,40,45,39,40,38,39,44,38,42,42,45,45,39,45,35,40,41,41,39,41,41,42,44,45,41,44,45,39,39,37,39,41,38,38,37,42,40,41,43,43,42,40,38,44,44,41,43,46,46,36,41,42,42,35,35,43,40,42,40,39,40,43,37,47,39,36,39,36,37,42,42,45,41,40,42,40,46,42,38,45,42,39,40,39,40,40,40,42,
48,44,39,42,40,41,44,45,37,40,40,41,40,42,44,44,50,46,47,42,46,43,44,45,42,46,41,45,44,46,44,43,43,45,43,46,40,44,43,40,39,42,37,37,41,41,37,45,38,44,45,45,40,40,43,44,40,41,43,39,43,44,45,44,46,40,42,40,46,43,44,44,41,47,43,40,45,40,47,45,47,43,44,44,47,40,42,41,39,45,44,39,42,44,47,47,42,40,43,44,45,46,45,49,38,37,37,43,42,38,53,53,37,53,52,42,42,41,38,44,42,40,39,45,44,42,42,42,43,44,42,43,42,45,42,40,45,43,44,40,49,41,41,42,42,39,40,44,43,37,42,41,41,44,39,38,39,38,40,41,42,42,37,38,47,41,41,44,41,48,45,40,45,40,39,39,43,42,46,46,44,40,40,45,43,40,39,44,42,42,43,45,39,42,45,40,43,38,38,42,41,41,40,44,38,45,41,43,43,43,41,47,46,40,43,44,43,43,43,43,38,36,36,45,40,39,43,44,43,40,38,35,43,43,37,38,37,46,42,45,40,42,41,40,42,46,42,39,41,45,41,39,40,41,41,42,
42,44,47,47,48,43,43,43,42,38,45,47,41,49,48,45,48,49,47,47,45,47,46,37,45,40,41,46,40,46,44,44,41,46,47,41,43,41,42,41,42,40,44,41,42,42,43,46,44,42,46,45,46,41,43,42,40,45,42,46,44,41,40,45,42,40,51,50,40,41,40,40,42,43,44,45,43,41,49,49,48,43,42,44,45,44,41,43,40,42,42,40,41,40,40,44,42,43,41,46,45,45,48,36,43,48,49,40,44,44,39,40,41,39,44,41,43,43,43,45,41,41,42,47,44,46,44,46,46,41,42,43,44,43,41,42,41,43,45,41,41,44,40,42,44,42,45,45,38,43,40,43,45,45,40,48,39,38,38,44,40,43,43,37,48,48,45,42,42,42,43,45,41,40,38,46,38,46,43,42,45,44,46,46,44,43,41,39,45,43,43,41,44,43,41,41,41,42,39,44,42,41,46,45,44,43,41,42,43,46,44,45,47,42,45,43,43,44,44,43,40,42,34,36,37,41,39,44,42,38,41,43,41,46,43,40,38,48,49,42,43,41,45,40,41,43,42,42,45,41,41,45,45,43,43,42,
44,41,41,44,49,43,43,50,49,44,44,48,48,43,43,44,44,47,52,47,45,46,43,46,40,46,40,42,44,45,43,45,41,40,48,46,50,44,44,42,43,40,42,42,39,41,42,45,46,41,43,40,45,46,45,43,39,46,45,46,42,40,40,46,40,43,43,51,43,40,41,41,42,43,44,45,43,43,40,39,44,41,44,44,42,43,43,43,41,40,41,45,43,48,45,41,43,40,46,42,46,43,49,37,48,48,50,49,45,42,44,41,40,40,46,45,46,43,42,42,43,44,42,48,44,46,42,44,47,44,44,45,44,44,39,46,45,46,44,46,45,38,42,41,43,44,42,40,40,41,45,48,47,47,42,43,39,38,39,49,41,40,47,38,45,45,42,43,42,43,46,44,37,41,40,40,40,39,42,47,46,46,41,47,43,43,44,42,42,43,41,41,45,40,40,40,43,40,43,43,43,42,47,44,46,45,43,43,43,42,45,45,46,46,44,41,44,45,44,45,43,43,35,41,35,38,36,43,43,43,44,44,41,45,42,41,45,46,40,40,41,42,46,42,47,46,43,44,42,45,43,42,46,46,43,44,
43,42,43,50,45,47,50,51,49,44,45,46,40,50,45,45,48,41,50,50,51,39,46,46,42,43,43,40,43,47,45,45,43,42,44,41,41,41,44,42,42,44,43,43,43,45,43,47,44,47,50,44,44,44,45,43,46,46,45,48,40,45,48,47,43,42,41,44,43,41,44,42,45,42,45,45,46,48,51,43,40,41,43,42,43,45,43,45,45,40,42,43,46,49,41,45,42,46,47,47,44,45,49,51,49,50,49,48,46,45,44,44,44,41,46,44,43,42,43,43,43,44,48,47,43,44,43,43,43,44,47,47,43,44,45,44,46,46,47,44,46,45,39,42,38,44,43,44,45,41,43,43,44,44,42,44,44,39,38,39,39,43,44,41,46,44,49,46,45,46,47,40,47,44,39,46,42,43,43,43,42,45,46,45,45,44,44,44,45,44,47,43,46,46,45,37,43,47,46,46,46,43,48,47,46,46,43,44,46,47,47,45,43,42,48,47,42,45,40,45,42,45,44,36,42,38,45,42,42,44,41,46,45,46,44,42,43,44,46,50,42,42,43,45,46,53,46,46,45,45,45,43,43,46,44,45,
42,42,43,44,42,43,47,46,51,46,49,47,45,46,49,49,49,42,43,40,52,43,45,44,43,43,43,45,44,42,45,44,47,43,48,44,42,46,42,43,43,44,44,45,44,45,49,46,48,52,48,45,45,47,45,46,44,48,46,47,47,39,43,44,45,49,43,44,40,42,46,44,43,42,45,45,46,46,46,48,43,43,43,44,43,46,44,44,47,48,47,44,44,40,44,44,45,45,47,41,45,45,50,46,50,43,50,45,49,45,45,45,49,51,49,48,45,46,44,40,43,43,49,46,43,43,45,43,44,43,44,46,46,46,47,45,43,44,45,46,44,46,39,39,45,39,46,46,46,46,48,44,44,45,42,44,43,46,39,39,40,41,51,41,43,51,47,47,45,45,44,47,46,40,41,42,44,46,47,46,41,47,44,45,47,45,47,46,45,46,45,49,42,47,47,45,44,44,48,47,43,43,45,42,44,46,40,46,46,42,44,44,45,46,43,46,48,43,41,39,45,45,45,44,45,48,48,46,43,43,45,45,45,47,52,45,44,43,44,42,50,43,44,48,44,44,48,53,44,41,46,43,46,42,47,46,
44,43,46,46,44,43,43,48,47,47,50,47,47,47,48,49,48,40,42,39,43,43,46,47,42,43,43,44,47,46,46,45,46,44,51,48,46,47,44,42,45,44,44,42,46,46,47,46,48,48,44,49,48,46,48,45,45,49,46,42,42,40,40,47,48,43,44,50,41,46,44,44,42,48,46,46,47,47,47,50,41,50,48,44,44,48,49,47,45,46,46,47,47,42,45,44,46,44,45,42,42,48,44,50,51,43,43,45,43,42,45,45,47,47,47,49,46,45,47,44,42,41,44,45,45,45,44,45,49,44,51,45,45,47,46,44,45,42,44,42,47,44,46,43,46,47,39,48,48,48,48,49,43,41,45,43,44,45,45,51,41,48,43,45,45,44,52,48,44,45,46,47,47,43,42,42,44,47,47,44,47,44,45,52,48,47,48,48,46,49,50,48,47,47,42,42,48,49,43,49,47,42,46,46,45,44,44,45,46,44,44,43,46,46,48,48,47,48,48,42,46,48,46,44,44,44,45,49,45,43,45,44,46,46,52,50,45,42,45,40,43,51,49,49,46,45,52,50,49,43,43,43,43,45,43,44,
45,46,46,45,47,44,47,47,48,54,48,48,48,49,46,49,47,47,45,40,43,43,42,45,49,44,44,46,45,45,44,46,43,45,47,45,45,46,45,45,46,47,46,43,48,43,48,44,46,47,50,44,49,47,45,46,45,50,49,50,43,42,49,49,48,48,49,46,46,46,46,45,52,50,50,45,47,50,47,49,54,46,50,49,45,45,49,51,47,47,46,47,47,46,47,47,45,48,47,45,43,45,49,51,51,51,46,45,43,43,43,47,48,48,49,52,47,45,48,46,43,46,46,43,44,49,45,43,46,49,48,46,47,49,50,45,44,46,44,44,45,47,45,47,44,48,40,48,46,48,44,44,43,42,46,46,43,45,46,46,43,49,46,46,45,44,44,46,48,45,45,47,47,46,45,43,46,47,45,46,48,44,45,47,51,52,48,50,49,50,50,50,47,47,43,41,49,45,44,43,47,43,44,48,44,44,45,44,42,45,42,43,42,47,47,49,50,50,49,46,46,48,46,49,45,46,45,47,44,44,45,45,45,49,52,47,44,42,43,44,41,49,50,50,51,47,45,42,50,44,47,46,43,44,46,45,
48,48,41,46,48,48,44,48,49,54,48,48,47,48,49,49,53,48,44,47,46,44,50,46,46,49,48,47,49,47,50,42,47,43,45,47,43,47,44,46,45,46,48,46,48,45,47,45,47,50,46,51,47,47,46,51,45,45,45,50,47,47,45,49,50,49,45,45,46,46,46,46,46,45,43,45,47,45,48,48,48,55,47,51,46,46,45,46,47,47,47,47,47,48,46,45,48,48,45,43,49,46,46,49,46,47,47,44,44,45,44,45,47,44,44,51,46,48,45,44,44,43,44,48,45,50,47,45,44,45,48,49,49,50,50,45,46,46,45,44,44,45,44,45,44,45,48,50,47,50,48,44,44,45,46,46,43,43,45,45,51,44,43,51,48,45,47,47,48,46,46,50,46,47,49,44,46,47,42,46,47,45,44,47,46,47,53,49,51,49,50,50,50,45,42,49,47,46,49,46,47,47,50,48,50,50,49,42,44,47,44,47,46,48,47,49,44,43,46,46,45,46,46,48,46,47,47,48,49,49,46,48,47,47,47,47,50,48,46,46,42,49,51,46,45,46,45,44,47,44,45,44,46,44,47,46,
47,43,51,48,46,50,47,45,51,51,53,49,46,49,50,47,43,47,49,48,49,46,48,50,47,51,49,49,49,47,46,48,43,44,46,50,45,45,45,51,46,47,47,48,48,45,46,49,49,48,51,46,52,48,46,46,46,44,46,47,48,47,49,50,44,45,45,46,46,49,47,47,49,46,49,46,46,51,46,45,47,56,49,47,45,49,46,48,47,47,50,48,48,47,50,46,48,49,45,44,46,47,50,50,47,48,46,45,45,45,45,47,48,45,50,52,51,48,49,46,50,44,50,49,45,50,48,47,46,43,48,49,45,48,49,48,46,48,48,45,47,46,45,43,45,45,48,50,50,49,47,45,45,44,46,46,45,44,46,46,46,45,48,52,48,48,49,49,47,46,51,51,50,47,52,47,47,46,50,47,45,47,47,47,47,47,53,51,50,50,52,47,47,46,45,42,48,48,48,52,44,46,46,49,50,45,46,46,47,47,48,47,47,47,51,48,51,48,48,47,46,47,48,49,51,47,49,49,49,49,46,50,48,50,48,50,50,48,47,47,45,50,51,47,45,47,48,45,47,47,49,46,46,44,47,45,
50,50,50,47,47,47,46,48,52,51,51,48,47,48,47,46,49,48,48,50,49,50,49,50,52,52,51,50,50,43,44,49,48,45,50,47,47,46,45,52,51,49,47,50,49,49,47,50,48,50,49,52,48,52,54,51,49,51,44,47,47,47,48,45,46,45,45,46,44,46,47,49,45,48,50,44,47,48,51,51,46,48,47,50,47,47,46,50,47,48,48,49,48,46,45,51,49,49,48,46,45,47,47,49,50,49,45,47,49,46,46,50,48,48,48,51,44,49,49,50,49,50,46,50,48,50,47,49,47,54,53,45,45,50,48,49,50,46,50,48,50,49,44,47,47,48,52,51,48,49,50,49,48,48,47,46,47,47,48,46,52,46,54,48,49,49,45,49,46,51,45,45,49,50,49,51,48,49,50,51,45,49,47,48,47,47,48,50,51,50,53,50,53,48,50,48,47,49,44,52,46,51,47,47,45,46,48,49,48,48,46,47,46,45,44,51,52,51,49,46,47,47,50,50,52,49,50,50,45,50,50,54,51,49,49,52,50,46,50,47,48,49,49,49,48,49,47,45,48,45,50,48,43,45,45,46,
51,51,51,51,52,46,46,47,48,53,50,51,49,47,48,49,49,51,49,52,50,52,50,48,46,52,49,45,50,49,45,48,48,48,49,46,49,47,47,46,53,49,48,52,48,46,48,48,50,50,47,50,49,48,48,51,52,49,51,47,50,48,49,50,47,47,46,49,47,47,47,52,50,49,56,55,48,51,52,51,47,48,45,51,47,48,51,51,50,48,48,46,52,48,48,47,50,49,51,48,51,51,51,50,51,51,50,48,48,48,49,47,49,48,49,49,50,51,46,49,47,46,50,49,44,51,47,48,47,50,53,48,47,50,49,53,48,49,47,49,50,51,50,48,49,48,49,52,48,49,50,51,49,49,51,46,47,49,45,49,49,49,45,54,50,50,51,50,45,51,46,45,49,50,48,47,46,49,46,51,48,47,49,50,48,48,48,49,51,52,54,51,48,54,47,50,48,47,50,48,47,47,45,48,45,50,47,50,48,50,48,46,48,46,47,47,52,51,50,49,49,48,48,47,49,51,49,52,50,50,50,54,52,53,47,52,48,49,45,51,50,49,49,49,51,49,46,49,49,48,48,46,48,44,45,46,
53,52,53,52,50,47,47,48,47,49,52,51,48,45,48,48,49,46,49,50,53,53,50,48,51,51,52,49,47,51,44,50,49,50,49,50,51,48,44,44,44,54,49,51,48,46,48,48,51,44,50,49,45,53,53,49,49,48,51,51,47,50,50,47,46,47,47,47,47,48,48,47,50,50,50,52,49,56,50,47,52,49,50,51,49,48,52,44,50,51,49,47,53,49,49,49,50,47,51,52,49,52,45,52,52,52,48,49,49,44,49,49,48,51,50,49,48,52,48,47,50,49,47,50,46,52,48,48,47,52,52,49,51,48,54,54,50,50,48,52,51,45,52,51,48,48,48,50,50,50,49,51,55,49,47,50,47,51,48,49,50,48,49,48,50,50,50,47,48,46,46,46,50,49,50,51,46,44,43,50,48,50,49,50,48,53,49,53,50,51,52,48,47,51,48,49,46,48,49,49,49,52,50,51,49,45,49,48,48,48,50,48,49,47,49,48,45,51,51,52,50,45,48,50,50,52,52,52,52,50,53,48,54,54,50,47,48,50,46,44,51,45,48,49,47,50,50,47,48,46,49,48,49,47,48,47,
49,53,53,52,50,50,48,46,48,48,48,52,50,48,49,52,47,48,48,53,49,48,51,50,52,52,45,45,49,49,52,45,51,51,50,49,49,49,50,50,44,50,50,52,52,46,49,54,54,46,49,49,45,54,50,53,51,49,50,51,49,51,48,47,47,51,48,50,55,49,53,48,52,50,51,51,52,55,47,52,45,50,50,50,51,50,49,50,50,49,50,53,54,50,49,53,48,52,47,50,48,48,46,52,51,49,49,47,48,49,50,51,51,52,50,51,50,50,50,49,50,50,49,48,51,48,51,51,48,48,51,49,52,53,50,55,51,51,48,51,52,49,50,52,49,53,51,51,50,51,49,56,56,55,50,47,52,51,49,49,48,51,49,49,52,53,49,53,50,50,52,50,50,50,51,50,44,53,44,50,49,49,50,51,49,53,48,48,52,54,53,53,53,47,49,50,46,48,50,50,50,52,50,54,47,50,50,49,50,48,51,49,51,49,49,49,49,52,53,52,54,54,53,45,51,50,49,52,50,51,47,54,48,55,47,48,47,50,48,47,52,46,49,50,49,52,47,47,46,48,50,49,47,47,46,49,
50,52,51,51,50,51,49,46,47,46,50,50,50,47,49,49,53,50,49,49,50,49,50,50,52,51,52,47,47,50,50,46,46,52,52,55,50,50,50,48,49,54,50,50,50,56,50,54,55,53,46,50,48,51,46,52,52,51,52,49,50,53,49,49,49,49,51,50,52,49,50,49,54,49,51,53,56,56,49,53,51,50,50,50,51,51,48,51,51,48,50,52,51,51,51,49,54,52,47,46,50,49,49,50,51,52,51,48,45,49,48,49,53,49,53,51,51,48,49,50,53,51,49,53,53,54,53,49,52,54,50,53,52,51,54,51,52,50,50,53,49,47,50,52,51,51,53,54,50,49,51,51,51,56,51,53,52,51,55,49,53,53,48,51,53,54,47,54,46,51,52,54,51,52,48,49,48,50,45,48,53,50,50,49,49,52,48,48,49,55,53,52,51,51,49,50,48,47,53,51,51,51,52,48,48,51,50,53,51,52,49,49,46,52,53,49,51,53,51,54,52,54,52,54,50,53,48,48,49,48,52,49,49,53,48,48,50,50,51,47,52,53,47,48,51,50,51,48,49,50,48,53,48,48,47,49,
51,51,53,51,54,51,51,50,50,47,51,50,48,50,50,53,54,51,49,49,50,51,51,52,49,52,50,48,49,49,50,51,50,53,53,51,51,51,51,50,49,49,53,50,56,55,50,55,49,54,50,51,48,48,52,53,53,53,53,49,50,51,53,47,49,54,50,51,48,51,51,48,53,54,50,52,53,57,54,53,51,50,52,51,55,51,52,50,54,52,57,49,52,53,52,51,52,51,53,51,49,51,53,52,50,50,51,53,53,53,53,50,50,52,51,52,50,48,49,53,49,53,50,50,46,53,52,50,53,51,55,51,50,52,50,54,52,52,50,53,53,48,53,55,51,54,53,50,51,49,52,51,51,52,52,50,52,53,51,53,52,54,53,54,54,51,53,47,47,46,51,54,50,53,51,51,54,50,52,52,53,53,52,51,52,51,53,50,50,50,52,53,51,51,50,49,50,53,48,54,51,50,49,52,50,51,51,52,51,52,52,50,50,51,49,52,49,50,52,53,49,53,52,54,55,51,51,51,52,49,52,49,53,50,51,49,52,52,51,49,47,53,48,48,50,52,51,50,52,52,48,51,49,51,52,49,
54,53,52,54,51,55,51,52,51,52,56,51,51,51,52,54,52,55,52,52,53,50,53,52,49,51,52,50,52,49,50,54,49,48,49,49,51,52,53,53,50,51,51,49,50,51,52,54,56,50,52,50,53,51,50,52,54,48,49,53,49,51,51,50,48,50,54,53,49,55,48,49,52,54,55,56,54,54,54,49,56,50,54,52,55,53,50,50,51,56,57,52,50,52,53,51,53,51,51,52,52,52,53,52,54,52,51,48,55,54,54,51,51,52,50,51,50,53,49,54,50,52,48,54,52,52,53,50,51,51,54,50,50,51,55,55,50,53,51,54,53,51,53,54,53,54,53,55,56,51,51,52,49,53,50,51,51,54,51,57,56,57,52,52,54,53,52,52,50,52,52,55,52,51,49,53,49,55,54,50,54,53,53,52,54,51,51,50,53,54,52,51,52,51,51,50,50,50,54,53,54,52,51,55,53,50,51,52,52,49,52,51,52,51,50,50,55,50,55,52,51,50,55,52,51,49,51,55,54,50,52,54,55,56,51,51,50,54,54,53,49,51,49,51,54,53,52,51,52,52,52,52,51,51,53,52,
53,52,53,53,52,53,52,55,51,52,53,53,56,54,52,52,53,55,52,56,52,54,50,52,54,51,56,50,52,50,56,50,51,50,51,53,56,52,49,55,53,51,53,52,52,55,54,53,55,57,54,51,50,51,51,52,50,57,49,51,54,52,51,51,50,57,51,51,51,54,50,51,53,52,54,53,56,55,55,51,53,51,56,57,51,51,51,54,52,54,52,52,52,52,54,53,52,51,51,51,51,48,52,53,51,53,50,56,55,55,54,53,52,53,53,52,57,54,52,52,56,53,52,49,51,54,54,49,56,53,55,51,52,56,50,51,51,53,51,51,54,54,52,57,53,54,54,54,54,52,52,50,51,49,52,55,55,55,52,58,56,56,52,51,53,52,53,53,51,51,53,54,48,53,50,54,51,51,54,53,51,48,48,51,53,54,52,54,53,53,52,51,53,51,56,52,50,54,55,51,52,54,53,52,51,52,56,54,53,54,50,50,51,51,52,53,53,53,56,56,53,52,53,54,53,53,50,54,53,56,55,53,53,55,56,55,55,54,55,53,54,54,55,51,51,54,54,52,54,51,53,53,52,52,52,53,
55,55,52,55,56,55,54,55,52,52,53,50,56,53,54,53,53,55,53,50,56,55,54,51,52,50,50,56,53,54,55,56,55,51,51,56,54,53,54,51,53,52,55,53,55,53,53,54,55,52,58,49,51,49,52,52,49,58,52,51,51,53,52,52,53,57,52,51,51,54,53,52,55,53,56,53,54,51,55,55,52,53,56,57,52,57,53,52,53,54,54,52,54,51,53,53,51,51,52,52,52,52,53,57,56,52,51,56,52,55,53,52,52,55,53,54,54,50,53,53,54,55,54,54,54,56,50,54,54,56,53,52,51,57,53,51,56,54,54,49,53,55,53,55,52,54,54,53,52,54,52,55,52,52,54,51,54,57,54,53,53,57,58,51,55,52,54,53,51,55,55,54,53,54,54,53,52,53,53,52,51,50,49,56,51,55,51,54,51,54,53,55,54,53,53,53,51,53,55,51,51,52,53,50,52,53,56,56,55,53,53,53,52,52,54,51,52,53,54,56,53,54,52,53,51,51,51,52,50,53,54,53,54,53,54,50,55,56,56,59,55,54,56,53,52,57,53,54,55,52,52,52,52,53,53,54,
56,54,56,56,56,56,56,51,51,53,53,50,55,53,55,53,55,57,53,50,52,55,52,52,56,52,56,57,57,56,55,56,56,50,56,54,54,54,57,52,51,54,54,53,55,56,54,55,55,51,53,54,52,55,49,52,53,58,57,52,56,52,54,53,51,53,52,52,51,55,54,53,52,56,54,56,54,52,54,55,53,54,56,53,56,57,56,54,54,54,61,57,53,54,54,55,53,57,53,52,54,53,52,58,57,54,57,56,56,56,54,53,55,53,55,54,53,53,53,51,53,55,53,55,55,56,52,55,53,56,53,56,52,51,50,54,54,51,55,51,52,54,54,55,55,55,54,55,53,51,53,52,55,57,53,53,51,52,56,57,53,59,59,57,56,53,53,56,52,55,55,54,53,53,54,56,55,54,54,53,53,51,56,51,52,53,54,54,55,52,56,53,56,56,55,53,52,55,53,51,52,49,56,52,53,55,54,54,54,56,53,54,54,53,54,57,53,54,53,54,54,54,58,52,51,53,51,54,53,54,55,56,53,56,55,56,54,54,56,57,56,53,57,56,54,54,56,53,55,54,56,54,54,53,54,52,
56,54,55,55,55,54,57,55,56,52,52,52,55,55,58,56,56,54,52,54,54,56,54,55,55,57,58,58,56,58,55,53,53,56,56,57,53,52,55,56,53,52,54,54,56,56,55,55,56,55,54,52,54,53,52,55,51,57,54,52,54,53,56,54,54,58,58,56,53,52,56,55,54,53,54,56,56,56,55,58,53,54,53,54,55,53,53,58,53,54,55,58,54,60,55,56,55,56,55,53,55,55,52,54,55,58,58,57,57,56,57,56,54,55,53,55,55,55,54,54,55,55,55,59,55,56,52,56,53,53,53,57,52,52,56,54,55,54,52,51,57,55,54,55,56,55,56,55,55,52,52,55,53,53,53,52,52,51,55,54,58,55,54,57,57,52,54,52,56,54,55,56,57,56,55,56,53,55,55,55,52,55,52,54,53,56,57,55,56,55,58,56,54,55,54,55,54,58,53,54,53,51,53,56,53,56,53,55,57,56,55,55,55,54,56,58,55,57,55,54,55,55,60,55,52,53,52,55,54,56,56,56,56,54,56,56,56,55,57,57,56,53,57,57,53,55,53,53,57,55,55,56,55,56,54,53,
58,53,55,57,56,55,55,55,58,53,55,54,52,55,58,58,57,56,55,55,57,55,53,56,56,55,60,59,55,57,55,52,55,56,55,54,54,54,56,57,57,55,55,55,54,57,59,55,54,56,55,53,56,55,53,56,53,56,56,58,57,55,56,54,55,57,58,55,54,54,57,54,54,55,54,53,56,56,56,55,55,54,55,54,56,54,58,58,57,55,57,59,58,56,54,54,56,55,55,55,58,58,60,56,58,56,52,58,53,52,56,56,55,56,56,53,53,56,55,57,55,55,55,57,60,58,55,54,54,54,57,56,54,53,56,56,55,56,54,56,59,58,55,55,55,56,57,57,58,57,54,52,53,54,52,54,52,52,57,55,56,56,55,55,54,58,53,53,56,52,56,59,58,57,53,55,56,55,57,56,56,56,53,54,55,56,56,58,55,55,56,56,56,55,55,53,55,59,55,55,52,53,51,54,55,58,57,53,57,55,55,55,58,55,57,61,57,55,58,58,55,55,54,60,53,56,56,55,55,55,55,55,57,56,57,56,57,55,57,56,58,56,54,54,56,57,55,55,59,58,54,57,55,56,57,54,
57,57,56,54,57,61,55,54,57,55,55,56,54,56,56,58,58,54,55,57,56,59,53,56,57,57,57,54,55,59,58,56,56,57,53,61,55,55,58,54,55,58,56,58,57,57,54,55,54,56,56,58,58,57,57,54,54,57,57,58,57,57,56,56,55,55,58,53,56,56,57,56,55,59,54,54,53,56,55,57,54,55,59,54,58,58,56,59,57,59,57,56,56,58,55,57,55,56,56,56,57,56,55,55,54,56,54,56,59,58,56,55,56,57,57,55,54,56,55,57,57,56,53,55,54,60,56,54,53,55,57,55,55,54,56,53,55,58,54,56,56,56,56,55,54,56,58,54,59,59,56,54,57,56,56,58,56,53,57,55,56,57,56,55,56,54,56,54,56,55,57,57,56,56,57,56,55,56,55,56,55,56,55,58,53,56,56,57,58,56,57,57,58,55,56,55,56,55,57,57,53,56,53,55,55,55,58,53,57,56,54,58,55,55,55,57,57,56,56,56,55,55,55,54,56,55,57,57,56,56,54,57,60,55,58,57,56,54,55,57,58,55,54,55,57,55,57,56,59,58,55,55,56,57,56,57,
58,56,57,55,56,56,62,55,55,57,55,54,56,58,55,56,59,56,57,57,58,57,58,54,57,58,56,57,57,58,55,58,57,57,60,54,54,57,56,55,57,56,56,56,59,58,55,56,56,58,57,56,59,55,56,58,54,58,53,58,58,56,57,56,56,55,56,56,57,58,55,55,56,57,55,54,56,57,55,57,54,55,56,56,57,55,57,59,57,57,58,58,56,58,59,56,57,55,57,56,56,59,57,57,57,56,56,58,59,60,56,57,56,56,56,55,56,57,56,56,55,57,54,58,57,56,56,53,54,56,55,57,54,54,56,54,55,60,56,54,57,56,57,58,57,55,58,57,58,55,60,57,58,55,55,54,54,56,57,55,55,55,57,57,57,54,56,57,54,56,58,58,57,57,56,57,59,58,56,58,55,55,56,58,56,56,54,58,59,57,59,56,58,59,56,56,55,58,55,58,60,56,56,57,56,54,55,55,55,55,57,56,54,59,57,58,58,57,57,59,58,56,57,59,56,57,56,55,55,57,56,57,56,61,58,58,57,56,57,56,56,54,56,55,57,55,56,59,57,56,59,58,56,56,56,57,
56,58,57,57,56,59,56,59,57,58,58,59,57,56,57,59,58,56,57,59,57,54,59,57,58,59,59,57,59,58,56,57,55,58,58,57,55,57,59,57,57,57,57,58,55,58,58,56,56,58,58,56,56,59,55,59,55,56,56,57,57,59,59,57,57,59,56,56,60,58,57,58,56,57,58,56,56,58,58,56,55,58,59,56,58,60,58,56,61,59,60,56,56,57,59,57,58,56,57,57,59,55,57,56,58,56,55,58,59,57,60,56,57,56,59,56,56,57,59,57,56,57,58,59,57,57,58,55,59,54,59,58,56,55,59,57,58,57,57,58,55,58,57,58,59,57,58,58,55,55,59,57,57,56,56,55,58,56,57,58,58,56,57,57,57,55,60,54,56,55,56,57,58,58,58,58,56,56,57,56,57,56,57,55,59,56,55,57,59,58,57,57,59,58,57,57,56,56,58,58,60,56,57,57,57,55,57,57,56,55,57,60,58,60,56,56,59,59,56,57,58,58,60,59,59,57,57,59,56,56,57,56,55,57,57,57,56,57,56,58,54,56,55,56,57,56,55,56,58,58,58,58,57,58,57,55,
56,57,58,58,58,58,59,59,57,58,58,55,58,57,59,60,57,58,57,59,60,58,55,58,59,58,59,59,57,58,59,58,57,60,58,58,55,56,58,58,58,59,59,59,57,59,59,60,59,60,59,57,57,57,59,61,57,60,58,59,58,58,60,61,57,58,58,58,58,61,58,57,58,58,59,59,57,58,59,56,59,56,58,59,59,57,59,59,61,57,60,59,59,57,58,57,56,57,57,57,58,59,58,58,57,58,56,60,61,59,57,60,57,58,59,58,57,58,59,57,56,58,59,57,57,57,60,58,55,60,57,59,58,59,58,58,58,58,57,58,56,59,60,58,57,59,60,57,59,58,59,57,56,57,57,56,61,59,58,57,59,60,58,59,56,56,60,60,58,60,59,57,58,57,56,57,56,58,57,60,57,58,56,59,60,59,57,60,59,58,60,59,58,57,58,59,58,61,57,59,60,56,58,57,58,56,56,58,58,56,58,57,61,60,58,62,57,59,60,57,60,59,59,60,60,57,58,57,60,56,58,57,57,61,56,57,58,59,57,59,56,57,56,56,58,55,57,58,57,57,57,58,58,58,58,56,
57,58,58,58,58,59,60,59,58,59,58,58,59,57,57,58,59,61,59,58,59,59,58,59,61,57,59,58,58,59,60,58,60,58,60,60,59,57,56,59,57,60,59,60,59,59,57,60,59,59,57,58,59,60,59,59,59,58,59,60,59,58,59,61,59,57,58,58,57,57,59,59,59,56,58,60,58,58,58,58,59,57,58,61,58,59,59,58,59,60,58,58,60,59,58,58,59,58,59,57,58,60,58,57,57,58,57,59,60,58,57,58,58,59,59,59,57,57,59,58,59,59,59,58,59,60,59,60,60,58,57,59,59,60,58,60,59,58,58,58,60,59,58,60,60,58,60,57,58,58,61,59,59,61,57,58,62,60,59,59,61,61,59,59,57,59,60,59,58,59,61,58,60,57,61,60,56,59,56,59,59,59,58,60,58,61,60,58,60,57,58,58,59,57,59,60,57,60,58,57,60,59,59,59,58,58,59,58,59,59,56,62,62,58,59,58,61,59,61,58,58,60,60,59,61,57,58,59,58,59,59,59,57,61,57,59,58,59,59,62,57,56,58,58,56,57,57,59,59,58,58,58,59,59,58,60,
58,59,60,60,59,59,62,59,61,62,59,57,60,58,58,61,59,60,59,60,60,60,59,60,59,61,57,57,58,60,61,60,60,58,60,60,60,60,58,59,58,58,60,59,58,59,59,57,58,58,59,60,60,59,61,59,62,59,60,61,62,61,59,60,61,60,59,58,58,59,61,58,60,59,58,60,61,59,58,59,58,58,60,61,62,59,61,61,59,58,62,61,61,61,60,61,60,61,60,60,60,60,62,59,58,58,59,58,58,59,60,58,59,58,60,59,58,58,57,59,59,60,61,60,57,61,60,58,61,59,59,60,60,61,59,59,60,58,59,57,60,61,58,60,58,58,60,60,59,58,58,60,60,59,60,59,59,60,60,60,62,62,59,59,60,60,60,60,60,59,60,59,61,59,60,59,60,58,61,60,60,63,59,59,59,61,61,60,60,58,59,58,58,59,59,61,61,61,61,60,60,59,60,60,59,60,59,58,59,59,58,57,63,60,58,62,60,63,62,59,58,58,59,59,60,58,59,60,57,62,59,58,61,59,58,58,57,59,59,59,60,59,59,58,60,57,58,59,59,61,60,62,58,59,59,61,
59,59,60,62,58,59,61,62,60,59,60,62,62,58,59,59,59,60,59,59,60,60,60,60,60,62,58,60,61,60,59,62,59,61,61,61,61,59,60,60,59,60,60,58,59,59,59,60,61,59,59,62,60,59,60,61,61,60,59,59,62,62,61,58,61,60,60,61,61,59,59,60,59,60,62,59,60,60,59,59,59,60,61,61,61,62,60,61,60,60,61,61,62,58,58,61,59,61,60,60,60,63,63,63,61,58,60,58,61,59,59,60,60,58,59,61,59,58,59,59,60,60,60,59,60,60,62,61,61,59,60,60,60,62,62,60,60,58,59,59,61,59,59,60,60,58,62,60,58,60,59,61,61,60,62,62,61,61,61,59,59,60,60,61,62,59,60,61,61,59,58,60,59,60,60,59,61,62,61,60,61,61,59,59,59,60,60,60,60,61,60,58,59,59,59,59,63,60,59,60,61,59,60,60,62,58,60,61,60,60,60,59,61,60,59,62,59,60,61,60,63,59,59,59,60,60,60,59,58,61,59,59,59,60,59,59,61,61,58,60,60,60,60,60,60,60,61,59,62,62,60,62,62,58,59,62,
62,62,60,61,60,59,61,61,60,60,59,61,61,62,59,61,59,61,60,61,60,61,61,61,62,60,59,61,60,59,60,61,61,60,61,61,59,61,60,60,62,60,62,59,62,60,62,60,61,61,61,59,61,61,61,60,60,61,60,63,63,61,64,59,60,63,61,62,60,60,60,61,61,60,63,60,59,61,60,62,60,62,62,62,62,61,61,60,61,60,61,61,60,61,61,60,60,60,61,61,60,59,62,63,61,59,61,60,59,62,61,61,60,60,60,62,61,63,62,61,61,60,60,61,60,61,61,61,60,60,60,59,61,61,59,60,61,61,60,59,61,62,60,60,61,59,60,63,62,61,60,61,61,60,61,60,60,60,59,60,60,61,60,61,62,59,59,61,59,62,62,61,60,60,60,62,60,61,63,61,59,61,60,61,59,62,60,60,60,61,60,61,61,60,60,60,59,59,60,60,59,62,60,60,62,59,60,60,61,61,61,59,62,60,61,61,60,61,62,61,61,61,62,62,62,61,60,62,62,60,60,60,61,61,61,62,62,62,62,62,60,60,63,61,60,59,63,61,62,62,60,59,62,61,59,59,
61,62,62,61,62,62,62,61,61,61,61,62,60,61,63,62,60,61,62,61,63,61,60,60,61,61,61,61,61,60,61,61,61,62,62,61,61,62,62,61,63,62,61,61,62,63,60,60,61,62,61,61,60,63,61,61,61,61,61,63,63,63,63,62,61,63,62,61,61,61,60,63,61,62,61,60,60,60,62,60,62,60,61,60,62,63,62,62,60,61,64,61,61,61,62,61,61,61,62,61,61,61,62,62,61,61,62,62,61,61,62,63,62,61,62,63,62,63,63,61,61,61,61,61,61,61,62,60,63,60,62,60,62,61,61,60,62,61,62,61,60,60,62,62,61,60,61,60,62,62,61,60,62,61,63,61,60,63,60,60,60,61,61,61,60,61,60,61,60,63,61,62,61,62,61,64,62,61,60,62,62,63,60,62,62,62,62,61,60,61,62,62,61,63,60,60,61,60,61,62,60,61,63,62,61,61,60,61,62,62,62,61,62,61,60,62,61,61,61,60,62,61,62,62,61,62,61,62,61,60,61,62,62,61,61,60,62,60,62,63,61,62,62,61,62,61,61,62,63,61,63,60,62,60,60,60,
64,62,61,61,63,61,63,61,61,62,61,62,61,62,62,61,62,61,63,61,63,64,61,61,61,62,62,61,62,63,62,62,63,63,62,62,62,63,62,61,61,62,62,64,61,63,62,61,63,62,62,62,62,61,62,63,62,62,62,62,62,63,62,64,62,61,62,63,62,63,62,62,61,63,61,62,62,62,63,61,61,62,61,61,62,61,62,61,62,62,62,61,61,61,61,63,63,62,61,62,61,61,62,62,62,62,61,61,62,62,62,62,63,61,63,61,61,61,64,62,62,62,61,61,62,62,61,61,62,61,62,62,62,62,63,61,61,62,63,62,62,61,62,63,62,63,62,63,61,63,61,61,61,62,62,64,61,61,62,61,61,62,62,62,61,62,62,63,61,62,62,62,62,62,62,63,63,61,61,62,62,63,62,62,63,61,61,63,61,61,63,62,64,61,61,61,62,62,62,61,61,62,62,62,62,62,62,61,62,62,63,62,62,62,62,62,62,63,62,61,61,62,63,62,62,62,62,62,63,63,62,62,61,62,61,61,63,62,61,62,61,63,62,62,61,62,61,64,61,63,62,63,61,62,61,61,
64,63,62,63,62,63,62,63,63,63,63,62,63,64,62,62,62,62,62,63,62,63,63,62,62,62,62,62,62,62,63,62,62,63,63,63,63,64,63,64,63,63,63,62,62,63,64,62,62,62,63,63,62,62,64,63,63,63,62,62,62,63,62,63,63,63,62,63,63,63,62,64,62,63,64,64,63,62,63,63,62,62,62,62,63,63,64,62,62,63,63,62,62,62,62,62,63,64,62,62,62,62,62,63,62,63,62,63,62,62,63,62,62,63,62,62,62,64,62,63,63,63,63,62,62,63,62,63,62,63,62,63,64,62,63,63,62,62,63,62,62,63,62,62,62,63,62,63,63,62,62,62,62,62,63,62,62,63,63,62,63,63,63,63,63,63,64,63,63,62,63,63,63,64,62,62,64,63,62,63,63,63,62,62,63,63,62,63,62,62,63,63,64,62,63,63,63,64,63,62,62,62,62,63,62,63,63,62,63,62,63,63,62,63,63,63,62,62,62,62,63,63,62,63,64,63,63,64,63,63,62,63,63,62,63,62,63,63,62,63,63,63,63,62,63,62,62,62,62,62,62,62,64,62,63,63,
63,64,63,63,63,63,64,64,64,63,63,63,63,63,64,64,63,63,63,63,63,63,63,64,64,63,64,63,63,63,64,63,63,64,64,63,64,63,63,63,63,63,64,63,64,64,63,63,63,63,63,64,64,63,63,64,63,63,63,64,63,63,63,63,63,64,63,64,63,64,63,64,63,64,63,63,63,64,63,64,63,64,63,63,63,64,63,63,63,63,63,63,64,63,63,63,64,63,64,63,63,64,63,63,63,63,64,63,64,63,63,63,63,63,63,63,63,64,64,63,63,63,63,64,64,64,63,63,63,63,63,63,64,64,63,63,63,64,63,64,64,63,64,63,63,63,63,63,63,63,64,63,63,64,63,64,64,63,64,63,64,64,64,63,64,63,63,64,63,63,63,64,64,64,63,63,64,64,63,63,63,63,63,63,63,64,63,63,63,63,63,63,63,63,64,63,64,63,63,64,63,64,63,64,64,63,63,64,63,64,63,63,63,64,64,63,64,64,64,63,63,63,64,64,64,63,63,63,63,64,63,63,63,63,64,64,63,63,63,63,63,64,64,63,63,63,63,64,64,63,63,63,64,63,63,64,
64,64,64,64,64,64,64,64,64,64,64,64,64,64,64,64,64,64,64,64,64,64,64,64,64,64,64,64,64,64,64,64,64,64,64,64,64,64,64,64,64,64,64,64,64,64,64,64,64,64,64,64,64,64,64,64,64,64,64,64,64,64,64,64,64,64,64,64,64,64,64,64,64,64,64,64,64,64,64,64,64,64,64,64,64,64,64,64,64,64,64,64,64,64,64,64,64,64,64,64,64,64,64,64,64,64,64,64,64,64,64,64,64,64,64,64,64,64,64,64,64,64,64,64,64,64,64,64,64,64,64,64,64,64,64,64,64,64,64,64,64,64,64,64,64,64,64,64,64,64,64,64,64,64,64,64,64,64,64,64,64,64,64,64,64,64,64,64,64,64,64,64,64,64,64,64,64,64,64,64,64,64,64,64,64,64,64,64,64,64,64,64,64,64,64,64,64,64,64,64,64,64,64,64,64,64,64,64,64,64,64,64,64,64,64,64,64,64,64,64,64,64,64,64,64,64,64,64,64,64,64,64,64,64,64,64,64,64,64,64,64,64,64,64,64,64,64,64,64,64,64,64,64,64,64,64,