[64, 256, 128]
0,0,0,0,0,0,0,0,0,0,0,0,0,0,0,0,0,0,0,0,0,0,0,0,0,0,0,0,0,0,0,0,0,0,0,0,0,0,0,0,0,0,0,0,0,0,0,0,0,0,0,0,0,0,0,0,0,0,0,0,0,0,0,0,0,0,0,0,0,0,0,0,0,0,0,0,0,0,0,0,0,0,0,0,0,0,0,0,0,0,0,0,0,0,0,0,0,0,0,0,0,0,0,0,0,0,0,0,0,0,0,0,0,0,0,0,0,0,0,0,0,0,0,0,0,0,0,0,0,0,0,0,0,0,0,0,0,0,0,0,0,0,0,0,0,0,0,0,0,0,0,0,0,0,0,0,0,0,0,0,0,0,0,0,0,0,0,0,0,0,0,0,0,0,0,0,0,0,0,0,0,0,0,0,0,0,0,0,0,0,0,0,0,0,0,0,0,0,0,0,0,0,0,0,0,0,0,0,0,0,0,0,0,0,0,0,0,0,0,0,0,0,0,0,0,0,0,0,0,0,0,0,0,0,0,0,0,0,0,0,0,0,0,0,0,0,0,0,0,0,0,0,0,0,0,0,
0,0,0,0,0,0,0,0,0,0,0,0,0,0,0,0,0,0,0,0,0,0,0,0,0,0,0,0,0,0,0,0,0,0,0,0,0,0,0,0,0,0,0,0,0,0,0,0,0,0,0,0,0,0,0,0,0,0,0,0,0,0,0,0,0,0,0,0,0,0,0,0,0,0,0,0,0,0,0,0,0,0,0,0,0,0,0,0,0,0,0,0,0,0,0,0,0,0,0,0,0,0,0,0,0,0,0,0,0,0,0,0,0,0,0,0,0,0,0,0,0,0,0,0,0,0,0,0,0,0,0,0,0,0,0,0,0,0,0,0,0,0,0,0,0,0,0,0,0,0,0,0,0,0,0,0,0,0,0,0,0,0,0,0,0,0,0,0,0,0,0,0,0,0,0,0,0,0,0,0,0,0,0,0,0,0,0,0,0,0,0,0,0,0,0,0,0,0,0,0,0,0,0,0,0,0,0,0,0,0,0,0,0,0,0,0,0,0,0,0,0,0,0,0,0,0,0,0,0,0,0,0,0,0,0,0,0,0,0,0,0,0,0,0,0,0,0,0,0,0,0,0,0,0,0,0,
0,0,0,0,0,0,0,0,0,0,0,0,0,0,0,0,0,0,0,0,0,0,0,0,0,0,0,0,0,0,0,0,0,0,0,0,0,0,0,0,0,0,0,0,0,0,0,0,0,0,0,0,0,0,0,0,0,0,0,0,0,0,0,0,0,0,0,0,0,0,0,0,0,0,0,0,0,0,0,0,0,0,0,0,0,0,0,0,0,0,0,0,0,0,0,0,0,0,0,0,0,0,0,0,0,0,0,0,0,0,0,0,0,0,0,0,0,0,0,0,0,0,0,0,0,0,0,0,0,0,0,0,0,0,0,0,0,0,0,0,0,0,0,0,0,0,0,0,0,0,0,0,0,0,0,0,0,0,0,0,0,0,0,0,0,0,0,0,0,0,0,0,0,0,0,0,0,0,0,0,0,0,0,0,0,0,0,0,0,0,0,0,0,0,0,0,0,0,0,0,0,0,0,0,0,0,0,0,0,0,0,0,0,0,0,0,0,0,0,0,0,0,0,0,0,0,0,0,0,0,0,0,0,0,0,0,0,0,0,0,0,0,0,0,0,0,0,0,0,0,0,0,0,0,0,0,
0,0,0,0,0,0,0,0,0,0,0,0,0,0,0,0,0,0,0,0,0,0,0,0,0,0,0,0,0,0,0,0,0,0,0,0,0,0,0,0,0,0,0,0,0,0,0,0,0,0,0,0,0,0,0,0,0,0,0,0,0,0,0,0,0,0,0,0,0,0,0,0,0,0,0,0,0,0,0,0,0,0,0,0,0,0,0,0,0,0,0,0,0,0,0,0,0,0,0,0,0,0,0,0,0,0,0,0,0,0,0,0,0,0,0,0,0,0,0,0,0,0,0,0,0,0,0,0,0,0,0,0,0,0,0,0,0,0,0,0,0,0,0,0,0,0,0,0,0,0,0,0,0,0,0,0,0,0,0,0,0,0,0,0,0,0,0,0,0,0,0,0,0,0,0,0,0,0,0,0,0,0,0,0,0,0,0,0,0,0,0,0,0,0,0,0,0,0,0,0,0,0,0,0,0,0,0,0,0,0,0,0,0,0,0,0,0,0,0,0,0,0,0,0,0,0,0,0,0,0,0,0,0,0,0,0,0,0,0,0,0,0,0,0,0,0,0,0,0,0,0,0,0,0,0,0,
0,0,0,0,0,0,0,0,0,0,0,0,0,0,0,0,0,0,0,0,0,0,0,0,0,0,0,0,0,0,0,0,0,0,0,0,0,0,0,0,0,0,0,0,0,0,0,0,0,0,0,0,0,0,0,0,0,0,0,0,0,0,0,0,0,0,0,0,0,0,0,0,0,0,0,0,0,0,0,0,0,0,0,0,0,0,0,0,0,0,0,0,0,0,0,0,0,0,0,0,0,0,0,0,0,0,0,0,0,0,0,0,0,0,0,0,0,0,0,0,0,0,0,0,0,0,0,0,0,0,0,0,0,0,0,0,0,0,0,0,0,0,0,0,0,0,0,0,0,0,0,0,0,0,0,0,0,0,0,0,0,0,0,0,0,0,0,0,0,0,0,0,0,0,0,0,0,0,0,0,0,0,0,0,0,0,0,0,0,0,0,0,0,0,0,0,0,0,0,0,0,0,0,0,0,0,0,0,0,0,0,0,0,0,0,0,0,0,0,0,0,0,0,0,0,0,0,0,0,0,0,0,0,0,0,0,0,0,0,0,0,0,0,0,0,0,0,0,0,0,0,0,0,0,0,0,
0,0,0,0,0,0,0,0,0,0,0,0,0,0,0,0,0,0,0,0,0,0,0,0,0,0,0,0,0,0,0,0,0,0,0,0,0,0,0,0,0,0,0,0,0,0,0,0,0,0,0,0,0,0,0,0,0,0,0,0,0,0,0,0,0,0,0,0,0,0,0,0,0,0,0,0,0,0,0,0,0,0,0,0,0,0,0,0,0,0,0,0,0,0,0,0,0,0,0,0,0,0,0,0,0,0,0,0,0,0,0,0,0,0,0,0,0,0,0,0,0,0,0,0,0,0,0,0,0,0,0,0,0,0,0,0,0,0,0,0,0,0,0,0,0,0,0,0,0,0,0,0,0,0,0,0,0,0,0,0,0,0,0,0,0,0,0,0,0,0,0,0,0,0,0,0,0,0,0,0,0,0,0,0,0,0,0,0,0,0,0,0,0,0,0,0,0,0,0,0,0,0,0,0,0,0,0,0,0,0,0,0,0,0,0,0,0,0,0,0,0,0,0,0,0,0,0,0,0,0,0,0,0,0,0,0,0,0,0,0,0,0,0,0,0,0,0,0,0,0,0,0,0,0,0,0,
0,0,0,0,0,0,0,0,0,0,0,0,0,0,0,0,0,0,0,0,0,0,0,0,0,0,0,0,0,0,0,0,0,0,0,0,0,0,0,0,0,0,0,0,0,0,0,0,0,0,0,0,0,0,0,0,0,0,0,0,0,0,0,0,0,0,0,0,0,0,0,0,0,0,0,0,0,0,0,0,0,0,0,0,0,0,0,0,0,0,0,0,0,0,0,0,0,0,0,0,0,0,0,0,0,0,0,0,0,0,0,0,0,0,0,0,0,0,0,0,0,0,0,0,0,0,0,0,0,0,0,0,0,0,0,0,0,0,0,0,0,0,0,0,0,0,0,0,0,0,0,0,0,0,0,0,0,0,0,0,0,0,0,0,0,0,0,0,0,0,0,0,0,0,0,0,0,0,0,0,0,0,0,0,0,0,0,0,0,0,0,0,0,0,0,0,0,0,0,0,0,0,0,0,0,0,0,0,0,0,0,0,0,0,0,0,0,0,0,0,0,0,0,0,0,0,0,0,0,0,0,0,0,0,0,0,0,0,0,0,0,0,0,0,0,0,0,0,0,0,0,0,0,0,0,0,
0,0,0,0,0,0,0,0,0,0,0,0,0,0,0,0,0,0,0,0,0,0,0,0,0,0,0,0,0,0,0,0,0,0,0,0,0,0,0,0,0,0,0,0,0,0,0,0,0,0,0,0,0,0,0,0,0,0,0,0,0,0,0,0,0,0,0,0,0,0,0,0,0,0,0,0,0,0,0,0,0,0,0,0,0,0,0,0,0,0,0,0,0,0,0,0,0,0,0,0,0,0,0,0,0,0,0,0,0,0,0,0,0,0,0,0,0,0,0,0,0,0,0,0,0,0,0,0,0,0,0,0,0,0,0,0,0,0,0,0,0,0,0,0,0,0,0,0,0,0,0,0,0,0,0,0,0,0,0,0,0,0,0,0,0,0,0,0,0,0,0,0,0,0,0,0,0,0,0,0,0,0,0,0,0,0,0,0,0,0,0,0,0,0,0,0,0,0,0,0,0,0,0,0,0,0,0,0,0,0,0,0,0,0,0,0,0,0,0,0,0,0,0,0,0,0,0,0,0,0,0,0,0,0,0,0,0,0,0,0,0,0,0,0,0,0,0,0,0,0,0,0,0,0,0,0,
0,0,0,0,0,0,0,0,0,0,0,0,0,0,0,0,0,0,0,0,0,0,0,0,0,0,0,0,0,0,0,0,0,0,0,0,0,0,0,0,0,0,0,0,0,0,0,0,0,0,0,0,0,0,0,0,0,0,0,0,0,0,0,0,0,0,0,0,0,0,0,0,0,0,0,0,0,0,0,0,0,0,0,0,0,0,0,0,0,0,0,0,0,0,0,0,0,0,0,0,0,0,0,0,0,0,0,0,0,0,0,0,0,0,0,0,0,0,0,0,0,0,0,0,0,0,0,0,0,0,0,0,0,0,0,0,0,0,0,0,0,0,0,0,0,0,0,0,0,0,0,0,0,0,0,0,0,0,0,0,0,0,0,0,0,0,0,0,0,0,0,0,0,0,0,0,0,0,0,0,0,0,0,0,0,0,0,0,0,0,0,0,0,0,0,0,0,0,0,0,0,0,0,0,0,0,0,0,0,0,0,0,0,0,0,0,0,0,0,0,0,0,0,0,0,0,0,0,0,0,0,0,0,0,0,0,0,0,0,0,0,0,0,0,0,0,0,0,0,0,0,0,0,0,0,0,
0,0,0,0,0,0,0,0,0,0,0,0,0,0,0,0,0,0,0,0,0,0,0,0,0,0,0,0,0,0,0,0,0,0,0,0,0,0,0,0,0,0,0,0,0,0,0,0,0,0,0,0,0,0,0,0,0,0,0,0,0,0,0,0,0,0,0,0,0,0,0,0,0,0,0,0,0,0,0,0,0,0,0,0,0,0,0,0,0,0,0,0,0,0,0,0,0,0,0,0,0,0,0,0,0,0,0,0,0,0,0,0,0,0,0,0,0,0,0,0,0,0,0,0,0,0,0,0,0,0,0,0,0,0,0,0,0,0,0,0,0,0,0,0,0,0,0,0,0,0,0,0,0,0,0,0,0,0,0,0,0,0,0,0,0,0,0,0,0,0,0,0,0,0,0,0,0,0,0,0,0,0,0,0,0,0,0,0,0,0,0,0,0,0,0,0,0,0,0,0,0,0,0,0,0,0,0,0,0,0,0,0,0,0,0,0,0,0,0,0,0,0,0,0,0,0,0,0,0,0,0,0,0,0,0,0,0,0,0,0,0,0,0,0,0,0,0,0,0,0,0,0,0,0,0,0,
0,0,0,0,0,0,0,0,0,0,0,0,0,0,0,0,0,0,0,0,0,0,0,0,0,0,0,0,0,0,0,0,0,0,0,0,0,0,0,0,0,0,0,0,0,0,0,0,0,0,0,0,0,0,0,0,0,0,0,0,0,0,0,0,0,0,0,0,0,0,0,0,0,0,0,0,0,0,0,0,0,0,0,0,0,0,0,0,0,0,0,0,0,0,0,0,0,0,0,0,0,0,0,0,0,0,0,0,0,0,0,0,0,0,0,0,0,0,0,0,0,0,0,0,0,0,0,0,0,0,0,0,0,0,0,0,0,0,0,0,0,0,0,0,0,0,0,0,0,0,0,0,0,0,0,0,0,0,0,0,0,0,0,0,0,0,0,0,0,0,0,0,0,0,0,0,0,0,0,0,0,0,0,0,0,0,0,0,0,0,0,0,0,0,0,0,0,0,0,0,0,0,0,0,0,0,0,0,0,0,0,0,0,0,0,0,0,0,0,0,0,0,0,0,0,0,0,0,0,0,0,0,0,0,0,0,0,0,0,0,0,0,0,0,0,0,0,0,0,0,0,0,0,0,0,0,
0,0,0,0,0,0,0,0,0,0,0,0,0,0,0,0,0,0,0,0,0,0,0,0,0,0,0,0,0,0,0,0,0,0,0,0,0,0,0,0,0,0,0,0,0,0,0,0,0,0,0,0,0,0,0,0,0,0,0,0,0,0,0,0,0,0,0,0,0,0,0,0,0,0,0,0,0,0,0,0,0,0,0,0,0,0,0,0,0,0,0,0,0,0,0,0,0,0,0,0,0,0,0,0,0,0,0,0,0,0,0,0,0,0,0,0,0,0,0,0,0,0,0,0,0,0,0,0,0,0,0,0,0,0,0,0,0,0,0,0,0,0,0,0,0,0,0,0,0,0,0,0,0,0,0,0,0,0,0,0,0,0,0,0,0,0,0,0,0,0,0,0,0,0,0,0,0,0,0,0,0,0,0,0,0,0,0,0,0,0,0,0,0,0,0,0,0,0,0,0,0,0,0,0,0,0,0,0,0,0,0,0,0,0,0,0,0,0,0,0,0,0,0,0,0,0,0,0,0,0,0,0,0,0,0,0,0,0,0,0,0,0,0,0,0,0,0,0,0,0,0,0,0,0,0,0,
0,0,0,0,0,0,0,0,0,0,0,0,0,0,0,0,0,0,0,0,0,0,0,0,0,0,0,0,0,0,0,0,0,0,0,0,0,0,0,0,0,0,0,0,0,0,0,0,0,0,0,0,0,0,0,0,0,0,0,0,0,0,0,0,0,0,0,0,0,0,0,0,0,0,0,0,0,0,0,0,0,0,0,0,0,0,0,0,0,0,0,0,0,0,0,0,0,0,0,0,0,0,0,0,0,0,0,0,0,0,0,0,0,0,0,0,0,0,0,0,0,0,0,0,0,0,0,0,0,0,0,0,0,0,0,0,0,0,0,0,0,0,0,0,0,0,0,0,0,0,0,0,0,0,0,0,0,0,0,0,0,0,0,0,0,0,0,0,0,0,0,0,0,0,0,0,0,0,0,0,0,0,0,0,0,0,0,0,0,0,0,0,0,0,0,0,0,0,0,0,0,0,0,0,0,0,0,0,0,0,0,0,0,0,0,0,0,0,0,0,0,0,0,0,0,0,0,0,0,0,0,0,0,0,0,0,0,0,0,0,0,0,0,0,0,0,0,0,0,0,0,0,0,0,0,0,
0,0,0,0,0,0,0,0,0,0,0,0,0,0,0,0,0,0,0,0,0,0,0,0,0,0,0,0,0,0,0,0,0,0,0,0,0,0,0,0,0,0,0,0,0,0,0,0,0,0,0,0,0,0,0,0,0,0,0,0,0,0,0,0,0,0,0,0,0,0,0,0,0,0,0,0,0,0,0,0,0,0,0,0,0,0,0,0,0,0,0,0,0,0,0,0,0,0,0,0,0,0,0,0,0,0,0,0,0,0,0,0,0,0,0,0,0,0,0,0,0,0,0,0,0,0,0,0,0,0,0,0,0,0,0,0,0,0,0,0,0,0,0,0,0,0,0,0,0,0,0,0,0,0,0,0,0,0,0,0,0,0,0,0,0,0,0,0,0,0,0,0,0,0,0,0,0,0,0,0,0,0,0,0,0,0,0,0,0,0,0,0,0,0,0,0,0,0,0,0,0,0,0,0,0,0,0,0,0,0,0,0,0,0,0,0,0,0,0,0,0,0,0,0,0,0,0,0,0,0,0,0,0,0,0,0,0,0,0,0,0,0,0,0,0,0,0,0,0,0,0,0,0,0,0,0,
0,0,0,0,0,0,0,0,0,0,0,0,0,0,0,0,0,0,0,0,0,0,0,0,0,0,0,0,0,0,0,0,0,0,0,0,0,0,0,0,0,0,0,0,0,0,0,0,0,0,0,0,0,0,0,0,0,0,0,0,0,0,0,0,0,0,0,0,0,0,0,0,0,0,0,0,0,0,0,0,0,0,0,0,0,0,0,0,0,0,0,0,0,0,0,0,0,0,0,0,0,0,0,0,0,0,0,0,0,0,0,0,0,0,0,0,0,0,0,0,0,0,0,0,0,0,0,0,0,0,0,0,0,0,0,0,0,0,0,0,0,0,0,0,0,0,0,0,0,0,0,0,0,0,0,0,0,0,0,0,0,0,0,0,0,0,0,0,0,0,0,0,0,0,0,0,0,0,0,0,0,0,0,0,0,0,0,0,0,0,0,0,0,0,0,0,0,0,0,0,0,0,0,0,0,0,0,0,0,0,0,0,0,0,0,0,0,0,0,0,0,0,0,0,0,0,0,0,0,0,0,0,0,0,0,0,0,0,0,0,0,0,0,0,0,0,0,0,0,0,0,0,0,0,0,0,
0,0,0,0,0,0,0,0,0,0,0,0,0,0,0,0,0,0,0,0,0,0,0,0,0,0,0,0,0,0,0,0,0,0,0,0,0,0,0,0,0,0,0,0,0,0,0,0,0,0,0,0,0,0,0,0,0,0,0,0,0,0,0,0,0,0,0,0,0,0,0,0,0,0,0,0,0,0,0,0,0,0,0,0,0,0,0,0,0,0,0,0,0,0,0,0,0,0,0,0,0,0,0,0,0,0,0,0,0,0,0,0,0,0,0,0,0,0,0,0,0,0,0,0,0,0,0,0,0,0,0,0,0,0,0,0,0,0,0,0,0,0,0,0,0,0,0,0,0,0,0,0,0,0,0,0,0,0,0,0,0,0,0,0,0,0,0,0,0,0,0,0,0,0,0,0,0,0,0,0,0,0,0,0,0,0,0,0,0,0,0,0,0,0,0,0,0,0,0,0,0,0,0,0,0,0,0,0,0,0,0,0,0,0,0,0,0,0,0,0,0,0,0,0,0,0,0,0,0,0,0,0,0,0,0,0,0,0,0,0,0,0,0,0,0,0,0,0,0,0,0,0,0,0,0,0,
0,0,0,0,0,0,0,0,0,0,0,0,0,0,0,0,0,0,0,0,0,0,0,0,0,0,0,0,0,0,0,0,0,0,0,0,0,0,0,0,0,0,0,0,0,0,0,0,0,0,0,0,0,0,0,0,0,0,0,0,0,0,0,0,0,0,0,0,0,0,0,0,0,0,0,0,0,0,0,0,0,0,0,0,0,0,0,0,0,0,0,0,0,0,0,0,0,0,0,0,0,0,0,0,0,0,0,0,0,0,0,0,0,0,0,0,0,0,0,0,0,0,0,0,0,0,0,0,0,0,0,0,0,0,0,0,0,0,0,0,0,0,0,0,0,0,0,0,0,0,0,0,0,0,0,0,0,0,0,0,0,0,0,0,0,0,0,0,0,0,0,0,0,0,0,0,0,0,0,0,0,0,0,0,0,0,0,0,0,0,0,0,0,0,0,0,0,0,0,0,0,0,0,0,0,0,0,0,0,0,0,0,0,0,0,0,0,0,0,0,0,0,0,0,0,0,0,0,0,0,0,0,0,0,0,0,0,0,0,0,0,0,0,0,0,0,0,0,0,0,0,0,0,0,0,0,
0,0,0,0,0,0,0,0,0,0,0,0,0,0,0,0,0,0,0,0,0,0,0,0,0,0,0,0,0,0,0,0,0,0,0,0,0,0,0,0,0,0,0,0,0,0,0,0,0,0,0,0,0,0,0,0,0,0,0,0,0,0,0,0,0,0,0,0,0,0,0,0,0,0,0,0,0,0,0,0,0,0,0,0,0,0,0,0,0,0,0,0,0,0,0,0,0,0,0,0,0,0,0,0,0,0,0,0,0,0,0,0,0,0,0,0,0,0,0,0,0,0,0,0,0,0,0,0,0,0,0,0,0,0,0,0,0,0,0,0,0,0,0,0,0,0,0,0,0,0,0,0,0,0,0,0,0,0,0,0,0,0,0,0,0,0,0,0,0,0,0,0,0,0,0,0,0,0,0,0,0,0,0,0,0,0,0,0,0,0,0,0,0,0,0,0,0,0,0,0,0,0,0,0,0,0,0,0,0,0,0,0,0,0,0,0,0,0,0,0,0,0,0,0,0,0,0,0,0,0,0,0,0,0,0,0,0,0,0,0,0,0,0,0,0,0,0,0,0,0,0,0,0,0,0,0,
0,0,0,0,0,0,0,0,0,0,0,0,0,0,0,0,0,0,0,0,0,0,0,0,0,0,0,0,0,0,0,0,0,0,0,0,0,0,0,0,0,0,0,0,0,0,0,0,0,0,0,0,0,0,0,0,0,0,0,0,0,0,0,0,0,0,0,0,0,0,0,0,0,0,0,0,0,0,0,0,0,0,0,0,0,0,0,0,0,0,0,0,0,0,0,0,0,0,0,0,0,0,0,0,0,0,0,0,0,0,0,0,0,0,0,0,0,0,0,0,0,0,0,0,0,0,0,0,0,0,0,0,0,0,0,0,0,0,0,0,0,0,0,0,0,0,0,0,0,0,0,0,0,0,0,0,0,0,0,0,0,0,0,0,0,0,0,0,0,0,0,0,0,0,0,0,0,0,0,0,0,0,0,0,0,0,0,0,0,0,0,0,0,0,0,0,0,0,0,0,0,0,0,0,0,0,0,0,0,0,0,0,0,0,0,0,0,0,0,0,0,0,0,0,0,0,0,0,0,0,0,0,0,0,0,0,0,0,0,0,0,0,0,0,0,0,0,0,0,0,0,0,0,0,0,0,
0,0,0,0,0,0,0,0,0,0,0,0,0,0,0,0,0,0,0,0,0,0,0,0,0,0,0,0,0,0,0,0,0,0,0,0,0,0,0,0,0,0,0,0,0,0,0,0,0,0,0,0,0,0,0,0,0,0,0,0,0,0,0,0,0,0,0,0,0,0,0,0,0,0,0,0,0,0,0,0,0,0,0,0,0,0,0,0,0,0,0,0,0,0,0,0,0,0,0,0,0,0,0,0,0,0,0,0,0,0,0,0,0,0,0,0,0,0,0,0,0,0,0,0,0,0,0,0,0,0,0,0,0,0,0,0,0,0,0,0,0,0,0,0,0,0,0,0,0,0,0,0,0,0,0,0,0,0,0,0,0,0,0,0,0,0,0,0,0,0,0,0,0,0,0,0,0,0,0,0,0,0,0,0,0,0,0,0,0,0,0,0,0,0,0,0,0,0,0,0,0,0,0,0,0,0,0,0,0,0,0,0,0,0,0,0,0,0,0,0,0,0,0,0,0,0,0,0,0,0,0,0,0,0,0,0,0,0,0,0,0,0,0,0,0,0,0,0,0,0,0,0,0,0,0,0,
0,0,0,0,0,0,0,0,0,0,0,0,0,0,0,0,0,0,0,0,0,0,0,0,0,0,0,0,0,0,0,0,0,0,0,0,0,0,0,0,0,0,0,0,0,0,0,0,0,0,0,0,0,0,0,0,0,0,0,0,0,0,0,0,0,0,0,0,0,0,0,0,0,0,0,0,0,0,0,0,0,0,0,0,0,0,0,0,0,0,0,0,0,0,0,0,0,0,0,0,0,0,0,0,0,0,0,0,0,0,0,0,0,0,0,0,0,0,0,0,0,0,0,0,0,0,0,0,0,0,0,0,0,0,0,0,0,0,0,0,0,0,0,0,0,0,0,0,0,0,0,0,0,0,0,0,0,0,0,0,0,0,0,0,0,0,0,0,0,0,0,0,0,0,0,0,0,0,0,0,0,0,0,0,0,0,0,0,0,0,0,0,0,0,0,0,0,0,0,0,0,0,0,0,0,0,0,0,0,0,0,0,0,0,0,0,0,0,0,0,0,0,0,0,0,0,0,0,0,0,0,0,0,0,0,0,0,0,0,0,0,0,0,0,0,0,0,0,0,0,0,0,0,0,0,0,
0,0,0,0,0,0,0,0,0,0,0,0,0,0,0,0,0,0,0,0,0,0,0,0,0,0,0,0,0,0,0,0,0,0,0,0,0,0,0,0,0,0,0,0,0,0,0,0,0,0,0,0,0,0,0,0,0,0,0,0,0,0,0,0,0,0,0,0,0,0,0,0,0,0,0,0,0,0,0,0,0,0,0,0,0,0,0,0,0,0,0,0,0,0,0,0,0,0,0,0,0,0,0,0,0,0,0,0,0,0,0,0,0,0,0,0,0,0,0,0,0,0,0,0,0,0,0,0,0,0,0,0,0,0,0,0,0,0,0,0,0,0,0,0,0,0,0,0,0,0,0,0,0,0,0,0,0,0,0,0,0,0,0,0,0,0,0,0,0,0,0,0,0,0,0,0,0,0,0,0,0,0,0,0,0,0,0,0,0,0,0,0,0,0,0,0,0,0,0,0,0,0,0,0,0,0,0,0,0,0,0,0,0,0,0,0,0,0,0,0,0,0,0,0,0,0,0,0,0,0,0,0,0,0,0,0,0,0,0,0,0,0,0,0,0,0,0,0,0,0,0,0,0,0,0,0,
0,0,0,0,0,0,0,0,0,0,0,0,0,0,0,0,0,0,0,0,0,0,0,0,0,0,0,0,0,0,0,0,0,0,0,0,0,0,0,0,0,0,0,0,0,0,0,0,0,0,0,0,0,0,0,0,0,0,0,0,0,0,0,0,0,0,0,0,0,0,0,0,0,0,0,0,0,0,0,0,0,0,0,0,0,0,0,0,0,0,0,0,0,0,0,0,0,0,0,0,0,0,0,0,0,0,0,0,0,0,0,0,0,0,0,0,0,0,0,0,0,0,0,0,0,0,0,0,0,0,0,0,0,0,0,0,0,0,0,0,0,0,0,0,0,0,0,0,0,0,0,0,0,0,0,0,0,0,0,0,0,0,0,0,0,0,0,0,0,0,0,0,0,0,0,0,0,0,0,0,0,0,0,0,0,0,0,0,0,0,0,0,0,0,0,0,0,0,0,0,0,0,0,0,0,0,0,0,0,0,0,0,0,0,0,0,0,0,0,0,0,0,0,0,0,0,0,0,0,0,0,0,0,0,0,0,0,0,0,0,0,0,0,0,0,0,0,0,0,0,0,0,0,0,0,0,
0,0,0,0,0,0,0,0,0,0,0,0,0,0,0,0,0,0,0,0,0,0,0,0,0,0,0,0,0,0,0,0,0,0,0,0,0,0,0,0,0,0,0,0,0,0,0,0,0,0,0,0,0,0,0,0,0,0,0,0,0,0,0,0,0,0,0,0,0,0,0,0,0,0,0,0,0,0,0,0,0,0,0,0,0,0,0,0,0,0,0,0,0,0,0,0,0,0,0,0,0,0,0,0,0,0,0,0,0,0,0,0,0,0,0,0,0,0,0,0,0,0,0,0,0,0,0,0,0,0,0,0,0,0,0,0,0,0,0,0,0,0,0,0,0,0,0,0,0,0,0,0,0,0,0,0,0,0,0,0,0,0,0,0,0,0,0,0,0,0,0,0,0,0,0,0,0,0,0,0,0,0,0,0,0,0,0,0,0,0,0,0,0,0,0,0,0,0,0,0,0,0,0,0,0,0,0,0,0,0,0,0,0,0,0,0,0,0,0,0,0,0,0,0,0,0,0,0,0,0,0,0,0,0,0,0,0,0,0,0,0,0,0,0,0,0,0,0,0,0,0,0,0,0,0,0,
0,0,0,0,0,0,0,0,0,0,0,0,0,0,0,0,0,0,0,0,0,0,0,0,0,0,0,0,0,0,0,0,0,0,0,0,0,0,0,0,0,0,0,0,0,0,0,0,0,0,0,0,0,0,0,0,0,0,0,0,0,0,0,0,0,0,0,0,0,0,0,0,0,0,0,0,0,0,0,0,0,0,0,0,0,0,0,0,0,0,0,0,0,0,0,0,0,0,0,0,0,0,0,0,0,0,0,0,0,0,0,0,0,0,0,0,0,0,0,0,0,0,0,0,0,0,0,0,0,0,0,0,0,0,0,0,0,0,0,0,0,0,0,0,0,0,0,0,0,0,0,0,0,0,0,0,0,0,0,0,0,0,0,0,0,0,0,0,0,0,0,0,0,0,0,0,0,0,0,0,0,0,0,0,0,0,0,0,0,0,0,0,0,0,0,0,0,0,0,0,0,0,0,0,0,0,0,0,0,0,0,0,0,0,0,0,0,0,0,0,0,0,0,0,0,0,0,0,0,0,0,0,0,0,0,0,0,0,0,0,0,0,0,0,0,0,0,0,0,0,0,0,0,0,0,0,
0,0,0,0,0,0,0,0,0,0,0,0,0,0,0,0,0,0,0,0,0,0,0,0,0,0,0,0,0,0,0,0,0,0,0,0,0,0,0,0,0,0,0,0,0,0,0,0,0,0,0,0,0,0,0,0,0,0,0,0,0,0,0,0,0,0,0,0,0,0,0,0,0,0,0,0,0,0,0,0,0,0,0,0,0,0,0,0,0,0,0,0,0,0,0,0,0,0,0,0,0,0,0,0,0,0,0,0,0,0,0,0,0,0,0,0,0,0,0,0,0,0,0,0,0,0,0,0,0,0,0,0,0,0,0,0,0,0,0,0,0,0,0,0,0,0,0,0,0,0,0,0,0,0,0,0,0,0,0,0,0,0,0,0,0,0,0,0,0,0,0,0,0,0,0,0,0,0,0,0,0,0,0,0,0,0,0,0,0,0,0,0,0,0,0,0,0,0,0,0,0,0,0,0,0,0,0,0,0,0,0,0,0,0,0,0,0,0,0,0,0,0,0,0,0,0,0,0,0,0,0,0,0,0,0,0,0,0,0,0,0,0,0,0,0,0,0,0,0,0,0,0,0,0,0,0,
0,0,0,0,0,0,0,0,0,0,0,0,0,0,0,0,0,0,0,0,0,0,0,0,0,0,0,0,0,0,0,0,0,0,0,0,0,0,0,0,0,0,0,0,0,0,0,0,0,0,0,0,0,0,0,0,0,0,0,0,0,0,0,0,0,0,0,0,0,0,0,0,0,0,0,0,0,0,0,0,0,0,0,0,0,0,0,0,0,0,0,0,0,0,0,0,0,0,0,0,0,0,0,0,0,0,0,0,0,0,0,0,0,0,0,0,0,0,0,0,0,0,0,0,0,0,0,0,0,0,0,0,0,0,0,0,0,0,0,0,0,0,0,0,0,0,0,0,0,0,0,0,0,0,0,0,0,0,0,0,0,0,0,0,0,0,0,0,0,0,0,0,0,0,0,0,0,0,0,0,0,0,0,0,0,0,0,0,0,0,0,0,0,0,0,0,0,0,0,0,0,0,0,0,0,0,0,0,0,0,0,0,0,0,0,0,0,0,0,0,0,0,0,0,0,0,0,0,0,0,0,0,0,0,0,0,0,0,0,0,0,0,0,0,0,0,0,0,0,0,0,0,0,0,0,0,
0,0,0,0,0,0,0,0,0,0,0,0,0,0,0,0,0,0,0,0,0,0,0,0,0,0,0,0,0,0,0,0,0,0,0,0,0,0,0,0,0,0,0,0,0,0,0,0,0,0,0,0,0,0,0,0,0,0,0,0,0,0,0,0,0,0,0,0,0,0,0,0,0,0,0,0,0,0,0,0,0,0,0,0,0,0,0,0,0,0,0,0,0,0,0,0,0,0,0,0,0,0,0,0,0,0,0,0,0,0,0,0,0,0,0,0,0,0,0,0,0,0,0,0,0,0,0,0,0,0,0,0,0,0,0,0,0,0,0,0,0,0,0,0,0,0,0,0,0,0,0,0,0,0,0,0,0,0,0,0,0,0,0,0,0,0,0,0,0,0,0,0,0,0,0,0,0,0,0,0,0,0,0,0,0,0,0,0,0,0,0,0,0,0,0,0,0,0,0,0,0,0,0,0,0,0,0,0,0,0,0,0,0,0,0,0,0,0,0,0,0,0,0,0,0,0,0,0,0,0,0,0,0,0,0,0,0,0,0,0,0,0,0,0,0,0,0,0,0,0,0,0,0,0,0,0,
0,0,0,0,0,0,0,0,0,0,0,0,0,0,0,0,0,0,0,0,0,0,0,0,0,0,0,0,0,0,0,0,0,0,0,0,0,0,0,0,0,0,0,0,0,0,0,0,0,0,0,0,0,0,0,0,0,0,0,0,0,0,0,0,0,0,0,0,0,0,0,0,0,0,0,0,0,0,0,0,0,0,0,0,0,0,0,0,0,0,0,0,0,0,0,0,0,0,0,0,0,0,0,0,0,0,0,0,0,0,0,0,0,0,0,0,0,0,0,0,0,0,0,0,0,0,0,0,0,0,0,0,0,0,0,0,0,0,0,0,0,0,0,0,0,0,0,0,0,0,0,0,0,0,0,0,0,0,0,0,0,0,0,0,0,0,0,0,0,0,0,0,0,0,0,0,0,0,0,0,0,0,0,0,0,0,0,0,0,0,0,0,0,0,0,0,0,0,0,0,0,0,0,0,0,0,0,0,0,0,0,0,0,0,0,0,0,0,0,0,0,0,0,0,0,0,0,0,0,0,0,0,0,0,0,0,0,0,0,0,0,0,0,0,0,0,0,0,0,0,0,0,0,0,0,0,
0,0,0,0,0,0,0,0,0,0,0,0,0,0,0,0,0,0,0,0,0,0,0,0,0,0,0,0,0,0,0,0,0,0,0,0,0,0,0,0,0,0,0,0,0,0,0,0,0,0,0,0,0,0,0,0,0,0,0,0,0,0,0,0,0,0,0,0,0,0,0,0,0,0,0,0,0,0,0,0,0,0,0,0,0,0,0,0,0,0,0,0,0,0,0,0,0,0,0,0,0,0,0,0,0,0,0,0,0,0,0,0,0,0,0,0,0,0,0,0,0,0,0,0,0,0,0,0,0,0,0,0,0,0,0,0,0,0,0,0,0,0,0,0,0,0,0,0,0,0,0,0,0,0,0,0,0,0,0,0,0,0,0,0,0,0,0,0,0,0,0,0,0,0,0,0,0,0,0,0,0,0,0,0,0,0,0,0,0,0,0,0,0,0,0,0,0,0,0,0,0,0,0,0,0,0,0,0,0,0,0,0,0,0,0,0,0,0,0,0,0,0,0,0,0,0,0,0,0,0,0,0,0,0,0,0,0,0,0,0,0,0,0,0,0,0,0,0,0,0,0,0,0,0,0,0,
0,0,0,0,0,0,0,0,0,0,0,0,0,0,0,0,0,0,0,0,0,0,0,0,0,0,0,0,0,0,0,0,0,0,0,0,0,0,0,0,0,0,0,0,0,0,0,0,0,0,0,0,0,0,0,0,0,0,0,0,0,0,0,0,0,0,0,0,0,0,0,0,0,0,0,0,0,0,0,0,0,0,0,0,0,0,0,0,0,0,0,0,0,0,0,0,0,0,0,0,0,0,0,0,0,0,0,0,0,0,0,0,0,0,0,0,0,0,0,0,0,0,0,0,0,0,0,0,0,0,0,0,0,0,0,0,0,0,0,0,0,0,0,0,0,0,0,0,0,0,0,0,0,0,0,0,0,0,0,0,0,0,0,0,0,0,0,0,0,0,0,0,0,0,0,0,0,0,0,0,0,0,0,0,0,0,0,0,0,0,0,0,0,0,0,0,0,0,0,0,0,0,0,0,0,0,0,0,0,0,0,0,0,0,0,0,0,0,0,0,0,0,0,0,0,0,0,0,0,0,0,0,0,0,0,0,0,0,0,0,0,0,0,0,0,0,0,0,0,0,0,0,0,0,0,0,
0,0,0,0,0,0,0,0,0,0,0,0,0,0,0,0,0,0,0,0,0,0,0,0,0,0,0,0,0,0,0,0,0,0,0,0,0,0,0,0,0,0,0,0,0,0,0,0,0,0,0,0,0,0,0,0,0,0,0,0,0,0,0,0,0,0,0,0,0,0,0,0,0,0,0,0,0,0,0,0,0,0,0,0,0,0,0,0,0,0,0,0,0,0,0,0,0,0,0,0,0,0,0,0,0,0,0,0,0,0,0,0,0,0,0,0,0,0,0,0,0,0,0,0,0,0,0,0,0,0,0,0,0,0,0,0,0,0,0,0,0,0,0,0,0,0,0,0,0,0,0,0,0,0,0,0,0,0,0,0,0,0,0,0,0,0,0,0,0,0,0,0,0,0,0,0,0,0,0,0,0,0,0,0,0,0,0,0,0,0,0,0,0,0,0,0,0,0,0,0,0,0,0,0,0,0,0,0,0,0,0,0,0,0,0,0,0,0,0,0,0,0,0,0,0,0,0,0,0,0,0,0,0,0,0,0,0,0,0,0,0,0,0,0,0,0,0,0,0,0,0,0,0,0,0,0,
0,0,0,0,0,0,0,0,0,0,0,0,0,0,0,0,0,0,0,0,0,0,0,0,0,0,0,0,0,0,0,0,0,0,0,0,0,0,0,0,0,0,0,0,0,0,0,0,0,0,0,0,0,0,0,0,0,0,0,0,0,0,0,0,0,0,0,0,0,0,0,0,0,0,0,0,0,0,0,0,0,0,0,0,0,0,0,0,0,0,0,0,0,0,0,0,0,0,0,0,0,0,0,0,0,0,0,0,0,0,0,0,0,0,0,0,0,0,0,0,0,0,0,0,0,0,0,0,0,0,0,0,0,0,0,0,0,0,0,0,0,0,0,0,0,0,0,0,0,0,0,0,0,0,0,0,0,0,0,0,0,0,0,0,0,0,0,0,0,0,0,0,0,0,0,0,0,0,0,0,0,0,0,0,0,0,0,0,0,0,0,0,0,0,0,0,0,0,0,0,0,0,0,0,0,0,0,0,0,0,0,0,0,0,0,0,0,0,0,0,0,0,0,0,0,0,0,0,0,0,0,0,0,0,0,0,0,0,0,0,0,0,0,0,0,0,0,0,0,0,0,0,0,0,0,0,
0,0,0,0,0,0,0,0,0,0,0,0,0,0,0,0,0,0,0,0,0,0,0,0,0,0,0,0,0,0,0,0,0,0,0,0,0,0,0,0,0,0,0,0,0,0,0,0,0,0,0,0,0,0,0,0,0,0,0,0,0,0,0,0,0,0,0,0,0,0,0,0,0,0,0,0,0,0,0,0,0,0,0,0,0,0,0,0,0,0,0,0,0,0,0,0,0,0,0,0,0,0,0,0,0,0,0,0,0,0,0,0,0,0,0,0,0,0,0,0,0,0,0,0,0,0,0,0,0,0,0,0,0,0,0,0,0,0,0,0,0,0,0,0,0,0,0,0,0,0,0,0,0,0,0,0,0,0,0,0,0,0,0,0,0,0,0,0,0,0,0,0,0,0,0,0,0,0,0,0,0,0,0,0,0,0,0,0,0,0,0,0,0,0,0,0,0,0,0,0,0,0,0,0,0,0,0,0,0,0,0,0,0,0,0,0,0,0,0,0,0,0,0,0,0,0,0,0,0,0,0,0,0,0,0,0,0,0,0,0,0,0,0,0,0,0,0,0,0,0,0,0,0,0,0,0,
0,0,0,0,0,0,0,0,0,0,0,0,0,0,0,0,0,0,0,0,0,0,0,0,0,0,0,0,0,0,0,0,0,0,0,0,0,0,0,0,0,0,0,0,0,0,0,0,0,0,0,0,0,0,0,0,0,0,0,0,0,0,0,0,0,0,0,0,0,0,0,0,0,0,0,0,0,0,0,0,0,0,0,0,0,0,0,0,0,0,0,0,0,0,0,0,0,0,0,0,0,0,0,0,0,0,0,0,0,0,0,0,0,0,0,0,0,0,0,0,0,0,0,0,0,0,0,0,0,0,0,0,0,0,0,0,0,0,0,0,0,0,0,0,0,0,0,0,0,0,0,0,0,0,0,0,0,0,0,0,0,0,0,0,0,0,0,0,0,0,0,0,0,0,0,0,0,0,0,0,0,0,0,0,0,0,0,0,0,0,0,0,0,0,0,0,0,0,0,0,0,0,0,0,0,0,0,0,0,0,0,0,0,0,0,0,0,0,0,0,0,0,0,0,0,0,0,0,0,0,0,0,0,0,0,0,0,0,0,0,0,0,0,0,0,0,0,0,0,0,0,0,0,0,0,0,
0,0,0,0,0,0,0,0,0,0,0,0,0,0,0,0,0,0,0,0,0,0,0,0,0,0,0,0,0,0,0,0,0,0,0,0,0,0,0,0,0,0,0,0,0,0,0,0,0,0,0,0,0,0,0,0,0,0,0,0,0,0,0,0,0,0,0,0,0,0,0,0,0,0,0,0,0,0,0,0,0,0,0,0,0,0,0,0,0,0,0,0,0,0,0,0,0,0,0,0,0,0,0,0,0,0,0,0,0,0,0,0,0,0,0,0,0,0,0,0,0,0,0,0,0,0,0,0,0,0,0,0,0,0,0,0,0,0,0,0,0,0,0,0,0,0,0,0,0,0,0,0,0,0,0,0,0,0,0,0,0,0,0,0,0,0,0,0,0,0,0,0,0,0,0,0,0,0,0,0,0,0,0,0,0,0,0,0,0,0,0,0,0,0,0,0,0,0,0,0,0,0,0,0,0,0,0,0,0,0,0,0,0,0,0,0,0,0,0,0,0,0,0,0,0,0,0,0,0,0,0,0,0,0,0,0,0,0,0,0,0,0,0,0,0,0,0,0,0,0,0,0,0,0,0,0,
0,0,0,0,0,0,0,0,0,0,0,0,0,0,0,0,0,0,0,0,0,0,0,0,0,0,0,0,0,0,0,0,0,0,0,0,0,0,0,0,0,0,0,0,0,0,0,0,0,0,0,0,0,0,0,0,0,0,0,0,0,0,0,0,0,0,0,0,0,0,0,0,0,0,0,0,0,0,0,0,0,0,0,0,0,0,0,0,0,0,0,0,0,0,0,0,0,0,0,0,0,0,0,0,0,0,0,0,0,0,0,0,0,0,0,0,0,0,0,0,0,0,0,0,0,0,0,0,0,0,0,0,0,0,0,0,0,0,0,0,0,0,0,0,0,0,0,0,0,0,0,0,0,0,0,0,0,0,0,0,0,0,0,0,0,0,0,0,0,0,0,0,0,0,0,0,0,0,0,0,0,0,0,0,0,0,0,0,0,0,0,0,0,0,0,0,0,0,0,0,0,0,0,0,0,0,0,0,0,0,0,0,0,0,0,0,0,0,0,0,0,0,0,0,0,0,0,0,0,0,0,0,0,0,0,0,0,0,0,0,0,0,0,0,0,0,0,0,0,0,0,0,0,0,0,0,
0,0,0,0,0,0,0,0,0,0,0,0,0,0,0,0,0,0,0,0,0,0,0,0,0,0,0,0,0,0,0,0,0,0,0,0,0,0,0,0,0,0,0,0,0,0,0,0,0,0,0,0,0,0,0,0,0,0,0,0,0,0,0,0,0,0,0,0,0,0,0,0,0,0,0,0,0,0,0,0,0,0,0,0,0,0,0,0,0,0,0,0,0,0,0,0,0,0,0,0,0,0,0,0,0,0,0,0,0,0,0,0,0,0,0,0,0,0,0,0,0,0,0,0,0,0,0,0,0,0,0,0,0,0,0,0,0,0,0,0,0,0,0,0,0,0,0,0,0,0,0,0,0,0,0,0,0,0,0,0,0,0,0,0,0,0,0,0,0,0,0,0,0,0,0,0,0,0,0,0,0,0,0,0,0,0,0,0,0,0,0,0,0,0,0,0,0,0,0,0,0,0,0,0,0,0,0,0,0,0,0,0,0,0,0,0,0,0,0,0,0,0,0,0,0,0,0,0,0,0,0,0,0,0,0,0,0,0,0,0,0,0,0,0,0,0,0,0,0,0,0,0,0,0,0,0,
0,0,0,0,0,0,0,0,0,0,0,0,0,0,0,0,0,0,0,0,0,0,0,0,0,0,0,0,0,0,0,0,0,0,0,0,0,0,0,0,0,0,0,0,0,0,0,0,0,0,0,0,0,0,0,0,0,0,0,0,0,0,0,0,0,0,0,0,0,0,0,0,0,0,0,0,0,0,0,0,0,0,0,0,0,0,0,0,0,0,0,0,0,0,0,0,0,0,0,0,0,0,0,0,0,0,0,0,0,0,0,0,0,0,0,0,0,0,0,0,0,0,0,0,0,0,0,0,0,0,0,0,0,0,0,0,0,0,0,0,0,0,0,0,0,0,0,0,0,0,0,0,0,0,0,0,0,0,0,0,0,0,0,0,0,0,0,0,0,0,0,0,0,0,0,0,0,0,0,0,0,0,0,0,0,0,0,0,0,0,0,0,0,0,0,0,0,0,0,0,0,0,0,0,0,0,0,0,0,0,0,0,0,0,0,0,0,0,0,0,0,0,0,0,0,0,0,0,0,0,0,0,0,0,0,0,0,0,0,0,0,0,0,0,0,0,0,0,0,0,0,0,0,0,0,0,
0,0,0,0,0,0,0,0,0,0,0,0,0,0,0,0,0,0,0,0,0,0,0,0,0,0,0,0,0,0,0,0,0,0,0,0,0,0,0,0,0,0,0,0,0,0,0,0,0,0,0,0,0,0,0,0,0,0,0,0,0,0,0,0,0,0,0,0,0,0,0,0,0,0,0,0,0,0,0,0,0,0,0,0,0,0,0,0,0,0,0,0,0,0,0,0,0,0,0,0,0,0,0,0,0,0,0,0,0,0,0,0,0,0,0,0,0,0,0,0,0,0,0,0,0,0,0,0,0,0,0,0,0,0,0,0,0,0,0,0,0,0,0,0,0,0,0,0,0,0,0,0,0,0,0,0,0,0,0,0,0,0,0,0,0,0,0,0,0,0,0,0,0,0,0,0,0,0,0,0,0,0,0,0,0,0,0,0,0,0,0,0,0,0,0,0,0,0,0,0,0,0,0,0,0,0,0,0,0,0,0,0,0,0,0,0,0,0,0,0,0,0,0,0,0,0,0,0,0,0,0,0,0,0,0,0,0,0,0,0,0,0,0,0,0,0,0,0,0,0,0,0,0,0,0,0,
0,0,0,0,0,0,0,0,0,0,0,0,0,0,0,0,0,0,0,0,0,0,0,0,0,0,0,0,0,0,0,0,0,0,0,0,0,0,0,0,0,0,0,0,0,0,0,0,0,0,0,0,0,0,0,0,0,0,0,0,0,0,0,0,0,0,0,0,0,0,0,0,0,0,0,0,0,0,0,0,0,0,0,0,0,0,0,0,0,0,0,0,0,0,0,0,0,0,0,0,0,0,0,0,0,0,0,0,0,0,0,0,0,0,0,0,0,0,0,0,0,0,0,0,0,0,0,0,0,0,0,0,0,0,0,0,0,0,0,0,0,0,0,0,0,0,0,0,0,0,0,0,0,0,0,0,0,0,0,0,0,0,0,0,0,0,0,0,0,0,0,0,0,0,0,0,0,0,0,0,0,0,0,0,0,0,0,0,0,0,0,0,0,0,0,0,0,0,0,0,0,0,0,0,0,0,0,0,0,0,0,0,0,0,0,0,0,0,0,0,0,0,0,0,0,0,0,0,0,0,0,0,0,0,0,0,0,0,0,0,0,0,0,0,0,0,0,0,0,0,0,0,0,0,0,0,
0,0,0,0,0,0,0,0,0,0,0,0,0,0,0,0,0,0,0,0,0,0,0,0,0,0,0,0,0,0,0,0,0,0,0,0,0,0,0,0,0,0,0,0,0,0,0,0,0,0,0,0,0,0,0,0,0,0,0,0,0,0,0,0,0,0,0,0,0,0,0,0,0,0,0,0,0,0,0,0,0,0,0,0,0,0,0,0,0,0,0,0,0,0,0,0,0,0,0,0,0,0,0,0,0,0,0,0,0,0,0,0,0,0,0,0,0,0,0,0,0,0,0,0,0,0,0,0,0,0,0,0,0,0,0,0,0,0,0,0,0,0,0,0,0,0,0,0,0,0,0,0,0,0,0,0,0,0,0,0,0,0,0,0,0,0,0,0,0,0,0,0,0,0,0,0,0,0,0,0,0,0,0,0,0,0,0,0,0,0,0,0,0,0,0,0,0,0,0,0,0,0,0,0,0,0,0,0,0,0,0,0,0,0,0,0,0,0,0,0,0,0,0,0,0,0,0,0,0,0,0,0,0,0,0,0,0,0,0,0,0,0,0,0,0,0,0,0,0,0,0,0,0,0,0,0,
0,0,0,0,0,0,0,0,0,0,0,0,0,0,0,0,0,0,0,0,0,0,0,0,0,0,0,0,0,0,0,0,0,0,0,0,0,0,0,0,0,0,0,0,0,0,0,0,0,0,0,0,0,0,0,0,0,0,0,0,0,0,0,0,0,0,0,0,0,0,0,0,0,0,0,0,0,0,0,0,0,0,0,0,0,0,0,0,0,0,0,0,0,0,0,0,0,0,0,0,0,0,0,0,0,0,0,0,0,0,0,0,0,0,0,0,0,0,0,0,0,0,0,0,0,0,0,0,0,0,0,0,0,0,0,0,0,0,0,0,0,0,0,0,0,0,0,0,0,0,0,0,0,0,0,0,0,0,0,0,0,0,0,0,0,0,0,0,0,0,0,0,0,0,0,0,0,0,0,0,0,0,0,0,0,0,0,0,0,0,0,0,0,0,0,0,0,0,0,0,0,0,0,0,0,0,0,0,0,0,0,0,0,0,0,0,0,0,0,0,0,0,0,0,0,0,0,0,0,0,0,0,0,0,0,0,0,0,0,0,0,0,0,0,0,0,0,0,0,0,0,0,0,0,0,0,
0,0,0,0,0,0,0,0,0,0,0,0,0,0,0,0,0,0,0,0,0,0,0,0,0,0,0,0,0,0,0,0,0,0,0,0,0,0,0,0,0,0,0,0,0,0,0,0,0,0,0,0,0,0,0,0,0,0,0,0,0,0,0,0,0,0,0,0,0,0,0,0,0,0,0,0,0,0,0,0,0,0,0,0,0,0,0,0,0,0,0,0,0,0,0,0,0,0,0,0,0,0,0,0,0,0,0,0,0,0,0,0,0,0,0,0,0,0,0,0,0,0,0,0,0,0,0,0,0,0,0,0,0,0,0,0,0,0,0,0,0,0,0,0,0,0,0,0,0,0,0,0,0,0,0,0,0,0,0,0,0,0,0,0,0,0,0,0,0,0,0,0,0,0,0,0,0,0,0,0,0,0,0,0,0,0,0,0,0,0,0,0,0,0,0,0,0,0,0,0,0,0,0,0,0,0,0,0,0,0,0,0,0,0,0,0,0,0,0,0,0,0,0,0,0,0,0,0,0,0,0,0,0,0,0,0,0,0,0,0,0,0,0,0,0,0,0,0,0,0,0,0,0,0,0,0,
0,0,0,0,0,0,0,0,0,0,0,0,0,0,0,0,0,0,0,0,0,0,0,0,0,0,0,0,0,0,0,0,0,0,0,0,0,0,0,0,0,0,0,0,0,0,0,0,0,0,0,0,0,0,0,0,0,0,0,0,0,0,0,0,0,0,0,0,0,0,0,0,0,0,0,0,0,0,0,0,0,0,0,0,0,0,0,0,0,0,0,0,0,0,0,0,0,0,0,0,0,0,0,0,0,0,0,0,0,0,0,0,0,0,0,0,0,0,0,0,0,0,0,0,0,0,0,0,0,0,0,0,0,0,0,0,0,0,0,0,0,0,0,0,0,0,0,0,0,0,0,0,0,0,0,0,0,0,0,0,0,0,0,0,0,0,0,0,0,0,0,0,0,0,0,0,0,0,0,0,0,0,0,0,0,0,0,0,0,0,0,0,0,0,0,0,0,0,0,0,0,0,0,0,0,0,0,0,0,0,0,0,0,0,0,0,0,0,0,0,0,0,0,0,0,0,0,0,0,0,0,0,0,0,0,0,0,0,0,0,0,0,0,0,0,0,0,0,0,0,0,0,0,0,0,0,
0,0,0,0,0,0,0,0,0,0,0,0,0,0,0,0,0,0,0,0,0,0,0,0,0,0,0,0,0,0,0,0,0,0,0,0,0,0,0,0,0,0,0,0,0,0,0,0,0,0,0,0,0,0,0,0,0,0,0,0,0,0,0,0,0,0,0,0,0,0,0,0,0,0,0,0,0,0,0,0,0,0,0,0,0,0,0,0,0,0,0,0,0,0,0,0,0,0,0,0,0,0,0,0,0,0,0,0,0,0,0,0,0,0,0,0,0,0,0,0,0,0,0,0,0,0,0,0,0,0,0,0,0,0,0,0,0,0,0,0,0,0,0,0,0,0,0,0,0,0,0,0,0,0,0,0,0,0,0,0,0,0,0,0,0,0,0,0,0,0,0,0,0,0,0,0,0,0,0,0,0,0,0,0,0,0,0,0,0,0,0,0,0,6,0,0,0,0,0,0,0,0,0,0,0,0,0,0,0,0,0,0,0,0,0,0,0,0,0,0,0,0,0,0,0,0,0,0,0,0,0,0,0,0,0,0,0,0,0,0,0,0,0,0,0,0,0,0,0,0,0,0,0,0,0,0,
0,0,0,0,0,0,0,0,0,0,0,0,0,0,0,0,0,0,0,0,0,0,0,0,0,0,0,0,0,0,0,0,0,0,0,0,0,0,0,0,0,0,0,0,0,0,0,0,0,0,0,0,0,0,0,0,0,0,0,0,0,0,0,0,0,0,0,0,0,0,0,0,0,0,0,0,0,0,0,0,0,0,0,0,0,0,0,0,0,0,0,0,0,0,0,0,0,0,0,0,0,0,0,0,0,0,0,0,0,0,0,0,0,0,0,0,0,0,0,0,0,0,0,0,0,0,0,0,0,0,0,0,0,0,0,0,0,0,0,0,0,0,0,0,0,0,0,0,0,0,0,0,0,0,0,0,0,0,0,0,0,0,0,0,0,0,0,0,0,0,0,0,0,0,0,0,0,0,0,0,0,0,0,0,0,0,0,0,0,0,0,0,0,11,6,0,0,0,0,0,0,0,0,0,0,0,0,0,0,0,0,0,0,0,0,0,0,0,0,0,0,0,0,0,0,0,0,0,0,0,0,0,0,0,0,0,0,0,0,0,0,0,0,0,0,0,0,0,0,0,0,0,0,0,0,0,
0,0,0,0,0,0,0,0,0,0,0,0,0,0,0,0,0,0,0,0,0,0,0,0,0,0,0,0,0,0,0,0,0,0,0,0,0,0,0,0,0,0,0,0,0,0,0,0,0,0,0,0,0,0,0,0,0,0,0,0,0,0,0,0,0,0,0,0,0,0,0,0,0,0,0,0,0,0,0,0,0,0,0,0,0,0,0,0,0,0,0,0,0,0,0,0,0,0,0,0,0,0,0,0,0,0,0,0,0,0,0,0,0,0,0,0,0,0,0,0,0,0,0,0,0,0,0,0,0,0,0,0,0,0,0,0,0,0,0,0,0,0,0,0,0,0,0,0,0,0,0,0,0,0,0,0,0,0,0,0,0,0,0,0,0,0,0,0,0,0,0,0,0,0,0,0,0,0,0,0,0,0,0,0,0,0,0,0,0,0,0,0,0,10,11,11,0,0,0,0,0,0,0,0,0,0,0,0,0,0,0,0,0,0,0,0,19,0,0,0,0,0,0,0,0,0,0,0,0,0,0,0,0,0,0,0,0,0,0,0,0,0,0,0,0,0,0,0,0,0,0,0,0,0,0,0,
0,0,0,0,0,0,0,0,0,0,0,0,0,0,0,0,0,0,0,0,7,5,0,0,0,0,0,0,0,0,0,0,0,0,0,0,0,0,0,0,0,0,0,0,0,0,0,0,0,0,0,0,0,0,0,0,0,0,0,0,0,0,0,0,0,0,0,0,0,0,0,0,0,0,0,0,0,0,0,0,0,0,0,0,0,0,0,0,0,0,0,0,0,0,0,0,0,0,0,0,0,0,0,0,0,0,0,0,0,0,0,0,0,0,0,0,0,0,0,0,0,0,0,0,0,0,0,0,0,0,0,0,0,0,0,0,0,0,0,0,0,0,0,0,0,0,0,0,0,0,0,0,0,0,0,0,0,0,0,0,11,0,0,0,0,0,0,0,0,0,0,0,0,0,0,0,0,0,0,0,0,0,0,0,0,0,0,0,0,0,0,0,0,11,0,10,11,0,0,10,0,0,0,0,0,0,0,0,0,0,0,0,0,0,0,0,20,0,0,0,0,0,0,0,0,0,0,0,0,0,0,20,0,0,0,0,0,0,0,0,0,0,0,0,0,0,0,0,0,0,0,0,0,0,0,0,
0,0,0,0,0,0,0,0,0,0,0,0,0,0,0,0,0,0,0,8,8,5,0,0,0,0,0,0,0,0,0,0,0,0,0,0,0,0,0,0,0,0,0,0,0,0,0,0,0,0,0,0,0,0,0,0,0,0,0,0,0,0,0,0,0,0,0,0,0,0,0,0,0,0,0,0,0,0,0,0,0,0,0,0,0,0,0,0,0,0,0,0,0,0,0,0,0,0,0,0,0,0,0,0,0,0,0,0,0,0,0,0,0,0,0,0,0,0,0,0,0,0,0,0,0,0,0,0,0,0,0,0,0,0,0,0,0,0,0,0,0,0,0,0,0,0,0,0,0,0,0,0,0,0,0,0,0,0,0,0,0,0,10,0,0,0,0,0,0,0,0,0,0,0,0,0,0,0,0,0,0,0,0,0,0,0,0,0,0,0,0,0,0,0,0,10,10,11,0,0,0,0,0,0,0,0,0,0,0,0,0,0,0,0,0,0,0,0,0,0,0,0,0,0,0,0,0,20,19,0,21,21,0,0,0,22,21,0,0,0,0,0,0,0,0,0,0,0,0,0,0,0,0,0,0,0,
0,0,22,0,0,0,0,0,0,0,0,0,0,0,0,0,0,0,0,0,0,6,7,0,0,0,0,0,0,0,0,0,0,0,0,0,0,0,0,0,0,0,0,0,0,0,0,0,0,0,0,19,0,0,0,0,0,0,0,0,0,0,0,0,0,0,0,0,0,0,0,0,0,0,0,0,0,0,0,0,0,0,0,0,0,0,0,0,0,0,0,0,0,0,0,0,0,0,0,0,0,0,0,0,10,0,0,0,0,0,0,0,0,0,0,0,0,0,0,0,0,0,0,0,0,0,0,0,0,0,0,0,0,0,0,0,0,0,0,0,0,0,0,0,0,0,0,0,0,0,0,0,0,0,0,0,0,0,0,0,0,0,11,0,0,0,0,0,0,0,0,0,0,0,0,0,0,0,0,0,0,0,0,0,0,0,0,0,0,0,0,0,0,0,0,7,12,9,0,0,0,0,0,0,0,0,0,0,0,0,0,0,0,0,0,0,0,16,15,0,0,0,0,0,0,0,0,20,21,20,21,0,0,0,21,0,21,22,0,0,0,0,0,0,0,0,0,0,0,0,0,0,0,0,0,0,
0,0,21,22,0,0,0,0,0,0,0,0,0,0,0,0,0,0,0,0,0,0,0,0,0,0,0,0,12,0,0,0,0,0,0,0,13,0,0,0,0,0,0,0,0,0,0,0,0,0,0,18,0,0,0,16,0,0,0,0,0,0,0,0,0,0,0,0,0,0,0,0,0,0,0,0,0,0,0,0,0,0,0,0,0,0,0,0,0,0,0,0,0,0,0,0,0,0,0,0,0,0,0,0,0,8,9,0,0,0,0,0,0,0,0,0,0,0,0,0,0,0,0,0,0,0,0,0,0,0,0,0,0,0,0,0,0,0,0,0,0,0,0,0,0,0,0,0,0,0,0,0,0,0,0,0,0,0,0,12,0,0,0,0,0,0,0,0,0,0,0,0,0,0,0,0,0,0,0,0,0,0,11,0,0,0,0,0,0,9,0,0,0,0,8,0,12,9,9,0,0,0,0,0,0,0,0,0,0,0,0,0,0,0,0,16,17,17,0,0,0,18,0,0,0,0,0,0,0,20,0,0,0,0,22,0,22,21,23,0,0,0,0,0,0,0,0,0,0,0,0,0,0,0,0,0,
0,0,0,22,0,0,0,0,0,0,0,0,0,0,0,0,0,0,0,0,0,0,0,0,0,0,0,0,12,13,0,0,0,0,0,0,0,13,0,0,0,0,0,0,0,0,0,0,0,0,0,0,0,0,0,21,0,0,0,0,14,0,6,0,0,0,0,0,0,0,0,0,0,0,0,0,0,0,0,0,0,0,0,0,0,0,0,0,0,0,0,0,17,0,0,0,0,0,0,0,0,0,0,0,0,9,0,0,0,0,0,0,0,13,0,0,0,11,0,0,0,0,13,0,0,0,0,0,0,0,0,0,0,0,0,0,0,0,0,0,0,0,0,0,0,0,0,0,0,0,0,0,0,0,0,0,0,0,0,0,0,0,0,0,0,0,0,0,0,0,0,0,0,0,0,0,13,0,0,0,0,0,12,0,0,0,0,0,0,0,0,0,0,0,7,8,0,0,0,0,0,0,0,0,0,0,0,0,0,0,0,0,0,0,0,0,16,18,18,0,0,0,0,0,0,0,0,0,0,0,0,0,0,0,0,0,22,22,22,22,0,0,0,0,0,0,0,0,0,0,0,0,0,0,0,0,
0,0,0,0,0,0,0,0,0,0,0,0,0,0,0,0,0,0,0,0,0,0,0,0,0,0,0,14,0,0,0,0,0,0,19,0,10,0,0,0,0,0,0,0,0,0,17,0,20,0,0,0,0,0,23,13,0,0,0,16,0,14,7,7,0,0,0,0,10,0,0,0,0,0,0,17,0,0,0,0,0,0,0,0,0,0,0,0,0,0,0,0,0,17,18,0,0,0,0,0,0,0,0,0,0,0,0,0,0,0,11,0,0,0,13,0,0,0,0,0,0,16,15,15,0,0,0,0,0,0,0,0,0,0,0,0,0,0,0,0,0,0,0,0,0,0,0,0,0,0,0,0,0,0,0,0,0,0,0,11,0,0,14,0,0,0,0,0,0,0,0,0,0,18,0,16,0,15,14,8,17,0,15,0,0,0,11,0,0,0,0,14,15,15,8,0,8,10,8,0,0,0,0,0,0,0,0,0,0,0,12,0,0,0,0,0,17,0,18,0,0,0,0,0,0,0,0,0,0,0,23,0,0,24,0,0,0,22,23,22,0,0,0,0,0,0,0,0,0,0,0,0,0,0,0,0,
0,0,13,0,16,0,0,15,0,0,0,0,0,0,0,0,0,0,0,0,0,0,16,14,0,10,0,16,15,0,0,0,0,0,23,20,0,0,0,24,0,0,0,0,17,17,23,0,19,20,20,0,0,18,23,24,0,13,0,0,0,0,0,15,0,0,0,0,0,0,0,12,22,0,0,18,17,0,20,24,25,0,0,0,0,0,0,0,0,0,0,0,14,0,0,19,0,0,0,0,0,0,0,0,0,14,12,0,0,0,0,0,8,12,11,12,0,12,0,0,0,0,12,0,16,0,0,0,0,0,0,0,0,0,0,0,0,0,0,0,0,0,0,0,0,0,0,0,0,0,0,0,0,0,16,0,0,0,0,0,12,12,0,0,0,0,0,0,0,0,0,13,17,0,15,0,17,0,0,9,0,0,0,16,0,0,0,10,0,0,0,11,0,17,20,17,13,18,21,0,13,0,0,0,0,0,0,0,0,0,12,0,0,0,0,0,0,0,0,25,0,0,0,0,0,0,0,0,0,26,0,23,0,0,0,0,0,0,23,0,0,0,0,0,0,0,0,0,0,0,0,0,0,0,0,0,
0,18,14,0,0,14,7,16,0,15,0,0,15,0,0,0,0,0,0,0,0,0,17,14,13,0,21,0,14,0,0,0,0,0,23,0,21,21,25,0,0,0,23,0,20,18,24,0,19,19,19,0,0,20,0,24,0,14,17,0,0,0,0,0,0,0,0,0,15,12,0,0,13,0,0,19,0,0,21,23,26,0,0,20,0,0,0,0,0,0,0,0,0,15,0,0,0,0,0,0,0,0,0,14,0,12,13,0,0,0,0,0,8,12,14,13,24,0,0,0,0,0,0,16,0,0,0,0,0,0,18,0,0,0,0,0,0,0,0,19,0,0,0,0,0,0,18,0,0,0,0,0,0,0,0,0,0,17,12,15,0,14,0,0,0,0,0,0,0,0,0,16,15,18,0,0,0,0,0,0,0,0,13,0,14,0,17,11,14,18,19,14,0,16,21,17,15,16,22,15,14,16,0,0,0,21,11,0,16,0,15,13,15,0,0,12,14,26,27,14,0,0,16,0,0,0,0,0,0,25,0,0,0,0,0,0,0,0,0,0,0,0,0,0,0,0,0,0,0,0,0,0,0,0,0,0,
0,20,7,6,17,15,20,8,9,6,16,22,15,15,0,0,0,0,0,0,17,0,16,13,13,14,24,18,15,0,0,0,26,0,0,18,22,23,26,26,0,0,0,24,0,20,21,23,0,20,20,21,0,0,0,0,0,0,15,0,0,0,0,0,0,0,0,0,0,18,15,15,0,0,15,16,23,22,0,22,26,22,13,20,3,0,0,0,0,0,0,0,0,0,16,0,0,21,15,0,0,0,0,19,0,0,14,0,0,0,0,13,12,0,11,14,14,23,0,17,0,0,0,0,0,0,0,0,0,0,0,0,17,0,0,0,0,13,20,20,0,0,0,0,0,17,19,0,21,0,0,0,15,0,15,24,0,0,16,0,14,14,0,0,0,0,0,12,0,19,0,19,0,15,18,17,16,0,0,0,0,0,17,14,14,15,12,17,14,15,18,15,18,17,17,16,15,16,14,15,0,0,19,19,0,18,17,15,16,16,16,14,16,16,13,11,0,26,28,0,0,0,16,13,0,0,0,0,17,0,0,0,0,0,0,0,0,0,0,0,0,0,0,0,0,0,0,0,0,0,0,0,0,0,0,0,
20,9,8,18,9,18,9,22,4,9,6,11,15,16,19,0,0,0,0,0,0,18,19,14,23,23,24,23,11,14,27,0,27,25,21,18,23,24,27,18,0,0,17,24,24,16,0,23,20,22,24,24,20,16,17,0,18,22,11,0,0,16,0,0,14,17,0,19,0,19,16,15,16,24,26,17,17,18,13,18,20,0,14,4,4,0,0,0,0,25,0,14,0,17,17,14,15,20,17,17,18,0,20,0,0,0,0,0,0,0,0,12,13,25,12,13,14,0,19,18,16,0,0,0,0,0,0,0,0,0,11,0,17,17,0,0,0,14,14,13,18,14,0,16,0,0,0,22,22,23,24,18,0,0,16,14,17,0,17,17,18,15,0,19,0,0,14,13,0,0,12,20,20,19,16,14,14,17,0,0,0,0,16,17,15,14,14,12,15,20,20,18,18,20,18,15,17,17,17,22,21,20,17,17,19,12,16,17,16,17,13,16,14,12,13,14,13,18,29,0,0,0,0,17,19,19,20,0,0,21,0,19,0,0,0,18,0,0,0,19,0,0,0,0,0,0,0,0,0,0,0,0,0,0,0,0,
8,22,22,8,10,12,11,11,9,21,12,19,7,20,18,0,0,0,18,17,0,0,0,21,25,21,24,24,15,15,21,0,27,0,28,23,17,23,28,28,21,18,24,25,17,18,0,17,16,20,22,23,20,16,20,18,20,19,18,19,0,0,0,0,0,16,18,0,10,20,21,18,16,17,26,17,17,16,17,18,18,16,0,5,5,5,0,14,25,0,26,0,15,0,20,21,16,17,18,17,22,19,17,21,0,0,15,0,0,0,0,0,0,0,13,14,26,24,24,20,17,0,28,0,0,0,17,17,17,20,0,11,0,16,0,0,0,13,15,14,13,13,0,0,16,0,14,23,21,17,0,18,18,18,17,17,18,18,18,19,17,18,16,19,20,14,15,13,17,9,13,20,19,20,19,13,15,15,17,17,18,20,0,19,16,15,21,12,16,20,22,19,20,19,15,16,13,22,22,23,22,22,27,20,19,20,19,19,19,16,14,14,14,0,14,15,26,0,18,14,0,0,15,0,21,20,19,20,22,25,20,0,0,14,22,23,0,0,0,0,19,0,0,0,0,0,0,0,0,0,0,0,0,0,0,0,
15,22,10,23,10,21,0,11,11,10,0,20,21,20,17,21,21,0,21,21,17,24,20,22,22,15,11,11,13,15,29,23,28,20,29,18,17,23,24,22,21,22,19,19,17,17,0,18,16,21,22,23,16,20,19,18,20,18,19,19,0,0,0,0,0,15,14,28,17,21,13,23,19,18,19,20,23,22,22,18,19,17,18,24,6,19,0,0,0,16,27,0,15,20,19,10,22,23,20,22,12,20,19,23,13,14,15,14,21,0,0,0,0,12,14,19,23,24,23,0,27,18,0,17,0,19,18,17,18,0,19,11,15,15,14,18,17,14,17,26,17,14,19,19,14,13,21,24,24,20,19,12,12,14,18,18,16,0,18,17,17,18,13,21,20,14,14,14,10,17,14,9,19,13,13,13,15,15,17,18,18,17,16,17,17,17,20,15,12,17,21,20,21,21,24,17,21,17,15,19,18,20,27,20,19,17,18,20,18,17,18,18,18,0,18,15,19,26,27,19,25,26,23,23,24,21,23,23,21,21,25,24,26,19,15,21,0,18,0,0,22,16,0,23,0,0,0,0,0,0,0,0,0,0,0,0,
15,15,19,20,22,22,22,11,11,17,23,13,20,19,11,22,19,21,21,16,15,14,15,19,20,16,21,23,22,23,22,29,29,19,21,21,19,17,23,21,22,0,0,17,17,28,18,25,18,16,24,24,25,21,20,11,19,19,21,23,19,16,0,0,13,0,15,27,14,17,23,23,18,19,20,20,24,23,22,24,19,21,18,15,17,20,19,16,0,16,25,0,0,0,20,21,23,9,21,20,21,21,23,24,24,13,15,19,21,16,0,0,17,0,24,19,20,23,24,23,18,20,28,19,17,19,20,18,0,0,19,17,19,16,21,16,16,18,16,21,21,18,21,19,15,15,17,18,16,23,20,20,19,19,18,16,17,19,15,16,0,15,18,21,22,14,15,23,18,11,12,16,10,19,25,22,17,18,15,18,17,19,28,22,16,20,26,16,15,17,21,20,13,22,16,19,20,17,16,19,15,13,16,21,19,0,17,25,19,21,18,19,20,0,20,20,20,19,28,27,27,28,24,25,23,25,17,22,22,0,26,20,27,19,17,22,17,20,20,21,21,17,18,14,25,0,0,0,0,0,0,0,0,0,0,0,
16,16,21,13,11,22,23,23,19,17,20,0,24,21,10,21,21,22,22,25,15,18,23,21,22,22,22,20,20,24,18,17,31,21,20,17,17,20,23,22,21,23,15,15,15,26,28,16,18,20,24,25,18,23,23,20,23,21,23,24,19,12,17,0,14,0,15,23,28,27,25,25,18,19,20,22,17,25,24,26,20,26,21,20,16,24,25,20,17,19,23,25,24,21,19,19,10,10,20,21,22,20,24,16,24,14,14,18,20,29,0,18,0,0,22,23,22,0,24,21,0,29,28,16,18,0,19,0,19,17,20,18,24,19,22,22,22,20,18,19,19,19,20,20,22,18,17,17,27,19,20,18,18,20,16,19,17,27,17,16,0,18,19,10,23,23,16,14,14,18,17,16,13,17,10,23,17,22,15,16,19,17,18,28,22,27,21,26,17,17,22,21,13,15,15,17,21,21,18,15,18,16,24,24,21,20,18,17,19,20,19,23,25,21,21,22,21,22,26,19,25,25,29,26,28,19,18,18,23,21,15,13,21,22,18,20,18,18,22,21,20,21,16,15,0,24,25,0,0,0,0,0,0,0,0,0,
18,13,24,23,21,23,23,24,17,18,13,0,15,23,11,18,24,19,22,25,22,24,24,22,26,17,18,22,24,25,24,18,31,19,21,19,21,23,18,24,18,23,20,25,27,25,19,27,17,19,20,19,22,24,18,19,18,22,22,15,20,21,20,17,16,16,16,22,28,28,20,19,23,23,20,23,18,21,27,28,26,27,20,17,20,23,20,26,18,19,19,26,24,18,0,18,0,13,20,20,11,11,23,17,24,25,15,22,24,21,0,0,19,22,23,17,22,21,0,22,20,22,30,0,0,0,0,0,0,0,25,19,18,20,23,22,22,20,19,19,21,23,22,20,21,14,18,23,27,28,27,19,19,19,17,17,20,28,24,18,0,18,16,11,23,17,17,17,15,20,16,17,19,18,24,23,18,17,18,18,19,20,23,18,29,29,17,27,27,21,19,21,22,15,15,16,18,22,22,19,19,21,25,23,24,21,21,19,16,20,23,26,24,27,22,0,22,23,26,23,25,21,29,25,29,19,26,21,23,21,24,22,13,21,23,21,21,17,20,20,20,20,23,27,25,25,27,0,0,0,0,0,0,0,0,0,
14,19,15,21,14,15,21,18,24,19,24,24,15,22,12,26,25,21,22,23,16,21,26,23,25,23,18,19,19,25,21,23,21,17,21,18,18,20,22,19,20,22,21,25,26,26,28,29,19,19,19,19,20,21,26,19,32,23,17,16,22,20,19,20,20,22,17,21,17,24,21,23,20,16,15,24,18,14,25,27,28,23,21,22,19,18,23,27,20,20,21,25,27,19,19,20,18,15,16,21,12,11,25,12,22,18,26,17,25,17,28,0,18,19,23,18,17,17,17,23,20,0,0,0,0,0,22,0,0,0,22,21,22,27,25,23,24,24,21,19,22,22,23,24,14,13,13,20,26,28,23,14,19,20,19,19,18,22,25,20,20,19,17,19,20,21,17,17,13,15,20,13,17,17,18,12,18,24,18,25,20,19,22,25,24,20,18,26,25,23,22,20,20,23,15,16,16,17,23,16,17,20,23,23,16,16,17,18,16,16,21,26,24,18,27,20,24,24,23,27,20,20,23,26,29,21,22,27,21,22,21,23,20,14,18,20,21,21,20,27,19,20,22,21,26,25,28,0,0,0,0,0,0,0,0,0,
22,15,16,18,23,16,26,26,19,24,21,18,25,18,24,19,23,22,20,24,23,18,18,29,20,21,24,26,25,19,22,18,21,20,22,18,21,21,19,21,24,20,20,20,28,28,27,21,20,22,20,21,25,28,29,23,29,31,22,22,24,23,22,21,21,24,16,21,25,21,22,24,22,20,19,24,19,16,22,26,26,20,26,16,25,19,21,20,20,26,20,21,26,19,20,20,21,18,19,19,13,13,14,21,26,19,27,25,23,18,22,18,20,20,20,19,19,18,22,24,23,21,24,0,0,0,0,23,24,0,21,20,24,22,25,26,23,24,25,23,23,21,16,15,14,20,24,21,21,25,27,20,26,17,17,19,20,23,26,29,21,31,17,20,19,20,22,15,18,18,16,15,25,18,17,24,24,24,28,25,24,22,21,21,22,25,22,19,25,24,20,19,21,20,17,16,17,18,19,17,20,21,19,16,16,16,22,21,22,17,22,27,27,21,29,20,21,22,24,19,18,22,24,21,27,23,21,22,23,21,24,17,22,21,19,20,25,24,20,25,25,20,27,24,24,26,28,0,0,0,0,0,0,0,0,0,
23,16,17,16,23,23,24,25,25,24,19,26,26,18,21,20,20,24,23,21,18,18,28,25,21,20,22,22,20,22,20,24,25,23,21,21,13,15,18,21,25,20,22,22,28,29,27,28,21,25,22,22,30,28,29,28,22,30,31,27,23,20,23,23,25,16,17,16,17,24,23,20,23,16,18,16,17,28,21,21,26,29,28,27,20,17,22,20,22,23,29,22,18,19,24,21,21,20,20,22,17,16,16,24,27,19,18,26,25,23,22,23,24,20,22,24,20,18,18,25,26,24,21,22,22,21,20,20,21,22,22,22,25,23,23,24,21,25,26,22,26,28,22,23,29,15,16,25,26,26,26,17,25,18,16,19,23,24,23,30,30,27,32,25,22,20,22,20,17,20,23,18,16,26,21,22,29,26,26,30,22,22,23,22,24,23,25,25,29,26,26,20,20,15,15,24,17,25,21,18,19,23,20,18,22,18,21,22,19,23,21,21,22,22,29,27,21,21,22,22,21,22,21,22,24,24,23,22,23,23,19,25,20,28,20,20,26,22,22,25,22,24,26,28,26,24,24,0,0,0,0,0,0,0,0,0,
24,15,14,17,17,17,26,26,25,26,20,20,19,25,20,22,20,21,23,23,20,20,27,29,24,21,22,21,20,20,24,26,25,23,26,25,14,16,16,18,20,25,21,27,22,29,30,24,25,25,22,22,27,20,30,29,25,22,26,25,24,23,23,22,24,26,22,23,20,24,24,26,20,18,18,17,30,28,29,28,21,29,28,29,27,23,20,24,22,21,26,27,19,22,20,29,24,23,21,22,17,19,17,17,18,26,20,19,20,25,25,22,21,24,26,25,25,20,20,26,23,24,25,19,24,24,21,21,29,20,22,21,23,22,23,22,25,21,22,22,30,25,25,26,28,30,25,16,21,27,27,18,25,25,18,20,24,24,24,27,30,25,28,28,26,16,24,25,21,24,21,18,18,26,24,24,26,26,27,28,21,23,22,22,25,23,24,27,29,29,27,27,21,26,25,21,18,24,21,19,20,19,24,18,18,20,22,22,22,24,23,22,29,30,25,22,23,27,21,23,23,23,27,23,25,24,24,24,25,21,30,20,29,28,21,21,22,22,27,22,24,23,23,29,25,26,27,31,30,28,0,0,0,0,0,0,
22,27,15,15,18,20,27,26,20,26,20,24,21,25,26,25,24,27,25,20,23,21,28,27,33,25,25,23,22,33,26,26,25,24,21,28,25,21,21,17,16,16,21,20,24,30,24,25,25,23,23,28,28,30,31,28,25,24,27,26,25,26,24,23,23,25,17,25,22,21,21,26,22,23,29,18,19,28,28,23,30,22,29,30,20,18,26,23,23,20,29,22,19,21,22,22,26,24,24,25,30,22,19,23,23,28,20,20,21,20,30,24,21,20,21,26,26,26,21,23,27,27,27,24,24,20,21,21,20,34,22,22,27,23,22,23,23,28,25,23,29,30,29,24,24,26,24,25,23,25,22,26,18,21,18,21,24,24,30,28,22,28,29,26,25,26,24,22,22,19,24,25,18,25,22,25,31,28,27,26,28,31,22,25,23,28,23,25,27,26,23,28,28,25,22,22,22,25,14,24,20,25,21,21,24,21,18,21,21,23,21,19,21,26,21,26,23,23,27,25,24,24,23,28,26,28,22,28,31,22,25,25,26,22,22,21,19,23,23,24,22,24,24,23,25,26,31,24,27,29,28,0,0,23,0,0,
20,20,24,25,16,28,27,27,24,20,24,23,23,27,22,26,26,26,23,20,22,19,26,20,28,34,35,21,24,24,23,27,27,27,22,26,28,27,24,17,18,29,23,29,29,26,26,28,21,24,31,24,28,29,31,25,26,26,26,24,26,26,23,26,25,23,18,25,19,21,25,18,18,23,33,27,29,29,28,20,30,20,30,28,21,18,21,27,24,28,28,22,27,27,22,23,25,28,27,26,22,22,24,24,23,24,29,22,23,30,30,30,25,22,22,22,22,25,27,24,27,28,25,24,24,25,24,21,21,25,33,28,27,22,25,24,24,25,25,26,24,26,32,29,30,22,25,23,24,26,22,24,26,22,22,22,19,25,20,31,22,29,30,25,26,28,27,23,23,27,25,21,22,26,26,26,25,28,29,28,28,28,30,26,26,29,23,26,26,27,23,22,24,35,26,26,22,22,22,21,26,23,21,19,23,25,18,19,20,21,25,21,22,27,22,23,26,29,25,29,32,24,21,22,27,30,24,29,23,23,19,20,26,26,27,22,19,19,26,23,25,23,21,25,25,25,30,30,26,24,24,26,23,26,24,24,
24,31,24,23,27,28,27,25,28,28,27,24,25,23,23,26,26,26,35,24,26,20,27,30,29,31,33,24,23,36,29,28,22,27,28,23,27,24,22,25,18,18,28,23,25,28,26,24,23,24,32,32,33,29,30,24,24,26,28,27,30,27,26,26,20,23,26,26,24,27,20,19,19,21,19,18,27,31,31,29,21,21,23,32,19,23,18,21,25,29,22,27,28,25,19,19,26,22,27,27,28,27,23,24,25,23,25,22,23,23,21,31,29,27,23,21,20,23,24,24,32,29,27,28,24,22,25,24,25,25,22,26,30,28,26,23,30,22,27,27,25,33,32,35,27,27,26,25,29,25,24,25,22,25,22,20,23,21,30,29,30,30,31,20,23,24,30,19,24,22,17,22,22,28,26,24,25,27,29,28,25,31,29,28,26,23,24,25,27,29,24,23,21,24,34,27,22,23,22,16,16,21,22,20,22,23,28,25,19,21,20,26,23,21,23,24,25,26,25,22,25,22,22,23,27,27,25,29,30,29,19,19,21,27,27,28,25,22,25,23,28,24,20,22,25,28,31,27,27,25,25,27,26,26,26,24,
28,28,32,29,31,27,28,28,23,25,27,25,23,28,28,29,32,27,30,30,29,27,30,23,31,31,22,23,33,37,29,28,33,34,32,31,24,25,25,24,18,18,25,29,26,26,28,26,24,31,32,33,32,32,32,25,24,25,27,28,28,27,24,26,20,20,19,25,25,25,23,26,19,22,24,32,32,28,31,29,24,23,24,27,20,24,23,26,19,20,24,25,28,24,21,20,20,31,31,27,29,28,24,24,26,27,20,24,24,20,28,22,26,24,27,24,18,21,29,22,25,32,29,25,25,25,25,24,26,26,24,26,24,31,26,31,31,28,28,28,26,28,34,34,28,28,32,28,27,26,30,26,26,24,22,21,25,22,29,30,31,28,20,21,28,25,25,24,21,18,18,26,23,25,29,25,25,28,29,26,26,28,30,29,28,27,26,33,26,27,27,28,23,25,25,25,23,23,22,17,24,25,22,23,22,24,28,25,26,27,26,26,29,22,26,23,25,25,26,27,30,27,27,24,27,28,27,26,29,26,21,23,21,21,24,27,24,26,27,25,25,24,24,21,23,24,29,27,30,27,27,28,27,26,27,24,
29,29,24,28,25,27,28,28,27,27,28,28,28,28,29,30,29,30,29,31,29,22,23,30,27,32,23,23,25,34,33,25,35,35,36,33,22,25,24,27,26,19,25,32,25,26,29,29,31,32,33,21,28,26,24,20,26,25,29,25,29,31,24,34,26,21,32,24,27,24,24,25,28,20,24,30,31,33,29,26,31,24,29,26,26,26,24,25,24,25,27,24,26,25,25,28,33,21,33,28,25,25,24,22,26,30,30,19,20,26,23,27,27,30,21,26,24,22,27,24,23,33,32,26,30,29,27,25,26,20,26,27,26,28,23,26,26,28,28,28,24,20,27,22,23,34,23,29,27,26,25,27,26,27,30,22,21,25,25,31,28,28,29,21,25,24,25,25,23,20,27,26,27,30,25,34,25,25,27,30,29,28,26,31,28,27,31,31,29,28,28,25,23,25,26,25,24,26,19,24,23,19,22,28,25,24,29,28,26,27,24,23,29,29,24,24,23,26,25,25,31,24,24,28,28,29,28,25,25,25,21,24,26,23,25,24,31,25,22,26,26,26,31,24,24,25,32,32,31,28,27,28,28,25,26,25,
25,25,28,29,29,22,28,30,29,26,30,29,23,29,29,31,31,31,28,30,24,30,31,24,32,24,25,25,24,23,25,25,36,36,28,35,22,28,27,27,25,23,26,23,28,26,27,31,32,32,33,28,27,26,25,25,27,26,29,25,26,30,31,30,31,25,17,25,26,25,34,26,26,28,30,24,30,32,29,26,26,29,35,31,27,30,27,26,27,25,28,25,27,27,30,28,24,28,25,27,28,25,25,23,23,25,25,21,20,22,22,19,20,20,25,28,27,24,23,27,22,24,34,34,27,27,27,25,21,21,25,27,27,31,28,27,25,25,24,38,30,21,28,28,25,26,28,24,24,29,26,28,27,28,21,23,22,26,25,29,31,29,25,22,30,35,26,27,30,31,29,28,35,32,31,35,35,34,29,31,32,29,32,32,27,28,27,33,32,25,34,28,25,26,22,22,23,26,26,28,21,31,23,22,28,26,25,28,30,27,22,25,21,29,30,24,24,26,34,25,30,25,29,24,24,28,25,26,31,26,35,25,24,29,24,25,26,25,33,23,25,25,26,25,26,25,25,31,28,30,29,29,31,31,27,26,
26,28,32,26,30,23,23,31,32,28,27,28,24,24,31,29,31,33,29,27,25,32,27,32,32,25,31,32,25,26,25,22,26,26,29,36,23,24,29,27,28,26,24,24,27,30,35,32,29,29,34,22,22,28,28,27,29,26,30,25,31,33,32,31,27,33,34,24,30,18,24,26,26,31,28,32,32,34,32,30,28,32,33,32,32,29,27,28,29,29,29,29,26,28,32,30,29,30,28,27,26,27,26,25,25,25,26,26,23,23,22,21,21,20,26,28,27,27,29,27,27,24,34,32,35,34,35,26,25,21,23,26,30,30,23,25,27,26,25,26,39,23,23,29,25,33,27,25,25,25,28,29,29,28,26,22,23,23,23,34,25,26,24,26,26,28,25,26,30,31,31,28,35,34,33,32,31,33,32,30,30,33,34,33,33,32,29,33,29,26,34,34,28,26,23,23,28,27,27,28,28,21,29,22,28,30,33,27,23,27,28,22,26,23,30,29,30,33,27,24,28,26,35,25,28,29,28,30,20,32,34,26,29,25,24,24,28,30,33,28,26,26,26,25,27,26,25,25,32,29,30,32,32,33,33,32,
27,28,23,27,23,31,25,30,24,33,29,28,30,29,32,25,30,31,27,30,27,27,28,27,28,28,31,31,27,27,26,23,26,28,26,30,25,25,26,28,26,27,27,29,27,30,32,29,26,26,30,25,30,23,23,30,27,30,25,26,32,32,33,29,38,31,34,30,31,23,21,24,28,32,36,26,32,31,29,28,28,28,36,34,33,32,28,28,27,30,29,29,29,25,33,32,28,30,30,32,29,32,31,30,26,25,27,27,28,23,26,23,27,21,31,29,31,29,28,31,30,32,24,28,24,27,25,27,27,23,23,29,32,31,26,27,26,26,27,27,27,28,33,32,35,28,28,27,26,27,26,28,31,28,33,26,39,27,28,30,25,25,25,24,26,23,25,35,31,21,27,28,28,28,34,34,32,31,34,34,32,30,29,35,34,32,29,33,31,29,28,26,28,27,27,29,29,28,29,28,26,27,24,25,29,27,30,28,30,28,28,23,23,27,33,34,30,27,28,29,35,33,36,28,28,29,29,27,23,24,24,32,30,25,28,26,28,28,31,33,27,26,26,26,26,26,27,34,32,31,31,34,33,34,33,31,
27,26,29,29,32,24,28,31,33,27,27,29,28,30,31,30,32,31,29,29,29,26,27,31,27,25,31,31,27,27,27,31,28,29,28,29,30,31,26,31,32,32,29,27,30,29,32,32,31,27,31,30,28,26,29,26,27,33,27,31,24,33,33,33,36,32,27,31,31,32,25,24,36,29,37,27,26,27,27,29,28,35,28,36,29,34,29,31,27,29,25,25,29,28,22,33,29,30,32,29,34,33,25,30,29,26,28,28,29,28,23,23,24,28,28,30,27,35,30,29,28,24,32,29,24,28,26,28,26,28,30,29,35,37,26,28,25,31,30,28,28,28,28,33,24,29,28,27,26,29,27,29,30,30,32,29,39,29,28,29,31,26,27,26,23,26,30,36,29,22,22,23,21,29,32,33,34,33,33,35,31,33,31,34,24,33,30,32,33,28,33,36,27,27,26,24,28,31,29,29,26,23,27,26,26,28,32,28,31,31,29,19,20,24,31,35,29,31,28,27,31,29,30,36,27,29,27,27,34,24,25,31,33,32,28,27,28,31,32,29,31,27,33,33,34,26,30,35,32,32,31,33,33,34,32,31,
29,30,30,29,32,31,25,27,27,28,30,28,30,26,30,30,28,31,27,30,29,29,29,29,31,28,32,32,26,29,28,27,28,28,28,30,29,26,28,33,32,29,32,33,28,29,29,33,33,30,31,28,25,27,27,27,26,26,30,32,27,24,30,25,29,27,27,31,31,32,26,25,23,34,29,32,29,34,28,39,39,38,30,36,28,28,31,30,33,28,29,26,26,30,30,28,32,32,35,31,34,33,35,32,31,26,27,29,30,34,27,34,30,26,28,31,28,36,28,31,30,29,25,33,35,25,27,30,29,30,30,26,32,37,32,25,30,33,31,30,31,28,31,33,32,26,25,30,25,27,28,29,31,29,39,29,24,24,29,30,32,27,28,28,25,23,27,30,26,32,27,24,26,22,36,34,33,33,33,32,29,32,34,34,35,25,35,27,34,27,31,28,33,27,28,36,28,34,31,30,30,25,35,28,27,29,27,29,25,25,26,29,28,32,25,25,29,28,31,30,30,29,40,38,42,28,27,28,34,25,31,35,35,35,33,31,28,31,31,30,32,30,34,33,34,36,28,31,34,30,32,32,31,32,33,32,
33,30,24,30,30,28,32,27,29,30,28,30,26,27,30,30,35,32,32,29,31,30,29,34,27,29,30,34,29,26,30,28,29,27,27,30,34,29,29,34,34,29,33,34,28,30,34,29,31,31,34,36,32,26,26,26,26,26,26,32,33,33,28,28,30,28,28,28,32,33,29,28,24,32,33,31,29,29,30,40,30,38,36,30,30,30,30,32,33,29,31,30,32,31,31,34,35,32,30,35,34,31,28,35,32,34,30,27,27,34,28,27,30,30,25,29,31,29,30,31,31,30,31,31,26,35,28,30,28,30,26,26,36,32,31,32,32,36,32,32,35,31,30,31,31,35,26,29,25,25,26,28,24,30,29,28,25,33,26,30,32,31,29,29,26,24,24,32,33,33,33,33,38,37,37,37,35,30,39,33,30,32,30,32,26,35,29,37,29,28,32,32,32,34,29,36,29,34,29,32,30,28,28,27,28,31,30,26,26,27,33,34,28,28,33,23,34,29,28,35,29,31,39,41,40,24,26,29,30,32,31,36,33,36,34,33,30,29,29,27,29,32,31,32,29,37,36,33,35,33,31,34,34,32,32,32,
33,31,26,33,37,32,32,31,28,33,29,31,33,33,31,35,31,35,37,30,34,39,38,39,29,31,30,35,27,30,30,27,30,31,29,33,31,33,34,37,36,30,30,27,30,31,36,34,30,36,34,36,25,32,25,27,26,27,28,26,32,28,28,32,29,31,28,35,37,35,28,32,37,33,33,33,32,34,32,32,31,31,36,29,33,35,31,31,32,33,30,32,34,31,37,33,35,32,34,32,33,33,27,30,32,36,36,32,28,33,24,35,25,31,26,36,35,32,30,36,32,31,30,32,31,26,30,28,28,28,29,26,26,32,39,31,33,32,31,36,35,32,30,33,26,30,27,29,30,30,35,25,33,25,25,31,29,34,26,33,33,28,29,29,27,26,28,28,35,32,27,34,33,35,38,28,27,27,39,40,40,31,35,34,34,27,37,37,32,32,32,35,30,30,35,29,35,31,30,37,30,28,29,28,28,27,31,31,27,27,33,34,36,30,32,31,26,32,35,36,31,30,34,28,40,39,28,34,23,33,33,37,33,34,36,36,35,35,35,33,35,29,31,32,29,30,37,32,35,35,33,35,35,36,33,31,
40,31,33,34,30,32,32,38,31,34,34,34,35,33,35,33,36,36,29,35,31,33,31,27,32,30,29,30,28,28,33,30,30,29,30,30,32,26,35,33,38,34,37,35,29,32,37,32,33,36,34,29,26,26,27,30,31,27,32,30,29,32,34,33,33,32,33,34,35,36,31,32,33,34,34,32,34,34,30,29,32,31,34,29,30,35,32,32,31,32,32,35,33,32,39,33,33,32,35,35,32,34,28,29,31,34,26,34,32,31,32,36,25,25,34,33,32,33,33,34,32,31,37,32,32,28,28,32,29,29,35,31,27,33,35,32,33,36,32,37,37,36,36,32,27,25,28,28,29,32,31,36,33,30,28,32,31,35,34,30,34,30,28,30,30,28,28,29,29,32,28,34,34,36,33,38,30,29,28,39,32,32,33,32,30,33,37,30,30,30,33,36,35,33,30,30,37,33,30,30,31,31,29,30,30,29,29,31,35,31,35,36,36,35,32,37,32,37,36,36,34,32,33,28,33,41,28,37,35,35,30,30,30,35,36,37,34,36,32,35,32,29,30,31,30,29,38,35,36,34,34,35,33,36,32,32,
32,32,32,35,36,32,38,34,32,37,35,27,35,35,24,35,31,30,31,31,35,34,32,28,30,31,28,30,30,29,34,34,34,31,31,30,29,29,36,37,39,34,38,31,36,31,33,37,31,29,35,35,31,30,29,34,31,33,34,31,31,35,33,33,34,30,33,35,33,39,36,40,34,35,35,33,35,34,32,30,29,38,33,35,36,35,35,31,32,38,29,39,30,34,35,34,32,32,33,31,32,31,34,29,30,29,27,30,34,32,34,30,37,37,29,31,31,33,30,34,33,37,37,33,33,29,27,34,30,32,36,30,31,28,30,30,33,33,26,36,34,36,31,34,31,29,34,29,30,36,32,34,35,34,34,29,34,34,36,33,38,31,34,29,28,29,29,29,33,31,30,32,36,37,36,35,39,30,29,35,32,40,33,33,33,35,35,33,27,35,32,37,35,36,31,33,30,37,27,38,33,34,32,29,31,30,36,31,32,33,37,35,35,36,38,32,32,39,26,37,38,32,35,32,35,34,26,26,38,29,36,30,31,30,28,31,37,37,36,32,33,31,30,32,30,31,34,33,36,36,36,33,34,34,37,34,
34,34,35,32,36,30,38,34,39,40,36,39,28,28,34,28,30,27,30,29,32,32,28,33,32,32,34,40,31,30,34,36,33,31,33,33,35,31,37,34,38,36,32,32,30,30,32,31,32,32,32,36,32,32,30,35,34,36,32,31,32,33,29,33,34,31,37,36,39,34,38,34,34,35,35,36,33,35,33,35,34,30,41,34,37,37,38,36,34,41,39,40,40,32,35,35,31,36,34,35,33,33,33,29,29,30,28,31,28,27,35,37,37,39,29,39,32,39,34,33,34,33,36,35,39,29,27,36,34,35,32,34,34,34,31,28,30,27,27,29,27,32,33,33,34,32,34,39,31,31,32,34,36,31,35,35,34,35,35,35,33,33,35,38,37,29,30,30,38,31,31,33,38,32,37,34,35,34,33,33,33,36,39,37,36,30,35,27,27,32,35,36,35,35,31,30,34,38,35,30,37,32,34,29,32,31,38,37,33,33,38,34,37,36,37,34,38,41,39,35,34,33,32,32,33,25,36,27,25,26,23,35,30,29,29,32,34,37,33,32,32,31,31,33,32,31,29,29,29,37,36,34,37,32,31,35,
34,35,38,36,37,31,38,32,36,40,35,40,28,29,34,29,30,30,30,31,33,32,34,29,30,32,32,32,34,36,35,37,40,32,34,36,35,32,37,37,35,34,37,34,33,34,36,32,33,33,31,34,33,38,36,35,36,36,36,30,32,34,35,27,40,37,38,37,37,40,32,37,35,36,37,37,30,32,34,32,35,38,41,35,35,37,38,39,32,34,40,39,40,32,33,34,34,35,35,36,31,33,35,34,30,35,30,30,28,29,28,29,29,38,40,33,33,40,40,33,35,34,35,40,38,39,37,36,35,33,35,36,33,32,34,38,31,29,28,33,34,33,32,34,39,35,35,35,35,40,31,38,35,33,35,36,34,37,34,36,34,33,32,34,38,30,31,31,30,35,32,34,33,38,34,37,33,31,33,33,34,32,37,39,34,30,27,28,28,33,33,32,37,39,36,38,33,36,36,34,36,37,34,33,33,34,35,34,34,34,38,32,40,37,38,35,38,36,40,37,38,34,36,33,35,29,30,28,26,35,37,36,31,37,38,34,35,34,34,36,36,37,34,36,38,33,31,30,31,30,37,28,33,33,33,35,
39,35,34,36,32,37,38,33,35,41,36,36,35,35,32,33,30,30,28,32,31,33,31,34,32,34,32,35,33,34,37,36,38,38,32,35,37,38,37,33,35,35,30,35,35,34,37,37,30,34,30,35,34,33,32,31,37,35,41,40,37,34,36,29,29,37,37,37,30,36,40,38,36,37,35,38,36,30,35,35,33,34,31,42,35,35,35,39,37,35,29,32,27,34,34,34,35,33,36,33,36,36,38,35,32,36,35,30,29,30,37,30,36,29,41,41,42,33,41,34,32,35,37,41,34,39,41,28,35,34,37,36,38,35,35,32,32,39,29,30,33,34,37,35,35,40,37,37,36,41,36,36,33,33,30,37,36,36,34,35,35,38,40,39,37,36,33,32,31,34,33,32,35,29,34,38,34,34,33,32,34,33,37,38,36,32,35,28,33,36,34,34,40,38,31,33,33,34,38,35,36,35,35,38,41,34,34,35,37,30,36,36,36,37,37,39,37,37,36,37,37,39,34,34,35,34,33,30,29,36,36,38,37,33,39,39,37,37,38,38,35,38,34,35,37,34,33,32,32,29,38,30,35,33,33,34,
39,35,35,43,33,34,33,39,38,36,38,38,38,36,31,34,34,30,38,36,32,38,31,31,35,35,36,34,33,33,35,35,36,39,40,33,40,36,36,42,39,34,32,27,36,34,38,36,38,31,31,36,36,35,35,37,31,36,30,42,36,37,33,41,36,36,38,35,34,40,32,40,37,37,40,38,35,34,33,34,34,35,32,32,31,30,35,34,38,34,34,42,33,30,37,30,35,35,33,38,34,41,39,38,31,34,37,35,35,33,37,38,37,37,38,41,33,42,33,36,37,36,33,38,35,36,36,36,37,35,34,37,35,35,36,33,41,40,39,37,35,35,36,34,37,39,37,38,38,38,36,36,33,37,34,31,37,36,36,37,36,38,39,39,39,38,31,33,35,37,35,36,38,29,28,34,38,36,40,33,31,29,40,33,36,35,33,34,34,34,37,34,30,42,32,34,34,42,34,32,36,36,35,38,37,41,37,38,32,31,36,33,37,38,36,36,39,40,38,39,38,39,40,35,37,34,34,32,31,37,36,26,36,32,40,40,40,38,39,40,39,38,35,39,35,34,34,34,34,34,30,31,34,34,34,35,
38,36,36,42,43,40,36,39,40,35,38,31,39,38,37,34,33,30,29,29,38,38,37,31,37,36,35,35,33,40,36,36,32,38,38,35,35,36,40,36,39,37,32,27,34,36,39,39,38,40,40,40,37,36,34,35,38,35,40,30,35,30,34,38,36,33,38,35,32,40,32,41,35,37,40,37,40,34,36,35,37,37,36,36,36,31,37,30,34,40,32,34,34,28,29,36,31,29,35,34,34,33,37,31,37,37,34,34,36,33,34,32,38,40,39,36,36,30,37,39,35,36,38,35,38,39,37,36,35,37,39,37,36,36,35,34,36,37,33,39,35,35,36,36,39,40,39,38,37,39,33,38,33,38,35,39,38,39,30,32,37,33,38,35,39,40,36,35,34,36,37,40,42,38,28,35,30,35,36,39,31,31,37,35,37,36,33,33,37,35,40,31,31,30,42,32,42,42,36,32,37,33,34,38,35,42,37,36,38,36,35,38,34,38,40,40,40,38,37,40,40,39,40,38,35,37,32,33,32,33,38,39,39,33,39,40,41,38,39,36,39,34,41,35,39,40,34,33,34,35,36,33,36,34,35,36,
35,35,35,40,41,41,42,41,40,34,39,39,33,38,36,35,34,34,39,37,37,38,43,36,37,37,37,42,31,34,36,31,32,36,39,40,40,40,36,34,39,42,41,38,29,38,38,39,33,36,37,36,35,38,38,36,36,37,34,30,35,31,39,36,37,38,33,39,35,31,40,39,36,40,38,35,36,37,38,37,38,33,37,37,34,33,38,39,31,36,37,35,35,40,29,35,32,30,38,35,35,39,38,32,41,38,38,36,38,34,34,34,37,35,40,40,30,30,40,40,41,39,38,39,37,37,37,36,40,42,38,37,36,36,38,38,37,37,33,36,39,36,37,40,38,40,31,42,39,34,34,34,35,36,38,40,39,32,32,39,32,37,39,38,36,34,35,34,37,36,37,43,34,38,39,29,30,40,36,40,31,32,38,39,35,37,33,38,39,37,36,42,32,38,47,42,36,35,36,36,33,41,39,38,35,36,35,38,40,37,37,40,39,39,32,40,38,38,39,38,39,41,38,38,35,34,33,34,33,33,36,38,40,42,43,36,37,38,38,38,36,34,39,34,41,40,34,34,38,38,36,37,34,38,37,37,
37,36,37,39,40,43,43,42,40,38,34,38,34,34,39,37,33,32,36,39,38,39,32,38,39,37,38,35,32,37,43,37,41,36,36,39,36,40,35,36,36,34,43,38,38,41,33,39,34,38,39,40,41,35,42,34,35,36,35,32,31,44,32,41,37,35,33,32,36,32,38,38,38,39,36,36,38,40,35,37,40,39,38,34,35,35,43,39,40,36,33,35,35,41,30,40,31,40,39,36,35,35,37,38,39,34,39,33,35,42,38,41,38,38,37,39,39,36,33,41,41,38,37,39,39,37,40,37,39,39,34,38,38,41,37,37,39,33,33,42,41,39,39,37,36,40,39,42,41,41,35,36,36,37,37,37,36,36,42,41,39,38,38,39,33,34,34,36,38,36,37,37,43,37,36,37,42,41,40,36,41,40,39,40,39,35,34,36,38,41,39,42,33,39,37,45,43,39,38,37,35,38,41,33,33,35,34,41,38,37,37,37,39,40,36,37,39,34,39,33,37,35,42,37,36,34,34,35,34,34,35,35,36,32,37,40,37,38,40,39,33,43,35,35,34,33,36,36,40,39,39,40,38,35,39,38,
40,39,38,42,40,43,31,43,39,37,38,39,34,36,34,33,33,35,36,36,41,38,32,39,39,38,36,35,35,34,38,43,38,38,34,39,39,39,37,36,37,35,35,34,39,36,34,40,35,38,41,36,35,40,40,34,35,37,37,35,36,32,47,41,37,37,29,33,35,37,34,38,37,40,40,34,43,40,35,41,39,40,40,37,39,38,44,35,40,34,34,37,36,38,30,40,38,32,39,36,37,36,31,37,38,34,35,37,35,35,38,42,42,38,41,40,35,39,39,39,39,43,38,41,38,38,39,41,38,39,37,40,36,36,39,37,36,37,34,38,39,40,41,37,36,41,35,39,34,40,41,41,36,40,38,38,37,35,33,43,31,39,38,40,47,39,35,37,37,39,41,33,37,38,38,38,39,36,40,39,37,41,34,38,38,37,34,42,37,41,42,42,42,43,39,39,36,40,40,38,37,37,35,39,35,35,35,34,35,38,33,38,36,37,37,41,36,40,34,35,38,37,36,38,38,38,38,34,37,34,35,36,35,34,36,43,39,39,41,42,38,40,35,33,36,33,41,38,38,40,36,37,40,40,38,38,
37,40,39,36,41,41,45,38,43,39,37,41,35,38,36,33,42,37,36,42,40,39,39,39,37,39,37,34,44,36,35,46,39,40,39,37,39,37,37,37,38,36,44,45,36,40,45,41,41,39,41,37,38,36,39,38,42,36,38,36,38,36,40,47,41,39,40,39,39,37,38,36,40,34,35,35,36,42,42,42,42,37,33,40,39,38,40,36,36,39,34,41,40,37,39,41,42,39,39,44,36,38,39,32,36,40,43,34,45,39,51,39,39,37,42,41,39,38,40,39,41,39,43,38,38,39,40,42,38,35,38,40,37,44,43,39,41,41,35,43,41,40,40,41,37,37,42,36,36,39,44,42,37,39,35,41,36,36,37,37,40,33,39,40,38,37,39,36,43,36,42,36,41,39,38,35,36,39,40,37,38,39,39,34,42,37,37,35,39,42,42,44,42,42,37,40,39,35,41,38,40,37,36,40,36,35,34,40,37,36,37,39,40,41,40,41,34,38,33,33,35,41,36,37,36,39,37,39,41,38,38,40,35,35,35,34,32,40,38,41,40,39,43,34,36,36,44,37,37,40,38,36,40,40,37,38,
43,41,39,37,45,46,45,39,44,38,39,45,36,35,35,40,34,39,38,38,37,39,39,38,37,41,38,36,35,35,46,46,47,40,37,37,38,37,39,42,35,38,36,44,40,41,45,43,39,43,41,39,39,39,38,40,42,40,36,39,39,39,41,41,42,39,41,36,32,33,41,34,40,42,40,36,44,41,43,41,40,44,34,38,34,37,39,37,36,34,40,41,41,41,37,44,40,39,39,41,42,39,37,33,35,40,36,36,43,37,40,40,39,37,43,40,37,40,40,40,39,38,44,42,40,38,43,42,46,41,37,41,39,43,41,44,41,40,42,44,41,46,39,39,35,43,40,34,35,40,42,37,37,40,43,42,37,39,42,38,40,40,40,40,38,39,36,38,37,36,36,43,37,42,38,39,38,39,40,39,42,40,39,37,37,40,39,40,39,44,43,42,42,40,37,41,40,40,35,36,41,39,37,36,37,37,40,40,38,36,35,38,41,42,41,34,34,38,40,34,44,37,38,38,39,39,37,39,38,39,41,40,39,35,36,35,46,40,42,39,38,39,40,45,37,44,40,42,38,39,35,39,38,37,40,39,
43,41,40,40,38,43,36,38,35,45,38,47,35,35,41,41,34,39,45,39,38,39,39,40,40,41,39,37,36,36,43,47,42,36,37,41,41,41,37,43,37,34,34,40,43,39,35,43,42,40,41,39,40,40,40,41,37,38,43,41,42,40,43,45,42,39,41,35,40,35,41,36,35,44,43,45,43,43,47,39,43,42,44,38,34,40,39,41,39,38,39,42,42,46,38,45,40,42,39,41,42,41,34,36,36,37,37,36,36,44,38,53,42,49,37,37,42,42,43,41,40,42,40,40,42,41,44,41,43,42,37,43,39,41,42,42,43,42,36,45,41,40,39,39,39,36,42,35,36,35,44,43,43,33,40,38,41,40,38,35,41,35,41,42,40,38,39,36,36,39,37,36,38,39,36,41,40,40,44,37,38,39,41,38,39,40,39,40,40,42,44,42,43,43,43,39,36,38,40,39,35,41,38,40,37,39,42,41,38,43,36,38,43,44,44,35,35,36,41,42,33,36,34,43,39,39,37,38,39,39,41,38,37,37,37,35,40,36,41,44,41,39,39,41,36,45,45,43,39,39,36,39,39,38,39,40,
43,37,38,39,38,43,43,37,36,39,38,39,40,42,43,41,49,46,40,41,41,42,40,40,38,40,41,43,45,43,43,44,43,41,38,42,42,41,39,38,37,40,36,40,36,39,36,45,42,43,39,42,42,39,41,42,39,42,38,43,41,42,45,44,40,43,40,44,35,42,36,37,46,42,40,44,39,36,43,48,47,41,42,45,39,42,39,37,43,39,40,41,47,47,46,46,38,42,43,45,42,42,37,36,36,36,36,41,41,36,35,54,51,50,40,39,37,40,42,40,38,37,44,40,42,41,41,41,42,43,38,43,45,41,42,38,45,44,43,39,40,41,40,37,45,40,38,42,42,36,40,42,44,35,37,41,37,41,40,38,36,36,42,46,44,40,39,39,39,44,38,38,37,37,37,42,41,41,44,42,39,40,44,41,38,40,42,40,40,40,41,37,40,44,38,42,37,40,40,37,40,38,43,42,43,39,41,41,40,38,46,39,44,40,46,41,36,41,42,36,36,36,42,43,41,40,42,41,43,38,34,41,35,38,36,36,35,44,43,44,38,39,40,38,45,37,40,44,40,38,39,38,39,39,39,40,
43,38,41,41,41,41,41,40,37,36,39,39,41,47,47,44,47,45,45,45,42,40,35,41,41,39,45,43,39,45,42,40,45,45,45,42,43,41,41,39,39,41,42,40,40,41,44,43,46,43,45,45,42,41,41,41,39,42,38,40,44,43,43,39,39,43,50,48,40,43,40,37,43,42,43,39,47,46,48,47,43,42,43,46,40,43,41,38,38,41,40,40,38,46,46,40,42,42,43,44,45,45,47,35,41,48,40,42,42,37,52,38,38,42,40,41,41,42,44,43,40,40,39,42,44,42,44,44,44,41,42,42,40,45,40,39,42,44,39,40,39,38,40,41,43,42,37,43,42,39,41,41,40,38,37,38,36,37,44,38,42,41,35,46,48,41,40,43,40,43,40,45,40,39,36,45,42,42,41,41,43,44,39,42,39,40,45,42,41,41,39,44,39,40,39,39,40,41,42,40,40,39,42,44,37,43,39,43,45,45,38,45,43,42,44,42,42,43,41,43,39,41,33,35,35,40,43,43,40,39,39,35,42,42,38,37,36,48,40,39,39,44,40,40,41,40,43,40,44,39,43,39,42,41,42,40,
43,40,39,49,42,41,42,48,42,44,47,46,40,42,47,43,46,46,46,46,45,41,36,40,44,39,45,40,42,43,44,44,40,45,46,50,42,41,41,40,41,39,41,41,37,42,43,45,42,46,43,39,44,44,41,44,44,44,43,44,38,45,44,38,39,41,49,38,40,40,41,41,43,42,44,41,42,42,39,49,42,43,43,40,42,43,40,42,39,39,43,41,40,40,47,41,42,39,41,45,44,41,36,36,46,48,48,43,40,44,40,39,38,45,45,44,42,41,40,42,43,41,42,43,40,42,43,45,43,41,42,43,43,38,41,45,43,42,45,44,40,39,39,39,42,44,44,39,40,42,46,45,45,47,41,38,36,38,49,44,46,42,36,36,43,42,41,41,41,41,44,35,39,37,37,39,38,41,45,42,45,44,46,42,43,43,44,41,42,39,41,45,39,39,40,40,38,42,42,43,41,47,45,42,44,42,43,41,44,44,45,44,46,44,41,43,43,43,42,43,41,40,35,35,36,41,42,41,41,43,40,44,45,46,40,43,44,38,38,39,42,41,41,40,45,44,42,41,44,45,41,44,44,42,42,41,
41,40,41,46,49,42,42,47,49,43,38,48,47,43,43,46,39,46,49,47,44,47,45,41,45,46,41,39,41,44,42,42,41,39,39,39,50,41,40,44,42,39,42,42,43,42,45,45,46,42,43,42,44,43,44,44,45,45,46,45,45,39,45,45,42,42,39,42,40,40,40,40,44,41,45,45,47,43,43,38,43,43,40,44,41,44,42,45,40,40,41,45,49,48,39,43,41,44,46,45,47,42,48,49,49,47,49,47,44,42,43,40,39,40,44,43,41,41,41,42,42,46,41,45,42,41,41,42,45,41,46,41,43,44,38,43,44,47,45,45,41,43,37,41,36,42,45,42,44,39,42,42,43,47,43,42,38,38,38,49,38,41,43,45,44,49,42,44,44,45,46,37,41,38,44,41,39,42,43,40,46,43,46,43,42,43,43,44,41,42,41,46,40,43,40,42,42,44,44,42,42,41,45,44,44,44,43,45,42,42,43,44,41,45,40,41,40,43,44,40,42,42,34,34,34,36,42,42,41,44,43,45,45,44,42,43,44,44,39,41,40,41,42,45,46,46,46,43,41,43,43,43,45,44,42,45,
41,43,43,49,42,50,44,45,48,46,44,43,40,44,48,47,48,38,50,50,43,45,42,46,42,41,42,43,43,44,44,42,42,40,47,43,44,41,41,41,42,42,42,44,43,43,42,45,50,43,43,43,46,43,44,43,45,45,45,45,39,40,43,46,44,44,39,43,42,45,42,41,43,40,43,44,48,44,43,46,41,40,41,42,44,44,43,45,48,41,43,45,43,43,42,43,42,45,47,39,43,46,49,50,42,48,48,47,43,43,44,45,47,45,45,46,42,41,39,42,43,48,42,44,42,42,42,42,42,46,47,45,43,46,44,44,45,43,46,45,44,44,37,43,45,43,45,43,45,40,46,42,44,42,44,46,43,37,37,37,40,49,41,42,46,46,49,45,44,42,45,46,44,42,40,46,46,43,43,40,42,44,43,44,46,44,45,44,42,44,43,40,46,47,44,42,46,45,45,42,41,42,43,45,38,45,42,45,40,42,43,44,41,41,46,41,48,41,41,43,43,44,43,42,43,46,42,43,42,41,43,45,47,50,43,42,44,43,40,41,49,41,43,48,43,46,46,44,42,45,44,44,43,46,44,45,
41,45,43,44,42,47,46,45,46,48,47,45,46,49,46,48,48,38,42,41,51,41,44,46,41,42,44,44,46,46,43,44,50,47,48,48,45,42,41,42,43,43,43,40,44,45,47,45,47,47,49,44,46,46,46,49,47,46,46,41,47,38,43,46,45,44,44,45,42,46,46,42,47,46,45,44,45,45,47,40,42,46,42,42,42,48,45,46,48,46,45,44,43,44,43,45,43,40,40,40,47,44,43,50,42,42,45,42,46,45,43,45,47,47,46,47,44,43,45,42,41,44,48,46,43,43,44,47,49,43,44,46,44,44,45,44,44,41,42,45,43,45,46,41,38,45,48,45,48,47,48,47,39,44,42,44,44,50,38,38,39,47,44,42,43,50,43,45,43,46,44,45,39,40,41,46,46,46,45,45,42,45,44,46,47,46,46,44,47,46,50,47,45,40,46,48,43,43,47,46,46,41,45,43,43,44,44,45,46,42,44,45,45,47,47,47,47,42,41,45,44,44,42,43,43,45,43,43,43,44,44,42,44,51,44,43,43,41,45,42,50,50,47,48,45,43,52,42,44,43,43,45,44,41,44,43,
43,42,44,45,45,43,46,45,54,46,46,48,47,46,44,46,45,43,42,41,41,41,45,47,41,42,45,44,43,44,45,41,43,50,43,48,44,44,43,41,45,44,43,41,45,46,43,47,49,48,44,47,43,47,47,44,48,48,49,49,41,41,48,46,47,46,44,49,45,44,44,51,43,48,46,43,46,45,46,44,50,49,45,43,48,48,45,46,47,46,46,45,44,46,45,43,45,44,41,42,41,47,43,49,50,50,45,41,42,42,44,45,47,47,48,46,45,46,45,43,44,40,42,44,48,41,44,44,47,44,45,44,45,48,43,44,45,45,43,46,43,46,45,42,46,38,45,46,48,42,48,43,41,44,44,41,44,44,51,41,48,48,45,43,43,42,42,46,44,46,44,45,42,41,41,44,46,46,46,43,47,44,44,46,51,46,49,47,46,49,49,47,46,41,40,41,47,43,48,42,41,46,46,45,42,44,43,45,44,43,41,45,45,47,48,49,46,48,45,46,45,44,46,43,43,45,45,43,43,44,45,44,44,51,46,41,44,41,43,40,49,51,48,45,45,47,41,53,49,44,43,42,46,44,43,44,
46,45,44,46,47,46,47,52,47,47,47,46,47,48,45,48,47,46,44,39,45,45,42,45,49,47,43,47,48,49,46,47,42,42,45,44,42,42,44,43,46,44,47,46,46,45,47,43,45,45,44,49,44,44,46,44,43,49,45,42,44,42,49,47,48,43,46,50,45,45,45,44,44,49,42,47,46,47,47,47,45,50,49,51,46,45,43,44,46,47,47,47,45,46,43,47,46,47,44,47,45,47,51,50,44,46,46,43,42,44,43,43,43,42,45,49,46,43,47,45,43,42,47,45,48,43,43,45,44,44,45,46,48,49,44,45,43,45,42,43,47,44,46,43,43,44,48,45,49,48,47,43,42,42,45,42,42,44,45,44,42,48,41,44,44,43,46,48,44,44,46,44,46,47,47,47,45,42,46,44,45,46,44,47,51,47,49,48,49,50,49,49,49,40,49,42,48,44,43,44,46,46,47,48,43,48,43,42,45,46,43,46,46,46,48,43,41,46,46,44,47,44,46,44,44,44,47,48,44,44,44,44,44,45,46,48,42,46,46,40,48,48,44,50,44,43,44,46,42,47,45,45,42,42,45,45,
47,42,45,45,48,44,44,47,52,48,47,44,48,48,48,42,48,48,47,40,44,43,47,48,47,47,47,48,47,46,46,41,43,45,44,43,43,49,45,45,44,45,47,46,48,43,44,48,46,47,50,50,45,45,46,42,45,50,46,46,47,47,44,42,43,44,44,44,44,45,45,45,45,45,44,47,45,50,45,48,55,47,46,45,43,48,47,45,46,49,47,47,49,45,44,44,48,47,42,45,45,48,48,51,46,47,44,43,43,44,46,44,49,43,50,45,47,44,43,45,49,42,50,47,44,48,45,41,46,46,49,43,47,46,44,44,44,43,43,43,45,43,42,47,44,43,46,48,47,43,48,44,44,45,44,45,43,44,45,43,43,44,47,51,48,47,47,48,49,45,45,49,51,48,48,45,47,46,46,43,45,46,46,45,51,45,51,50,49,48,50,45,50,44,43,47,45,45,47,43,45,47,44,49,49,44,49,45,43,46,46,45,46,47,50,46,43,42,46,45,45,46,45,48,46,47,47,48,49,44,45,48,50,46,48,48,45,45,46,45,44,49,45,50,47,45,44,45,47,47,44,43,44,43,45,45,
48,51,50,46,44,48,47,52,49,52,47,45,46,46,44,49,46,49,47,48,49,48,47,48,52,50,49,50,47,42,45,47,42,49,46,50,44,43,49,46,45,46,46,48,47,47,48,46,47,49,47,46,51,52,45,49,50,45,42,46,46,46,46,45,44,44,43,45,45,46,44,47,48,45,42,45,51,49,45,47,55,47,48,45,48,48,48,47,47,46,47,47,44,49,45,47,48,47,44,44,45,50,49,47,47,48,45,45,44,44,46,45,44,50,44,43,47,48,48,49,49,49,50,48,49,49,45,48,52,42,43,49,44,46,49,48,48,48,44,49,48,45,43,46,44,46,51,50,48,50,48,47,46,45,45,46,45,46,45,45,52,45,47,49,47,44,47,50,47,43,43,48,49,50,47,47,47,49,50,48,44,47,46,47,47,52,53,49,49,50,50,46,47,45,48,45,48,49,52,51,44,46,45,48,44,45,48,46,47,46,46,44,43,48,42,50,50,44,47,46,47,49,46,47,50,48,48,48,49,49,50,49,47,48,48,51,44,48,46,45,49,49,51,44,44,45,47,46,47,49,47,46,43,43,47,45,
49,49,50,44,47,46,47,46,52,50,49,47,48,48,50,46,49,47,49,50,49,49,49,45,52,51,43,49,48,48,43,47,47,45,46,46,48,45,45,45,52,47,46,50,46,47,49,48,47,48,46,48,47,47,49,48,49,46,46,46,49,47,47,48,45,49,44,44,46,51,48,48,49,55,43,46,46,50,46,45,48,43,49,46,47,51,46,49,48,47,46,47,45,44,46,48,50,47,48,45,49,50,49,48,51,44,46,47,46,45,47,47,48,46,47,49,45,48,48,45,50,45,49,49,49,49,46,49,53,53,47,44,48,47,49,51,46,47,49,47,49,48,47,47,45,47,47,50,46,48,48,48,48,46,44,45,46,46,48,45,49,44,53,47,48,50,50,43,49,45,45,47,49,50,47,51,45,48,45,46,44,50,48,47,47,46,47,51,50,52,53,46,52,46,49,48,47,49,44,45,46,46,47,45,44,49,48,49,46,48,45,45,46,45,46,50,49,48,48,47,46,46,50,50,49,48,47,48,49,49,53,50,51,52,50,47,50,44,49,51,49,48,48,47,48,46,48,47,46,48,48,45,42,44,43,45,
50,50,53,51,45,45,47,45,52,47,50,47,46,48,46,45,50,50,48,48,52,49,47,49,46,50,49,50,45,43,44,47,48,48,49,49,50,42,42,43,52,52,47,46,47,47,47,49,49,48,48,44,48,48,47,47,49,48,49,49,47,49,48,46,46,46,49,45,46,47,51,45,48,48,48,52,54,50,49,51,47,49,51,50,47,47,49,50,47,47,51,52,47,47,49,48,49,47,51,47,50,51,50,49,50,46,45,49,48,42,48,48,48,50,49,48,51,47,45,50,48,50,46,49,44,48,47,47,52,52,49,45,47,47,53,48,47,46,48,48,44,49,49,46,48,50,51,51,48,47,54,48,48,48,49,46,50,49,47,48,49,47,48,49,49,49,48,45,50,45,45,48,49,50,47,46,44,48,48,47,47,49,49,48,48,48,52,48,48,51,53,48,50,53,47,45,47,48,44,47,50,47,49,50,43,49,48,47,46,49,48,47,47,45,48,52,43,49,50,48,49,44,49,46,48,50,48,50,52,50,52,54,54,46,51,51,46,48,42,49,49,43,48,48,46,49,48,46,44,45,46,45,46,44,47,47,
48,53,53,49,47,46,46,45,47,48,48,47,44,49,47,50,46,47,49,49,48,48,51,51,51,50,43,48,47,51,51,50,48,49,48,47,48,47,42,43,43,48,50,50,50,45,52,48,44,49,47,52,52,53,49,48,49,48,50,49,47,50,46,47,51,48,47,53,48,47,47,46,49,51,49,51,49,46,46,51,48,49,48,48,48,47,44,50,47,50,48,52,52,47,49,46,51,45,51,46,51,50,52,51,48,51,47,47,48,49,49,50,50,51,50,48,51,49,48,49,49,48,47,46,45,52,50,47,50,52,49,48,52,47,53,53,49,47,50,49,44,44,49,51,50,48,50,49,49,49,54,53,49,49,52,46,50,47,48,49,48,48,48,52,49,47,49,50,47,50,48,48,49,48,48,47,51,49,47,49,50,50,49,48,48,46,48,52,50,52,54,53,53,45,48,48,47,48,49,48,50,51,45,50,48,48,48,46,47,50,48,48,48,47,48,47,51,50,50,52,54,44,43,50,47,51,52,51,49,50,45,47,53,49,46,47,48,49,51,51,51,44,48,49,48,46,50,46,48,47,47,47,45,47,47,46,
49,52,52,49,50,47,47,48,45,48,48,51,48,46,49,52,46,48,52,48,48,50,51,50,51,51,46,44,49,48,45,50,49,53,49,48,48,49,48,47,48,49,48,51,51,49,53,54,52,45,47,49,44,50,44,52,51,51,50,48,49,48,47,48,47,47,50,55,48,48,52,49,52,47,51,51,54,49,53,47,50,50,48,50,49,46,50,44,49,49,49,49,53,49,53,50,47,51,46,49,48,45,51,50,51,48,48,44,48,47,47,51,51,49,50,50,50,48,49,52,50,49,51,47,53,48,51,51,47,50,49,51,51,50,49,54,50,48,49,48,48,48,49,52,49,49,49,50,49,50,49,49,50,50,52,52,50,54,47,52,53,48,48,49,52,45,48,45,50,51,51,46,51,49,47,50,47,44,47,49,49,50,50,48,47,47,46,53,48,50,52,51,53,47,48,49,47,48,52,49,50,51,50,47,48,49,49,49,51,47,50,45,49,48,47,48,50,49,51,51,52,53,53,49,50,48,52,49,49,46,50,47,53,55,46,48,48,51,50,51,51,51,46,49,50,51,46,49,48,46,51,46,46,47,48,48,
50,50,51,53,50,49,48,45,48,50,50,46,49,48,50,52,53,48,49,49,50,50,51,52,52,46,47,46,48,49,50,45,53,52,50,49,50,49,49,49,48,54,49,54,54,56,48,47,49,45,46,46,45,46,52,51,51,51,49,51,49,51,48,47,48,48,50,50,46,47,48,51,53,50,53,51,55,56,50,53,50,49,51,50,53,48,49,50,51,47,55,50,51,53,50,49,52,52,46,47,51,49,51,51,48,50,51,45,45,53,48,48,49,49,53,46,50,48,49,49,47,51,49,46,54,51,50,50,52,49,54,52,50,49,53,53,51,49,51,48,49,49,50,53,52,53,54,50,49,48,51,49,55,51,49,52,51,49,48,53,52,53,53,53,52,49,53,45,44,51,49,48,51,49,50,53,47,50,47,52,52,50,50,48,49,50,51,49,48,50,50,50,49,48,49,49,48,52,50,50,47,52,51,48,49,50,52,52,49,48,48,50,49,49,47,48,49,51,52,51,53,51,53,49,50,52,49,49,47,47,51,52,53,48,50,51,49,50,50,47,46,51,46,50,51,50,50,51,49,49,48,49,47,47,52,47,
52,50,53,50,54,50,49,50,50,51,50,49,49,49,50,53,53,51,48,49,50,50,52,48,47,49,51,50,48,50,53,48,53,47,48,50,51,51,50,49,50,52,47,50,50,49,52,48,56,48,50,50,50,52,53,52,52,48,49,50,50,49,52,50,48,49,53,47,55,48,48,50,52,53,52,53,53,52,52,54,49,50,51,54,53,49,49,49,52,48,48,51,50,53,52,49,52,49,51,50,50,52,51,51,51,50,47,53,53,53,52,49,51,49,50,48,49,48,49,53,49,48,50,50,46,51,48,49,50,53,54,48,49,51,53,54,49,52,49,50,48,53,51,54,50,55,53,50,50,48,48,50,51,51,50,49,49,50,57,55,52,50,52,52,53,50,46,50,48,51,51,52,50,48,51,51,48,54,51,51,52,53,53,51,49,50,49,48,51,52,52,50,49,50,49,49,49,53,52,52,51,50,49,48,48,50,51,52,50,48,49,50,50,49,49,48,50,53,52,49,52,53,54,50,50,47,52,50,48,48,53,49,53,56,50,48,52,52,48,48,47,49,47,49,51,50,51,51,49,50,48,51,49,53,48,48,
54,51,54,51,51,51,54,51,50,52,51,55,51,51,51,51,54,53,51,55,51,48,51,52,51,50,55,50,49,54,50,50,48,48,52,51,51,48,53,50,50,50,50,48,52,51,51,53,55,52,49,48,50,51,51,54,53,55,50,52,49,50,49,50,47,56,49,48,54,55,48,52,51,52,50,55,55,55,49,48,50,49,56,54,49,49,50,50,50,52,50,49,49,50,50,50,50,50,50,50,50,46,50,52,50,52,48,55,54,53,53,52,51,52,52,50,53,49,51,50,54,51,50,47,51,53,52,49,54,53,51,49,51,54,49,54,52,49,53,52,51,54,50,57,52,52,55,53,55,50,48,50,50,52,49,55,50,52,57,54,55,50,53,53,54,50,53,52,51,52,46,52,52,52,49,49,48,53,50,52,46,53,52,50,52,50,50,52,52,53,49,52,54,50,50,49,52,54,51,51,53,52,51,51,49,49,54,52,53,49,49,50,49,51,50,49,56,50,55,51,51,53,54,52,50,50,52,53,56,51,53,52,54,56,55,49,53,53,53,53,53,51,50,53,52,52,53,52,51,50,51,51,49,52,51,52,
52,54,52,52,54,54,54,54,51,51,50,52,53,51,51,51,54,54,49,54,55,49,49,48,50,50,55,53,49,55,54,50,49,50,50,54,51,51,51,54,51,50,53,51,51,53,53,55,50,56,47,50,48,50,51,49,54,52,50,53,49,50,50,50,56,56,51,50,53,53,52,51,51,53,56,51,50,55,53,54,51,56,50,50,55,50,51,52,52,52,52,52,50,51,52,51,50,51,50,50,47,47,51,56,51,52,49,50,55,52,50,53,54,51,53,51,57,48,52,52,53,52,53,50,51,49,53,53,55,52,51,51,55,55,51,50,54,47,50,51,53,53,51,52,53,54,52,54,56,53,53,50,50,51,49,56,53,54,51,52,56,57,50,51,52,51,51,53,49,53,53,47,52,54,51,50,51,53,54,49,49,47,53,54,50,49,53,50,52,53,51,52,52,51,52,49,53,49,51,49,51,53,48,51,52,52,54,53,53,49,50,49,51,52,52,51,52,52,56,53,52,51,51,49,51,49,50,52,56,52,51,52,54,55,52,54,55,54,57,54,54,53,55,51,56,52,53,52,51,51,52,50,51,53,52,52,
54,52,55,53,54,50,55,55,50,52,53,48,54,52,53,54,55,51,49,50,55,50,53,50,54,55,56,53,53,50,54,55,55,54,53,55,52,52,52,54,51,53,54,52,56,52,53,54,55,52,48,51,48,51,50,52,58,57,51,51,53,51,52,51,49,51,50,50,50,52,53,51,52,55,55,52,53,51,54,54,52,52,52,57,55,52,52,54,52,59,52,51,52,52,53,52,50,52,52,51,53,50,56,53,56,51,55,56,55,51,51,51,52,54,54,51,49,51,52,49,52,54,51,53,55,54,50,54,55,52,52,54,50,48,53,53,54,54,48,53,52,52,54,52,54,54,52,50,51,53,52,50,53,52,52,55,49,51,55,56,56,58,55,52,51,53,55,52,55,54,54,52,53,54,54,51,53,52,53,51,49,48,55,55,51,53,52,50,51,53,55,53,53,52,52,53,52,55,50,50,50,48,52,52,54,52,52,55,52,52,53,53,53,53,53,53,51,52,52,56,52,56,51,52,52,51,53,51,53,52,55,53,52,53,54,55,53,53,55,57,56,51,55,53,52,55,53,52,51,54,51,53,53,51,51,53,
55,54,56,55,54,55,51,54,55,50,53,55,54,54,54,53,54,52,53,49,53,52,54,55,56,56,55,56,57,51,55,56,51,55,53,50,54,56,57,52,50,52,52,53,54,54,53,53,53,50,53,52,51,48,51,52,53,53,56,52,54,53,53,58,50,54,51,52,52,54,53,52,52,52,55,53,55,51,54,52,52,51,55,52,52,56,56,53,53,53,54,52,53,56,53,54,54,55,52,54,53,53,50,54,54,56,55,55,56,55,52,52,55,52,53,53,52,52,50,50,54,53,57,54,55,51,52,55,52,55,53,55,51,54,53,52,52,55,56,51,53,53,53,54,54,53,54,55,52,52,50,51,55,51,51,52,49,53,55,56,53,56,58,56,56,52,53,54,53,54,55,55,53,52,55,54,52,53,52,51,53,54,50,53,53,53,56,53,57,52,54,52,54,54,52,53,54,51,52,51,49,48,52,54,54,55,54,54,54,53,54,54,52,57,54,56,53,54,52,54,53,58,54,52,50,52,50,53,54,53,55,56,55,54,55,55,54,54,57,54,56,55,56,55,54,55,52,54,53,55,54,54,54,52,53,51,
53,54,54,54,55,54,54,54,51,52,53,53,51,56,56,55,54,51,53,56,54,54,54,55,54,58,57,54,56,51,53,56,55,55,52,53,52,55,56,57,53,53,53,53,55,57,55,55,53,54,53,54,52,51,49,56,54,53,57,58,55,54,54,56,58,58,55,54,52,55,54,52,53,55,51,54,56,56,57,55,52,52,54,55,52,53,56,55,54,53,55,54,53,54,54,53,55,55,57,53,54,57,57,53,55,52,57,51,57,55,54,55,54,53,55,53,54,53,56,51,53,55,56,58,60,53,52,55,52,52,55,54,52,54,55,54,55,52,51,55,54,54,54,54,55,55,55,56,57,53,51,51,54,52,52,50,50,52,55,54,54,53,56,56,58,53,52,55,51,54,54,56,55,54,55,55,55,54,55,54,51,54,52,53,55,56,57,56,53,54,55,55,55,54,55,53,54,53,52,51,52,51,52,53,52,55,55,56,53,54,55,56,54,53,59,58,55,56,54,57,52,60,59,58,52,54,53,54,53,54,56,56,56,55,56,55,56,53,55,57,52,56,56,52,55,55,57,53,56,57,55,54,55,55,53,53,
56,52,55,52,59,53,55,54,57,54,55,54,55,54,56,56,57,53,55,58,57,55,55,56,56,59,53,58,56,56,57,55,54,52,54,60,54,57,55,53,53,56,57,54,56,56,52,53,53,55,54,57,55,54,55,53,55,55,56,57,55,54,54,54,53,52,56,54,53,54,55,53,53,53,52,52,55,55,55,58,53,57,57,54,56,55,57,57,56,57,55,58,55,56,53,55,55,56,55,58,54,57,54,53,54,55,55,58,55,55,55,56,55,56,55,54,52,54,56,55,54,52,54,53,58,54,51,56,53,53,54,53,52,53,54,53,57,56,52,58,57,55,54,53,54,58,56,52,57,52,55,55,53,56,52,56,52,54,54,55,55,56,54,55,58,55,52,53,56,51,55,57,58,54,56,54,55,55,55,55,56,56,54,57,52,55,57,58,55,55,55,55,57,53,53,55,55,53,56,55,56,51,54,55,53,56,52,53,55,54,56,57,55,54,60,56,56,55,54,54,53,53,52,60,54,56,55,54,54,54,53,60,57,56,55,56,54,54,57,56,57,53,53,56,53,54,56,58,57,56,54,54,55,56,56,56,
56,55,55,55,56,61,54,56,55,54,53,57,53,54,55,57,58,55,54,57,56,56,53,57,58,56,55,57,56,57,57,56,55,58,53,52,53,56,56,55,58,57,55,57,56,58,55,56,56,54,55,58,53,57,54,52,56,52,56,57,56,55,56,55,54,58,54,55,54,53,53,56,54,53,54,57,56,55,54,55,53,55,56,58,53,57,58,58,56,57,57,57,55,57,55,56,54,55,55,54,56,57,55,54,53,54,55,57,57,55,56,54,57,57,56,55,55,55,55,57,57,52,57,54,54,59,55,52,54,57,56,54,53,53,55,54,55,59,52,54,56,55,56,54,55,57,57,56,57,55,56,56,57,54,55,53,54,55,55,53,53,56,57,56,53,53,54,57,54,54,57,55,58,56,57,55,55,55,56,55,53,54,54,57,55,57,56,57,55,56,55,56,58,55,56,55,53,54,56,59,54,53,56,55,54,52,54,54,53,56,56,55,58,58,54,57,57,55,57,57,55,54,55,54,55,56,56,56,53,56,54,55,58,58,56,57,54,54,55,55,54,54,55,55,56,55,58,55,54,58,54,56,55,54,57,56,
57,57,54,55,55,55,61,57,57,58,54,58,57,57,56,57,59,56,55,52,57,56,57,55,57,58,56,57,58,54,56,57,56,56,57,55,53,57,56,57,56,56,56,56,56,58,55,55,55,57,56,58,58,53,58,54,55,58,57,56,57,58,59,57,59,55,54,60,57,57,56,56,56,54,54,54,54,56,55,54,53,57,55,56,57,59,57,60,56,58,55,58,56,57,59,56,54,55,57,56,57,54,56,56,55,54,58,55,58,54,56,56,55,58,54,56,56,57,57,55,57,53,53,59,57,56,54,58,54,56,57,57,53,56,56,57,55,55,58,56,55,56,56,57,57,56,57,56,58,55,57,57,55,54,56,56,55,55,57,57,54,55,55,56,57,58,55,54,55,56,57,56,57,56,57,55,58,55,54,57,55,53,55,58,54,56,56,58,57,56,57,57,57,56,56,55,55,56,57,60,55,55,55,55,56,53,55,53,54,56,58,59,58,54,55,57,57,56,58,58,56,56,58,59,56,56,55,55,55,54,56,53,56,55,57,55,54,56,56,52,54,54,53,55,55,55,56,57,56,58,56,57,56,55,56,53,
57,57,58,56,56,57,56,56,57,58,53,59,58,55,59,55,58,57,57,58,58,53,58,58,58,58,57,57,55,59,55,56,58,56,58,56,54,56,59,56,57,58,57,56,57,59,55,56,58,57,56,55,57,58,59,59,54,56,57,58,56,58,59,56,55,55,55,56,60,57,56,56,57,57,56,54,57,57,57,57,54,54,58,59,57,55,58,58,60,58,56,57,57,57,55,56,55,56,55,56,58,57,55,57,57,54,59,59,57,55,55,56,56,57,58,57,58,59,55,57,56,59,57,56,57,56,57,53,59,57,56,57,55,57,56,58,58,56,56,58,58,58,58,58,58,57,57,57,54,57,55,57,54,57,55,59,57,57,57,57,57,58,58,57,55,54,58,58,56,57,55,55,56,58,55,57,56,56,55,56,56,55,56,58,56,55,58,58,58,57,58,56,59,56,56,56,57,56,58,56,60,57,56,56,54,54,56,58,56,55,57,59,59,56,55,61,59,59,55,58,58,58,60,59,56,56,56,56,60,56,56,61,56,56,55,56,56,57,57,53,56,56,57,56,54,56,56,56,56,58,55,56,58,57,55,54,
55,56,56,58,57,58,60,58,58,58,58,57,58,57,55,56,60,58,56,59,58,54,57,57,59,57,56,57,56,58,59,57,59,59,59,59,56,55,55,59,57,58,58,59,57,58,56,59,58,57,56,60,57,58,58,56,59,57,57,60,57,57,57,57,56,56,57,55,58,58,57,57,58,56,58,57,56,57,57,55,58,57,58,57,56,56,57,58,58,56,59,60,58,56,58,57,56,57,56,59,57,57,57,56,56,59,59,60,56,55,56,56,57,57,58,58,55,55,57,59,57,57,57,56,58,56,59,57,57,57,59,57,56,60,57,57,58,57,56,55,58,57,59,57,58,59,57,56,55,58,58,57,60,57,60,60,60,59,57,61,58,58,58,56,55,58,59,56,57,60,56,58,55,58,58,55,58,58,57,60,59,57,56,56,58,60,59,56,57,59,56,57,58,58,59,56,60,56,58,56,58,57,57,57,55,56,56,58,59,55,55,60,57,60,56,61,61,59,56,56,58,59,59,59,60,56,56,57,57,57,56,57,59,59,57,57,57,57,61,58,56,55,57,55,55,56,57,57,56,57,56,57,58,56,57,58,
58,59,57,58,57,61,60,58,59,60,57,58,59,56,60,58,58,58,59,59,57,58,57,57,60,55,55,59,58,59,58,59,57,59,59,59,59,59,57,59,56,57,58,59,57,59,58,56,59,59,58,57,60,60,58,60,57,58,60,59,61,59,61,58,58,56,57,58,57,59,58,58,58,58,59,60,57,57,57,56,56,57,61,57,57,57,60,56,61,60,57,59,60,58,59,58,59,58,57,59,58,58,61,58,57,56,56,59,57,58,57,57,58,57,59,58,56,58,58,57,58,59,60,58,55,60,58,56,61,59,57,58,58,57,57,56,57,58,57,60,61,57,59,58,57,56,56,58,58,58,58,60,59,59,58,58,58,60,60,57,60,58,58,59,56,58,59,59,57,59,59,59,59,58,59,58,57,59,58,58,58,58,57,57,60,60,58,57,57,58,57,58,58,56,57,59,60,60,57,60,58,59,58,58,58,58,57,58,58,55,55,62,59,57,62,58,58,61,58,57,56,56,58,58,59,58,58,56,58,61,57,58,61,57,57,57,57,57,57,62,58,56,57,56,58,56,58,58,58,60,59,57,59,57,57,59,
59,58,59,61,60,59,61,60,57,58,60,59,56,58,61,57,59,57,58,59,58,58,59,59,61,56,58,58,59,59,58,60,59,58,59,58,59,58,58,58,57,59,58,57,58,57,58,56,59,58,59,59,59,57,58,60,61,58,60,60,60,60,57,60,59,60,57,58,57,59,60,58,57,62,58,59,58,58,59,58,59,57,60,61,60,58,60,60,57,59,60,61,61,56,59,60,57,59,59,60,63,59,62,61,58,57,57,57,57,59,57,58,58,57,60,56,58,58,60,58,58,58,58,59,61,60,60,60,61,59,59,58,62,62,59,58,57,57,58,61,58,58,58,56,58,60,58,60,59,58,60,59,59,60,59,58,59,60,59,57,58,58,59,58,57,59,58,60,59,56,57,59,59,59,58,58,60,59,59,59,61,58,57,57,59,58,58,60,59,57,56,58,57,58,58,60,58,60,57,58,58,58,58,60,56,59,61,57,60,58,57,62,58,58,57,60,59,59,60,59,58,58,57,59,59,59,58,59,56,57,58,59,61,57,57,58,59,56,58,58,59,58,58,58,58,60,57,59,60,61,60,58,58,59,61,60,
61,59,60,58,58,61,62,58,58,58,60,61,61,57,57,58,58,58,59,59,59,59,59,60,61,58,59,59,58,58,60,59,59,60,60,58,59,59,60,59,60,60,57,59,60,59,58,60,60,59,59,60,59,59,59,58,61,59,58,62,59,61,62,60,61,61,61,60,59,58,59,60,59,59,58,58,60,60,61,59,58,60,61,61,61,60,59,59,60,60,60,61,60,59,60,60,59,60,60,60,58,58,62,59,61,58,60,58,60,61,58,60,59,58,58,60,62,58,60,59,59,58,59,59,59,61,61,60,58,58,58,60,57,62,60,59,60,57,59,59,61,61,60,58,59,61,62,63,60,58,59,60,59,59,61,58,59,60,58,59,58,58,60,59,59,58,58,60,60,58,60,58,59,59,59,60,62,60,60,59,60,58,58,59,62,59,59,60,61,59,57,60,58,60,59,57,59,59,59,59,57,61,58,59,60,59,61,59,59,60,57,58,59,59,61,58,60,60,60,59,58,60,58,61,59,59,59,60,59,58,58,60,59,58,60,61,60,60,57,60,58,59,60,59,58,62,60,60,62,61,61,60,58,58,58,62,
61,61,60,60,59,60,60,60,59,60,61,61,62,58,59,58,61,60,60,63,58,60,60,59,61,59,58,59,59,59,59,60,60,60,59,59,61,61,60,62,61,60,59,58,59,58,59,59,59,60,59,60,60,60,59,59,60,60,61,62,62,61,63,63,61,62,60,59,60,58,59,60,60,58,60,59,60,60,61,59,58,59,59,62,60,61,61,59,60,60,63,60,59,59,60,60,61,60,60,61,60,58,59,61,59,59,59,60,61,60,61,61,62,59,59,62,61,60,60,60,60,59,59,60,60,60,60,61,61,59,59,60,60,60,59,60,61,61,59,60,59,62,59,59,59,59,62,62,61,59,59,60,59,60,61,61,63,61,59,58,60,60,60,60,58,59,60,61,61,61,61,60,60,60,62,59,60,61,61,58,60,61,62,62,62,61,60,60,59,59,61,59,59,60,59,59,59,59,59,58,58,61,61,62,61,59,59,61,60,61,60,61,62,61,59,62,59,60,61,59,61,61,61,62,60,60,59,60,59,61,60,59,60,60,59,61,60,61,58,59,61,60,61,60,60,59,61,60,62,58,58,62,58,58,60,62,
60,60,60,59,61,61,60,60,60,60,60,59,60,60,59,59,60,61,62,63,60,59,59,60,60,60,60,61,61,59,61,60,61,61,60,61,62,61,60,60,62,61,62,59,61,61,59,59,61,60,60,60,59,63,61,61,60,61,62,62,62,62,61,61,63,59,62,60,63,61,63,59,61,59,61,60,60,60,62,59,61,59,60,60,61,60,61,61,59,61,60,60,60,59,61,60,63,60,60,60,61,60,61,60,61,60,59,60,60,61,60,60,62,59,60,62,59,60,61,60,60,60,60,61,60,61,59,60,62,59,61,61,62,61,60,59,59,60,62,60,60,61,61,60,61,61,62,61,62,60,60,60,60,62,62,60,59,59,60,59,60,60,60,60,60,60,59,61,59,61,61,61,61,62,60,61,61,61,62,61,62,61,60,60,62,62,60,60,59,60,61,61,63,59,61,60,61,59,59,59,59,60,60,61,60,62,60,59,60,61,60,60,62,60,60,61,62,60,61,61,60,62,62,60,61,61,60,61,62,60,61,59,61,61,59,62,60,59,60,62,60,61,60,61,60,61,59,59,62,62,59,59,59,59,59,59,
61,63,60,62,60,62,61,61,62,62,62,62,62,61,61,61,62,60,60,61,62,61,63,60,61,61,62,61,62,61,61,61,63,62,62,61,63,62,61,62,60,61,63,60,62,61,62,60,60,61,62,61,62,62,62,62,62,61,61,60,61,63,62,61,63,60,61,62,62,63,61,60,60,61,64,63,61,62,60,62,60,61,60,61,61,61,62,61,61,61,61,61,60,60,62,63,62,60,60,60,61,60,61,62,61,61,62,60,60,60,62,61,62,62,60,63,60,60,61,63,62,61,60,61,61,62,63,62,61,60,61,61,62,62,61,60,60,61,62,60,61,61,60,61,61,61,60,61,62,62,60,61,60,63,60,63,60,60,61,60,61,62,61,61,61,62,60,60,60,63,61,62,61,63,60,61,61,60,61,61,62,62,60,62,61,61,63,60,60,62,61,62,63,63,60,61,62,61,62,61,60,61,61,62,62,60,62,63,61,61,62,62,62,61,60,61,60,62,60,60,60,62,62,62,61,62,62,62,61,63,61,60,61,62,61,60,62,61,60,62,62,62,61,60,62,60,60,60,60,62,63,63,61,63,60,61,
63,63,61,61,62,61,63,61,61,62,61,62,61,62,62,61,61,62,61,63,63,63,63,61,62,61,64,63,62,62,62,63,63,62,63,62,63,62,63,62,62,62,61,61,62,62,62,61,61,61,63,63,62,61,62,61,62,62,61,63,61,62,62,62,62,61,62,63,62,62,64,62,63,62,64,62,62,62,62,63,61,63,61,61,61,63,62,62,63,62,62,62,62,61,61,63,61,61,61,61,62,62,62,61,63,62,61,61,61,62,63,61,62,62,61,61,64,64,62,63,62,62,63,62,61,61,61,62,62,62,62,62,61,62,63,61,62,63,62,61,61,62,61,61,62,62,61,62,61,64,61,61,61,62,62,63,62,62,62,62,62,63,62,62,62,62,61,62,62,62,63,62,62,62,61,62,63,63,62,62,62,63,62,62,63,62,61,61,62,62,63,62,62,63,61,63,61,62,63,62,63,61,62,62,62,62,62,62,62,63,63,63,61,63,62,61,64,63,62,61,62,63,62,63,63,63,62,61,63,62,61,61,63,62,62,61,61,61,61,62,63,62,62,62,61,63,61,63,61,61,62,62,63,63,61,63,
63,62,62,63,62,62,62,64,63,62,63,63,64,63,63,62,62,63,63,62,62,63,62,63,63,64,64,63,63,63,63,63,62,62,63,63,62,62,63,62,63,62,62,62,62,63,63,63,63,63,63,63,63,63,63,62,63,63,62,62,63,62,62,62,62,62,62,63,63,63,63,62,62,63,62,62,62,62,64,63,64,63,62,62,62,62,63,62,62,62,63,63,63,62,62,62,63,63,63,64,62,62,62,63,62,63,62,62,62,62,63,63,64,62,62,62,62,64,63,62,63,63,62,62,62,64,62,62,63,63,63,63,62,63,62,62,63,64,63,63,62,64,63,62,62,62,62,63,63,64,62,62,63,64,63,64,63,64,63,62,63,63,62,62,62,63,63,63,63,62,62,63,63,64,63,62,64,62,63,62,62,63,62,62,63,62,63,64,62,62,62,62,62,63,63,63,64,64,62,64,62,62,62,63,63,63,63,63,63,63,62,62,62,64,62,63,63,64,62,62,62,63,64,62,63,62,62,63,63,62,63,62,63,63,63,63,62,62,63,64,63,63,62,63,62,63,62,63,62,62,63,63,62,63,62,63,
63,63,64,63,63,64,63,64,63,63,63,63,63,63,63,63,63,64,63,63,63,64,64,63,64,64,63,63,64,63,64,63,64,64,63,63,63,63,63,63,64,63,64,64,63,63,63,64,63,64,64,64,63,63,63,63,64,63,63,64,63,64,64,63,63,63,63,63,63,64,63,63,63,64,63,64,63,64,63,63,64,63,63,63,63,64,63,63,63,64,63,64,63,64,63,63,63,63,63,64,63,64,63,64,63,64,64,63,63,63,63,63,63,64,64,63,63,63,64,64,64,63,64,63,63,64,63,63,64,64,63,64,63,63,63,63,63,64,63,64,63,64,64,64,64,63,63,63,64,64,63,63,63,64,64,63,63,63,64,63,64,64,63,63,63,64,63,63,63,63,64,64,63,64,64,63,64,63,63,64,64,64,64,64,63,64,63,64,64,63,63,63,64,63,63,63,63,63,63,63,64,63,63,64,63,63,63,63,64,64,63,64,63,63,63,63,63,63,64,63,63,63,64,63,63,63,63,63,63,63,63,64,63,63,64,63,63,63,64,63,63,63,63,64,64,63,63,64,63,63,63,63,63,63,63,63,
64,64,64,64,64,64,64,64,64,64,64,64,64,64,64,64,64,64,64,64,64,64,64,64,64,64,64,64,64,64,64,64,64,64,64,64,64,64,64,64,64,64,64,64,64,64,64,64,64,64,64,64,64,64,64,64,64,64,64,64,64,64,64,64,64,64,64,64,64,64,64,64,64,64,64,64,64,64,64,64,64,64,64,64,64,64,64,64,64,64,64,64,64,64,64,64,64,64,64,64,64,64,64,64,64,64,64,64,64,64,64,64,64,64,64,64,64,64,64,64,64,64,64,64,64,64,64,64,64,64,64,64,64,64,64,64,64,64,64,64,64,64,64,64,64,64,64,64,64,64,64,64,64,64,64,64,64,64,64,64,64,64,64,64,64,64,64,64,64,64,64,64,64,64,64,64,64,64,64,64,64,64,64,64,64,64,64,64,64,64,64,64,64,64,64,64,64,64,64,64,64,64,64,64,64,64,64,64,64,64,64,64,64,64,64,64,64,64,64,64,64,64,64,64,64,64,64,64,64,64,64,64,64,64,64,64,64,64,64,64,64,64,64,64,64,64,64,64,64,64,64,64,64,64,64,64,