[64, 256, 128]
0,0,0,0,0,0,0,0,0,0,0,0,0,0,0,0,0,0,0,0,0,0,0,0,0,0,0,0,0,0,0,0,0,0,0,0,0,0,0,0,0,0,0,0,0,0,0,0,0,0,0,0,0,0,0,0,0,0,0,0,0,0,0,0,0,0,0,0,0,0,0,0,0,0,0,0,0,0,0,0,0,0,0,0,0,0,0,0,0,0,0,0,0,0,0,0,0,0,0,0,0,0,0,0,0,0,0,0,0,0,0,0,0,0,0,0,0,0,0,0,0,0,0,0,0,0,0,0,0,0,0,0,0,0,0,0,0,0,0,0,0,0,0,0,0,0,0,0,0,0,0,0,0,0,0,0,0,0,0,0,0,0,0,0,0,0,0,0,0,0,0,0,0,0,0,0,0,0,0,0,0,0,0,0,0,0,0,0,0,0,0,0,0,0,0,0,0,0,0,0,0,0,0,0,0,0,0,0,0,0,0,0,0,0,0,0,0,0,0,0,0,0,0,0,0,0,0,0,0,0,0,0,0,0,0,0,0,0,0,0,0,0,0,0,0,0,0,0,0,0,0,0,0,0,0,0,
0,0,0,0,0,0,0,0,0,0,0,0,0,0,0,0,0,0,0,0,0,0,0,0,0,0,0,0,0,0,0,0,0,0,0,0,0,0,0,0,0,0,0,0,0,0,0,0,0,0,0,0,0,0,0,0,0,0,0,0,0,0,0,0,0,0,0,0,0,0,0,0,0,0,0,0,0,0,0,0,0,0,0,0,0,0,0,0,0,0,0,0,0,0,0,0,0,0,0,0,0,0,0,0,0,0,0,0,0,0,0,0,0,0,0,0,0,0,0,0,0,0,0,0,0,0,0,0,0,0,0,0,0,0,0,0,0,0,0,0,0,0,0,0,0,0,0,0,0,0,0,0,0,0,0,0,0,0,0,0,0,0,0,0,0,0,0,0,0,0,0,0,0,0,0,0,0,0,0,0,0,0,0,0,0,0,0,0,0,0,0,0,0,0,0,0,0,0,0,0,0,0,0,0,0,0,0,0,0,0,0,0,0,0,0,0,0,0,0,0,0,0,0,0,0,0,0,0,0,0,0,0,0,0,0,0,0,0,0,0,0,0,0,0,0,0,0,0,0,0,0,0,0,0,0,0,
0,0,0,0,0,0,0,0,0,0,0,0,0,0,0,0,0,0,0,0,0,0,0,0,0,0,0,0,0,0,0,0,0,0,0,0,0,0,0,0,0,0,0,0,0,0,0,0,0,0,0,0,0,0,0,0,0,0,0,0,0,0,0,0,0,0,0,0,0,0,0,0,0,0,0,0,0,0,0,0,0,0,0,0,0,0,0,0,0,0,0,0,0,0,0,0,0,0,0,0,0,0,0,0,0,0,0,0,0,0,0,0,0,0,0,0,0,0,0,0,0,0,0,0,0,0,0,0,0,0,0,0,0,0,0,0,0,0,0,0,0,0,0,0,0,0,0,0,0,0,0,0,0,0,0,0,0,0,0,0,0,0,0,0,0,0,0,0,0,0,0,0,0,0,0,0,0,0,0,0,0,0,0,0,0,0,0,0,0,0,0,0,0,0,0,0,0,0,0,0,0,0,0,0,0,0,0,0,0,0,0,0,0,0,0,0,0,0,0,0,0,0,0,0,0,0,0,0,0,0,0,0,0,0,0,0,0,0,0,0,0,0,0,0,0,0,0,0,0,0,0,0,0,0,0,0,
0,0,0,0,0,0,0,0,0,0,0,0,0,0,0,0,0,0,0,0,0,0,0,0,0,0,0,0,0,0,0,0,0,0,0,0,0,0,0,0,0,0,0,0,0,0,0,0,0,0,0,0,0,0,0,0,0,0,0,0,0,0,0,0,0,0,0,0,0,0,0,0,0,0,0,0,0,0,0,0,0,0,0,0,0,0,0,0,0,0,0,0,0,0,0,0,0,0,0,0,0,0,0,0,0,0,0,0,0,0,0,0,0,0,0,0,0,0,0,0,0,0,0,0,0,0,0,0,0,0,0,0,0,0,0,0,0,0,0,0,0,0,0,0,0,0,0,0,0,0,0,0,0,0,0,0,0,0,0,0,0,0,0,0,0,0,0,0,0,0,0,0,0,0,0,0,0,0,0,0,0,0,0,0,0,0,0,0,0,0,0,0,0,0,0,0,0,0,0,0,0,0,0,0,0,0,0,0,0,0,0,0,0,0,0,0,0,0,0,0,0,0,0,0,0,0,0,0,0,0,0,0,0,0,0,0,0,0,0,0,0,0,0,0,0,0,0,0,0,0,0,0,0,0,0,0,
0,0,0,0,0,0,0,0,0,0,0,0,0,0,0,0,0,0,0,0,0,0,0,0,0,0,0,0,0,0,0,0,0,0,0,0,0,0,0,0,0,0,0,0,0,0,0,0,0,0,0,0,0,0,0,0,0,0,0,0,0,0,0,0,0,0,0,0,0,0,0,0,0,0,0,0,0,0,0,0,0,0,0,0,0,0,0,0,0,0,0,0,0,0,0,0,0,0,0,0,0,0,0,0,0,0,0,0,0,0,0,0,0,0,0,0,0,0,0,0,0,0,0,0,0,0,0,0,0,0,0,0,0,0,0,0,0,0,0,0,0,0,0,0,0,0,0,0,0,0,0,0,0,0,0,0,0,0,0,0,0,0,0,0,0,0,0,0,0,0,0,0,0,0,0,0,0,0,0,0,0,0,0,0,0,0,0,0,0,0,0,0,0,0,0,0,0,0,0,0,0,0,0,0,0,0,0,0,0,0,0,0,0,0,0,0,0,0,0,0,0,0,0,0,0,0,0,0,0,0,0,0,0,0,0,0,0,0,0,0,0,0,0,0,0,0,0,0,0,0,0,0,0,0,0,0,
0,0,0,0,0,0,0,0,0,0,0,0,0,0,0,0,0,0,0,0,0,0,0,0,0,0,0,0,0,0,0,0,0,0,0,0,0,0,0,0,0,0,0,0,0,0,0,0,0,0,0,0,0,0,0,0,0,0,0,0,0,0,0,0,0,0,0,0,0,0,0,0,0,0,0,0,0,0,0,0,0,0,0,0,0,0,0,0,0,0,0,0,0,0,0,0,0,0,0,0,0,0,0,0,0,0,0,0,0,0,0,0,0,0,0,0,0,0,0,0,0,0,0,0,0,0,0,0,0,0,0,0,0,0,0,0,0,0,0,0,0,0,0,0,0,0,0,0,0,0,0,0,0,0,0,0,0,0,0,0,0,0,0,0,0,0,0,0,0,0,0,0,0,0,0,0,0,0,0,0,0,0,0,0,0,0,0,0,0,0,0,0,0,0,0,0,0,0,0,0,0,0,0,0,0,0,0,0,0,0,0,0,0,0,0,0,0,0,0,0,0,0,0,0,0,0,0,0,0,0,0,0,0,0,0,0,0,0,0,0,0,0,0,0,0,0,0,0,0,0,0,0,0,0,0,0,
0,0,0,0,0,0,0,0,0,0,0,0,0,0,0,0,0,0,0,0,0,0,0,0,0,0,0,0,0,0,0,0,0,0,0,0,0,0,0,0,0,0,0,0,0,0,0,0,0,0,0,0,0,0,0,0,0,0,0,0,0,0,0,0,0,0,0,0,0,0,0,0,0,0,0,0,0,0,0,0,0,0,0,0,0,0,0,0,0,0,0,0,0,0,0,0,0,0,0,0,0,0,0,0,0,0,0,0,0,0,0,0,0,0,0,0,0,0,0,0,0,0,0,0,0,0,0,0,0,0,0,0,0,0,0,0,0,0,0,0,0,0,0,0,0,0,0,0,0,0,0,0,0,0,0,0,0,0,0,0,0,0,0,0,0,0,0,0,0,0,0,0,0,0,0,0,0,0,0,0,0,0,0,0,0,0,0,0,0,0,0,0,0,0,0,0,0,0,0,0,0,0,0,0,0,0,0,0,0,0,0,0,0,0,0,0,0,0,0,0,0,0,0,0,0,0,0,0,0,0,0,0,0,0,0,0,0,0,0,0,0,0,0,0,0,0,0,0,0,0,0,0,0,0,0,0,
0,0,0,0,0,0,0,0,0,0,0,0,0,0,0,0,0,0,0,0,0,0,0,0,0,0,0,0,0,0,0,0,0,0,0,0,0,0,0,0,0,0,0,0,0,0,0,0,0,0,0,0,0,0,0,0,0,0,0,0,0,0,0,0,0,0,0,0,0,0,0,0,0,0,0,0,0,0,0,0,0,0,0,0,0,0,0,0,0,0,0,0,0,0,0,0,0,0,0,0,0,0,0,0,0,0,0,0,0,0,0,0,0,0,0,0,0,0,0,0,0,0,0,0,0,0,0,0,0,0,0,0,0,0,0,0,0,0,0,0,0,0,0,0,0,0,0,0,0,0,0,0,0,0,0,0,0,0,0,0,0,0,0,0,0,0,0,0,0,0,0,0,0,0,0,0,0,0,0,0,0,0,0,0,0,0,0,0,0,0,0,0,0,0,0,0,0,0,0,0,0,0,0,0,0,0,0,0,0,0,0,0,0,0,0,0,0,0,0,0,0,0,0,0,0,0,0,0,0,0,0,0,0,0,0,0,0,0,0,0,0,0,0,0,0,0,0,0,0,0,0,0,0,0,0,0,
0,0,0,0,0,0,0,0,0,0,0,0,0,0,0,0,0,0,0,0,0,0,0,0,0,0,0,0,0,0,0,0,0,0,0,0,0,0,0,0,0,0,0,0,0,0,0,0,0,0,0,0,0,0,0,0,0,0,0,0,0,0,0,0,0,0,0,0,0,0,0,0,0,0,0,0,0,0,0,0,0,0,0,0,0,0,0,0,0,0,0,0,0,0,0,0,0,0,0,0,0,0,0,0,0,0,0,0,0,0,0,0,0,0,0,0,0,0,0,0,0,0,0,0,0,0,0,0,0,0,0,0,0,0,0,0,0,0,0,0,0,0,0,0,0,0,0,0,0,0,0,0,0,0,0,0,0,0,0,0,0,0,0,0,0,0,0,0,0,0,0,0,0,0,0,0,0,0,0,0,0,0,0,0,0,0,0,0,0,0,0,0,0,0,0,0,0,0,0,0,0,0,0,0,0,0,0,0,0,0,0,0,0,0,0,0,0,0,0,0,0,0,0,0,0,0,0,0,0,0,0,0,0,0,0,0,0,0,0,0,0,0,0,0,0,0,0,0,0,0,0,0,0,0,0,0,
0,0,0,0,0,0,0,0,0,0,0,0,0,0,0,0,0,0,0,0,0,0,0,0,0,0,0,0,0,0,0,0,0,0,0,0,0,0,0,0,0,0,0,0,0,0,0,0,0,0,0,0,0,0,0,0,0,0,0,0,0,0,0,0,0,0,0,0,0,0,0,0,0,0,0,0,0,0,0,0,0,0,0,0,0,0,0,0,0,0,0,0,0,0,0,0,0,0,0,0,0,0,0,0,0,0,0,0,0,0,0,0,0,0,0,0,0,0,0,0,0,0,0,0,0,0,0,0,0,0,0,0,0,0,0,0,0,0,0,0,0,0,0,0,0,0,0,0,0,0,0,0,0,0,0,0,0,0,0,0,0,0,0,0,0,0,0,0,0,0,0,0,0,0,0,0,0,0,0,0,0,0,0,0,0,0,0,0,0,0,0,0,0,0,0,0,0,0,0,0,0,0,0,0,0,0,0,0,0,0,0,0,0,0,0,0,0,0,0,0,0,0,0,0,0,0,0,0,0,0,0,0,0,0,0,0,0,0,0,0,0,0,0,0,0,0,0,0,0,0,0,0,0,0,0,0,
0,0,0,0,0,0,0,0,0,0,0,0,0,0,0,0,0,0,0,0,0,0,0,0,0,0,0,0,0,0,0,0,0,0,0,0,0,0,0,0,0,0,0,0,0,0,0,0,0,0,0,0,0,0,0,0,0,0,0,0,0,0,0,0,0,0,0,0,0,0,0,0,0,0,0,0,0,0,0,0,0,0,0,0,0,0,0,0,0,0,0,0,0,0,0,0,0,0,0,0,0,0,0,0,0,0,0,0,0,0,0,0,0,0,0,0,0,0,0,0,0,0,0,0,0,0,0,0,0,0,0,0,0,0,0,0,0,0,0,0,0,0,0,0,0,0,0,0,0,0,0,0,0,0,0,0,0,0,0,0,0,0,0,0,0,0,0,0,0,0,0,0,0,0,0,0,0,0,0,0,0,0,0,0,0,0,0,0,0,0,0,0,0,0,0,0,0,0,0,0,0,0,0,0,0,0,0,0,0,0,0,0,0,0,0,0,0,0,0,0,0,0,0,0,0,0,0,0,0,0,0,0,0,0,0,0,0,0,0,0,0,0,0,0,0,0,0,0,0,0,0,0,0,0,0,0,
0,0,0,0,0,0,0,0,0,0,0,0,0,0,0,0,0,0,0,0,0,0,0,0,0,0,0,0,0,0,0,0,0,0,0,0,0,0,0,0,0,0,0,0,0,0,0,0,0,0,0,0,0,0,0,0,0,0,0,0,0,0,0,0,0,0,0,0,0,0,0,0,0,0,0,0,0,0,0,0,0,0,0,0,0,0,0,0,0,0,0,0,0,0,0,0,0,0,0,0,0,0,0,0,0,0,0,0,0,0,0,0,0,0,0,0,0,0,0,0,0,0,0,0,0,0,0,0,0,0,0,0,0,0,0,0,0,0,0,0,0,0,0,0,0,0,0,0,0,0,0,0,0,0,0,0,0,0,0,0,0,0,0,0,0,0,0,0,0,0,0,0,0,0,0,0,0,0,0,0,0,0,0,0,0,0,0,0,0,0,0,0,0,0,0,0,0,0,0,0,0,0,0,0,0,0,0,0,0,0,0,0,0,0,0,0,0,0,0,0,0,0,0,0,0,0,0,0,0,0,0,0,0,0,0,0,0,0,0,0,0,0,0,0,0,0,0,0,0,0,0,0,0,0,0,0,
0,0,0,0,0,0,0,0,0,0,0,0,0,0,0,0,0,0,0,0,0,0,0,0,0,0,0,0,0,0,0,0,0,0,0,0,0,0,0,0,0,0,0,0,0,0,0,0,0,0,0,0,0,0,0,0,0,0,0,0,0,0,0,0,0,0,0,0,0,0,0,0,0,0,0,0,0,0,0,0,0,0,0,0,0,0,0,0,0,0,0,0,0,0,0,0,0,0,0,0,0,0,0,0,0,0,0,0,0,0,0,0,0,0,0,0,0,0,0,0,0,0,0,0,0,0,0,0,0,0,0,0,0,0,0,0,0,0,0,0,0,0,0,0,0,0,0,0,0,0,0,0,0,0,0,0,0,0,0,0,0,0,0,0,0,0,0,0,0,0,0,0,0,0,0,0,0,0,0,0,0,0,0,0,0,0,0,0,0,0,0,0,0,0,0,0,0,0,0,0,0,0,0,0,0,0,0,0,0,0,0,0,0,0,0,0,0,0,0,0,0,0,0,0,0,0,0,0,0,0,0,0,0,0,0,0,0,0,0,0,0,0,0,0,0,0,0,0,0,0,0,0,0,0,0,0,
0,0,0,0,0,0,0,0,0,0,0,0,0,0,0,0,0,0,0,0,0,0,0,0,0,0,0,0,0,0,0,0,0,0,0,0,0,0,0,0,0,0,0,0,0,0,0,0,0,0,0,0,0,0,0,0,0,0,0,0,0,0,0,0,0,0,0,0,0,0,0,0,0,0,0,0,0,0,0,0,0,0,0,0,0,0,0,0,0,0,0,0,0,0,0,0,0,0,0,0,0,0,0,0,0,0,0,0,0,0,0,0,0,0,0,0,0,0,0,0,0,0,0,0,0,0,0,0,0,0,0,0,0,0,0,0,0,0,0,0,0,0,0,0,0,0,0,0,0,0,0,0,0,0,0,0,0,0,0,0,0,0,0,0,0,0,0,0,0,0,0,0,0,0,0,0,0,0,0,0,0,0,0,0,0,0,0,0,0,0,0,0,0,0,0,0,0,0,0,0,0,0,0,0,0,0,0,0,0,0,0,0,0,0,0,0,0,0,0,0,0,0,0,0,0,0,0,0,0,0,0,0,0,0,0,0,0,0,0,0,0,0,0,0,0,0,0,0,0,0,0,0,0,0,0,0,
0,0,0,0,0,0,0,0,0,0,0,0,0,0,0,0,0,0,0,0,0,0,0,0,0,0,0,0,0,0,0,0,0,0,0,0,0,0,0,0,0,0,0,0,0,0,0,0,0,0,0,0,0,0,0,0,0,0,0,0,0,0,0,0,0,0,0,0,0,0,0,0,0,0,0,0,0,0,0,0,0,0,0,0,0,0,0,0,0,0,0,0,0,0,0,0,0,0,0,0,0,0,0,0,0,0,0,0,0,0,0,0,0,0,0,0,0,0,0,0,0,0,0,0,0,0,0,0,0,0,0,0,0,0,0,0,0,0,0,0,0,0,0,0,0,0,0,0,0,0,0,0,0,0,0,0,0,0,0,0,0,0,0,0,0,0,0,0,0,0,0,0,0,0,0,0,0,0,0,0,0,0,0,0,0,0,0,0,0,0,0,0,0,0,0,0,0,0,0,0,0,0,0,0,0,0,0,0,0,0,0,0,0,0,0,0,0,0,0,0,0,0,0,0,0,0,0,0,0,0,0,0,0,0,0,0,0,0,0,0,0,0,0,0,0,0,0,0,0,0,0,0,0,0,0,0,
0,0,0,0,0,0,0,0,0,0,0,0,0,0,0,0,0,0,0,0,0,0,0,0,0,0,0,0,0,0,0,0,0,0,0,0,0,0,0,0,0,0,0,0,0,0,0,0,0,0,0,0,0,0,0,0,0,0,0,0,0,0,0,0,0,0,0,0,0,0,0,0,0,0,0,0,0,0,0,0,0,0,0,0,0,0,0,0,0,0,0,0,0,0,0,0,0,0,0,0,0,0,0,0,0,0,0,0,0,0,0,0,0,0,0,0,0,0,0,0,0,0,0,0,0,0,0,0,0,0,0,0,0,0,0,0,0,0,0,0,0,0,0,0,0,0,0,0,0,0,0,0,0,0,0,0,0,0,0,0,0,0,0,0,0,0,0,0,0,0,0,0,0,0,0,0,0,0,0,0,0,0,0,0,0,0,0,0,0,0,0,0,0,0,0,0,0,0,0,0,0,0,0,0,0,0,0,0,0,0,0,0,0,0,0,0,0,0,0,0,0,0,0,0,0,0,0,0,0,0,0,0,0,0,0,0,0,0,0,0,0,0,0,0,0,0,0,0,0,0,0,0,0,0,0,0,
0,0,0,0,0,0,0,0,0,0,0,0,0,0,0,0,0,0,0,0,0,0,0,0,0,0,0,0,0,0,0,0,0,0,0,0,0,0,0,0,0,0,0,0,0,0,0,0,0,0,0,0,0,0,0,0,0,0,0,0,0,0,0,0,0,0,0,0,0,0,0,0,0,0,0,0,0,0,0,0,0,0,0,0,0,0,0,0,0,0,0,0,0,0,0,0,0,0,0,0,0,0,0,0,0,0,0,0,0,0,0,0,0,0,0,0,0,0,0,0,0,0,0,0,0,0,0,0,0,0,0,0,0,0,0,0,0,0,0,0,0,0,0,0,0,0,0,0,0,0,0,0,0,0,0,0,0,0,0,0,0,0,0,0,0,0,0,0,0,0,0,0,0,0,0,0,0,0,0,0,0,0,0,0,0,0,0,0,0,0,0,0,0,0,0,0,0,0,0,0,0,0,0,0,0,0,0,0,0,0,0,0,0,0,0,0,0,0,0,0,0,0,0,0,0,0,0,0,0,0,0,0,0,0,0,0,0,0,0,0,0,0,0,0,0,0,0,0,0,0,0,0,0,0,0,0,
0,0,0,0,0,0,0,0,0,0,0,0,0,0,0,0,0,0,0,0,0,0,0,0,0,0,0,0,0,0,0,0,0,0,0,0,0,0,0,0,0,0,0,0,0,0,0,0,0,0,0,0,0,0,0,0,0,0,0,0,0,0,0,0,0,0,0,0,0,0,0,0,0,0,0,0,0,0,0,0,0,0,0,0,0,0,0,0,0,0,0,0,0,0,0,0,0,0,0,0,0,0,0,0,0,0,0,0,0,0,0,0,0,0,0,0,0,0,0,0,0,0,0,0,0,0,0,0,0,0,0,0,0,0,0,0,0,0,0,0,0,0,0,0,0,0,0,0,0,0,0,0,0,0,0,0,0,0,0,0,0,0,0,0,0,0,0,0,0,0,0,0,0,0,0,0,0,0,0,0,0,0,0,0,0,0,0,0,0,0,0,0,0,0,0,0,0,0,0,0,0,0,0,0,0,0,0,0,0,0,0,0,0,0,0,0,0,0,0,0,0,0,0,0,0,0,0,0,0,0,0,0,0,0,0,0,0,0,0,0,0,0,0,0,0,0,0,0,0,0,0,0,0,0,0,0,
0,0,0,0,0,0,0,0,0,0,0,0,0,0,0,0,0,0,0,0,0,0,0,0,0,0,0,0,0,0,0,0,0,0,0,0,0,0,0,0,0,0,0,0,0,0,0,0,0,0,0,0,0,0,0,0,0,0,0,0,0,0,0,0,0,0,0,0,0,0,0,0,0,0,0,0,0,0,0,0,0,0,0,0,0,0,0,0,0,0,0,0,0,0,0,0,0,0,0,0,0,0,0,0,0,0,0,0,0,0,0,0,0,0,0,0,0,0,0,0,0,0,0,0,0,0,0,0,0,0,0,0,0,0,0,0,0,0,0,0,0,0,0,0,0,0,0,0,0,0,0,0,0,0,0,0,0,0,0,0,0,0,0,0,0,0,0,0,0,0,0,0,0,0,0,0,0,0,0,0,0,0,0,0,0,0,0,0,0,0,0,0,0,0,0,0,0,0,0,0,0,0,0,0,0,0,0,0,0,0,0,0,0,0,0,0,0,0,0,0,0,0,0,0,0,0,0,0,0,0,0,0,0,0,0,0,0,0,0,0,0,0,0,0,0,0,0,0,0,0,0,0,0,0,0,0,
0,0,0,0,0,0,0,0,0,0,0,0,0,0,0,0,0,0,0,0,0,0,0,0,0,0,0,0,0,0,0,0,0,0,0,0,0,0,0,0,0,0,0,0,0,0,0,0,0,0,0,0,0,0,0,0,0,0,0,0,0,0,0,0,0,0,0,0,0,0,0,0,0,0,0,0,0,0,0,0,0,0,0,0,0,0,0,0,0,0,0,0,0,0,0,0,0,0,0,0,0,0,0,0,0,0,0,0,0,0,0,0,0,0,0,0,0,0,0,0,0,0,0,0,0,0,0,0,0,0,0,0,0,0,0,0,0,0,0,0,0,0,0,0,0,0,0,0,0,0,0,0,0,0,0,0,0,0,0,0,0,0,0,0,0,0,0,0,0,0,0,0,0,0,0,0,0,0,0,0,0,0,0,0,0,0,0,0,0,0,0,0,0,0,0,0,0,0,0,0,0,0,0,0,0,0,0,0,0,0,0,0,0,0,0,0,0,0,0,0,0,0,0,0,0,0,0,0,0,0,0,0,0,0,0,0,0,0,0,0,0,0,0,0,0,0,0,0,0,0,0,0,0,0,0,0,
0,0,0,0,0,0,0,0,0,0,0,0,0,0,0,0,0,0,0,0,0,0,0,0,0,0,0,0,0,0,0,0,0,0,0,0,0,0,0,0,0,0,0,0,0,0,0,0,0,0,0,0,0,0,0,0,0,0,0,0,0,0,0,0,0,0,0,0,0,0,0,0,0,0,0,0,0,0,0,0,0,0,0,0,0,0,0,0,0,0,0,0,0,0,0,0,0,0,0,0,0,0,0,0,0,0,0,0,0,0,0,0,0,0,0,0,0,0,0,0,0,0,0,0,0,0,0,0,0,0,0,0,0,0,0,0,0,0,0,0,0,0,0,0,0,0,0,0,0,0,0,0,0,0,0,0,0,0,0,0,0,0,0,0,0,0,0,0,0,0,0,0,0,0,0,0,0,0,0,0,0,0,0,0,0,0,0,0,0,0,0,0,0,0,0,0,0,0,0,0,0,0,0,0,0,0,0,0,0,0,0,0,0,0,0,0,0,0,0,0,0,0,0,0,0,0,0,0,0,0,0,0,0,0,0,0,0,0,0,0,0,0,0,0,0,0,0,0,0,0,0,0,0,0,0,0,
0,0,0,0,0,0,0,0,0,0,0,0,0,0,0,0,0,0,0,0,0,0,0,0,0,0,0,0,0,0,0,0,0,0,0,0,0,0,0,0,0,0,0,0,0,0,0,0,0,0,0,0,0,0,0,0,0,0,0,0,0,0,0,0,0,0,0,0,0,0,0,0,0,0,0,0,0,0,0,0,0,0,0,0,0,0,0,0,0,0,0,0,0,0,0,0,0,0,0,0,0,0,0,0,0,0,0,0,0,0,0,0,0,0,0,0,0,0,0,0,0,0,0,0,0,0,0,0,0,0,0,0,0,0,0,0,0,0,0,0,0,0,0,0,0,0,0,0,0,0,0,0,0,0,0,0,0,0,0,0,0,0,0,0,0,0,0,0,0,0,0,0,0,0,0,0,0,0,0,0,0,0,0,0,0,0,0,0,0,0,0,0,0,0,0,0,0,0,0,0,0,0,0,0,0,0,0,0,0,0,0,0,0,0,0,0,0,0,0,0,0,0,0,0,0,0,0,0,0,0,0,0,0,0,0,0,0,0,0,0,0,0,0,0,0,0,0,0,0,0,0,0,0,0,0,0,
0,0,0,0,0,0,0,0,0,0,0,0,0,0,0,0,0,0,0,0,0,0,0,0,0,0,0,0,0,0,0,0,0,0,0,0,0,0,0,0,0,0,0,0,0,0,0,0,0,0,0,0,0,0,0,0,0,0,0,0,0,0,0,0,0,0,0,0,0,0,0,0,0,0,0,0,0,0,0,0,0,0,0,0,0,0,0,0,0,0,0,0,0,0,0,0,0,0,0,0,0,0,0,0,0,0,0,0,0,0,0,0,0,0,0,0,0,0,0,0,0,0,0,0,0,0,0,0,0,0,0,0,0,0,0,0,0,0,0,0,0,0,0,0,0,0,0,0,0,0,0,0,0,0,0,0,0,0,0,0,0,0,0,0,0,0,0,0,0,0,0,0,0,0,0,0,0,0,0,0,0,0,0,0,0,0,0,0,0,0,0,0,0,0,0,0,0,0,0,0,0,0,0,0,0,0,0,0,0,0,0,0,0,0,0,0,0,0,0,0,0,0,0,0,0,0,0,0,0,0,0,0,0,0,0,0,0,0,0,0,0,0,0,0,0,0,0,0,0,0,0,0,0,0,0,0,
0,0,0,0,0,0,0,0,0,0,0,0,0,0,0,0,0,0,0,0,0,0,0,0,0,0,0,0,0,0,0,0,0,0,0,0,0,0,0,0,0,0,0,0,0,0,0,0,0,0,0,0,0,0,0,0,0,0,0,0,0,0,0,0,0,0,0,0,0,0,0,0,0,0,0,0,0,0,0,0,0,0,0,0,0,0,0,0,0,0,0,0,0,0,0,0,0,0,0,0,0,0,0,0,0,0,0,0,0,0,0,0,0,0,0,0,0,0,0,0,0,0,0,0,0,0,0,0,0,0,0,0,0,0,0,0,0,0,0,0,0,0,0,0,0,0,0,0,0,0,0,0,0,0,0,0,0,0,0,0,0,0,0,0,0,0,0,0,0,0,0,0,0,0,0,0,0,0,0,0,0,0,0,0,0,0,0,0,0,0,0,0,0,0,0,0,0,0,0,0,0,0,0,0,0,0,0,0,0,0,0,0,0,0,0,0,0,0,0,0,0,0,0,0,0,0,0,0,0,0,0,0,0,0,0,0,0,0,0,0,0,0,0,0,0,0,0,0,0,0,0,0,0,0,0,0,
0,0,0,0,0,0,0,0,0,0,0,0,0,0,0,0,0,0,0,0,0,0,0,0,0,0,0,0,0,0,0,0,0,0,0,0,0,0,0,0,0,0,0,0,0,0,0,0,0,0,0,0,0,0,0,0,0,0,0,0,0,0,0,0,0,0,0,0,0,0,0,0,0,0,0,0,0,0,0,0,0,0,0,0,0,0,0,0,0,0,0,0,0,0,0,0,0,0,0,0,0,0,0,0,0,0,0,0,0,0,0,0,0,0,0,0,0,0,0,0,0,0,0,0,0,0,0,0,0,0,0,0,0,0,0,0,0,0,0,0,0,0,0,0,0,0,0,0,0,0,0,0,0,0,0,0,0,0,0,0,0,0,0,0,0,0,0,0,0,0,0,0,0,0,0,0,0,0,0,0,0,0,0,0,0,0,0,0,0,0,0,0,0,0,0,0,0,0,0,0,0,0,0,0,0,0,0,0,0,0,0,0,0,0,0,0,0,0,0,0,0,0,0,0,0,0,0,0,0,0,0,0,0,0,0,0,0,0,0,0,0,0,0,0,0,0,0,0,0,0,0,0,0,0,0,0,
0,0,0,0,0,0,0,0,0,0,0,0,0,0,0,0,0,0,0,0,0,0,0,0,0,0,0,0,0,0,0,0,0,0,0,0,0,0,0,0,0,0,0,0,0,0,0,0,0,0,0,0,0,0,0,0,0,0,0,0,0,0,0,0,0,0,0,0,0,0,0,0,0,0,0,0,0,0,0,0,0,0,0,0,0,0,0,0,0,0,0,0,0,0,0,0,0,0,0,0,0,0,0,0,0,0,0,0,0,0,0,0,0,0,0,0,0,0,0,0,0,0,0,0,0,0,0,0,0,0,0,0,0,0,0,0,0,0,0,0,0,0,0,0,0,0,0,0,0,0,0,0,0,0,0,0,0,0,0,0,0,0,0,0,0,0,0,0,0,0,0,0,0,0,0,0,0,0,0,0,0,0,0,0,0,0,0,0,0,0,0,0,0,0,0,0,0,0,0,0,0,0,0,0,0,0,0,0,0,0,0,0,0,0,0,0,0,0,0,0,0,0,0,0,0,0,0,0,0,0,0,0,0,0,0,0,0,0,0,0,0,0,0,0,0,0,0,0,0,0,0,0,0,0,0,0,
0,0,0,0,0,0,0,0,0,0,0,0,0,0,0,0,0,0,0,0,0,0,0,0,0,0,0,0,0,0,0,0,0,0,0,0,0,0,0,0,0,0,0,0,0,0,0,0,0,0,0,0,0,0,0,0,0,0,0,0,0,0,0,0,0,0,0,0,0,0,0,0,0,0,0,0,0,0,0,0,0,0,0,0,0,0,0,0,0,0,0,0,0,0,0,0,0,0,0,0,0,0,0,0,0,0,0,0,0,0,0,0,0,0,0,0,0,0,0,0,0,0,0,0,0,0,0,0,0,0,0,0,0,0,0,0,0,0,0,0,0,0,0,0,0,0,0,0,0,0,0,0,0,0,0,0,0,0,0,0,0,0,0,0,0,0,0,0,0,0,0,0,0,0,0,0,0,0,0,0,0,0,0,0,0,0,0,0,0,0,0,0,0,0,0,0,0,0,0,0,0,0,0,0,0,0,0,0,0,0,0,0,0,0,0,0,0,0,0,0,0,0,0,0,0,0,0,0,0,0,0,0,0,0,0,0,0,0,0,0,0,0,0,0,0,0,0,0,0,0,0,0,0,0,0,0,
0,0,0,0,0,0,0,0,0,0,0,0,0,0,0,0,0,0,0,0,0,0,0,0,0,0,0,0,0,0,0,0,0,0,0,0,0,0,0,0,0,0,0,0,0,0,0,0,0,0,0,0,0,0,0,0,0,0,0,0,0,0,0,0,0,0,0,0,0,0,0,0,0,0,0,0,0,0,0,0,0,0,0,0,0,0,0,0,0,0,0,0,0,0,0,0,0,0,0,0,0,0,0,0,0,0,0,0,0,0,0,0,0,0,0,0,0,0,0,0,0,0,0,0,0,0,0,0,0,0,0,0,0,0,0,0,0,0,0,0,0,0,0,0,0,0,0,0,0,0,0,0,0,0,0,0,0,0,0,0,0,0,0,0,0,0,0,0,0,0,0,0,0,0,0,0,0,0,0,0,0,0,0,0,0,0,0,0,0,0,0,0,0,0,0,0,0,0,0,0,0,0,0,0,0,0,0,0,0,0,0,0,0,0,0,0,0,0,0,0,0,0,0,0,0,0,0,0,0,0,0,0,0,0,0,0,0,0,0,0,0,0,0,0,0,0,0,0,0,0,0,0,0,0,0,0,
0,0,0,0,0,0,0,0,0,0,0,0,0,0,0,0,0,0,0,0,0,0,0,0,0,0,0,0,0,0,0,0,0,0,0,0,0,0,0,0,0,0,0,0,0,0,0,0,0,0,0,0,0,0,0,0,0,0,0,0,0,0,0,0,0,0,0,0,0,0,0,0,0,0,0,0,0,0,0,0,0,0,0,0,0,0,0,0,0,0,0,0,0,0,0,0,0,0,0,0,0,0,0,0,0,0,0,0,0,0,0,0,0,0,0,0,0,0,0,0,0,0,0,0,0,0,0,0,0,0,0,0,0,0,0,0,0,0,0,0,0,0,0,0,0,0,0,0,0,0,0,0,0,0,0,0,0,0,0,0,0,0,0,0,0,0,0,0,0,0,0,0,0,0,0,0,0,0,0,0,0,0,0,0,0,0,0,0,0,0,0,0,0,0,0,0,0,0,0,0,0,0,0,0,0,0,0,0,0,0,0,0,0,0,0,0,0,0,0,0,0,0,0,0,0,0,0,0,0,0,0,0,0,0,0,0,0,0,0,0,0,0,0,0,0,0,0,0,0,0,0,0,0,0,0,0,
0,0,0,0,0,0,0,0,0,0,0,0,0,0,0,0,0,0,0,0,0,0,0,0,0,0,0,0,0,0,0,0,0,0,0,0,0,0,0,0,0,0,0,0,0,0,0,0,0,0,0,0,0,0,0,0,0,0,0,0,0,0,0,0,0,0,0,0,0,0,0,0,0,0,0,0,0,0,0,0,0,0,0,0,0,0,0,0,0,0,0,0,0,0,0,0,0,0,0,0,0,0,0,0,0,0,0,0,0,0,0,0,0,0,0,0,0,0,0,0,0,0,0,0,0,0,0,0,0,0,0,0,0,0,0,0,0,0,0,0,0,0,0,0,0,0,0,0,0,0,0,0,0,0,0,0,0,0,0,0,0,0,0,0,0,0,0,0,0,0,0,0,0,0,0,0,0,0,0,0,0,0,0,0,0,0,0,0,0,0,0,0,0,0,0,0,0,0,0,0,0,0,0,0,0,0,0,0,0,0,0,0,0,0,0,0,0,0,0,0,0,0,0,0,0,0,0,0,0,0,0,0,0,0,0,0,0,0,0,0,0,0,0,0,0,0,0,0,0,0,0,0,0,0,0,0,
0,0,0,0,0,0,0,0,0,0,0,0,0,0,0,0,0,0,0,0,0,0,0,0,0,0,0,0,0,0,0,0,0,0,0,0,0,0,0,0,0,0,0,0,0,0,0,0,0,0,0,0,0,0,0,0,0,0,0,0,0,0,0,0,0,0,0,0,0,0,0,0,0,0,0,0,0,0,0,0,0,0,0,0,0,0,0,0,0,0,0,0,0,0,0,0,0,0,0,0,0,0,0,0,0,0,0,0,0,0,0,0,0,0,0,0,0,0,0,0,0,0,0,0,0,0,0,0,0,0,0,0,0,0,0,0,0,0,0,0,0,0,0,0,0,0,0,0,0,0,0,0,0,0,0,0,0,0,0,0,0,0,0,0,0,0,0,0,0,0,0,0,0,0,0,0,0,0,0,0,0,0,0,0,0,0,0,0,0,0,0,0,0,0,0,0,0,0,0,0,0,0,0,0,0,0,0,0,0,0,0,0,0,0,0,0,0,0,0,0,0,0,0,0,0,0,0,0,0,0,0,0,0,0,0,0,0,0,0,0,0,0,0,0,0,0,0,0,0,0,0,0,0,0,0,0,
0,0,0,0,0,0,0,0,0,0,0,0,0,0,0,0,0,0,0,0,0,0,0,0,0,0,0,0,0,0,0,0,0,0,0,0,0,0,0,0,0,0,0,0,0,0,0,0,0,0,0,0,0,0,0,0,0,0,0,0,0,0,0,0,0,0,0,0,0,0,0,0,0,0,0,0,0,0,0,0,0,0,0,0,0,0,0,0,0,0,0,0,0,0,0,0,0,0,0,0,0,0,0,0,0,0,0,0,0,0,0,0,0,0,0,0,0,0,0,0,0,0,0,0,0,0,0,0,0,0,0,0,0,0,0,0,0,0,0,0,0,0,0,0,0,0,0,0,0,0,0,0,0,0,0,0,0,0,0,0,0,0,0,0,0,0,0,0,0,0,0,0,0,0,0,0,0,0,0,0,0,0,0,0,0,0,0,0,0,0,0,0,0,0,0,0,0,0,0,0,0,0,0,0,0,0,0,0,0,0,0,0,0,0,0,0,0,0,0,0,0,0,0,0,0,0,0,0,0,0,0,0,0,0,0,0,0,0,0,0,0,0,0,0,0,0,0,0,0,0,0,0,0,0,0,0,
0,0,0,0,0,0,0,0,0,0,0,0,0,0,0,0,0,0,0,0,0,0,0,0,0,0,0,0,0,0,0,0,0,0,0,0,0,0,0,0,0,0,0,0,0,0,0,0,0,0,0,0,0,0,0,0,0,0,0,0,0,0,0,0,0,0,0,0,0,0,0,0,0,0,0,0,0,0,0,0,0,0,0,0,0,0,0,0,0,0,0,0,0,0,0,0,0,0,0,0,0,0,0,0,0,0,0,0,0,0,0,0,0,0,0,0,0,0,0,0,0,0,0,0,0,0,0,0,0,0,0,0,0,0,0,0,0,0,0,0,0,0,0,0,0,0,0,0,0,0,0,0,0,0,0,0,0,0,0,0,0,0,0,0,0,0,0,0,0,0,0,0,0,0,0,0,0,0,0,0,0,0,0,0,0,0,0,0,0,0,0,0,0,0,0,0,0,0,0,0,0,0,0,0,0,0,0,0,0,0,0,0,0,0,0,0,0,0,0,0,0,0,0,0,0,0,0,0,0,0,0,0,0,0,0,0,0,0,0,0,0,0,0,0,0,0,0,0,0,0,0,0,0,0,0,0,
0,0,0,0,0,0,0,0,0,0,0,0,0,0,0,0,0,0,0,0,0,0,0,0,0,0,0,0,0,0,0,0,0,0,0,0,0,0,0,0,0,0,0,0,0,0,0,0,0,0,0,0,0,0,0,0,0,0,0,0,0,0,0,0,0,0,0,0,0,0,0,0,0,0,0,0,0,0,0,0,0,0,0,0,0,0,0,0,0,0,0,0,0,0,0,0,0,0,0,0,0,0,0,0,0,0,0,0,0,0,0,0,0,0,0,0,0,0,0,0,0,0,0,0,0,0,0,0,0,0,0,0,0,0,0,0,0,0,0,0,0,0,0,0,0,0,0,0,0,0,0,0,0,0,0,0,0,0,0,0,0,0,0,0,0,0,0,0,0,0,0,0,0,0,0,0,0,0,0,0,0,0,0,0,0,0,0,0,0,0,0,0,0,0,0,0,0,0,0,0,0,0,0,0,0,0,0,0,0,0,0,0,0,0,0,0,0,0,0,0,0,0,0,0,0,0,0,0,0,0,0,0,0,0,0,0,0,0,0,0,0,0,0,0,0,0,0,0,0,0,0,0,0,0,0,0,
0,0,0,0,0,0,0,0,0,0,0,0,0,0,0,0,0,0,0,0,0,0,0,0,0,0,0,0,0,0,0,0,0,0,0,0,0,0,0,0,0,0,0,0,0,0,0,0,0,0,0,0,0,0,0,0,0,0,0,0,0,0,0,0,0,0,0,0,0,0,0,0,0,0,0,0,0,0,0,0,0,0,0,0,0,0,0,0,0,0,0,0,0,0,0,0,0,0,0,0,0,0,0,0,0,0,0,0,0,0,0,0,0,0,0,0,0,0,0,0,0,0,0,0,0,0,0,0,0,0,0,0,0,0,0,0,0,0,0,0,0,0,0,0,0,0,0,0,0,0,0,0,0,0,0,0,0,0,0,0,0,0,0,0,0,0,0,0,0,0,0,0,0,0,0,0,0,0,0,0,0,0,0,0,0,0,0,0,0,0,0,0,0,0,0,0,0,0,0,0,0,0,0,0,0,0,0,0,0,0,0,0,0,0,0,0,0,0,0,0,0,0,0,0,0,0,0,0,0,0,0,0,0,0,0,0,0,0,0,0,0,0,0,0,0,0,0,0,0,0,0,0,0,0,0,0,
0,0,0,0,0,0,0,0,0,0,0,0,0,0,0,0,0,0,0,0,0,0,0,0,0,0,0,0,0,0,0,0,0,0,0,0,0,0,0,0,0,0,0,0,0,0,0,0,0,0,0,0,0,0,0,0,0,0,0,0,0,0,0,0,0,0,0,0,0,0,0,0,0,0,0,0,0,0,0,0,0,0,0,0,0,0,0,0,0,0,0,0,0,0,0,0,0,0,0,0,0,0,0,0,0,0,0,0,0,0,0,0,0,0,0,0,0,0,0,0,0,0,0,0,0,0,0,0,0,0,0,0,0,0,0,0,0,0,0,0,0,0,0,0,0,0,0,0,0,0,0,0,0,0,0,0,0,0,0,0,0,0,0,0,0,0,0,0,0,0,0,0,0,0,0,0,0,0,0,0,0,0,0,0,0,0,0,0,0,0,0,0,0,0,0,0,0,0,0,0,0,0,0,0,0,0,0,0,0,0,0,0,0,0,0,0,0,0,0,0,0,0,0,0,0,0,0,0,0,0,0,0,0,0,0,0,0,0,0,0,0,0,0,0,0,0,0,0,0,0,0,0,0,0,0,0,
0,0,0,0,0,0,0,0,0,0,0,0,0,0,0,0,0,0,0,0,0,0,0,0,0,0,0,0,0,0,0,0,0,0,0,0,0,0,0,0,0,0,0,0,0,0,0,0,0,0,0,0,0,0,0,0,0,0,0,0,0,0,0,0,0,0,0,0,0,0,0,0,0,0,0,0,0,0,0,0,0,0,0,0,0,0,0,0,0,0,0,0,0,0,0,0,0,0,0,0,0,0,0,0,0,0,0,0,0,0,0,0,0,0,0,0,0,0,0,0,0,0,0,0,0,0,0,0,0,0,0,0,0,0,0,0,0,0,0,0,0,0,0,0,0,0,0,0,0,0,0,0,0,0,0,0,0,0,0,0,0,0,0,0,0,0,0,0,0,0,0,0,0,0,0,0,0,0,0,0,0,0,0,0,0,0,0,0,0,0,0,0,0,0,0,0,0,0,0,0,0,0,0,0,0,0,0,0,0,0,0,0,0,0,0,0,0,0,0,0,0,0,0,0,0,0,0,0,0,0,0,0,0,0,0,0,0,0,0,0,0,0,0,0,0,0,0,0,0,0,0,0,0,0,0,0,
0,0,0,0,0,0,0,0,0,0,0,0,0,0,0,0,0,0,0,0,0,0,0,0,0,0,0,0,0,0,0,0,0,0,0,0,0,0,0,0,0,0,0,0,0,0,0,0,0,0,0,0,0,0,0,0,0,0,0,0,0,0,0,0,0,0,0,0,0,0,0,0,0,0,0,0,0,0,0,0,0,0,0,0,0,0,0,0,0,0,0,0,0,0,0,0,0,0,0,0,0,0,0,0,0,0,0,0,0,0,0,0,0,0,0,0,0,0,0,0,0,0,0,0,0,0,0,0,0,0,0,0,0,0,0,0,0,0,0,0,0,0,0,0,0,0,0,0,0,0,0,0,0,0,0,0,0,0,0,0,0,0,0,0,0,0,0,0,0,0,0,0,0,0,0,0,0,0,0,0,0,0,0,0,0,0,0,0,0,0,0,0,0,0,0,0,0,0,0,0,0,0,0,0,0,0,0,0,0,0,0,0,0,0,0,0,0,0,0,0,0,0,0,0,0,0,0,0,0,0,0,0,0,0,0,0,0,0,0,0,0,0,0,0,0,0,0,0,0,0,0,0,0,0,0,0,
0,0,0,0,0,0,0,0,0,0,0,0,0,0,0,0,0,0,0,0,0,0,0,0,0,0,0,0,0,0,0,0,0,0,0,0,0,0,0,0,0,0,0,0,0,0,0,0,0,0,0,0,0,0,0,0,0,0,0,0,0,0,0,0,0,0,0,0,0,0,0,0,0,0,0,0,0,0,0,0,0,0,0,0,0,0,0,0,0,0,0,0,0,0,0,0,0,0,0,0,0,0,0,0,0,0,0,0,0,0,0,0,0,0,0,0,0,0,0,0,0,0,0,0,0,0,0,0,0,0,0,0,0,0,0,0,0,0,0,0,0,0,0,0,0,0,0,0,0,0,0,0,0,0,0,0,0,0,0,0,0,0,0,0,0,0,0,0,0,0,0,0,0,0,0,0,0,0,0,0,0,0,0,0,0,0,0,0,0,0,0,0,0,0,0,0,0,0,0,0,0,0,0,0,0,0,0,0,0,0,0,0,0,0,0,0,0,0,0,0,0,0,0,0,0,0,0,0,0,0,0,0,0,0,0,0,0,0,0,0,0,0,0,0,0,0,0,0,0,0,0,0,0,0,0,0,
0,0,0,0,0,0,0,0,0,0,0,0,0,0,0,0,0,0,0,0,0,0,0,0,0,0,0,0,0,0,0,0,0,0,0,0,0,0,0,0,0,0,0,0,0,0,0,0,0,0,0,0,0,0,0,0,0,0,0,0,0,0,0,0,0,0,0,0,0,0,0,0,0,0,0,0,0,0,0,0,0,0,0,0,0,0,0,0,0,0,0,0,0,0,0,0,0,0,0,0,0,0,0,0,0,0,0,0,0,0,0,0,0,0,0,0,0,0,0,0,0,0,0,0,0,0,0,0,0,0,0,0,0,0,0,0,0,0,0,0,0,0,0,0,0,0,0,0,0,0,0,0,0,0,0,0,0,0,0,0,0,0,0,0,0,0,0,0,0,0,0,0,0,0,0,0,0,0,0,0,0,0,0,0,0,0,0,0,0,0,0,0,0,0,0,0,0,0,0,0,0,0,0,0,0,0,0,0,0,0,0,0,0,0,0,0,0,0,0,0,0,0,0,0,0,0,0,0,0,0,0,0,0,0,0,0,0,0,0,0,0,0,0,0,0,0,0,0,0,0,0,0,0,0,0,0,
0,0,0,0,0,0,0,0,0,0,0,0,0,0,0,0,0,0,0,0,0,0,0,0,0,0,0,0,0,0,0,0,0,0,0,0,0,0,0,0,0,0,0,0,0,0,0,0,0,0,0,0,0,0,0,0,0,0,0,0,0,0,0,0,0,0,0,0,0,0,0,0,0,0,0,0,0,0,0,0,0,0,0,0,0,0,0,0,0,0,0,0,0,0,0,0,0,0,0,0,0,0,0,0,0,0,0,0,0,0,0,0,0,0,0,0,0,0,0,0,0,0,0,0,0,0,0,0,0,0,0,0,0,0,0,0,0,0,0,0,0,0,0,0,0,0,0,0,0,0,0,0,0,0,0,0,0,0,0,0,0,0,0,0,0,0,0,0,0,0,0,0,0,0,0,0,0,0,0,0,0,0,0,0,0,0,0,0,0,0,0,0,0,0,0,0,0,0,0,0,0,0,0,0,0,0,0,0,0,0,0,0,0,0,0,0,0,0,0,0,0,0,0,0,0,0,0,0,0,0,0,0,0,0,0,0,0,0,0,0,0,0,0,0,0,0,0,0,0,0,0,0,0,0,0,0,
0,0,0,0,0,0,0,0,0,0,0,0,0,0,0,0,0,0,0,0,0,0,0,0,0,0,0,0,0,0,0,0,0,0,0,0,0,0,0,0,0,0,0,0,0,0,0,0,0,0,0,0,0,0,0,0,0,0,0,0,0,0,0,0,0,0,0,0,0,0,0,0,0,0,0,0,0,0,0,0,0,0,0,0,0,0,0,0,0,0,0,0,0,0,0,0,0,0,0,0,0,0,0,0,0,0,0,0,0,0,0,0,0,0,0,0,0,0,0,0,0,0,0,0,0,0,0,0,0,0,0,0,0,0,0,0,0,0,0,0,0,0,0,0,0,0,0,0,0,0,0,0,0,0,0,0,0,0,0,0,0,0,0,0,0,0,0,0,0,0,0,0,0,0,0,0,0,0,0,0,0,0,0,0,0,0,0,0,0,0,0,0,0,0,0,0,0,0,0,0,0,0,0,0,0,0,0,0,0,0,0,0,0,0,0,0,0,0,0,0,0,0,0,0,0,0,0,0,0,0,0,0,0,0,0,0,0,0,0,0,0,0,0,0,0,0,0,0,0,0,0,0,0,0,0,0,
0,0,0,0,0,0,0,0,0,0,0,0,0,0,0,0,0,0,0,0,0,0,0,0,0,0,0,0,0,0,0,0,0,0,0,0,0,0,0,0,0,0,0,0,0,0,0,0,0,0,0,0,0,0,0,0,0,0,0,0,0,0,0,0,0,0,0,0,0,0,0,0,0,0,0,0,0,0,0,0,0,0,0,0,0,0,0,0,0,0,0,0,0,0,0,0,0,0,0,0,0,0,0,0,0,0,0,0,0,0,0,0,0,0,0,0,0,0,0,0,0,0,0,0,0,0,0,0,0,0,0,0,0,0,0,0,0,0,0,0,0,0,0,0,0,0,0,0,0,0,0,0,0,0,0,0,0,0,0,0,0,0,0,0,0,0,0,0,0,0,0,0,0,0,0,0,0,0,0,0,0,0,0,0,0,0,0,0,0,0,0,0,0,0,0,0,0,0,0,0,0,0,0,0,0,0,0,0,0,0,0,0,0,0,0,0,0,0,0,0,0,0,0,0,0,0,0,0,0,0,0,0,0,0,0,0,0,0,0,0,0,0,0,0,0,0,0,0,0,0,0,0,0,0,0,0,
0,0,0,0,0,0,0,0,0,0,0,0,0,0,0,0,0,0,0,0,0,0,0,0,0,0,0,0,0,0,0,0,0,0,0,0,0,0,0,0,0,0,0,0,0,0,0,0,0,0,0,0,0,0,0,0,0,0,0,0,0,0,0,0,0,0,0,0,0,0,0,0,0,0,0,0,0,0,0,0,0,0,0,0,0,0,0,0,0,0,0,0,0,0,0,0,0,0,0,0,0,0,0,0,0,0,0,0,0,0,0,0,0,0,0,0,0,0,0,0,0,0,0,0,0,0,0,0,0,0,0,0,0,0,0,0,0,0,0,0,0,0,0,0,0,0,0,0,0,0,0,0,0,0,0,0,0,0,0,0,0,0,0,0,0,0,0,0,0,0,0,0,0,0,0,0,0,0,0,0,0,0,0,0,0,0,0,0,0,0,0,0,0,0,0,0,0,0,0,0,0,0,0,0,0,0,0,0,0,0,0,0,0,0,0,0,0,0,0,0,0,0,0,0,0,0,0,0,0,0,0,0,0,0,0,0,0,0,0,0,0,0,0,0,0,0,0,0,0,0,0,0,0,0,0,0,
0,0,0,0,0,0,0,0,0,0,0,0,0,0,0,0,0,0,0,0,0,0,0,0,0,0,0,0,0,0,0,0,0,0,0,0,0,0,0,0,0,0,0,0,0,0,0,0,0,0,0,0,0,0,0,0,0,0,0,0,0,0,0,0,0,0,0,0,0,0,0,0,0,0,0,0,0,0,0,0,0,0,0,0,0,0,0,0,0,0,0,0,0,0,0,0,0,0,0,0,0,0,0,0,0,0,0,0,0,0,0,0,0,0,0,0,0,0,0,0,0,0,0,0,0,0,0,0,0,0,0,0,0,0,0,0,0,0,0,0,0,0,0,0,0,0,0,0,0,0,0,0,0,0,0,0,0,0,0,0,0,0,0,0,0,0,0,0,0,0,0,0,0,0,0,0,0,0,0,0,0,0,0,0,0,0,0,0,0,0,0,0,0,6,0,0,0,0,0,0,0,0,0,0,0,0,0,0,0,0,0,0,0,0,0,0,0,0,0,0,0,0,0,0,0,0,0,0,0,0,0,0,0,0,0,0,0,0,0,0,0,0,0,0,0,0,0,0,0,0,0,0,0,0,0,0,
0,0,0,0,0,0,0,0,0,0,0,0,0,0,0,0,0,0,0,0,0,0,0,0,0,0,0,0,0,0,0,0,0,0,0,0,0,0,0,0,0,0,0,0,0,0,0,0,0,0,0,0,0,0,0,0,0,0,0,0,0,0,0,0,0,0,0,0,0,0,0,0,0,0,0,0,0,0,0,0,0,0,0,0,0,0,0,0,0,0,0,0,0,0,0,0,0,0,0,0,0,0,0,0,0,0,0,0,0,0,0,0,0,0,0,0,0,0,0,0,0,0,0,0,0,0,0,0,0,0,0,0,0,0,0,0,0,0,0,0,0,0,0,0,0,0,0,0,0,0,0,0,0,0,0,0,0,0,0,0,0,0,0,0,0,0,0,0,0,0,0,0,0,0,0,0,0,0,0,0,0,0,0,0,0,0,0,0,0,0,0,0,0,10,0,0,0,0,0,0,0,0,0,0,0,0,0,0,0,0,0,0,0,0,0,0,0,0,0,0,0,0,0,0,0,0,0,0,0,0,0,0,0,0,0,0,0,0,0,0,0,0,0,0,0,0,0,0,0,0,0,0,0,0,0,0,
0,0,0,0,0,0,0,0,0,0,0,0,0,0,0,0,0,0,0,0,0,0,0,0,0,0,0,0,0,0,0,0,0,0,0,0,0,0,0,0,0,0,0,0,0,0,0,0,0,0,0,0,0,0,0,0,0,0,0,0,0,0,0,0,0,0,0,0,0,0,0,0,0,0,0,0,0,0,0,0,0,0,0,0,0,0,0,0,0,0,0,0,0,0,0,0,0,0,0,0,0,0,0,0,0,0,0,0,0,0,0,0,0,0,0,0,0,0,0,0,0,0,0,0,0,0,0,0,0,0,0,0,0,0,0,0,0,0,0,0,0,0,0,0,0,0,0,0,0,0,0,0,0,0,0,0,0,0,0,0,0,0,0,0,0,0,0,0,0,0,0,0,0,0,0,0,0,0,0,0,0,0,0,0,0,0,0,0,0,0,0,0,0,10,11,0,0,0,0,0,0,0,0,0,0,0,0,0,0,0,0,0,0,0,0,0,18,0,0,0,0,0,0,0,0,0,0,0,0,0,0,0,0,0,0,0,0,0,0,0,0,0,0,0,0,0,0,0,0,0,0,0,0,0,0,0,
0,0,0,0,0,0,0,0,0,0,0,0,0,0,0,0,0,0,0,7,0,5,0,0,0,0,0,0,0,0,0,0,0,0,0,0,0,0,0,0,0,0,0,0,0,0,0,0,0,0,0,0,0,0,0,0,0,0,0,0,0,0,0,0,0,0,0,0,0,0,0,0,0,0,0,0,0,0,0,0,0,0,0,0,0,0,0,0,0,0,0,0,0,0,0,0,0,0,0,0,0,0,0,0,0,0,0,0,0,0,0,0,0,0,0,0,0,0,0,0,0,0,0,0,0,0,0,0,0,0,0,0,0,0,0,0,0,0,0,0,0,0,0,0,0,0,0,0,0,0,0,0,0,0,0,0,0,0,0,0,0,0,0,0,0,0,0,0,0,0,0,0,0,0,0,0,0,0,0,0,0,0,0,0,0,0,0,0,0,0,0,0,0,11,9,11,0,0,0,10,0,0,0,0,0,0,0,0,0,0,0,0,0,0,0,0,20,0,0,0,0,0,0,0,0,0,0,0,0,0,0,0,0,0,0,0,0,0,0,0,0,0,0,0,0,0,0,0,0,0,0,0,0,0,0,0,
0,0,0,0,0,0,0,0,0,0,0,0,0,0,0,0,0,0,0,7,4,0,0,0,0,0,0,0,0,0,0,0,0,0,0,0,0,0,0,0,0,0,0,0,0,0,0,0,0,0,0,0,0,0,0,0,0,0,0,0,0,0,0,0,0,0,0,0,0,0,0,0,0,0,0,0,0,0,0,0,0,0,0,0,0,0,0,0,0,0,0,0,0,0,0,0,0,0,0,0,0,0,0,0,0,0,0,0,0,0,0,0,0,0,0,0,0,0,0,0,0,0,0,0,0,0,0,0,0,0,0,0,0,0,0,0,0,0,0,0,0,0,0,0,0,0,0,0,0,0,0,0,0,0,0,0,0,0,0,0,0,9,0,0,0,0,0,0,0,0,0,0,0,0,0,0,0,0,0,0,0,0,0,0,0,0,0,0,0,0,0,0,0,0,10,9,10,0,0,10,0,0,0,0,0,0,0,0,0,0,0,0,0,0,0,0,0,0,0,0,0,0,0,0,0,0,0,20,0,20,0,21,0,0,21,0,0,0,0,0,0,0,0,0,0,0,0,0,0,0,0,0,0,0,0,0,
0,21,0,0,0,0,0,0,0,0,0,0,0,0,0,0,0,0,0,8,6,6,0,0,0,0,0,0,0,0,0,0,0,0,0,0,0,0,0,0,0,0,0,0,0,0,0,0,0,0,0,0,0,0,0,0,0,0,0,0,0,0,0,0,0,0,0,0,0,0,0,0,0,0,0,0,0,0,0,0,0,0,0,0,0,0,0,0,0,0,0,0,0,0,0,0,0,0,0,0,0,0,0,0,9,0,0,0,0,0,0,0,0,0,0,0,0,0,0,0,0,0,0,0,0,0,0,0,0,0,0,0,0,0,0,0,0,0,0,0,0,0,0,0,0,0,0,0,0,0,0,0,0,0,0,0,0,0,0,0,0,0,10,0,0,0,0,0,0,0,0,0,0,0,0,0,0,0,0,0,0,0,0,0,0,0,0,0,0,0,0,0,0,0,0,12,8,11,0,0,0,0,0,0,0,0,0,0,0,0,0,0,0,0,0,0,0,15,14,0,0,0,0,0,0,0,0,20,19,0,21,0,0,0,20,0,20,22,0,0,0,0,0,0,0,0,0,0,0,0,0,0,0,0,0,0,
0,0,21,0,0,0,0,0,0,0,0,0,0,0,0,0,0,0,0,0,0,6,0,0,0,0,0,0,12,0,0,0,0,0,0,12,0,0,0,0,0,0,0,0,0,0,0,0,0,0,0,0,0,0,0,15,0,0,0,0,0,0,0,0,0,0,0,0,0,0,0,0,0,0,0,0,0,0,0,0,0,0,0,0,0,0,0,0,0,0,0,0,0,0,0,0,0,0,0,0,0,0,0,0,8,0,9,0,0,0,0,0,0,0,0,0,0,0,0,0,0,0,0,0,0,0,0,0,0,0,0,0,0,0,0,0,0,0,0,0,0,0,0,0,0,0,0,0,0,0,0,0,0,0,0,0,0,0,11,0,0,0,11,0,0,0,0,0,0,0,0,0,0,0,0,0,0,0,0,0,0,0,11,0,0,0,0,0,0,9,0,0,0,0,0,7,9,8,0,0,0,0,0,0,0,0,0,0,0,0,0,0,0,0,0,15,17,0,15,0,0,18,0,0,0,0,0,0,21,0,0,0,0,22,0,0,21,23,0,0,0,0,0,0,0,0,0,0,0,0,0,0,0,0,0,0,
0,0,21,22,0,0,0,0,0,0,0,0,0,0,0,0,0,0,0,0,0,0,0,0,0,0,0,0,11,13,0,0,0,0,0,0,13,0,0,0,0,0,0,0,0,0,0,0,0,0,0,18,0,0,21,16,0,0,0,0,0,5,0,0,0,0,0,0,0,0,0,0,0,0,0,0,0,0,0,0,0,0,0,0,0,0,0,0,0,0,0,17,0,0,0,0,0,0,0,0,0,0,0,0,0,0,9,0,0,0,0,0,0,0,0,0,0,11,0,0,0,13,0,0,0,0,0,0,0,0,0,0,0,0,0,0,0,0,0,0,0,0,0,0,0,0,0,0,0,0,0,0,0,0,0,0,0,0,0,0,0,0,0,0,0,0,0,0,0,0,0,0,0,0,0,13,0,0,0,0,0,12,11,0,0,0,0,0,0,0,0,0,0,6,8,8,0,0,0,0,0,0,0,0,0,0,0,0,0,0,0,0,0,0,0,15,17,17,17,0,0,0,0,0,0,0,0,0,0,0,0,0,0,0,0,21,22,21,21,0,0,0,0,0,0,0,0,0,0,0,0,0,0,0,0,0,
0,0,0,0,0,0,0,0,0,0,0,0,0,0,0,0,0,0,0,0,0,0,0,0,0,0,0,0,0,13,0,0,0,18,0,10,0,0,0,0,0,0,0,0,0,0,0,0,19,0,0,0,0,0,22,12,0,0,0,0,14,6,6,7,0,0,0,0,10,0,0,0,0,0,0,17,0,0,0,0,0,0,0,0,0,0,0,0,0,0,0,0,17,17,0,0,0,0,0,0,0,0,0,0,0,0,0,0,0,10,0,0,0,0,0,0,0,0,0,0,0,15,14,14,0,0,0,0,0,0,0,0,0,0,0,0,0,0,0,0,0,0,0,0,0,0,0,0,0,0,0,0,0,0,0,0,0,0,10,0,0,0,13,0,0,0,0,0,0,0,0,0,17,0,0,0,13,13,7,0,0,15,12,0,0,0,10,0,0,0,0,13,15,0,7,0,7,8,0,0,0,0,0,0,0,0,0,0,0,0,12,0,0,0,0,0,16,0,0,0,0,0,0,0,0,0,0,0,0,0,0,0,0,23,0,0,0,21,22,22,0,0,0,0,0,0,0,0,0,0,0,0,0,0,0,0,
0,0,12,0,15,0,0,0,0,0,0,0,0,0,0,0,0,0,0,0,0,0,16,0,0,0,0,15,15,0,0,0,0,23,20,0,0,0,0,24,0,0,0,0,17,22,17,0,19,20,19,0,0,17,23,0,0,13,0,0,0,14,0,0,0,0,0,0,0,0,0,11,22,0,0,18,0,0,19,23,24,0,0,0,0,0,0,0,0,0,0,13,0,0,18,0,0,0,0,0,0,0,0,0,0,14,0,0,0,0,0,0,8,11,11,0,0,11,0,0,0,0,0,15,15,0,0,0,0,0,0,0,0,0,0,0,0,0,0,0,0,0,0,0,0,0,0,0,0,0,0,0,0,0,0,0,0,0,0,11,12,0,14,0,0,0,0,0,0,0,13,0,16,0,14,16,0,0,9,0,17,0,0,0,0,0,9,0,0,0,0,10,0,16,19,17,12,20,8,0,12,0,0,0,0,0,0,0,0,0,0,0,0,0,0,0,0,0,0,0,0,0,0,0,0,0,0,0,26,0,22,0,0,0,0,0,0,22,22,0,0,0,0,0,0,0,0,0,0,0,0,0,0,0,0,0,
0,18,13,0,0,14,16,0,0,0,0,14,0,0,0,0,0,0,0,0,0,16,16,13,12,20,0,0,14,0,0,0,0,22,23,0,21,20,24,0,0,0,0,19,17,17,23,18,18,18,20,0,19,18,0,23,13,17,0,0,0,0,0,0,0,0,0,14,0,0,0,12,12,0,18,0,0,21,20,22,26,0,0,0,0,0,0,0,0,0,0,0,15,0,0,0,0,0,0,0,0,0,0,14,11,14,0,0,0,0,0,0,11,12,12,12,0,12,0,0,0,0,0,0,0,0,0,0,0,0,0,0,0,0,0,0,0,0,0,19,0,0,0,0,0,0,0,0,0,0,0,0,0,0,0,0,0,12,0,14,13,12,0,0,0,0,0,0,0,0,15,13,17,0,0,0,0,0,0,0,0,12,0,13,0,0,16,10,18,0,19,13,0,16,16,17,16,18,21,14,13,16,0,0,0,20,10,0,0,14,12,14,0,0,11,14,0,25,26,13,0,0,15,0,0,0,0,0,0,25,0,0,0,0,0,0,0,0,0,0,0,0,0,0,0,0,0,0,0,0,0,0,0,0,0,0,
0,19,6,0,14,14,20,7,8,5,15,21,14,0,0,0,0,0,0,16,0,0,12,14,12,23,21,14,0,0,0,0,25,0,17,21,21,25,25,26,0,0,23,0,20,20,24,22,0,19,19,20,0,0,0,0,0,14,17,0,0,0,0,0,0,0,0,0,15,14,0,14,0,14,0,15,21,0,21,23,22,0,13,19,2,0,0,0,0,0,0,0,0,0,16,0,20,0,15,0,0,0,0,0,0,12,0,0,0,0,0,11,8,0,10,13,24,0,17,0,0,0,0,16,0,0,0,0,0,0,0,0,16,0,0,0,0,13,19,20,0,0,0,0,0,17,19,20,0,0,0,0,14,14,0,0,0,17,16,0,14,13,0,0,0,0,0,0,0,0,18,16,0,17,17,16,0,0,0,0,0,0,17,13,14,14,12,17,13,14,15,14,17,16,17,15,15,13,22,0,14,0,18,18,18,21,17,14,16,16,13,15,15,15,10,12,0,27,27,0,0,15,16,12,0,0,0,0,16,0,0,0,0,0,0,0,0,0,0,0,0,0,0,0,0,0,0,0,0,0,0,0,0,0,0,0,
20,8,7,17,17,8,20,3,9,5,10,22,14,16,0,0,0,0,0,0,0,17,13,13,22,22,23,22,11,26,0,27,25,0,20,18,23,26,26,18,0,0,24,24,16,20,0,20,0,21,23,20,0,17,0,0,18,21,11,0,0,15,0,13,16,0,0,0,19,18,14,15,0,23,25,17,17,22,13,17,0,22,3,3,3,0,0,0,0,24,0,0,16,0,16,14,0,16,15,16,0,19,0,0,0,0,0,0,0,0,12,13,12,24,11,13,13,0,18,17,0,0,0,0,0,0,0,0,0,0,0,17,17,0,0,0,13,13,13,13,14,0,0,0,0,0,0,22,21,23,24,18,0,15,15,13,0,16,16,16,18,15,0,18,0,0,13,13,0,0,11,19,18,15,18,13,17,0,0,0,0,15,17,16,14,15,11,17,19,15,18,17,18,19,17,14,16,16,21,15,20,0,16,16,18,11,15,17,16,16,15,14,11,16,13,11,17,26,28,0,0,0,17,13,18,20,0,0,17,20,0,18,0,0,17,0,0,0,0,19,0,0,0,0,0,0,0,0,0,0,0,0,0,0,0,0,
8,21,21,8,10,10,9,10,20,11,19,11,19,17,0,0,0,0,18,0,0,18,0,21,24,24,24,15,11,14,20,0,0,28,21,22,22,28,27,28,18,0,23,24,16,17,17,23,16,20,22,22,15,20,17,18,19,17,11,18,0,0,0,0,15,17,0,19,10,20,16,16,16,25,26,17,15,18,17,17,20,0,14,4,4,0,13,0,25,25,0,0,14,0,19,16,15,16,17,21,18,0,21,0,0,0,14,0,0,0,0,12,0,0,12,26,23,0,23,17,0,0,0,0,0,0,17,17,0,20,10,0,0,16,0,0,0,12,15,13,12,12,0,15,0,0,22,22,20,0,17,18,17,0,16,14,17,17,17,16,18,17,15,18,20,14,12,17,0,8,12,19,19,19,19,12,14,16,0,16,17,20,18,17,15,14,21,15,15,20,19,20,18,18,14,15,12,21,17,22,21,21,27,19,18,20,19,19,18,13,13,13,0,12,14,14,26,18,14,0,0,0,15,20,19,19,18,19,21,25,20,0,0,21,0,0,0,0,0,0,0,0,0,0,0,0,0,0,0,0,0,0,0,0,0,0,
15,9,22,23,21,12,0,11,9,9,0,19,20,17,20,20,0,0,20,20,16,19,0,21,21,10,11,24,14,15,29,22,27,20,17,17,17,23,28,20,21,22,19,25,16,16,0,15,20,22,23,23,19,16,18,19,17,19,18,18,0,0,0,0,0,14,28,0,17,20,22,18,17,18,26,19,22,16,22,18,16,16,18,5,5,18,0,0,0,26,26,0,15,18,20,10,22,23,19,22,11,19,23,21,14,0,15,20,0,0,0,0,0,14,13,19,22,23,23,0,26,17,0,0,0,18,16,17,0,20,19,14,15,14,0,17,13,17,25,16,13,13,18,13,16,21,14,24,21,19,0,12,18,13,18,17,16,17,18,17,16,17,20,19,13,14,15,13,10,16,8,20,19,12,12,14,15,14,16,17,18,16,15,17,16,20,21,14,11,17,20,19,20,23,17,16,16,22,15,19,18,20,27,20,19,17,19,19,17,16,18,17,0,0,15,15,18,26,18,24,26,23,15,23,20,22,22,21,22,24,20,23,25,18,14,20,17,0,0,0,22,15,0,22,0,0,0,0,0,0,0,0,0,0,0,0,
15,22,19,22,10,21,21,10,10,23,12,20,19,10,21,18,21,20,21,15,14,15,18,22,19,15,21,21,13,23,29,28,28,19,20,19,17,16,23,21,21,0,0,17,16,27,24,18,16,21,23,24,16,19,19,11,19,18,23,19,15,0,0,0,12,0,15,13,17,16,22,23,17,19,20,24,23,22,21,23,18,20,15,24,16,18,15,0,0,24,27,0,0,0,19,22,22,9,20,20,12,20,22,23,23,14,15,19,15,0,0,0,0,12,24,18,19,22,23,22,19,18,27,16,19,19,17,0,18,18,19,18,15,20,15,18,17,14,16,21,18,14,20,15,14,14,16,16,24,22,19,18,12,19,15,18,18,14,18,15,0,14,18,21,21,14,22,17,10,17,11,16,18,13,24,22,16,17,14,17,16,28,16,15,17,19,25,15,14,21,21,12,21,21,15,20,16,17,15,15,12,16,27,20,0,17,17,25,18,20,17,19,19,19,18,19,19,19,27,26,27,26,23,24,22,16,22,23,0,21,25,19,26,19,22,17,0,20,0,20,16,16,17,14,24,0,0,0,0,0,0,0,0,0,0,0,
16,21,19,12,21,22,23,23,18,16,19,0,23,20,20,20,21,21,22,24,15,18,22,20,22,22,21,19,23,23,16,30,29,19,21,16,16,20,22,22,20,14,14,17,14,26,28,15,18,20,24,24,17,22,19,11,22,20,22,23,19,11,0,14,13,0,15,23,27,26,24,18,18,18,21,20,16,24,25,24,19,25,21,19,23,20,19,16,19,16,22,24,20,0,18,9,10,9,19,22,21,24,23,15,23,13,15,18,19,0,0,18,0,22,24,23,0,23,24,0,28,20,15,19,0,19,0,18,17,0,20,18,19,16,22,16,20,18,18,18,19,19,21,19,21,17,16,17,18,23,17,20,17,20,15,16,17,27,15,0,17,15,18,9,22,15,14,23,13,16,12,13,10,10,22,22,16,22,14,16,18,16,18,21,16,21,26,16,16,17,21,12,13,15,14,17,21,17,16,18,15,15,23,21,19,19,17,16,19,19,18,23,25,20,21,20,21,25,28,18,25,25,26,25,28,19,18,17,20,14,13,20,27,21,18,17,17,17,22,21,19,16,15,14,0,25,0,0,0,0,0,0,0,0,0,0,
17,24,23,13,20,22,23,16,17,17,0,0,15,10,10,24,18,22,21,24,21,23,23,25,17,18,21,23,20,24,24,17,30,18,21,20,22,20,17,23,23,23,20,24,26,25,26,17,18,20,19,25,24,18,23,17,23,21,21,19,19,20,16,15,14,15,22,23,27,19,25,18,22,23,19,23,18,21,27,28,25,27,20,17,22,24,19,26,17,18,18,23,24,17,0,18,0,13,20,10,10,20,22,24,24,14,22,18,20,0,0,0,19,21,17,23,20,0,21,19,0,21,29,0,18,0,0,0,0,0,24,19,19,22,22,22,21,20,18,21,22,19,21,19,20,13,17,27,27,26,20,18,19,17,17,19,17,27,23,18,17,18,15,11,23,17,17,14,14,19,15,16,18,17,23,22,17,17,18,16,19,17,23,17,28,29,17,27,26,18,22,21,22,15,14,16,21,22,18,19,20,16,24,24,21,20,18,18,15,20,22,23,25,26,0,22,22,22,25,23,20,25,28,25,28,25,18,20,20,21,24,13,21,20,22,20,21,16,19,20,19,20,22,27,25,24,0,0,0,0,0,0,0,0,0,0,
13,18,14,21,14,14,20,17,18,18,23,14,15,22,12,25,20,19,21,22,15,25,24,22,25,22,19,18,24,24,20,20,31,17,18,19,20,23,22,20,22,23,20,26,27,27,19,29,18,18,18,19,20,26,18,18,31,17,22,15,20,21,19,17,19,21,16,20,24,28,20,20,23,14,20,23,17,24,26,28,26,22,20,19,20,17,23,27,19,21,24,26,26,18,19,19,18,15,20,20,12,10,12,17,21,25,15,16,17,21,0,0,17,18,22,17,16,21,17,23,19,0,30,0,0,22,0,0,0,0,21,19,21,26,22,22,23,20,20,18,22,21,22,14,12,14,13,19,28,28,22,19,19,19,18,19,18,25,19,20,18,18,17,19,23,16,17,12,15,15,19,12,16,17,17,11,17,24,17,20,19,21,23,25,19,29,25,24,27,21,20,21,23,15,15,16,18,16,23,15,16,19,22,15,24,16,17,19,15,15,21,26,23,27,19,0,23,23,26,19,25,22,29,25,20,21,26,21,20,21,22,22,20,14,17,19,20,17,19,27,19,22,20,27,26,24,28,0,0,0,0,0,0,0,0,0,
15,16,15,22,15,15,25,18,18,23,20,18,24,17,19,26,22,21,20,23,22,18,28,23,21,23,25,19,18,25,21,17,20,22,21,17,20,19,20,19,23,19,20,27,26,27,26,20,19,21,19,24,20,27,28,22,29,30,21,21,23,22,21,21,20,23,15,20,24,20,21,21,20,16,23,24,19,16,21,25,28,19,16,22,18,20,23,19,19,19,21,25,27,19,20,20,21,17,18,21,12,14,25,25,22,18,26,24,23,22,28,17,19,19,19,18,18,21,23,23,22,20,23,0,0,0,0,24,0,0,19,23,21,25,26,23,23,25,22,19,22,20,15,13,14,19,23,21,24,28,26,19,16,20,17,19,18,23,28,20,20,17,17,20,18,19,14,17,17,15,20,15,18,17,16,24,18,27,18,24,23,21,22,20,25,20,22,24,24,23,18,20,19,23,16,15,16,17,18,19,20,18,15,16,16,15,22,21,22,16,21,26,26,20,28,19,21,24,23,18,20,24,23,20,26,22,22,27,22,20,23,17,21,21,18,19,25,20,20,25,19,20,27,24,23,28,0,0,0,0,0,0,0,0,0,0,
16,15,15,18,22,22,25,24,19,23,26,25,25,18,20,19,24,22,23,20,17,17,24,20,20,19,21,26,20,19,22,23,23,20,20,21,13,17,19,24,24,20,22,21,28,26,27,27,25,22,21,29,27,28,28,27,21,31,22,23,24,22,22,25,21,16,16,21,16,24,20,23,22,15,17,16,16,21,22,20,28,20,27,19,25,16,21,21,20,22,28,17,18,19,20,20,21,19,20,16,13,15,23,21,26,19,17,25,24,21,22,22,19,22,24,19,19,17,17,25,24,21,20,21,0,20,0,19,22,21,21,21,25,23,22,20,23,26,25,26,27,21,23,15,28,14,15,25,25,25,26,24,18,17,16,22,23,23,30,29,30,26,24,22,19,19,19,15,16,19,17,15,25,18,20,21,25,24,29,22,24,21,22,21,22,25,24,24,25,24,26,20,20,14,15,17,17,25,20,18,20,22,19,17,21,18,20,21,19,20,22,20,21,22,29,20,21,21,21,22,22,22,21,23,27,24,22,22,23,18,24,25,20,28,19,19,25,22,24,25,23,20,25,27,25,23,0,0,0,0,0,0,0,0,0,0,
23,14,17,16,16,23,25,24,25,24,19,18,26,24,20,20,20,24,23,22,19,19,26,29,21,21,22,19,20,19,25,25,22,26,21,24,13,16,17,19,25,21,22,21,28,29,24,28,24,21,22,26,30,19,29,24,22,22,24,23,23,23,22,22,23,21,17,23,19,23,25,20,17,16,17,16,27,28,21,27,28,29,28,29,22,17,23,20,21,20,27,22,18,19,24,24,21,21,22,16,18,17,16,17,25,20,18,18,19,25,24,21,20,25,22,24,19,18,20,26,23,24,25,18,24,21,20,21,29,20,22,22,21,22,23,24,20,25,21,21,29,24,25,25,29,15,24,20,26,26,26,24,25,24,17,23,23,23,23,26,29,24,27,27,15,20,23,24,21,21,23,17,16,26,23,22,26,25,28,30,21,21,21,22,25,22,23,27,28,28,26,20,25,15,25,21,18,23,21,19,18,23,18,18,19,18,21,21,23,22,22,21,29,22,24,21,27,21,22,22,22,22,22,25,23,23,23,23,25,30,19,28,20,20,20,20,21,26,22,21,23,22,28,24,26,26,27,30,30,0,0,0,0,0,0,0,
26,14,14,15,20,17,27,25,19,20,20,24,24,25,26,25,23,26,24,22,20,27,26,29,33,24,25,23,21,25,24,26,25,21,26,28,25,20,16,18,16,15,19,27,23,29,25,24,25,22,22,28,28,31,30,27,25,24,26,25,26,23,23,22,22,24,16,21,20,21,25,26,21,28,18,18,30,27,27,22,22,28,28,20,17,25,20,23,22,28,22,27,20,22,21,21,26,24,21,24,21,19,17,23,28,26,19,19,20,19,29,23,20,19,20,26,25,25,20,27,23,26,25,23,24,19,21,21,20,22,22,27,22,22,23,23,25,28,22,22,28,29,28,24,28,25,24,24,23,22,25,17,25,20,18,20,23,29,24,27,27,29,25,28,25,24,22,25,21,18,24,25,18,24,22,24,30,28,26,26,30,23,21,25,22,23,24,24,25,22,28,27,21,24,21,21,24,24,14,19,20,20,20,18,20,20,18,21,21,21,23,18,20,26,25,22,22,27,27,23,23,24,23,27,25,27,21,31,21,21,24,25,29,21,20,19,22,22,23,21,24,24,23,24,25,30,27,23,26,29,0,0,22,0,0,0,
20,20,24,15,28,20,26,24,19,23,20,23,26,25,21,25,26,27,22,19,22,25,19,27,27,34,25,24,22,23,22,27,25,21,21,28,25,26,16,17,29,22,21,28,29,25,26,28,20,31,23,23,28,28,31,25,25,24,26,23,26,26,22,24,23,22,17,24,21,24,21,17,22,32,29,29,19,28,28,20,29,29,29,28,20,20,26,23,23,28,27,27,19,27,23,22,27,26,24,21,21,22,23,23,22,23,21,20,23,30,29,29,25,21,22,22,26,26,21,27,27,27,24,23,23,24,21,20,20,25,28,22,21,24,22,23,23,25,25,23,29,32,28,24,29,22,24,23,25,25,24,25,21,21,21,21,25,19,30,30,21,29,24,26,25,26,24,22,22,26,24,21,25,25,25,25,24,28,28,27,28,30,25,25,26,29,25,25,27,22,21,28,24,25,22,25,22,21,21,20,26,22,20,18,24,21,17,19,19,20,24,21,21,26,22,26,25,28,24,28,31,21,23,21,26,23,22,23,31,22,19,25,25,27,22,21,18,18,25,22,22,20,25,23,24,25,29,29,25,23,28,26,26,24,0,24,
23,24,24,26,27,28,27,27,27,20,26,23,23,23,22,25,25,35,23,23,26,26,26,28,28,30,32,24,22,36,28,27,21,26,23,26,23,27,21,17,18,29,27,22,24,27,24,28,22,32,31,24,33,28,30,23,23,25,26,24,29,26,23,25,23,23,25,23,27,19,25,19,18,20,18,18,30,29,28,21,30,22,30,18,21,17,21,21,25,28,26,22,27,19,22,18,26,22,26,27,28,27,22,23,24,22,22,22,23,21,30,28,25,22,22,21,22,25,24,32,27,28,26,24,24,22,24,24,21,25,22,25,30,25,25,22,29,21,26,26,25,32,31,34,27,22,25,25,24,26,24,24,22,25,22,22,19,20,28,30,29,29,19,23,23,29,27,18,24,21,16,22,22,27,26,24,25,27,28,24,31,28,27,26,22,23,23,27,26,24,23,22,24,35,33,21,22,22,15,15,26,20,20,19,21,28,18,25,18,21,25,21,23,23,22,24,24,25,21,29,21,24,22,22,26,26,25,29,29,23,18,21,26,26,27,24,19,24,22,27,25,20,22,25,27,30,26,26,25,24,24,26,25,25,24,24,
28,31,31,28,31,26,28,27,24,27,24,23,25,27,27,28,26,26,29,30,28,30,22,30,31,31,21,32,36,29,27,28,33,31,30,23,24,24,24,25,17,24,28,26,25,25,28,24,23,30,32,32,31,31,30,25,24,26,26,27,26,23,26,25,19,18,26,24,24,27,22,18,19,23,19,31,32,27,28,29,23,22,23,26,23,22,26,21,19,23,24,27,27,24,21,19,31,30,27,26,27,24,23,23,26,23,23,22,24,19,27,26,24,27,24,17,20,23,28,25,31,29,28,24,25,24,25,23,26,24,22,25,23,30,30,30,27,22,27,28,25,33,34,27,27,27,27,25,26,25,29,25,26,23,20,20,21,28,30,29,27,30,19,27,25,24,24,23,17,22,18,25,24,28,28,24,24,28,25,28,25,27,29,27,26,26,26,33,26,26,26,27,24,24,25,24,23,22,16,16,24,21,22,20,22,28,28,25,19,26,25,25,22,21,25,24,25,26,26,22,30,26,23,23,26,26,25,28,25,29,20,23,21,27,24,26,23,26,25,24,23,24,20,22,23,28,28,26,26,25,26,26,26,25,23,24,
28,23,32,28,27,27,27,28,26,26,27,25,27,27,28,29,29,28,30,30,21,27,29,26,31,31,22,22,24,32,25,28,34,34,36,32,25,25,23,27,18,18,24,31,25,25,29,26,31,32,32,21,28,25,20,25,25,25,25,28,30,23,24,34,21,32,19,23,26,23,24,27,19,19,30,32,31,29,31,30,24,24,28,25,25,24,23,25,25,20,27,23,26,24,25,27,32,32,31,28,25,24,23,21,25,29,30,19,26,20,26,22,27,29,21,25,24,21,27,22,32,31,29,25,29,27,24,26,26,20,26,26,25,23,26,25,28,28,27,28,23,26,22,34,22,22,28,28,26,24,27,26,25,26,22,21,20,24,24,28,28,28,29,24,28,24,25,23,21,19,25,26,30,25,25,33,25,28,27,29,28,26,30,31,26,30,26,29,26,28,24,28,23,25,25,23,23,25,18,23,24,18,28,23,24,29,28,26,26,24,26,29,29,28,23,22,25,25,24,30,30,23,27,24,28,28,24,26,24,24,20,23,22,21,24,30,24,24,21,25,26,30,24,23,24,24,32,31,27,27,26,27,27,25,27,25,
24,28,24,28,28,27,28,28,25,27,30,29,22,28,30,30,29,27,29,29,23,29,23,31,23,32,24,23,25,24,33,36,35,28,36,34,28,25,26,25,23,26,25,27,25,25,31,29,31,32,33,26,28,25,25,27,25,28,29,25,30,30,24,29,31,16,32,24,24,24,33,26,28,29,24,24,29,29,29,26,25,28,34,30,27,29,26,25,27,24,27,26,26,26,29,23,33,28,24,28,25,24,25,22,26,25,24,20,21,26,22,19,20,25,21,27,27,22,27,24,23,33,33,34,26,26,24,25,20,24,26,26,31,28,23,27,24,24,37,28,21,28,28,25,25,34,27,24,23,28,25,26,26,27,20,22,21,25,28,30,28,24,29,29,25,35,26,26,31,20,28,34,27,32,31,34,34,25,28,30,31,32,26,32,27,27,26,33,24,28,33,27,25,25,22,22,23,26,19,20,31,19,22,21,27,25,25,29,27,27,24,23,21,29,23,23,23,25,33,25,24,28,23,28,23,27,25,30,25,26,24,23,26,23,25,25,25,33,22,26,25,25,31,25,25,25,32,30,29,28,28,29,30,26,25,25,
25,27,32,25,22,22,23,31,31,27,27,23,23,30,29,28,30,32,29,27,32,30,26,32,24,24,32,25,25,24,22,25,26,36,29,36,22,28,26,27,26,23,24,24,26,29,34,28,32,33,21,28,27,26,28,26,28,29,29,24,32,32,31,30,26,32,34,29,26,23,26,26,25,30,32,32,33,32,31,28,31,32,35,32,31,29,26,28,28,28,29,28,26,27,29,28,29,27,25,25,26,25,25,24,23,25,26,22,22,22,22,21,19,20,27,28,26,26,26,27,27,33,34,35,27,34,25,25,20,21,25,27,29,31,23,26,25,24,24,25,22,21,22,28,33,26,28,25,24,29,27,28,27,27,26,22,23,22,23,33,24,25,23,25,27,24,26,26,29,30,29,27,34,32,31,32,30,33,32,29,33,29,33,32,32,31,33,33,25,25,33,33,25,26,22,22,27,26,26,27,27,20,28,21,27,29,27,28,26,27,27,26,21,29,28,24,29,33,23,27,30,25,34,24,27,28,28,30,19,31,33,26,28,23,24,23,29,25,32,27,25,26,26,24,26,25,24,24,31,29,29,32,32,33,31,26,
27,22,32,22,30,24,23,23,32,32,27,29,24,28,31,24,29,26,29,29,27,26,26,32,27,25,30,32,27,26,22,22,25,25,29,30,25,25,29,27,26,27,24,29,29,30,28,32,25,26,24,22,22,22,30,27,29,29,24,26,31,32,33,29,37,31,29,31,30,23,21,23,28,32,35,25,31,34,28,27,28,32,36,34,32,32,27,27,29,29,28,28,24,28,32,30,30,30,31,27,28,31,30,25,26,24,26,26,27,26,22,21,26,20,30,28,31,27,29,30,29,32,27,32,26,24,26,26,26,23,23,31,30,30,26,25,27,27,27,26,39,28,32,34,27,33,27,25,25,27,25,27,31,33,25,38,23,27,29,34,25,26,24,24,26,25,34,26,31,20,26,27,27,27,34,34,31,30,33,31,30,29,34,33,31,32,29,33,28,26,27,26,27,27,28,23,29,29,27,28,25,24,29,25,26,30,29,28,27,27,23,22,23,26,33,29,29,27,27,28,32,35,35,27,29,29,29,27,24,24,34,31,30,24,25,27,27,30,33,26,26,25,25,25,25,26,33,25,30,30,33,32,34,33,32,31,
26,25,29,31,23,23,27,33,26,33,29,27,30,30,32,31,30,29,27,29,28,26,26,30,24,28,31,26,27,26,30,23,27,28,28,30,29,30,26,30,32,31,28,27,29,32,32,30,26,26,30,29,27,25,28,26,26,33,30,26,23,32,32,29,32,31,30,30,31,31,25,23,29,32,26,26,32,27,26,27,28,27,36,35,28,28,28,30,29,30,24,24,29,28,32,32,28,29,32,29,33,25,31,29,26,25,27,27,28,28,22,22,28,28,31,29,26,34,30,28,27,31,24,29,28,26,25,28,27,29,28,35,32,36,28,27,30,26,27,27,27,28,32,32,24,28,26,27,25,28,26,29,29,28,31,38,39,28,28,30,25,26,25,26,22,26,29,35,28,21,22,28,20,31,32,33,32,32,33,34,30,32,30,24,34,33,31,33,32,28,32,36,26,25,27,23,28,30,28,29,25,26,24,25,29,28,27,28,30,28,28,18,23,27,30,34,30,27,27,26,30,29,36,35,26,28,27,34,23,23,25,31,33,27,28,26,28,31,28,33,30,26,32,33,33,25,30,34,31,31,31,32,32,33,31,30,
28,29,28,29,32,24,28,26,26,27,29,27,29,26,30,27,30,27,29,28,28,26,28,30,27,31,31,25,27,29,28,28,28,29,27,29,28,26,32,31,29,32,31,32,28,29,29,32,32,31,31,27,24,26,27,27,26,33,31,31,23,33,29,24,28,26,30,31,31,32,25,22,36,28,37,28,34,27,39,29,38,37,36,36,28,27,30,29,33,27,28,25,26,29,30,27,31,34,31,34,33,34,25,31,31,25,26,29,34,28,26,34,25,27,28,30,27,35,27,30,29,29,32,34,24,28,30,28,28,29,30,31,36,37,32,30,25,33,31,29,30,30,28,32,26,29,24,29,24,26,28,29,29,30,38,23,23,29,28,29,31,27,27,26,24,27,30,30,26,27,22,23,25,22,35,34,32,33,33,31,29,33,31,33,34,24,27,32,27,28,30,33,27,27,26,35,27,33,30,29,24,23,34,26,26,29,28,25,31,26,29,28,27,31,25,25,28,27,30,30,29,28,39,41,27,28,26,33,34,30,25,35,33,32,28,27,28,31,32,30,32,34,33,32,34,35,27,31,33,29,32,31,30,31,32,31,
30,23,30,29,27,31,31,28,27,29,30,25,30,26,30,34,28,31,31,30,29,29,28,26,31,28,30,34,28,26,29,27,29,26,27,30,33,29,34,33,33,29,33,33,27,29,33,28,30,33,35,28,32,25,27,26,26,26,25,32,32,24,27,25,28,27,27,27,31,28,26,23,23,31,32,30,28,34,40,29,37,38,35,29,30,30,31,33,28,28,29,32,26,31,33,28,32,32,30,34,31,28,35,34,33,29,27,26,34,34,26,29,30,26,25,30,28,30,30,31,30,29,30,31,34,28,30,30,29,30,25,26,35,31,30,31,31,35,32,30,35,30,31,33,34,25,25,28,25,27,26,24,29,28,39,24,24,32,26,32,31,28,28,25,25,24,27,31,32,32,27,32,37,36,36,36,34,29,38,33,31,29,32,34,25,35,28,36,28,28,31,31,33,33,35,36,28,33,28,31,27,25,27,27,27,30,30,26,25,27,32,33,28,32,25,34,29,28,28,34,28,30,38,40,24,28,25,29,29,31,35,35,32,35,34,30,28,31,26,28,32,31,34,31,36,36,32,34,33,30,30,33,33,31,33,32,
33,30,32,30,36,32,32,28,29,28,31,32,26,30,34,30,34,32,37,29,39,30,39,34,28,29,34,26,29,26,26,29,29,30,28,32,32,33,29,36,35,30,30,27,29,31,35,33,29,33,35,36,25,32,24,26,27,26,27,31,33,27,32,28,28,31,34,28,36,27,31,28,37,32,32,31,34,31,30,31,30,30,36,29,34,30,31,31,33,32,30,32,34,31,32,34,35,31,33,32,32,32,26,31,32,36,30,31,32,34,23,24,30,31,25,35,31,29,29,35,31,30,31,31,25,35,30,27,28,30,28,26,36,32,38,33,32,31,31,36,31,31,29,32,25,27,28,30,25,30,24,28,32,24,30,28,34,25,33,32,27,31,28,29,26,24,27,32,31,33,33,33,32,35,37,27,26,39,39,39,30,31,34,33,34,26,36,36,31,31,32,35,29,34,29,29,35,30,29,30,28,28,28,28,26,31,31,26,26,32,33,33,36,32,33,31,31,34,28,31,29,29,34,28,40,38,27,22,30,33,36,36,32,33,35,34,30,35,35,32,34,28,31,31,29,37,36,31,34,32,31,34,34,32,30,32,
31,32,26,33,31,32,31,30,28,33,33,34,33,34,33,35,36,28,37,31,34,32,30,26,31,30,29,30,27,27,29,30,30,28,29,31,31,25,34,32,38,33,36,29,30,31,36,32,33,33,28,36,26,26,25,29,27,32,30,28,32,34,32,32,32,31,32,33,34,30,28,31,34,33,34,31,33,34,30,28,31,30,33,29,34,35,31,31,31,33,35,32,34,38,32,33,32,31,35,34,33,33,28,28,30,25,36,32,28,30,31,36,24,31,34,32,33,32,32,32,32,30,32,32,27,26,28,32,29,28,31,26,26,33,31,32,33,32,36,36,36,35,30,31,24,30,28,28,32,30,30,33,33,29,27,31,34,34,30,33,30,28,29,29,30,27,27,28,29,31,33,33,33,36,32,37,29,28,38,40,32,31,33,31,29,36,30,37,30,32,32,35,34,32,29,30,37,32,29,30,30,30,29,28,28,28,31,31,34,30,35,35,34,30,31,32,26,36,36,36,31,33,27,32,40,27,28,34,23,29,33,30,30,35,35,37,34,35,34,33,31,28,29,30,28,30,37,34,34,35,34,32,36,36,32,31,
40,32,32,36,30,32,34,31,31,35,34,26,34,34,35,33,30,36,30,35,34,31,31,29,30,30,28,30,28,28,33,33,30,30,29,28,29,36,35,37,38,37,37,31,36,30,33,36,30,28,34,34,30,29,28,33,30,34,32,30,30,35,33,33,29,32,34,34,32,35,31,39,34,34,34,32,35,33,29,29,37,31,32,35,34,35,32,31,31,38,39,35,29,33,34,34,31,32,32,31,32,30,29,29,31,28,26,33,32,32,33,30,36,28,34,30,30,29,33,32,36,31,36,33,33,26,33,32,30,36,35,30,27,28,29,30,32,36,36,37,35,36,34,32,31,29,33,29,35,32,31,33,34,33,33,28,33,35,36,32,37,30,29,30,28,29,28,29,32,30,29,35,34,35,33,34,38,29,34,39,40,33,33,32,30,34,33,30,27,34,32,36,34,35,30,32,30,37,26,37,33,33,31,28,30,29,35,30,31,36,35,34,36,35,37,31,39,25,37,36,31,32,34,32,34,34,25,25,38,28,29,30,30,29,27,30,37,36,36,32,32,30,30,31,29,30,33,32,36,35,34,32,34,36,32,33,
33,34,32,36,36,29,37,38,39,37,35,38,27,35,33,30,26,29,31,32,35,27,32,32,32,31,33,39,29,29,33,35,33,32,32,34,29,30,36,33,38,32,38,32,29,31,31,31,31,31,31,35,32,32,30,33,35,33,31,31,32,32,32,33,33,36,36,35,38,34,37,33,35,35,35,35,32,32,32,33,29,41,33,33,36,37,35,33,41,38,39,39,40,35,35,35,35,32,34,33,32,32,32,29,28,27,27,30,27,26,36,30,36,38,38,31,31,33,30,32,33,32,34,33,39,29,36,34,34,32,33,30,34,34,27,29,26,26,26,28,31,32,33,33,31,32,33,30,30,36,32,33,30,34,34,34,33,35,35,33,32,32,34,37,28,29,29,29,37,30,31,32,37,36,36,34,34,30,32,35,33,36,38,35,30,35,34,26,27,31,35,35,35,31,31,29,33,35,27,29,36,31,34,28,31,37,37,32,32,38,37,37,35,36,38,38,32,40,34,33,38,32,32,32,35,24,27,26,26,29,23,34,29,30,29,31,33,36,32,32,30,31,32,32,30,31,28,28,29,36,36,36,34,32,35,34,
33,35,35,32,30,30,38,35,39,39,35,28,28,28,33,28,29,29,30,30,32,33,28,33,31,32,32,34,36,30,35,39,33,31,34,35,31,36,37,34,34,37,32,33,32,34,35,31,32,31,32,33,32,37,35,34,35,35,29,31,31,34,29,39,37,31,38,37,39,39,31,36,35,36,35,36,31,35,34,35,34,40,41,34,34,37,38,31,34,41,38,40,31,32,33,33,34,34,34,35,31,33,34,33,29,29,28,28,28,28,28,29,37,37,40,32,32,39,39,33,33,33,34,37,39,39,36,35,32,35,35,32,34,31,37,28,29,27,27,32,33,31,33,33,34,32,34,34,31,40,37,34,32,31,35,35,33,33,35,35,32,33,32,38,29,29,30,30,29,34,33,33,32,33,36,34,32,31,33,34,33,32,37,38,33,29,27,27,32,32,32,32,37,39,35,32,35,38,36,35,37,37,33,32,33,31,33,33,33,33,38,39,37,37,37,34,38,39,39,37,34,36,32,32,34,29,36,27,35,26,36,35,36,38,33,32,34,34,36,32,35,36,36,38,32,30,29,30,29,30,36,32,37,32,32,35,
34,34,35,36,37,38,38,33,40,40,36,35,35,34,31,32,29,27,30,31,30,32,33,29,31,34,31,34,33,36,36,36,38,32,35,36,36,37,37,34,35,34,30,34,33,36,37,30,33,34,29,34,33,32,32,36,34,40,36,39,36,33,35,28,36,37,37,36,36,40,40,36,35,36,34,36,30,30,34,32,35,33,30,41,35,35,34,37,32,34,28,31,33,33,33,34,35,32,33,36,36,38,35,34,31,34,30,28,28,37,29,29,35,41,40,41,32,40,41,34,31,35,36,33,38,40,28,34,35,33,36,36,38,35,35,31,31,38,28,29,32,33,37,34,34,40,36,35,36,40,35,36,32,33,36,36,35,37,35,36,37,39,32,36,35,30,32,30,30,33,32,31,35,33,34,34,34,31,32,32,33,32,36,37,35,34,28,33,28,36,34,39,37,37,30,32,33,34,34,34,35,34,34,40,33,33,35,35,37,29,36,35,40,37,36,36,36,36,35,37,38,38,33,33,33,29,32,28,26,36,35,37,33,38,38,38,37,37,37,37,34,38,34,37,38,34,33,31,32,28,37,29,34,32,32,34,
38,34,34,42,32,32,38,38,35,41,37,37,37,31,33,33,29,38,28,36,31,38,30,34,32,35,35,33,32,34,37,34,35,39,40,32,35,38,41,39,35,34,27,35,36,33,38,36,37,31,36,35,34,35,34,36,30,30,42,35,36,34,40,35,29,35,37,33,30,39,31,40,36,37,38,38,34,33,32,34,34,34,32,30,35,29,34,33,38,33,33,32,27,29,30,34,35,34,32,33,36,40,37,35,33,36,35,34,32,37,37,30,37,36,40,41,41,33,36,34,36,35,37,35,34,35,36,36,35,34,37,36,34,35,33,32,39,39,29,37,34,36,33,35,38,40,36,38,37,41,35,35,37,33,30,36,36,35,34,36,37,38,38,39,38,30,33,35,31,37,34,36,37,27,34,34,37,36,39,32,30,39,37,32,35,34,33,28,33,37,34,29,40,31,31,33,33,42,31,35,35,35,38,38,37,37,37,35,32,30,32,36,37,35,37,38,37,39,37,38,38,38,39,36,33,33,33,30,36,36,25,36,37,31,39,39,40,37,38,40,37,38,34,38,35,34,33,33,32,34,30,30,33,33,33,34,
35,35,41,43,39,34,36,38,35,37,38,38,38,36,31,34,29,29,38,37,32,37,36,31,37,35,34,32,40,36,35,35,31,37,40,34,34,36,39,38,39,37,32,33,36,34,39,37,38,39,31,39,35,35,35,37,37,34,39,29,34,29,33,35,36,32,37,34,40,40,31,40,34,37,39,36,33,34,35,34,36,36,35,36,31,37,35,30,33,39,31,34,33,27,36,30,28,35,34,33,33,32,36,31,36,36,33,33,32,33,32,38,40,37,35,41,30,36,33,38,34,37,34,38,38,38,35,36,34,36,38,35,35,34,33,33,35,37,32,38,34,35,36,35,39,39,37,38,37,39,32,37,32,38,38,31,37,30,31,37,37,37,39,34,38,35,31,34,35,37,37,39,41,38,34,29,35,36,35,39,30,29,34,37,35,33,33,34,34,34,31,30,30,30,31,41,34,41,31,36,36,34,35,37,34,42,36,38,37,35,38,33,33,37,40,36,39,37,38,39,39,39,40,34,37,31,32,32,31,38,36,38,32,38,40,39,40,37,35,40,38,33,34,39,40,34,32,33,34,35,32,35,34,33,34,35,
34,34,35,40,43,40,41,40,33,35,38,39,32,36,37,34,33,33,37,29,36,42,37,35,36,36,36,41,30,36,30,36,31,35,39,39,39,36,33,38,41,37,41,37,29,37,39,39,32,36,36,40,37,36,35,35,35,36,29,34,31,30,38,37,38,33,39,34,32,31,40,39,35,40,37,34,35,36,37,36,38,32,36,36,33,37,37,30,34,35,34,34,35,29,29,32,31,37,35,35,34,38,37,31,37,37,35,37,36,33,33,33,36,39,39,39,30,30,39,39,40,39,37,36,38,36,36,36,40,37,36,37,35,35,38,36,36,37,32,36,39,35,36,39,39,30,41,38,33,39,33,35,33,35,37,39,39,32,39,32,36,33,37,35,34,40,35,34,36,35,37,43,34,37,38,29,29,39,40,30,31,32,37,34,37,36,38,33,38,35,42,31,32,37,47,42,35,35,36,35,33,40,37,38,34,35,35,38,40,37,36,39,38,38,31,39,37,37,38,37,38,38,40,37,34,34,33,32,32,32,36,40,39,41,42,36,41,37,37,35,33,39,41,33,40,33,34,33,37,35,36,36,34,37,36,36,
37,36,37,38,43,42,42,39,37,34,33,37,33,33,39,37,32,32,35,39,38,31,37,36,38,37,37,34,32,36,42,36,40,35,39,35,39,40,34,35,33,42,42,37,37,32,38,34,37,36,38,40,34,38,41,33,35,34,34,30,35,32,41,36,36,35,32,32,31,31,37,37,36,39,35,37,40,37,36,40,38,38,37,34,34,34,43,39,31,35,33,34,35,40,29,40,30,40,35,35,34,36,38,38,39,33,39,33,41,34,37,40,38,36,40,39,38,35,33,40,40,37,36,38,37,36,39,39,40,34,38,37,38,41,37,37,32,32,33,42,40,38,39,36,39,40,38,41,40,34,36,36,35,36,36,36,35,36,41,39,38,38,38,32,36,33,34,37,37,35,36,43,37,38,35,36,40,39,36,35,40,32,38,39,35,37,33,36,40,38,36,41,38,38,44,42,39,37,36,34,38,41,32,38,34,36,34,41,36,37,36,36,38,35,36,38,38,33,38,32,36,35,41,37,35,34,34,34,33,33,34,35,36,31,36,39,37,38,38,38,43,34,34,33,41,32,35,35,39,39,38,39,34,38,38,37,
38,36,37,39,42,43,43,39,40,37,37,38,33,33,39,32,32,35,35,40,38,31,32,38,38,37,34,35,35,33,37,42,38,37,34,38,38,38,36,36,37,34,35,33,38,36,34,39,37,40,35,40,34,40,34,34,34,36,37,35,35,31,47,41,37,36,29,32,34,36,33,36,40,39,39,42,38,39,40,38,40,40,39,39,38,35,34,39,33,33,33,37,37,30,39,40,31,40,36,36,36,35,30,37,37,33,37,34,35,34,41,41,41,38,40,39,35,38,39,38,42,38,40,39,37,38,40,41,39,39,36,39,35,35,36,35,36,33,33,38,39,39,37,37,35,41,34,33,39,40,41,36,35,40,38,37,37,34,42,41,30,38,37,39,39,34,36,36,36,40,32,36,37,38,36,38,36,41,39,38,41,40,33,38,39,36,33,42,37,40,41,41,42,39,38,45,36,39,39,36,36,34,41,39,34,34,34,41,34,33,37,37,35,37,40,37,35,40,34,33,37,35,37,37,37,37,34,35,37,34,35,35,34,34,35,42,39,38,40,41,38,39,34,33,33,33,40,38,37,39,36,40,39,38,37,38,
37,38,38,36,41,45,31,42,38,37,37,40,38,36,33,41,33,36,42,39,41,38,38,39,38,36,36,33,43,34,46,43,40,38,36,38,39,36,37,36,35,35,43,44,36,39,45,40,40,41,41,36,35,40,38,37,41,36,38,37,36,39,46,40,37,38,39,39,39,36,36,38,40,33,34,34,42,40,42,41,41,36,33,38,38,40,44,35,35,39,40,40,36,36,38,41,41,38,43,36,37,36,38,31,36,39,33,45,35,39,51,38,36,38,41,38,35,37,38,39,40,39,42,37,38,38,42,41,37,35,39,40,43,43,39,40,36,40,34,40,39,39,39,36,37,41,35,35,34,38,41,41,38,40,35,36,37,36,37,36,39,32,38,39,37,37,38,35,36,39,41,35,40,38,34,36,39,38,39,36,38,39,33,38,36,37,34,42,39,42,44,42,41,43,40,39,35,40,40,37,39,36,40,39,35,34,33,36,35,35,37,39,41,37,40,40,34,38,32,33,34,35,36,35,39,38,37,40,37,37,37,39,34,34,33,32,39,39,37,40,40,38,42,34,35,33,44,36,38,39,36,37,40,36,38,37,
43,39,39,37,45,44,45,39,43,37,44,41,34,38,39,33,34,37,36,37,38,39,38,37,40,37,36,35,34,36,46,46,46,40,36,37,37,39,37,41,35,37,35,43,39,40,45,43,43,39,40,38,38,38,38,42,42,40,38,36,38,40,40,40,42,41,36,39,31,32,40,34,40,39,35,35,43,40,42,40,39,33,33,38,33,38,36,36,34,39,40,41,41,37,37,43,39,38,40,44,42,38,32,32,34,40,35,34,36,39,40,39,36,42,42,40,36,39,40,38,37,39,43,42,39,38,43,42,45,41,40,40,39,42,40,43,39,41,42,43,45,40,38,34,37,40,33,36,35,39,41,36,36,39,42,41,37,39,41,37,39,39,39,39,39,37,38,37,35,36,42,36,42,37,38,38,37,38,39,38,41,39,36,34,36,39,38,39,43,42,42,42,41,40,41,39,39,35,35,40,40,39,35,40,36,35,39,37,37,35,34,40,40,41,34,41,33,38,33,33,36,41,38,38,38,39,36,38,37,39,41,40,39,35,35,45,32,39,39,41,37,39,39,44,43,36,41,37,38,40,34,38,36,39,39,38,
43,40,40,37,45,42,37,39,34,38,39,34,34,40,35,33,34,44,39,38,38,39,39,39,37,40,38,36,36,35,43,41,35,40,36,40,40,36,39,37,33,38,34,42,40,38,34,42,41,39,40,39,39,39,40,36,42,37,43,40,41,42,41,44,38,39,40,39,32,35,40,34,40,43,42,44,42,42,46,38,43,43,34,37,33,39,38,41,39,37,38,41,45,37,37,44,39,41,38,40,41,40,36,33,35,36,36,36,43,37,38,52,41,36,43,41,37,41,42,41,39,42,40,39,42,41,43,40,41,41,37,42,41,43,41,43,41,35,44,44,41,39,39,39,38,35,42,34,35,35,43,42,32,40,40,38,41,38,42,35,40,34,40,41,40,37,39,36,35,36,36,38,37,35,38,41,39,39,36,39,39,40,39,38,39,39,38,39,39,43,42,42,42,42,38,41,38,40,40,34,40,38,37,39,38,37,40,37,38,42,37,43,43,42,34,34,34,36,41,34,32,35,33,42,38,39,36,39,38,39,40,36,39,36,36,35,39,40,43,39,38,39,41,35,37,45,45,42,39,38,35,39,37,37,39,39,
43,37,40,38,37,43,37,38,38,45,38,47,39,42,40,41,45,39,39,41,40,42,40,39,37,40,39,42,42,36,44,47,42,38,37,41,42,41,38,38,37,35,39,40,38,35,35,44,41,42,42,39,41,39,40,41,38,41,38,40,42,45,43,43,42,39,39,44,34,41,36,36,45,39,43,45,39,35,43,48,40,42,41,45,39,41,38,36,38,38,41,42,47,47,46,45,38,42,44,42,42,36,34,36,35,35,37,40,40,35,35,51,49,39,37,39,36,39,39,41,36,43,40,41,42,40,44,40,42,42,37,44,39,41,38,42,45,44,39,39,41,40,39,44,40,36,37,41,41,35,39,42,43,34,41,36,41,39,38,37,36,35,45,42,39,38,38,39,43,39,37,37,36,36,37,41,40,40,43,42,39,39,43,38,40,40,40,40,40,41,44,39,43,43,37,36,36,40,39,37,39,43,38,41,42,39,41,40,37,43,45,39,43,45,44,36,35,40,41,35,36,41,34,41,39,42,37,42,38,39,33,34,38,37,35,35,40,44,44,38,38,39,39,37,44,39,45,39,39,38,36,37,38,38,40,40,
43,37,40,40,38,41,40,36,36,38,38,39,47,42,44,41,46,44,45,45,39,42,35,41,39,40,45,43,38,45,39,44,44,44,44,41,40,41,38,38,38,41,40,40,40,39,42,45,42,42,44,44,40,39,40,38,41,37,38,43,41,43,45,38,42,43,48,44,40,42,36,37,42,41,42,38,46,45,47,46,42,43,42,39,39,42,40,37,41,39,40,39,37,45,46,40,42,42,43,45,44,45,34,36,48,36,40,42,42,36,51,38,41,50,40,39,41,41,43,39,40,37,38,41,41,41,43,44,42,40,41,41,40,45,38,41,45,44,39,39,37,40,40,37,42,36,42,41,42,38,40,39,37,37,37,36,37,37,38,42,40,36,34,46,40,39,42,39,42,39,45,38,38,37,44,41,41,40,44,40,43,40,38,42,38,39,45,41,40,40,39,43,39,39,39,38,40,40,42,39,40,38,41,44,42,39,42,41,45,38,44,42,44,41,41,41,43,40,42,38,36,33,35,43,35,39,43,42,38,38,35,41,41,37,36,36,47,40,43,38,38,44,39,40,40,39,42,40,44,39,43,42,40,39,39,40,
42,39,39,48,40,41,41,47,42,43,47,45,39,41,46,42,45,45,45,44,42,40,40,41,38,39,45,41,42,45,43,44,39,45,49,42,40,41,39,39,38,41,40,40,36,41,42,45,46,42,45,38,43,40,41,44,44,42,38,43,38,44,38,39,38,41,48,37,39,40,40,40,41,43,43,40,41,41,49,41,43,43,39,46,42,40,41,38,38,39,43,40,39,39,46,40,42,38,40,44,43,40,35,35,47,47,40,42,39,39,52,38,45,42,44,41,41,40,41,43,42,40,41,42,39,42,44,44,42,41,43,42,42,40,40,44,41,44,39,43,40,39,39,41,42,43,38,43,39,41,44,41,45,46,41,37,38,37,48,45,41,41,36,35,42,40,40,40,40,40,44,34,39,37,36,38,41,42,41,41,44,44,46,42,39,43,43,41,38,41,40,45,38,40,39,37,40,42,41,43,46,39,41,44,42,43,42,40,43,45,38,43,45,43,41,42,42,42,43,40,39,40,34,35,35,40,41,40,40,42,40,43,44,45,39,42,43,37,37,41,41,40,40,39,44,40,41,40,45,39,40,43,43,41,41,40,
40,40,46,49,48,41,46,48,48,38,47,47,46,43,47,45,38,49,46,47,46,41,45,40,44,41,45,39,40,41,44,40,39,39,46,38,49,40,41,41,41,41,41,42,42,41,44,44,45,41,42,42,43,42,43,43,44,44,44,44,45,38,44,44,41,42,38,41,40,39,39,39,40,42,44,47,42,42,43,37,43,39,43,43,40,44,41,45,39,39,40,44,48,40,39,40,43,39,45,47,44,41,48,36,48,48,47,44,40,41,42,40,39,40,44,43,41,40,40,41,45,41,41,44,41,41,40,42,41,41,40,43,42,43,37,43,43,44,45,40,40,42,40,39,36,41,44,41,44,39,41,42,45,46,42,38,36,37,49,44,40,42,44,36,48,41,41,43,43,45,37,41,39,44,37,40,38,41,42,45,45,45,46,41,43,42,44,44,41,41,46,40,42,39,39,41,41,43,41,41,40,45,45,43,44,44,43,45,41,43,45,43,40,39,41,43,39,44,42,40,42,41,33,34,36,41,42,42,43,43,42,44,43,41,40,42,43,43,38,40,40,41,45,40,45,45,45,42,42,45,42,42,43,42,41,44,
41,43,41,41,49,49,44,44,45,43,42,48,44,47,43,46,47,50,50,47,42,41,45,41,41,40,42,42,42,43,42,42,42,46,39,43,50,40,40,41,41,42,43,43,42,42,44,49,42,42,42,43,43,43,42,44,44,44,46,44,38,42,45,45,43,44,38,42,42,41,40,40,40,41,43,43,48,44,45,38,40,43,40,44,43,44,44,45,40,40,44,45,43,43,41,43,44,44,47,38,42,46,48,41,49,47,49,46,42,43,44,40,47,44,44,41,40,39,41,42,42,47,41,43,42,41,41,42,42,46,44,41,43,45,43,43,43,47,46,45,43,36,37,45,36,43,45,42,45,45,42,41,42,47,43,45,43,36,37,39,38,48,40,41,46,48,45,44,41,44,46,45,41,38,40,46,43,42,40,42,43,43,42,43,43,45,43,43,41,44,43,40,47,43,42,42,45,45,44,42,40,41,42,44,44,41,43,39,42,42,43,43,40,45,40,40,47,40,44,43,43,42,34,41,43,42,42,43,42,42,43,45,50,44,42,43,44,43,40,40,40,41,42,47,45,45,43,43,41,43,43,43,42,46,44,45,
41,44,43,42,47,50,46,44,45,46,45,43,48,46,48,48,48,41,40,50,51,43,42,45,40,41,44,43,46,45,43,42,46,40,48,45,44,40,41,43,42,43,39,44,45,43,47,44,46,48,43,43,45,46,45,48,46,45,40,45,47,42,45,45,43,44,43,41,42,46,41,46,43,45,43,44,45,44,39,42,41,41,41,41,41,47,45,45,45,44,43,43,42,43,42,44,42,39,39,39,46,44,49,42,42,42,44,42,45,42,44,45,46,47,46,46,42,41,44,41,41,43,47,45,42,42,44,46,43,43,47,44,43,44,44,44,40,43,44,45,42,44,45,37,44,43,48,45,47,47,48,46,39,43,41,43,43,49,37,37,38,46,41,42,46,49,42,44,43,45,44,44,38,40,46,45,45,44,43,42,45,44,44,46,47,45,45,46,42,49,46,40,39,47,47,42,42,45,46,46,46,40,44,43,42,44,44,46,41,43,44,44,47,41,46,41,46,41,40,45,44,43,41,42,43,44,42,43,42,43,43,41,44,51,43,43,40,43,44,50,49,41,46,44,43,42,51,44,42,43,42,44,40,46,42,45,
41,41,44,44,44,43,44,45,54,46,47,45,46,45,44,46,43,38,42,40,41,41,46,40,41,42,45,43,43,46,40,42,50,47,42,48,43,43,41,44,43,43,42,44,44,43,47,46,47,47,46,42,46,47,47,44,48,48,48,41,41,38,45,46,45,44,48,45,45,43,50,42,43,47,45,45,45,44,44,40,50,45,42,47,47,48,46,46,45,46,45,43,43,45,42,44,44,41,40,41,40,46,48,50,50,50,44,41,41,41,44,45,47,46,47,45,45,43,42,42,43,39,43,46,40,43,44,47,46,43,44,43,48,43,44,45,44,42,42,46,42,45,44,45,37,44,48,45,48,42,47,40,39,43,40,44,44,50,50,40,47,47,44,42,42,41,43,46,43,45,44,41,39,40,41,43,45,46,43,46,42,43,44,45,50,45,47,44,49,48,50,46,45,39,41,48,46,42,41,46,46,41,44,43,41,43,44,44,44,42,44,44,45,46,47,45,47,48,46,44,44,45,42,43,43,44,42,43,42,43,44,43,43,51,45,41,40,41,43,40,48,47,47,44,47,41,52,52,48,43,43,41,43,41,42,43,
44,44,44,45,46,45,52,45,46,47,46,47,47,45,44,48,47,43,38,41,45,44,41,44,46,43,46,44,49,44,45,47,41,50,44,44,41,43,43,46,45,43,46,45,45,46,47,43,44,44,44,48,43,47,43,42,49,48,42,43,41,41,48,47,47,43,49,49,44,44,44,43,43,41,46,46,46,47,46,44,45,49,50,43,45,45,43,44,46,46,47,46,45,43,45,46,45,43,46,44,41,51,49,49,45,50,45,42,41,42,44,43,43,45,48,46,43,46,45,44,42,46,42,44,48,43,44,45,44,44,44,46,48,48,43,44,42,44,41,43,46,43,46,43,43,47,45,44,49,47,43,43,42,41,45,41,41,43,45,43,42,48,40,43,43,42,46,43,44,43,43,45,46,41,47,46,45,41,43,43,44,43,47,46,51,46,49,47,50,48,49,48,40,41,48,41,48,43,43,45,45,47,47,45,43,43,43,42,44,46,43,45,46,47,47,42,45,48,46,46,45,43,45,43,43,47,47,43,43,43,44,44,44,45,47,41,45,41,45,39,47,43,49,45,44,43,43,45,41,46,44,45,41,44,43,44,
46,42,45,44,47,44,43,51,47,47,46,47,47,47,41,48,48,47,44,40,43,47,42,46,49,46,47,47,45,49,40,47,42,44,43,44,48,44,44,44,44,46,47,45,43,45,44,45,45,46,50,49,45,45,41,44,44,50,45,45,47,44,49,41,43,43,44,50,44,44,45,44,44,44,47,47,44,49,47,54,45,46,45,51,42,48,46,44,45,49,46,46,44,46,44,43,47,47,44,47,47,47,47,50,46,44,46,42,42,43,46,44,42,42,49,44,44,43,43,48,42,49,46,45,43,48,40,45,45,44,48,42,45,49,43,43,42,42,42,42,42,41,46,47,44,42,47,45,47,43,48,43,44,42,43,42,43,44,42,44,43,48,46,47,46,43,47,49,44,44,44,48,50,47,47,44,46,45,45,45,45,45,44,50,44,47,50,49,49,48,49,49,43,42,47,42,44,44,42,45,46,46,49,48,48,44,49,44,45,45,45,46,45,49,46,43,41,46,44,44,47,45,45,47,46,47,48,48,48,44,47,49,44,46,47,45,42,44,45,44,48,48,50,50,47,44,43,46,46,47,44,44,42,42,44,44,
47,51,50,45,43,47,52,47,51,46,47,45,45,48,48,45,48,48,46,48,47,43,47,47,49,47,48,47,47,42,46,41,41,48,46,50,42,48,45,45,44,45,47,48,47,47,46,48,46,48,46,50,51,44,46,48,45,41,45,45,46,47,46,43,43,42,44,44,45,45,43,46,47,44,45,47,48,50,45,46,55,46,45,45,47,48,47,46,46,46,47,47,43,48,44,46,47,46,43,43,50,48,47,51,48,47,44,43,44,44,45,44,49,49,43,46,47,48,43,48,49,48,49,48,49,48,48,41,42,42,49,49,43,48,44,47,44,47,49,47,44,43,43,46,45,43,49,47,47,48,48,46,46,44,44,45,45,44,45,44,45,46,48,46,44,47,46,50,46,42,48,49,48,46,48,47,48,49,46,43,46,46,47,46,51,53,51,48,50,48,45,45,46,44,47,45,47,48,52,51,44,46,45,48,43,47,49,45,47,45,45,43,42,48,41,49,44,42,47,46,45,48,46,46,49,47,48,48,48,44,49,47,47,46,47,50,44,48,46,44,48,49,51,43,44,45,46,46,46,49,47,42,44,42,46,45,
48,48,43,46,45,48,47,52,49,50,46,45,47,46,49,45,48,46,49,49,49,48,49,52,52,43,49,49,48,47,42,47,42,46,46,45,44,43,44,46,46,46,49,48,47,48,48,46,46,45,48,46,46,46,47,49,45,45,46,46,46,46,46,45,49,44,43,45,50,48,44,48,48,55,42,46,49,45,45,47,55,42,48,45,50,48,48,47,47,45,47,47,45,43,46,48,46,47,48,44,49,50,49,47,50,46,45,46,44,44,46,46,47,45,49,45,47,47,47,50,49,45,49,48,48,48,45,52,52,53,43,47,46,48,49,51,45,46,49,47,48,47,47,46,45,47,46,45,48,48,48,47,47,45,44,44,45,47,45,48,43,45,46,49,49,44,42,48,45,44,43,48,49,47,51,44,47,44,45,48,43,50,47,46,47,45,51,49,50,52,45,46,51,45,49,48,46,43,52,44,45,45,45,48,48,47,48,46,47,46,44,44,44,48,46,50,48,48,47,46,47,45,49,50,47,46,48,47,48,48,52,49,51,49,47,51,43,49,51,49,47,48,51,47,45,45,47,45,47,49,47,41,43,42,47,44,
49,50,53,51,44,44,45,46,51,50,49,46,45,47,46,45,49,49,47,50,48,49,49,45,45,49,49,44,48,42,44,46,47,47,49,49,41,45,41,51,51,46,46,46,46,46,46,48,49,47,43,48,48,46,46,48,47,46,48,48,49,47,47,45,45,49,44,44,45,50,45,48,47,47,43,54,46,49,46,51,46,49,51,49,46,46,48,49,47,50,46,46,45,46,48,47,48,46,47,45,50,51,49,48,49,44,46,47,41,45,48,48,50,49,47,47,50,47,45,49,48,45,48,43,47,46,46,46,51,49,47,44,46,47,52,46,46,48,49,48,49,48,48,46,49,50,50,47,46,46,47,48,47,48,45,45,49,48,47,47,48,47,53,48,48,48,44,43,44,44,48,48,49,46,47,46,44,47,47,46,44,49,47,47,48,47,52,47,47,50,52,49,52,46,47,47,47,48,43,46,46,46,50,42,44,48,48,47,45,48,47,46,46,47,46,52,42,48,49,47,48,44,48,45,48,49,48,49,51,49,51,53,54,45,50,47,45,47,42,48,48,42,47,47,45,48,46,44,45,48,46,45,43,46,46,45,
52,50,52,48,47,45,44,45,46,47,46,43,46,49,49,45,45,46,48,48,47,51,47,50,49,42,48,50,46,50,51,50,47,47,49,46,46,42,42,43,42,50,47,50,49,52,47,47,43,48,47,51,52,52,48,48,47,48,50,48,49,45,48,47,47,46,46,53,46,46,51,45,48,48,48,51,48,45,46,51,47,48,47,48,46,43,50,46,47,48,51,52,52,46,49,50,49,44,50,45,50,51,51,49,48,51,47,47,47,48,48,49,48,49,49,47,48,47,48,50,48,47,46,45,52,48,49,49,52,51,47,51,46,47,52,48,48,49,48,49,43,44,48,51,49,47,49,51,48,53,53,49,49,48,52,45,50,47,47,48,49,47,47,51,49,46,48,49,49,45,47,48,49,48,46,46,48,46,48,48,49,48,49,47,48,45,47,51,50,51,53,53,44,53,47,45,48,48,48,47,50,44,49,50,48,47,48,45,49,49,47,48,47,46,47,50,43,50,51,48,53,43,50,46,46,51,52,51,48,49,47,54,52,49,46,48,48,51,42,50,50,43,48,47,46,46,46,46,46,46,46,44,47,44,46,45,
51,53,51,49,47,46,48,45,44,47,47,50,47,49,47,52,45,51,49,47,50,48,49,50,51,45,43,43,48,45,51,48,48,52,48,47,48,48,47,47,47,47,50,50,50,48,53,52,44,46,47,49,49,53,43,50,49,50,47,48,47,50,46,48,47,47,49,47,48,47,52,48,47,51,51,54,48,46,47,49,49,49,47,48,48,45,49,43,48,48,48,52,49,47,52,49,51,45,45,48,48,51,52,49,50,47,47,43,47,49,50,50,51,49,49,49,51,47,49,51,48,48,50,47,53,47,51,47,46,49,48,50,49,47,48,50,48,47,48,49,48,44,51,51,48,48,50,48,49,48,54,50,49,49,52,51,49,53,46,52,52,47,48,52,51,44,44,50,49,50,51,50,49,46,48,46,51,47,47,49,49,49,47,48,46,46,52,52,47,51,54,51,53,47,48,48,47,47,51,49,50,51,46,50,48,48,48,46,47,49,44,49,48,46,48,50,51,49,51,51,54,52,52,49,47,51,52,48,49,45,50,47,52,54,48,47,51,49,49,50,51,44,48,49,50,50,45,48,45,47,51,45,46,47,47,47,
49,49,52,49,50,48,47,47,45,50,45,51,48,47,49,51,47,48,52,48,49,49,51,52,45,51,46,45,47,48,49,44,52,50,49,48,49,48,48,47,48,53,53,51,54,55,47,54,49,44,45,44,44,46,51,50,51,51,50,48,50,48,46,48,48,47,49,55,46,47,50,52,52,49,52,51,55,49,49,52,49,50,50,52,47,48,50,49,47,49,55,50,50,52,50,51,51,46,46,51,48,45,51,47,51,50,48,44,52,47,47,49,51,48,45,50,49,48,49,48,47,48,51,45,53,50,50,51,47,53,51,51,49,52,53,54,49,48,47,49,48,49,52,52,52,54,49,50,49,48,48,55,50,48,52,52,48,54,47,52,51,52,52,51,52,48,53,45,43,50,48,47,50,48,49,52,50,44,51,51,49,50,48,49,47,50,49,53,50,50,50,49,53,47,48,48,47,52,49,49,52,51,47,47,49,49,52,49,47,47,50,48,49,48,47,48,48,50,51,53,52,50,48,50,50,51,48,46,49,50,50,52,47,55,50,48,50,49,46,51,45,45,49,49,50,50,46,50,48,47,51,47,46,51,47,48,
50,52,51,53,49,48,48,49,49,50,50,49,48,48,50,52,52,50,47,48,50,50,47,46,52,50,47,47,48,52,50,47,47,48,50,50,51,49,49,50,51,54,46,49,50,52,48,47,56,47,49,49,45,53,52,52,48,51,48,49,49,48,51,49,49,48,46,54,46,47,48,50,52,53,52,53,52,51,51,53,49,49,51,52,53,49,48,50,47,47,50,50,51,53,48,51,52,49,49,47,51,49,50,50,48,47,52,45,52,52,49,48,48,49,50,48,50,48,49,52,47,51,49,45,54,50,49,49,52,53,47,52,48,52,53,53,52,49,51,47,49,50,53,53,50,52,54,49,49,47,49,50,55,50,49,48,51,49,54,53,51,49,51,52,52,49,45,50,50,51,51,48,49,50,51,47,47,53,51,52,52,50,53,50,49,50,48,48,52,50,50,50,49,48,49,48,52,52,52,52,51,49,48,48,49,49,51,51,49,49,48,49,48,48,48,48,49,52,51,48,51,53,49,49,50,46,49,49,47,47,49,52,53,55,49,48,52,47,48,46,46,48,49,50,50,51,50,50,48,49,50,49,52,47,47,47,
50,54,53,50,54,53,50,50,51,50,55,49,50,50,50,51,54,52,50,54,48,50,50,51,50,55,51,50,54,49,53,47,47,47,51,51,47,51,52,50,49,52,50,47,50,49,51,53,54,52,48,49,50,50,53,52,52,55,49,51,49,49,49,49,55,49,48,54,55,54,51,50,52,53,54,53,55,48,47,50,49,50,55,48,53,50,49,49,50,52,49,49,50,53,50,50,52,49,49,49,49,45,49,51,51,50,47,54,53,53,52,50,51,52,50,49,48,48,51,53,49,51,49,50,53,51,48,48,54,50,54,51,53,51,53,54,52,48,52,51,53,50,56,54,51,55,53,50,49,48,48,49,51,51,54,49,51,50,56,53,54,50,52,52,53,52,51,51,48,52,52,52,51,48,48,47,48,52,52,51,46,52,52,52,49,49,51,48,51,53,48,54,49,49,49,52,49,51,52,50,53,52,50,48,48,48,53,51,52,48,49,49,49,49,49,48,55,50,51,49,51,52,53,51,50,51,53,50,50,48,52,52,53,56,55,48,53,52,52,52,47,50,47,51,52,53,51,51,51,50,48,50,49,50,48,51,
51,53,51,51,53,54,54,50,51,52,51,52,51,50,51,51,53,53,48,55,51,48,49,49,51,54,55,48,49,54,49,50,49,50,52,51,51,51,50,50,50,49,53,50,52,52,54,49,55,55,46,49,47,49,50,48,51,55,52,52,49,50,50,55,47,55,50,52,54,52,51,50,50,53,51,50,54,55,52,50,50,56,49,54,54,49,51,51,51,52,51,49,49,51,50,50,50,50,50,46,46,51,50,55,51,52,48,49,51,49,53,52,53,52,52,56,53,51,51,52,51,51,52,50,51,48,53,53,54,51,50,50,54,54,50,54,53,46,50,50,53,50,50,51,52,53,52,55,55,52,50,50,50,52,48,52,53,52,51,55,57,49,53,51,50,50,53,52,52,52,52,46,54,50,49,49,50,52,53,48,47,53,53,50,49,50,49,52,51,50,49,51,51,51,50,48,52,50,51,51,53,47,51,50,52,53,54,52,48,49,49,50,52,51,51,51,52,51,52,51,51,51,48,52,48,50,50,51,51,50,53,52,54,54,54,49,55,57,53,54,53,51,55,50,55,51,51,52,51,50,52,51,52,52,52,52,
52,51,53,54,50,54,54,50,52,51,52,47,51,51,52,54,54,51,48,50,54,50,50,48,53,55,55,53,49,54,54,55,54,53,52,55,52,51,52,53,52,50,53,52,55,51,52,54,54,51,50,50,47,50,49,51,57,56,50,53,49,50,50,48,56,51,49,49,52,53,52,51,54,55,56,51,50,55,53,51,51,52,56,50,55,52,51,52,52,59,52,50,51,51,52,51,49,52,50,50,49,47,56,53,56,51,54,55,55,51,50,51,54,54,53,50,49,50,51,52,53,50,53,54,53,49,49,55,52,51,51,53,47,55,52,50,54,47,52,51,52,53,52,52,53,53,49,54,50,52,49,53,50,52,54,56,49,54,51,56,55,54,50,51,53,51,54,51,53,53,53,52,52,54,50,52,52,53,53,51,47,47,54,54,50,52,49,50,51,53,53,52,52,51,52,52,54,49,49,49,48,53,51,53,52,51,54,52,53,52,52,52,52,52,52,52,51,51,51,51,52,55,50,52,52,51,52,50,51,52,55,53,52,53,54,55,52,52,54,55,54,54,52,51,51,54,51,50,53,51,50,52,50,53,50,53,
54,54,55,55,54,50,50,54,55,52,53,54,53,53,53,54,55,51,49,50,52,52,54,55,54,54,56,56,53,54,54,55,54,54,52,54,52,55,57,49,51,52,51,52,53,53,53,53,52,49,53,51,47,51,51,52,53,53,55,51,52,51,52,57,50,54,51,51,50,53,52,51,52,55,52,52,55,50,51,54,51,50,54,51,52,55,52,52,53,59,54,51,53,55,54,52,53,55,51,53,53,53,49,54,53,55,54,55,55,51,51,54,52,51,53,53,51,51,49,49,52,54,54,53,51,54,51,54,51,54,54,54,50,52,53,51,55,54,55,52,52,53,54,54,53,52,53,55,51,51,50,55,53,50,50,51,49,52,54,55,52,56,58,55,51,52,54,52,53,53,54,52,53,51,54,53,51,52,51,52,53,48,49,53,51,52,55,56,51,51,51,53,53,53,51,53,53,50,51,51,48,47,51,53,54,54,54,53,52,52,53,53,51,56,53,52,53,52,53,56,58,56,54,52,49,49,53,52,52,52,54,55,55,53,54,55,54,56,55,54,56,56,55,54,54,52,53,52,52,54,53,53,53,51,50,53,
52,53,54,54,54,53,53,50,55,51,52,50,55,56,54,53,54,50,52,56,54,53,54,55,54,56,55,53,55,51,52,55,55,54,52,52,52,54,55,57,52,52,52,55,54,56,55,53,52,54,52,52,50,48,48,55,52,56,56,58,54,53,56,57,57,54,53,52,54,53,53,52,54,52,53,53,56,51,56,54,51,54,55,52,52,52,56,55,54,53,55,53,53,56,54,52,54,54,56,52,54,57,56,55,51,56,56,51,54,55,54,52,52,54,53,53,53,53,55,51,52,55,57,58,53,51,51,51,52,52,54,51,53,55,53,53,51,55,50,54,54,54,53,54,54,54,54,56,52,52,50,53,55,51,49,50,51,53,53,56,53,56,55,58,56,53,52,54,53,54,56,55,53,54,54,54,55,53,54,54,50,54,51,53,56,53,56,55,52,54,55,55,54,54,52,52,53,52,51,52,49,51,52,52,55,55,54,55,52,53,55,55,53,52,58,54,53,53,56,54,52,59,58,57,52,53,54,52,53,53,55,55,55,55,55,55,53,54,54,56,51,55,55,55,54,54,52,54,55,56,53,54,54,54,52,51,
51,54,51,58,55,53,53,54,57,55,53,54,53,56,55,55,53,51,54,56,54,54,55,56,55,53,57,58,55,56,54,56,51,55,59,53,52,57,55,52,52,55,57,54,55,57,51,52,52,54,56,54,54,53,52,55,54,55,55,54,55,53,54,56,53,52,56,53,53,54,54,53,52,52,51,54,54,54,57,52,52,57,53,55,55,53,56,55,56,53,57,54,56,53,54,53,54,55,54,53,56,57,53,53,53,55,58,55,55,55,56,55,55,54,55,53,51,55,56,54,53,52,53,57,53,50,52,56,52,52,54,53,53,54,54,56,55,52,51,58,54,54,52,54,53,56,51,56,56,51,54,54,53,52,52,55,51,53,53,55,56,53,53,54,54,53,51,55,51,55,54,57,54,56,53,55,54,54,55,55,51,56,53,56,54,56,58,55,53,54,54,55,52,53,55,55,54,53,55,54,55,50,54,53,52,52,55,52,54,54,56,54,53,59,56,58,55,53,54,52,52,51,59,59,53,55,53,54,54,53,52,59,56,55,55,55,53,54,56,56,52,52,56,52,55,53,57,53,57,54,55,53,54,55,55,53,
55,54,54,52,61,53,53,55,54,52,56,54,52,54,55,56,57,53,56,55,57,52,55,57,56,54,53,56,55,56,56,55,54,57,53,52,55,57,55,53,58,56,54,55,56,58,54,55,55,53,54,52,56,54,54,51,55,51,56,57,56,54,55,54,57,52,54,54,53,53,53,56,53,52,53,55,55,54,55,52,55,55,57,52,56,56,58,58,55,56,55,56,57,54,56,55,54,54,53,58,56,56,55,54,53,55,54,56,56,54,54,56,55,56,56,54,52,55,56,56,54,51,57,54,53,59,54,54,57,53,53,53,52,52,53,53,54,51,52,55,57,54,55,54,57,58,57,56,57,55,55,56,53,54,52,54,55,54,53,52,55,55,56,55,52,53,57,53,53,56,55,54,56,56,55,54,54,55,55,55,52,53,57,54,52,57,55,56,54,55,55,58,57,55,53,54,54,53,55,58,52,56,54,55,54,52,53,54,55,54,54,57,58,54,54,57,56,55,57,57,53,53,55,54,54,55,55,52,55,54,53,54,57,56,56,53,54,54,54,53,54,54,53,55,55,55,55,53,57,57,53,55,54,53,55,56,
56,56,54,55,55,61,60,57,56,54,53,57,56,56,55,57,55,54,54,52,56,56,53,54,58,56,56,57,58,55,57,56,55,55,57,54,52,56,56,55,58,55,55,57,56,57,55,54,56,54,55,57,53,53,57,55,56,58,55,57,56,57,58,56,59,54,54,60,56,55,53,55,56,53,53,57,53,54,54,53,56,55,56,56,59,57,57,60,56,54,57,58,55,56,58,54,54,56,55,56,53,55,55,56,54,57,55,54,58,55,56,54,57,53,56,55,55,56,57,54,52,52,58,54,56,55,53,57,53,55,57,54,53,55,55,57,54,54,57,54,56,55,56,54,56,55,56,58,57,54,56,56,55,56,55,54,54,54,56,56,54,56,54,55,57,57,54,55,54,55,55,56,58,56,54,55,57,54,56,55,53,52,55,57,53,55,57,57,56,55,57,57,58,55,55,55,55,56,57,59,55,54,56,54,53,52,54,54,53,56,57,58,58,53,56,56,57,56,57,55,55,55,57,59,55,56,54,54,53,56,52,55,56,56,56,54,54,55,51,55,53,52,55,55,54,55,56,55,54,56,54,56,54,54,55,52,
57,56,57,55,55,55,61,55,57,58,52,57,57,55,59,55,57,56,55,58,57,57,57,58,58,57,56,55,58,58,54,57,56,55,58,53,53,55,55,57,57,57,56,55,58,58,54,56,57,56,54,58,57,59,58,58,54,56,57,56,57,58,59,55,54,55,56,60,56,57,55,56,56,55,53,54,57,57,55,56,53,53,58,58,55,59,57,58,59,57,55,56,57,55,55,56,55,55,54,56,58,54,56,57,57,53,59,59,57,54,56,56,55,57,54,56,58,58,56,55,59,53,56,57,55,57,54,52,58,55,56,57,55,55,56,58,55,55,57,57,55,58,57,58,56,57,56,56,54,56,54,53,55,56,55,59,57,56,56,56,58,55,58,56,54,54,57,56,56,56,54,55,57,56,56,55,56,55,56,57,56,54,55,55,54,58,57,58,57,57,57,56,59,55,56,55,56,57,55,60,59,55,55,56,53,55,55,58,55,54,56,58,59,56,54,60,58,55,58,57,56,57,60,58,56,56,55,55,59,55,61,53,55,54,57,55,55,56,53,56,54,55,56,55,53,55,55,57,55,58,56,57,56,54,53,53,
57,55,57,56,58,59,57,56,58,58,58,57,57,56,56,55,58,55,58,58,58,56,58,58,58,56,55,56,57,59,58,57,58,58,59,58,56,54,59,58,56,57,58,58,58,55,55,57,58,57,59,55,58,58,58,55,57,56,57,60,56,58,56,56,55,57,54,56,57,57,56,56,56,57,58,55,57,57,54,57,58,57,58,56,56,56,57,58,56,58,58,57,57,57,55,56,56,56,55,57,58,56,55,56,58,59,59,55,57,54,55,55,56,57,57,57,55,54,56,58,56,56,57,55,58,56,57,56,59,59,56,57,59,57,57,56,57,56,54,58,58,59,56,57,58,59,56,56,57,57,57,59,54,59,59,59,59,56,57,60,57,57,58,55,54,57,59,56,57,60,56,57,54,57,57,55,57,58,56,59,58,56,55,58,57,58,58,55,59,57,55,57,58,57,59,59,57,57,58,57,60,57,56,56,54,55,57,59,54,55,59,56,59,56,60,61,58,56,55,57,58,58,59,60,56,55,56,57,57,56,56,61,59,56,56,57,56,60,57,58,55,56,57,54,55,56,56,55,57,55,56,57,58,56,57,54,
58,56,56,56,60,58,60,57,58,56,58,57,55,57,60,57,57,58,58,59,56,58,56,59,59,54,56,58,59,58,58,57,58,59,58,59,59,56,59,59,56,58,58,59,56,59,55,59,58,58,56,56,59,57,59,56,58,59,57,59,61,58,57,57,57,56,57,57,58,58,57,57,57,59,58,56,56,57,56,56,55,60,58,56,57,56,60,56,60,57,59,58,60,59,58,57,58,57,57,58,58,57,61,56,55,59,55,59,57,58,56,57,57,56,58,57,55,57,57,56,57,59,57,55,58,57,55,57,60,56,59,58,58,56,56,56,56,57,56,59,60,56,59,57,56,55,57,58,55,57,58,58,60,59,57,57,59,59,57,56,57,58,58,58,57,58,59,58,56,59,58,58,57,59,58,57,57,58,57,57,59,57,56,56,60,60,58,57,56,57,57,57,55,58,56,59,60,56,58,60,57,57,57,57,58,57,58,57,54,55,54,59,57,56,57,58,61,58,56,56,55,58,59,58,60,57,58,55,60,57,56,57,60,57,57,56,57,57,56,62,57,55,55,55,58,55,58,57,57,59,58,58,58,56,57,59,
58,57,60,58,59,59,60,57,57,59,57,59,55,60,60,56,58,58,59,59,57,58,57,58,60,55,57,58,58,57,58,59,58,58,58,57,59,58,58,57,58,58,58,57,56,57,56,58,58,59,59,59,58,58,59,60,57,59,60,59,59,59,60,59,58,59,57,57,56,58,57,56,58,61,58,60,57,57,59,57,58,57,60,60,57,57,59,56,58,60,60,59,56,58,60,58,56,58,59,59,62,61,60,57,56,56,56,56,58,58,57,57,57,60,59,55,57,58,59,57,57,57,60,58,59,60,58,59,61,58,58,57,62,58,57,58,56,56,57,61,57,58,58,55,57,57,59,58,58,58,59,60,58,60,59,57,58,59,58,58,60,58,57,59,59,58,59,59,55,56,59,58,59,58,57,58,59,59,59,58,61,56,57,57,58,58,59,57,56,58,57,56,58,57,60,57,60,59,57,60,57,59,58,59,59,60,57,59,58,58,62,62,57,58,59,58,58,59,58,58,58,57,58,58,59,57,58,59,57,61,58,60,61,56,56,57,55,57,57,58,58,57,57,57,57,60,57,59,59,60,57,57,57,58,60,59,
59,58,57,57,60,60,61,57,57,59,60,60,61,56,61,57,58,57,58,58,58,59,59,60,57,56,59,58,58,59,58,58,59,59,57,58,58,58,58,58,59,57,58,58,58,57,57,59,59,59,58,59,58,57,58,60,61,57,62,60,58,62,57,60,59,60,59,58,57,58,60,59,57,58,57,57,59,60,59,57,59,59,60,60,60,59,59,60,59,60,59,60,58,59,60,60,60,60,59,60,58,61,62,59,57,59,57,58,59,60,59,58,58,57,57,61,58,59,60,59,58,59,58,58,58,61,60,58,61,57,59,57,62,59,59,60,57,56,59,58,60,60,57,56,58,60,61,63,58,58,58,59,59,58,61,58,59,59,57,58,57,57,59,58,59,58,58,59,57,60,57,59,58,58,58,61,60,60,59,59,61,57,57,59,61,58,58,60,59,57,56,59,57,59,59,59,58,59,58,56,61,58,57,58,60,61,61,58,59,60,57,59,58,58,58,60,59,59,60,58,57,60,58,61,58,59,59,59,58,58,60,59,59,57,59,60,59,59,56,57,59,59,59,58,58,61,59,59,62,60,59,58,57,58,61,62,
61,59,60,58,58,60,59,58,58,60,60,61,62,58,58,57,60,60,62,57,59,59,60,58,58,58,59,58,58,59,60,60,59,60,58,60,59,59,61,60,60,59,58,58,60,59,58,59,59,58,59,60,59,59,59,58,59,60,58,62,59,62,62,60,61,60,61,58,58,59,59,60,59,57,59,58,59,60,61,58,58,58,58,62,60,60,59,60,60,59,62,60,59,59,59,61,60,60,59,60,58,58,60,59,58,58,58,60,59,61,60,61,58,58,59,61,60,59,60,59,59,58,60,59,59,59,61,60,60,58,59,59,57,59,60,59,60,60,59,59,59,58,60,58,58,58,61,60,58,58,58,59,59,59,61,60,61,60,57,59,58,59,60,58,59,59,58,60,60,60,60,59,59,59,61,59,62,60,60,57,60,58,62,62,62,59,59,59,58,60,58,59,60,60,58,57,59,59,58,57,61,61,58,61,61,59,58,59,59,60,60,58,62,58,61,61,58,60,60,59,61,60,62,59,59,60,58,59,60,59,58,58,59,59,59,60,61,57,59,61,59,59,60,59,58,58,60,61,57,57,61,57,58,60,58,62,
59,60,60,59,60,60,60,60,60,60,61,59,60,59,59,59,59,61,60,63,59,58,59,59,60,59,60,60,58,59,59,60,61,60,60,59,61,59,60,59,61,61,58,58,60,58,59,59,59,59,60,60,58,60,60,59,61,60,62,62,61,61,61,62,61,59,59,59,62,63,59,61,60,58,60,59,60,60,58,59,60,59,59,59,59,60,61,58,60,60,59,60,58,61,60,60,59,59,60,60,59,58,59,61,60,58,59,59,60,59,61,59,61,59,59,58,59,60,60,59,60,60,59,59,60,58,60,60,61,58,61,60,61,61,58,58,61,60,61,59,61,62,60,60,60,60,62,60,59,59,59,60,59,62,60,58,63,58,58,58,59,59,60,59,60,59,58,60,59,60,60,60,60,61,59,61,60,61,61,60,61,60,59,62,61,61,59,58,59,60,61,60,62,59,59,61,59,59,59,58,58,59,61,61,59,61,59,58,59,60,59,61,61,60,59,61,62,59,60,59,59,61,62,59,61,59,59,60,61,59,58,61,60,60,58,59,60,59,58,62,61,60,59,61,60,59,58,61,62,61,58,58,58,58,58,59,
61,62,59,59,61,61,60,61,61,61,61,59,61,61,60,60,61,59,60,63,61,62,59,60,61,60,60,61,61,60,61,60,62,61,62,62,62,62,61,60,61,61,62,59,62,61,59,60,61,61,60,61,59,62,61,61,61,61,61,59,60,62,61,63,63,59,61,62,62,61,63,60,61,59,64,62,62,60,62,60,60,59,61,60,61,61,61,61,59,60,60,60,59,59,63,60,59,60,59,59,59,60,60,61,61,61,60,60,60,61,60,61,62,61,60,62,60,61,61,63,60,60,59,60,60,61,62,60,60,60,61,60,61,60,60,59,59,60,60,60,60,61,61,60,60,61,60,61,62,62,60,60,60,59,62,60,59,59,59,59,60,61,61,60,61,59,60,61,59,60,61,61,60,62,60,60,61,60,61,62,62,60,60,62,60,61,63,60,61,61,61,61,63,62,60,60,60,59,61,61,59,60,61,61,62,61,63,59,61,61,61,61,62,60,60,59,61,60,59,61,59,61,61,60,61,61,61,60,62,60,61,60,62,61,60,59,62,60,62,61,60,61,60,59,62,59,60,59,60,63,59,60,59,62,60,59,
63,61,60,62,61,60,62,60,62,62,60,62,62,61,61,61,61,62,61,62,62,61,60,60,62,64,62,61,61,61,61,62,63,61,62,61,62,62,62,61,61,61,60,60,62,62,62,60,60,60,63,61,62,61,62,61,61,60,61,60,61,61,62,61,61,61,61,62,61,61,61,63,60,61,64,61,61,61,60,62,61,62,61,60,61,62,61,62,62,61,61,62,60,60,61,62,61,60,60,60,62,62,62,61,62,61,60,60,61,60,62,61,62,61,60,63,60,63,62,62,62,61,62,61,60,62,60,62,61,60,62,61,61,61,62,61,63,61,61,61,62,61,60,61,61,61,62,61,60,60,60,60,61,61,61,61,60,61,62,61,61,62,61,62,61,60,60,61,62,62,62,61,61,60,60,61,62,60,62,61,63,62,61,62,62,61,61,62,61,62,62,61,61,62,62,61,61,61,61,63,60,61,61,61,61,61,62,62,62,61,62,62,62,61,61,63,60,62,61,62,60,63,62,62,61,62,60,62,62,61,61,60,61,62,60,60,60,60,60,61,62,61,61,61,62,60,62,60,60,62,62,61,63,63,61,62,
61,61,62,61,62,61,63,63,61,62,62,62,63,62,62,61,62,63,61,62,62,61,63,61,62,63,63,62,62,63,62,62,61,62,62,61,63,62,61,62,61,62,61,61,63,62,63,63,61,62,63,62,63,61,62,61,62,62,61,61,63,61,62,62,62,61,63,63,62,63,63,61,61,63,61,62,61,61,63,62,62,63,62,62,61,61,62,61,63,62,62,62,62,62,61,61,62,62,64,61,61,61,62,63,61,61,61,61,62,61,62,62,64,62,61,61,61,64,61,63,63,62,63,62,63,61,61,62,62,62,63,62,61,63,62,61,62,62,62,61,61,63,61,61,61,62,61,63,63,62,62,61,62,63,63,63,62,63,61,62,62,61,61,62,62,63,62,62,62,61,62,62,63,64,62,63,61,63,61,62,61,63,62,61,62,63,61,64,62,61,61,62,61,62,61,63,64,62,61,61,62,61,62,63,62,62,62,62,63,62,61,63,61,63,61,63,62,64,61,62,62,62,63,61,62,61,62,62,62,62,63,61,62,62,63,61,62,61,62,64,62,61,62,62,61,63,61,63,61,61,62,61,63,62,62,62,
63,63,63,63,63,63,64,64,63,63,63,63,62,63,63,63,63,63,62,62,62,63,63,63,64,64,63,63,63,63,64,63,63,62,62,63,62,62,62,62,63,62,64,62,62,62,63,63,63,63,63,63,62,62,63,62,63,62,64,62,63,63,62,62,62,63,63,63,63,63,62,63,63,64,63,62,62,62,64,63,63,62,62,62,62,63,62,62,63,62,63,63,64,62,63,62,62,62,62,63,62,62,62,62,62,64,62,62,63,62,63,62,62,63,64,62,62,63,63,63,63,63,62,62,62,64,63,62,63,63,64,63,62,63,62,62,64,64,62,62,62,63,63,64,62,63,62,63,63,62,63,62,63,64,63,62,62,64,63,63,63,63,62,63,62,64,62,63,62,62,63,64,62,63,64,63,63,62,63,62,63,63,63,62,63,62,63,64,62,62,62,62,63,62,63,62,63,63,62,64,63,62,62,62,63,63,63,63,64,64,63,63,62,62,62,62,62,64,63,62,62,62,63,62,62,62,62,62,63,63,63,63,63,64,62,62,62,62,63,63,62,62,62,64,62,63,63,63,63,62,62,62,63,62,62,63,
63,63,64,63,63,63,63,64,64,64,64,63,63,63,64,63,63,63,63,64,63,64,64,63,64,64,63,63,63,63,63,63,63,63,64,63,63,63,63,64,64,63,63,63,63,64,64,63,63,64,64,63,64,63,64,63,63,63,63,64,63,64,63,63,63,63,63,63,63,63,64,63,64,63,64,64,63,64,63,63,63,63,63,63,63,64,63,64,64,64,63,64,64,63,63,63,63,63,63,64,63,64,63,64,63,64,63,64,63,64,63,63,63,63,63,63,63,63,64,64,64,63,63,63,63,64,63,63,64,63,63,64,63,63,63,63,63,64,63,63,63,63,63,63,63,63,64,63,63,63,64,63,63,64,63,63,64,64,64,63,63,64,63,64,63,64,64,63,63,63,63,63,63,63,64,63,64,63,63,63,63,64,63,63,63,63,63,63,64,63,63,63,64,63,63,63,63,64,63,63,64,64,63,64,64,63,64,63,63,63,64,64,63,64,63,63,63,63,64,64,63,63,63,63,63,63,64,63,63,63,63,64,64,64,63,63,64,63,64,63,63,63,63,64,63,64,63,64,63,64,63,63,63,63,63,63,
64,64,64,64,64,64,64,64,64,64,64,64,64,64,64,64,64,64,64,64,64,64,64,64,64,64,64,64,64,64,64,64,64,64,64,64,64,64,64,64,64,64,64,64,64,64,64,64,64,64,64,64,64,64,64,64,64,64,64,64,64,64,64,64,64,64,64,64,64,64,64,64,64,64,64,64,64,64,64,64,64,64,64,64,64,64,64,64,64,64,64,64,64,64,64,64,64,64,64,64,64,64,64,64,64,64,64,64,64,64,64,64,64,64,64,64,64,64,64,64,64,64,64,64,64,64,64,64,64,64,64,64,64,64,64,64,64,64,64,64,64,64,64,64,64,64,64,64,64,64,64,64,64,64,64,64,64,64,64,64,64,64,64,64,64,64,64,64,64,64,64,64,64,64,64,64,64,64,64,64,64,64,64,64,64,64,64,64,64,64,64,64,64,64,64,64,64,64,64,64,64,64,64,64,64,64,64,64,64,64,64,64,64,64,64,64,64,64,64,64,64,64,64,64,64,64,64,64,64,64,64,64,64,64,64,64,64,64,64,64,64,64,64,64,64,64,64,64,64,64,64,64,64,64,64,64,