[64, 256, 128]
0,0,0,0,0,0,0,0,0,0,0,0,0,0,0,0,0,0,0,0,0,0,0,0,0,0,0,0,0,0,0,0,0,0,0,0,0,0,0,0,0,0,0,0,0,0,0,0,0,0,0,0,0,0,0,0,0,0,0,0,0,0,0,0,0,0,0,0,0,0,0,0,0,0,0,0,0,0,0,0,0,0,0,0,0,0,0,0,0,0,0,0,0,0,0,0,0,0,0,0,0,0,0,0,0,0,0,0,0,0,0,0,0,0,0,0,0,0,0,0,0,0,0,0,0,0,0,0,0,0,0,0,0,0,0,0,0,0,0,0,0,0,0,0,0,0,0,0,0,0,0,0,0,0,0,0,0,0,0,0,0,0,0,0,0,0,0,0,0,0,0,0,0,0,0,0,0,0,0,0,0,0,0,0,0,0,0,0,0,0,0,0,0,0,0,0,0,0,0,0,0,0,0,0,0,0,0,0,0,0,0,0,0,0,0,0,0,0,0,0,0,0,0,0,0,0,0,0,0,0,0,0,0,0,0,0,0,0,0,0,0,0,0,0,0,0,0,0,0,0,0,0,0,0,0,0,
0,0,0,0,0,0,0,0,0,0,0,0,0,0,0,0,0,0,0,0,0,0,0,0,0,0,0,0,0,0,0,0,0,0,0,0,0,0,0,0,0,0,0,0,0,0,0,0,0,0,0,0,0,0,0,0,0,0,0,0,0,0,0,0,0,0,0,0,0,0,0,0,0,0,0,0,0,0,0,0,0,0,0,0,0,0,0,0,0,0,0,0,0,0,0,0,0,0,0,0,0,0,0,0,0,0,0,0,0,0,0,0,0,0,0,0,0,0,0,0,0,0,0,0,0,0,0,0,0,0,0,0,0,0,0,0,0,0,0,0,0,0,0,0,0,0,0,0,0,0,0,0,0,0,0,0,0,0,0,0,0,0,0,0,0,0,0,0,0,0,0,0,0,0,0,0,0,0,0,0,0,0,0,0,0,0,0,0,0,0,0,0,0,0,0,0,0,0,0,0,0,0,0,0,0,0,0,0,0,0,0,0,0,0,0,0,0,0,0,0,0,0,0,0,0,0,0,0,0,0,0,0,0,0,0,0,0,0,0,0,0,0,0,0,0,0,0,0,0,0,0,0,0,0,0,0,
0,0,0,0,0,0,0,0,0,0,0,0,0,0,0,0,0,0,0,0,0,0,0,0,0,0,0,0,0,0,0,0,0,0,0,0,0,0,0,0,0,0,0,0,0,0,0,0,0,0,0,0,0,0,0,0,0,0,0,0,0,0,0,0,0,0,0,0,0,0,0,0,0,0,0,0,0,0,0,0,0,0,0,0,0,0,0,0,0,0,0,0,0,0,0,0,0,0,0,0,0,0,0,0,0,0,0,0,0,0,0,0,0,0,0,0,0,0,0,0,0,0,0,0,0,0,0,0,0,0,0,0,0,0,0,0,0,0,0,0,0,0,0,0,0,0,0,0,0,0,0,0,0,0,0,0,0,0,0,0,0,0,0,0,0,0,0,0,0,0,0,0,0,0,0,0,0,0,0,0,0,0,0,0,0,0,0,0,0,0,0,0,0,0,0,0,0,0,0,0,0,0,0,0,0,0,0,0,0,0,0,0,0,0,0,0,0,0,0,0,0,0,0,0,0,0,0,0,0,0,0,0,0,0,0,0,0,0,0,0,0,0,0,0,0,0,0,0,0,0,0,0,0,0,0,0,
0,0,0,0,0,0,0,0,0,0,0,0,0,0,0,0,0,0,0,0,0,0,0,0,0,0,0,0,0,0,0,0,0,0,0,0,0,0,0,0,0,0,0,0,0,0,0,0,0,0,0,0,0,0,0,0,0,0,0,0,0,0,0,0,0,0,0,0,0,0,0,0,0,0,0,0,0,0,0,0,0,0,0,0,0,0,0,0,0,0,0,0,0,0,0,0,0,0,0,0,0,0,0,0,0,0,0,0,0,0,0,0,0,0,0,0,0,0,0,0,0,0,0,0,0,0,0,0,0,0,0,0,0,0,0,0,0,0,0,0,0,0,0,0,0,0,0,0,0,0,0,0,0,0,0,0,0,0,0,0,0,0,0,0,0,0,0,0,0,0,0,0,0,0,0,0,0,0,0,0,0,0,0,0,0,0,0,0,0,0,0,0,0,0,0,0,0,0,0,0,0,0,0,0,0,0,0,0,0,0,0,0,0,0,0,0,0,0,0,0,0,0,0,0,0,0,0,0,0,0,0,0,0,0,0,0,0,0,0,0,0,0,0,0,0,0,0,0,0,0,0,0,0,0,0,0,
0,0,0,0,0,0,0,0,0,0,0,0,0,0,0,0,0,0,0,0,0,0,0,0,0,0,0,0,0,0,0,0,0,0,0,0,0,0,0,0,0,0,0,0,0,0,0,0,0,0,0,0,0,0,0,0,0,0,0,0,0,0,0,0,0,0,0,0,0,0,0,0,0,0,0,0,0,0,0,0,0,0,0,0,0,0,0,0,0,0,0,0,0,0,0,0,0,0,0,0,0,0,0,0,0,0,0,0,0,0,0,0,0,0,0,0,0,0,0,0,0,0,0,0,0,0,0,0,0,0,0,0,0,0,0,0,0,0,0,0,0,0,0,0,0,0,0,0,0,0,0,0,0,0,0,0,0,0,0,0,0,0,0,0,0,0,0,0,0,0,0,0,0,0,0,0,0,0,0,0,0,0,0,0,0,0,0,0,0,0,0,0,0,0,0,0,0,0,0,0,0,0,0,0,0,0,0,0,0,0,0,0,0,0,0,0,0,0,0,0,0,0,0,0,0,0,0,0,0,0,0,0,0,0,0,0,0,0,0,0,0,0,0,0,0,0,0,0,0,0,0,0,0,0,0,0,
0,0,0,0,0,0,0,0,0,0,0,0,0,0,0,0,0,0,0,0,0,0,0,0,0,0,0,0,0,0,0,0,0,0,0,0,0,0,0,0,0,0,0,0,0,0,0,0,0,0,0,0,0,0,0,0,0,0,0,0,0,0,0,0,0,0,0,0,0,0,0,0,0,0,0,0,0,0,0,0,0,0,0,0,0,0,0,0,0,0,0,0,0,0,0,0,0,0,0,0,0,0,0,0,0,0,0,0,0,0,0,0,0,0,0,0,0,0,0,0,0,0,0,0,0,0,0,0,0,0,0,0,0,0,0,0,0,0,0,0,0,0,0,0,0,0,0,0,0,0,0,0,0,0,0,0,0,0,0,0,0,0,0,0,0,0,0,0,0,0,0,0,0,0,0,0,0,0,0,0,0,0,0,0,0,0,0,0,0,0,0,0,0,0,0,0,0,0,0,0,0,0,0,0,0,0,0,0,0,0,0,0,0,0,0,0,0,0,0,0,0,0,0,0,0,0,0,0,0,0,0,0,0,0,0,0,0,0,0,0,0,0,0,0,0,0,0,0,0,0,0,0,0,0,0,0,
0,0,0,0,0,0,0,0,0,0,0,0,0,0,0,0,0,0,0,0,0,0,0,0,0,0,0,0,0,0,0,0,0,0,0,0,0,0,0,0,0,0,0,0,0,0,0,0,0,0,0,0,0,0,0,0,0,0,0,0,0,0,0,0,0,0,0,0,0,0,0,0,0,0,0,0,0,0,0,0,0,0,0,0,0,0,0,0,0,0,0,0,0,0,0,0,0,0,0,0,0,0,0,0,0,0,0,0,0,0,0,0,0,0,0,0,0,0,0,0,0,0,0,0,0,0,0,0,0,0,0,0,0,0,0,0,0,0,0,0,0,0,0,0,0,0,0,0,0,0,0,0,0,0,0,0,0,0,0,0,0,0,0,0,0,0,0,0,0,0,0,0,0,0,0,0,0,0,0,0,0,0,0,0,0,0,0,0,0,0,0,0,0,0,0,0,0,0,0,0,0,0,0,0,0,0,0,0,0,0,0,0,0,0,0,0,0,0,0,0,0,0,0,0,0,0,0,0,0,0,0,0,0,0,0,0,0,0,0,0,0,0,0,0,0,0,0,0,0,0,0,0,0,0,0,0,
0,0,0,0,0,0,0,0,0,0,0,0,0,0,0,0,0,0,0,0,0,0,0,0,0,0,0,0,0,0,0,0,0,0,0,0,0,0,0,0,0,0,0,0,0,0,0,0,0,0,0,0,0,0,0,0,0,0,0,0,0,0,0,0,0,0,0,0,0,0,0,0,0,0,0,0,0,0,0,0,0,0,0,0,0,0,0,0,0,0,0,0,0,0,0,0,0,0,0,0,0,0,0,0,0,0,0,0,0,0,0,0,0,0,0,0,0,0,0,0,0,0,0,0,0,0,0,0,0,0,0,0,0,0,0,0,0,0,0,0,0,0,0,0,0,0,0,0,0,0,0,0,0,0,0,0,0,0,0,0,0,0,0,0,0,0,0,0,0,0,0,0,0,0,0,0,0,0,0,0,0,0,0,0,0,0,0,0,0,0,0,0,0,0,0,0,0,0,0,0,0,0,0,0,0,0,0,0,0,0,0,0,0,0,0,0,0,0,0,0,0,0,0,0,0,0,0,0,0,0,0,0,0,0,0,0,0,0,0,0,0,0,0,0,0,0,0,0,0,0,0,0,0,0,0,0,
0,0,0,0,0,0,0,0,0,0,0,0,0,0,0,0,0,0,0,0,0,0,0,0,0,0,0,0,0,0,0,0,0,0,0,0,0,0,0,0,0,0,0,0,0,0,0,0,0,0,0,0,0,0,0,0,0,0,0,0,0,0,0,0,0,0,0,0,0,0,0,0,0,0,0,0,0,0,0,0,0,0,0,0,0,0,0,0,0,0,0,0,0,0,0,0,0,0,0,0,0,0,0,0,0,0,0,0,0,0,0,0,0,0,0,0,0,0,0,0,0,0,0,0,0,0,0,0,0,0,0,0,0,0,0,0,0,0,0,0,0,0,0,0,0,0,0,0,0,0,0,0,0,0,0,0,0,0,0,0,0,0,0,0,0,0,0,0,0,0,0,0,0,0,0,0,0,0,0,0,0,0,0,0,0,0,0,0,0,0,0,0,0,0,0,0,0,0,0,0,0,0,0,0,0,0,0,0,0,0,0,0,0,0,0,0,0,0,0,0,0,0,0,0,0,0,0,0,0,0,0,0,0,0,0,0,0,0,0,0,0,0,0,0,0,0,0,0,0,0,0,0,0,0,0,0,
0,0,0,0,0,0,0,0,0,0,0,0,0,0,0,0,0,0,0,0,0,0,0,0,0,0,0,0,0,0,0,0,0,0,0,0,0,0,0,0,0,0,0,0,0,0,0,0,0,0,0,0,0,0,0,0,0,0,0,0,0,0,0,0,0,0,0,0,0,0,0,0,0,0,0,0,0,0,0,0,0,0,0,0,0,0,0,0,0,0,0,0,0,0,0,0,0,0,0,0,0,0,0,0,0,0,0,0,0,0,0,0,0,0,0,0,0,0,0,0,0,0,0,0,0,0,0,0,0,0,0,0,0,0,0,0,0,0,0,0,0,0,0,0,0,0,0,0,0,0,0,0,0,0,0,0,0,0,0,0,0,0,0,0,0,0,0,0,0,0,0,0,0,0,0,0,0,0,0,0,0,0,0,0,0,0,0,0,0,0,0,0,0,0,0,0,0,0,0,0,0,0,0,0,0,0,0,0,0,0,0,0,0,0,0,0,0,0,0,0,0,0,0,0,0,0,0,0,0,0,0,0,0,0,0,0,0,0,0,0,0,0,0,0,0,0,0,0,0,0,0,0,0,0,0,0,
0,0,0,0,0,0,0,0,0,0,0,0,0,0,0,0,0,0,0,0,0,0,0,0,0,0,0,0,0,0,0,0,0,0,0,0,0,0,0,0,0,0,0,0,0,0,0,0,0,0,0,0,0,0,0,0,0,0,0,0,0,0,0,0,0,0,0,0,0,0,0,0,0,0,0,0,0,0,0,0,0,0,0,0,0,0,0,0,0,0,0,0,0,0,0,0,0,0,0,0,0,0,0,0,0,0,0,0,0,0,0,0,0,0,0,0,0,0,0,0,0,0,0,0,0,0,0,0,0,0,0,0,0,0,0,0,0,0,0,0,0,0,0,0,0,0,0,0,0,0,0,0,0,0,0,0,0,0,0,0,0,0,0,0,0,0,0,0,0,0,0,0,0,0,0,0,0,0,0,0,0,0,0,0,0,0,0,0,0,0,0,0,0,0,0,0,0,0,0,0,0,0,0,0,0,0,0,0,0,0,0,0,0,0,0,0,0,0,0,0,0,0,0,0,0,0,0,0,0,0,0,0,0,0,0,0,0,0,0,0,0,0,0,0,0,0,0,0,0,0,0,0,0,0,0,0,
0,0,0,0,0,0,0,0,0,0,0,0,0,0,0,0,0,0,0,0,0,0,0,0,0,0,0,0,0,0,0,0,0,0,0,0,0,0,0,0,0,0,0,0,0,0,0,0,0,0,0,0,0,0,0,0,0,0,0,0,0,0,0,0,0,0,0,0,0,0,0,0,0,0,0,0,0,0,0,0,0,0,0,0,0,0,0,0,0,0,0,0,0,0,0,0,0,0,0,0,0,0,0,0,0,0,0,0,0,0,0,0,0,0,0,0,0,0,0,0,0,0,0,0,0,0,0,0,0,0,0,0,0,0,0,0,0,0,0,0,0,0,0,0,0,0,0,0,0,0,0,0,0,0,0,0,0,0,0,0,0,0,0,0,0,0,0,0,0,0,0,0,0,0,0,0,0,0,0,0,0,0,0,0,0,0,0,0,0,0,0,0,0,0,0,0,0,0,0,0,0,0,0,0,0,0,0,0,0,0,0,0,0,0,0,0,0,0,0,0,0,0,0,0,0,0,0,0,0,0,0,0,0,0,0,0,0,0,0,0,0,0,0,0,0,0,0,0,0,0,0,0,0,0,0,0,
0,0,0,0,0,0,0,0,0,0,0,0,0,0,0,0,0,0,0,0,0,0,0,0,0,0,0,0,0,0,0,0,0,0,0,0,0,0,0,0,0,0,0,0,0,0,0,0,0,0,0,0,0,0,0,0,0,0,0,0,0,0,0,0,0,0,0,0,0,0,0,0,0,0,0,0,0,0,0,0,0,0,0,0,0,0,0,0,0,0,0,0,0,0,0,0,0,0,0,0,0,0,0,0,0,0,0,0,0,0,0,0,0,0,0,0,0,0,0,0,0,0,0,0,0,0,0,0,0,0,0,0,0,0,0,0,0,0,0,0,0,0,0,0,0,0,0,0,0,0,0,0,0,0,0,0,0,0,0,0,0,0,0,0,0,0,0,0,0,0,0,0,0,0,0,0,0,0,0,0,0,0,0,0,0,0,0,0,0,0,0,0,0,0,0,0,0,0,0,0,0,0,0,0,0,0,0,0,0,0,0,0,0,0,0,0,0,0,0,0,0,0,0,0,0,0,0,0,0,0,0,0,0,0,0,0,0,0,0,0,0,0,0,0,0,0,0,0,0,0,0,0,0,0,0,0,
0,0,0,0,0,0,0,0,0,0,0,0,0,0,0,0,0,0,0,0,0,0,0,0,0,0,0,0,0,0,0,0,0,0,0,0,0,0,0,0,0,0,0,0,0,0,0,0,0,0,0,0,0,0,0,0,0,0,0,0,0,0,0,0,0,0,0,0,0,0,0,0,0,0,0,0,0,0,0,0,0,0,0,0,0,0,0,0,0,0,0,0,0,0,0,0,0,0,0,0,0,0,0,0,0,0,0,0,0,0,0,0,0,0,0,0,0,0,0,0,0,0,0,0,0,0,0,0,0,0,0,0,0,0,0,0,0,0,0,0,0,0,0,0,0,0,0,0,0,0,0,0,0,0,0,0,0,0,0,0,0,0,0,0,0,0,0,0,0,0,0,0,0,0,0,0,0,0,0,0,0,0,0,0,0,0,0,0,0,0,0,0,0,0,0,0,0,0,0,0,0,0,0,0,0,0,0,0,0,0,0,0,0,0,0,0,0,0,0,0,0,0,0,0,0,0,0,0,0,0,0,0,0,0,0,0,0,0,0,0,0,0,0,0,0,0,0,0,0,0,0,0,0,0,0,0,
0,0,0,0,0,0,0,0,0,0,0,0,0,0,0,0,0,0,0,0,0,0,0,0,0,0,0,0,0,0,0,0,0,0,0,0,0,0,0,0,0,0,0,0,0,0,0,0,0,0,0,0,0,0,0,0,0,0,0,0,0,0,0,0,0,0,0,0,0,0,0,0,0,0,0,0,0,0,0,0,0,0,0,0,0,0,0,0,0,0,0,0,0,0,0,0,0,0,0,0,0,0,0,0,0,0,0,0,0,0,0,0,0,0,0,0,0,0,0,0,0,0,0,0,0,0,0,0,0,0,0,0,0,0,0,0,0,0,0,0,0,0,0,0,0,0,0,0,0,0,0,0,0,0,0,0,0,0,0,0,0,0,0,0,0,0,0,0,0,0,0,0,0,0,0,0,0,0,0,0,0,0,0,0,0,0,0,0,0,0,0,0,0,0,0,0,0,0,0,0,0,0,0,0,0,0,0,0,0,0,0,0,0,0,0,0,0,0,0,0,0,0,0,0,0,0,0,0,0,0,0,0,0,0,0,0,0,0,0,0,0,0,0,0,0,0,0,0,0,0,0,0,0,0,0,0,
0,0,0,0,0,0,0,0,0,0,0,0,0,0,0,0,0,0,0,0,0,0,0,0,0,0,0,0,0,0,0,0,0,0,0,0,0,0,0,0,0,0,0,0,0,0,0,0,0,0,0,0,0,0,0,0,0,0,0,0,0,0,0,0,0,0,0,0,0,0,0,0,0,0,0,0,0,0,0,0,0,0,0,0,0,0,0,0,0,0,0,0,0,0,0,0,0,0,0,0,0,0,0,0,0,0,0,0,0,0,0,0,0,0,0,0,0,0,0,0,0,0,0,0,0,0,0,0,0,0,0,0,0,0,0,0,0,0,0,0,0,0,0,0,0,0,0,0,0,0,0,0,0,0,0,0,0,0,0,0,0,0,0,0,0,0,0,0,0,0,0,0,0,0,0,0,0,0,0,0,0,0,0,0,0,0,0,0,0,0,0,0,0,0,0,0,0,0,0,0,0,0,0,0,0,0,0,0,0,0,0,0,0,0,0,0,0,0,0,0,0,0,0,0,0,0,0,0,0,0,0,0,0,0,0,0,0,0,0,0,0,0,0,0,0,0,0,0,0,0,0,0,0,0,0,0,
0,0,0,0,0,0,0,0,0,0,0,0,0,0,0,0,0,0,0,0,0,0,0,0,0,0,0,0,0,0,0,0,0,0,0,0,0,0,0,0,0,0,0,0,0,0,0,0,0,0,0,0,0,0,0,0,0,0,0,0,0,0,0,0,0,0,0,0,0,0,0,0,0,0,0,0,0,0,0,0,0,0,0,0,0,0,0,0,0,0,0,0,0,0,0,0,0,0,0,0,0,0,0,0,0,0,0,0,0,0,0,0,0,0,0,0,0,0,0,0,0,0,0,0,0,0,0,0,0,0,0,0,0,0,0,0,0,0,0,0,0,0,0,0,0,0,0,0,0,0,0,0,0,0,0,0,0,0,0,0,0,0,0,0,0,0,0,0,0,0,0,0,0,0,0,0,0,0,0,0,0,0,0,0,0,0,0,0,0,0,0,0,0,0,0,0,0,0,0,0,0,0,0,0,0,0,0,0,0,0,0,0,0,0,0,0,0,0,0,0,0,0,0,0,0,0,0,0,0,0,0,0,0,0,0,0,0,0,0,0,0,0,0,0,0,0,0,0,0,0,0,0,0,0,0,0,
0,0,0,0,0,0,0,0,0,0,0,0,0,0,0,0,0,0,0,0,0,0,0,0,0,0,0,0,0,0,0,0,0,0,0,0,0,0,0,0,0,0,0,0,0,0,0,0,0,0,0,0,0,0,0,0,0,0,0,0,0,0,0,0,0,0,0,0,0,0,0,0,0,0,0,0,0,0,0,0,0,0,0,0,0,0,0,0,0,0,0,0,0,0,0,0,0,0,0,0,0,0,0,0,0,0,0,0,0,0,0,0,0,0,0,0,0,0,0,0,0,0,0,0,0,0,0,0,0,0,0,0,0,0,0,0,0,0,0,0,0,0,0,0,0,0,0,0,0,0,0,0,0,0,0,0,0,0,0,0,0,0,0,0,0,0,0,0,0,0,0,0,0,0,0,0,0,0,0,0,0,0,0,0,0,0,0,0,0,0,0,0,0,0,0,0,0,0,0,0,0,0,0,0,0,0,0,0,0,0,0,0,0,0,0,0,0,0,0,0,0,0,0,0,0,0,0,0,0,0,0,0,0,0,0,0,0,0,0,0,0,0,0,0,0,0,0,0,0,0,0,0,0,0,0,0,
0,0,0,0,0,0,0,0,0,0,0,0,0,0,0,0,0,0,0,0,0,0,0,0,0,0,0,0,0,0,0,0,0,0,0,0,0,0,0,0,0,0,0,0,0,0,0,0,0,0,0,0,0,0,0,0,0,0,0,0,0,0,0,0,0,0,0,0,0,0,0,0,0,0,0,0,0,0,0,0,0,0,0,0,0,0,0,0,0,0,0,0,0,0,0,0,0,0,0,0,0,0,0,0,0,0,0,0,0,0,0,0,0,0,0,0,0,0,0,0,0,0,0,0,0,0,0,0,0,0,0,0,0,0,0,0,0,0,0,0,0,0,0,0,0,0,0,0,0,0,0,0,0,0,0,0,0,0,0,0,0,0,0,0,0,0,0,0,0,0,0,0,0,0,0,0,0,0,0,0,0,0,0,0,0,0,0,0,0,0,0,0,0,0,0,0,0,0,0,0,0,0,0,0,0,0,0,0,0,0,0,0,0,0,0,0,0,0,0,0,0,0,0,0,0,0,0,0,0,0,0,0,0,0,0,0,0,0,0,0,0,0,0,0,0,0,0,0,0,0,0,0,0,0,0,0,
0,0,0,0,0,0,0,0,0,0,0,0,0,0,0,0,0,0,0,0,0,0,0,0,0,0,0,0,0,0,0,0,0,0,0,0,0,0,0,0,0,0,0,0,0,0,0,0,0,0,0,0,0,0,0,0,0,0,0,0,0,0,0,0,0,0,0,0,0,0,0,0,0,0,0,0,0,0,0,0,0,0,0,0,0,0,0,0,0,0,0,0,0,0,0,0,0,0,0,0,0,0,0,0,0,0,0,0,0,0,0,0,0,0,0,0,0,0,0,0,0,0,0,0,0,0,0,0,0,0,0,0,0,0,0,0,0,0,0,0,0,0,0,0,0,0,0,0,0,0,0,0,0,0,0,0,0,0,0,0,0,0,0,0,0,0,0,0,0,0,0,0,0,0,0,0,0,0,0,0,0,0,0,0,0,0,0,0,0,0,0,0,0,0,0,0,0,0,0,0,0,0,0,0,0,0,0,0,0,0,0,0,0,0,0,0,0,0,0,0,0,0,0,0,0,0,0,0,0,0,0,0,0,0,0,0,0,0,0,0,0,0,0,0,0,0,0,0,0,0,0,0,0,0,0,0,
0,0,0,0,0,0,0,0,0,0,0,0,0,0,0,0,0,0,0,0,0,0,0,0,0,0,0,0,0,0,0,0,0,0,0,0,0,0,0,0,0,0,0,0,0,0,0,0,0,0,0,0,0,0,0,0,0,0,0,0,0,0,0,0,0,0,0,0,0,0,0,0,0,0,0,0,0,0,0,0,0,0,0,0,0,0,0,0,0,0,0,0,0,0,0,0,0,0,0,0,0,0,0,0,0,0,0,0,0,0,0,0,0,0,0,0,0,0,0,0,0,0,0,0,0,0,0,0,0,0,0,0,0,0,0,0,0,0,0,0,0,0,0,0,0,0,0,0,0,0,0,0,0,0,0,0,0,0,0,0,0,0,0,0,0,0,0,0,0,0,0,0,0,0,0,0,0,0,0,0,0,0,0,0,0,0,0,0,0,0,0,0,0,0,0,0,0,0,0,0,0,0,0,0,0,0,0,0,0,0,0,0,0,0,0,0,0,0,0,0,0,0,0,0,0,0,0,0,0,0,0,0,0,0,0,0,0,0,0,0,0,0,0,0,0,0,0,0,0,0,0,0,0,0,0,0,
0,0,0,0,0,0,0,0,0,0,0,0,0,0,0,0,0,0,0,0,0,0,0,0,0,0,0,0,0,0,0,0,0,0,0,0,0,0,0,0,0,0,0,0,0,0,0,0,0,0,0,0,0,0,0,0,0,0,0,0,0,0,0,0,0,0,0,0,0,0,0,0,0,0,0,0,0,0,0,0,0,0,0,0,0,0,0,0,0,0,0,0,0,0,0,0,0,0,0,0,0,0,0,0,0,0,0,0,0,0,0,0,0,0,0,0,0,0,0,0,0,0,0,0,0,0,0,0,0,0,0,0,0,0,0,0,0,0,0,0,0,0,0,0,0,0,0,0,0,0,0,0,0,0,0,0,0,0,0,0,0,0,0,0,0,0,0,0,0,0,0,0,0,0,0,0,0,0,0,0,0,0,0,0,0,0,0,0,0,0,0,0,0,0,0,0,0,0,0,0,0,0,0,0,0,0,0,0,0,0,0,0,0,0,0,0,0,0,0,0,0,0,0,0,0,0,0,0,0,0,0,0,0,0,0,0,0,0,0,0,0,0,0,0,0,0,0,0,0,0,0,0,0,0,0,0,
0,0,0,0,0,0,0,0,0,0,0,0,0,0,0,0,0,0,0,0,0,0,0,0,0,0,0,0,0,0,0,0,0,0,0,0,0,0,0,0,0,0,0,0,0,0,0,0,0,0,0,0,0,0,0,0,0,0,0,0,0,0,0,0,0,0,0,0,0,0,0,0,0,0,0,0,0,0,0,0,0,0,0,0,0,0,0,0,0,0,0,0,0,0,0,0,0,0,0,0,0,0,0,0,0,0,0,0,0,0,0,0,0,0,0,0,0,0,0,0,0,0,0,0,0,0,0,0,0,0,0,0,0,0,0,0,0,0,0,0,0,0,0,0,0,0,0,0,0,0,0,0,0,0,0,0,0,0,0,0,0,0,0,0,0,0,0,0,0,0,0,0,0,0,0,0,0,0,0,0,0,0,0,0,0,0,0,0,0,0,0,0,0,0,0,0,0,0,0,0,0,0,0,0,0,0,0,0,0,0,0,0,0,0,0,0,0,0,0,0,0,0,0,0,0,0,0,0,0,0,0,0,0,0,0,0,0,0,0,0,0,0,0,0,0,0,0,0,0,0,0,0,0,0,0,0,
0,0,0,0,0,0,0,0,0,0,0,0,0,0,0,0,0,0,0,0,0,0,0,0,0,0,0,0,0,0,0,0,0,0,0,0,0,0,0,0,0,0,0,0,0,0,0,0,0,0,0,0,0,0,0,0,0,0,0,0,0,0,0,0,0,0,0,0,0,0,0,0,0,0,0,0,0,0,0,0,0,0,0,0,0,0,0,0,0,0,0,0,0,0,0,0,0,0,0,0,0,0,0,0,0,0,0,0,0,0,0,0,0,0,0,0,0,0,0,0,0,0,0,0,0,0,0,0,0,0,0,0,0,0,0,0,0,0,0,0,0,0,0,0,0,0,0,0,0,0,0,0,0,0,0,0,0,0,0,0,0,0,0,0,0,0,0,0,0,0,0,0,0,0,0,0,0,0,0,0,0,0,0,0,0,0,0,0,0,0,0,0,0,0,0,0,0,0,0,0,0,0,0,0,0,0,0,0,0,0,0,0,0,0,0,0,0,0,0,0,0,0,0,0,0,0,0,0,0,0,0,0,0,0,0,0,0,0,0,0,0,0,0,0,0,0,0,0,0,0,0,0,0,0,0,0,
0,0,0,0,0,0,0,0,0,0,0,0,0,0,0,0,0,0,0,0,0,0,0,0,0,0,0,0,0,0,0,0,0,0,0,0,0,0,0,0,0,0,0,0,0,0,0,0,0,0,0,0,0,0,0,0,0,0,0,0,0,0,0,0,0,0,0,0,0,0,0,0,0,0,0,0,0,0,0,0,0,0,0,0,0,0,0,0,0,0,0,0,0,0,0,0,0,0,0,0,0,0,0,0,0,0,0,0,0,0,0,0,0,0,0,0,0,0,0,0,0,0,0,0,0,0,0,0,0,0,0,0,0,0,0,0,0,0,0,0,0,0,0,0,0,0,0,0,0,0,0,0,0,0,0,0,0,0,0,0,0,0,0,0,0,0,0,0,0,0,0,0,0,0,0,0,0,0,0,0,0,0,0,0,0,0,0,0,0,0,0,0,0,0,0,0,0,0,0,0,0,0,0,0,0,0,0,0,0,0,0,0,0,0,0,0,0,0,0,0,0,0,0,0,0,0,0,0,0,0,0,0,0,0,0,0,0,0,0,0,0,0,0,0,0,0,0,0,0,0,0,0,0,0,0,0,
0,0,0,0,0,0,0,0,0,0,0,0,0,0,0,0,0,0,0,0,0,0,0,0,0,0,0,0,0,0,0,0,0,0,0,0,0,0,0,0,0,0,0,0,0,0,0,0,0,0,0,0,0,0,0,0,0,0,0,0,0,0,0,0,0,0,0,0,0,0,0,0,0,0,0,0,0,0,0,0,0,0,0,0,0,0,0,0,0,0,0,0,0,0,0,0,0,0,0,0,0,0,0,0,0,0,0,0,0,0,0,0,0,0,0,0,0,0,0,0,0,0,0,0,0,0,0,0,0,0,0,0,0,0,0,0,0,0,0,0,0,0,0,0,0,0,0,0,0,0,0,0,0,0,0,0,0,0,0,0,0,0,0,0,0,0,0,0,0,0,0,0,0,0,0,0,0,0,0,0,0,0,0,0,0,0,0,0,0,0,0,0,0,0,0,0,0,0,0,0,0,0,0,0,0,0,0,0,0,0,0,0,0,0,0,0,0,0,0,0,0,0,0,0,0,0,0,0,0,0,0,0,0,0,0,0,0,0,0,0,0,0,0,0,0,0,0,0,0,0,0,0,0,0,0,0,
0,0,0,0,0,0,0,0,0,0,0,0,0,0,0,0,0,0,0,0,0,0,0,0,0,0,0,0,0,0,0,0,0,0,0,0,0,0,0,0,0,0,0,0,0,0,0,0,0,0,0,0,0,0,0,0,0,0,0,0,0,0,0,0,0,0,0,0,0,0,0,0,0,0,0,0,0,0,0,0,0,0,0,0,0,0,0,0,0,0,0,0,0,0,0,0,0,0,0,0,0,0,0,0,0,0,0,0,0,0,0,0,0,0,0,0,0,0,0,0,0,0,0,0,0,0,0,0,0,0,0,0,0,0,0,0,0,0,0,0,0,0,0,0,0,0,0,0,0,0,0,0,0,0,0,0,0,0,0,0,0,0,0,0,0,0,0,0,0,0,0,0,0,0,0,0,0,0,0,0,0,0,0,0,0,0,0,0,0,0,0,0,0,0,0,0,0,0,0,0,0,0,0,0,0,0,0,0,0,0,0,0,0,0,0,0,0,0,0,0,0,0,0,0,0,0,0,0,0,0,0,0,0,0,0,0,0,0,0,0,0,0,0,0,0,0,0,0,0,0,0,0,0,0,0,0,
0,0,0,0,0,0,0,0,0,0,0,0,0,0,0,0,0,0,0,0,0,0,0,0,0,0,0,0,0,0,0,0,0,0,0,0,0,0,0,0,0,0,0,0,0,0,0,0,0,0,0,0,0,0,0,0,0,0,0,0,0,0,0,0,0,0,0,0,0,0,0,0,0,0,0,0,0,0,0,0,0,0,0,0,0,0,0,0,0,0,0,0,0,0,0,0,0,0,0,0,0,0,0,0,0,0,0,0,0,0,0,0,0,0,0,0,0,0,0,0,0,0,0,0,0,0,0,0,0,0,0,0,0,0,0,0,0,0,0,0,0,0,0,0,0,0,0,0,0,0,0,0,0,0,0,0,0,0,0,0,0,0,0,0,0,0,0,0,0,0,0,0,0,0,0,0,0,0,0,0,0,0,0,0,0,0,0,0,0,0,0,0,0,0,0,0,0,0,0,0,0,0,0,0,0,0,0,0,0,0,0,0,0,0,0,0,0,0,0,0,0,0,0,0,0,0,0,0,0,0,0,0,0,0,0,0,0,0,0,0,0,0,0,0,0,0,0,0,0,0,0,0,0,0,0,0,
0,0,0,0,0,0,0,0,0,0,0,0,0,0,0,0,0,0,0,0,0,0,0,0,0,0,0,0,0,0,0,0,0,0,0,0,0,0,0,0,0,0,0,0,0,0,0,0,0,0,0,0,0,0,0,0,0,0,0,0,0,0,0,0,0,0,0,0,0,0,0,0,0,0,0,0,0,0,0,0,0,0,0,0,0,0,0,0,0,0,0,0,0,0,0,0,0,0,0,0,0,0,0,0,0,0,0,0,0,0,0,0,0,0,0,0,0,0,0,0,0,0,0,0,0,0,0,0,0,0,0,0,0,0,0,0,0,0,0,0,0,0,0,0,0,0,0,0,0,0,0,0,0,0,0,0,0,0,0,0,0,0,0,0,0,0,0,0,0,0,0,0,0,0,0,0,0,0,0,0,0,0,0,0,0,0,0,0,0,0,0,0,0,0,0,0,0,0,0,0,0,0,0,0,0,0,0,0,0,0,0,0,0,0,0,0,0,0,0,0,0,0,0,0,0,0,0,0,0,0,0,0,0,0,0,0,0,0,0,0,0,0,0,0,0,0,0,0,0,0,0,0,0,0,0,0,
0,0,0,0,0,0,0,0,0,0,0,0,0,0,0,0,0,0,0,0,0,0,0,0,0,0,0,0,0,0,0,0,0,0,0,0,0,0,0,0,0,0,0,0,0,0,0,0,0,0,0,0,0,0,0,0,0,0,0,0,0,0,0,0,0,0,0,0,0,0,0,0,0,0,0,0,0,0,0,0,0,0,0,0,0,0,0,0,0,0,0,0,0,0,0,0,0,0,0,0,0,0,0,0,0,0,0,0,0,0,0,0,0,0,0,0,0,0,0,0,0,0,0,0,0,0,0,0,0,0,0,0,0,0,0,0,0,0,0,0,0,0,0,0,0,0,0,0,0,0,0,0,0,0,0,0,0,0,0,0,0,0,0,0,0,0,0,0,0,0,0,0,0,0,0,0,0,0,0,0,0,0,0,0,0,0,0,0,0,0,0,0,0,0,0,0,0,0,0,0,0,0,0,0,0,0,0,0,0,0,0,0,0,0,0,0,0,0,0,0,0,0,0,0,0,0,0,0,0,0,0,0,0,0,0,0,0,0,0,0,0,0,0,0,0,0,0,0,0,0,0,0,0,0,0,0,
0,0,0,0,0,0,0,0,0,0,0,0,0,0,0,0,0,0,0,0,0,0,0,0,0,0,0,0,0,0,0,0,0,0,0,0,0,0,0,0,0,0,0,0,0,0,0,0,0,0,0,0,0,0,0,0,0,0,0,0,0,0,0,0,0,0,0,0,0,0,0,0,0,0,0,0,0,0,0,0,0,0,0,0,0,0,0,0,0,0,0,0,0,0,0,0,0,0,0,0,0,0,0,0,0,0,0,0,0,0,0,0,0,0,0,0,0,0,0,0,0,0,0,0,0,0,0,0,0,0,0,0,0,0,0,0,0,0,0,0,0,0,0,0,0,0,0,0,0,0,0,0,0,0,0,0,0,0,0,0,0,0,0,0,0,0,0,0,0,0,0,0,0,0,0,0,0,0,0,0,0,0,0,0,0,0,0,0,0,0,0,0,0,0,0,0,0,0,0,0,0,0,0,0,0,0,0,0,0,0,0,0,0,0,0,0,0,0,0,0,0,0,0,0,0,0,0,0,0,0,0,0,0,0,0,0,0,0,0,0,0,0,0,0,0,0,0,0,0,0,0,0,0,0,0,0,
0,0,0,0,0,0,0,0,0,0,0,0,0,0,0,0,0,0,0,0,0,0,0,0,0,0,0,0,0,0,0,0,0,0,0,0,0,0,0,0,0,0,0,0,0,0,0,0,0,0,0,0,0,0,0,0,0,0,0,0,0,0,0,0,0,0,0,0,0,0,0,0,0,0,0,0,0,0,0,0,0,0,0,0,0,0,0,0,0,0,0,0,0,0,0,0,0,0,0,0,0,0,0,0,0,0,0,0,0,0,0,0,0,0,0,0,0,0,0,0,0,0,0,0,0,0,0,0,0,0,0,0,0,0,0,0,0,0,0,0,0,0,0,0,0,0,0,0,0,0,0,0,0,0,0,0,0,0,0,0,0,0,0,0,0,0,0,0,0,0,0,0,0,0,0,0,0,0,0,0,0,0,0,0,0,0,0,0,0,0,0,0,0,0,0,0,0,0,0,0,0,0,0,0,0,0,0,0,0,0,0,0,0,0,0,0,0,0,0,0,0,0,0,0,0,0,0,0,0,0,0,0,0,0,0,0,0,0,0,0,0,0,0,0,0,0,0,0,0,0,0,0,0,0,0,0,
0,0,0,0,0,0,0,0,0,0,0,0,0,0,0,0,0,0,0,0,0,0,0,0,0,0,0,0,0,0,0,0,0,0,0,0,0,0,0,0,0,0,0,0,0,0,0,0,0,0,0,0,0,0,0,0,0,0,0,0,0,0,0,0,0,0,0,0,0,0,0,0,0,0,0,0,0,0,0,0,0,0,0,0,0,0,0,0,0,0,0,0,0,0,0,0,0,0,0,0,0,0,0,0,0,0,0,0,0,0,0,0,0,0,0,0,0,0,0,0,0,0,0,0,0,0,0,0,0,0,0,0,0,0,0,0,0,0,0,0,0,0,0,0,0,0,0,0,0,0,0,0,0,0,0,0,0,0,0,0,0,0,0,0,0,0,0,0,0,0,0,0,0,0,0,0,0,0,0,0,0,0,0,0,0,0,0,0,0,0,0,0,0,0,0,0,0,0,0,0,0,0,0,0,0,0,0,0,0,0,0,0,0,0,0,0,0,0,0,0,0,0,0,0,0,0,0,0,0,0,0,0,0,0,0,0,0,0,0,0,0,0,0,0,0,0,0,0,0,0,0,0,0,0,0,0,
0,0,0,0,0,0,0,0,0,0,0,0,0,0,0,0,0,0,0,0,0,0,0,0,0,0,0,0,0,0,0,0,0,0,0,0,0,0,0,0,0,0,0,0,0,0,0,0,0,0,0,0,0,0,0,0,0,0,0,0,0,0,0,0,0,0,0,0,0,0,0,0,0,0,0,0,0,0,0,0,0,0,0,0,0,0,0,0,0,0,0,0,0,0,0,0,0,0,0,0,0,0,0,0,0,0,0,0,0,0,0,0,0,0,0,0,0,0,0,0,0,0,0,0,0,0,0,0,0,0,0,0,0,0,0,0,0,0,0,0,0,0,0,0,0,0,0,0,0,0,0,0,0,0,0,0,0,0,0,0,0,0,0,0,0,0,0,0,0,0,0,0,0,0,0,0,0,0,0,0,0,0,0,0,0,0,0,0,0,0,0,0,0,0,0,0,0,0,0,0,0,0,0,0,0,0,0,0,0,0,0,0,0,0,0,0,0,0,0,0,0,0,0,0,0,0,0,0,0,0,0,0,0,0,0,0,0,0,0,0,0,0,0,0,0,0,0,0,0,0,0,0,0,0,0,0,
0,0,0,0,0,0,0,0,0,0,0,0,0,0,0,0,0,0,0,0,0,0,0,0,0,0,0,0,0,0,0,0,0,0,0,0,0,0,0,0,0,0,0,0,0,0,0,0,0,0,0,0,0,0,0,0,0,0,0,0,0,0,0,0,0,0,0,0,0,0,0,0,0,0,0,0,0,0,0,0,0,0,0,0,0,0,0,0,0,0,0,0,0,0,0,0,0,0,0,0,0,0,0,0,0,0,0,0,0,0,0,0,0,0,0,0,0,0,0,0,0,0,0,0,0,0,0,0,0,0,0,0,0,0,0,0,0,0,0,0,0,0,0,0,0,0,0,0,0,0,0,0,0,0,0,0,0,0,0,0,0,0,0,0,0,0,0,0,0,0,0,0,0,0,0,0,0,0,0,0,0,0,0,0,0,0,0,0,0,0,0,0,0,0,0,0,0,0,0,0,0,0,0,0,0,0,0,0,0,0,0,0,0,0,0,0,0,0,0,0,0,0,0,0,0,0,0,0,0,0,0,0,0,0,0,0,0,0,0,0,0,0,0,0,0,0,0,0,0,0,0,0,0,0,0,0,
0,0,0,0,0,0,0,0,0,0,0,0,0,0,0,0,0,0,0,0,0,0,0,0,0,0,0,0,0,0,0,0,0,0,0,0,0,0,0,0,0,0,0,0,0,0,0,0,0,0,0,0,0,0,0,0,0,0,0,0,0,0,0,0,0,0,0,0,0,0,0,0,0,0,0,0,0,0,0,0,0,0,0,0,0,0,0,0,0,0,0,0,0,0,0,0,0,0,0,0,0,0,0,0,0,0,0,0,0,0,0,0,0,0,0,0,0,0,0,0,0,0,0,0,0,0,0,0,0,0,0,0,0,0,0,0,0,0,0,0,0,0,0,0,0,0,0,0,0,0,0,0,0,0,0,0,0,0,0,0,0,0,0,0,0,0,0,0,0,0,0,0,0,0,0,0,0,0,0,0,0,0,0,0,0,0,0,0,0,0,0,0,0,0,0,0,0,0,0,0,0,0,0,0,0,0,0,0,0,0,0,0,0,0,0,0,0,0,0,0,0,0,0,0,0,0,0,0,0,0,0,0,0,0,0,0,0,0,0,0,0,0,0,0,0,0,0,0,0,0,0,0,0,0,0,0,
0,0,0,0,0,0,0,0,0,0,0,0,0,0,0,0,0,0,0,0,0,0,0,0,0,0,0,0,0,0,0,0,0,0,0,0,0,0,0,0,0,0,0,0,0,0,0,0,0,0,0,0,0,0,0,0,0,0,0,0,0,0,0,0,0,0,0,0,0,0,0,0,0,0,0,0,0,0,0,0,0,0,0,0,0,0,0,0,0,0,0,0,0,0,0,0,0,0,0,0,0,0,0,0,0,0,0,0,0,0,0,0,0,0,0,0,0,0,0,0,0,0,0,0,0,0,0,0,0,0,0,0,0,0,0,0,0,0,0,0,0,0,0,0,0,0,0,0,0,0,0,0,0,0,0,0,0,0,0,0,0,0,0,0,0,0,0,0,0,0,0,0,0,0,0,0,0,0,0,0,0,0,0,0,0,0,0,0,0,0,0,0,0,0,0,0,0,0,0,0,0,0,0,0,0,0,0,0,0,0,0,0,0,0,0,0,0,0,0,0,0,0,0,0,0,0,0,0,0,0,0,0,0,0,0,0,0,0,0,0,0,0,0,0,0,0,0,0,0,0,0,0,0,0,0,0,
0,0,0,0,0,0,0,0,0,0,0,0,0,0,0,0,0,0,0,0,0,0,0,0,0,0,0,0,0,0,0,0,0,0,0,0,0,0,0,0,0,0,0,0,0,0,0,0,0,0,0,0,0,0,0,0,0,0,0,0,0,0,0,0,0,0,0,0,0,0,0,0,0,0,0,0,0,0,0,0,0,0,0,0,0,0,0,0,0,0,0,0,0,0,0,0,0,0,0,0,0,0,0,0,0,0,0,0,0,0,0,0,0,0,0,0,0,0,0,0,0,0,0,0,0,0,0,0,0,0,0,0,0,0,0,0,0,0,0,0,0,0,0,0,0,0,0,0,0,0,0,0,0,0,0,0,0,0,0,0,0,0,0,0,0,0,0,0,0,0,0,0,0,0,0,0,0,0,0,0,0,0,0,0,0,0,0,0,0,0,0,0,0,0,0,0,0,0,0,0,0,0,0,0,0,0,0,0,0,0,0,0,0,0,0,0,0,0,0,0,0,0,0,0,0,0,0,0,0,0,0,0,0,0,0,0,0,0,0,0,0,0,0,0,0,0,0,0,0,0,0,0,0,0,0,0,
0,0,0,0,0,0,0,0,0,0,0,0,0,0,0,0,0,0,0,0,0,0,0,0,0,0,0,0,0,0,0,0,0,0,0,0,0,0,0,0,0,0,0,0,0,0,0,0,0,0,0,0,0,0,0,0,0,0,0,0,0,0,0,0,0,0,0,0,0,0,0,0,0,0,0,0,0,0,0,0,0,0,0,0,0,0,0,0,0,0,0,0,0,0,0,0,0,0,0,0,0,0,0,0,0,0,0,0,0,0,0,0,0,0,0,0,0,0,0,0,0,0,0,0,0,0,0,0,0,0,0,0,0,0,0,0,0,0,0,0,0,0,0,0,0,0,0,0,0,0,0,0,0,0,0,0,0,0,0,0,0,0,0,0,0,0,0,0,0,0,0,0,0,0,0,0,0,0,0,0,0,0,0,0,0,0,0,0,0,0,0,0,0,0,0,0,0,0,0,0,0,0,0,0,0,0,0,0,0,0,0,0,0,0,0,0,0,0,0,0,0,0,0,0,0,0,0,0,0,0,0,0,0,0,0,0,0,0,0,0,0,0,0,0,0,0,0,0,0,0,0,0,0,0,0,0,
0,0,0,0,0,0,0,0,0,0,0,0,0,0,0,0,0,0,0,0,0,0,0,0,0,0,0,0,0,0,0,0,0,0,0,0,0,0,0,0,0,0,0,0,0,0,0,0,0,0,0,0,0,0,0,0,0,0,0,0,0,0,0,0,0,0,0,0,0,0,0,0,0,0,0,0,0,0,0,0,0,0,0,0,0,0,0,0,0,0,0,0,0,0,0,0,0,0,0,0,0,0,0,0,0,0,0,0,0,0,0,0,0,0,0,0,0,0,0,0,0,0,0,0,0,0,0,0,0,0,0,0,0,0,0,0,0,0,0,0,0,0,0,0,0,0,0,0,0,0,0,0,0,0,0,0,0,0,0,0,0,0,0,0,0,0,0,0,0,0,0,0,0,0,0,0,0,0,0,0,0,0,0,0,0,0,0,0,0,0,0,0,0,0,0,0,0,0,0,0,0,0,0,0,0,0,0,0,0,0,0,0,0,0,0,0,0,0,0,0,0,0,0,0,0,0,0,0,0,0,0,0,0,0,0,0,0,0,0,0,0,0,0,0,0,0,0,0,0,0,0,0,0,0,0,0,
0,0,0,0,0,0,0,0,0,0,0,0,0,0,0,0,0,0,0,0,0,0,0,0,0,0,0,0,0,0,0,0,0,0,0,0,0,0,0,0,0,0,0,0,0,0,0,0,0,0,0,0,0,0,0,0,0,0,0,0,0,0,0,0,0,0,0,0,0,0,0,0,0,0,0,0,0,0,0,0,0,0,0,0,0,0,0,0,0,0,0,0,0,0,0,0,0,0,0,0,0,0,0,0,0,0,0,0,0,0,0,0,0,0,0,0,0,0,0,0,0,0,0,0,0,0,0,0,0,0,0,0,0,0,0,0,0,0,0,0,0,0,0,0,0,0,0,0,0,0,0,0,0,0,0,0,0,0,0,0,0,0,0,0,0,0,0,0,0,0,0,0,0,0,0,0,0,0,0,0,0,0,0,0,0,0,0,0,0,0,0,0,0,0,0,0,0,0,0,0,0,0,0,0,0,0,0,0,0,0,0,0,0,0,0,0,0,0,0,0,0,0,0,0,0,0,0,0,0,0,0,0,0,0,0,0,0,0,0,0,0,0,0,0,0,0,0,0,0,0,0,0,0,0,0,0,
0,0,0,0,0,0,0,0,0,0,0,0,0,0,0,0,0,0,0,0,0,0,0,0,0,0,0,0,0,0,0,0,0,0,0,0,0,0,0,0,0,0,0,0,0,0,0,0,0,0,0,0,0,0,0,0,0,0,0,0,0,0,0,0,0,0,0,0,0,0,0,0,0,0,0,0,0,0,0,0,0,0,0,0,0,0,0,0,0,0,0,0,0,0,0,0,0,0,0,0,0,0,0,0,0,0,0,0,0,0,0,0,0,0,0,0,0,0,0,0,0,0,0,0,0,0,0,0,0,0,0,0,0,0,0,0,0,0,0,0,0,0,0,0,0,0,0,0,0,0,0,0,0,0,0,0,0,0,0,0,0,0,0,0,0,0,0,0,0,0,0,0,0,0,0,0,0,0,0,0,0,0,0,0,0,0,0,0,0,0,0,0,0,0,0,0,0,0,0,0,0,0,0,0,0,0,0,0,0,0,0,0,0,0,0,0,0,0,0,0,0,0,0,0,0,0,0,0,0,0,0,0,0,0,0,0,0,0,0,0,0,0,0,0,0,0,0,0,0,0,0,0,0,0,0,0,
0,0,0,0,0,0,0,0,0,0,0,0,0,0,0,0,0,0,0,0,0,0,0,0,0,0,0,0,0,0,0,0,0,0,0,0,0,0,0,0,0,0,0,0,0,0,0,0,0,0,0,0,0,0,0,0,0,0,0,0,0,0,0,0,0,0,0,0,0,0,0,0,0,0,0,0,0,0,0,0,0,0,0,0,0,0,0,0,0,0,0,0,0,0,0,0,0,0,0,0,0,0,0,0,0,0,0,0,0,0,0,0,0,0,0,0,0,0,0,0,0,0,0,0,0,0,0,0,0,0,0,0,0,0,0,0,0,0,0,0,0,0,0,0,0,0,0,0,0,0,0,0,0,0,0,0,0,0,0,0,0,0,0,0,0,0,0,0,0,0,0,0,0,0,0,0,0,0,0,0,0,0,0,0,0,0,0,0,0,0,0,5,0,0,0,0,0,0,0,0,0,0,0,0,0,0,0,0,0,0,0,0,0,0,0,0,0,0,0,0,0,0,0,0,0,0,0,0,0,0,0,0,0,0,0,0,0,0,0,0,0,0,0,0,0,0,0,0,0,0,0,0,0,0,0,0,
0,0,0,0,0,0,0,0,0,0,0,0,0,0,0,0,0,0,0,0,0,0,0,0,0,0,0,0,0,0,0,0,0,0,0,0,0,0,0,0,0,0,0,0,0,0,0,0,0,0,0,0,0,0,0,0,0,0,0,0,0,0,0,0,0,0,0,0,0,0,0,0,0,0,0,0,0,0,0,0,0,0,0,0,0,0,0,0,0,0,0,0,0,0,0,0,0,0,0,0,0,0,0,0,0,0,0,0,0,0,0,0,0,0,0,0,0,0,0,0,0,0,0,0,0,0,0,0,0,0,0,0,0,0,0,0,0,0,0,0,0,0,0,0,0,0,0,0,0,0,0,0,0,0,0,0,0,0,0,0,0,0,0,0,0,0,0,0,0,0,0,0,0,0,0,0,0,0,0,0,0,0,0,0,0,0,0,0,0,0,0,0,8,0,0,0,0,0,0,0,0,0,0,0,0,0,0,0,0,0,0,0,0,0,0,0,0,0,0,0,0,0,0,0,0,0,0,0,0,0,0,0,0,0,0,0,0,0,0,0,0,0,0,0,0,0,0,0,0,0,0,0,0,0,0,0,
0,0,0,0,0,0,0,0,0,0,0,0,0,0,0,0,0,0,0,0,0,0,0,0,0,0,0,0,0,0,0,0,0,0,0,0,0,0,0,0,0,0,0,0,0,0,0,0,0,0,0,0,0,0,0,0,0,0,0,0,0,0,0,0,0,0,0,0,0,0,0,0,0,0,0,0,0,0,0,0,0,0,0,0,0,0,0,0,0,0,0,0,0,0,0,0,0,0,0,0,0,0,0,0,0,0,0,0,0,0,0,0,0,0,0,0,0,0,0,0,0,0,0,0,0,0,0,0,0,0,0,0,0,0,0,0,0,0,0,0,0,0,0,0,0,0,0,0,0,0,0,0,0,0,0,0,0,0,0,0,0,0,0,0,0,0,0,0,0,0,0,0,0,0,0,0,0,0,0,0,0,0,0,0,0,0,0,0,0,0,0,0,9,9,0,0,0,0,0,0,0,0,0,0,0,0,0,0,0,0,0,0,0,0,0,17,0,0,0,0,0,0,0,0,0,0,0,0,0,0,0,0,0,0,0,0,0,0,0,0,0,0,0,0,0,0,0,0,0,0,0,0,0,0,0,0,
0,0,0,0,0,0,0,0,0,0,0,0,0,0,0,0,0,0,5,0,0,0,0,0,0,0,0,0,0,0,0,0,0,0,0,0,0,0,0,0,0,0,0,0,0,0,0,0,0,0,0,0,0,0,0,0,0,0,0,0,0,0,0,0,0,0,0,0,0,0,0,0,0,0,0,0,0,0,0,0,0,0,0,0,0,0,0,0,0,0,0,0,0,0,0,0,0,0,0,0,0,0,0,0,0,0,0,0,0,0,0,0,0,0,0,0,0,0,0,0,0,0,0,0,0,0,0,0,0,0,0,0,0,0,0,0,0,0,0,0,0,0,0,0,0,0,0,0,0,0,0,0,0,0,0,0,0,0,0,0,0,0,0,0,0,0,0,0,0,0,0,0,0,0,0,0,0,0,0,0,0,0,0,0,0,0,0,0,0,0,0,0,9,10,8,11,0,0,0,9,0,0,0,0,0,0,0,0,0,0,0,0,0,0,19,17,17,0,0,0,0,0,0,0,0,0,0,0,0,0,0,0,0,0,0,0,0,0,0,0,0,0,0,0,0,0,0,0,0,0,0,0,0,0,0,0,
0,0,0,0,0,0,0,0,0,0,0,0,0,0,0,0,0,0,6,4,0,0,0,0,0,0,0,0,0,0,0,0,0,0,0,0,0,0,0,0,0,0,0,0,0,0,0,0,0,0,0,0,0,0,0,0,0,0,0,0,0,0,0,0,0,0,0,0,0,0,0,0,0,0,0,0,0,0,0,0,0,0,0,0,0,0,0,0,0,0,0,0,0,0,0,0,0,0,0,0,0,0,0,0,0,0,0,0,0,0,0,0,0,0,0,0,0,0,0,0,0,0,0,0,0,0,0,0,0,0,0,0,0,0,0,0,0,0,0,0,0,0,0,0,0,0,0,0,0,0,0,0,0,0,0,0,0,0,0,0,0,0,0,0,0,0,0,0,0,0,0,0,0,0,0,0,0,0,0,0,0,0,0,0,0,0,0,0,0,0,0,0,0,10,7,0,0,0,0,8,0,0,0,0,0,0,0,0,0,0,0,0,0,0,0,19,18,0,0,0,0,0,0,0,0,0,0,19,20,0,0,20,0,0,19,0,0,0,0,0,0,0,0,0,0,0,0,0,0,0,0,0,0,0,0,0,
19,0,0,0,0,0,0,0,0,0,0,0,0,0,0,0,0,0,0,7,6,0,0,0,0,0,0,0,0,0,0,0,0,0,0,0,0,0,0,0,0,0,0,0,0,0,0,0,0,0,0,0,0,0,0,0,0,0,0,0,0,0,0,0,0,0,0,0,0,0,0,0,0,0,0,0,0,0,0,0,0,0,0,0,0,0,0,0,0,0,0,0,0,0,0,0,0,0,0,0,0,0,7,0,0,0,0,0,0,0,0,0,0,0,0,0,0,0,0,0,0,0,0,0,0,0,0,0,0,0,0,0,0,0,0,0,0,0,0,0,0,0,0,0,0,0,0,0,0,0,0,0,0,0,0,0,0,0,0,0,8,0,0,0,0,0,0,0,0,0,0,0,0,0,0,0,0,0,0,0,0,0,0,0,0,0,0,0,0,0,0,0,0,0,10,11,7,9,0,9,0,0,0,0,0,0,0,0,0,0,0,0,0,0,0,0,13,0,0,0,0,0,0,0,0,0,18,20,20,0,0,21,0,0,20,0,22,0,0,0,0,0,0,0,0,0,0,0,0,0,0,0,0,0,0,0,
0,19,0,0,0,0,0,0,0,0,0,0,0,0,0,0,0,0,0,0,5,0,0,0,0,0,11,0,0,0,0,0,0,0,0,0,0,0,0,0,0,0,0,0,0,0,0,0,0,0,0,0,0,0,0,0,0,0,0,0,0,0,0,0,0,0,0,0,0,0,0,0,0,0,0,0,0,0,0,0,0,0,0,0,0,0,0,0,0,0,0,0,0,0,0,0,0,0,0,0,0,0,0,8,0,0,0,0,0,0,0,0,0,0,0,0,0,0,0,0,0,0,0,0,0,0,0,0,0,0,0,0,0,0,0,0,0,0,0,0,0,0,0,0,0,0,0,0,0,0,0,0,0,0,0,0,0,10,0,0,0,9,0,0,0,0,0,0,0,0,0,0,0,0,0,0,0,0,0,0,0,9,0,0,0,0,0,0,0,0,0,0,0,0,8,11,7,6,0,0,0,0,0,0,0,0,0,0,0,0,0,0,0,0,0,0,14,0,13,0,0,0,0,0,0,0,20,19,0,0,0,0,0,0,20,21,0,0,0,0,0,0,0,0,0,0,0,0,0,0,0,0,0,0,0,0,
0,20,20,0,0,0,0,0,0,0,0,0,0,0,0,0,0,0,0,0,0,0,0,0,0,0,0,0,13,0,0,0,0,0,0,0,0,0,0,0,0,0,0,0,0,0,0,0,0,0,17,0,0,0,20,15,0,0,0,0,0,0,0,0,0,0,0,0,0,0,0,0,0,0,0,0,0,0,0,0,0,0,0,0,0,0,0,0,0,0,0,0,0,0,0,0,0,0,0,0,0,0,0,0,0,0,0,0,0,0,0,0,0,0,0,0,9,0,0,0,0,0,0,0,0,0,0,0,0,0,0,0,0,0,0,0,0,0,0,0,0,0,0,0,0,0,0,0,0,0,0,0,0,0,0,0,0,0,10,0,0,0,0,0,0,0,0,0,0,0,0,0,0,0,12,0,0,0,0,0,0,9,0,0,0,0,0,0,0,0,0,6,0,6,6,7,0,8,0,0,0,0,0,0,0,0,0,0,0,0,0,0,0,14,0,16,0,15,14,0,18,0,0,0,0,0,0,0,0,0,0,0,0,0,0,20,20,0,0,0,0,0,0,0,0,0,0,0,0,0,0,0,0,0,0,0,
0,0,0,21,0,0,0,0,0,0,0,0,0,0,0,0,0,0,0,0,0,0,0,0,0,0,0,0,11,0,0,0,0,17,8,0,0,0,0,0,0,0,0,0,0,0,19,0,0,0,17,0,0,0,0,15,0,0,0,0,5,4,0,0,0,0,0,0,0,0,0,0,0,0,0,0,0,0,0,0,0,0,0,0,0,0,0,0,0,0,16,0,16,0,0,0,0,0,0,0,0,0,0,0,0,8,0,0,0,0,0,0,0,0,0,0,10,10,0,0,12,13,0,0,0,0,0,0,0,0,0,0,0,0,0,0,0,0,0,0,0,0,0,0,0,0,0,0,0,0,0,0,0,0,0,0,0,10,11,0,0,0,0,0,0,0,0,0,0,0,0,0,0,0,0,0,11,7,0,0,0,10,0,0,0,0,0,0,0,0,11,0,6,6,5,8,0,8,0,0,0,0,0,0,0,0,0,0,0,0,10,0,0,0,0,14,0,16,0,0,0,0,0,0,0,0,0,0,0,0,0,0,22,0,0,20,19,21,21,20,0,0,0,0,0,0,0,0,0,0,0,0,0,0,0,0,
0,0,11,0,15,0,0,0,0,0,0,0,0,0,0,0,0,0,0,0,0,0,0,0,0,0,0,14,14,0,0,0,0,18,0,0,0,0,23,0,0,0,0,16,0,21,17,0,17,0,0,0,21,0,21,12,0,0,0,14,13,0,6,6,0,0,0,9,10,0,9,0,0,0,0,17,0,0,23,0,0,0,0,0,0,0,0,0,0,0,0,11,0,17,0,0,0,0,0,0,0,0,0,0,0,13,0,0,0,0,0,10,0,10,0,0,0,0,0,0,0,15,13,14,0,0,0,0,0,0,0,0,0,0,0,0,0,0,0,0,0,0,0,0,0,0,0,0,0,0,0,0,0,0,0,0,0,10,10,0,0,0,12,0,0,0,0,0,0,12,0,0,0,0,13,13,12,7,0,0,0,14,0,0,0,0,8,0,0,0,0,0,18,6,11,18,8,7,0,0,0,0,0,0,0,0,0,0,0,0,11,0,0,0,0,0,0,17,0,0,0,0,0,0,0,0,0,0,24,22,0,0,0,0,0,0,20,22,0,21,0,0,0,0,0,0,0,0,0,0,0,0,0,0,0,0,
0,0,13,0,15,15,0,0,0,0,13,0,0,0,0,0,0,0,0,0,14,11,10,0,0,0,0,12,15,0,0,0,20,22,19,0,19,0,0,0,0,0,16,0,15,22,0,16,18,18,0,17,17,17,11,12,0,16,0,0,0,0,0,0,0,0,0,13,0,0,10,10,12,0,17,17,0,19,19,21,24,0,0,0,0,0,0,0,0,0,0,0,0,0,0,0,0,0,0,0,0,0,0,12,13,0,0,0,0,0,0,10,11,11,10,11,10,10,0,0,0,0,0,0,15,0,0,0,0,0,0,0,0,0,0,0,0,0,0,0,0,0,0,0,0,0,0,0,0,0,0,0,0,0,0,0,0,0,10,13,10,0,0,0,0,0,0,0,0,13,12,0,0,0,0,16,0,0,0,0,0,10,12,0,16,0,16,0,0,18,0,0,14,19,16,12,16,12,12,0,14,0,0,0,9,0,0,0,12,0,11,0,0,13,0,0,23,13,0,0,14,0,0,0,0,0,0,23,25,0,0,0,0,0,0,0,0,0,0,0,0,0,0,0,0,0,0,0,0,0,0,0,0,0,0,0,
0,12,0,0,13,15,16,8,4,0,13,12,0,0,0,0,0,0,0,0,0,13,12,13,20,0,13,0,0,0,0,0,22,22,17,20,21,24,24,0,0,0,21,0,18,21,17,0,17,17,18,0,18,0,0,22,13,17,0,0,0,0,0,0,0,0,0,13,13,0,12,11,0,12,0,13,20,19,21,22,25,0,12,1,0,0,0,0,0,0,0,0,14,0,0,0,0,0,13,0,0,0,0,0,13,0,0,0,0,0,0,10,10,11,11,24,0,0,17,0,0,14,0,0,0,0,0,0,0,0,0,0,15,0,0,0,0,18,0,0,0,0,0,0,15,17,18,0,0,0,0,0,0,0,0,0,0,15,0,13,13,11,0,0,0,0,0,0,0,0,17,15,16,0,15,14,0,0,0,0,0,15,12,0,0,12,15,13,0,13,14,12,15,15,14,16,21,20,0,12,12,0,0,16,18,16,0,12,14,16,14,13,13,0,0,0,0,25,0,15,0,0,11,0,0,0,0,15,24,0,0,0,0,0,0,0,0,0,0,0,0,0,0,0,0,0,0,0,0,0,0,0,0,0,0,0,
0,18,6,15,18,19,1,8,7,8,14,21,12,0,0,0,0,0,0,0,11,11,13,14,20,20,14,24,0,0,24,24,24,18,17,17,22,25,25,16,0,23,22,15,0,23,22,20,0,18,21,16,0,0,0,23,20,9,16,0,13,0,11,0,0,0,0,0,18,17,12,0,21,17,0,16,20,12,0,21,21,3,13,18,0,0,0,0,23,0,0,0,0,15,13,0,15,0,0,0,0,0,0,0,0,0,0,0,0,0,12,8,10,22,10,0,0,16,16,15,0,0,0,0,0,0,0,0,0,0,0,16,0,0,0,0,13,18,19,19,0,0,0,0,0,0,21,20,0,21,17,0,0,11,0,0,0,14,0,0,14,12,0,16,0,12,0,0,0,10,18,17,18,13,12,15,15,0,0,13,0,17,16,13,13,13,10,16,18,13,17,16,15,18,12,15,12,21,13,18,13,14,17,15,10,13,14,13,14,16,14,15,14,12,9,9,24,26,0,0,0,15,15,16,0,19,0,0,18,0,0,0,16,0,0,0,0,0,18,0,0,0,0,0,0,0,0,0,0,0,0,0,0,0,0,0,
7,19,20,8,16,8,20,18,8,9,17,17,0,0,0,0,0,0,0,0,0,12,12,19,23,22,21,14,12,0,0,0,0,19,20,20,20,27,16,17,21,23,24,15,15,16,22,20,14,21,22,14,20,16,18,16,21,10,16,0,0,0,12,0,13,0,0,17,10,16,13,0,24,14,13,16,17,15,13,15,0,21,3,19,0,0,11,23,23,0,0,12,0,17,14,14,0,15,15,18,0,0,0,0,0,0,0,0,0,11,0,11,11,10,10,23,0,21,0,16,0,0,0,0,0,15,0,18,0,0,0,17,16,0,0,0,0,11,11,20,14,10,15,0,0,21,21,21,0,22,16,16,0,15,13,13,16,15,15,14,17,15,16,17,19,10,15,12,0,6,11,18,18,17,11,12,13,0,0,14,15,18,17,13,14,13,16,17,14,18,19,18,18,19,15,14,16,13,20,20,0,25,18,18,18,21,18,17,12,11,15,11,15,12,12,10,24,13,0,0,14,20,12,17,18,17,17,20,16,19,0,0,0,19,0,0,0,0,0,19,0,0,0,0,0,0,0,0,0,0,0,0,0,0,0,0,
8,8,20,20,9,12,10,19,7,0,19,19,18,16,18,0,18,0,20,0,15,0,0,8,23,23,10,10,10,14,20,26,15,0,21,21,15,26,26,20,17,21,17,24,15,16,0,15,15,21,22,22,17,15,18,17,16,16,16,0,0,0,0,14,14,0,0,0,15,20,17,15,24,25,26,21,20,16,16,14,20,15,3,4,16,0,0,0,24,25,14,13,20,8,18,20,14,21,18,20,17,0,19,0,0,0,0,0,0,0,0,0,14,11,11,21,22,0,0,0,26,0,0,17,0,0,15,15,18,0,13,0,14,0,0,17,0,11,14,12,11,11,11,19,0,12,21,22,0,0,11,18,12,0,15,13,16,16,16,15,18,15,18,17,13,13,17,13,6,11,11,18,18,11,14,12,13,15,15,15,19,17,17,16,14,13,14,17,15,20,19,18,18,16,15,14,15,16,17,15,20,26,18,18,18,19,18,15,14,16,18,15,0,14,14,25,25,17,16,26,0,23,15,21,19,22,21,21,24,24,22,24,0,18,0,0,0,0,0,20,0,14,0,0,0,0,0,0,0,0,0,0,0,0,0,0,
20,9,22,10,20,9,0,22,8,9,11,18,20,9,19,21,18,0,13,12,16,20,20,20,13,10,20,23,11,14,27,18,27,19,17,22,22,28,27,19,19,0,0,16,25,16,15,20,22,22,22,16,18,18,18,16,18,17,18,14,0,0,0,0,14,27,11,15,16,15,21,15,18,25,18,24,22,20,20,22,18,19,4,4,13,0,0,0,0,27,0,0,18,20,9,21,8,22,21,21,11,21,22,0,22,13,17,0,0,0,0,0,10,14,22,16,17,21,23,20,17,17,25,15,17,17,15,17,17,19,14,20,15,14,18,16,17,15,24,17,13,20,13,12,13,20,14,14,21,19,12,11,17,13,14,18,16,13,0,16,15,17,20,18,12,14,15,17,17,7,10,17,19,12,20,15,14,16,15,17,14,26,14,17,20,14,13,14,13,19,11,20,19,22,14,14,13,14,14,17,21,16,20,0,19,15,17,19,15,18,18,19,18,18,18,15,18,26,24,25,26,22,21,22,19,14,21,21,0,20,22,25,25,20,15,0,19,19,0,15,21,15,13,24,0,0,0,0,0,0,0,0,0,0,0,0,
19,9,10,20,9,20,21,10,15,17,0,19,19,10,19,18,20,0,20,13,13,17,18,21,21,15,20,18,21,29,28,28,20,20,14,17,18,15,19,20,12,0,13,13,25,13,24,16,18,23,23,16,22,18,18,18,17,18,21,18,14,12,0,12,11,0,13,21,27,16,21,16,17,19,19,15,23,21,18,22,24,20,17,23,19,18,0,18,21,27,27,23,0,18,16,9,18,21,19,19,20,22,15,22,22,13,14,17,17,0,17,20,0,22,23,0,18,0,21,18,17,14,26,18,19,18,17,15,18,19,17,14,15,15,15,18,16,16,16,18,18,17,21,13,16,21,15,15,17,22,18,11,16,14,17,18,16,26,15,0,16,17,18,20,13,21,21,16,16,17,11,9,8,12,21,20,15,20,16,16,15,27,16,19,15,21,24,14,14,20,21,11,14,23,20,15,16,14,16,14,12,26,18,20,18,16,24,18,18,16,16,19,0,18,19,24,18,26,25,25,23,25,24,23,27,16,21,18,0,12,18,26,25,20,15,16,15,19,20,20,17,15,12,24,24,0,0,0,0,0,0,0,0,0,0,0,
15,21,12,21,18,22,22,16,16,15,0,0,14,8,23,16,22,22,21,23,22,17,21,17,21,15,22,19,23,16,16,29,28,20,20,18,19,21,22,20,22,24,14,24,26,27,17,15,19,20,25,23,18,22,17,22,20,19,22,18,15,10,0,13,12,20,22,25,26,23,21,18,18,21,16,15,15,19,23,18,26,20,18,21,19,18,25,15,15,16,17,22,16,0,17,9,12,18,22,9,8,19,23,23,22,21,18,18,19,0,0,0,19,17,23,21,0,18,0,0,19,27,14,0,0,0,17,0,0,0,22,18,15,21,20,15,19,16,21,17,18,20,20,18,11,16,26,16,24,18,17,20,16,14,16,16,17,16,0,15,18,13,18,21,15,15,13,19,15,15,14,9,17,22,21,17,15,13,16,15,22,28,17,27,15,15,25,18,15,20,21,20,21,14,19,21,16,16,17,14,22,23,27,23,18,17,15,14,19,20,17,22,25,19,21,20,20,21,24,23,19,24,24,27,28,24,18,19,13,13,19,19,26,20,17,20,16,17,18,20,20,15,20,25,0,25,0,0,0,0,0,0,0,0,0,0,
23,22,19,13,22,23,19,17,17,0,0,21,15,9,20,23,17,17,22,13,22,18,21,23,16,21,16,23,23,24,17,30,29,15,17,19,21,16,22,22,23,25,24,26,25,18,28,15,18,17,18,19,17,18,16,17,15,20,18,13,19,19,19,18,14,21,18,26,19,19,24,22,14,19,21,16,23,20,28,24,20,19,18,19,18,22,18,19,20,23,17,17,23,16,17,18,16,14,18,18,8,16,23,23,13,13,13,16,20,20,0,0,15,17,21,20,20,0,21,0,28,28,0,0,17,0,0,0,0,19,23,21,19,20,21,21,18,19,20,16,19,19,21,11,19,17,27,19,27,26,17,18,17,17,18,24,17,18,17,17,17,17,15,17,14,11,14,13,14,10,15,15,16,16,16,22,23,17,19,18,18,20,18,28,27,29,24,24,17,17,19,21,21,13,14,16,20,14,23,16,15,23,13,23,16,19,14,16,14,13,25,25,25,18,0,22,22,22,25,23,27,27,23,25,20,24,24,20,18,20,23,19,20,15,21,18,16,17,18,17,18,19,22,26,23,0,0,0,0,0,0,0,0,0,0,0,
14,24,13,14,13,15,16,16,18,18,22,16,23,24,11,25,19,18,22,14,16,23,21,24,17,22,17,24,24,19,24,18,20,16,15,18,19,17,20,22,17,19,26,27,27,25,18,17,18,18,19,26,19,26,20,18,27,28,14,14,22,20,20,22,18,20,15,24,28,18,19,20,22,19,19,18,14,24,21,24,18,21,14,20,18,17,19,26,17,17,24,26,26,18,20,19,18,15,19,20,10,12,24,21,21,26,21,16,16,27,17,0,18,18,18,17,19,20,21,20,0,0,29,0,18,0,0,0,0,0,18,22,19,23,24,23,20,20,20,20,22,18,14,13,11,20,17,22,27,25,19,18,18,16,19,17,24,18,19,17,18,15,16,16,15,15,12,11,16,18,17,15,16,16,14,17,23,17,22,19,19,21,18,24,24,18,22,24,23,17,19,17,23,14,15,14,15,16,16,19,16,16,15,15,14,21,19,15,21,16,24,19,26,26,0,0,19,22,25,17,22,28,25,24,21,21,25,21,23,21,16,21,20,17,18,19,23,18,25,19,18,25,23,26,22,28,0,0,0,0,0,0,0,0,0,0,
16,14,17,22,24,24,17,17,24,19,19,17,24,17,17,22,20,19,22,23,16,23,23,19,25,17,25,20,17,24,22,19,19,19,11,19,16,18,18,22,18,18,21,20,27,25,19,20,24,20,20,25,27,27,21,21,31,29,22,15,22,21,21,14,23,22,19,20,23,19,20,21,15,22,14,23,15,20,27,18,27,15,15,17,19,20,22,21,18,18,26,16,26,18,20,20,19,18,14,21,12,13,20,22,19,17,17,23,24,20,20,20,21,18,19,18,15,21,22,22,20,18,19,18,0,0,0,18,20,19,19,22,20,24,19,21,22,24,18,18,26,13,12,13,12,22,20,23,28,25,23,19,14,19,16,21,17,30,27,24,19,16,20,17,18,18,15,12,15,19,24,16,16,16,18,25,17,29,21,23,20,21,21,20,22,22,23,23,25,25,17,19,20,17,15,16,15,24,18,18,21,17,16,15,16,16,19,20,19,15,21,20,20,27,19,0,20,20,20,21,20,20,22,22,25,22,26,21,21,17,23,19,26,14,18,19,20,22,25,21,20,19,25,25,22,21,0,0,0,0,0,0,0,0,0,0,
16,14,14,14,21,24,23,23,18,17,24,25,24,22,18,23,18,21,20,20,17,16,27,19,19,20,18,25,24,18,21,22,19,22,24,21,15,19,24,24,23,21,21,21,27,23,26,20,24,21,25,28,27,28,27,23,21,31,22,23,23,20,21,19,15,16,16,21,19,20,21,18,16,14,15,27,26,21,20,27,27,27,27,21,25,22,19,20,20,20,27,16,19,22,20,20,19,22,15,17,13,16,24,19,25,19,17,18,23,19,21,18,18,21,18,17,18,16,25,23,24,20,17,20,19,18,0,27,21,19,20,22,24,21,18,24,23,25,20,20,27,23,14,28,13,13,18,24,25,28,25,23,22,17,16,23,22,30,30,29,25,22,26,14,18,21,18,23,19,22,15,25,24,17,20,24,18,27,29,20,23,19,22,24,20,22,23,26,26,27,25,24,23,13,15,16,19,24,16,18,21,22,16,16,18,19,20,21,19,20,21,27,20,22,25,21,20,19,21,22,21,22,21,23,22,21,21,22,25,17,24,18,19,28,20,20,26,21,21,20,26,23,25,26,25,25,30,0,29,0,0,0,0,0,0,0,
12,12,16,13,15,24,24,23,17,19,22,25,25,25,22,19,25,24,22,21,18,25,28,22,20,21,18,26,20,22,25,21,19,20,23,20,12,15,17,16,24,14,21,21,24,24,27,23,21,21,22,26,26,29,25,23,25,23,24,24,24,21,22,21,22,16,15,20,19,19,19,19,16,15,17,15,25,27,20,20,27,28,28,23,16,17,20,20,26,27,25,21,19,20,23,23,22,20,22,17,17,21,17,16,27,25,18,18,18,17,18,18,24,25,19,24,24,25,18,25,23,24,24,22,19,20,20,28,20,21,26,21,22,22,22,24,27,26,20,27,28,27,26,24,24,23,24,21,24,26,16,23,18,17,18,23,22,29,26,26,28,23,26,23,14,24,22,23,17,22,16,23,16,23,29,21,25,27,25,30,22,20,21,24,21,24,23,24,20,28,26,19,19,19,19,22,17,22,19,18,19,22,17,20,18,19,19,22,22,21,21,18,25,21,21,20,20,25,22,22,23,22,21,25,22,29,22,23,19,23,27,27,20,19,20,22,22,22,22,22,22,21,23,27,26,26,21,27,0,0,21,0,0,0,0,0,
26,18,14,14,17,16,19,24,18,21,18,21,26,20,20,23,25,27,17,22,26,26,28,32,23,24,20,19,21,24,23,19,24,20,26,27,25,16,17,27,22,14,20,27,27,27,19,23,30,21,22,27,26,30,25,24,24,23,24,23,23,23,20,22,22,23,22,19,22,16,25,26,28,18,18,27,17,28,29,29,21,27,19,18,24,26,22,22,26,26,26,25,19,21,27,24,24,23,20,20,18,18,22,22,21,26,20,18,21,28,29,24,19,21,21,26,24,25,25,26,22,26,21,22,22,18,19,19,20,23,27,20,21,21,22,23,24,27,21,22,27,23,23,29,24,21,23,22,23,24,16,24,19,19,19,23,23,28,26,27,26,25,27,25,24,24,22,21,18,23,20,25,23,23,23,23,27,27,26,25,28,24,24,24,22,27,23,26,21,21,20,23,21,23,21,24,20,21,18,19,20,18,18,20,15,19,18,21,23,22,23,19,20,24,25,21,24,22,30,23,19,20,25,26,25,21,21,21,18,24,25,23,24,26,20,19,17,21,20,20,23,20,23,21,23,27,27,27,24,21,0,21,22,0,0,22,
26,23,24,25,26,26,25,25,19,18,22,23,21,21,24,26,26,35,21,24,24,25,26,29,26,24,24,21,21,28,24,19,20,21,22,25,22,26,15,16,21,15,22,27,29,26,22,26,20,29,22,23,32,28,21,21,25,26,25,22,28,22,23,22,22,21,24,25,20,18,17,26,17,16,18,29,18,27,19,29,29,30,27,20,16,19,26,20,24,27,26,26,17,20,16,25,25,23,25,25,22,19,22,22,22,21,21,21,19,28,28,24,20,22,21,19,24,23,20,26,23,26,22,20,23,24,23,19,20,27,28,28,20,25,27,23,22,20,24,25,30,30,23,33,26,23,23,24,24,23,24,23,20,20,17,20,19,29,30,27,27,17,21,25,27,25,16,21,23,14,20,21,27,24,24,24,25,26,23,26,26,29,22,25,22,22,21,25,27,22,21,21,23,31,21,21,20,21,13,19,19,17,21,18,24,26,24,17,20,23,21,20,22,21,22,22,23,24,27,31,20,23,20,24,22,23,28,22,21,19,24,24,25,25,25,23,19,22,25,22,18,20,26,22,28,24,24,23,23,22,24,23,24,0,22,23,
22,30,31,30,27,27,26,26,23,25,23,22,22,26,26,24,25,35,28,22,25,20,29,29,29,20,25,32,28,25,26,29,25,25,28,23,23,21,23,17,27,22,26,25,24,27,27,29,21,31,31,30,29,30,31,24,24,26,23,23,22,22,18,22,17,22,24,26,18,21,24,17,17,29,17,18,26,28,28,27,21,29,29,24,22,25,17,20,25,26,21,27,26,19,21,18,30,25,26,26,27,22,22,21,22,22,22,20,22,26,30,23,25,25,19,20,21,26,24,29,26,28,23,23,21,24,23,24,22,25,24,24,22,28,28,29,21,20,25,32,24,31,27,33,22,27,24,24,28,23,24,23,22,18,22,27,19,28,27,25,30,18,17,23,22,22,22,18,17,23,21,21,23,27,25,22,27,26,24,23,27,30,25,24,26,24,31,24,27,25,25,23,23,35,23,21,22,22,14,20,20,20,18,22,21,28,24,24,20,20,21,21,20,19,24,23,25,20,21,24,24,22,21,21,25,23,24,23,29,18,20,20,26,25,25,23,21,25,21,22,19,19,21,26,26,25,27,25,25,24,24,23,21,23,23,23,
27,31,31,26,27,26,26,24,25,23,26,25,23,26,27,27,26,25,19,25,29,30,27,29,20,30,21,20,30,26,32,32,30,34,29,31,24,22,17,24,17,17,30,25,23,27,24,23,32,30,19,32,26,19,23,24,24,26,23,26,23,26,23,20,18,22,23,24,25,23,26,17,18,17,28,29,31,29,29,22,23,27,30,24,23,21,22,23,24,22,26,27,25,24,20,26,30,30,23,27,26,23,22,22,27,23,29,25,23,19,21,28,24,26,24,20,23,27,30,30,27,28,27,27,24,25,25,23,24,24,25,25,24,21,26,30,26,27,25,22,24,33,27,26,26,26,26,27,25,25,25,24,20,23,20,20,27,23,28,26,27,18,18,23,27,24,23,21,20,23,24,29,24,27,23,23,23,26,24,25,26,28,24,26,29,25,28,27,25,22,26,26,22,24,25,23,21,21,22,22,17,20,26,23,27,27,24,22,25,26,27,21,28,21,24,23,24,26,29,21,22,22,22,27,26,25,27,23,29,19,21,21,23,23,28,23,26,24,22,23,28,23,20,23,27,24,30,26,25,24,25,25,24,22,23,24,
28,28,23,27,25,26,28,28,24,25,28,27,22,30,29,26,28,27,27,28,26,30,25,22,30,22,21,23,23,24,36,33,34,35,35,26,25,25,25,24,21,26,26,24,24,28,30,24,30,31,24,26,27,23,25,24,24,28,24,28,22,28,33,29,30,18,22,22,23,23,25,26,19,27,23,27,32,27,29,26,24,23,32,28,28,22,23,25,25,24,22,23,25,25,23,26,26,31,27,28,25,23,25,21,25,30,29,19,20,20,21,19,19,20,25,17,26,20,23,21,21,31,32,25,23,26,23,20,25,22,25,29,25,22,25,26,23,27,26,20,22,26,27,23,23,25,27,27,25,23,25,25,25,21,20,20,20,24,29,27,27,23,27,24,24,24,24,22,29,25,26,30,29,31,32,24,24,26,28,28,31,30,26,25,25,25,25,26,25,27,33,25,23,21,25,21,21,19,22,29,23,22,27,24,23,28,27,27,27,25,21,21,29,22,22,24,23,24,31,23,22,22,26,26,27,26,25,29,24,24,21,22,21,24,24,24,23,21,24,26,25,24,30,23,25,24,28,28,27,26,26,28,25,25,24,23,
28,25,30,21,20,22,27,29,27,26,22,21,22,28,27,29,30,26,28,30,29,28,25,22,23,30,23,24,23,23,24,36,35,28,27,34,26,25,24,26,24,23,25,24,28,34,29,30,31,32,19,26,28,24,27,25,27,28,29,24,31,29,29,25,30,30,24,24,23,25,32,24,27,29,32,29,31,26,26,31,27,33,34,30,29,24,28,26,23,24,28,27,25,25,28,22,28,23,23,24,25,24,23,21,23,24,22,19,21,26,20,19,25,24,20,24,26,26,23,25,22,34,32,26,25,24,23,20,19,25,25,29,31,22,25,26,23,23,20,20,21,20,27,31,25,33,24,23,29,28,27,26,25,19,20,20,24,25,22,28,28,25,22,23,25,22,25,25,29,27,27,32,32,31,30,30,32,32,27,29,29,31,31,31,32,32,23,32,23,33,31,26,23,26,21,21,26,25,19,18,30,26,22,19,27,25,28,26,27,26,23,24,27,22,23,23,31,24,22,23,25,23,22,27,26,27,25,17,30,31,23,25,26,21,24,25,24,32,26,24,25,26,31,22,23,25,31,28,28,28,31,30,30,25,25,24,
25,20,24,23,21,21,31,30,30,26,27,26,29,29,23,27,24,27,28,25,31,25,26,23,23,30,31,26,26,21,21,21,28,28,29,23,21,28,28,25,23,23,27,28,28,33,34,23,22,21,20,21,27,21,25,25,28,28,24,29,31,30,32,28,35,28,31,28,24,20,25,23,30,30,24,32,32,31,25,30,27,30,32,31,28,26,25,28,28,28,27,23,27,30,28,29,29,24,25,24,27,30,28,25,25,22,25,26,22,20,20,19,24,19,27,25,25,26,27,28,26,25,33,30,24,23,24,26,19,22,21,30,28,22,24,23,27,24,26,25,26,31,33,25,32,23,24,24,26,23,26,27,30,24,25,27,28,25,23,24,28,24,24,27,26,24,33,28,28,24,27,34,32,30,31,33,31,30,32,29,28,29,31,30,31,32,33,24,26,33,25,26,25,26,26,21,27,28,26,27,22,29,22,24,24,28,27,26,25,22,27,21,20,33,28,26,32,25,27,29,30,34,24,28,28,28,27,26,33,32,24,27,27,23,26,26,31,33,31,24,24,23,25,23,25,31,32,28,28,29,31,32,32,32,32,29,
24,27,29,21,22,26,22,32,28,27,27,28,28,29,30,24,26,29,28,29,24,29,26,24,24,30,24,31,25,28,22,21,26,27,28,30,29,28,28,26,30,27,23,26,30,28,28,24,24,30,25,28,27,21,27,26,25,32,25,25,21,32,30,28,31,30,29,31,29,23,23,23,29,32,31,32,31,26,25,27,35,31,34,33,28,32,27,29,29,29,22,29,27,27,26,29,29,27,31,32,24,30,29,28,24,23,25,25,26,21,21,26,25,29,29,27,24,28,28,29,26,30,27,24,25,23,27,26,28,34,31,31,30,35,25,24,24,27,25,25,31,31,31,22,27,25,25,25,24,27,24,28,26,29,37,37,37,26,27,24,25,25,23,20,27,33,33,33,28,21,25,19,34,32,32,34,31,33,28,29,28,30,23,32,32,28,30,32,26,27,30,26,27,26,26,21,27,27,27,25,27,24,29,24,27,25,27,27,26,22,16,22,25,25,29,29,25,26,25,28,31,34,34,25,29,26,32,23,23,23,25,32,29,26,27,26,27,27,33,33,24,30,24,31,23,28,32,29,29,30,30,30,32,30,28,30,
25,27,28,30,30,28,26,25,32,27,26,29,27,25,29,25,30,28,29,29,26,29,30,25,29,31,23,32,26,26,29,27,26,25,28,26,24,32,29,31,30,31,30,26,27,31,29,30,25,29,25,26,25,24,25,25,26,31,29,29,32,27,31,22,24,31,29,31,30,23,24,20,35,26,36,27,25,39,27,36,36,36,34,35,27,32,28,29,27,30,23,29,28,28,25,31,33,33,32,32,33,24,31,29,23,25,27,32,25,28,33,25,26,27,29,26,25,26,29,27,26,24,23,27,27,26,26,27,27,23,31,31,37,36,26,24,25,31,29,26,26,28,25,23,23,26,26,25,24,25,25,29,28,38,30,23,27,28,28,24,26,26,27,24,25,29,34,34,25,20,22,27,20,31,33,32,32,31,30,27,31,31,23,33,32,23,25,32,30,31,31,32,26,25,25,22,27,32,27,28,22,24,33,25,28,27,27,24,24,27,27,27,29,24,29,27,30,28,26,28,29,39,35,35,26,24,29,31,23,23,24,31,30,31,25,27,27,30,33,28,31,33,31,33,24,24,31,28,30,30,30,29,32,31,30,29,
29,28,28,31,25,26,26,26,26,27,29,28,28,26,26,26,27,29,28,29,28,28,27,30,27,30,29,33,26,25,29,25,25,26,29,31,33,30,31,29,31,31,32,26,28,31,29,30,31,33,26,31,23,27,25,26,25,24,31,22,33,32,27,25,25,31,25,28,31,22,24,22,29,27,30,27,27,39,37,28,37,29,35,35,28,30,32,27,32,30,24,24,25,30,26,31,32,30,34,30,33,34,31,31,30,28,32,27,32,26,24,28,26,25,28,28,27,28,26,31,29,31,28,27,27,28,28,28,29,29,34,31,30,29,29,29,33,32,28,29,27,29,31,32,24,28,24,24,23,26,22,29,37,38,23,22,28,25,27,30,26,27,24,24,23,30,30,31,25,25,22,24,34,34,34,27,32,32,37,30,28,32,31,33,33,33,26,26,32,30,29,33,32,36,26,27,28,27,29,29,23,22,26,25,29,28,28,24,25,32,28,26,30,27,24,28,27,29,33,29,30,36,38,23,26,28,25,27,29,34,25,34,34,34,28,29,30,26,31,32,31,33,32,34,36,31,34,31,31,28,31,30,29,31,31,32,
31,29,29,30,26,30,31,28,27,28,30,30,29,29,33,27,31,36,30,37,29,39,28,33,27,27,27,33,24,24,27,26,28,26,27,33,32,31,27,32,29,28,27,32,33,29,33,31,30,34,35,35,31,22,27,25,25,26,25,31,26,33,24,25,30,26,33,34,27,27,26,23,35,31,30,33,30,33,29,29,29,34,28,28,33,30,29,27,28,28,31,25,25,31,32,27,30,31,30,30,27,34,31,33,32,28,26,30,22,33,23,29,23,25,24,31,29,29,29,28,28,29,30,25,28,34,29,27,29,29,36,34,31,30,36,30,30,29,29,29,28,31,32,31,25,28,29,28,29,26,24,29,24,27,29,33,23,23,30,32,30,27,27,24,24,30,26,30,31,32,31,36,36,35,35,26,37,39,37,39,28,29,31,34,25,34,35,34,29,33,31,33,28,27,35,27,28,28,31,30,26,26,27,27,24,30,24,25,26,30,32,30,27,32,33,28,31,34,31,34,28,33,39,26,39,37,27,21,29,34,34,34,31,31,34,30,34,30,34,32,31,30,33,31,27,35,29,33,30,30,33,32,32,31,31,32,
32,25,32,29,30,30,27,28,29,31,31,32,33,31,30,33,27,30,36,28,33,32,28,24,30,27,29,26,25,28,26,27,28,29,29,32,33,24,35,34,31,29,35,28,28,30,32,28,26,35,24,24,25,28,23,25,26,31,31,31,27,30,27,30,31,30,34,33,27,26,30,33,36,32,29,31,31,32,29,30,33,28,28,28,32,30,30,30,33,29,32,33,38,30,32,33,29,33,31,32,32,33,27,29,33,25,34,27,28,23,31,24,31,31,25,32,31,32,28,31,30,28,25,25,25,28,29,26,28,29,28,24,32,31,29,32,31,35,31,34,35,34,29,22,29,28,26,28,28,24,27,32,28,29,27,27,32,32,29,29,30,28,27,26,25,26,27,31,30,33,33,31,35,37,30,29,27,38,37,30,29,30,28,34,33,28,35,28,31,31,34,31,33,28,28,31,28,30,28,29,28,27,27,27,26,30,30,32,26,29,33,33,32,29,32,31,36,27,27,29,29,25,30,39,40,26,32,21,21,28,32,28,32,33,36,30,33,33,34,28,27,30,30,28,28,36,30,34,32,34,35,34,35,31,29,30,
31,31,31,31,31,32,30,30,29,34,24,33,33,34,31,29,36,36,33,30,31,30,29,27,28,29,29,26,26,31,32,29,29,28,30,34,32,24,35,36,38,36,29,30,28,30,34,33,26,32,28,25,27,27,28,26,29,33,27,30,33,35,31,31,30,33,33,35,34,30,27,37,33,32,30,32,32,28,29,37,30,31,34,34,33,31,30,30,29,37,37,28,33,32,32,34,31,31,30,32,28,27,28,30,29,26,24,32,30,29,32,28,26,34,31,28,27,31,32,30,31,29,32,31,25,24,31,28,28,29,30,26,36,27,28,31,34,31,34,34,36,35,30,23,30,27,28,27,30,29,29,31,32,32,26,27,33,34,36,29,29,31,29,28,28,27,28,28,31,27,33,32,32,35,31,29,28,39,38,32,32,31,31,28,31,29,36,30,33,32,32,35,28,34,30,36,32,24,29,33,30,29,28,27,34,30,30,30,26,34,34,34,35,30,32,31,38,36,36,30,30,32,31,31,24,23,28,33,38,27,27,29,28,25,28,34,33,34,30,31,30,29,29,29,29,29,31,35,34,34,31,34,35,35,32,30,
31,31,32,34,34,35,37,31,37,36,33,27,33,34,26,27,30,36,29,33,33,26,32,29,30,37,29,27,31,32,32,33,31,33,28,28,29,34,36,37,37,37,31,28,29,29,31,35,29,29,34,31,28,28,32,31,30,33,30,30,30,31,31,33,31,33,34,36,32,35,31,38,34,35,33,30,32,31,30,36,31,32,33,34,35,31,32,30,39,37,38,34,39,33,33,34,30,32,32,30,29,27,28,26,30,26,26,33,24,31,29,34,27,30,34,29,32,29,32,31,31,30,33,39,32,27,33,33,29,33,30,26,32,33,27,24,24,32,26,35,32,36,32,31,29,28,29,28,35,30,30,33,28,32,27,32,33,32,31,36,30,33,29,27,28,29,27,29,31,29,28,32,35,35,32,32,28,28,34,33,35,32,33,28,30,34,30,24,33,34,33,35,33,29,27,32,37,25,34,29,32,27,29,30,35,34,30,30,36,35,35,34,36,37,31,32,38,39,32,30,30,31,31,22,34,33,25,28,38,22,27,29,29,28,27,32,37,31,28,31,31,31,30,30,30,30,28,35,34,34,35,31,33,36,31,33,
32,33,35,35,29,37,34,31,38,27,37,27,27,31,32,25,28,30,30,31,26,27,32,29,31,32,38,39,29,34,33,31,32,33,29,29,35,29,35,33,35,30,37,31,34,33,31,31,29,30,32,31,34,30,29,33,33,27,29,33,31,28,32,37,37,36,36,35,39,33,35,33,34,34,34,33,33,32,34,32,38,41,32,36,37,36,29,31,33,38,38,30,31,34,34,35,35,32,33,32,30,33,32,31,27,26,28,26,27,26,37,35,35,38,37,32,38,30,32,31,32,32,38,39,34,28,34,31,33,35,30,30,33,30,26,25,29,25,25,30,30,31,33,32,31,32,33,39,29,36,37,32,31,33,33,33,32,35,33,33,31,30,27,36,27,28,29,28,30,33,31,32,30,35,31,33,31,29,33,35,30,35,37,32,30,25,25,25,30,34,31,37,34,34,33,32,35,36,26,35,35,32,27,32,30,30,32,31,31,36,36,36,35,36,37,37,37,40,37,33,31,32,32,31,35,34,26,26,24,22,33,33,37,29,32,32,32,32,30,29,34,35,35,36,30,30,27,27,35,30,35,32,31,34,31,34,
33,34,34,31,36,37,34,38,38,34,35,27,32,27,32,28,26,28,29,29,29,31,32,30,30,33,33,34,34,29,34,37,31,34,34,34,34,36,36,33,36,29,38,31,35,30,34,32,31,33,32,33,31,34,35,33,32,38,39,35,32,32,35,38,37,35,36,34,36,38,34,33,35,34,28,35,30,33,34,31,29,40,40,33,33,37,35,35,32,33,30,32,40,33,33,31,32,33,35,34,35,34,32,33,28,28,29,27,27,26,27,33,39,38,39,32,31,34,32,32,29,34,35,38,38,27,33,32,32,35,31,32,36,33,30,36,29,26,28,32,32,37,32,34,38,34,33,33,39,34,37,30,31,35,34,34,33,32,34,38,32,32,31,28,28,31,29,29,33,30,32,32,32,32,32,29,34,30,34,30,32,36,34,32,30,33,28,32,27,31,35,35,38,30,34,32,34,32,33,34,32,32,38,32,31,34,32,33,35,28,35,39,36,35,34,34,34,38,36,33,35,36,31,31,29,28,27,26,25,34,32,36,37,37,32,36,36,35,36,34,37,35,33,35,37,33,32,28,36,30,36,29,34,31,31,33,
33,33,35,41,30,37,36,35,35,39,37,29,34,31,33,32,38,26,27,35,37,33,29,33,31,35,33,31,33,36,35,33,37,31,34,35,38,37,37,35,34,26,35,32,32,37,35,35,29,34,35,33,32,34,33,34,39,40,39,33,33,33,38,34,37,36,36,37,36,30,35,34,34,35,38,32,31,31,31,33,32,30,31,29,27,33,31,36,33,34,30,25,33,27,28,33,33,33,32,35,36,35,34,32,34,34,33,30,27,36,29,34,34,40,40,39,35,40,40,33,34,35,33,38,34,27,36,35,33,32,35,34,34,34,37,28,30,38,28,35,33,32,36,34,34,35,35,37,40,34,34,32,32,32,35,35,34,34,37,36,36,38,36,28,29,29,29,35,30,33,34,33,26,32,33,34,37,37,31,39,31,37,36,34,32,33,26,32,35,36,32,36,36,30,35,31,33,31,35,34,34,37,39,36,33,36,34,33,31,30,35,34,35,36,36,36,37,37,39,36,37,39,34,32,32,32,27,34,26,35,34,29,37,37,39,39,36,36,40,34,36,36,33,33,38,33,31,31,27,36,28,29,31,31,33,33,
34,40,33,41,34,35,37,37,33,37,37,37,36,31,34,32,37,36,28,35,30,36,30,34,33,35,35,31,35,33,33,33,35,39,33,34,32,36,37,35,34,26,30,36,33,33,35,37,36,30,35,37,33,35,33,33,38,28,33,34,33,33,31,34,35,31,37,34,38,39,29,36,35,38,38,31,33,33,33,35,35,33,34,29,34,35,33,37,32,34,31,31,26,28,29,33,26,33,32,30,36,35,37,31,34,32,34,33,30,30,36,36,36,40,40,40,29,36,31,38,36,32,37,38,34,36,36,36,32,34,33,33,33,32,31,32,35,38,36,36,33,34,37,38,40,35,36,38,38,37,35,34,31,37,30,35,35,28,29,36,35,37,36,37,34,32,34,30,36,33,39,40,36,32,27,34,33,35,37,28,29,28,33,33,33,34,32,32,36,28,33,40,37,28,30,32,33,30,35,35,32,35,34,36,40,36,34,36,33,36,31,36,40,35,37,38,36,35,38,37,37,38,35,35,32,31,30,29,37,36,36,37,39,38,38,39,39,35,37,39,36,38,33,40,32,32,32,34,30,28,34,29,32,33,34,34,
32,34,40,40,41,39,39,35,33,38,37,37,34,36,36,31,29,28,36,36,31,36,33,35,36,34,33,29,35,35,30,33,36,39,40,37,33,34,38,38,41,37,31,32,29,38,31,37,38,34,39,38,35,35,33,36,34,34,29,30,28,36,32,32,31,32,37,33,30,39,30,38,38,39,38,34,35,33,34,36,36,36,36,36,37,35,35,33,34,32,34,32,28,26,29,27,27,33,33,34,33,37,29,36,35,32,33,36,36,31,31,31,35,38,37,37,29,29,38,38,36,34,33,37,38,34,35,36,36,35,35,34,34,35,32,34,36,36,38,37,34,39,38,38,38,28,32,38,39,32,32,31,31,33,31,37,36,30,38,36,32,33,38,33,33,40,34,35,34,36,39,40,41,28,33,28,28,28,38,39,28,29,33,36,36,31,32,36,34,30,29,29,45,30,30,34,35,30,34,31,38,33,36,32,33,33,33,36,35,30,34,37,33,29,35,38,36,35,38,37,36,38,35,36,31,31,32,30,30,36,40,37,31,39,41,40,36,35,35,31,37,31,38,40,33,33,33,33,34,31,35,32,32,33,34,35,
35,35,35,41,41,39,41,33,35,34,36,38,31,37,36,31,33,36,28,38,37,36,37,35,35,35,32,30,34,36,36,31,39,33,37,33,37,33,32,38,31,41,37,36,37,37,39,36,32,35,38,39,33,31,34,34,34,32,29,30,33,39,35,38,34,32,30,33,31,39,31,36,35,33,35,37,35,34,34,38,37,36,35,32,42,37,37,29,34,34,31,33,27,27,30,30,30,34,34,34,32,37,30,37,31,38,35,33,39,35,32,36,34,38,38,33,33,38,39,39,34,37,35,36,34,39,39,36,33,36,37,36,37,39,36,36,30,30,32,42,40,37,39,37,38,29,36,40,35,39,32,32,32,36,38,35,38,31,39,38,36,32,30,34,33,34,35,34,35,35,41,35,41,36,34,34,40,37,38,30,31,37,34,34,36,32,34,37,38,38,39,30,37,44,40,34,38,34,36,35,39,39,37,33,34,39,34,40,37,35,37,37,34,37,36,38,36,37,31,36,38,37,36,36,32,32,32,31,31,32,34,39,35,36,41,38,36,37,36,37,33,39,32,32,40,31,34,38,34,35,37,36,33,37,34,36,
37,35,41,42,42,37,38,39,37,35,32,36,31,37,31,30,33,34,35,40,30,31,31,36,36,36,33,34,31,35,40,36,33,34,39,37,36,33,34,38,37,33,31,37,37,32,37,35,38,35,38,39,37,41,33,35,35,33,33,33,45,41,40,36,36,36,31,31,33,36,38,37,37,39,38,36,36,36,39,39,38,38,38,33,33,38,38,38,31,31,32,35,39,28,38,30,35,35,35,35,33,29,37,36,31,32,35,33,40,33,41,39,37,38,38,38,34,38,39,40,37,38,37,38,35,38,39,38,37,34,38,37,33,34,34,37,31,31,38,42,35,37,39,34,38,40,37,39,41,36,36,35,38,36,37,35,35,32,41,36,38,37,37,32,34,32,36,34,35,38,30,35,36,37,36,35,35,37,35,39,31,37,38,36,38,36,32,38,39,40,41,40,37,38,37,37,39,36,34,37,40,40,38,38,32,34,39,40,31,37,35,36,37,35,37,34,38,32,32,36,36,34,37,37,35,32,33,35,32,32,33,33,36,34,41,39,38,38,37,39,37,32,33,32,32,39,34,36,36,36,39,33,33,37,37,36,
37,37,40,41,42,29,36,39,39,36,39,38,36,35,33,31,36,34,39,40,40,38,31,36,36,37,32,35,32,36,44,38,37,33,36,37,37,35,35,36,43,33,34,34,38,35,43,38,38,40,39,35,38,33,40,34,33,36,36,35,38,44,39,36,36,36,37,38,34,35,34,36,32,34,39,41,38,40,37,40,40,31,37,38,37,39,34,34,32,39,35,36,36,35,37,41,39,41,36,35,35,34,36,37,31,37,33,33,49,34,41,35,40,36,37,34,37,39,38,38,41,38,38,38,37,39,40,38,36,38,42,42,34,38,39,34,33,32,33,37,38,39,36,37,40,33,34,32,40,39,36,36,37,33,35,35,36,36,42,36,30,38,38,38,36,36,36,34,34,38,40,33,38,35,35,35,36,40,38,35,39,32,32,37,35,33,32,41,40,42,36,39,38,42,37,33,38,39,36,35,33,41,39,39,34,33,31,34,36,37,37,40,36,35,38,38,40,33,33,32,34,34,34,37,37,39,34,36,35,37,36,38,32,33,31,39,38,38,36,38,41,38,33,33,31,42,35,36,37,36,38,36,35,37,36,35,
38,38,38,44,40,43,41,37,40,40,33,38,37,38,32,40,32,34,37,39,38,37,35,38,35,36,33,33,34,33,45,44,39,38,36,38,35,36,36,33,37,33,41,35,38,44,44,43,41,38,36,35,37,37,34,40,38,37,37,36,38,46,45,39,37,37,34,38,35,38,35,40,39,34,34,41,40,39,41,38,41,32,37,38,35,34,35,35,40,39,39,41,36,37,42,40,37,39,36,42,41,36,30,30,38,32,34,32,35,38,38,34,41,40,34,34,37,38,39,35,42,38,40,38,37,42,43,41,36,39,39,38,42,38,37,35,35,41,33,41,39,38,33,36,40,33,34,35,34,37,34,35,37,37,42,35,37,40,35,37,31,32,37,39,37,37,36,35,35,42,41,35,37,33,36,35,38,36,39,35,39,40,33,38,37,36,38,39,41,41,39,41,40,39,38,38,40,38,39,36,40,37,33,39,34,33,39,33,35,33,37,39,40,33,39,41,37,40,31,35,39,34,36,37,38,37,34,36,36,39,37,33,33,33,31,39,39,38,37,40,38,37,33,43,35,43,40,37,32,38,35,35,36,37,37,36,
43,38,39,41,41,37,38,36,38,44,41,32,33,39,32,33,44,35,36,37,38,37,37,35,36,36,36,34,33,43,46,45,38,39,36,36,38,37,35,36,36,33,35,42,36,39,32,40,42,38,39,37,38,38,39,42,35,39,38,37,40,39,43,39,39,38,35,31,39,35,38,38,39,42,35,42,42,44,37,42,41,32,33,36,36,39,35,35,35,40,40,44,36,36,43,38,38,38,39,41,41,38,34,33,35,34,34,34,43,36,51,35,35,34,40,40,40,38,37,37,38,42,38,42,38,39,39,44,40,35,39,38,39,41,42,39,38,43,41,39,40,37,37,36,33,32,33,32,33,41,35,39,38,38,42,39,40,40,33,39,38,34,39,38,38,37,37,34,35,35,36,36,36,39,37,37,39,35,37,38,37,37,38,38,37,38,37,38,37,42,41,40,37,39,38,39,36,40,39,33,39,37,35,35,35,36,39,36,37,36,33,41,32,40,33,32,39,32,32,34,33,32,38,38,38,35,39,36,38,40,35,37,39,35,44,37,42,38,39,38,40,39,34,43,36,44,40,39,36,34,36,37,37,37,38,38,
39,39,39,36,36,44,36,36,44,38,37,45,38,42,39,44,37,44,39,37,37,38,36,36,38,39,41,36,41,34,45,46,41,36,41,41,36,39,36,37,33,37,37,42,40,33,43,39,41,39,38,38,38,39,39,39,37,39,39,39,42,41,41,43,38,37,42,32,34,35,35,43,38,42,41,38,43,35,46,43,39,43,33,38,36,36,40,41,36,39,46,41,45,36,44,44,38,42,41,34,41,40,34,32,37,35,38,42,43,33,38,49,38,35,35,35,37,40,39,38,35,39,39,38,40,41,43,40,41,37,42,40,43,37,42,40,44,38,38,39,38,38,43,37,35,41,33,39,34,42,41,41,41,40,39,35,37,41,36,35,39,44,39,37,39,37,36,39,41,39,35,34,34,40,40,38,39,41,35,38,39,42,37,38,39,38,39,39,38,42,41,43,41,38,35,34,38,40,36,34,42,38,38,41,39,36,37,41,41,36,39,42,42,43,43,33,34,39,34,34,39,33,38,38,41,35,37,41,38,31,36,38,36,35,36,39,32,42,39,37,36,39,40,36,43,45,44,37,37,37,36,36,36,39,38,38,
35,40,37,40,42,34,37,35,37,37,37,46,42,40,39,44,45,43,43,40,37,42,34,39,39,40,43,44,38,35,42,46,37,37,40,41,38,36,37,36,34,38,38,37,37,41,34,43,42,42,41,38,38,37,40,40,38,37,42,40,42,42,42,44,42,47,40,42,35,35,42,44,44,41,42,37,46,45,42,47,42,40,44,38,40,40,38,39,38,39,41,35,46,44,45,40,40,42,38,43,44,33,35,35,46,35,39,41,34,34,36,49,38,37,36,40,38,42,39,35,42,40,37,39,40,41,41,41,42,40,37,39,37,38,38,42,45,37,38,36,41,38,39,36,42,35,40,42,34,37,39,42,36,34,35,36,38,42,39,36,35,44,44,39,38,42,37,38,38,38,44,37,35,41,41,41,39,40,43,42,39,40,37,37,40,44,39,38,39,39,37,38,42,37,37,35,39,40,38,39,42,39,42,37,39,39,40,44,37,42,40,43,44,40,44,41,34,40,41,38,35,31,42,41,34,38,42,36,39,32,33,40,39,35,34,35,45,39,42,38,37,43,39,36,38,41,45,40,38,40,36,38,37,37,39,38,
38,37,39,47,39,41,45,40,35,44,38,38,41,44,40,44,45,45,45,43,41,35,34,36,39,37,40,42,41,38,44,43,45,44,47,38,39,40,38,37,37,39,39,39,36,39,44,45,41,45,42,39,39,39,39,43,41,36,37,42,41,36,45,39,42,47,47,37,40,35,36,42,40,42,43,40,46,39,45,46,41,44,41,42,41,38,37,37,39,39,41,37,36,44,38,39,38,42,41,39,45,44,34,35,46,41,39,37,35,37,50,43,40,41,40,39,40,38,39,41,38,39,37,37,43,42,44,43,41,39,42,42,44,38,38,40,44,41,38,39,38,38,36,36,41,37,42,37,39,40,39,44,44,34,36,37,48,36,37,43,39,35,35,33,39,38,38,39,43,39,33,35,36,36,37,40,40,39,44,39,42,39,41,41,43,39,41,37,40,39,38,37,38,39,38,40,39,41,41,39,38,37,39,43,40,42,40,38,41,41,41,41,41,40,40,42,42,40,39,38,38,34,43,34,34,39,42,38,37,40,41,40,42,41,35,36,39,39,36,40,39,38,39,39,39,40,39,44,38,38,38,41,38,38,40,38,
38,38,47,47,46,39,44,48,36,36,44,39,39,45,45,37,44,47,46,45,41,39,35,41,40,38,45,40,41,39,39,43,37,46,38,41,47,40,38,37,38,40,40,40,36,42,42,45,44,40,41,42,40,41,40,42,44,42,43,37,41,36,44,38,40,48,47,39,38,37,39,38,40,43,43,47,40,41,41,37,38,42,41,39,41,40,37,44,37,39,43,48,38,37,38,42,37,39,42,42,39,35,35,46,46,45,43,38,39,38,37,44,38,43,40,39,39,39,40,44,41,40,38,44,41,39,39,40,42,38,42,41,42,42,36,42,41,38,42,42,40,40,40,38,34,39,39,43,42,41,40,45,37,41,35,38,37,49,42,44,40,41,47,34,41,40,39,43,40,44,35,39,38,35,38,41,41,40,40,43,45,40,40,42,43,41,43,41,41,40,41,38,38,40,41,37,42,39,38,46,39,44,43,43,43,45,41,39,43,43,42,42,40,41,41,41,41,41,40,40,38,39,34,35,35,40,41,42,38,44,42,42,44,39,42,42,43,36,38,38,40,44,40,44,39,41,40,40,41,41,39,41,40,41,43,39,
39,39,45,48,48,41,42,42,44,42,46,45,45,42,46,45,45,48,46,44,41,45,44,40,43,40,41,41,41,40,39,39,42,44,43,37,49,38,41,40,40,41,42,41,41,42,43,40,45,40,41,41,41,42,42,43,42,43,36,45,40,37,42,44,40,36,40,40,40,39,39,39,40,43,47,43,41,42,37,37,42,43,43,39,42,43,39,44,39,42,44,44,41,39,43,42,42,46,37,42,43,46,47,39,48,46,44,43,41,43,39,45,38,44,39,41,38,41,40,45,46,43,41,44,40,39,39,45,42,40,43,39,45,42,41,47,43,45,39,39,39,36,40,34,35,43,41,41,43,41,39,41,41,42,42,41,38,36,36,39,40,46,40,45,47,46,43,41,45,44,37,39,36,36,38,44,42,40,40,41,44,41,46,43,43,41,41,41,42,46,40,41,42,41,41,43,42,42,41,39,40,44,42,44,39,42,44,40,40,42,44,38,39,44,43,42,39,43,41,42,41,40,41,35,40,41,41,40,42,41,44,43,40,45,41,41,44,41,39,41,38,40,39,39,42,45,41,40,41,41,42,40,45,42,41,44,
43,40,41,45,48,44,43,43,44,43,43,47,44,43,47,46,40,49,50,47,41,41,44,40,40,39,43,42,45,45,45,40,45,45,46,44,39,39,41,40,41,42,43,43,41,42,45,44,41,41,41,44,44,42,45,44,44,43,43,45,37,43,42,42,44,37,42,41,45,40,44,39,43,42,43,43,37,45,44,41,39,42,39,43,45,43,43,39,42,39,42,42,42,43,41,42,38,44,38,42,47,47,48,41,41,46,42,40,40,43,42,39,44,45,46,39,39,38,39,41,46,46,43,41,41,43,40,45,42,46,44,44,42,43,43,41,47,43,46,44,43,35,36,43,36,41,46,45,47,41,42,45,42,46,42,45,42,35,37,36,37,40,39,40,45,41,44,42,42,43,38,45,41,39,45,44,42,42,41,42,42,41,44,46,42,42,42,40,46,43,46,40,47,40,41,42,41,45,44,45,45,38,42,44,40,43,42,39,43,43,42,42,47,44,41,45,39,39,42,41,42,42,40,40,41,41,41,40,42,42,42,50,43,41,43,39,44,43,47,40,39,45,43,40,44,42,49,41,40,42,42,41,45,40,43,43,
39,42,43,41,46,43,52,44,45,44,45,47,45,45,44,48,37,50,41,40,51,41,39,39,40,44,44,42,44,45,42,49,45,46,43,43,43,40,42,41,41,42,43,44,43,43,47,45,47,42,41,43,45,46,45,46,44,48,40,40,46,45,45,45,46,44,43,41,41,40,45,45,44,43,42,45,43,42,43,39,48,46,41,47,40,44,44,43,40,45,43,41,40,41,43,43,41,40,39,39,44,48,47,48,49,48,43,40,44,43,44,45,45,44,43,46,43,41,43,40,42,42,39,44,42,47,43,45,42,46,41,42,42,44,42,41,42,43,40,45,41,43,44,36,44,47,47,47,46,47,42,38,38,47,42,43,48,49,37,39,45,40,43,41,41,41,42,45,42,44,43,37,39,39,42,44,44,45,42,42,43,43,44,49,44,44,44,46,49,46,45,40,39,47,41,44,42,39,46,45,39,42,42,41,41,43,42,42,41,43,43,44,44,44,41,45,46,43,43,44,43,42,42,42,42,40,42,43,42,43,42,41,51,43,40,39,39,42,50,48,47,45,43,45,41,40,52,47,42,41,40,41,39,46,40,41,
42,43,43,45,47,44,44,45,44,47,46,44,45,45,45,42,42,37,40,40,39,46,40,44,40,44,45,43,47,39,42,40,46,44,42,43,41,43,43,41,43,43,45,43,45,41,47,44,43,48,42,45,45,45,48,46,47,41,41,41,39,40,46,45,43,47,48,47,43,43,42,42,42,44,44,44,46,44,43,44,49,42,47,46,44,41,43,46,45,44,44,43,41,45,42,43,42,44,39,44,41,51,49,44,48,44,44,40,45,42,43,41,43,47,45,42,44,43,41,44,38,42,42,45,47,43,46,42,42,43,46,42,47,47,42,43,43,41,41,42,44,42,41,37,37,44,47,42,46,41,42,40,39,40,44,42,43,49,42,48,46,40,42,42,41,40,45,43,44,45,45,45,39,40,42,43,39,45,42,45,42,43,45,44,49,44,43,44,46,47,46,45,39,47,48,45,47,41,41,44,40,46,43,44,41,42,40,43,45,42,44,44,44,46,46,43,45,45,45,42,44,44,44,41,46,44,42,42,43,43,44,43,42,45,46,39,40,40,43,38,42,43,46,43,43,43,52,48,41,44,44,44,40,42,41,42,
44,43,44,45,45,51,46,46,45,45,46,46,44,45,39,46,42,43,38,40,41,45,46,45,45,45,45,43,44,48,41,47,44,50,41,47,41,43,46,43,46,43,46,44,46,45,45,44,44,45,49,47,43,44,44,42,47,41,42,47,40,47,47,40,42,43,49,43,43,43,44,42,43,42,46,45,46,54,44,43,45,44,42,45,44,48,42,44,46,47,45,44,45,42,44,45,42,43,45,44,46,46,49,48,45,45,44,41,41,43,44,40,43,41,47,42,41,44,42,41,44,39,41,44,46,42,44,44,42,46,41,47,41,42,42,41,42,40,42,42,41,45,45,40,37,46,47,45,46,48,43,43,41,41,41,40,43,42,43,46,48,45,40,46,42,45,48,43,42,45,42,45,45,43,45,45,45,40,44,43,44,44,43,49,43,47,46,48,47,47,48,46,40,47,46,43,42,42,42,44,46,47,46,44,49,42,41,44,45,44,42,44,48,44,43,45,44,42,43,45,46,43,45,46,47,46,46,42,47,42,47,43,44,45,46,43,41,40,44,46,47,48,44,46,44,42,44,46,40,42,44,41,40,42,43,44,
50,42,45,42,46,47,51,47,46,45,45,43,48,44,40,48,44,43,47,41,47,41,46,47,45,46,47,47,45,40,40,41,46,44,45,46,48,44,44,43,45,45,47,46,47,46,44,47,47,45,48,50,44,44,40,44,41,44,43,45,47,42,48,41,40,43,49,43,44,42,46,43,44,43,46,46,48,43,54,44,53,45,43,43,47,48,46,44,45,46,46,47,43,45,44,44,47,41,44,41,46,47,47,49,48,44,45,42,44,42,45,44,48,47,44,43,42,42,42,46,48,45,47,43,46,39,40,45,41,47,47,41,49,42,42,46,42,41,47,42,41,46,45,46,45,41,45,44,47,47,47,45,41,44,44,42,44,43,43,45,47,48,43,43,45,45,44,44,43,43,47,49,50,44,46,47,48,45,45,44,44,45,43,50,43,51,48,47,47,43,48,43,42,44,46,42,47,51,41,51,44,43,41,47,45,43,43,47,44,44,44,46,49,40,48,42,41,41,43,43,46,44,45,47,47,47,47,47,47,43,48,44,45,46,48,42,47,43,42,47,47,48,42,46,46,43,44,44,47,47,40,43,41,41,43,44,
48,42,45,43,43,46,45,51,48,43,46,44,45,44,44,46,48,45,47,47,47,46,46,51,41,48,47,46,46,41,45,41,47,45,45,49,43,44,44,44,44,44,46,47,47,46,45,46,46,45,45,49,44,43,45,48,44,45,44,45,47,44,43,42,49,42,44,47,44,43,43,46,46,54,45,48,44,49,44,40,54,45,44,49,47,47,47,45,44,46,45,43,48,42,44,45,45,46,42,49,47,47,46,49,48,44,43,43,43,44,44,45,45,48,45,47,47,45,50,47,47,47,46,46,45,52,41,41,51,42,41,45,43,48,50,45,46,46,47,47,47,42,43,44,43,46,44,46,47,48,46,45,43,43,44,44,45,44,43,41,44,47,48,48,42,47,49,43,44,47,44,49,45,50,43,47,43,45,46,42,45,47,45,50,44,49,47,48,43,48,46,44,44,42,47,46,44,41,50,44,43,45,46,42,42,45,46,47,47,43,45,47,47,47,50,48,47,46,46,46,47,45,47,45,48,46,48,46,47,50,49,49,44,45,46,41,47,44,48,43,46,49,42,43,47,46,45,47,48,48,39,42,44,40,43,44,
48,48,52,45,44,44,44,50,48,48,45,45,45,46,43,49,47,45,45,48,48,47,44,51,43,47,48,48,40,44,45,41,46,46,47,44,44,40,45,49,44,44,48,44,44,47,45,48,46,45,41,46,45,44,47,49,46,44,48,46,46,46,45,44,48,43,43,42,44,49,44,46,46,42,53,47,47,44,45,54,41,50,48,50,45,45,49,48,44,44,43,47,45,45,47,48,46,44,47,49,49,49,46,47,46,44,39,44,44,44,48,47,48,44,46,47,45,46,48,50,43,47,48,42,44,45,45,45,49,49,45,46,43,51,45,51,48,47,48,48,46,48,47,44,44,49,45,45,45,48,46,47,47,46,44,43,49,46,44,46,46,45,46,46,43,42,47,45,44,43,46,46,48,44,45,43,46,45,47,44,42,46,47,47,47,52,50,45,46,44,45,48,45,44,46,47,46,45,51,44,49,44,41,47,43,47,46,45,46,46,44,44,46,48,50,40,47,46,47,45,47,42,47,47,48,48,48,50,47,47,49,52,52,49,47,50,44,40,50,47,41,48,45,45,46,44,44,42,44,47,41,42,44,44,47,43,
49,48,50,43,46,44,44,50,50,44,41,44,44,45,44,43,44,44,47,46,48,45,48,48,47,41,48,43,49,49,47,47,46,49,48,45,40,45,40,48,45,45,46,49,50,45,46,47,46,47,42,50,52,46,45,49,47,48,48,49,48,46,44,45,44,46,43,44,51,50,43,47,47,55,47,49,46,45,45,45,55,47,47,46,49,45,47,45,46,49,46,51,48,47,48,48,45,47,49,50,50,49,48,46,43,46,45,40,46,44,46,49,48,45,46,50,45,46,48,47,44,48,49,50,45,45,49,48,51,46,50,44,46,47,47,45,47,47,47,49,47,47,47,47,45,49,47,46,46,51,49,48,47,47,44,44,48,45,47,45,47,53,52,48,46,47,42,47,45,46,47,47,47,44,46,46,47,47,46,48,47,47,46,48,47,43,46,51,47,50,52,52,44,51,44,47,47,43,46,45,42,49,47,50,47,47,48,44,47,47,45,44,46,46,45,48,50,50,48,51,41,43,48,46,45,50,49,48,50,45,52,50,53,48,45,47,47,41,48,47,48,46,46,46,44,45,44,45,47,45,42,45,43,45,45,43,
49,47,47,48,46,44,46,45,51,49,45,45,48,48,46,44,51,45,48,46,48,46,50,49,49,44,41,45,50,49,50,47,47,47,46,47,41,41,45,46,49,50,49,49,47,52,43,47,43,49,48,52,52,49,47,47,47,49,47,48,49,46,46,47,45,46,46,45,46,52,44,46,47,49,51,50,47,45,48,46,46,48,46,47,46,48,42,45,47,47,48,45,45,49,50,48,43,44,44,50,51,50,49,49,45,46,47,41,47,48,49,47,50,49,48,47,45,50,49,49,47,46,44,51,47,46,45,49,44,46,51,47,45,48,51,48,45,47,48,48,46,42,51,46,49,47,48,49,52,52,53,49,51,48,52,49,49,52,50,46,46,46,50,51,44,42,49,49,48,47,49,48,48,46,48,50,46,45,47,48,47,48,47,47,45,51,50,49,46,51,53,50,47,53,46,46,50,47,47,50,49,45,48,47,47,47,47,47,48,42,48,46,45,47,50,49,47,50,49,51,48,47,49,45,45,51,46,48,44,48,51,53,51,53,45,50,47,41,49,50,49,43,48,48,50,45,48,44,44,45,43,44,43,46,45,44,
47,50,49,46,47,47,46,48,46,46,43,46,46,50,46,51,47,51,46,48,48,50,50,50,51,44,43,46,48,43,47,50,47,48,46,46,47,47,46,45,52,51,49,49,52,54,45,54,42,44,47,42,44,50,50,49,50,50,47,48,46,49,46,46,48,46,48,54,46,46,50,48,51,47,50,54,47,45,51,48,48,48,48,47,49,48,42,42,48,53,48,49,48,49,51,50,49,49,47,47,48,52,50,48,49,46,47,43,50,45,47,50,47,48,49,50,48,46,51,51,47,48,50,49,47,48,47,46,51,48,49,48,48,51,52,53,46,45,48,47,47,48,50,47,50,52,49,47,49,46,53,48,49,46,50,50,52,46,45,49,51,47,51,51,43,51,49,41,49,49,46,49,48,46,50,50,48,50,49,47,49,47,45,45,46,51,52,48,48,48,53,53,47,47,48,47,50,48,50,48,49,45,49,50,47,47,48,46,48,48,46,48,47,45,49,50,46,52,50,50,50,49,47,48,49,47,45,49,48,49,50,50,45,48,49,46,50,45,51,45,51,49,48,50,48,50,49,46,46,46,49,50,47,47,48,46,
51,51,49,47,47,47,46,48,49,49,48,47,46,48,49,50,49,46,51,48,48,46,51,52,45,45,44,46,47,49,43,48,46,48,50,47,48,48,48,50,47,45,48,50,51,46,46,56,46,47,47,43,45,51,50,49,47,47,47,49,47,50,47,48,47,45,55,54,45,47,49,51,52,50,52,54,48,51,51,49,47,49,53,51,47,50,50,47,46,45,48,50,49,52,47,47,48,46,45,48,49,48,48,46,49,48,51,51,50,46,48,48,51,48,49,48,51,47,47,50,47,44,51,44,48,47,48,47,52,52,50,50,52,53,52,54,52,47,49,48,48,48,52,51,48,48,48,45,49,50,55,49,49,48,51,49,48,53,53,51,50,50,50,52,48,44,48,44,49,50,50,46,48,50,49,46,46,51,49,50,48,52,49,48,48,49,46,46,50,51,50,47,53,46,46,50,50,51,50,52,50,46,46,48,48,51,51,47,47,47,47,48,47,47,47,50,51,49,50,51,51,51,47,45,50,50,48,46,48,47,50,46,53,54,47,50,50,48,49,44,45,47,48,50,49,49,48,48,47,47,48,51,46,46,45,47,
52,49,50,53,51,47,49,48,48,50,48,49,47,50,49,52,49,54,46,48,48,48,47,48,52,54,48,46,52,49,46,44,46,50,49,49,45,50,49,50,48,51,49,46,50,49,47,52,46,46,48,49,49,52,51,51,54,47,49,47,48,47,54,48,48,47,53,54,45,52,50,49,50,53,52,54,55,45,51,49,53,50,48,53,53,48,49,50,50,46,48,52,51,48,47,50,48,48,48,43,50,48,50,50,47,46,53,53,51,47,48,50,50,48,47,49,49,48,48,47,51,47,49,51,53,46,48,48,53,53,46,49,52,52,53,52,50,50,50,49,49,53,52,52,55,52,50,48,46,46,49,55,52,49,48,50,50,53,53,52,51,48,51,51,49,49,47,45,49,51,48,47,46,49,47,45,50,52,50,50,45,50,50,49,49,47,47,52,51,49,46,47,48,47,48,51,50,51,51,49,48,48,46,48,46,52,49,51,48,49,48,47,48,47,47,55,52,49,47,50,52,51,50,50,46,46,48,48,52,48,51,52,52,55,47,48,50,46,46,46,49,48,50,49,50,50,49,49,48,47,48,52,48,46,48,50,
52,49,49,53,53,49,51,50,49,50,49,50,50,49,49,49,52,47,54,49,47,48,50,50,53,55,54,47,47,47,52,48,48,46,49,50,50,51,48,48,48,52,48,46,51,47,48,54,53,45,48,48,46,50,52,48,55,51,47,48,49,49,53,55,45,55,54,55,46,48,50,51,51,48,54,52,52,54,49,49,49,54,53,53,53,49,51,50,51,51,48,47,52,49,49,50,49,49,49,45,44,50,48,54,50,49,47,50,52,52,52,51,50,51,55,48,50,50,52,52,50,48,50,51,53,51,52,53,54,49,48,52,52,52,53,54,45,51,51,53,49,51,54,51,52,51,50,53,48,48,47,48,51,53,46,51,52,51,49,55,47,49,52,49,48,50,52,50,50,50,51,46,49,50,47,46,49,50,52,46,46,51,51,49,49,48,51,48,50,47,47,50,48,51,49,49,51,49,51,49,50,49,49,47,51,51,47,51,48,47,49,49,49,48,49,50,55,49,51,49,49,47,50,49,51,49,49,49,49,52,53,53,53,55,53,55,52,53,51,51,49,49,49,50,54,49,51,49,49,49,50,49,51,50,51,50,
52,53,52,48,52,53,52,52,51,51,50,45,51,50,54,54,52,49,48,54,49,48,49,46,51,51,55,47,52,53,53,53,52,50,54,51,50,50,49,50,49,53,53,53,52,50,54,54,54,49,46,45,46,48,50,56,55,51,51,48,47,49,47,54,49,55,47,53,52,51,51,50,53,53,49,53,50,51,50,51,51,55,48,54,50,49,52,57,52,52,49,49,50,49,48,50,49,50,45,49,47,49,51,55,56,55,48,50,53,50,48,53,51,52,51,48,50,49,51,51,52,48,52,51,47,48,48,50,54,49,49,53,52,49,49,54,52,45,50,50,53,53,50,54,52,52,48,48,54,50,53,50,50,52,55,51,52,49,50,54,53,48,52,49,50,50,50,51,51,51,51,50,52,50,50,48,52,53,50,46,45,52,52,50,49,49,48,52,51,49,51,50,49,51,50,53,49,51,50,47,53,49,50,49,51,53,51,52,51,48,52,49,51,50,50,50,50,50,50,50,51,54,49,51,49,51,50,49,49,53,51,54,52,53,53,55,50,52,53,52,50,53,50,51,53,50,48,51,48,50,51,51,49,51,51,52,
50,53,53,52,53,48,54,51,50,53,51,53,50,52,52,53,50,51,47,50,49,52,50,53,52,56,52,52,53,53,53,54,52,50,51,51,52,54,55,47,51,50,51,51,51,51,52,50,52,50,50,46,47,50,51,50,53,55,50,50,48,50,48,55,55,52,50,52,54,51,50,51,53,50,50,50,53,49,50,50,51,51,49,49,50,51,50,52,52,51,49,49,50,50,52,50,52,53,49,51,48,46,52,54,51,54,54,54,54,51,49,53,51,53,52,52,50,50,47,50,52,52,49,53,52,49,52,51,50,53,50,52,50,52,50,54,53,54,52,52,53,52,52,51,50,53,51,55,49,48,48,52,48,53,48,50,48,53,52,55,54,56,49,55,51,51,51,50,52,52,54,52,51,50,53,51,52,50,50,46,51,48,53,52,51,54,49,52,51,50,50,53,49,52,53,51,49,48,50,48,46,50,53,52,51,52,52,51,48,52,51,52,49,55,52,52,51,53,50,54,58,53,50,48,52,53,52,50,51,53,53,53,53,54,52,54,51,54,53,54,54,53,52,51,50,52,51,52,50,51,52,49,49,51,49,52,
51,54,52,52,50,49,51,48,55,51,53,50,53,54,54,53,50,51,50,55,52,50,52,54,55,55,54,49,53,51,53,54,53,51,52,50,50,53,55,50,51,52,52,52,54,52,52,51,51,50,50,51,47,48,50,52,52,55,55,52,51,54,56,49,57,50,51,50,52,51,51,51,54,51,51,52,55,49,51,50,51,53,54,51,51,55,51,53,53,52,51,50,51,52,50,54,53,55,51,52,52,56,54,53,55,51,52,55,53,51,51,50,52,53,52,51,52,49,48,51,55,54,53,52,50,51,50,53,54,53,53,50,52,51,52,52,53,52,52,51,53,52,52,52,51,51,52,54,51,52,49,50,50,49,54,50,51,55,54,54,55,53,50,57,55,51,52,51,52,52,53,51,53,50,53,52,52,53,50,49,48,47,49,53,52,53,56,52,53,53,51,53,52,50,50,53,50,51,47,47,49,51,50,52,54,53,53,53,51,54,55,52,50,55,51,52,51,51,54,52,50,56,50,51,49,50,53,51,51,53,53,55,53,54,54,53,53,55,50,55,53,55,53,53,52,52,51,55,55,51,53,54,50,49,53,53,
53,57,53,54,53,53,52,54,55,54,52,49,55,55,54,51,49,53,51,56,52,55,55,54,54,52,55,57,55,54,55,55,53,51,51,51,53,54,56,56,53,52,55,52,56,49,54,51,51,52,53,51,52,53,50,53,54,56,56,53,53,52,56,57,55,53,53,53,52,52,51,52,50,52,52,53,53,52,56,55,50,52,54,54,54,55,56,54,52,55,54,55,51,53,54,52,53,54,51,51,54,55,52,54,54,53,51,50,54,53,53,53,52,54,53,52,50,54,53,49,51,56,56,55,49,51,50,51,51,52,53,51,52,52,52,50,54,50,51,53,54,53,53,53,55,52,50,54,53,50,51,55,54,50,53,51,50,52,54,55,55,51,53,57,52,51,51,54,50,55,55,52,53,51,53,52,52,53,54,49,52,48,50,55,52,52,53,52,53,53,53,50,53,52,53,54,52,52,54,49,50,50,53,53,51,51,52,54,54,55,53,51,58,54,53,52,51,52,55,51,51,49,52,51,52,51,53,52,52,51,51,54,55,53,53,53,52,53,56,50,54,54,50,54,55,51,51,54,56,55,51,53,53,51,51,53,
52,53,50,54,52,53,53,51,55,54,53,54,53,56,55,56,51,53,55,56,55,54,55,55,55,53,56,56,56,56,54,53,53,51,58,50,53,55,53,57,51,53,53,54,54,52,50,54,53,52,53,52,53,54,50,54,50,55,56,53,53,54,55,56,51,53,56,53,51,51,54,52,52,51,53,54,54,53,56,53,56,54,55,54,56,55,55,54,53,56,55,55,52,55,54,53,54,56,52,52,53,56,52,51,53,52,55,54,54,55,56,53,54,54,55,50,54,55,53,54,52,49,51,52,50,58,52,55,52,53,53,50,51,53,51,55,51,54,51,58,57,53,55,52,55,55,51,55,57,55,55,54,52,51,50,54,54,52,52,50,54,56,53,51,54,53,55,52,51,54,54,53,53,53,54,53,53,53,53,51,50,56,51,52,54,53,57,54,54,55,54,57,55,53,52,52,53,51,57,50,50,53,54,52,52,52,55,53,52,54,55,54,59,59,52,55,55,56,53,51,52,51,53,52,52,53,51,54,53,52,55,59,55,54,53,53,52,53,51,55,52,52,51,54,53,53,52,56,54,54,52,53,53,53,55,56,
51,55,51,51,59,52,52,56,52,53,55,56,51,54,53,53,53,52,55,55,56,55,52,57,56,54,56,55,54,56,55,54,53,57,53,50,56,56,54,57,53,54,53,56,55,54,54,53,53,53,57,52,53,53,55,51,55,57,55,56,56,56,54,58,57,53,54,54,54,52,52,54,56,51,55,54,54,52,51,54,54,54,56,55,59,55,60,55,56,54,54,55,53,53,53,54,52,54,54,55,55,54,54,52,53,53,53,56,55,53,55,52,55,55,55,56,54,55,50,54,53,57,53,52,51,59,54,51,54,53,53,51,52,53,55,52,53,56,53,58,54,53,55,54,57,54,51,58,52,55,54,55,54,54,52,53,53,54,55,54,53,54,54,56,52,53,56,53,53,54,55,56,54,52,54,53,55,53,54,54,52,50,56,51,54,54,56,55,53,54,56,58,56,54,53,54,54,56,54,53,53,56,52,51,52,51,52,54,54,57,56,54,51,55,53,55,56,54,56,57,56,52,54,54,54,53,52,55,55,55,53,56,56,55,55,53,54,50,52,56,51,53,53,53,52,54,53,52,52,53,55,53,54,52,54,50,
55,53,55,54,55,59,60,56,53,55,56,53,58,55,54,53,56,54,56,56,55,57,53,57,57,55,54,56,57,57,54,55,54,53,53,54,51,54,56,55,57,54,53,56,56,57,52,55,55,57,54,58,53,54,57,54,55,54,54,57,55,56,54,54,58,54,54,58,55,54,53,54,55,53,51,52,56,54,54,52,51,54,57,53,58,56,60,56,55,54,55,57,53,53,53,54,53,52,55,52,54,57,54,51,53,56,53,53,57,53,53,56,55,56,55,57,56,57,54,53,52,51,56,53,55,52,50,56,57,55,53,55,54,54,55,53,54,56,55,53,55,55,56,58,55,58,55,58,53,53,54,54,55,54,55,55,54,54,55,55,55,57,54,55,53,55,55,54,54,53,55,54,56,54,56,54,55,55,57,55,55,53,56,52,52,56,56,55,55,56,58,58,53,54,54,54,53,56,55,58,54,54,53,52,52,53,53,52,55,53,55,56,58,58,56,56,56,56,56,55,56,58,55,54,54,54,53,53,57,54,60,51,54,55,53,54,54,55,55,54,54,54,53,54,53,55,53,53,56,53,55,55,54,53,52,52,
55,54,54,56,55,60,55,57,58,57,56,56,54,54,54,54,54,56,54,56,56,54,58,54,57,55,56,54,56,58,56,56,57,56,55,54,54,56,54,54,57,56,56,56,54,57,58,57,55,56,59,54,56,53,57,53,55,55,55,60,56,58,55,56,54,54,54,56,55,54,55,54,56,55,58,56,53,57,55,57,52,53,55,55,59,54,57,60,56,54,56,55,56,54,55,54,54,53,55,56,57,55,56,57,58,57,59,53,53,54,55,56,55,55,55,54,57,53,55,57,55,52,53,56,54,55,53,55,57,56,55,55,58,54,56,55,54,58,57,58,57,55,56,55,56,55,56,55,55,53,55,53,58,57,55,58,56,59,56,56,54,58,58,53,56,58,54,59,56,55,55,57,55,55,55,55,57,58,56,57,54,53,54,57,53,55,57,58,53,56,57,59,58,57,55,58,55,56,55,58,54,55,55,55,53,56,55,53,54,55,54,57,59,56,54,58,54,57,56,57,56,58,54,55,56,55,54,58,55,59,60,52,58,55,54,54,55,55,57,55,55,55,55,52,53,54,55,53,54,56,56,55,56,54,55,52,
55,55,54,56,59,59,56,57,58,57,57,56,56,59,56,55,56,56,57,57,57,56,58,58,58,56,55,58,58,57,55,56,57,57,57,56,58,55,58,55,58,56,58,57,58,54,57,58,57,56,55,57,57,57,54,57,57,57,57,59,55,55,55,57,55,53,55,58,56,55,56,55,56,58,55,55,55,54,56,57,59,56,54,56,55,58,56,58,55,57,58,56,56,57,55,57,55,58,54,56,57,61,55,55,58,54,55,56,56,55,56,54,56,57,56,55,55,55,55,55,56,59,55,55,56,55,55,59,58,54,57,54,55,56,56,54,54,55,59,58,59,59,55,55,56,56,56,57,54,55,56,58,55,58,58,57,58,57,55,55,56,57,58,56,56,56,59,55,56,56,56,54,57,57,56,56,57,57,58,57,56,55,55,59,57,56,55,55,55,54,56,55,57,57,59,58,56,56,56,56,59,55,55,56,55,57,57,56,53,58,57,55,56,56,61,57,56,55,54,53,57,58,59,58,56,53,56,58,59,55,60,59,58,57,54,56,55,55,56,60,55,54,54,54,55,55,55,57,55,55,57,57,57,55,56,58,
55,56,58,57,58,59,57,57,56,57,58,55,57,59,60,56,57,57,58,55,55,55,55,58,56,53,56,57,55,58,56,57,57,57,58,58,59,58,58,57,57,57,56,56,59,58,58,56,57,58,59,57,57,57,58,58,58,59,56,58,59,57,58,56,55,59,57,56,57,56,55,57,57,57,57,56,56,57,56,56,59,60,59,55,58,56,58,59,58,56,57,59,55,59,58,55,57,58,58,57,61,60,55,54,55,55,59,57,57,55,55,56,60,54,55,54,55,57,56,56,56,56,58,55,58,56,58,56,59,57,57,56,56,55,57,54,54,56,59,60,57,59,56,53,55,58,57,57,56,58,57,57,59,58,56,56,56,57,56,56,56,55,57,58,57,57,57,56,55,59,57,57,58,57,56,57,57,57,57,58,54,55,56,57,56,59,56,56,54,56,57,55,59,57,58,60,55,59,55,55,56,58,57,57,57,58,58,57,57,54,60,61,55,58,57,56,58,58,55,56,55,56,56,57,56,58,57,57,59,59,56,59,60,56,55,56,56,56,56,61,54,54,56,56,58,56,55,56,58,58,56,57,56,59,57,57,
58,56,59,58,58,59,60,55,58,58,59,59,55,55,57,57,56,55,58,56,57,59,56,57,56,59,56,57,57,57,57,57,57,55,57,58,58,57,59,57,57,57,58,57,55,57,57,58,58,57,56,59,56,58,59,61,56,58,57,57,55,59,57,58,57,58,57,55,57,57,58,57,56,55,59,59,57,57,57,56,59,59,59,59,59,59,60,55,58,58,59,58,57,59,60,58,58,58,58,58,57,61,59,55,55,56,55,55,59,57,57,56,57,56,55,60,59,57,58,58,57,56,57,57,59,59,58,60,60,57,57,58,58,56,55,55,54,55,56,58,56,55,57,54,60,60,62,58,57,57,58,57,60,58,57,57,58,58,57,57,57,56,56,58,58,58,58,60,56,55,57,57,58,56,57,58,59,59,58,57,59,58,56,60,57,58,56,55,55,55,54,55,55,58,58,56,58,57,56,56,56,55,58,60,59,57,58,57,59,57,58,56,57,58,58,58,57,58,58,55,55,56,60,57,58,57,59,57,56,60,59,58,60,57,56,58,57,57,58,57,57,58,56,57,60,57,60,58,57,60,57,58,56,59,61,58,
58,58,56,60,57,58,58,56,59,58,61,56,60,55,56,60,61,58,57,57,59,60,59,56,57,56,56,57,57,58,58,59,58,59,59,58,57,58,59,58,59,57,56,58,59,56,58,57,58,58,58,58,58,57,57,56,59,57,58,60,60,59,60,59,58,59,56,57,56,58,57,58,56,56,58,60,60,60,58,57,57,57,58,59,58,58,60,59,57,58,61,59,58,58,60,60,59,60,59,57,60,59,60,57,56,56,59,56,57,59,57,57,56,57,58,59,57,59,58,57,57,56,58,57,58,60,59,58,57,58,58,56,58,58,57,59,59,58,58,57,57,58,58,57,60,60,61,58,57,58,57,57,58,58,59,59,59,57,58,58,57,57,58,58,57,58,58,59,59,58,58,58,58,58,60,58,58,58,59,56,56,61,58,60,57,57,56,58,58,58,58,59,56,57,58,55,58,57,61,56,60,59,56,58,58,60,61,57,59,60,58,58,61,60,59,56,59,58,59,59,56,60,61,58,56,57,58,57,58,58,56,57,56,56,58,59,58,58,59,58,59,57,58,58,56,61,60,56,59,55,61,57,56,60,60,61,
59,59,58,57,60,58,58,58,59,60,59,62,58,56,57,56,57,61,58,58,56,60,57,58,58,58,58,56,57,58,60,60,60,59,57,60,59,58,60,59,61,57,58,59,59,56,57,58,58,59,56,58,59,58,57,61,60,61,57,61,60,61,60,60,57,59,61,60,57,57,59,59,56,57,58,59,58,56,61,58,58,58,59,60,60,59,57,60,58,59,57,57,60,58,58,60,58,58,59,57,57,56,57,59,58,57,58,59,60,60,59,58,61,58,58,57,59,58,57,59,58,57,57,58,58,58,60,59,59,58,59,59,59,59,57,59,59,59,59,61,61,58,59,60,58,58,59,59,57,58,58,58,60,58,58,61,57,59,58,58,58,58,59,60,57,58,59,59,57,58,60,58,59,61,60,58,61,58,56,57,60,58,60,60,57,58,58,59,59,57,57,61,57,59,60,58,57,57,58,56,60,58,60,60,57,57,61,56,58,58,61,59,61,58,59,61,59,59,58,61,60,59,57,58,58,57,58,59,57,59,57,59,60,57,59,58,61,56,59,60,58,59,60,57,58,56,59,60,56,57,61,56,56,58,61,59,
59,61,59,59,60,59,60,59,61,61,60,59,59,58,58,60,57,60,61,59,57,57,59,59,59,59,60,59,60,61,58,58,59,59,58,60,61,61,61,59,59,57,61,60,59,57,59,58,59,58,58,57,61,60,58,60,61,62,58,58,60,61,62,61,57,58,61,61,62,62,58,57,57,63,59,61,61,59,57,58,59,59,59,59,59,59,60,57,58,59,58,58,58,59,59,58,58,59,59,58,58,59,58,60,59,58,58,59,59,61,60,58,59,59,60,58,58,60,60,59,59,59,59,59,60,58,60,59,57,58,59,59,59,59,57,59,57,58,60,58,59,62,59,58,59,58,60,60,60,58,58,59,58,59,59,62,61,58,57,60,58,58,59,59,58,58,59,59,59,61,59,61,59,59,60,59,60,59,59,61,61,59,59,58,60,60,60,60,60,61,61,59,58,58,60,58,58,58,59,59,57,59,60,61,61,59,62,59,58,59,59,61,58,57,60,61,61,58,58,60,60,60,60,59,60,59,58,61,59,59,57,62,59,59,60,60,59,60,62,58,60,60,59,61,59,58,60,61,58,61,59,57,58,57,57,58,
60,59,58,60,58,60,60,58,60,61,61,58,59,60,60,60,59,61,60,62,61,59,58,59,63,60,61,60,60,59,59,59,62,60,59,61,62,62,59,60,59,59,58,62,60,60,59,59,61,60,60,58,61,61,60,59,60,59,60,59,61,61,61,61,59,61,61,62,59,62,58,60,61,60,59,61,59,58,61,61,59,60,58,59,59,60,61,58,61,60,59,60,59,61,61,59,58,58,58,61,58,62,60,61,61,59,58,59,59,59,60,62,59,59,59,62,62,60,61,61,60,61,59,60,58,61,61,59,60,60,61,60,60,60,60,60,62,61,61,59,61,62,60,60,59,60,61,60,59,58,59,60,59,62,59,58,58,60,60,60,61,60,61,60,60,58,59,60,59,61,61,60,59,59,59,60,60,60,60,61,61,60,60,62,60,61,60,60,60,60,60,59,63,61,60,59,60,59,61,58,59,60,59,59,61,60,62,61,60,59,61,60,61,59,61,58,60,59,60,60,61,61,59,60,61,61,60,60,60,60,59,59,61,61,58,58,60,60,58,61,61,59,59,61,60,59,59,62,59,63,59,61,61,59,61,58,
59,60,62,59,59,61,61,60,61,62,63,59,60,60,60,61,61,61,62,63,60,60,61,61,64,62,61,62,61,60,61,60,63,61,61,59,59,62,61,62,60,60,59,63,62,62,61,60,59,63,60,63,60,61,61,62,60,60,60,62,60,61,61,61,61,60,61,61,62,62,60,60,63,62,63,60,60,59,62,61,60,60,61,60,61,62,60,60,62,60,62,61,60,61,59,60,60,61,63,59,60,60,61,61,61,59,61,59,61,60,60,61,60,61,59,60,63,60,62,61,61,61,60,60,62,60,62,62,61,61,61,61,61,60,61,60,60,60,60,62,61,59,61,60,60,60,60,61,59,59,59,60,61,62,63,60,61,59,60,60,60,61,61,60,62,62,60,61,60,61,60,61,62,59,60,61,60,59,61,60,62,60,60,62,62,60,60,61,61,61,61,60,60,61,62,60,63,61,61,59,60,60,60,61,60,61,61,61,61,62,61,62,61,61,61,60,59,59,61,61,63,62,61,61,60,60,59,61,60,60,60,60,60,62,61,60,62,60,63,61,60,60,62,62,61,59,60,59,62,61,61,60,61,60,61,61,
61,61,61,61,62,60,62,63,60,63,62,61,61,62,61,62,62,62,61,61,60,61,63,60,62,63,61,61,61,62,62,61,61,61,61,61,61,60,62,61,61,60,60,61,60,61,62,61,60,63,62,63,60,62,62,60,62,62,60,61,62,62,61,61,61,61,62,61,61,61,61,62,62,62,62,61,60,61,61,62,61,61,61,62,60,61,60,62,62,61,61,63,62,61,62,60,61,62,63,60,60,61,61,61,60,60,60,60,62,62,61,63,61,62,62,61,62,60,61,63,61,61,60,60,61,63,62,60,61,62,63,61,63,60,60,63,61,61,60,60,62,61,60,63,61,61,61,62,62,60,60,61,63,60,62,62,62,62,62,62,61,62,62,61,61,60,61,61,60,63,61,64,61,62,61,62,61,62,60,61,63,62,60,63,63,61,61,61,61,61,61,60,60,62,62,63,61,61,60,61,61,60,61,61,62,61,61,62,63,61,62,61,61,61,62,60,61,60,60,61,60,61,60,62,62,62,61,61,62,62,60,63,63,61,60,60,61,63,63,62,61,60,62,62,62,63,62,61,60,60,61,61,62,61,60,61,
61,62,62,63,63,61,63,62,63,62,62,61,62,63,62,61,62,61,62,62,62,62,63,61,64,64,62,63,62,63,62,61,61,63,61,61,63,62,61,64,62,61,61,62,62,62,62,62,61,62,63,62,62,63,62,61,62,63,61,61,62,61,62,62,61,63,61,62,61,63,63,63,62,63,63,61,61,62,62,61,61,63,61,62,61,61,61,62,63,61,63,64,62,62,62,62,61,61,63,63,62,61,61,62,63,61,62,61,62,62,62,61,62,62,63,61,61,63,62,62,63,61,62,62,62,62,62,63,63,62,64,62,61,62,63,63,64,62,61,61,63,63,63,61,61,63,62,62,61,62,62,61,62,62,62,62,63,63,62,61,62,61,62,62,63,62,63,62,63,61,63,61,61,64,63,62,62,61,61,62,62,63,62,61,62,61,62,61,64,62,61,62,61,61,62,62,62,62,61,62,63,61,62,62,62,63,62,62,61,63,63,62,63,62,62,61,61,62,61,63,61,62,61,61,61,62,62,62,61,62,62,63,62,63,63,63,61,62,63,62,61,63,62,63,62,61,62,62,63,62,61,61,62,62,61,62,
63,62,64,63,62,63,63,63,63,63,63,62,62,63,63,62,62,63,62,62,62,62,63,62,63,63,63,63,62,63,63,62,62,64,64,63,64,62,62,62,63,62,62,62,64,63,63,63,63,63,63,62,62,62,64,62,63,63,64,62,64,62,62,63,62,63,63,64,64,63,63,62,62,62,63,63,62,62,62,62,62,62,62,64,63,63,62,63,62,63,64,63,63,64,63,64,63,62,64,63,63,64,63,62,62,62,63,63,63,63,63,62,62,62,62,63,64,62,62,63,63,63,63,63,62,63,62,62,63,62,63,62,62,63,63,63,64,63,62,62,63,63,64,63,63,63,62,62,63,63,63,63,62,63,62,62,62,63,62,62,62,63,62,62,63,64,63,63,62,62,62,63,62,63,63,64,63,63,62,62,62,63,62,62,62,62,62,62,63,62,63,62,62,62,62,62,63,62,64,62,64,62,62,62,62,63,63,63,62,62,63,63,62,63,63,62,62,62,63,62,63,62,63,63,62,63,62,62,62,62,63,63,62,62,63,62,63,63,62,63,63,64,62,62,62,63,63,62,63,62,63,62,62,62,63,62,
64,64,63,64,63,64,63,63,64,63,63,63,63,64,64,63,64,63,63,63,64,63,64,64,64,64,64,63,63,63,63,63,63,63,64,63,63,63,63,64,63,63,63,63,63,63,64,64,63,63,64,63,64,63,63,63,63,63,63,63,63,63,63,64,64,63,63,63,64,63,64,64,64,64,63,63,64,64,63,63,64,63,63,63,64,64,64,63,64,64,63,63,63,63,63,63,64,63,63,64,63,63,64,63,64,63,64,63,63,63,63,64,63,63,64,63,64,63,63,63,64,64,63,63,64,63,63,64,64,64,63,64,64,64,63,64,63,64,63,63,64,63,64,63,63,63,64,64,63,63,64,64,64,63,64,63,63,63,63,63,63,63,63,63,63,64,64,64,64,63,64,63,63,63,63,63,64,63,63,63,64,63,63,63,64,63,64,64,64,63,64,63,63,63,63,63,63,63,63,63,63,63,63,63,63,64,64,63,63,63,63,64,64,63,63,64,64,63,63,63,63,63,64,63,63,63,63,63,63,63,64,63,63,63,63,63,63,63,63,63,64,63,63,63,63,64,63,63,63,64,63,63,64,63,63,63,
64,64,64,64,64,64,64,64,64,64,64,64,64,64,64,64,64,64,64,64,64,64,64,64,64,64,64,64,64,64,64,64,64,64,64,64,64,64,64,64,64,64,64,64,64,64,64,64,64,64,64,64,64,64,64,64,64,64,64,64,64,64,64,64,64,64,64,64,64,64,64,64,64,64,64,64,64,64,64,64,64,64,64,64,64,64,64,64,64,64,64,64,64,64,64,64,64,64,64,64,64,64,64,64,64,64,64,64,64,64,64,64,64,64,64,64,64,64,64,64,64,64,64,64,64,64,64,64,64,64,64,64,64,64,64,64,64,64,64,64,64,64,64,64,64,64,64,64,64,64,64,64,64,64,64,64,64,64,64,64,64,64,64,64,64,64,64,64,64,64,64,64,64,64,64,64,64,64,64,64,64,64,64,64,64,64,64,64,64,64,64,64,64,64,64,64,64,64,64,64,64,64,64,64,64,64,64,64,64,64,64,64,64,64,64,64,64,64,64,64,64,64,64,64,64,64,64,64,64,64,64,64,64,64,64,64,64,64,64,64,64,64,64,64,64,64,64,64,64,64,64,64,64,64,64,64,