[64, 256, 128]
0,0,0,0,0,0,0,0,0,0,0,0,0,0,0,0,0,0,0,0,0,0,0,0,0,0,0,0,0,0,0,0,0,0,0,0,0,0,0,0,0,0,0,0,0,0,0,0,0,0,0,0,0,0,0,0,0,0,0,0,0,0,0,0,0,0,0,0,0,0,0,0,0,0,0,0,0,0,0,0,0,0,0,0,0,0,0,0,0,0,0,0,0,0,0,0,0,0,0,0,0,0,0,0,0,0,0,0,0,0,0,0,0,0,0,0,0,0,0,0,0,0,0,0,0,0,0,0,0,0,0,0,0,0,0,0,0,0,0,0,0,0,0,0,0,0,0,0,0,0,0,0,0,0,0,0,0,0,0,0,0,0,0,0,0,0,0,0,0,0,0,0,0,0,0,0,0,0,0,0,0,0,0,0,0,0,0,0,0,0,0,0,0,0,0,0,0,0,0,0,0,0,0,0,0,0,0,0,0,0,0,0,0,0,0,0,0,0,0,0,0,0,0,0,0,0,0,0,0,0,0,0,0,0,0,0,0,0,0,0,0,0,0,0,0,0,0,0,0,0,0,0,0,0,0,0,
0,0,0,0,0,0,0,0,0,0,0,0,0,0,0,0,0,0,0,0,0,0,0,0,0,0,0,0,0,0,0,0,0,0,0,0,0,0,0,0,0,0,0,0,0,0,0,0,0,0,0,0,0,0,0,0,0,0,0,0,0,0,0,0,0,0,0,0,0,0,0,0,0,0,0,0,0,0,0,0,0,0,0,0,0,0,0,0,0,0,0,0,0,0,0,0,0,0,0,0,0,0,0,0,0,0,0,0,0,0,0,0,0,0,0,0,0,0,0,0,0,0,0,0,0,0,0,0,0,0,0,0,0,0,0,0,0,0,0,0,0,0,0,0,0,0,0,0,0,0,0,0,0,0,0,0,0,0,0,0,0,0,0,0,0,0,0,0,0,0,0,0,0,0,0,0,0,0,0,0,0,0,0,0,0,0,0,0,0,0,0,0,0,0,0,0,0,0,0,0,0,0,0,0,0,0,0,0,0,0,0,0,0,0,0,0,0,0,0,0,0,0,0,0,0,0,0,0,0,0,0,0,0,0,0,0,0,0,0,0,0,0,0,0,0,0,0,0,0,0,0,0,0,0,0,0,
0,0,0,0,0,0,0,0,0,0,0,0,0,0,0,0,0,0,0,0,0,0,0,0,0,0,0,0,0,0,0,0,0,0,0,0,0,0,0,0,0,0,0,0,0,0,0,0,0,0,0,0,0,0,0,0,0,0,0,0,0,0,0,0,0,0,0,0,0,0,0,0,0,0,0,0,0,0,0,0,0,0,0,0,0,0,0,0,0,0,0,0,0,0,0,0,0,0,0,0,0,0,0,0,0,0,0,0,0,0,0,0,0,0,0,0,0,0,0,0,0,0,0,0,0,0,0,0,0,0,0,0,0,0,0,0,0,0,0,0,0,0,0,0,0,0,0,0,0,0,0,0,0,0,0,0,0,0,0,0,0,0,0,0,0,0,0,0,0,0,0,0,0,0,0,0,0,0,0,0,0,0,0,0,0,0,0,0,0,0,0,0,0,0,0,0,0,0,0,0,0,0,0,0,0,0,0,0,0,0,0,0,0,0,0,0,0,0,0,0,0,0,0,0,0,0,0,0,0,0,0,0,0,0,0,0,0,0,0,0,0,0,0,0,0,0,0,0,0,0,0,0,0,0,0,0,
0,0,0,0,0,0,0,0,0,0,0,0,0,0,0,0,0,0,0,0,0,0,0,0,0,0,0,0,0,0,0,0,0,0,0,0,0,0,0,0,0,0,0,0,0,0,0,0,0,0,0,0,0,0,0,0,0,0,0,0,0,0,0,0,0,0,0,0,0,0,0,0,0,0,0,0,0,0,0,0,0,0,0,0,0,0,0,0,0,0,0,0,0,0,0,0,0,0,0,0,0,0,0,0,0,0,0,0,0,0,0,0,0,0,0,0,0,0,0,0,0,0,0,0,0,0,0,0,0,0,0,0,0,0,0,0,0,0,0,0,0,0,0,0,0,0,0,0,0,0,0,0,0,0,0,0,0,0,0,0,0,0,0,0,0,0,0,0,0,0,0,0,0,0,0,0,0,0,0,0,0,0,0,0,0,0,0,0,0,0,0,0,0,0,0,0,0,0,0,0,0,0,0,0,0,0,0,0,0,0,0,0,0,0,0,0,0,0,0,0,0,0,0,0,0,0,0,0,0,0,0,0,0,0,0,0,0,0,0,0,0,0,0,0,0,0,0,0,0,0,0,0,0,0,0,0,
0,0,0,0,0,0,0,0,0,0,0,0,0,0,0,0,0,0,0,0,0,0,0,0,0,0,0,0,0,0,0,0,0,0,0,0,0,0,0,0,0,0,0,0,0,0,0,0,0,0,0,0,0,0,0,0,0,0,0,0,0,0,0,0,0,0,0,0,0,0,0,0,0,0,0,0,0,0,0,0,0,0,0,0,0,0,0,0,0,0,0,0,0,0,0,0,0,0,0,0,0,0,0,0,0,0,0,0,0,0,0,0,0,0,0,0,0,0,0,0,0,0,0,0,0,0,0,0,0,0,0,0,0,0,0,0,0,0,0,0,0,0,0,0,0,0,0,0,0,0,0,0,0,0,0,0,0,0,0,0,0,0,0,0,0,0,0,0,0,0,0,0,0,0,0,0,0,0,0,0,0,0,0,0,0,0,0,0,0,0,0,0,0,0,0,0,0,0,0,0,0,0,0,0,0,0,0,0,0,0,0,0,0,0,0,0,0,0,0,0,0,0,0,0,0,0,0,0,0,0,0,0,0,0,0,0,0,0,0,0,0,0,0,0,0,0,0,0,0,0,0,0,0,0,0,0,
0,0,0,0,0,0,0,0,0,0,0,0,0,0,0,0,0,0,0,0,0,0,0,0,0,0,0,0,0,0,0,0,0,0,0,0,0,0,0,0,0,0,0,0,0,0,0,0,0,0,0,0,0,0,0,0,0,0,0,0,0,0,0,0,0,0,0,0,0,0,0,0,0,0,0,0,0,0,0,0,0,0,0,0,0,0,0,0,0,0,0,0,0,0,0,0,0,0,0,0,0,0,0,0,0,0,0,0,0,0,0,0,0,0,0,0,0,0,0,0,0,0,0,0,0,0,0,0,0,0,0,0,0,0,0,0,0,0,0,0,0,0,0,0,0,0,0,0,0,0,0,0,0,0,0,0,0,0,0,0,0,0,0,0,0,0,0,0,0,0,0,0,0,0,0,0,0,0,0,0,0,0,0,0,0,0,0,0,0,0,0,0,0,0,0,0,0,0,0,0,0,0,0,0,0,0,0,0,0,0,0,0,0,0,0,0,0,0,0,0,0,0,0,0,0,0,0,0,0,0,0,0,0,0,0,0,0,0,0,0,0,0,0,0,0,0,0,0,0,0,0,0,0,0,0,0,
0,0,0,0,0,0,0,0,0,0,0,0,0,0,0,0,0,0,0,0,0,0,0,0,0,0,0,0,0,0,0,0,0,0,0,0,0,0,0,0,0,0,0,0,0,0,0,0,0,0,0,0,0,0,0,0,0,0,0,0,0,0,0,0,0,0,0,0,0,0,0,0,0,0,0,0,0,0,0,0,0,0,0,0,0,0,0,0,0,0,0,0,0,0,0,0,0,0,0,0,0,0,0,0,0,0,0,0,0,0,0,0,0,0,0,0,0,0,0,0,0,0,0,0,0,0,0,0,0,0,0,0,0,0,0,0,0,0,0,0,0,0,0,0,0,0,0,0,0,0,0,0,0,0,0,0,0,0,0,0,0,0,0,0,0,0,0,0,0,0,0,0,0,0,0,0,0,0,0,0,0,0,0,0,0,0,0,0,0,0,0,0,0,0,0,0,0,0,0,0,0,0,0,0,0,0,0,0,0,0,0,0,0,0,0,0,0,0,0,0,0,0,0,0,0,0,0,0,0,0,0,0,0,0,0,0,0,0,0,0,0,0,0,0,0,0,0,0,0,0,0,0,0,0,0,0,
0,0,0,0,0,0,0,0,0,0,0,0,0,0,0,0,0,0,0,0,0,0,0,0,0,0,0,0,0,0,0,0,0,0,0,0,0,0,0,0,0,0,0,0,0,0,0,0,0,0,0,0,0,0,0,0,0,0,0,0,0,0,0,0,0,0,0,0,0,0,0,0,0,0,0,0,0,0,0,0,0,0,0,0,0,0,0,0,0,0,0,0,0,0,0,0,0,0,0,0,0,0,0,0,0,0,0,0,0,0,0,0,0,0,0,0,0,0,0,0,0,0,0,0,0,0,0,0,0,0,0,0,0,0,0,0,0,0,0,0,0,0,0,0,0,0,0,0,0,0,0,0,0,0,0,0,0,0,0,0,0,0,0,0,0,0,0,0,0,0,0,0,0,0,0,0,0,0,0,0,0,0,0,0,0,0,0,0,0,0,0,0,0,0,0,0,0,0,0,0,0,0,0,0,0,0,0,0,0,0,0,0,0,0,0,0,0,0,0,0,0,0,0,0,0,0,0,0,0,0,0,0,0,0,0,0,0,0,0,0,0,0,0,0,0,0,0,0,0,0,0,0,0,0,0,0,
0,0,0,0,0,0,0,0,0,0,0,0,0,0,0,0,0,0,0,0,0,0,0,0,0,0,0,0,0,0,0,0,0,0,0,0,0,0,0,0,0,0,0,0,0,0,0,0,0,0,0,0,0,0,0,0,0,0,0,0,0,0,0,0,0,0,0,0,0,0,0,0,0,0,0,0,0,0,0,0,0,0,0,0,0,0,0,0,0,0,0,0,0,0,0,0,0,0,0,0,0,0,0,0,0,0,0,0,0,0,0,0,0,0,0,0,0,0,0,0,0,0,0,0,0,0,0,0,0,0,0,0,0,0,0,0,0,0,0,0,0,0,0,0,0,0,0,0,0,0,0,0,0,0,0,0,0,0,0,0,0,0,0,0,0,0,0,0,0,0,0,0,0,0,0,0,0,0,0,0,0,0,0,0,0,0,0,0,0,0,0,0,0,0,0,0,0,0,0,0,0,0,0,0,0,0,0,0,0,0,0,0,0,0,0,0,0,0,0,0,0,0,0,0,0,0,0,0,0,0,0,0,0,0,0,0,0,0,0,0,0,0,0,0,0,0,0,0,0,0,0,0,0,0,0,0,
0,0,0,0,0,0,0,0,0,0,0,0,0,0,0,0,0,0,0,0,0,0,0,0,0,0,0,0,0,0,0,0,0,0,0,0,0,0,0,0,0,0,0,0,0,0,0,0,0,0,0,0,0,0,0,0,0,0,0,0,0,0,0,0,0,0,0,0,0,0,0,0,0,0,0,0,0,0,0,0,0,0,0,0,0,0,0,0,0,0,0,0,0,0,0,0,0,0,0,0,0,0,0,0,0,0,0,0,0,0,0,0,0,0,0,0,0,0,0,0,0,0,0,0,0,0,0,0,0,0,0,0,0,0,0,0,0,0,0,0,0,0,0,0,0,0,0,0,0,0,0,0,0,0,0,0,0,0,0,0,0,0,0,0,0,0,0,0,0,0,0,0,0,0,0,0,0,0,0,0,0,0,0,0,0,0,0,0,0,0,0,0,0,0,0,0,0,0,0,0,0,0,0,0,0,0,0,0,0,0,0,0,0,0,0,0,0,0,0,0,0,0,0,0,0,0,0,0,0,0,0,0,0,0,0,0,0,0,0,0,0,0,0,0,0,0,0,0,0,0,0,0,0,0,0,0,
0,0,0,0,0,0,0,0,0,0,0,0,0,0,0,0,0,0,0,0,0,0,0,0,0,0,0,0,0,0,0,0,0,0,0,0,0,0,0,0,0,0,0,0,0,0,0,0,0,0,0,0,0,0,0,0,0,0,0,0,0,0,0,0,0,0,0,0,0,0,0,0,0,0,0,0,0,0,0,0,0,0,0,0,0,0,0,0,0,0,0,0,0,0,0,0,0,0,0,0,0,0,0,0,0,0,0,0,0,0,0,0,0,0,0,0,0,0,0,0,0,0,0,0,0,0,0,0,0,0,0,0,0,0,0,0,0,0,0,0,0,0,0,0,0,0,0,0,0,0,0,0,0,0,0,0,0,0,0,0,0,0,0,0,0,0,0,0,0,0,0,0,0,0,0,0,0,0,0,0,0,0,0,0,0,0,0,0,0,0,0,0,0,0,0,0,0,0,0,0,0,0,0,0,0,0,0,0,0,0,0,0,0,0,0,0,0,0,0,0,0,0,0,0,0,0,0,0,0,0,0,0,0,0,0,0,0,0,0,0,0,0,0,0,0,0,0,0,0,0,0,0,0,0,0,0,
0,0,0,0,0,0,0,0,0,0,0,0,0,0,0,0,0,0,0,0,0,0,0,0,0,0,0,0,0,0,0,0,0,0,0,0,0,0,0,0,0,0,0,0,0,0,0,0,0,0,0,0,0,0,0,0,0,0,0,0,0,0,0,0,0,0,0,0,0,0,0,0,0,0,0,0,0,0,0,0,0,0,0,0,0,0,0,0,0,0,0,0,0,0,0,0,0,0,0,0,0,0,0,0,0,0,0,0,0,0,0,0,0,0,0,0,0,0,0,0,0,0,0,0,0,0,0,0,0,0,0,0,0,0,0,0,0,0,0,0,0,0,0,0,0,0,0,0,0,0,0,0,0,0,0,0,0,0,0,0,0,0,0,0,0,0,0,0,0,0,0,0,0,0,0,0,0,0,0,0,0,0,0,0,0,0,0,0,0,0,0,0,0,0,0,0,0,0,0,0,0,0,0,0,0,0,0,0,0,0,0,0,0,0,0,0,0,0,0,0,0,0,0,0,0,0,0,0,0,0,0,0,0,0,0,0,0,0,0,0,0,0,0,0,0,0,0,0,0,0,0,0,0,0,0,0,
0,0,0,0,0,0,0,0,0,0,0,0,0,0,0,0,0,0,0,0,0,0,0,0,0,0,0,0,0,0,0,0,0,0,0,0,0,0,0,0,0,0,0,0,0,0,0,0,0,0,0,0,0,0,0,0,0,0,0,0,0,0,0,0,0,0,0,0,0,0,0,0,0,0,0,0,0,0,0,0,0,0,0,0,0,0,0,0,0,0,0,0,0,0,0,0,0,0,0,0,0,0,0,0,0,0,0,0,0,0,0,0,0,0,0,0,0,0,0,0,0,0,0,0,0,0,0,0,0,0,0,0,0,0,0,0,0,0,0,0,0,0,0,0,0,0,0,0,0,0,0,0,0,0,0,0,0,0,0,0,0,0,0,0,0,0,0,0,0,0,0,0,0,0,0,0,0,0,0,0,0,0,0,0,0,0,0,0,0,0,0,0,0,0,0,0,0,0,0,0,0,0,0,0,0,0,0,0,0,0,0,0,0,0,0,0,0,0,0,0,0,0,0,0,0,0,0,0,0,0,0,0,0,0,0,0,0,0,0,0,0,0,0,0,0,0,0,0,0,0,0,0,0,0,0,0,
0,0,0,0,0,0,0,0,0,0,0,0,0,0,0,0,0,0,0,0,0,0,0,0,0,0,0,0,0,0,0,0,0,0,0,0,0,0,0,0,0,0,0,0,0,0,0,0,0,0,0,0,0,0,0,0,0,0,0,0,0,0,0,0,0,0,0,0,0,0,0,0,0,0,0,0,0,0,0,0,0,0,0,0,0,0,0,0,0,0,0,0,0,0,0,0,0,0,0,0,0,0,0,0,0,0,0,0,0,0,0,0,0,0,0,0,0,0,0,0,0,0,0,0,0,0,0,0,0,0,0,0,0,0,0,0,0,0,0,0,0,0,0,0,0,0,0,0,0,0,0,0,0,0,0,0,0,0,0,0,0,0,0,0,0,0,0,0,0,0,0,0,0,0,0,0,0,0,0,0,0,0,0,0,0,0,0,0,0,0,0,0,0,0,0,0,0,0,0,0,0,0,0,0,0,0,0,0,0,0,0,0,0,0,0,0,0,0,0,0,0,0,0,0,0,0,0,0,0,0,0,0,0,0,0,0,0,0,0,0,0,0,0,0,0,0,0,0,0,0,0,0,0,0,0,0,
0,0,0,0,0,0,0,0,0,0,0,0,0,0,0,0,0,0,0,0,0,0,0,0,0,0,0,0,0,0,0,0,0,0,0,0,0,0,0,0,0,0,0,0,0,0,0,0,0,0,0,0,0,0,0,0,0,0,0,0,0,0,0,0,0,0,0,0,0,0,0,0,0,0,0,0,0,0,0,0,0,0,0,0,0,0,0,0,0,0,0,0,0,0,0,0,0,0,0,0,0,0,0,0,0,0,0,0,0,0,0,0,0,0,0,0,0,0,0,0,0,0,0,0,0,0,0,0,0,0,0,0,0,0,0,0,0,0,0,0,0,0,0,0,0,0,0,0,0,0,0,0,0,0,0,0,0,0,0,0,0,0,0,0,0,0,0,0,0,0,0,0,0,0,0,0,0,0,0,0,0,0,0,0,0,0,0,0,0,0,0,0,0,0,0,0,0,0,0,0,0,0,0,0,0,0,0,0,0,0,0,0,0,0,0,0,0,0,0,0,0,0,0,0,0,0,0,0,0,0,0,0,0,0,0,0,0,0,0,0,0,0,0,0,0,0,0,0,0,0,0,0,0,0,0,0,
0,0,0,0,0,0,0,0,0,0,0,0,0,0,0,0,0,0,0,0,0,0,0,0,0,0,0,0,0,0,0,0,0,0,0,0,0,0,0,0,0,0,0,0,0,0,0,0,0,0,0,0,0,0,0,0,0,0,0,0,0,0,0,0,0,0,0,0,0,0,0,0,0,0,0,0,0,0,0,0,0,0,0,0,0,0,0,0,0,0,0,0,0,0,0,0,0,0,0,0,0,0,0,0,0,0,0,0,0,0,0,0,0,0,0,0,0,0,0,0,0,0,0,0,0,0,0,0,0,0,0,0,0,0,0,0,0,0,0,0,0,0,0,0,0,0,0,0,0,0,0,0,0,0,0,0,0,0,0,0,0,0,0,0,0,0,0,0,0,0,0,0,0,0,0,0,0,0,0,0,0,0,0,0,0,0,0,0,0,0,0,0,0,0,0,0,0,0,0,0,0,0,0,0,0,0,0,0,0,0,0,0,0,0,0,0,0,0,0,0,0,0,0,0,0,0,0,0,0,0,0,0,0,0,0,0,0,0,0,0,0,0,0,0,0,0,0,0,0,0,0,0,0,0,0,0,
0,0,0,0,0,0,0,0,0,0,0,0,0,0,0,0,0,0,0,0,0,0,0,0,0,0,0,0,0,0,0,0,0,0,0,0,0,0,0,0,0,0,0,0,0,0,0,0,0,0,0,0,0,0,0,0,0,0,0,0,0,0,0,0,0,0,0,0,0,0,0,0,0,0,0,0,0,0,0,0,0,0,0,0,0,0,0,0,0,0,0,0,0,0,0,0,0,0,0,0,0,0,0,0,0,0,0,0,0,0,0,0,0,0,0,0,0,0,0,0,0,0,0,0,0,0,0,0,0,0,0,0,0,0,0,0,0,0,0,0,0,0,0,0,0,0,0,0,0,0,0,0,0,0,0,0,0,0,0,0,0,0,0,0,0,0,0,0,0,0,0,0,0,0,0,0,0,0,0,0,0,0,0,0,0,0,0,0,0,0,0,0,0,0,0,0,0,0,0,0,0,0,0,0,0,0,0,0,0,0,0,0,0,0,0,0,0,0,0,0,0,0,0,0,0,0,0,0,0,0,0,0,0,0,0,0,0,0,0,0,0,0,0,0,0,0,0,0,0,0,0,0,0,0,0,0,
0,0,0,0,0,0,0,0,0,0,0,0,0,0,0,0,0,0,0,0,0,0,0,0,0,0,0,0,0,0,0,0,0,0,0,0,0,0,0,0,0,0,0,0,0,0,0,0,0,0,0,0,0,0,0,0,0,0,0,0,0,0,0,0,0,0,0,0,0,0,0,0,0,0,0,0,0,0,0,0,0,0,0,0,0,0,0,0,0,0,0,0,0,0,0,0,0,0,0,0,0,0,0,0,0,0,0,0,0,0,0,0,0,0,0,0,0,0,0,0,0,0,0,0,0,0,0,0,0,0,0,0,0,0,0,0,0,0,0,0,0,0,0,0,0,0,0,0,0,0,0,0,0,0,0,0,0,0,0,0,0,0,0,0,0,0,0,0,0,0,0,0,0,0,0,0,0,0,0,0,0,0,0,0,0,0,0,0,0,0,0,0,0,0,0,0,0,0,0,0,0,0,0,0,0,0,0,0,0,0,0,0,0,0,0,0,0,0,0,0,0,0,0,0,0,0,0,0,0,0,0,0,0,0,0,0,0,0,0,0,0,0,0,0,0,0,0,0,0,0,0,0,0,0,0,0,
0,0,0,0,0,0,0,0,0,0,0,0,0,0,0,0,0,0,0,0,0,0,0,0,0,0,0,0,0,0,0,0,0,0,0,0,0,0,0,0,0,0,0,0,0,0,0,0,0,0,0,0,0,0,0,0,0,0,0,0,0,0,0,0,0,0,0,0,0,0,0,0,0,0,0,0,0,0,0,0,0,0,0,0,0,0,0,0,0,0,0,0,0,0,0,0,0,0,0,0,0,0,0,0,0,0,0,0,0,0,0,0,0,0,0,0,0,0,0,0,0,0,0,0,0,0,0,0,0,0,0,0,0,0,0,0,0,0,0,0,0,0,0,0,0,0,0,0,0,0,0,0,0,0,0,0,0,0,0,0,0,0,0,0,0,0,0,0,0,0,0,0,0,0,0,0,0,0,0,0,0,0,0,0,0,0,0,0,0,0,0,0,0,0,0,0,0,0,0,0,0,0,0,0,0,0,0,0,0,0,0,0,0,0,0,0,0,0,0,0,0,0,0,0,0,0,0,0,0,0,0,0,0,0,0,0,0,0,0,0,0,0,0,0,0,0,0,0,0,0,0,0,0,0,0,0,
0,0,0,0,0,0,0,0,0,0,0,0,0,0,0,0,0,0,0,0,0,0,0,0,0,0,0,0,0,0,0,0,0,0,0,0,0,0,0,0,0,0,0,0,0,0,0,0,0,0,0,0,0,0,0,0,0,0,0,0,0,0,0,0,0,0,0,0,0,0,0,0,0,0,0,0,0,0,0,0,0,0,0,0,0,0,0,0,0,0,0,0,0,0,0,0,0,0,0,0,0,0,0,0,0,0,0,0,0,0,0,0,0,0,0,0,0,0,0,0,0,0,0,0,0,0,0,0,0,0,0,0,0,0,0,0,0,0,0,0,0,0,0,0,0,0,0,0,0,0,0,0,0,0,0,0,0,0,0,0,0,0,0,0,0,0,0,0,0,0,0,0,0,0,0,0,0,0,0,0,0,0,0,0,0,0,0,0,0,0,0,0,0,0,0,0,0,0,0,0,0,0,0,0,0,0,0,0,0,0,0,0,0,0,0,0,0,0,0,0,0,0,0,0,0,0,0,0,0,0,0,0,0,0,0,0,0,0,0,0,0,0,0,0,0,0,0,0,0,0,0,0,0,0,0,0,
0,0,0,0,0,0,0,0,0,0,0,0,0,0,0,0,0,0,0,0,0,0,0,0,0,0,0,0,0,0,0,0,0,0,0,0,0,0,0,0,0,0,0,0,0,0,0,0,0,0,0,0,0,0,0,0,0,0,0,0,0,0,0,0,0,0,0,0,0,0,0,0,0,0,0,0,0,0,0,0,0,0,0,0,0,0,0,0,0,0,0,0,0,0,0,0,0,0,0,0,0,0,0,0,0,0,0,0,0,0,0,0,0,0,0,0,0,0,0,0,0,0,0,0,0,0,0,0,0,0,0,0,0,0,0,0,0,0,0,0,0,0,0,0,0,0,0,0,0,0,0,0,0,0,0,0,0,0,0,0,0,0,0,0,0,0,0,0,0,0,0,0,0,0,0,0,0,0,0,0,0,0,0,0,0,0,0,0,0,0,0,0,0,0,0,0,0,0,0,0,0,0,0,0,0,0,0,0,0,0,0,0,0,0,0,0,0,0,0,0,0,0,0,0,0,0,0,0,0,0,0,0,0,0,0,0,0,0,0,0,0,0,0,0,0,0,0,0,0,0,0,0,0,0,0,0,
0,0,0,0,0,0,0,0,0,0,0,0,0,0,0,0,0,0,0,0,0,0,0,0,0,0,0,0,0,0,0,0,0,0,0,0,0,0,0,0,0,0,0,0,0,0,0,0,0,0,0,0,0,0,0,0,0,0,0,0,0,0,0,0,0,0,0,0,0,0,0,0,0,0,0,0,0,0,0,0,0,0,0,0,0,0,0,0,0,0,0,0,0,0,0,0,0,0,0,0,0,0,0,0,0,0,0,0,0,0,0,0,0,0,0,0,0,0,0,0,0,0,0,0,0,0,0,0,0,0,0,0,0,0,0,0,0,0,0,0,0,0,0,0,0,0,0,0,0,0,0,0,0,0,0,0,0,0,0,0,0,0,0,0,0,0,0,0,0,0,0,0,0,0,0,0,0,0,0,0,0,0,0,0,0,0,0,0,0,0,0,0,0,0,0,0,0,0,0,0,0,0,0,0,0,0,0,0,0,0,0,0,0,0,0,0,0,0,0,0,0,0,0,0,0,0,0,0,0,0,0,0,0,0,0,0,0,0,0,0,0,0,0,0,0,0,0,0,0,0,0,0,0,0,0,0,
0,0,0,0,0,0,0,0,0,0,0,0,0,0,0,0,0,0,0,0,0,0,0,0,0,0,0,0,0,0,0,0,0,0,0,0,0,0,0,0,0,0,0,0,0,0,0,0,0,0,0,0,0,0,0,0,0,0,0,0,0,0,0,0,0,0,0,0,0,0,0,0,0,0,0,0,0,0,0,0,0,0,0,0,0,0,0,0,0,0,0,0,0,0,0,0,0,0,0,0,0,0,0,0,0,0,0,0,0,0,0,0,0,0,0,0,0,0,0,0,0,0,0,0,0,0,0,0,0,0,0,0,0,0,0,0,0,0,0,0,0,0,0,0,0,0,0,0,0,0,0,0,0,0,0,0,0,0,0,0,0,0,0,0,0,0,0,0,0,0,0,0,0,0,0,0,0,0,0,0,0,0,0,0,0,0,0,0,0,0,0,0,0,0,0,0,0,0,0,0,0,0,0,0,0,0,0,0,0,0,0,0,0,0,0,0,0,0,0,0,0,0,0,0,0,0,0,0,0,0,0,0,0,0,0,0,0,0,0,0,0,0,0,0,0,0,0,0,0,0,0,0,0,0,0,0,
0,0,0,0,0,0,0,0,0,0,0,0,0,0,0,0,0,0,0,0,0,0,0,0,0,0,0,0,0,0,0,0,0,0,0,0,0,0,0,0,0,0,0,0,0,0,0,0,0,0,0,0,0,0,0,0,0,0,0,0,0,0,0,0,0,0,0,0,0,0,0,0,0,0,0,0,0,0,0,0,0,0,0,0,0,0,0,0,0,0,0,0,0,0,0,0,0,0,0,0,0,0,0,0,0,0,0,0,0,0,0,0,0,0,0,0,0,0,0,0,0,0,0,0,0,0,0,0,0,0,0,0,0,0,0,0,0,0,0,0,0,0,0,0,0,0,0,0,0,0,0,0,0,0,0,0,0,0,0,0,0,0,0,0,0,0,0,0,0,0,0,0,0,0,0,0,0,0,0,0,0,0,0,0,0,0,0,0,0,0,0,0,0,0,0,0,0,0,0,0,0,0,0,0,0,0,0,0,0,0,0,0,0,0,0,0,0,0,0,0,0,0,0,0,0,0,0,0,0,0,0,0,0,0,0,0,0,0,0,0,0,0,0,0,0,0,0,0,0,0,0,0,0,0,0,0,
0,0,0,0,0,0,0,0,0,0,0,0,0,0,0,0,0,0,0,0,0,0,0,0,0,0,0,0,0,0,0,0,0,0,0,0,0,0,0,0,0,0,0,0,0,0,0,0,0,0,0,0,0,0,0,0,0,0,0,0,0,0,0,0,0,0,0,0,0,0,0,0,0,0,0,0,0,0,0,0,0,0,0,0,0,0,0,0,0,0,0,0,0,0,0,0,0,0,0,0,0,0,0,0,0,0,0,0,0,0,0,0,0,0,0,0,0,0,0,0,0,0,0,0,0,0,0,0,0,0,0,0,0,0,0,0,0,0,0,0,0,0,0,0,0,0,0,0,0,0,0,0,0,0,0,0,0,0,0,0,0,0,0,0,0,0,0,0,0,0,0,0,0,0,0,0,0,0,0,0,0,0,0,0,0,0,0,0,0,0,0,0,0,0,0,0,0,0,0,0,0,0,0,0,0,0,0,0,0,0,0,0,0,0,0,0,0,0,0,0,0,0,0,0,0,0,0,0,0,0,0,0,0,0,0,0,0,0,0,0,0,0,0,0,0,0,0,0,0,0,0,0,0,0,0,0,
0,0,0,0,0,0,0,0,0,0,0,0,0,0,0,0,0,0,0,0,0,0,0,0,0,0,0,0,0,0,0,0,0,0,0,0,0,0,0,0,0,0,0,0,0,0,0,0,0,0,0,0,0,0,0,0,0,0,0,0,0,0,0,0,0,0,0,0,0,0,0,0,0,0,0,0,0,0,0,0,0,0,0,0,0,0,0,0,0,0,0,0,0,0,0,0,0,0,0,0,0,0,0,0,0,0,0,0,0,0,0,0,0,0,0,0,0,0,0,0,0,0,0,0,0,0,0,0,0,0,0,0,0,0,0,0,0,0,0,0,0,0,0,0,0,0,0,0,0,0,0,0,0,0,0,0,0,0,0,0,0,0,0,0,0,0,0,0,0,0,0,0,0,0,0,0,0,0,0,0,0,0,0,0,0,0,0,0,0,0,0,0,0,0,0,0,0,0,0,0,0,0,0,0,0,0,0,0,0,0,0,0,0,0,0,0,0,0,0,0,0,0,0,0,0,0,0,0,0,0,0,0,0,0,0,0,0,0,0,0,0,0,0,0,0,0,0,0,0,0,0,0,0,0,0,0,
0,0,0,0,0,0,0,0,0,0,0,0,0,0,0,0,0,0,0,0,0,0,0,0,0,0,0,0,0,0,0,0,0,0,0,0,0,0,0,0,0,0,0,0,0,0,0,0,0,0,0,0,0,0,0,0,0,0,0,0,0,0,0,0,0,0,0,0,0,0,0,0,0,0,0,0,0,0,0,0,0,0,0,0,0,0,0,0,0,0,0,0,0,0,0,0,0,0,0,0,0,0,0,0,0,0,0,0,0,0,0,0,0,0,0,0,0,0,0,0,0,0,0,0,0,0,0,0,0,0,0,0,0,0,0,0,0,0,0,0,0,0,0,0,0,0,0,0,0,0,0,0,0,0,0,0,0,0,0,0,0,0,0,0,0,0,0,0,0,0,0,0,0,0,0,0,0,0,0,0,0,0,0,0,0,0,0,0,0,0,0,0,0,0,0,0,0,0,0,0,0,0,0,0,0,0,0,0,0,0,0,0,0,0,0,0,0,0,0,0,0,0,0,0,0,0,0,0,0,0,0,0,0,0,0,0,0,0,0,0,0,0,0,0,0,0,0,0,0,0,0,0,0,0,0,0,
0,0,0,0,0,0,0,0,0,0,0,0,0,0,0,0,0,0,0,0,0,0,0,0,0,0,0,0,0,0,0,0,0,0,0,0,0,0,0,0,0,0,0,0,0,0,0,0,0,0,0,0,0,0,0,0,0,0,0,0,0,0,0,0,0,0,0,0,0,0,0,0,0,0,0,0,0,0,0,0,0,0,0,0,0,0,0,0,0,0,0,0,0,0,0,0,0,0,0,0,0,0,0,0,0,0,0,0,0,0,0,0,0,0,0,0,0,0,0,0,0,0,0,0,0,0,0,0,0,0,0,0,0,0,0,0,0,0,0,0,0,0,0,0,0,0,0,0,0,0,0,0,0,0,0,0,0,0,0,0,0,0,0,0,0,0,0,0,0,0,0,0,0,0,0,0,0,0,0,0,0,0,0,0,0,0,0,0,0,0,0,0,0,0,0,0,0,0,0,0,0,0,0,0,0,0,0,0,0,0,0,0,0,0,0,0,0,0,0,0,0,0,0,0,0,0,0,0,0,0,0,0,0,0,0,0,0,0,0,0,0,0,0,0,0,0,0,0,0,0,0,0,0,0,0,0,
0,0,0,0,0,0,0,0,0,0,0,0,0,0,0,0,0,0,0,0,0,0,0,0,0,0,0,0,0,0,0,0,0,0,0,0,0,0,0,0,0,0,0,0,0,0,0,0,0,0,0,0,0,0,0,0,0,0,0,0,0,0,0,0,0,0,0,0,0,0,0,0,0,0,0,0,0,0,0,0,0,0,0,0,0,0,0,0,0,0,0,0,0,0,0,0,0,0,0,0,0,0,0,0,0,0,0,0,0,0,0,0,0,0,0,0,0,0,0,0,0,0,0,0,0,0,0,0,0,0,0,0,0,0,0,0,0,0,0,0,0,0,0,0,0,0,0,0,0,0,0,0,0,0,0,0,0,0,0,0,0,0,0,0,0,0,0,0,0,0,0,0,0,0,0,0,0,0,0,0,0,0,0,0,0,0,0,0,0,0,0,0,0,0,0,0,0,0,0,0,0,0,0,0,0,0,0,0,0,0,0,0,0,0,0,0,0,0,0,0,0,0,0,0,0,0,0,0,0,0,0,0,0,0,0,0,0,0,0,0,0,0,0,0,0,0,0,0,0,0,0,0,0,0,0,0,
0,0,0,0,0,0,0,0,0,0,0,0,0,0,0,0,0,0,0,0,0,0,0,0,0,0,0,0,0,0,0,0,0,0,0,0,0,0,0,0,0,0,0,0,0,0,0,0,0,0,0,0,0,0,0,0,0,0,0,0,0,0,0,0,0,0,0,0,0,0,0,0,0,0,0,0,0,0,0,0,0,0,0,0,0,0,0,0,0,0,0,0,0,0,0,0,0,0,0,0,0,0,0,0,0,0,0,0,0,0,0,0,0,0,0,0,0,0,0,0,0,0,0,0,0,0,0,0,0,0,0,0,0,0,0,0,0,0,0,0,0,0,0,0,0,0,0,0,0,0,0,0,0,0,0,0,0,0,0,0,0,0,0,0,0,0,0,0,0,0,0,0,0,0,0,0,0,0,0,0,0,0,0,0,0,0,0,0,0,0,0,0,0,0,0,0,0,0,0,0,0,0,0,0,0,0,0,0,0,0,0,0,0,0,0,0,0,0,0,0,0,0,0,0,0,0,0,0,0,0,0,0,0,0,0,0,0,0,0,0,0,0,0,0,0,0,0,0,0,0,0,0,0,0,0,0,
0,0,0,0,0,0,0,0,0,0,0,0,0,0,0,0,0,0,0,0,0,0,0,0,0,0,0,0,0,0,0,0,0,0,0,0,0,0,0,0,0,0,0,0,0,0,0,0,0,0,0,0,0,0,0,0,0,0,0,0,0,0,0,0,0,0,0,0,0,0,0,0,0,0,0,0,0,0,0,0,0,0,0,0,0,0,0,0,0,0,0,0,0,0,0,0,0,0,0,0,0,0,0,0,0,0,0,0,0,0,0,0,0,0,0,0,0,0,0,0,0,0,0,0,0,0,0,0,0,0,0,0,0,0,0,0,0,0,0,0,0,0,0,0,0,0,0,0,0,0,0,0,0,0,0,0,0,0,0,0,0,0,0,0,0,0,0,0,0,0,0,0,0,0,0,0,0,0,0,0,0,0,0,0,0,0,0,0,0,0,0,0,0,0,0,0,0,0,0,0,0,0,0,0,0,0,0,0,0,0,0,0,0,0,0,0,0,0,0,0,0,0,0,0,0,0,0,0,0,0,0,0,0,0,0,0,0,0,0,0,0,0,0,0,0,0,0,0,0,0,0,0,0,0,0,0,
0,0,0,0,0,0,0,0,0,0,0,0,0,0,0,0,0,0,0,0,0,0,0,0,0,0,0,0,0,0,0,0,0,0,0,0,0,0,0,0,0,0,0,0,0,0,0,0,0,0,0,0,0,0,0,0,0,0,0,0,0,0,0,0,0,0,0,0,0,0,0,0,0,0,0,0,0,0,0,0,0,0,0,0,0,0,0,0,0,0,0,0,0,0,0,0,0,0,0,0,0,0,0,0,0,0,0,0,0,0,0,0,0,0,0,0,0,0,0,0,0,0,0,0,0,0,0,0,0,0,0,0,0,0,0,0,0,0,0,0,0,0,0,0,0,0,0,0,0,0,0,0,0,0,0,0,0,0,0,0,0,0,0,0,0,0,0,0,0,0,0,0,0,0,0,0,0,0,0,0,0,0,0,0,0,0,0,0,0,0,0,0,0,0,0,0,0,0,0,0,0,0,0,0,0,0,0,0,0,0,0,0,0,0,0,0,0,0,0,0,0,0,0,0,0,0,0,0,0,0,0,0,0,0,0,0,0,0,0,0,0,0,0,0,0,0,0,0,0,0,0,0,0,0,0,0,
0,0,0,0,0,0,0,0,0,0,0,0,0,0,0,0,0,0,0,0,0,0,0,0,0,0,0,0,0,0,0,0,0,0,0,0,0,0,0,0,0,0,0,0,0,0,0,0,0,0,0,0,0,0,0,0,0,0,0,0,0,0,0,0,0,0,0,0,0,0,0,0,0,0,0,0,0,0,0,0,0,0,0,0,0,0,0,0,0,0,0,0,0,0,0,0,0,0,0,0,0,0,0,0,0,0,0,0,0,0,0,0,0,0,0,0,0,0,0,0,0,0,0,0,0,0,0,0,0,0,0,0,0,0,0,0,0,0,0,0,0,0,0,0,0,0,0,0,0,0,0,0,0,0,0,0,0,0,0,0,0,0,0,0,0,0,0,0,0,0,0,0,0,0,0,0,0,0,0,0,0,0,0,0,0,0,0,0,0,0,0,0,0,0,0,0,0,0,0,0,0,0,0,0,0,0,0,0,0,0,0,0,0,0,0,0,0,0,0,0,0,0,0,0,0,0,0,0,0,0,0,0,0,0,0,0,0,0,0,0,0,0,0,0,0,0,0,0,0,0,0,0,0,0,0,0,
0,0,0,0,0,0,0,0,0,0,0,0,0,0,0,0,0,0,0,0,0,0,0,0,0,0,0,0,0,0,0,0,0,0,0,0,0,0,0,0,0,0,0,0,0,0,0,0,0,0,0,0,0,0,0,0,0,0,0,0,0,0,0,0,0,0,0,0,0,0,0,0,0,0,0,0,0,0,0,0,0,0,0,0,0,0,0,0,0,0,0,0,0,0,0,0,0,0,0,0,0,0,0,0,0,0,0,0,0,0,0,0,0,0,0,0,0,0,0,0,0,0,0,0,0,0,0,0,0,0,0,0,0,0,0,0,0,0,0,0,0,0,0,0,0,0,0,0,0,0,0,0,0,0,0,0,0,0,0,0,0,0,0,0,0,0,0,0,0,0,0,0,0,0,0,0,0,0,0,0,0,0,0,0,0,0,0,0,0,0,0,0,0,0,0,0,0,0,0,0,0,0,0,0,0,0,0,0,0,0,0,0,0,0,0,0,0,0,0,0,0,0,0,0,0,0,0,0,0,0,0,0,0,0,0,0,0,0,0,0,0,0,0,0,0,0,0,0,0,0,0,0,0,0,0,0,
0,0,0,0,0,0,0,0,0,0,0,0,0,0,0,0,0,0,0,0,0,0,0,0,0,0,0,0,0,0,0,0,0,0,0,0,0,0,0,0,0,0,0,0,0,0,0,0,0,0,0,0,0,0,0,0,0,0,0,0,0,0,0,0,0,0,0,0,0,0,0,0,0,0,0,0,0,0,0,0,0,0,0,0,0,0,0,0,0,0,0,0,0,0,0,0,0,0,0,0,0,0,0,0,0,0,0,0,0,0,0,0,0,0,0,0,0,0,0,0,0,0,0,0,0,0,0,0,0,0,0,0,0,0,0,0,0,0,0,0,0,0,0,0,0,0,0,0,0,0,0,0,0,0,0,0,0,0,0,0,0,0,0,0,0,0,0,0,0,0,0,0,0,0,0,0,0,0,0,0,0,0,0,0,0,0,0,0,0,0,0,0,0,0,0,0,0,0,0,0,0,0,0,0,0,0,0,0,0,0,0,0,0,0,0,0,0,0,0,0,0,0,0,0,0,0,0,0,0,0,0,0,0,0,0,0,0,0,0,0,0,0,0,0,0,0,0,0,0,0,0,0,0,0,0,0,
0,0,0,0,0,0,0,0,0,0,0,0,0,0,0,0,0,0,0,0,0,0,0,0,0,0,0,0,0,0,0,0,0,0,0,0,0,0,0,0,0,0,0,0,0,0,0,0,0,0,0,0,0,0,0,0,0,0,0,0,0,0,0,0,0,0,0,0,0,0,0,0,0,0,0,0,0,0,0,0,0,0,0,0,0,0,0,0,0,0,0,0,0,0,0,0,0,0,0,0,0,0,0,0,0,0,0,0,0,0,0,0,0,0,0,0,0,0,0,0,0,0,0,0,0,0,0,0,0,0,0,0,0,0,0,0,0,0,0,0,0,0,0,0,0,0,0,0,0,0,0,0,0,0,0,0,0,0,0,0,0,0,0,0,0,0,0,0,0,0,0,0,0,0,0,0,0,0,0,0,0,0,0,0,0,0,0,0,0,0,0,0,0,0,0,0,0,0,0,0,0,0,0,0,0,0,0,0,0,0,0,0,0,0,0,0,0,0,0,0,0,0,0,0,0,0,0,0,0,0,0,0,0,0,0,0,0,0,0,0,0,0,0,0,0,0,0,0,0,0,0,0,0,0,0,0,
0,0,0,0,0,0,0,0,0,0,0,0,0,0,0,0,0,0,0,0,0,0,0,0,0,0,0,0,0,0,0,0,0,0,0,0,0,0,0,0,0,0,0,0,0,0,0,0,0,0,0,0,0,0,0,0,0,0,0,0,0,0,0,0,0,0,0,0,0,0,0,0,0,0,0,0,0,0,0,0,0,0,0,0,0,0,0,0,0,0,0,0,0,0,0,0,0,0,0,0,0,0,0,0,0,0,0,0,0,0,0,0,0,0,0,0,0,0,0,0,0,0,0,0,0,0,0,0,0,0,0,0,0,0,0,0,0,0,0,0,0,0,0,0,0,0,0,0,0,0,0,0,0,0,0,0,0,0,0,0,0,0,0,0,0,0,0,0,0,0,0,0,0,0,0,0,0,0,0,0,0,0,0,0,0,0,0,0,0,0,0,0,0,0,0,0,0,0,0,0,0,0,0,0,0,0,0,0,0,0,0,0,0,0,0,0,0,0,0,0,0,0,0,0,0,0,0,0,0,0,0,0,0,0,0,0,0,0,0,0,0,0,0,0,0,0,0,0,0,0,0,0,0,0,0,0,
0,0,0,0,0,0,0,0,0,0,0,0,0,0,0,0,0,0,0,0,0,0,0,0,0,0,0,0,0,0,0,0,0,0,0,0,0,0,0,0,0,0,0,0,0,0,0,0,0,0,0,0,0,0,0,0,0,0,0,0,0,0,0,0,0,0,0,0,0,0,0,0,0,0,0,0,0,0,0,0,0,0,0,0,0,0,0,0,0,0,0,0,0,0,0,0,0,0,0,0,0,0,0,0,0,0,0,0,0,0,0,0,0,0,0,0,0,0,0,0,0,0,0,0,0,0,0,0,0,0,0,0,0,0,0,0,0,0,0,0,0,0,0,0,0,0,0,0,0,0,0,0,0,0,0,0,0,0,0,0,0,0,0,0,0,0,0,0,0,0,0,0,0,0,0,0,0,0,0,0,0,0,0,0,0,0,0,0,0,0,0,0,0,0,0,0,0,0,0,0,0,0,0,0,0,0,0,0,0,0,0,0,0,0,0,0,0,0,0,0,0,0,0,0,0,0,0,0,0,0,0,0,0,0,0,0,0,0,0,0,0,0,0,0,0,0,0,0,0,0,0,0,0,0,0,0,
0,0,0,0,0,0,0,0,0,0,0,0,0,0,0,0,0,0,0,0,0,0,0,0,0,0,0,0,0,0,0,0,0,0,0,0,0,0,0,0,0,0,0,0,0,0,0,0,0,0,0,0,0,0,0,0,0,0,0,0,0,0,0,0,0,0,0,0,0,0,0,0,0,0,0,0,0,0,0,0,0,0,0,0,0,0,0,0,0,0,0,0,0,0,0,0,0,0,0,0,0,0,0,0,0,0,0,0,0,0,0,0,0,0,0,0,0,0,0,0,0,0,0,0,0,0,0,0,0,0,0,0,0,0,0,0,0,0,0,0,0,0,0,0,0,0,0,0,0,0,0,0,0,0,0,0,0,0,0,0,0,0,0,0,0,0,0,0,0,0,0,0,0,0,0,0,0,0,0,0,0,0,0,0,0,0,0,0,0,0,0,0,0,0,0,0,0,0,0,0,0,0,0,0,0,0,0,0,0,0,0,0,0,0,0,0,0,0,0,0,0,0,0,0,0,0,0,0,0,0,0,0,0,0,0,0,0,0,0,0,0,0,0,0,0,0,0,0,0,0,0,0,0,0,0,0,
0,0,0,0,0,0,0,0,0,0,0,0,0,0,0,0,0,0,0,0,0,0,0,0,0,0,0,0,0,0,0,0,0,0,0,0,0,0,0,0,0,0,0,0,0,0,0,0,0,0,0,0,0,0,0,0,0,0,0,0,0,0,0,0,0,0,0,0,0,0,0,0,0,0,0,0,0,0,0,0,0,0,0,0,0,0,0,0,0,0,0,0,0,0,0,0,0,0,0,0,0,0,0,0,0,0,0,0,0,0,0,0,0,0,0,0,0,0,0,0,0,0,0,0,0,0,0,0,0,0,0,0,0,0,0,0,0,0,0,0,0,0,0,0,0,0,0,0,0,0,0,0,0,0,0,0,0,0,0,0,0,0,0,0,0,0,0,0,0,0,0,0,0,0,0,0,0,0,0,0,0,0,0,0,0,0,0,0,0,0,0,0,0,0,0,0,0,0,0,0,0,0,0,0,0,0,0,0,0,0,0,0,0,0,0,0,0,0,0,0,0,0,0,0,0,0,0,0,0,0,0,0,0,0,0,0,0,0,0,0,0,0,0,0,0,0,0,0,0,0,0,0,0,0,0,0,
0,0,0,0,0,0,0,0,0,0,0,0,0,0,0,0,0,0,0,0,0,0,0,0,0,0,0,0,0,0,0,0,0,0,0,0,0,0,0,0,0,0,0,0,0,0,0,0,0,0,0,0,0,0,0,0,0,0,0,0,0,0,0,0,0,0,0,0,0,0,0,0,0,0,0,0,0,0,0,0,0,0,0,0,0,0,0,0,0,0,0,0,0,0,0,0,0,0,0,0,0,0,0,0,0,0,0,0,0,0,0,0,0,0,0,0,0,0,0,0,0,0,0,0,0,0,0,0,0,0,0,0,0,0,0,0,0,0,0,0,0,0,0,0,0,0,0,0,0,0,0,0,0,0,0,0,0,0,0,0,0,0,0,0,0,0,0,0,0,0,0,0,0,0,0,0,0,0,0,0,0,0,0,0,0,0,0,0,0,0,0,0,0,0,0,0,0,0,0,0,0,0,0,0,0,0,0,0,0,0,0,0,0,0,0,0,0,0,0,0,0,0,0,0,0,0,0,0,0,0,0,0,0,0,0,0,0,0,0,0,0,0,0,0,0,0,0,0,0,0,0,0,0,0,0,0,
0,0,0,0,0,0,0,0,0,0,0,0,0,0,0,0,0,0,0,0,0,0,0,0,0,0,0,0,0,0,0,0,0,0,0,0,0,0,0,0,0,0,0,0,0,0,0,0,0,0,0,0,0,0,0,0,0,0,0,0,0,0,0,0,0,0,0,0,0,0,0,0,0,0,0,0,0,0,0,0,0,0,0,0,0,0,0,0,0,0,0,0,0,0,0,0,0,0,0,0,0,0,0,0,0,0,0,0,0,0,0,0,0,0,0,0,0,0,0,0,0,0,0,0,0,0,0,0,0,0,0,0,0,0,0,0,0,0,0,0,0,0,0,0,0,0,0,0,0,0,0,0,0,0,0,0,0,0,0,0,0,0,0,0,0,0,0,0,0,0,0,0,0,0,0,0,0,0,0,0,0,0,0,0,0,0,0,0,0,0,0,5,0,0,0,0,0,0,0,0,0,0,0,0,0,0,0,0,0,0,0,0,0,0,0,0,0,0,0,0,0,0,0,0,0,0,0,0,0,0,0,0,0,0,0,0,0,0,0,0,0,0,0,0,0,0,0,0,0,0,0,0,0,0,0,0,
0,0,0,0,0,0,0,0,0,0,0,0,0,0,0,0,0,0,0,0,0,0,0,0,0,0,0,0,0,0,0,0,0,0,0,0,0,0,0,0,0,0,0,0,0,0,0,0,0,0,0,0,0,0,0,0,0,0,0,0,0,0,0,0,0,0,0,0,0,0,0,0,0,0,0,0,0,0,0,0,0,0,0,0,0,0,0,0,0,0,0,0,0,0,0,0,0,0,0,0,0,0,0,0,0,0,0,0,0,0,0,0,0,0,0,0,0,0,0,0,0,0,0,0,0,0,0,0,0,0,0,0,0,0,0,0,0,0,0,0,0,0,0,0,0,0,0,0,0,0,0,0,0,0,0,0,0,0,0,0,0,0,0,0,0,0,0,0,0,0,0,0,0,0,0,0,0,0,0,0,0,0,0,0,0,0,0,0,0,0,0,5,7,0,0,0,0,0,0,0,0,0,0,0,0,0,0,0,0,0,0,0,0,0,0,0,0,0,0,0,0,0,0,0,0,0,0,0,0,0,0,0,0,0,0,0,0,0,0,0,0,0,0,0,0,0,0,0,0,0,0,0,0,0,0,0,
0,0,0,0,0,0,0,0,0,0,0,0,0,0,0,0,0,0,0,0,0,0,0,0,0,0,0,0,0,0,0,0,0,0,0,0,0,0,0,0,0,0,0,0,0,0,0,0,0,0,0,0,0,0,0,0,0,0,0,0,0,0,0,0,0,0,0,0,0,0,0,0,0,0,0,0,0,0,0,0,0,0,0,0,0,0,0,0,0,0,0,0,0,0,0,0,0,0,0,0,0,0,0,0,0,0,0,0,0,0,0,0,0,0,0,0,0,0,0,0,0,0,0,0,0,0,0,0,0,0,0,0,0,0,0,0,0,0,0,0,0,0,0,0,0,0,0,0,0,0,0,0,0,0,0,0,0,0,0,0,0,0,0,0,0,0,0,0,0,0,0,0,0,0,0,0,0,0,0,0,0,0,0,0,0,0,0,0,0,0,0,0,8,0,0,0,0,0,0,0,0,0,0,0,0,0,0,0,0,0,0,0,0,0,17,0,0,0,0,0,0,0,0,0,0,0,0,0,0,0,0,0,0,0,0,0,0,0,0,0,0,0,0,0,0,0,0,0,0,0,0,0,0,0,0,0,
0,0,0,0,0,0,0,0,0,0,0,0,0,0,0,0,0,0,0,0,0,0,0,0,0,0,0,0,0,0,0,0,0,0,0,0,0,0,0,0,0,0,0,0,0,0,0,0,0,0,0,0,0,0,0,0,0,0,0,0,0,0,0,0,0,0,0,0,0,0,0,0,0,0,0,0,0,0,0,0,0,0,0,0,0,0,0,0,0,0,0,0,0,0,0,0,0,0,0,0,0,0,0,0,0,0,0,0,0,0,0,0,0,0,0,0,0,0,0,0,0,0,0,0,0,0,0,0,0,0,0,0,0,0,0,0,0,0,0,0,0,0,0,0,0,0,0,0,0,0,0,0,0,0,0,0,0,0,0,0,0,0,0,0,0,0,0,0,0,0,0,0,0,0,0,0,0,0,0,0,0,0,0,0,0,0,0,0,0,0,0,0,9,7,0,0,0,0,8,0,0,0,0,0,0,0,0,0,0,0,0,0,0,0,19,16,16,0,0,0,0,0,0,0,0,0,0,0,0,0,0,0,0,0,0,0,0,0,0,0,0,0,0,0,0,0,0,0,0,0,0,0,0,0,0,0,
0,0,0,0,0,0,0,0,0,0,0,0,0,0,0,0,0,5,3,0,0,0,0,0,0,0,0,0,0,0,0,0,0,0,0,0,0,0,0,0,0,0,0,0,0,0,0,0,0,0,0,0,0,0,0,0,0,0,0,0,0,0,0,0,0,0,0,0,0,0,0,0,0,0,0,0,0,0,0,0,0,0,0,0,0,0,0,0,0,0,0,0,0,0,0,0,0,0,0,0,0,0,0,0,0,0,0,0,0,0,0,0,0,0,0,0,0,0,0,0,0,0,0,0,0,0,0,0,0,0,0,0,0,0,0,0,0,0,0,0,0,0,0,0,0,0,0,0,0,0,0,0,0,0,0,0,0,0,0,0,0,0,0,0,0,0,0,0,0,0,0,0,0,0,0,0,0,0,0,0,0,0,0,0,0,0,0,0,0,0,0,0,0,6,8,0,0,0,0,0,0,0,0,0,0,0,0,0,0,0,0,0,0,0,19,18,17,0,0,0,0,0,0,0,0,0,19,19,0,0,19,0,0,19,0,0,0,0,0,0,0,0,0,0,0,0,0,0,0,0,0,0,0,0,0,0,
18,0,0,0,0,0,0,0,0,0,0,0,0,0,0,0,0,0,6,4,0,0,0,0,0,0,0,0,0,0,0,0,0,0,0,0,0,0,0,0,0,0,0,0,0,0,0,0,0,0,0,0,0,0,0,0,0,0,0,0,0,0,0,0,0,0,0,0,0,0,0,0,0,0,0,0,0,0,0,0,0,0,0,0,0,0,0,0,0,0,0,0,0,0,0,0,0,0,0,0,0,7,0,0,0,0,0,0,0,0,0,0,0,0,0,0,0,0,0,0,0,0,0,0,0,0,0,0,0,0,0,0,0,0,0,0,0,0,0,0,0,0,0,0,0,0,0,0,0,0,0,0,0,0,0,0,0,0,0,0,0,0,0,0,0,0,0,0,0,0,0,0,0,0,0,0,0,0,0,0,0,0,0,0,0,0,0,0,0,0,0,0,0,9,7,10,8,0,0,0,0,0,0,0,0,0,0,0,0,0,0,0,0,0,0,13,18,0,0,0,0,0,0,0,0,18,0,20,19,0,0,20,0,0,19,0,0,0,0,0,0,0,0,0,0,0,0,0,0,0,0,0,0,0,0,0,
19,0,0,0,0,0,0,0,0,0,0,0,0,0,0,0,0,0,0,4,6,0,0,0,0,0,0,0,0,0,0,0,0,0,0,0,0,0,0,0,0,0,0,0,0,0,0,0,0,0,0,0,0,0,0,0,0,0,0,0,0,0,0,0,0,0,0,0,0,0,0,0,0,0,0,0,0,0,0,0,0,0,0,0,0,0,0,0,0,0,0,0,0,0,0,0,0,0,0,0,0,0,7,0,0,0,0,0,0,0,0,0,0,0,0,0,0,0,0,0,0,0,0,0,0,0,0,0,0,0,0,0,0,0,0,0,0,0,0,0,0,0,0,0,0,0,0,0,0,0,0,0,0,0,0,0,9,0,0,0,9,0,0,0,0,0,0,0,0,0,0,0,0,0,0,0,0,0,0,0,0,0,0,0,0,0,0,0,0,0,0,0,0,0,8,11,5,9,0,0,0,0,0,0,0,0,0,0,0,0,0,0,0,0,0,0,13,0,12,0,0,0,0,0,0,0,19,19,0,0,0,0,0,20,20,0,22,0,0,0,0,0,0,0,0,0,0,0,0,0,0,0,0,0,0,0,
19,20,0,0,0,0,0,0,0,0,0,0,0,0,0,0,0,0,0,0,0,0,0,0,0,0,0,0,13,0,0,0,0,0,0,0,0,0,0,0,0,0,0,0,0,0,0,0,0,0,16,0,0,19,14,0,0,0,0,0,0,0,0,0,0,0,0,0,0,0,0,0,0,0,0,0,0,0,0,0,0,0,0,0,0,0,0,0,0,0,0,0,0,0,0,0,0,0,0,0,0,0,0,8,0,0,0,0,0,0,0,0,0,0,0,0,9,0,0,0,0,0,0,0,0,0,0,0,0,0,0,0,0,0,0,0,0,0,0,0,0,0,0,0,0,0,0,0,0,0,0,0,0,0,0,0,0,0,9,0,0,0,0,0,0,0,0,0,0,0,0,0,0,11,0,0,0,0,0,0,0,9,0,0,0,0,0,0,0,0,0,5,0,5,6,11,0,8,0,0,0,0,0,0,0,0,0,0,0,0,0,0,0,14,0,0,14,14,13,17,0,0,0,0,0,0,0,0,0,0,0,0,0,0,19,21,19,0,0,0,0,0,0,0,0,0,0,0,0,0,0,0,0,0,0,0,
0,0,20,0,0,0,0,0,0,0,0,0,0,0,0,0,0,0,0,0,0,0,0,0,0,0,0,0,10,0,0,0,0,17,7,0,0,0,0,0,0,0,0,0,0,18,0,0,0,0,0,0,0,0,0,14,0,0,0,0,4,0,0,0,0,0,0,0,0,0,0,0,0,0,0,0,0,0,0,0,0,0,0,0,0,0,0,0,0,16,0,0,15,0,0,0,0,0,0,0,0,0,0,0,0,0,0,0,0,0,0,0,0,0,0,0,9,0,0,0,12,12,0,0,0,0,0,0,0,0,0,0,0,0,0,0,0,0,0,0,0,0,0,0,0,0,0,0,0,0,0,0,0,0,0,0,0,9,0,0,0,0,0,0,0,0,0,0,0,0,0,0,0,0,0,0,7,0,0,0,0,10,0,0,0,0,0,0,0,11,0,6,0,5,8,0,0,7,0,0,0,0,0,0,0,0,0,0,0,10,0,0,0,0,0,13,0,15,0,0,0,0,0,0,0,0,0,0,0,0,0,0,21,0,0,19,18,21,0,0,0,0,0,0,0,0,0,0,0,0,0,0,0,0,0,0,
0,0,10,14,0,0,0,0,0,0,0,0,0,0,0,0,0,0,0,0,0,0,0,0,0,0,0,13,13,0,0,0,17,17,0,0,0,0,23,0,0,0,15,0,0,20,16,16,0,0,0,0,0,0,21,0,0,0,13,0,0,6,0,5,0,0,0,9,0,0,8,0,0,0,16,0,0,0,0,0,0,0,0,0,0,0,0,0,0,0,0,10,0,0,0,0,0,0,0,0,0,0,0,0,0,0,0,0,0,0,0,10,0,9,0,0,10,0,0,0,14,13,13,0,0,0,0,0,0,0,0,0,0,0,0,0,0,0,0,0,0,0,0,0,0,0,0,0,0,0,0,0,0,0,0,0,0,9,9,0,0,0,12,0,0,0,0,0,11,0,0,0,0,0,12,13,11,0,0,0,13,0,0,0,0,0,0,0,0,0,0,0,5,6,10,7,0,6,0,0,0,0,0,0,0,0,0,0,0,11,0,0,0,0,0,0,16,16,0,0,0,0,0,0,0,0,0,0,23,21,0,0,0,0,0,19,19,21,0,20,0,0,0,0,0,0,0,0,0,0,0,0,0,0,0,0,
0,12,0,0,14,14,0,0,0,0,13,0,0,0,0,0,0,0,0,0,10,0,10,0,0,0,0,12,14,0,0,0,20,21,0,0,18,0,0,0,0,0,16,15,0,21,15,18,17,0,0,16,16,17,10,0,16,0,0,0,0,0,0,0,0,0,0,0,0,0,10,11,0,0,16,0,0,19,23,24,0,0,0,0,0,0,0,0,0,0,0,0,0,0,0,0,0,0,0,0,0,0,0,12,12,0,0,0,0,0,0,9,11,10,10,9,0,0,0,0,0,0,13,15,0,0,0,0,0,0,0,0,0,0,0,0,0,0,0,0,0,0,0,0,0,0,0,0,0,0,0,0,0,0,0,0,0,9,13,0,0,0,0,0,0,0,0,0,0,12,12,0,0,0,0,15,0,7,0,0,0,10,0,0,15,0,0,0,0,0,0,13,18,16,11,12,12,7,0,14,0,0,0,0,0,0,0,0,0,0,10,0,0,0,0,0,22,0,0,0,0,0,0,0,0,0,0,24,24,0,0,0,0,0,0,0,0,0,0,0,0,0,0,0,0,0,0,0,0,0,0,0,0,0,0,0,
0,0,13,0,14,15,7,0,0,0,12,11,0,0,0,0,0,0,0,0,0,11,10,12,20,12,0,12,0,0,0,22,20,21,17,20,19,24,23,0,0,0,0,18,15,20,16,0,16,17,0,17,0,17,0,12,0,16,0,0,0,0,0,0,0,0,0,12,0,12,10,10,0,0,13,17,18,19,21,21,24,0,0,0,0,0,0,0,0,0,0,0,13,0,0,0,0,0,13,0,0,0,0,0,0,0,0,0,0,0,9,10,10,11,24,0,0,10,0,0,0,0,0,0,0,0,0,0,0,0,0,0,15,0,0,0,0,17,0,0,0,0,0,15,0,16,18,0,0,0,0,0,0,0,0,0,0,15,0,12,12,11,0,0,0,0,0,0,0,0,15,0,16,0,14,13,0,0,0,0,0,14,11,0,11,0,12,0,0,13,13,11,14,14,14,20,20,12,0,12,11,0,0,18,9,0,11,0,13,15,14,12,13,0,0,0,24,0,0,15,0,0,10,0,0,0,15,24,25,0,0,0,0,0,0,0,0,0,0,0,0,0,0,0,0,0,0,0,0,0,0,0,0,0,0,0,
0,17,5,18,18,15,0,8,8,0,13,21,12,0,0,0,0,0,0,10,11,12,13,19,19,0,23,0,0,0,23,23,22,18,17,21,21,24,25,15,0,23,21,0,18,22,17,19,0,18,20,15,0,0,0,22,9,17,15,0,0,0,0,0,0,0,0,17,13,17,0,11,20,0,0,19,11,0,21,20,25,2,12,17,0,0,0,23,0,0,0,0,0,15,0,0,14,0,0,0,0,0,0,0,0,0,0,0,0,0,7,10,9,22,0,0,16,0,16,14,0,14,0,0,0,0,0,0,0,0,0,15,0,0,0,12,0,18,18,18,0,0,0,0,15,0,20,20,0,21,16,0,10,0,0,0,0,0,0,0,13,11,0,0,12,0,0,0,0,9,18,18,16,12,11,15,14,0,0,13,0,17,12,12,0,10,15,16,18,12,16,16,14,11,14,11,21,20,17,12,12,16,0,9,18,13,13,13,15,16,13,13,11,0,8,9,23,25,0,0,15,0,15,0,19,0,0,17,24,0,0,15,0,0,0,0,0,0,17,0,0,0,0,0,0,0,0,0,0,0,0,0,0,0,0,0,
6,18,19,15,18,7,17,7,8,8,16,16,0,0,0,0,0,0,0,0,0,11,13,19,22,21,20,12,0,0,0,0,0,19,19,19,22,26,16,21,0,22,15,15,15,16,21,13,21,21,21,13,19,18,16,23,9,15,0,0,0,0,12,12,0,0,0,16,9,15,0,23,21,13,15,16,17,14,13,14,20,3,18,18,0,11,23,22,0,0,0,0,16,13,13,0,15,15,14,17,0,0,0,0,0,0,0,0,0,11,10,8,11,10,9,22,0,0,16,16,0,0,0,0,0,0,0,0,0,0,0,15,0,0,0,0,0,11,19,19,9,14,0,0,0,20,21,21,21,21,16,0,0,12,12,16,0,14,15,13,16,14,15,16,18,14,0,0,0,11,18,18,18,10,12,11,0,0,14,13,14,17,17,14,12,15,16,16,13,18,17,17,17,14,12,15,12,12,20,18,0,25,18,17,20,17,16,13,12,11,10,15,11,11,9,23,24,12,0,0,19,15,11,17,18,17,16,20,18,0,0,0,0,18,0,0,0,0,19,0,0,0,0,0,0,0,0,0,0,0,0,0,0,0,0,0,
8,19,19,8,16,11,9,18,0,9,18,17,18,17,0,17,0,0,20,0,15,0,0,7,23,9,10,10,12,14,19,25,14,20,20,21,25,26,16,19,17,17,24,14,15,15,14,20,20,21,22,14,17,15,16,16,15,15,0,0,0,0,13,14,0,0,0,17,20,16,14,0,23,25,26,20,19,16,16,19,0,3,3,3,15,0,0,0,24,24,13,19,0,7,17,19,13,17,15,16,0,18,0,0,0,0,0,0,0,0,0,13,11,10,20,23,21,0,0,16,25,0,0,0,0,0,15,17,0,0,0,14,16,0,16,0,0,11,11,11,14,10,10,18,0,12,20,22,0,11,16,18,11,0,15,12,15,15,16,14,17,17,16,16,12,12,13,12,5,10,10,17,17,10,11,12,13,14,0,15,18,16,16,13,12,13,16,15,14,19,18,18,18,15,14,13,14,16,16,14,19,17,18,17,18,18,17,13,12,16,18,14,0,13,24,25,24,16,16,25,0,14,21,18,18,20,21,20,24,21,0,24,0,17,0,0,0,0,0,20,13,0,0,0,0,0,0,0,0,0,0,0,0,0,0,0,
8,21,9,20,19,9,0,21,8,11,19,17,20,18,18,21,17,12,11,15,15,19,0,13,23,10,22,10,10,26,17,26,18,16,21,22,15,27,26,18,18,0,15,25,16,16,15,21,22,21,15,17,17,17,18,15,16,16,17,0,0,0,0,0,13,26,14,0,14,20,14,15,24,25,17,24,21,20,16,17,20,3,4,4,12,0,0,0,0,26,0,0,19,8,20,7,14,20,21,20,21,0,22,21,0,12,16,0,0,0,0,0,10,13,16,21,16,20,23,19,17,17,24,16,0,14,16,16,19,0,14,14,14,0,17,15,17,24,14,16,20,11,12,12,20,12,13,14,20,11,11,10,13,0,13,17,15,12,16,15,17,15,17,17,12,13,14,17,7,9,11,16,11,11,20,13,13,15,15,16,25,13,17,16,14,12,14,13,12,10,19,19,18,21,14,12,15,13,13,20,20,15,19,18,14,17,18,15,15,17,17,19,17,17,14,17,25,23,24,26,26,22,22,21,18,13,21,0,20,24,25,24,19,15,0,0,19,0,0,14,21,13,0,23,0,0,0,0,0,0,0,0,0,0,0,0,
8,9,22,19,8,20,0,10,15,16,0,18,20,18,17,21,20,0,19,13,17,20,17,20,13,20,20,17,28,14,27,19,19,19,16,22,17,18,27,11,19,0,12,12,12,16,16,18,22,22,22,15,21,17,18,17,16,17,21,18,11,0,0,12,10,0,21,15,27,15,20,16,18,18,14,24,20,20,21,22,24,19,16,19,18,0,0,21,0,27,22,0,0,16,9,21,18,18,19,21,19,21,14,22,22,12,13,17,0,0,16,0,10,21,23,0,17,0,20,18,16,13,25,18,19,17,15,17,17,17,14,13,14,14,14,16,17,15,24,18,13,16,13,12,16,20,15,14,17,17,10,11,15,13,18,15,16,25,14,0,15,16,17,19,12,20,20,15,16,7,11,7,19,12,20,19,19,16,15,15,26,26,15,18,15,24,13,13,13,19,20,10,13,22,19,15,15,13,14,11,26,16,17,19,18,24,17,19,17,15,16,18,17,18,18,17,18,24,24,25,22,25,23,22,27,15,21,17,0,12,18,24,25,19,15,0,14,19,20,17,21,14,12,24,0,0,0,0,0,0,0,0,0,0,0,0,
14,11,10,17,9,21,21,16,15,14,0,14,7,10,15,22,21,20,20,22,21,17,17,21,15,15,18,22,21,15,15,28,28,19,14,17,20,15,21,19,22,23,13,23,26,16,24,14,18,24,22,18,22,22,16,22,19,18,18,18,9,0,12,11,11,20,25,21,26,20,21,17,17,21,16,15,15,18,23,18,25,17,20,18,19,17,24,14,15,16,27,15,0,0,16,11,18,21,19,8,18,22,23,22,21,18,14,18,0,0,17,0,16,23,23,0,18,17,0,0,19,13,26,0,0,0,0,0,0,19,21,17,20,20,15,14,18,20,16,17,18,19,19,10,16,21,26,15,18,22,16,15,13,15,17,16,15,26,0,14,12,17,18,20,14,15,12,19,14,13,11,8,17,21,20,16,14,12,15,21,15,27,16,14,15,24,24,15,14,20,21,20,20,13,18,21,15,15,16,14,22,26,18,18,16,16,15,18,18,19,17,22,24,20,19,19,19,20,24,19,23,23,24,27,27,23,18,18,13,12,18,18,20,20,16,15,15,18,20,20,15,19,12,0,24,0,0,0,0,0,0,0,0,0,0,0,
22,21,18,12,21,22,18,16,16,0,21,0,8,8,20,17,22,17,21,21,22,21,21,23,16,20,16,22,23,23,29,29,14,20,16,19,16,21,21,22,25,24,23,25,24,27,14,15,17,18,25,18,17,15,17,16,14,20,13,18,18,19,0,18,20,20,26,25,19,24,21,21,13,20,16,22,15,27,23,19,26,17,18,17,21,18,17,19,22,16,17,16,22,15,16,15,12,13,17,7,15,19,22,22,12,13,12,15,19,20,0,15,19,21,19,20,0,0,21,0,27,27,0,0,17,0,0,0,0,18,22,21,19,21,20,17,19,19,16,17,19,18,20,10,18,26,26,18,27,26,18,20,16,16,24,16,17,16,17,15,16,16,16,21,10,15,14,12,10,15,14,15,16,22,15,22,15,16,18,17,22,19,18,27,27,23,25,23,16,18,20,21,12,13,19,16,19,13,15,14,22,23,23,23,15,18,15,14,12,20,25,24,17,0,21,20,22,24,24,23,26,24,25,19,24,23,19,19,17,20,22,18,19,14,18,20,15,16,17,17,17,18,26,25,0,25,0,0,0,0,0,0,0,0,0,0,
13,12,19,12,22,15,16,15,17,21,0,22,23,9,11,18,18,17,21,13,15,20,21,23,22,17,16,24,19,24,23,17,15,15,14,18,18,19,22,16,18,25,26,26,26,25,17,16,18,18,18,25,18,25,17,17,27,27,14,13,22,19,19,18,14,20,23,26,27,17,18,19,22,19,17,16,13,23,21,23,17,14,18,17,18,17,19,25,16,24,17,25,23,17,20,18,17,19,19,18,9,11,23,20,21,26,20,16,27,16,0,17,15,17,17,20,18,19,20,0,0,28,28,0,17,0,0,0,0,0,17,21,19,22,23,22,19,19,20,21,19,18,13,12,19,17,27,22,24,26,18,18,15,17,18,16,17,18,18,16,17,14,15,15,14,12,14,10,17,17,15,15,15,16,16,22,16,17,21,18,20,20,18,23,24,17,22,24,22,19,19,16,23,13,15,14,16,14,15,15,15,15,15,14,13,18,14,20,16,13,19,25,25,18,0,0,19,25,25,16,27,27,24,25,20,24,24,21,22,21,16,21,20,16,18,18,18,17,24,18,24,19,26,26,28,0,0,0,0,0,0,0,0,0,0,0,
14,24,17,21,23,16,16,16,23,18,18,16,24,16,21,20,19,18,22,14,22,22,21,19,24,17,25,16,24,22,24,18,18,18,10,15,19,18,20,21,18,17,20,19,24,18,18,19,19,18,24,26,26,26,20,20,29,28,21,14,21,20,21,14,22,18,15,22,19,19,20,20,15,13,23,18,19,26,21,18,15,21,16,20,19,20,21,20,17,17,25,26,26,20,20,18,18,17,14,20,13,12,22,21,18,16,22,16,19,27,19,20,18,18,18,14,19,20,21,19,17,0,19,0,18,0,17,0,19,18,22,22,20,23,19,20,21,18,20,17,26,13,12,12,11,22,19,28,24,22,19,19,19,16,19,20,17,26,19,24,19,15,16,16,17,15,12,12,14,23,15,15,15,15,17,24,16,28,21,22,19,20,20,19,21,22,22,25,25,17,16,20,23,14,15,15,14,23,18,20,16,15,15,14,15,18,19,19,19,14,19,19,19,26,0,0,19,19,25,21,19,22,25,24,21,21,25,20,20,16,22,18,14,17,18,18,19,24,21,19,18,25,24,22,20,0,0,0,0,0,0,0,0,0,0,0,
16,14,14,22,21,23,23,22,16,19,23,23,24,17,17,22,20,19,19,23,15,26,19,19,19,17,17,24,17,24,20,18,21,19,21,19,14,18,24,23,20,18,21,26,23,25,19,23,24,20,24,28,27,27,26,22,31,29,21,22,23,19,20,19,14,16,21,20,18,20,17,16,15,14,14,26,26,20,27,26,27,26,15,20,21,20,19,19,19,26,26,18,26,22,19,20,22,18,17,21,12,15,19,22,18,16,17,17,22,18,17,20,18,18,19,17,17,16,24,24,20,19,16,18,17,0,0,26,20,18,20,23,21,24,23,21,24,24,19,19,26,22,27,13,13,12,18,24,28,27,22,19,21,16,16,22,21,29,29,28,24,26,13,17,21,18,22,12,21,14,24,24,24,16,19,24,27,29,20,23,23,18,21,23,21,22,23,26,26,25,25,23,23,13,14,15,18,23,15,17,21,17,15,15,17,20,19,20,19,19,27,20,20,24,19,20,20,18,20,21,20,21,22,22,20,21,21,21,17,17,23,18,27,14,20,19,26,20,25,20,26,22,24,25,24,29,0,28,0,0,0,0,0,0,0,0,
11,14,12,14,14,23,22,23,19,17,25,25,24,24,21,18,24,21,20,20,24,16,27,21,19,20,17,26,19,21,24,20,20,22,19,12,15,14,16,16,23,14,20,21,23,23,26,23,20,21,22,25,28,28,25,23,24,23,23,23,24,20,21,19,21,15,14,18,19,18,21,16,16,16,15,14,24,20,19,27,26,27,27,22,15,16,19,19,26,20,21,18,19,20,23,22,19,21,15,17,20,16,16,26,25,25,18,18,18,17,17,18,23,24,18,23,18,17,25,22,23,20,23,21,18,20,0,28,19,20,26,20,21,21,18,23,26,25,20,27,27,23,25,23,22,13,23,24,25,28,16,22,18,17,22,23,21,28,25,29,23,25,26,13,18,23,22,22,21,22,15,22,15,22,28,21,27,25,29,29,21,21,22,24,23,22,23,26,19,27,26,18,18,18,19,21,21,24,18,18,21,22,20,16,17,19,18,22,21,20,17,27,24,20,25,19,19,24,21,22,21,22,25,23,21,29,22,19,23,26,26,20,19,19,20,21,22,21,21,22,22,20,22,25,25,20,30,0,29,0,21,0,0,0,0,0,
17,13,16,13,15,18,24,23,20,19,20,25,25,19,22,19,24,17,21,21,25,25,27,31,22,20,19,26,23,22,19,23,19,19,26,24,15,17,26,21,13,14,26,21,27,24,18,22,20,21,22,25,29,29,24,23,23,22,24,22,22,19,21,21,22,16,21,22,19,15,24,25,27,18,17,17,25,27,29,29,20,19,18,23,25,17,21,21,25,25,25,21,18,21,26,23,23,19,20,17,17,21,21,21,25,19,18,17,20,29,18,18,24,21,25,24,23,24,25,21,23,21,24,21,21,17,18,18,19,27,26,19,21,22,22,22,23,20,20,27,28,22,28,24,24,20,22,21,23,23,23,23,18,18,18,23,23,27,25,26,26,24,25,24,14,22,21,17,22,20,16,22,22,23,22,27,26,25,25,24,23,23,23,21,21,26,22,20,20,20,23,20,19,21,19,19,17,21,18,18,19,17,17,19,18,19,17,20,23,22,22,19,24,21,20,20,23,21,29,22,18,24,21,25,24,21,20,17,19,24,22,23,25,19,20,18,16,20,20,22,19,21,23,20,26,26,27,27,23,20,0,22,0,0,21,0,
25,23,14,24,25,16,24,25,19,17,21,23,20,24,25,26,34,27,21,23,26,25,28,26,24,24,20,19,20,23,23,18,19,21,24,27,26,16,14,21,22,14,21,27,25,27,26,23,19,22,22,27,31,27,20,20,24,25,25,27,23,21,23,21,22,21,24,24,17,16,25,25,17,15,17,28,26,18,29,28,21,29,27,19,15,18,25,24,27,26,25,16,19,19,15,24,22,23,25,24,21,18,21,22,21,21,20,21,19,28,27,19,19,22,20,23,22,25,19,25,23,21,19,23,23,18,22,19,20,26,28,20,20,24,26,23,20,24,24,29,27,29,33,29,25,22,23,24,23,22,23,22,20,19,16,19,18,28,26,27,26,16,20,24,24,24,20,21,14,23,19,26,23,23,23,24,27,25,23,25,28,21,24,24,22,22,21,27,21,20,20,20,22,20,21,19,20,21,13,18,18,16,21,18,24,23,18,20,23,20,19,19,21,21,21,21,22,26,30,23,22,20,20,23,21,23,27,21,20,23,25,24,24,25,20,22,18,22,21,17,23,20,25,27,23,23,23,23,22,21,23,22,0,21,22,22,
22,29,31,30,27,26,25,26,23,24,23,22,21,26,25,24,24,35,27,24,24,19,28,28,19,25,24,31,27,24,28,19,24,21,22,22,22,20,22,27,21,21,25,23,29,27,22,29,21,31,30,29,29,28,30,23,25,22,25,22,22,22,18,16,22,23,24,25,18,23,17,16,17,16,18,18,27,27,26,29,21,29,27,24,21,16,26,20,25,27,20,26,26,20,16,18,24,26,25,25,26,21,22,21,21,21,22,20,22,25,30,22,24,22,18,19,20,26,29,26,26,27,22,20,23,24,23,24,22,23,28,23,27,25,27,28,20,20,32,25,31,26,32,21,26,27,23,27,22,23,24,22,21,17,22,18,19,27,26,24,29,17,16,23,22,25,22,18,16,23,20,23,27,27,25,26,25,23,23,26,26,30,24,24,23,22,23,25,26,24,23,22,23,22,20,21,20,21,20,19,19,20,17,21,21,27,23,24,19,20,20,20,19,18,23,22,25,20,21,23,21,23,21,25,22,23,23,28,17,19,20,19,26,24,24,21,24,20,21,22,18,20,26,25,25,27,24,24,24,22,23,23,20,23,22,22,
26,31,31,25,27,25,26,23,25,25,23,22,25,26,26,26,25,24,25,29,29,20,26,20,29,21,25,19,29,32,31,29,33,25,31,23,23,22,17,16,27,17,30,22,24,26,24,22,32,19,32,30,26,18,23,23,24,25,22,22,25,22,18,17,17,21,24,26,24,25,24,16,18,17,27,28,30,29,29,22,21,27,29,23,23,20,22,20,23,25,21,26,24,23,20,26,29,29,22,27,25,22,22,21,26,29,22,25,18,26,27,23,23,23,19,20,22,26,29,29,28,28,26,26,24,24,24,24,22,24,24,23,22,21,25,25,21,26,25,22,23,26,25,25,22,26,25,26,24,24,24,23,20,19,22,19,26,27,25,25,17,18,18,26,23,22,23,20,19,23,24,23,23,26,22,22,23,25,25,23,26,24,25,25,29,24,28,27,21,25,26,21,23,24,23,20,22,21,21,16,19,25,22,27,21,23,24,21,25,27,21,21,21,19,23,23,23,25,28,20,21,22,21,25,24,23,26,22,18,21,20,22,22,25,28,22,26,24,22,22,28,23,19,22,26,30,27,25,24,23,24,23,21,22,23,24,
27,22,31,24,27,27,28,24,23,27,26,22,29,28,27,25,26,25,26,27,26,25,27,21,29,22,20,22,24,26,36,32,33,34,35,25,24,25,23,20,17,25,30,23,23,27,23,23,30,30,24,26,26,22,23,24,23,27,27,26,22,27,32,29,18,21,21,22,25,22,24,25,19,26,27,29,31,26,28,25,23,22,27,27,22,23,22,24,24,23,23,27,25,25,25,26,26,31,26,27,24,22,20,24,27,28,29,19,20,20,21,18,19,25,16,25,23,20,21,30,31,28,32,24,23,25,22,20,24,21,25,24,22,25,26,22,26,25,19,21,24,26,27,22,22,25,27,26,24,25,25,24,20,21,20,19,24,23,26,26,27,23,26,23,23,23,21,21,29,24,25,30,28,30,23,23,24,25,27,28,30,30,25,24,25,25,25,27,24,26,33,22,22,20,20,23,20,21,22,28,22,21,23,23,22,27,24,26,24,26,20,21,28,21,23,22,24,23,31,22,21,21,25,25,26,25,28,24,23,21,21,21,21,23,23,23,26,20,23,26,25,29,23,23,24,24,28,26,25,24,25,24,24,24,23,22,
28,24,29,20,19,22,26,27,25,21,28,21,27,30,26,29,28,28,27,29,29,24,25,21,22,30,22,23,22,23,24,35,35,27,26,25,25,25,23,25,23,25,26,23,28,33,29,29,32,31,19,27,27,26,25,24,27,29,24,30,22,29,28,30,30,24,23,22,22,31,25,23,26,29,28,27,30,25,25,26,32,23,33,29,28,23,25,23,25,23,28,27,24,25,28,22,23,31,23,23,24,24,22,20,23,23,22,19,20,25,20,24,19,19,25,24,25,22,24,21,33,31,31,25,25,23,22,19,19,25,24,30,21,22,25,26,22,22,19,20,20,26,30,23,33,25,22,27,27,23,26,25,18,21,19,20,23,25,21,27,27,24,23,25,21,24,24,28,29,26,31,30,31,30,29,32,31,27,28,29,28,31,30,30,32,32,22,31,22,32,31,23,25,21,20,20,26,24,18,29,29,25,18,24,24,28,28,25,26,25,22,23,26,22,22,23,30,23,22,23,22,22,22,26,26,26,25,29,24,22,25,22,25,21,24,25,23,25,23,25,25,31,30,22,25,31,27,27,28,26,30,30,30,25,24,23,
19,25,22,21,21,30,29,29,29,25,26,29,22,28,22,24,30,26,25,31,24,26,22,22,22,29,31,26,25,20,21,27,28,28,22,34,21,27,25,26,23,23,26,27,32,34,34,21,31,19,19,27,20,24,25,28,28,28,23,29,31,29,31,27,34,27,27,24,20,25,24,30,27,24,32,32,31,25,29,31,27,29,31,30,27,25,25,27,23,27,26,27,30,27,28,28,29,24,24,24,30,27,23,24,23,24,22,21,19,26,20,23,18,24,27,25,26,25,26,28,24,34,32,29,24,22,23,26,18,21,21,29,27,23,25,22,26,23,26,25,25,30,24,31,31,23,24,25,29,25,27,30,25,24,20,26,27,24,23,27,24,23,27,23,25,23,33,27,24,27,26,33,31,30,30,32,30,29,31,27,29,29,29,30,32,32,33,26,33,33,25,26,25,25,20,21,27,28,26,21,30,28,23,19,23,27,25,24,27,21,20,24,33,22,27,25,31,24,28,23,30,33,23,27,27,27,26,32,32,23,23,26,23,21,25,25,30,32,31,24,24,23,24,23,30,25,27,28,27,30,32,30,32,31,28,24,
23,26,28,21,26,21,22,31,27,27,26,27,29,30,23,24,25,29,28,25,23,26,26,24,23,30,23,24,27,21,21,21,26,28,29,23,28,27,25,25,29,27,22,25,30,27,34,23,30,21,27,21,27,21,26,24,31,28,24,25,20,29,28,30,30,28,31,31,23,20,23,28,31,30,31,31,26,31,24,26,35,30,32,31,31,27,28,28,28,29,22,28,26,26,28,29,28,26,30,31,24,30,28,28,22,22,25,26,22,21,25,19,29,19,26,25,24,27,27,26,26,26,23,30,22,23,25,26,27,30,30,30,29,35,24,23,26,24,24,30,26,31,21,25,27,24,24,24,23,26,27,25,30,29,36,27,36,26,24,24,24,24,22,20,26,33,32,28,27,20,18,34,32,30,33,33,30,28,32,27,29,29,22,32,32,27,29,31,25,27,29,25,25,26,25,20,27,27,27,27,24,29,29,27,24,24,27,26,25,21,15,24,24,33,28,28,25,24,27,27,30,33,33,28,28,31,27,22,22,24,24,32,26,26,26,25,27,27,33,23,29,23,30,23,22,32,32,28,28,29,31,29,31,27,30,29,
24,26,27,29,29,27,26,32,26,27,28,26,28,25,28,24,29,28,28,26,29,29,25,24,28,30,31,31,25,26,29,25,24,27,27,24,29,31,28,30,30,29,23,26,27,31,28,25,24,28,26,28,24,23,24,24,30,32,28,32,21,30,30,21,23,30,28,31,22,23,23,35,25,32,36,26,25,39,26,35,35,31,33,27,31,27,27,26,29,29,28,29,28,27,24,32,29,31,31,32,24,23,30,28,23,26,32,25,25,28,32,25,26,29,26,27,25,28,26,25,26,23,22,26,26,25,27,26,28,23,31,30,36,35,24,24,24,30,26,25,31,27,22,22,26,25,26,24,23,25,28,28,27,30,37,22,26,27,23,26,25,26,23,23,24,28,33,34,19,21,21,19,34,30,32,31,30,33,26,30,30,22,23,32,32,23,24,31,29,31,30,25,25,26,21,21,26,32,27,27,22,23,24,24,28,26,27,24,26,26,26,28,24,25,27,29,29,27,27,28,38,34,35,25,25,23,30,23,23,23,24,29,29,24,26,26,30,27,33,27,30,31,24,23,24,28,28,30,29,29,29,29,32,29,28,28,
28,27,28,25,25,28,25,25,26,26,29,27,25,25,25,25,26,28,27,28,27,28,26,29,26,28,33,32,26,24,28,25,24,25,29,32,24,30,28,31,31,31,31,26,27,28,29,29,30,32,30,26,22,24,25,25,23,31,22,32,32,31,26,24,24,31,24,27,30,22,24,22,26,30,36,26,27,39,27,36,36,28,34,27,27,32,28,31,29,24,24,29,24,30,25,32,29,33,32,29,32,31,31,30,27,32,27,32,25,24,33,26,26,27,29,27,26,26,29,31,28,30,27,26,27,28,26,27,28,29,33,31,30,28,28,28,33,28,28,26,26,29,31,31,27,26,23,25,26,25,22,36,37,38,22,22,28,27,28,26,26,27,24,23,22,29,29,30,24,20,22,24,33,33,34,31,32,36,30,29,28,32,32,32,32,25,25,31,30,28,31,32,32,35,26,26,27,29,28,22,22,25,24,28,28,27,27,25,24,31,28,26,29,26,24,26,30,32,29,30,29,35,22,35,25,27,24,26,33,23,24,33,33,31,28,28,29,25,32,28,30,32,32,33,36,34,31,31,30,28,31,28,32,31,31,31,
29,28,29,26,25,30,27,26,27,29,29,28,28,33,26,31,35,29,30,36,28,39,28,32,26,30,27,24,26,24,26,27,25,26,27,31,33,30,26,31,27,31,32,32,28,32,30,29,31,34,26,34,31,22,25,26,26,24,24,31,25,33,23,24,30,25,32,33,26,22,23,22,34,30,32,27,29,32,28,29,33,29,27,35,32,28,32,26,27,31,24,25,30,30,31,26,29,30,29,30,26,33,32,31,27,25,32,21,33,22,24,29,22,23,30,28,28,28,28,31,27,29,24,27,27,33,28,26,28,29,34,31,29,35,29,29,33,28,28,29,27,30,31,24,24,27,28,28,23,23,22,24,27,28,23,33,22,22,29,30,27,27,26,24,23,29,26,30,31,31,30,35,34,34,34,26,38,32,39,30,28,28,30,33,24,33,35,33,28,32,32,27,26,34,27,27,28,27,29,25,23,25,27,25,24,23,28,25,30,32,32,29,27,33,24,31,27,34,30,33,32,38,25,23,39,36,20,27,28,33,25,34,30,33,28,29,29,26,34,32,30,32,32,30,35,31,28,29,31,29,32,31,30,30,31,32,
32,24,31,29,26,29,26,28,31,28,31,32,29,31,29,26,31,35,27,33,29,31,23,33,26,27,28,24,28,25,27,28,28,28,28,31,32,35,27,34,31,28,34,28,30,29,28,25,30,23,35,23,28,23,27,25,25,31,30,30,26,26,30,30,30,29,32,34,27,25,29,32,31,31,28,30,31,33,29,29,33,27,27,32,30,29,29,33,28,28,32,32,37,31,32,28,30,30,32,30,31,32,27,28,32,33,26,26,27,23,30,23,30,31,32,31,32,29,27,30,27,25,30,24,27,34,25,27,28,29,28,23,30,30,29,30,30,34,31,33,35,33,28,28,28,26,29,28,27,24,26,28,28,27,29,26,31,31,29,29,30,27,27,25,24,26,26,30,30,32,30,34,37,35,28,27,37,36,30,29,29,27,31,33,32,27,27,34,31,31,30,32,27,27,35,30,28,28,28,27,26,27,26,26,25,30,29,31,25,28,32,31,27,28,31,30,36,26,28,34,28,25,29,40,39,31,27,21,21,27,27,34,32,32,29,30,32,33,28,32,27,30,30,27,27,30,29,31,33,34,33,34,32,30,29,32,
30,25,31,30,31,32,29,28,29,23,33,32,32,30,28,36,27,35,29,28,30,30,29,27,29,27,28,25,30,28,31,28,27,30,33,31,24,24,35,35,37,35,29,28,28,33,32,25,31,35,24,24,26,27,25,29,33,31,29,33,27,35,30,30,29,32,34,33,27,26,30,33,36,29,29,31,27,32,37,30,30,34,28,34,31,30,29,30,29,36,36,27,31,30,31,33,31,30,29,32,27,26,27,29,25,25,23,31,28,31,27,24,33,31,30,27,26,30,31,29,30,28,32,24,23,28,27,26,27,28,30,35,26,31,28,31,33,30,33,33,36,34,29,23,29,27,26,29,28,28,30,32,31,31,27,27,32,33,35,28,30,30,28,28,25,26,27,28,26,32,32,31,32,35,30,29,27,37,37,31,29,31,28,34,31,29,29,32,31,31,31,35,34,28,30,35,32,23,28,29,28,27,26,27,34,29,29,29,33,29,33,33,35,30,31,31,37,35,29,29,31,25,30,23,40,22,27,32,26,28,26,27,32,24,28,33,33,30,30,28,28,28,29,28,28,36,34,34,34,33,33,34,34,34,32,29,
30,30,33,31,33,34,36,36,35,34,32,26,33,34,26,27,29,28,33,33,31,26,32,30,36,29,28,31,26,31,31,32,31,33,27,34,28,34,36,36,36,31,29,27,28,29,30,29,28,32,33,31,27,28,30,29,29,29,27,30,29,30,32,31,32,33,34,36,31,35,31,37,33,32,29,31,32,31,36,31,31,31,32,33,31,31,29,39,29,36,38,38,33,32,32,33,32,31,31,29,28,27,27,29,29,25,24,32,23,30,28,33,26,30,28,31,27,32,32,30,30,32,32,39,27,32,31,32,28,29,30,31,33,27,28,23,24,31,26,34,36,35,30,23,28,29,28,27,34,29,29,27,31,32,26,31,33,31,35,29,29,32,27,27,28,26,28,30,31,27,33,34,32,34,32,31,27,39,34,34,31,32,31,27,30,30,23,30,32,33,34,35,32,28,31,36,36,33,29,28,32,29,28,35,34,33,29,35,34,34,33,35,37,30,31,31,38,36,31,30,30,30,31,21,32,23,25,28,37,27,27,28,28,26,31,34,30,34,30,31,30,30,29,29,29,29,28,34,33,33,34,32,35,30,32,30,
32,35,32,34,36,35,33,30,26,37,33,26,31,31,24,27,28,30,29,25,26,26,31,29,31,37,29,38,28,32,32,30,32,32,28,29,35,28,35,35,37,37,31,28,33,32,30,35,28,30,31,34,28,29,32,33,26,33,29,31,30,28,32,37,35,33,36,34,38,35,33,38,33,33,34,32,32,33,30,31,37,41,35,36,35,35,29,33,38,37,38,30,30,33,33,34,31,32,32,31,30,33,30,27,25,26,27,25,26,25,37,34,35,37,34,31,38,31,32,32,31,31,38,39,28,27,33,30,33,34,30,29,32,25,25,28,24,24,25,29,30,31,33,31,31,28,32,29,35,36,30,31,28,33,33,31,33,34,33,32,30,27,29,26,28,27,27,29,29,30,28,31,34,35,30,32,30,29,34,33,29,35,32,28,25,34,25,24,29,34,30,33,33,33,32,31,34,36,26,35,34,32,26,31,30,30,32,30,30,35,35,34,36,37,36,37,37,40,32,30,30,32,31,34,33,33,25,28,23,21,33,29,28,28,31,31,32,31,29,33,31,35,35,29,29,30,26,34,34,34,32,31,31,33,30,33,
33,33,33,31,35,37,34,37,34,27,35,26,27,32,32,28,25,27,28,28,30,27,32,30,32,32,32,33,34,33,33,36,34,33,33,34,33,36,35,33,36,37,30,31,30,33,33,30,29,32,31,32,30,33,34,32,37,27,38,34,32,34,32,37,34,35,34,35,36,37,33,35,34,28,34,29,33,33,30,28,38,39,33,36,32,36,34,34,31,29,31,30,39,32,32,30,32,32,34,34,30,33,32,31,27,27,29,26,26,25,26,38,35,38,37,31,30,33,31,28,32,33,34,37,26,33,34,32,31,35,32,30,35,32,35,28,29,26,27,32,32,36,31,34,38,33,32,32,39,37,30,30,31,34,33,33,32,31,34,32,31,30,30,27,27,29,29,32,29,33,32,32,32,31,31,28,29,33,33,29,31,35,33,29,30,27,25,27,31,34,35,37,29,34,33,33,31,32,34,31,31,37,31,32,30,34,31,35,27,36,38,36,35,35,34,33,37,38,32,33,35,32,31,31,27,26,26,25,24,33,31,36,37,31,32,35,32,36,33,29,34,35,33,37,32,30,32,27,36,36,35,29,33,30,30,33,
33,32,41,31,30,37,36,35,38,34,37,33,32,32,31,28,25,28,26,37,29,33,28,32,34,33,31,34,32,35,34,33,37,31,33,37,34,36,36,34,26,29,34,31,32,34,34,35,28,33,32,31,31,33,34,33,38,38,39,32,32,33,37,33,37,35,36,36,30,38,34,33,33,37,28,31,30,33,31,33,32,29,29,27,32,30,35,35,32,33,25,32,33,27,28,32,33,33,35,35,35,34,31,33,34,33,32,26,27,28,27,33,39,40,39,38,40,34,40,33,34,32,37,38,33,35,33,32,32,31,33,33,36,37,30,29,29,38,27,35,31,37,35,33,34,34,36,33,39,33,31,30,32,35,34,34,33,33,36,36,32,38,35,29,28,31,28,30,33,33,32,25,31,32,32,36,34,30,34,30,32,36,35,34,33,33,31,34,27,35,31,36,38,29,34,32,30,32,33,34,36,38,38,32,35,34,32,32,30,29,33,39,35,35,36,35,37,38,35,36,38,33,31,31,31,28,27,33,25,34,33,28,36,38,32,38,35,39,36,34,35,35,32,32,37,33,30,30,26,35,27,28,31,30,32,33,
34,32,40,33,30,34,37,32,35,36,36,36,35,33,31,37,38,35,34,35,30,30,29,33,31,34,31,31,34,32,35,34,39,32,33,35,31,36,34,35,34,29,35,33,33,37,34,35,29,34,34,36,35,34,33,37,27,40,32,34,33,33,30,35,30,36,36,34,38,38,35,34,37,35,38,32,32,31,32,34,32,34,29,34,27,34,36,31,33,31,31,25,27,28,32,25,33,33,31,29,35,36,34,30,33,32,34,32,30,36,36,35,39,39,40,29,36,40,30,35,31,35,37,38,34,35,35,35,33,32,33,32,34,31,31,35,30,35,28,35,32,36,36,39,34,36,35,37,36,34,34,34,36,32,29,35,34,28,35,36,35,36,36,33,29,31,33,29,32,38,40,35,31,32,27,33,33,35,27,39,28,27,32,34,32,33,31,31,36,27,33,36,36,27,29,31,32,29,34,34,32,35,33,36,36,36,33,32,31,36,36,34,39,36,36,37,35,38,39,36,37,37,35,32,31,30,27,28,36,35,35,37,39,37,38,39,39,35,36,38,35,33,33,39,31,32,33,31,27,33,28,28,32,33,33,33,
34,40,40,39,39,35,38,35,32,37,36,37,33,35,30,32,28,35,35,35,31,33,30,34,33,35,32,29,35,33,32,33,35,38,39,36,32,33,37,35,40,36,30,31,29,38,36,37,33,30,38,34,33,34,35,33,33,28,33,30,35,33,31,31,30,31,36,33,30,29,29,38,38,38,37,34,35,33,33,36,35,35,36,36,34,34,34,33,32,34,31,27,25,28,26,33,33,33,32,34,32,28,37,35,34,32,34,35,30,30,30,35,36,37,37,36,28,37,31,38,35,32,36,38,33,36,34,35,34,34,34,34,33,31,31,36,35,38,37,36,33,38,37,37,37,28,37,39,38,32,31,31,31,30,36,36,35,37,29,32,35,38,36,33,32,39,33,33,36,38,39,40,27,32,27,28,33,37,37,39,28,32,33,35,33,30,31,33,36,29,33,29,44,29,33,32,34,29,30,35,37,33,31,36,32,32,36,36,34,30,33,37,29,34,37,38,34,35,37,35,37,35,35,35,31,31,29,29,35,36,37,30,38,38,39,39,36,34,34,36,36,30,37,39,32,33,33,34,30,30,34,31,33,33,34,34,
34,34,34,41,40,38,40,32,34,33,36,37,30,35,30,31,33,28,36,36,31,35,34,35,34,35,29,29,34,35,30,30,39,36,33,36,33,32,38,38,41,36,36,32,36,38,35,37,35,34,38,38,33,30,34,33,31,28,30,32,28,38,34,37,33,29,32,33,30,38,30,36,35,35,38,36,34,33,34,36,36,35,35,41,37,36,28,33,33,33,30,32,26,30,30,29,27,33,34,33,32,37,36,31,35,38,35,32,39,31,31,36,34,38,32,37,32,39,38,33,36,36,34,36,33,38,35,36,35,35,36,36,34,39,35,29,36,29,32,39,36,39,38,36,37,35,39,38,34,38,31,31,32,36,35,38,36,39,37,36,31,33,29,33,33,40,35,35,34,35,40,35,40,35,34,28,37,38,30,39,36,29,33,34,35,32,36,37,34,38,29,29,36,44,39,33,37,35,34,34,38,38,37,32,34,38,33,36,35,34,36,37,34,36,35,35,36,36,31,36,38,37,35,35,31,31,30,30,31,36,34,39,34,41,41,35,37,35,36,31,32,31,38,39,33,34,33,37,33,34,36,33,32,36,33,35,
36,34,40,41,41,38,41,39,37,35,31,35,36,37,30,32,33,34,28,30,30,36,35,35,35,36,33,33,31,34,39,32,34,33,38,36,33,33,34,37,32,41,30,37,36,37,39,37,32,38,38,39,41,33,34,35,35,32,32,30,44,40,39,35,35,35,30,31,36,39,38,36,35,38,38,35,35,34,39,37,37,37,37,33,32,37,37,38,31,34,35,33,38,28,29,30,34,34,34,34,33,29,36,35,31,38,32,33,40,32,40,38,36,38,37,37,33,38,39,40,37,37,35,37,34,37,37,36,33,36,37,32,37,33,33,30,30,30,41,34,40,36,33,37,37,36,39,40,36,35,32,34,35,36,34,35,34,40,36,38,36,32,31,34,34,35,35,33,38,35,30,34,35,35,35,34,34,36,35,38,31,38,34,36,37,36,37,38,38,41,39,30,36,37,40,39,38,35,36,39,39,40,38,31,34,34,39,40,30,37,35,35,36,36,36,33,38,32,31,36,38,36,37,34,32,32,33,32,31,31,33,32,35,34,41,38,37,38,37,37,33,32,31,32,31,38,34,35,35,35,32,33,33,36,35,36,
37,35,39,41,28,37,35,38,39,36,39,37,35,33,31,30,34,34,38,39,40,37,30,35,36,36,31,34,35,35,44,37,37,32,35,36,36,34,35,38,42,32,33,33,38,34,42,37,37,39,38,34,32,41,34,35,36,33,36,34,43,41,38,35,35,35,37,38,33,34,34,35,31,39,38,40,40,36,40,39,39,31,36,36,33,38,33,33,31,39,34,36,34,28,36,40,40,35,35,35,34,29,36,31,31,33,32,33,48,33,34,39,39,35,36,33,38,37,39,37,40,37,37,37,35,38,38,38,35,37,41,34,37,34,39,34,32,32,33,36,37,38,36,34,32,40,31,39,38,36,35,35,37,34,34,35,35,41,41,30,38,37,37,35,35,35,36,33,33,37,32,35,38,34,35,34,39,37,34,39,39,31,36,36,34,32,32,40,40,41,35,38,37,36,33,37,37,38,35,37,32,38,39,34,32,31,33,40,35,36,39,36,35,37,38,40,38,33,32,34,36,33,33,36,37,39,35,35,35,36,37,33,31,32,38,37,38,35,37,40,37,32,33,32,30,34,36,36,36,35,37,35,37,35,35,36,
37,38,40,39,42,29,36,39,40,40,32,38,37,31,33,39,31,33,38,40,37,36,35,34,36,35,33,33,32,32,44,43,38,37,35,38,35,35,32,36,32,40,34,37,43,43,42,38,41,35,39,34,36,36,40,34,37,36,36,38,46,44,45,38,36,36,37,34,34,34,34,39,38,33,33,40,39,40,37,38,40,31,37,37,34,34,35,39,38,39,39,41,36,37,39,41,37,38,41,35,35,34,29,37,38,31,33,31,34,37,33,35,39,36,33,37,37,37,34,38,37,38,37,38,41,39,42,41,38,38,38,37,41,36,34,34,34,41,33,40,39,32,36,36,39,33,35,32,36,33,36,37,37,36,42,34,37,39,36,36,30,31,37,36,36,36,35,35,34,41,40,37,38,33,36,34,37,36,34,35,39,32,32,38,35,33,38,41,40,38,36,40,39,37,37,40,37,38,36,35,40,36,39,33,32,33,38,34,36,32,37,38,32,35,38,41,39,33,30,39,34,33,35,37,37,37,33,36,35,38,33,38,33,33,30,38,38,37,36,39,37,37,43,33,34,42,39,36,31,37,35,35,35,36,35,35,
42,37,38,41,36,43,37,35,37,40,32,38,32,32,33,40,43,35,37,37,37,37,34,36,35,36,33,34,33,43,44,44,38,36,35,38,36,34,36,33,36,35,41,41,35,38,31,42,37,38,36,35,38,37,38,35,38,38,36,39,38,42,39,39,38,37,34,30,34,38,38,40,38,34,41,41,42,43,36,40,41,31,32,36,38,34,35,34,40,39,39,44,35,37,38,37,37,37,38,41,38,36,33,32,35,34,34,42,35,35,50,34,41,40,34,40,39,37,36,35,41,37,40,37,38,38,43,41,39,35,38,37,41,38,38,37,35,43,40,40,39,36,33,33,40,33,31,35,32,41,34,38,37,42,38,35,40,40,39,37,33,32,38,37,37,37,36,33,35,42,36,35,37,38,37,36,39,35,37,38,37,37,37,37,37,36,38,37,37,41,40,37,40,37,38,38,36,40,39,38,40,37,34,35,34,38,39,36,36,32,37,41,39,33,32,41,31,40,33,32,39,31,38,37,35,37,36,36,37,35,37,38,33,34,44,41,39,38,37,37,39,38,33,42,35,43,39,39,35,33,36,36,36,36,38,37,
38,39,38,35,43,35,35,43,37,44,44,32,38,41,39,44,36,43,38,36,37,37,35,35,37,39,36,34,34,43,44,40,38,35,41,36,35,35,35,37,36,33,36,41,40,33,38,40,40,38,38,38,38,38,39,36,35,39,38,41,40,41,43,39,37,37,42,33,39,34,35,37,41,40,35,38,42,35,45,42,39,33,33,37,35,39,39,35,39,45,40,40,44,43,43,38,37,42,40,34,39,38,33,36,35,34,41,43,43,33,37,38,35,34,35,35,36,39,39,37,39,42,38,37,40,39,39,44,37,41,39,42,37,41,41,39,44,38,38,37,40,37,37,36,40,32,33,38,33,40,35,41,41,40,38,36,40,41,36,38,38,38,36,38,38,36,35,38,40,39,33,36,39,39,37,37,39,40,37,38,38,42,37,38,38,38,38,38,38,40,41,43,41,35,38,33,37,39,33,33,42,38,40,35,38,35,40,40,37,35,38,42,42,40,43,33,38,32,33,38,32,32,37,37,40,34,36,40,38,30,35,35,39,35,35,38,31,38,39,36,35,38,39,42,36,45,43,37,36,36,35,36,38,37,38,37,
40,39,36,40,33,44,36,35,37,36,36,41,38,39,38,43,44,42,43,40,37,42,39,36,38,42,41,43,38,35,41,45,37,36,39,40,38,35,36,35,33,38,36,42,36,41,33,42,42,42,41,37,38,36,39,40,38,36,41,39,41,42,41,42,38,46,40,41,34,34,42,44,44,40,36,46,43,41,46,42,39,43,38,38,40,40,39,41,38,40,34,41,46,43,44,39,40,41,37,42,32,34,35,32,45,38,40,42,33,33,36,48,37,35,35,40,41,38,39,34,41,36,39,39,40,41,40,42,39,36,42,38,36,37,41,40,45,37,37,41,38,37,39,35,42,34,41,39,33,36,41,36,33,35,39,36,38,41,35,35,43,43,39,38,41,37,37,39,38,39,36,34,34,40,40,40,38,42,35,38,39,36,37,37,39,43,38,37,38,38,36,37,42,37,34,38,38,37,36,39,42,38,41,37,39,36,39,43,37,41,40,42,43,39,40,34,34,39,37,34,39,30,41,41,38,41,37,38,38,32,36,39,38,35,34,45,32,41,39,38,42,39,35,36,38,44,44,39,38,39,37,36,36,36,39,37,
37,36,38,38,42,45,39,35,43,37,37,40,44,39,39,43,44,45,43,40,37,34,35,39,39,36,41,41,38,44,42,45,37,47,38,41,40,36,36,36,34,39,38,39,36,39,44,45,44,42,41,38,38,38,38,43,40,35,36,41,42,35,38,44,46,46,36,42,35,35,42,42,41,41,42,45,38,45,46,40,44,40,41,41,40,37,36,39,38,40,41,36,43,44,37,37,40,42,40,44,43,33,35,45,40,35,39,34,34,36,42,40,38,39,39,40,39,38,41,35,37,36,36,39,42,41,44,43,40,38,42,43,37,37,38,39,44,40,39,36,37,38,35,35,40,37,36,42,39,37,38,44,43,33,35,36,47,37,42,39,35,44,35,33,38,38,37,43,38,39,33,34,35,35,36,39,39,38,38,42,41,39,40,40,38,40,39,39,39,38,36,38,38,39,37,40,40,40,38,38,37,36,39,42,39,42,38,44,40,40,41,40,39,39,44,41,34,38,38,38,33,31,42,34,34,38,41,37,36,39,41,42,39,41,34,35,39,39,40,38,38,37,38,38,39,39,38,38,38,37,36,37,37,38,40,38,
38,46,39,45,39,43,45,48,36,35,39,38,45,44,44,43,45,47,44,43,40,38,40,36,39,37,44,40,41,38,44,43,45,44,41,38,47,39,38,36,38,40,39,39,35,41,42,44,39,45,40,41,39,39,42,43,43,41,42,40,41,35,37,39,47,47,38,37,40,36,39,37,39,42,42,39,46,40,45,36,37,41,41,38,40,39,43,36,39,42,48,37,36,38,41,36,38,42,42,41,39,34,45,35,46,45,42,38,37,36,43,37,40,40,39,39,39,38,39,40,38,38,43,41,43,38,40,43,42,37,41,42,44,35,38,41,41,37,42,40,38,40,40,34,41,39,38,42,41,40,44,36,40,34,36,36,48,41,37,43,40,35,34,40,39,39,38,42,39,43,35,39,37,34,38,40,41,39,42,44,39,39,40,41,43,41,42,40,40,39,41,37,39,39,36,41,39,41,45,39,43,37,42,42,40,41,40,38,43,43,42,41,39,40,40,40,42,41,40,37,38,39,33,34,34,40,41,38,43,40,41,41,44,38,41,41,42,35,37,39,43,38,40,39,39,40,39,44,40,39,38,40,39,40,42,38,
38,38,48,47,48,40,41,43,36,42,45,44,39,42,44,44,44,45,44,45,41,44,35,39,43,40,40,40,40,39,39,41,37,44,43,36,48,40,38,40,40,40,41,40,42,42,43,40,45,40,40,42,42,41,41,42,41,42,45,37,36,36,44,38,39,36,39,39,38,38,39,38,43,46,42,47,41,36,41,37,42,42,38,39,42,40,38,43,38,44,44,48,40,38,42,41,37,36,42,42,43,47,35,47,46,46,44,41,39,43,44,38,38,43,39,41,40,39,44,46,41,42,41,43,40,38,39,44,39,38,42,38,44,41,47,43,45,38,39,38,40,35,33,38,34,43,40,43,42,38,41,45,41,42,35,38,35,49,35,38,39,46,44,34,45,40,40,44,43,44,38,39,36,37,44,41,39,40,40,43,45,45,43,42,42,41,40,41,46,40,39,40,41,40,41,41,42,39,39,40,39,43,43,43,38,41,43,39,40,43,37,42,38,43,42,41,43,41,40,40,38,39,34,39,35,40,39,42,41,40,43,43,45,39,40,42,40,36,41,38,37,39,38,42,39,45,41,40,40,41,39,41,41,41,43,39,
42,41,44,48,48,44,42,42,43,42,46,43,45,42,46,40,48,48,46,44,40,45,43,40,39,39,43,42,45,40,45,39,44,44,45,43,38,38,40,40,40,43,43,41,41,41,45,40,45,40,44,41,43,41,45,43,43,43,42,44,42,41,42,41,36,36,42,40,39,39,44,38,42,42,42,37,41,43,37,41,42,43,39,45,42,42,39,44,39,42,41,41,41,40,43,41,44,46,42,42,46,47,47,41,40,41,44,39,42,43,41,39,43,44,39,41,38,41,39,40,45,45,40,44,40,42,40,42,42,43,43,43,42,42,43,41,46,46,44,39,42,35,35,42,36,40,44,41,40,41,45,41,42,45,42,42,34,36,36,35,37,38,40,45,41,46,44,41,41,43,44,39,38,36,45,44,41,40,40,41,41,40,43,41,43,41,41,39,42,46,46,39,46,40,41,40,45,42,44,45,40,37,42,43,40,42,39,40,43,43,41,38,46,43,41,38,39,38,41,40,41,41,39,39,40,41,41,41,42,42,50,43,42,40,43,43,44,42,39,41,39,44,39,39,42,45,48,40,42,41,40,40,39,42,41,43,
41,40,40,45,42,51,43,43,43,44,43,44,44,44,47,46,37,49,39,47,50,40,38,39,44,39,42,43,45,44,49,40,45,45,42,42,39,42,40,41,41,42,43,43,42,42,46,46,41,41,40,42,44,46,45,45,48,39,43,40,44,43,44,45,44,43,41,41,39,40,44,44,42,42,45,43,41,45,38,47,39,45,46,43,43,44,43,39,42,44,42,39,40,43,41,40,38,40,38,43,47,48,46,48,48,47,42,39,42,43,43,44,43,45,43,42,39,42,39,39,41,39,43,44,47,42,45,41,42,45,42,44,43,41,43,41,42,43,39,44,40,43,36,36,43,46,46,47,46,47,37,45,37,46,41,42,48,36,39,36,45,40,40,40,41,40,42,44,43,43,36,38,41,38,41,43,44,42,42,41,43,41,48,46,43,43,42,45,49,45,40,38,47,46,41,44,39,45,44,44,41,38,41,40,41,42,41,41,40,42,42,44,47,43,44,45,43,39,43,43,41,42,41,40,41,39,41,43,43,42,40,50,50,43,40,38,41,49,47,47,45,45,43,45,41,51,49,46,42,39,42,40,38,40,43,40,
41,42,43,45,46,44,44,45,43,46,45,43,44,44,44,42,42,39,39,40,38,45,40,44,43,44,43,42,47,39,41,40,46,43,42,43,41,42,42,42,41,43,43,44,40,43,46,42,47,41,41,45,44,47,45,46,46,41,40,40,39,45,45,42,46,46,47,46,43,40,41,42,43,43,43,45,46,42,43,48,48,41,46,45,43,42,46,44,40,43,43,41,41,45,42,42,43,40,38,44,40,48,43,48,44,48,44,44,44,41,41,43,45,46,41,46,44,42,43,37,42,42,41,44,46,45,41,41,42,43,45,46,46,44,41,43,40,43,42,45,43,41,40,36,36,44,42,45,46,41,39,38,39,39,42,43,49,49,41,47,45,40,42,41,40,39,42,43,42,44,45,38,39,40,41,38,45,45,41,45,41,42,45,49,44,42,44,43,45,45,45,45,38,47,47,44,47,41,40,43,45,42,43,41,40,41,40,42,45,42,44,44,46,45,42,44,46,44,43,44,43,44,42,40,43,40,42,42,42,43,43,41,45,46,40,39,39,39,42,38,41,42,42,45,43,43,47,40,42,44,43,43,41,46,40,42,
43,42,44,44,45,45,45,45,44,44,46,45,44,44,45,42,42,37,37,40,40,45,45,45,45,45,42,43,43,41,46,40,43,49,40,40,41,42,45,43,42,43,43,46,45,44,43,44,44,44,46,45,42,43,41,46,46,40,46,41,39,47,47,39,42,47,42,47,42,42,43,41,41,45,44,46,53,43,42,44,44,44,45,44,44,47,41,43,45,46,44,43,44,41,43,41,42,44,45,46,41,46,47,44,45,44,43,40,40,43,43,39,40,47,46,41,41,44,41,40,43,39,40,46,41,43,43,43,45,40,46,40,47,41,42,40,39,41,42,41,41,44,39,37,36,45,47,46,48,41,42,40,40,40,41,39,42,41,43,45,44,40,40,41,44,40,47,42,41,45,45,44,42,40,44,43,44,43,42,43,43,42,45,42,49,46,46,48,47,47,47,45,39,45,43,45,42,41,44,44,46,46,43,49,41,40,40,45,45,44,44,44,47,44,43,44,43,43,45,44,43,44,44,45,45,44,46,41,46,42,43,44,45,45,46,42,39,40,43,46,47,48,44,45,41,43,43,45,39,43,41,40,42,42,41,43,
49,41,41,45,45,46,46,46,44,45,44,43,48,43,40,48,42,47,40,40,47,40,46,45,45,45,46,47,44,39,40,40,45,43,44,46,47,43,43,44,46,46,46,45,47,44,45,46,44,44,47,44,43,43,44,40,43,42,42,47,40,41,40,40,43,43,48,43,43,41,45,42,44,45,46,46,43,54,43,43,44,43,42,45,47,45,42,44,46,46,45,47,44,44,44,46,41,43,41,45,46,47,46,47,45,43,45,43,41,42,45,48,46,41,43,43,41,42,46,47,44,47,42,44,38,39,44,40,47,46,46,49,41,42,42,46,42,41,46,41,40,44,45,46,44,40,45,46,46,46,45,43,40,43,41,41,43,42,45,46,47,47,42,42,45,44,43,43,42,42,46,49,43,43,45,46,47,44,43,43,44,42,49,49,42,50,47,46,42,47,48,42,41,43,46,41,46,41,42,50,43,42,47,45,49,43,42,44,43,44,42,46,48,47,41,40,44,40,43,42,45,43,45,47,47,46,46,46,47,42,47,43,46,48,46,41,43,40,41,47,47,48,41,46,43,42,43,46,46,46,40,40,40,41,42,44,
47,44,45,42,42,46,44,51,48,42,43,43,44,44,44,46,47,45,46,46,45,45,46,50,40,48,47,46,41,44,40,46,44,44,45,42,43,44,44,44,45,45,47,47,46,44,45,46,47,45,48,49,42,44,44,47,45,44,43,45,46,43,48,41,41,43,49,43,44,42,43,46,44,44,46,47,44,43,54,53,53,44,48,43,47,48,44,43,45,45,42,47,47,43,44,44,44,45,42,48,46,45,47,47,44,44,42,42,43,43,45,44,44,44,46,43,44,49,42,46,48,45,47,45,45,52,41,40,41,47,44,41,48,42,49,45,46,45,47,47,41,41,43,43,42,43,45,46,47,45,47,43,43,43,43,42,45,44,41,45,46,48,48,47,41,47,48,42,47,43,43,48,44,49,42,43,48,44,45,41,45,44,43,43,43,46,48,47,48,43,45,44,42,41,45,44,47,41,49,43,44,46,41,41,45,45,45,46,46,43,46,46,47,49,48,46,41,45,45,43,47,44,47,47,45,48,45,47,46,50,48,44,45,46,40,42,44,43,47,45,47,48,43,46,46,45,45,47,48,47,41,43,44,39,44,44,
48,52,44,43,43,43,50,51,47,43,44,45,44,43,48,47,48,44,48,47,47,46,51,42,47,48,47,46,39,44,40,45,45,45,46,43,39,44,44,48,43,44,43,44,47,45,48,45,46,44,40,46,44,46,45,49,45,43,45,45,45,45,43,48,49,42,42,43,44,48,43,45,41,54,52,47,44,49,44,40,50,45,47,50,45,45,49,43,44,43,46,44,45,42,46,47,43,46,46,48,48,48,45,46,45,39,43,43,44,43,47,47,43,48,45,47,45,45,49,47,47,47,47,44,45,44,44,41,48,45,46,42,43,50,45,51,47,47,48,46,47,46,44,43,43,48,44,44,47,45,46,47,43,45,44,43,45,44,45,46,44,46,45,48,41,46,49,44,42,47,45,49,47,44,44,43,45,47,46,42,45,46,45,46,52,49,47,44,45,44,44,48,45,44,47,45,44,41,50,48,43,44,46,42,47,45,46,44,46,46,43,46,47,47,50,40,45,46,46,45,47,41,47,48,48,47,48,49,46,46,52,51,48,45,46,50,40,44,47,43,47,44,44,46,44,46,42,47,46,48,41,42,43,46,43,44,
48,49,42,45,43,44,44,50,49,43,40,43,44,44,43,43,43,43,46,46,48,44,48,48,46,48,43,48,48,48,46,47,46,48,47,44,40,44,47,49,44,45,49,44,50,45,45,46,46,46,41,49,52,45,48,49,47,47,48,46,47,45,44,44,43,45,43,42,50,49,43,47,47,47,53,48,44,44,44,54,47,50,47,45,49,44,46,45,44,48,50,47,48,47,47,48,45,47,48,49,49,49,47,42,45,44,39,39,44,44,46,48,47,45,49,47,44,45,46,50,48,48,49,42,45,44,48,47,45,49,44,45,43,46,47,44,46,46,47,48,46,47,47,45,44,48,47,45,45,50,48,47,47,46,43,43,45,46,47,46,52,45,51,46,43,41,47,47,44,46,47,47,48,45,46,47,46,45,47,46,42,46,45,46,47,42,45,50,49,51,45,43,45,50,47,47,46,42,45,45,48,44,50,46,47,47,43,46,46,44,43,45,46,44,47,40,49,47,47,51,42,47,45,45,48,49,49,48,50,44,51,49,52,44,47,47,40,40,47,47,48,45,45,43,44,44,43,44,47,44,41,43,44,45,42,43,
46,48,46,45,43,44,45,44,51,49,45,47,44,46,43,43,50,44,45,46,47,46,50,48,43,40,48,44,49,48,49,46,46,47,46,45,41,41,46,49,45,50,48,49,52,45,42,42,46,48,47,51,49,47,45,46,46,48,48,48,46,45,46,45,45,46,45,45,51,43,43,47,47,50,47,46,46,44,46,45,48,47,46,45,47,45,41,44,46,47,47,45,44,48,49,47,42,43,49,49,50,49,48,45,43,46,45,41,46,47,48,46,49,48,47,44,45,48,48,48,46,45,43,50,46,46,49,48,43,50,50,46,44,47,51,47,47,47,48,46,47,42,50,46,46,48,47,51,46,51,52,48,51,52,48,44,49,49,47,45,46,53,50,51,41,47,48,48,45,46,48,47,47,48,46,50,45,47,46,48,46,47,47,48,51,43,50,48,45,50,52,49,53,51,45,47,49,46,46,50,48,44,48,46,46,47,46,44,47,42,45,44,46,46,48,48,46,48,48,51,46,43,45,45,45,50,47,43,47,50,52,52,50,53,44,50,47,40,49,49,48,43,47,46,49,44,47,43,45,45,43,43,43,44,45,44,
50,47,48,45,46,44,45,45,51,46,42,45,49,45,51,46,51,50,46,48,48,50,50,49,50,43,42,46,48,47,50,47,47,46,45,47,46,46,45,52,49,48,48,49,51,54,45,54,42,43,46,41,43,49,49,49,49,49,46,45,49,49,46,45,47,45,53,45,45,46,48,46,50,47,49,54,47,45,47,46,47,47,46,47,48,48,41,47,47,53,47,48,48,49,51,49,48,47,44,47,51,49,49,48,45,45,46,43,50,47,49,49,48,49,49,49,48,46,50,49,46,47,50,47,47,46,45,50,44,47,49,47,48,51,53,48,45,44,48,47,47,42,49,46,49,48,46,49,46,52,48,49,49,45,49,49,52,45,44,51,46,46,51,50,51,42,48,41,48,45,49,49,45,46,49,50,48,48,47,48,47,44,47,45,46,52,50,47,47,51,53,50,47,46,47,46,50,49,47,47,49,45,49,47,46,47,46,47,48,47,45,47,45,49,50,49,46,51,50,49,49,48,46,47,47,44,48,48,44,49,49,44,48,53,49,49,47,44,45,50,50,47,48,49,48,49,48,46,45,48,50,44,46,47,45,45,
50,50,48,46,46,46,45,48,48,48,48,46,48,49,46,48,45,50,46,47,46,50,51,50,44,44,44,45,49,43,47,46,48,48,46,46,47,47,46,49,46,44,48,50,45,54,45,55,45,46,43,42,45,49,50,46,50,46,46,46,46,49,47,46,48,54,48,53,44,46,50,48,50,52,50,54,47,50,51,48,46,49,53,46,49,49,50,45,48,45,48,49,52,49,46,48,46,49,44,47,48,48,47,45,47,46,50,50,50,45,47,47,47,48,48,50,47,46,46,47,43,48,43,49,46,48,47,46,51,52,49,49,52,51,52,53,52,47,48,47,47,47,51,51,47,47,47,45,48,50,48,49,49,47,50,48,47,52,51,49,50,49,49,52,47,43,47,48,49,49,46,47,48,50,48,45,50,50,48,49,47,49,45,47,48,51,45,45,49,50,47,52,45,45,50,49,50,50,50,51,49,45,47,50,47,50,48,47,46,46,46,47,47,47,46,50,46,48,51,50,50,50,46,49,49,50,47,45,48,46,46,50,54,46,49,49,50,47,44,45,51,46,48,49,48,50,48,46,46,47,49,51,45,45,47,46,
49,51,50,52,51,48,46,47,48,49,47,48,47,49,49,52,48,46,47,48,47,48,47,47,51,48,44,46,51,45,44,48,45,50,49,49,44,48,49,50,48,48,45,49,49,46,51,46,45,47,48,49,48,52,50,50,53,49,47,49,47,54,47,48,47,46,53,54,51,47,48,51,53,50,51,53,54,44,50,48,52,48,53,53,52,48,49,47,50,46,47,50,49,47,47,50,47,47,42,48,49,48,49,50,45,48,52,52,50,47,48,49,51,47,49,49,48,47,47,50,47,44,48,53,48,45,47,47,52,53,45,52,52,53,51,54,50,50,49,49,48,53,51,51,54,52,47,45,46,45,49,51,49,47,49,49,48,53,52,51,50,47,50,52,48,46,48,49,49,47,47,46,48,50,46,50,46,52,49,45,48,50,49,48,47,49,46,51,48,51,46,47,48,46,50,50,50,51,51,47,47,46,47,48,52,51,48,51,47,48,47,48,47,47,46,55,52,46,50,50,51,50,49,49,45,47,48,47,47,47,51,51,54,54,47,49,50,46,49,45,47,47,50,49,49,49,48,49,47,46,51,47,46,45,47,50,
51,48,48,52,48,47,50,49,48,48,49,49,48,48,49,49,52,54,46,47,47,48,50,52,52,53,48,46,46,52,48,44,47,46,49,49,49,47,49,47,51,51,46,46,50,46,53,52,53,44,47,46,49,50,51,55,54,50,46,48,48,52,54,54,44,55,53,54,45,47,50,51,48,53,52,54,51,49,51,48,48,53,48,52,52,51,49,51,50,50,48,47,51,48,49,50,48,49,44,43,49,47,50,53,48,46,50,53,52,51,51,51,50,48,55,49,49,49,51,52,50,47,49,52,53,50,52,48,53,48,52,51,52,52,53,53,51,51,52,49,48,50,50,51,55,49,50,52,48,48,46,47,53,49,45,50,52,50,48,54,49,51,51,48,48,50,51,50,49,51,50,46,48,49,47,46,50,52,45,50,45,50,49,49,48,50,47,49,46,49,46,48,48,48,48,50,48,51,50,48,48,48,49,46,51,50,47,51,46,48,48,49,49,47,50,55,48,51,48,50,48,46,49,50,46,48,48,49,51,48,52,53,53,54,53,52,52,46,50,46,48,49,48,54,49,50,50,48,49,50,48,52,50,51,49,50,
52,53,52,48,53,51,51,50,49,49,49,44,51,49,53,52,52,47,54,54,48,49,50,50,53,51,47,47,52,53,52,52,51,49,53,50,49,50,49,49,48,52,52,51,49,47,54,53,53,49,44,48,45,49,56,48,55,50,50,47,46,48,53,55,49,54,46,52,51,48,50,49,52,52,48,49,52,51,49,50,49,55,47,49,53,51,51,51,51,51,48,47,48,49,47,49,48,44,49,46,49,51,48,54,54,49,47,49,52,47,52,52,51,50,55,49,50,50,52,51,47,48,52,50,47,47,50,53,53,48,52,51,52,48,53,54,51,44,50,52,49,53,50,53,51,47,50,47,54,49,49,48,49,51,55,50,48,50,53,52,47,47,51,49,50,50,50,50,50,51,51,52,49,49,47,46,52,50,49,46,51,51,49,49,48,47,52,48,51,51,47,49,48,51,53,48,51,50,49,47,52,48,49,48,52,51,47,52,47,51,49,51,49,48,49,49,49,49,49,49,53,47,48,51,48,50,50,48,48,53,50,51,53,53,53,54,52,52,51,49,49,53,51,50,49,47,51,48,49,49,51,49,50,50,51,50,
53,53,52,52,47,53,50,49,51,50,50,53,50,51,52,49,52,50,50,54,48,51,52,46,55,51,51,51,52,53,54,51,52,50,54,50,51,53,54,51,49,51,53,50,50,50,51,49,51,49,45,45,49,48,51,53,55,54,49,49,47,50,47,55,49,51,52,53,52,50,49,50,53,49,49,53,53,48,49,51,51,51,49,48,51,49,49,51,51,50,48,50,50,49,51,50,51,53,50,47,47,46,54,55,54,55,54,53,53,48,48,50,53,52,51,50,50,46,51,49,51,48,48,52,52,48,51,50,49,52,50,52,51,50,49,53,53,53,51,50,52,51,50,50,49,51,54,48,49,47,47,51,48,52,49,47,52,53,52,53,56,48,52,50,50,50,50,50,51,51,51,50,50,52,50,51,49,53,50,45,50,53,52,51,49,53,48,50,51,49,49,48,52,53,50,53,48,47,48,45,53,49,52,51,51,52,51,48,51,50,52,52,48,52,51,50,50,53,53,50,52,54,49,47,51,51,49,49,50,52,51,53,52,52,53,55,53,52,53,53,53,53,51,51,50,51,51,51,51,50,52,48,51,51,49,51,
50,51,51,52,48,50,47,51,55,52,51,52,54,53,52,53,49,49,54,50,51,49,51,53,54,54,54,49,52,51,53,53,52,51,51,50,52,54,54,50,50,52,51,51,53,52,51,50,51,49,50,46,47,49,51,50,52,54,54,51,50,55,48,48,49,52,50,51,54,50,50,53,50,50,50,54,53,50,50,50,50,53,51,49,51,54,51,53,52,52,49,51,51,50,52,54,55,53,51,52,56,53,52,52,55,52,54,55,53,50,50,50,51,53,51,51,50,48,47,51,53,52,51,53,50,50,52,52,52,53,52,49,50,52,50,52,53,52,52,50,52,52,51,52,51,50,51,54,51,48,48,50,48,53,53,49,50,53,53,54,53,56,56,55,50,52,51,50,52,52,53,52,51,52,53,51,52,53,50,49,47,47,48,53,51,55,51,52,52,53,52,51,50,52,50,52,51,48,47,46,48,49,53,52,52,52,52,52,50,53,54,49,49,54,51,50,51,54,50,51,56,49,51,48,48,52,51,50,53,53,53,55,53,54,54,52,51,54,54,54,54,53,53,52,51,51,50,54,50,51,52,54,48,53,49,52,
52,56,53,53,52,52,51,53,54,53,48,50,55,53,50,53,48,52,55,55,52,55,54,53,55,54,56,49,55,54,54,52,53,50,50,51,53,55,55,52,51,51,54,51,55,49,53,50,52,52,50,50,51,49,50,52,53,55,56,52,52,54,55,56,53,52,53,50,51,52,50,50,54,52,51,52,51,49,56,55,50,51,53,54,54,55,51,53,51,54,51,55,50,54,50,52,53,54,50,52,55,56,51,53,53,50,49,55,52,51,52,51,52,52,52,50,52,53,52,49,55,54,54,52,48,49,50,50,50,51,50,50,51,51,52,54,53,49,50,53,53,53,52,54,51,51,49,52,49,51,54,50,54,49,52,50,49,54,54,54,55,51,53,51,55,50,53,51,49,54,53,52,53,50,52,52,51,53,49,49,51,49,54,53,51,52,56,51,52,53,51,49,52,50,53,54,51,51,53,48,49,49,53,52,50,51,53,54,51,54,53,57,50,54,52,50,51,54,54,51,50,49,51,51,51,53,53,51,51,51,51,53,54,52,54,51,53,53,55,50,54,55,50,55,50,51,53,55,55,51,53,54,52,50,50,53,
51,53,53,54,51,52,52,50,54,53,53,53,52,55,54,56,51,53,55,56,54,55,54,55,54,55,56,57,55,56,53,55,50,57,51,53,55,54,52,56,52,52,53,53,53,49,54,52,51,52,53,52,54,49,50,53,50,55,56,52,53,53,55,57,50,53,55,52,51,53,51,52,50,50,52,53,54,52,52,55,50,55,53,55,54,54,56,53,56,55,54,54,54,53,53,53,55,51,51,52,54,55,51,54,52,51,53,50,54,56,53,53,53,54,54,49,53,55,53,52,51,49,50,49,49,51,55,51,53,52,49,51,52,50,52,54,54,50,57,53,52,53,55,54,54,52,51,54,54,50,54,51,54,49,53,54,54,51,52,53,55,51,52,51,53,52,55,50,53,55,54,53,53,53,54,52,52,53,52,50,50,56,51,51,53,52,54,52,54,55,53,56,52,51,53,52,52,50,50,49,53,50,54,51,51,51,55,52,53,55,54,54,58,52,54,54,55,52,53,50,51,51,52,51,52,51,50,53,52,51,54,59,54,52,53,52,52,53,55,50,51,51,53,54,53,52,52,56,53,51,51,52,53,52,55,53,
50,54,50,58,52,51,53,56,53,54,53,51,53,52,52,52,51,51,54,54,56,51,55,57,53,55,56,54,56,56,53,53,52,57,52,55,53,55,53,57,52,52,53,56,54,54,53,52,53,52,57,51,53,55,50,50,54,56,56,53,55,56,57,56,57,52,53,54,51,51,53,52,56,54,53,53,53,52,54,53,53,54,54,58,56,55,60,55,55,54,54,55,52,52,54,53,51,54,54,55,53,53,53,52,52,52,55,54,54,52,51,55,54,54,55,56,54,55,50,53,56,53,52,52,51,59,53,53,52,53,53,50,52,54,51,53,56,54,52,57,53,52,55,53,53,55,50,57,51,54,55,55,54,53,52,54,53,54,52,54,52,53,54,55,51,55,53,52,53,55,54,53,51,53,53,53,54,52,54,51,49,56,51,50,53,53,55,52,54,53,56,55,55,53,52,54,53,56,53,52,50,51,54,50,52,50,53,53,56,55,55,50,59,54,52,56,53,55,53,57,55,51,54,54,52,51,51,55,55,52,55,56,54,54,54,54,50,53,51,55,51,52,51,52,51,53,52,52,51,54,52,52,54,54,55,50,
52,55,54,55,59,58,59,56,52,55,55,58,51,54,53,55,53,53,55,55,57,55,56,57,55,53,55,55,56,53,55,53,53,53,54,50,54,56,56,54,57,53,52,55,55,56,54,53,54,56,53,58,52,56,53,51,54,54,54,56,55,56,53,53,58,54,54,57,53,52,54,54,52,51,51,55,54,53,51,51,50,54,56,52,57,55,59,54,54,54,56,52,53,52,53,52,51,55,54,52,54,57,53,50,55,53,52,56,57,52,55,52,54,55,54,56,55,57,53,52,52,50,56,53,52,59,55,56,54,53,54,51,54,54,53,53,55,55,53,52,54,54,55,54,57,58,58,52,52,53,54,54,53,54,54,53,54,54,54,54,55,56,54,56,55,53,53,53,53,52,53,56,55,53,55,53,54,55,56,55,52,56,52,51,51,55,55,55,56,54,57,58,52,54,54,53,55,56,58,54,53,54,51,51,52,53,52,54,54,53,55,54,57,55,55,55,55,54,55,55,56,57,55,53,53,53,53,55,57,59,53,50,53,54,53,54,54,54,54,53,53,53,53,53,54,54,52,52,55,55,55,55,53,53,52,51,
53,53,53,55,54,54,60,56,58,55,56,56,53,53,54,54,53,55,55,55,55,58,53,56,57,54,55,55,57,57,55,56,54,55,55,53,53,53,56,53,55,54,55,56,53,56,58,56,54,55,53,58,55,52,57,53,54,54,54,56,55,57,54,54,54,53,54,54,54,54,53,54,54,53,55,52,56,54,55,51,51,52,54,53,58,54,59,55,55,53,56,56,54,53,54,53,53,52,56,52,56,54,56,57,58,58,52,52,57,53,55,56,54,54,53,57,56,52,56,53,51,53,56,53,54,55,52,54,56,55,54,54,53,54,56,53,57,56,57,56,54,55,55,55,55,54,54,54,53,53,54,53,57,55,55,58,55,56,56,55,57,58,54,56,58,54,55,58,55,54,54,56,55,54,55,57,55,57,56,55,54,53,53,56,53,54,56,57,55,56,59,58,56,54,55,57,55,54,57,54,55,54,55,54,52,55,53,52,53,53,56,58,58,55,54,53,57,55,56,55,56,53,55,56,54,54,53,54,57,59,59,52,57,54,53,54,54,55,56,55,54,55,52,54,52,54,53,54,56,53,54,55,56,53,54,51,
55,54,53,59,55,59,56,57,57,57,55,56,59,55,54,54,55,56,56,56,56,55,57,57,56,54,56,58,56,58,56,56,56,56,56,54,57,55,57,54,56,56,57,56,57,56,57,57,57,55,54,56,56,54,57,56,56,55,59,54,55,58,54,54,52,54,57,56,56,55,55,55,57,54,58,54,53,55,55,57,58,53,55,55,54,58,56,58,55,56,55,55,56,54,57,54,54,57,53,55,56,60,55,57,58,55,56,53,54,55,55,56,57,55,55,55,54,55,54,55,55,59,55,55,54,54,55,57,57,53,53,55,54,55,53,53,54,59,57,57,58,54,56,55,55,55,56,56,54,53,55,57,55,58,57,57,56,54,56,55,55,56,57,56,55,58,54,55,56,55,55,57,55,57,55,55,56,56,57,56,55,55,58,57,55,55,54,58,53,56,55,57,57,59,58,58,55,55,55,58,58,54,55,55,57,56,56,52,57,57,54,54,56,56,56,58,55,54,56,52,56,58,54,57,55,52,55,57,59,59,60,59,56,55,55,54,54,55,55,54,55,54,55,53,54,54,55,56,54,56,57,57,54,56,55,57,
56,55,58,57,59,58,56,57,56,56,58,57,56,59,56,56,56,56,57,54,57,54,57,58,56,52,57,55,57,57,56,57,57,58,57,58,58,57,58,56,58,57,56,57,58,57,57,57,57,57,59,56,56,57,57,57,59,55,57,57,56,55,58,54,55,59,56,55,55,54,56,56,56,57,55,55,56,56,56,57,58,58,54,54,55,57,56,59,58,56,58,54,58,57,57,54,57,58,54,56,60,59,53,54,54,58,55,57,56,55,55,60,56,53,55,55,55,57,56,56,56,59,57,57,56,55,58,56,59,56,56,55,55,57,56,53,55,55,58,59,56,56,55,54,56,57,56,56,55,57,56,58,58,57,55,57,55,56,55,56,56,55,57,56,56,57,57,56,54,58,56,57,57,56,56,56,57,56,56,57,53,56,56,56,58,56,56,55,54,56,57,55,58,58,59,59,54,54,56,55,56,56,57,56,56,57,56,57,53,53,59,55,56,56,55,57,57,55,55,53,54,55,59,56,55,58,57,58,58,59,55,60,55,54,54,56,56,56,61,53,54,54,55,55,55,55,55,57,57,55,57,55,58,55,57,56,
55,56,58,58,58,59,59,55,57,57,59,59,54,54,56,57,55,55,58,56,57,58,56,55,58,53,55,56,57,58,56,56,55,56,57,58,57,56,56,57,57,57,56,56,57,58,56,58,56,58,58,55,57,57,59,60,57,57,56,55,58,56,58,57,56,57,55,56,56,56,56,57,55,55,59,56,57,56,56,58,59,58,59,55,58,59,59,54,57,59,57,59,59,59,59,57,57,58,57,58,56,61,58,54,55,55,55,55,59,56,55,56,55,54,55,59,56,57,58,56,56,56,58,56,58,58,57,60,60,56,56,58,57,55,54,55,54,54,57,60,54,56,56,59,55,61,57,56,56,56,57,57,57,56,57,57,57,57,56,56,55,55,57,58,57,57,57,59,55,54,56,57,58,55,57,58,57,58,58,56,59,57,55,59,57,57,54,56,54,54,53,54,57,57,58,55,56,59,56,55,56,54,58,59,57,56,57,56,59,57,60,56,57,58,57,56,58,57,57,54,55,59,56,56,57,58,57,57,55,58,56,57,60,56,57,56,56,56,57,57,54,58,55,59,57,56,58,56,60,58,56,57,58,61,57,57,
58,55,59,57,58,57,57,56,58,60,59,55,59,54,55,60,56,57,56,57,59,59,58,55,56,55,56,57,56,57,57,58,58,55,59,57,58,57,58,58,57,56,55,57,55,57,56,58,57,57,58,57,56,57,55,61,59,56,58,60,55,59,57,58,57,55,57,56,55,56,58,58,55,55,58,59,57,58,57,56,56,59,57,59,57,57,59,58,56,57,60,57,57,60,60,59,58,58,56,58,60,60,56,55,55,58,55,55,57,56,57,56,55,56,58,58,58,57,56,56,55,56,57,57,59,59,58,57,57,58,57,58,57,56,57,59,58,58,58,56,57,57,57,60,60,59,61,58,57,56,58,57,60,58,58,58,58,56,58,57,57,57,56,58,56,57,58,59,56,58,57,57,58,59,57,57,58,59,59,55,55,60,57,59,57,58,56,57,57,57,54,56,57,58,57,55,58,56,55,56,59,58,58,58,59,60,58,58,59,60,57,57,61,59,59,55,57,58,59,58,56,59,58,55,58,56,57,57,56,57,56,56,55,55,58,58,57,57,58,58,57,56,58,58,61,57,60,58,54,60,60,55,56,59,59,60,
59,57,56,56,59,57,58,59,60,58,61,56,57,57,56,56,60,57,57,57,59,60,56,57,57,57,56,56,57,59,60,59,58,56,59,59,57,58,58,58,60,57,57,58,58,55,57,57,58,58,55,59,58,58,61,59,59,61,56,61,59,60,59,59,58,59,59,56,56,59,57,56,56,56,58,58,56,60,61,58,57,57,59,59,58,58,59,57,57,56,61,57,59,57,60,59,57,57,59,57,60,56,60,58,57,56,58,56,60,59,59,60,56,57,58,59,57,56,58,58,58,57,58,57,58,59,59,59,57,58,58,58,59,58,59,59,58,59,58,60,57,58,59,57,60,57,58,59,57,58,57,57,60,57,60,59,56,58,57,57,57,57,59,59,56,57,58,56,59,59,58,59,58,60,60,61,58,57,57,56,59,57,60,56,57,57,58,59,56,57,58,56,58,57,59,57,56,57,57,59,60,57,60,56,58,57,55,57,58,58,61,60,61,57,60,59,59,58,58,59,58,60,56,58,56,57,58,59,58,58,57,58,56,58,57,59,60,55,59,57,59,59,58,56,55,61,59,56,56,55,56,55,56,60,58,61,
58,60,58,59,60,59,59,58,61,60,59,58,57,56,57,56,57,59,58,58,56,60,58,59,59,58,59,58,59,60,57,60,58,59,58,60,61,60,60,58,57,57,60,59,58,56,58,58,58,59,56,58,60,58,57,60,61,58,58,61,61,61,61,60,57,60,61,61,61,57,58,56,62,58,58,61,60,58,57,57,58,58,58,59,58,58,56,57,59,59,57,58,58,58,57,60,58,58,58,57,57,58,59,58,58,57,59,59,59,60,60,58,58,59,58,57,57,59,60,59,58,58,57,59,58,57,59,57,59,58,59,58,59,57,57,58,58,59,59,58,58,59,57,60,58,60,59,59,57,57,58,58,57,58,58,61,57,56,58,60,58,58,59,58,58,57,58,59,60,58,60,58,58,60,59,58,59,59,60,57,60,59,59,59,57,60,59,60,59,61,57,59,58,59,59,58,57,59,58,58,58,58,60,61,57,61,58,57,58,58,60,59,57,58,60,61,60,58,58,60,59,59,59,60,58,57,57,58,57,59,61,59,58,59,59,59,58,61,59,57,59,59,58,60,58,59,59,60,57,60,58,57,57,58,57,57,
59,58,60,59,57,60,58,59,60,61,60,57,60,58,59,59,61,60,59,61,58,57,58,63,59,59,59,59,59,58,58,61,59,58,58,60,61,61,58,59,58,57,61,60,59,58,59,58,61,59,60,57,60,59,58,60,58,62,58,58,60,61,61,61,60,58,61,61,58,61,57,59,59,59,60,61,58,57,61,61,59,57,59,58,58,59,57,57,60,59,58,59,60,61,59,58,57,59,60,58,57,60,61,60,60,58,58,58,59,60,60,58,59,58,58,61,59,60,60,60,60,59,58,59,58,60,60,58,60,60,60,59,59,59,59,59,61,58,58,61,59,60,59,59,59,60,60,60,57,58,58,60,58,58,57,62,57,59,59,60,60,58,60,59,59,57,60,59,58,60,59,61,58,59,60,59,60,59,59,61,61,59,61,58,60,60,60,60,60,59,61,58,61,59,58,58,59,58,60,58,59,59,58,61,60,59,61,60,60,61,59,59,58,57,60,59,61,58,59,59,61,59,60,60,60,59,60,61,60,59,58,61,59,58,60,60,59,59,58,61,60,58,61,61,59,58,61,58,63,59,60,57,60,60,57,58,
60,62,58,59,58,60,61,59,60,63,61,58,59,59,61,61,59,60,61,59,61,60,61,60,63,61,60,61,61,60,60,59,61,60,60,58,62,61,59,60,59,60,58,62,61,60,59,59,63,60,59,62,59,60,60,62,60,59,62,59,61,61,61,60,60,59,60,62,61,61,59,63,61,61,63,59,58,58,60,61,59,60,58,60,59,61,59,59,61,62,60,60,60,61,59,59,59,62,58,59,58,60,60,60,60,58,60,59,60,59,60,62,59,60,58,59,63,59,61,60,60,61,59,60,61,59,61,61,61,61,61,61,59,60,60,59,59,60,61,59,58,62,60,59,60,60,60,60,59,58,58,59,60,62,59,60,58,58,59,59,61,60,60,59,62,61,59,60,60,61,60,61,58,59,59,60,60,59,60,62,61,59,62,61,60,59,60,60,60,60,60,59,63,60,62,59,60,59,58,58,60,59,59,61,60,60,61,60,60,61,61,61,60,60,61,60,58,59,60,62,61,61,61,60,59,61,58,61,59,60,60,59,61,61,60,60,60,63,58,61,59,60,62,61,60,59,58,61,60,60,60,61,59,59,60,60,
60,61,60,59,61,61,61,62,59,62,61,60,61,60,60,61,61,61,60,63,60,60,63,59,61,63,61,60,61,61,61,61,61,60,60,59,60,60,61,60,59,60,60,59,60,62,61,60,62,62,63,59,60,61,60,61,62,59,61,62,62,61,61,61,60,61,61,60,60,62,61,60,61,61,61,61,59,60,62,60,60,60,62,60,61,62,59,61,62,60,62,62,60,60,62,59,61,62,63,59,60,61,61,60,60,59,59,62,61,61,61,62,61,61,61,60,62,60,60,62,61,61,60,60,60,63,61,59,61,61,62,60,62,60,59,60,60,60,59,62,61,60,59,62,60,61,60,61,60,59,59,63,61,59,61,61,62,59,61,61,62,61,61,60,60,60,60,61,63,61,60,63,61,59,60,61,61,59,59,60,62,61,60,62,63,61,60,60,61,60,61,60,60,61,62,62,60,59,61,59,60,60,61,62,60,60,60,61,62,60,62,61,61,60,60,61,59,59,61,61,60,60,62,61,61,62,61,61,60,60,62,60,62,60,59,60,62,60,61,61,60,59,61,61,61,62,60,59,59,59,61,62,61,59,61,60,
61,61,61,62,62,62,62,62,61,61,60,61,61,62,62,61,62,62,61,61,61,62,60,60,63,63,62,61,62,62,62,60,61,60,61,60,62,60,63,61,60,60,61,61,61,61,61,60,60,61,63,61,63,62,61,61,62,62,61,61,62,61,61,60,61,62,60,62,63,62,63,62,61,63,62,60,61,61,61,62,60,62,60,62,61,60,60,61,63,61,63,62,61,61,61,61,61,60,62,62,61,61,61,61,62,60,60,60,61,61,61,60,61,61,62,61,63,62,61,63,63,60,61,61,61,62,62,63,61,62,62,61,61,61,62,63,62,61,60,60,62,61,63,61,60,61,62,60,62,62,60,61,62,60,62,61,62,63,61,61,61,61,61,61,61,63,61,62,61,63,62,60,61,63,62,62,61,60,60,62,63,63,61,61,61,62,61,60,64,60,61,62,60,62,62,61,61,60,60,61,60,60,61,61,62,61,61,60,63,62,62,61,63,62,62,60,60,61,60,62,61,61,60,60,61,61,61,60,61,62,62,62,62,61,62,61,61,63,62,62,62,60,62,62,60,63,62,62,62,62,60,61,62,62,61,61,
62,62,63,61,63,63,62,62,63,63,62,61,62,63,63,61,62,61,62,62,62,62,62,62,62,63,62,61,62,63,63,62,61,64,62,61,63,62,61,62,62,62,61,62,63,63,62,63,62,62,63,61,61,64,62,63,62,63,64,61,62,61,61,62,61,62,63,62,62,62,63,61,62,63,62,61,61,61,62,61,61,61,61,63,63,61,62,63,62,61,63,62,62,63,62,63,62,61,64,62,62,64,62,61,62,61,62,63,62,62,62,62,61,62,61,63,61,61,62,63,62,61,62,62,62,62,61,61,62,63,61,62,61,63,62,63,64,61,62,61,62,63,62,61,62,63,62,61,62,62,62,61,62,61,62,61,61,63,62,61,61,62,62,61,62,63,62,61,63,61,62,61,62,62,64,62,62,61,61,61,61,61,62,61,61,61,61,61,61,63,61,62,61,61,61,61,61,62,62,64,63,61,61,62,62,63,62,61,61,61,63,62,62,63,62,61,62,62,62,63,61,62,63,62,61,63,61,61,61,63,62,61,62,61,63,61,62,61,62,62,64,63,62,61,62,63,62,61,62,63,61,61,62,62,62,61,
63,63,63,63,63,63,62,62,63,62,63,62,63,63,62,63,62,63,62,63,62,64,63,63,63,63,63,62,63,63,62,62,62,63,63,62,62,62,62,64,63,62,62,62,62,63,63,63,63,64,62,63,62,62,63,62,62,62,62,62,63,63,62,64,62,63,63,63,64,63,64,62,64,62,63,62,63,62,62,64,62,62,62,62,63,64,64,62,63,63,62,62,63,62,62,64,63,62,63,62,62,64,64,64,62,63,63,63,63,62,63,62,62,62,63,63,63,62,63,62,64,63,62,62,63,63,62,63,63,63,63,62,63,62,63,64,62,63,62,62,63,62,63,62,62,63,62,62,63,63,63,63,63,62,62,62,62,62,62,63,62,62,63,62,62,64,63,63,62,62,63,63,62,62,63,63,63,62,62,64,62,62,62,62,64,62,63,64,62,63,62,62,63,62,63,62,63,62,63,62,63,63,63,62,63,64,63,62,63,62,63,63,62,63,63,64,62,62,62,63,63,62,62,63,62,63,62,62,62,62,64,62,63,62,63,62,62,63,63,62,63,62,62,62,63,63,63,62,63,62,63,63,62,62,63,62,
63,63,63,64,63,64,64,63,63,63,63,63,64,63,63,63,64,64,64,63,63,63,63,64,64,64,64,63,64,63,63,63,63,63,64,63,64,63,63,63,64,64,64,63,63,63,63,63,64,63,63,63,64,63,64,64,63,64,63,63,63,63,63,63,63,63,63,64,63,63,63,63,64,63,63,63,63,64,63,63,63,63,63,63,64,63,63,63,63,64,63,63,64,63,64,63,64,63,63,64,64,64,63,63,64,63,63,63,63,63,63,64,63,63,64,64,63,64,63,63,64,63,64,63,63,63,63,63,64,63,64,64,64,63,64,64,63,63,63,64,64,64,63,63,63,63,64,64,63,64,63,63,63,64,63,63,63,63,63,63,63,64,64,63,64,64,63,63,63,63,63,64,63,64,63,64,64,63,63,63,64,63,63,63,63,63,63,64,63,63,63,64,63,63,63,63,64,63,63,63,64,63,63,64,63,63,63,63,63,63,63,64,63,63,63,64,64,63,63,63,64,63,63,63,63,63,63,64,63,64,64,63,64,63,63,64,63,64,64,63,64,63,63,63,63,63,63,64,63,64,63,63,63,63,63,63,
64,64,64,64,64,64,64,64,64,64,64,64,64,64,64,64,64,64,64,64,64,64,64,64,64,64,64,64,64,64,64,64,64,64,64,64,64,64,64,64,64,64,64,64,64,64,64,64,64,64,64,64,64,64,64,64,64,64,64,64,64,64,64,64,64,64,64,64,64,64,64,64,64,64,64,64,64,64,64,64,64,64,64,64,64,64,64,64,64,64,64,64,64,64,64,64,64,64,64,64,64,64,64,64,64,64,64,64,64,64,64,64,64,64,64,64,64,64,64,64,64,64,64,64,64,64,64,64,64,64,64,64,64,64,64,64,64,64,64,64,64,64,64,64,64,64,64,64,64,64,64,64,64,64,64,64,64,64,64,64,64,64,64,64,64,64,64,64,64,64,64,64,64,64,64,64,64,64,64,64,64,64,64,64,64,64,64,64,64,64,64,64,64,64,64,64,64,64,64,64,64,64,64,64,64,64,64,64,64,64,64,64,64,64,64,64,64,64,64,64,64,64,64,64,64,64,64,64,64,64,64,64,64,64,64,64,64,64,64,64,64,64,64,64,64,64,64,64,64,64,64,64,64,64,64,64,