[64, 256, 128]
0,0,0,0,0,0,0,0,0,0,0,0,0,0,0,0,0,0,0,0,0,0,0,0,0,0,0,0,0,0,0,0,0,0,0,0,0,0,0,0,0,0,0,0,0,0,0,0,0,0,0,0,0,0,0,0,0,0,0,0,0,0,0,0,0,0,0,0,0,0,0,0,0,0,0,0,0,0,0,0,0,0,0,0,0,0,0,0,0,0,0,0,0,0,0,0,0,0,0,0,0,0,0,0,0,0,0,0,0,0,0,0,0,0,0,0,0,0,0,0,0,0,0,0,0,0,0,0,0,0,0,0,0,0,0,0,0,0,0,0,0,0,0,0,0,0,0,0,0,0,0,0,0,0,0,0,0,0,0,0,0,0,0,0,0,0,0,0,0,0,0,0,0,0,0,0,0,0,0,0,0,0,0,0,0,0,0,0,0,0,0,0,0,0,0,0,0,0,0,0,0,0,0,0,0,0,0,0,0,0,0,0,0,0,0,0,0,0,0,0,0,0,0,0,0,0,0,0,0,0,0,0,0,0,0,0,0,0,0,0,0,0,0,0,0,0,0,0,0,0,0,0,0,0,0,0,
0,0,0,0,0,0,0,0,0,0,0,0,0,0,0,0,0,0,0,0,0,0,0,0,0,0,0,0,0,0,0,0,0,0,0,0,0,0,0,0,0,0,0,0,0,0,0,0,0,0,0,0,0,0,0,0,0,0,0,0,0,0,0,0,0,0,0,0,0,0,0,0,0,0,0,0,0,0,0,0,0,0,0,0,0,0,0,0,0,0,0,0,0,0,0,0,0,0,0,0,0,0,0,0,0,0,0,0,0,0,0,0,0,0,0,0,0,0,0,0,0,0,0,0,0,0,0,0,0,0,0,0,0,0,0,0,0,0,0,0,0,0,0,0,0,0,0,0,0,0,0,0,0,0,0,0,0,0,0,0,0,0,0,0,0,0,0,0,0,0,0,0,0,0,0,0,0,0,0,0,0,0,0,0,0,0,0,0,0,0,0,0,0,0,0,0,0,0,0,0,0,0,0,0,0,0,0,0,0,0,0,0,0,0,0,0,0,0,0,0,0,0,0,0,0,0,0,0,0,0,0,0,0,0,0,0,0,0,0,0,0,0,0,0,0,0,0,0,0,0,0,0,0,0,0,0,
0,0,0,0,0,0,0,0,0,0,0,0,0,0,0,0,0,0,0,0,0,0,0,0,0,0,0,0,0,0,0,0,0,0,0,0,0,0,0,0,0,0,0,0,0,0,0,0,0,0,0,0,0,0,0,0,0,0,0,0,0,0,0,0,0,0,0,0,0,0,0,0,0,0,0,0,0,0,0,0,0,0,0,0,0,0,0,0,0,0,0,0,0,0,0,0,0,0,0,0,0,0,0,0,0,0,0,0,0,0,0,0,0,0,0,0,0,0,0,0,0,0,0,0,0,0,0,0,0,0,0,0,0,0,0,0,0,0,0,0,0,0,0,0,0,0,0,0,0,0,0,0,0,0,0,0,0,0,0,0,0,0,0,0,0,0,0,0,0,0,0,0,0,0,0,0,0,0,0,0,0,0,0,0,0,0,0,0,0,0,0,0,0,0,0,0,0,0,0,0,0,0,0,0,0,0,0,0,0,0,0,0,0,0,0,0,0,0,0,0,0,0,0,0,0,0,0,0,0,0,0,0,0,0,0,0,0,0,0,0,0,0,0,0,0,0,0,0,0,0,0,0,0,0,0,0,
0,0,0,0,0,0,0,0,0,0,0,0,0,0,0,0,0,0,0,0,0,0,0,0,0,0,0,0,0,0,0,0,0,0,0,0,0,0,0,0,0,0,0,0,0,0,0,0,0,0,0,0,0,0,0,0,0,0,0,0,0,0,0,0,0,0,0,0,0,0,0,0,0,0,0,0,0,0,0,0,0,0,0,0,0,0,0,0,0,0,0,0,0,0,0,0,0,0,0,0,0,0,0,0,0,0,0,0,0,0,0,0,0,0,0,0,0,0,0,0,0,0,0,0,0,0,0,0,0,0,0,0,0,0,0,0,0,0,0,0,0,0,0,0,0,0,0,0,0,0,0,0,0,0,0,0,0,0,0,0,0,0,0,0,0,0,0,0,0,0,0,0,0,0,0,0,0,0,0,0,0,0,0,0,0,0,0,0,0,0,0,0,0,0,0,0,0,0,0,0,0,0,0,0,0,0,0,0,0,0,0,0,0,0,0,0,0,0,0,0,0,0,0,0,0,0,0,0,0,0,0,0,0,0,0,0,0,0,0,0,0,0,0,0,0,0,0,0,0,0,0,0,0,0,0,0,
0,0,0,0,0,0,0,0,0,0,0,0,0,0,0,0,0,0,0,0,0,0,0,0,0,0,0,0,0,0,0,0,0,0,0,0,0,0,0,0,0,0,0,0,0,0,0,0,0,0,0,0,0,0,0,0,0,0,0,0,0,0,0,0,0,0,0,0,0,0,0,0,0,0,0,0,0,0,0,0,0,0,0,0,0,0,0,0,0,0,0,0,0,0,0,0,0,0,0,0,0,0,0,0,0,0,0,0,0,0,0,0,0,0,0,0,0,0,0,0,0,0,0,0,0,0,0,0,0,0,0,0,0,0,0,0,0,0,0,0,0,0,0,0,0,0,0,0,0,0,0,0,0,0,0,0,0,0,0,0,0,0,0,0,0,0,0,0,0,0,0,0,0,0,0,0,0,0,0,0,0,0,0,0,0,0,0,0,0,0,0,0,0,0,0,0,0,0,0,0,0,0,0,0,0,0,0,0,0,0,0,0,0,0,0,0,0,0,0,0,0,0,0,0,0,0,0,0,0,0,0,0,0,0,0,0,0,0,0,0,0,0,0,0,0,0,0,0,0,0,0,0,0,0,0,0,
0,0,0,0,0,0,0,0,0,0,0,0,0,0,0,0,0,0,0,0,0,0,0,0,0,0,0,0,0,0,0,0,0,0,0,0,0,0,0,0,0,0,0,0,0,0,0,0,0,0,0,0,0,0,0,0,0,0,0,0,0,0,0,0,0,0,0,0,0,0,0,0,0,0,0,0,0,0,0,0,0,0,0,0,0,0,0,0,0,0,0,0,0,0,0,0,0,0,0,0,0,0,0,0,0,0,0,0,0,0,0,0,0,0,0,0,0,0,0,0,0,0,0,0,0,0,0,0,0,0,0,0,0,0,0,0,0,0,0,0,0,0,0,0,0,0,0,0,0,0,0,0,0,0,0,0,0,0,0,0,0,0,0,0,0,0,0,0,0,0,0,0,0,0,0,0,0,0,0,0,0,0,0,0,0,0,0,0,0,0,0,0,0,0,0,0,0,0,0,0,0,0,0,0,0,0,0,0,0,0,0,0,0,0,0,0,0,0,0,0,0,0,0,0,0,0,0,0,0,0,0,0,0,0,0,0,0,0,0,0,0,0,0,0,0,0,0,0,0,0,0,0,0,0,0,0,
0,0,0,0,0,0,0,0,0,0,0,0,0,0,0,0,0,0,0,0,0,0,0,0,0,0,0,0,0,0,0,0,0,0,0,0,0,0,0,0,0,0,0,0,0,0,0,0,0,0,0,0,0,0,0,0,0,0,0,0,0,0,0,0,0,0,0,0,0,0,0,0,0,0,0,0,0,0,0,0,0,0,0,0,0,0,0,0,0,0,0,0,0,0,0,0,0,0,0,0,0,0,0,0,0,0,0,0,0,0,0,0,0,0,0,0,0,0,0,0,0,0,0,0,0,0,0,0,0,0,0,0,0,0,0,0,0,0,0,0,0,0,0,0,0,0,0,0,0,0,0,0,0,0,0,0,0,0,0,0,0,0,0,0,0,0,0,0,0,0,0,0,0,0,0,0,0,0,0,0,0,0,0,0,0,0,0,0,0,0,0,0,0,0,0,0,0,0,0,0,0,0,0,0,0,0,0,0,0,0,0,0,0,0,0,0,0,0,0,0,0,0,0,0,0,0,0,0,0,0,0,0,0,0,0,0,0,0,0,0,0,0,0,0,0,0,0,0,0,0,0,0,0,0,0,0,
0,0,0,0,0,0,0,0,0,0,0,0,0,0,0,0,0,0,0,0,0,0,0,0,0,0,0,0,0,0,0,0,0,0,0,0,0,0,0,0,0,0,0,0,0,0,0,0,0,0,0,0,0,0,0,0,0,0,0,0,0,0,0,0,0,0,0,0,0,0,0,0,0,0,0,0,0,0,0,0,0,0,0,0,0,0,0,0,0,0,0,0,0,0,0,0,0,0,0,0,0,0,0,0,0,0,0,0,0,0,0,0,0,0,0,0,0,0,0,0,0,0,0,0,0,0,0,0,0,0,0,0,0,0,0,0,0,0,0,0,0,0,0,0,0,0,0,0,0,0,0,0,0,0,0,0,0,0,0,0,0,0,0,0,0,0,0,0,0,0,0,0,0,0,0,0,0,0,0,0,0,0,0,0,0,0,0,0,0,0,0,0,0,0,0,0,0,0,0,0,0,0,0,0,0,0,0,0,0,0,0,0,0,0,0,0,0,0,0,0,0,0,0,0,0,0,0,0,0,0,0,0,0,0,0,0,0,0,0,0,0,0,0,0,0,0,0,0,0,0,0,0,0,0,0,0,
0,0,0,0,0,0,0,0,0,0,0,0,0,0,0,0,0,0,0,0,0,0,0,0,0,0,0,0,0,0,0,0,0,0,0,0,0,0,0,0,0,0,0,0,0,0,0,0,0,0,0,0,0,0,0,0,0,0,0,0,0,0,0,0,0,0,0,0,0,0,0,0,0,0,0,0,0,0,0,0,0,0,0,0,0,0,0,0,0,0,0,0,0,0,0,0,0,0,0,0,0,0,0,0,0,0,0,0,0,0,0,0,0,0,0,0,0,0,0,0,0,0,0,0,0,0,0,0,0,0,0,0,0,0,0,0,0,0,0,0,0,0,0,0,0,0,0,0,0,0,0,0,0,0,0,0,0,0,0,0,0,0,0,0,0,0,0,0,0,0,0,0,0,0,0,0,0,0,0,0,0,0,0,0,0,0,0,0,0,0,0,0,0,0,0,0,0,0,0,0,0,0,0,0,0,0,0,0,0,0,0,0,0,0,0,0,0,0,0,0,0,0,0,0,0,0,0,0,0,0,0,0,0,0,0,0,0,0,0,0,0,0,0,0,0,0,0,0,0,0,0,0,0,0,0,0,
0,0,0,0,0,0,0,0,0,0,0,0,0,0,0,0,0,0,0,0,0,0,0,0,0,0,0,0,0,0,0,0,0,0,0,0,0,0,0,0,0,0,0,0,0,0,0,0,0,0,0,0,0,0,0,0,0,0,0,0,0,0,0,0,0,0,0,0,0,0,0,0,0,0,0,0,0,0,0,0,0,0,0,0,0,0,0,0,0,0,0,0,0,0,0,0,0,0,0,0,0,0,0,0,0,0,0,0,0,0,0,0,0,0,0,0,0,0,0,0,0,0,0,0,0,0,0,0,0,0,0,0,0,0,0,0,0,0,0,0,0,0,0,0,0,0,0,0,0,0,0,0,0,0,0,0,0,0,0,0,0,0,0,0,0,0,0,0,0,0,0,0,0,0,0,0,0,0,0,0,0,0,0,0,0,0,0,0,0,0,0,0,0,0,0,0,0,0,0,0,0,0,0,0,0,0,0,0,0,0,0,0,0,0,0,0,0,0,0,0,0,0,0,0,0,0,0,0,0,0,0,0,0,0,0,0,0,0,0,0,0,0,0,0,0,0,0,0,0,0,0,0,0,0,0,0,
0,0,0,0,0,0,0,0,0,0,0,0,0,0,0,0,0,0,0,0,0,0,0,0,0,0,0,0,0,0,0,0,0,0,0,0,0,0,0,0,0,0,0,0,0,0,0,0,0,0,0,0,0,0,0,0,0,0,0,0,0,0,0,0,0,0,0,0,0,0,0,0,0,0,0,0,0,0,0,0,0,0,0,0,0,0,0,0,0,0,0,0,0,0,0,0,0,0,0,0,0,0,0,0,0,0,0,0,0,0,0,0,0,0,0,0,0,0,0,0,0,0,0,0,0,0,0,0,0,0,0,0,0,0,0,0,0,0,0,0,0,0,0,0,0,0,0,0,0,0,0,0,0,0,0,0,0,0,0,0,0,0,0,0,0,0,0,0,0,0,0,0,0,0,0,0,0,0,0,0,0,0,0,0,0,0,0,0,0,0,0,0,0,0,0,0,0,0,0,0,0,0,0,0,0,0,0,0,0,0,0,0,0,0,0,0,0,0,0,0,0,0,0,0,0,0,0,0,0,0,0,0,0,0,0,0,0,0,0,0,0,0,0,0,0,0,0,0,0,0,0,0,0,0,0,0,
0,0,0,0,0,0,0,0,0,0,0,0,0,0,0,0,0,0,0,0,0,0,0,0,0,0,0,0,0,0,0,0,0,0,0,0,0,0,0,0,0,0,0,0,0,0,0,0,0,0,0,0,0,0,0,0,0,0,0,0,0,0,0,0,0,0,0,0,0,0,0,0,0,0,0,0,0,0,0,0,0,0,0,0,0,0,0,0,0,0,0,0,0,0,0,0,0,0,0,0,0,0,0,0,0,0,0,0,0,0,0,0,0,0,0,0,0,0,0,0,0,0,0,0,0,0,0,0,0,0,0,0,0,0,0,0,0,0,0,0,0,0,0,0,0,0,0,0,0,0,0,0,0,0,0,0,0,0,0,0,0,0,0,0,0,0,0,0,0,0,0,0,0,0,0,0,0,0,0,0,0,0,0,0,0,0,0,0,0,0,0,0,0,0,0,0,0,0,0,0,0,0,0,0,0,0,0,0,0,0,0,0,0,0,0,0,0,0,0,0,0,0,0,0,0,0,0,0,0,0,0,0,0,0,0,0,0,0,0,0,0,0,0,0,0,0,0,0,0,0,0,0,0,0,0,0,
0,0,0,0,0,0,0,0,0,0,0,0,0,0,0,0,0,0,0,0,0,0,0,0,0,0,0,0,0,0,0,0,0,0,0,0,0,0,0,0,0,0,0,0,0,0,0,0,0,0,0,0,0,0,0,0,0,0,0,0,0,0,0,0,0,0,0,0,0,0,0,0,0,0,0,0,0,0,0,0,0,0,0,0,0,0,0,0,0,0,0,0,0,0,0,0,0,0,0,0,0,0,0,0,0,0,0,0,0,0,0,0,0,0,0,0,0,0,0,0,0,0,0,0,0,0,0,0,0,0,0,0,0,0,0,0,0,0,0,0,0,0,0,0,0,0,0,0,0,0,0,0,0,0,0,0,0,0,0,0,0,0,0,0,0,0,0,0,0,0,0,0,0,0,0,0,0,0,0,0,0,0,0,0,0,0,0,0,0,0,0,0,0,0,0,0,0,0,0,0,0,0,0,0,0,0,0,0,0,0,0,0,0,0,0,0,0,0,0,0,0,0,0,0,0,0,0,0,0,0,0,0,0,0,0,0,0,0,0,0,0,0,0,0,0,0,0,0,0,0,0,0,0,0,0,0,
0,0,0,0,0,0,0,0,0,0,0,0,0,0,0,0,0,0,0,0,0,0,0,0,0,0,0,0,0,0,0,0,0,0,0,0,0,0,0,0,0,0,0,0,0,0,0,0,0,0,0,0,0,0,0,0,0,0,0,0,0,0,0,0,0,0,0,0,0,0,0,0,0,0,0,0,0,0,0,0,0,0,0,0,0,0,0,0,0,0,0,0,0,0,0,0,0,0,0,0,0,0,0,0,0,0,0,0,0,0,0,0,0,0,0,0,0,0,0,0,0,0,0,0,0,0,0,0,0,0,0,0,0,0,0,0,0,0,0,0,0,0,0,0,0,0,0,0,0,0,0,0,0,0,0,0,0,0,0,0,0,0,0,0,0,0,0,0,0,0,0,0,0,0,0,0,0,0,0,0,0,0,0,0,0,0,0,0,0,0,0,0,0,0,0,0,0,0,0,0,0,0,0,0,0,0,0,0,0,0,0,0,0,0,0,0,0,0,0,0,0,0,0,0,0,0,0,0,0,0,0,0,0,0,0,0,0,0,0,0,0,0,0,0,0,0,0,0,0,0,0,0,0,0,0,0,
0,0,0,0,0,0,0,0,0,0,0,0,0,0,0,0,0,0,0,0,0,0,0,0,0,0,0,0,0,0,0,0,0,0,0,0,0,0,0,0,0,0,0,0,0,0,0,0,0,0,0,0,0,0,0,0,0,0,0,0,0,0,0,0,0,0,0,0,0,0,0,0,0,0,0,0,0,0,0,0,0,0,0,0,0,0,0,0,0,0,0,0,0,0,0,0,0,0,0,0,0,0,0,0,0,0,0,0,0,0,0,0,0,0,0,0,0,0,0,0,0,0,0,0,0,0,0,0,0,0,0,0,0,0,0,0,0,0,0,0,0,0,0,0,0,0,0,0,0,0,0,0,0,0,0,0,0,0,0,0,0,0,0,0,0,0,0,0,0,0,0,0,0,0,0,0,0,0,0,0,0,0,0,0,0,0,0,0,0,0,0,0,0,0,0,0,0,0,0,0,0,0,0,0,0,0,0,0,0,0,0,0,0,0,0,0,0,0,0,0,0,0,0,0,0,0,0,0,0,0,0,0,0,0,0,0,0,0,0,0,0,0,0,0,0,0,0,0,0,0,0,0,0,0,0,0,
0,0,0,0,0,0,0,0,0,0,0,0,0,0,0,0,0,0,0,0,0,0,0,0,0,0,0,0,0,0,0,0,0,0,0,0,0,0,0,0,0,0,0,0,0,0,0,0,0,0,0,0,0,0,0,0,0,0,0,0,0,0,0,0,0,0,0,0,0,0,0,0,0,0,0,0,0,0,0,0,0,0,0,0,0,0,0,0,0,0,0,0,0,0,0,0,0,0,0,0,0,0,0,0,0,0,0,0,0,0,0,0,0,0,0,0,0,0,0,0,0,0,0,0,0,0,0,0,0,0,0,0,0,0,0,0,0,0,0,0,0,0,0,0,0,0,0,0,0,0,0,0,0,0,0,0,0,0,0,0,0,0,0,0,0,0,0,0,0,0,0,0,0,0,0,0,0,0,0,0,0,0,0,0,0,0,0,0,0,0,0,0,0,0,0,0,0,0,0,0,0,0,0,0,0,0,0,0,0,0,0,0,0,0,0,0,0,0,0,0,0,0,0,0,0,0,0,0,0,0,0,0,0,0,0,0,0,0,0,0,0,0,0,0,0,0,0,0,0,0,0,0,0,0,0,0,
0,0,0,0,0,0,0,0,0,0,0,0,0,0,0,0,0,0,0,0,0,0,0,0,0,0,0,0,0,0,0,0,0,0,0,0,0,0,0,0,0,0,0,0,0,0,0,0,0,0,0,0,0,0,0,0,0,0,0,0,0,0,0,0,0,0,0,0,0,0,0,0,0,0,0,0,0,0,0,0,0,0,0,0,0,0,0,0,0,0,0,0,0,0,0,0,0,0,0,0,0,0,0,0,0,0,0,0,0,0,0,0,0,0,0,0,0,0,0,0,0,0,0,0,0,0,0,0,0,0,0,0,0,0,0,0,0,0,0,0,0,0,0,0,0,0,0,0,0,0,0,0,0,0,0,0,0,0,0,0,0,0,0,0,0,0,0,0,0,0,0,0,0,0,0,0,0,0,0,0,0,0,0,0,0,0,0,0,0,0,0,0,0,0,0,0,0,0,0,0,0,0,0,0,0,0,0,0,0,0,0,0,0,0,0,0,0,0,0,0,0,0,0,0,0,0,0,0,0,0,0,0,0,0,0,0,0,0,0,0,0,0,0,0,0,0,0,0,0,0,0,0,0,0,0,0,
0,0,0,0,0,0,0,0,0,0,0,0,0,0,0,0,0,0,0,0,0,0,0,0,0,0,0,0,0,0,0,0,0,0,0,0,0,0,0,0,0,0,0,0,0,0,0,0,0,0,0,0,0,0,0,0,0,0,0,0,0,0,0,0,0,0,0,0,0,0,0,0,0,0,0,0,0,0,0,0,0,0,0,0,0,0,0,0,0,0,0,0,0,0,0,0,0,0,0,0,0,0,0,0,0,0,0,0,0,0,0,0,0,0,0,0,0,0,0,0,0,0,0,0,0,0,0,0,0,0,0,0,0,0,0,0,0,0,0,0,0,0,0,0,0,0,0,0,0,0,0,0,0,0,0,0,0,0,0,0,0,0,0,0,0,0,0,0,0,0,0,0,0,0,0,0,0,0,0,0,0,0,0,0,0,0,0,0,0,0,0,0,0,0,0,0,0,0,0,0,0,0,0,0,0,0,0,0,0,0,0,0,0,0,0,0,0,0,0,0,0,0,0,0,0,0,0,0,0,0,0,0,0,0,0,0,0,0,0,0,0,0,0,0,0,0,0,0,0,0,0,0,0,0,0,0,
0,0,0,0,0,0,0,0,0,0,0,0,0,0,0,0,0,0,0,0,0,0,0,0,0,0,0,0,0,0,0,0,0,0,0,0,0,0,0,0,0,0,0,0,0,0,0,0,0,0,0,0,0,0,0,0,0,0,0,0,0,0,0,0,0,0,0,0,0,0,0,0,0,0,0,0,0,0,0,0,0,0,0,0,0,0,0,0,0,0,0,0,0,0,0,0,0,0,0,0,0,0,0,0,0,0,0,0,0,0,0,0,0,0,0,0,0,0,0,0,0,0,0,0,0,0,0,0,0,0,0,0,0,0,0,0,0,0,0,0,0,0,0,0,0,0,0,0,0,0,0,0,0,0,0,0,0,0,0,0,0,0,0,0,0,0,0,0,0,0,0,0,0,0,0,0,0,0,0,0,0,0,0,0,0,0,0,0,0,0,0,0,0,0,0,0,0,0,0,0,0,0,0,0,0,0,0,0,0,0,0,0,0,0,0,0,0,0,0,0,0,0,0,0,0,0,0,0,0,0,0,0,0,0,0,0,0,0,0,0,0,0,0,0,0,0,0,0,0,0,0,0,0,0,0,0,
0,0,0,0,0,0,0,0,0,0,0,0,0,0,0,0,0,0,0,0,0,0,0,0,0,0,0,0,0,0,0,0,0,0,0,0,0,0,0,0,0,0,0,0,0,0,0,0,0,0,0,0,0,0,0,0,0,0,0,0,0,0,0,0,0,0,0,0,0,0,0,0,0,0,0,0,0,0,0,0,0,0,0,0,0,0,0,0,0,0,0,0,0,0,0,0,0,0,0,0,0,0,0,0,0,0,0,0,0,0,0,0,0,0,0,0,0,0,0,0,0,0,0,0,0,0,0,0,0,0,0,0,0,0,0,0,0,0,0,0,0,0,0,0,0,0,0,0,0,0,0,0,0,0,0,0,0,0,0,0,0,0,0,0,0,0,0,0,0,0,0,0,0,0,0,0,0,0,0,0,0,0,0,0,0,0,0,0,0,0,0,0,0,0,0,0,0,0,0,0,0,0,0,0,0,0,0,0,0,0,0,0,0,0,0,0,0,0,0,0,0,0,0,0,0,0,0,0,0,0,0,0,0,0,0,0,0,0,0,0,0,0,0,0,0,0,0,0,0,0,0,0,0,0,0,0,
0,0,0,0,0,0,0,0,0,0,0,0,0,0,0,0,0,0,0,0,0,0,0,0,0,0,0,0,0,0,0,0,0,0,0,0,0,0,0,0,0,0,0,0,0,0,0,0,0,0,0,0,0,0,0,0,0,0,0,0,0,0,0,0,0,0,0,0,0,0,0,0,0,0,0,0,0,0,0,0,0,0,0,0,0,0,0,0,0,0,0,0,0,0,0,0,0,0,0,0,0,0,0,0,0,0,0,0,0,0,0,0,0,0,0,0,0,0,0,0,0,0,0,0,0,0,0,0,0,0,0,0,0,0,0,0,0,0,0,0,0,0,0,0,0,0,0,0,0,0,0,0,0,0,0,0,0,0,0,0,0,0,0,0,0,0,0,0,0,0,0,0,0,0,0,0,0,0,0,0,0,0,0,0,0,0,0,0,0,0,0,0,0,0,0,0,0,0,0,0,0,0,0,0,0,0,0,0,0,0,0,0,0,0,0,0,0,0,0,0,0,0,0,0,0,0,0,0,0,0,0,0,0,0,0,0,0,0,0,0,0,0,0,0,0,0,0,0,0,0,0,0,0,0,0,0,
0,0,0,0,0,0,0,0,0,0,0,0,0,0,0,0,0,0,0,0,0,0,0,0,0,0,0,0,0,0,0,0,0,0,0,0,0,0,0,0,0,0,0,0,0,0,0,0,0,0,0,0,0,0,0,0,0,0,0,0,0,0,0,0,0,0,0,0,0,0,0,0,0,0,0,0,0,0,0,0,0,0,0,0,0,0,0,0,0,0,0,0,0,0,0,0,0,0,0,0,0,0,0,0,0,0,0,0,0,0,0,0,0,0,0,0,0,0,0,0,0,0,0,0,0,0,0,0,0,0,0,0,0,0,0,0,0,0,0,0,0,0,0,0,0,0,0,0,0,0,0,0,0,0,0,0,0,0,0,0,0,0,0,0,0,0,0,0,0,0,0,0,0,0,0,0,0,0,0,0,0,0,0,0,0,0,0,0,0,0,0,0,0,0,0,0,0,0,0,0,0,0,0,0,0,0,0,0,0,0,0,0,0,0,0,0,0,0,0,0,0,0,0,0,0,0,0,0,0,0,0,0,0,0,0,0,0,0,0,0,0,0,0,0,0,0,0,0,0,0,0,0,0,0,0,0,
0,0,0,0,0,0,0,0,0,0,0,0,0,0,0,0,0,0,0,0,0,0,0,0,0,0,0,0,0,0,0,0,0,0,0,0,0,0,0,0,0,0,0,0,0,0,0,0,0,0,0,0,0,0,0,0,0,0,0,0,0,0,0,0,0,0,0,0,0,0,0,0,0,0,0,0,0,0,0,0,0,0,0,0,0,0,0,0,0,0,0,0,0,0,0,0,0,0,0,0,0,0,0,0,0,0,0,0,0,0,0,0,0,0,0,0,0,0,0,0,0,0,0,0,0,0,0,0,0,0,0,0,0,0,0,0,0,0,0,0,0,0,0,0,0,0,0,0,0,0,0,0,0,0,0,0,0,0,0,0,0,0,0,0,0,0,0,0,0,0,0,0,0,0,0,0,0,0,0,0,0,0,0,0,0,0,0,0,0,0,0,0,0,0,0,0,0,0,0,0,0,0,0,0,0,0,0,0,0,0,0,0,0,0,0,0,0,0,0,0,0,0,0,0,0,0,0,0,0,0,0,0,0,0,0,0,0,0,0,0,0,0,0,0,0,0,0,0,0,0,0,0,0,0,0,0,
0,0,0,0,0,0,0,0,0,0,0,0,0,0,0,0,0,0,0,0,0,0,0,0,0,0,0,0,0,0,0,0,0,0,0,0,0,0,0,0,0,0,0,0,0,0,0,0,0,0,0,0,0,0,0,0,0,0,0,0,0,0,0,0,0,0,0,0,0,0,0,0,0,0,0,0,0,0,0,0,0,0,0,0,0,0,0,0,0,0,0,0,0,0,0,0,0,0,0,0,0,0,0,0,0,0,0,0,0,0,0,0,0,0,0,0,0,0,0,0,0,0,0,0,0,0,0,0,0,0,0,0,0,0,0,0,0,0,0,0,0,0,0,0,0,0,0,0,0,0,0,0,0,0,0,0,0,0,0,0,0,0,0,0,0,0,0,0,0,0,0,0,0,0,0,0,0,0,0,0,0,0,0,0,0,0,0,0,0,0,0,0,0,0,0,0,0,0,0,0,0,0,0,0,0,0,0,0,0,0,0,0,0,0,0,0,0,0,0,0,0,0,0,0,0,0,0,0,0,0,0,0,0,0,0,0,0,0,0,0,0,0,0,0,0,0,0,0,0,0,0,0,0,0,0,0,
0,0,0,0,0,0,0,0,0,0,0,0,0,0,0,0,0,0,0,0,0,0,0,0,0,0,0,0,0,0,0,0,0,0,0,0,0,0,0,0,0,0,0,0,0,0,0,0,0,0,0,0,0,0,0,0,0,0,0,0,0,0,0,0,0,0,0,0,0,0,0,0,0,0,0,0,0,0,0,0,0,0,0,0,0,0,0,0,0,0,0,0,0,0,0,0,0,0,0,0,0,0,0,0,0,0,0,0,0,0,0,0,0,0,0,0,0,0,0,0,0,0,0,0,0,0,0,0,0,0,0,0,0,0,0,0,0,0,0,0,0,0,0,0,0,0,0,0,0,0,0,0,0,0,0,0,0,0,0,0,0,0,0,0,0,0,0,0,0,0,0,0,0,0,0,0,0,0,0,0,0,0,0,0,0,0,0,0,0,0,0,0,0,0,0,0,0,0,0,0,0,0,0,0,0,0,0,0,0,0,0,0,0,0,0,0,0,0,0,0,0,0,0,0,0,0,0,0,0,0,0,0,0,0,0,0,0,0,0,0,0,0,0,0,0,0,0,0,0,0,0,0,0,0,0,0,
0,0,0,0,0,0,0,0,0,0,0,0,0,0,0,0,0,0,0,0,0,0,0,0,0,0,0,0,0,0,0,0,0,0,0,0,0,0,0,0,0,0,0,0,0,0,0,0,0,0,0,0,0,0,0,0,0,0,0,0,0,0,0,0,0,0,0,0,0,0,0,0,0,0,0,0,0,0,0,0,0,0,0,0,0,0,0,0,0,0,0,0,0,0,0,0,0,0,0,0,0,0,0,0,0,0,0,0,0,0,0,0,0,0,0,0,0,0,0,0,0,0,0,0,0,0,0,0,0,0,0,0,0,0,0,0,0,0,0,0,0,0,0,0,0,0,0,0,0,0,0,0,0,0,0,0,0,0,0,0,0,0,0,0,0,0,0,0,0,0,0,0,0,0,0,0,0,0,0,0,0,0,0,0,0,0,0,0,0,0,0,0,0,0,0,0,0,0,0,0,0,0,0,0,0,0,0,0,0,0,0,0,0,0,0,0,0,0,0,0,0,0,0,0,0,0,0,0,0,0,0,0,0,0,0,0,0,0,0,0,0,0,0,0,0,0,0,0,0,0,0,0,0,0,0,0,
0,0,0,0,0,0,0,0,0,0,0,0,0,0,0,0,0,0,0,0,0,0,0,0,0,0,0,0,0,0,0,0,0,0,0,0,0,0,0,0,0,0,0,0,0,0,0,0,0,0,0,0,0,0,0,0,0,0,0,0,0,0,0,0,0,0,0,0,0,0,0,0,0,0,0,0,0,0,0,0,0,0,0,0,0,0,0,0,0,0,0,0,0,0,0,0,0,0,0,0,0,0,0,0,0,0,0,0,0,0,0,0,0,0,0,0,0,0,0,0,0,0,0,0,0,0,0,0,0,0,0,0,0,0,0,0,0,0,0,0,0,0,0,0,0,0,0,0,0,0,0,0,0,0,0,0,0,0,0,0,0,0,0,0,0,0,0,0,0,0,0,0,0,0,0,0,0,0,0,0,0,0,0,0,0,0,0,0,0,0,0,0,0,0,0,0,0,0,0,0,0,0,0,0,0,0,0,0,0,0,0,0,0,0,0,0,0,0,0,0,0,0,0,0,0,0,0,0,0,0,0,0,0,0,0,0,0,0,0,0,0,0,0,0,0,0,0,0,0,0,0,0,0,0,0,0,
0,0,0,0,0,0,0,0,0,0,0,0,0,0,0,0,0,0,0,0,0,0,0,0,0,0,0,0,0,0,0,0,0,0,0,0,0,0,0,0,0,0,0,0,0,0,0,0,0,0,0,0,0,0,0,0,0,0,0,0,0,0,0,0,0,0,0,0,0,0,0,0,0,0,0,0,0,0,0,0,0,0,0,0,0,0,0,0,0,0,0,0,0,0,0,0,0,0,0,0,0,0,0,0,0,0,0,0,0,0,0,0,0,0,0,0,0,0,0,0,0,0,0,0,0,0,0,0,0,0,0,0,0,0,0,0,0,0,0,0,0,0,0,0,0,0,0,0,0,0,0,0,0,0,0,0,0,0,0,0,0,0,0,0,0,0,0,0,0,0,0,0,0,0,0,0,0,0,0,0,0,0,0,0,0,0,0,0,0,0,0,0,0,0,0,0,0,0,0,0,0,0,0,0,0,0,0,0,0,0,0,0,0,0,0,0,0,0,0,0,0,0,0,0,0,0,0,0,0,0,0,0,0,0,0,0,0,0,0,0,0,0,0,0,0,0,0,0,0,0,0,0,0,0,0,0,
0,0,0,0,0,0,0,0,0,0,0,0,0,0,0,0,0,0,0,0,0,0,0,0,0,0,0,0,0,0,0,0,0,0,0,0,0,0,0,0,0,0,0,0,0,0,0,0,0,0,0,0,0,0,0,0,0,0,0,0,0,0,0,0,0,0,0,0,0,0,0,0,0,0,0,0,0,0,0,0,0,0,0,0,0,0,0,0,0,0,0,0,0,0,0,0,0,0,0,0,0,0,0,0,0,0,0,0,0,0,0,0,0,0,0,0,0,0,0,0,0,0,0,0,0,0,0,0,0,0,0,0,0,0,0,0,0,0,0,0,0,0,0,0,0,0,0,0,0,0,0,0,0,0,0,0,0,0,0,0,0,0,0,0,0,0,0,0,0,0,0,0,0,0,0,0,0,0,0,0,0,0,0,0,0,0,0,0,0,0,0,0,0,0,0,0,0,0,0,0,0,0,0,0,0,0,0,0,0,0,0,0,0,0,0,0,0,0,0,0,0,0,0,0,0,0,0,0,0,0,0,0,0,0,0,0,0,0,0,0,0,0,0,0,0,0,0,0,0,0,0,0,0,0,0,0,
0,0,0,0,0,0,0,0,0,0,0,0,0,0,0,0,0,0,0,0,0,0,0,0,0,0,0,0,0,0,0,0,0,0,0,0,0,0,0,0,0,0,0,0,0,0,0,0,0,0,0,0,0,0,0,0,0,0,0,0,0,0,0,0,0,0,0,0,0,0,0,0,0,0,0,0,0,0,0,0,0,0,0,0,0,0,0,0,0,0,0,0,0,0,0,0,0,0,0,0,0,0,0,0,0,0,0,0,0,0,0,0,0,0,0,0,0,0,0,0,0,0,0,0,0,0,0,0,0,0,0,0,0,0,0,0,0,0,0,0,0,0,0,0,0,0,0,0,0,0,0,0,0,0,0,0,0,0,0,0,0,0,0,0,0,0,0,0,0,0,0,0,0,0,0,0,0,0,0,0,0,0,0,0,0,0,0,0,0,0,0,0,0,0,0,0,0,0,0,0,0,0,0,0,0,0,0,0,0,0,0,0,0,0,0,0,0,0,0,0,0,0,0,0,0,0,0,0,0,0,0,0,0,0,0,0,0,0,0,0,0,0,0,0,0,0,0,0,0,0,0,0,0,0,0,0,
0,0,0,0,0,0,0,0,0,0,0,0,0,0,0,0,0,0,0,0,0,0,0,0,0,0,0,0,0,0,0,0,0,0,0,0,0,0,0,0,0,0,0,0,0,0,0,0,0,0,0,0,0,0,0,0,0,0,0,0,0,0,0,0,0,0,0,0,0,0,0,0,0,0,0,0,0,0,0,0,0,0,0,0,0,0,0,0,0,0,0,0,0,0,0,0,0,0,0,0,0,0,0,0,0,0,0,0,0,0,0,0,0,0,0,0,0,0,0,0,0,0,0,0,0,0,0,0,0,0,0,0,0,0,0,0,0,0,0,0,0,0,0,0,0,0,0,0,0,0,0,0,0,0,0,0,0,0,0,0,0,0,0,0,0,0,0,0,0,0,0,0,0,0,0,0,0,0,0,0,0,0,0,0,0,0,0,0,0,0,0,0,0,0,0,0,0,0,0,0,0,0,0,0,0,0,0,0,0,0,0,0,0,0,0,0,0,0,0,0,0,0,0,0,0,0,0,0,0,0,0,0,0,0,0,0,0,0,0,0,0,0,0,0,0,0,0,0,0,0,0,0,0,0,0,0,
0,0,0,0,0,0,0,0,0,0,0,0,0,0,0,0,0,0,0,0,0,0,0,0,0,0,0,0,0,0,0,0,0,0,0,0,0,0,0,0,0,0,0,0,0,0,0,0,0,0,0,0,0,0,0,0,0,0,0,0,0,0,0,0,0,0,0,0,0,0,0,0,0,0,0,0,0,0,0,0,0,0,0,0,0,0,0,0,0,0,0,0,0,0,0,0,0,0,0,0,0,0,0,0,0,0,0,0,0,0,0,0,0,0,0,0,0,0,0,0,0,0,0,0,0,0,0,0,0,0,0,0,0,0,0,0,0,0,0,0,0,0,0,0,0,0,0,0,0,0,0,0,0,0,0,0,0,0,0,0,0,0,0,0,0,0,0,0,0,0,0,0,0,0,0,0,0,0,0,0,0,0,0,0,0,0,0,0,0,0,0,0,0,0,0,0,0,0,0,0,0,0,0,0,0,0,0,0,0,0,0,0,0,0,0,0,0,0,0,0,0,0,0,0,0,0,0,0,0,0,0,0,0,0,0,0,0,0,0,0,0,0,0,0,0,0,0,0,0,0,0,0,0,0,0,0,
0,0,0,0,0,0,0,0,0,0,0,0,0,0,0,0,0,0,0,0,0,0,0,0,0,0,0,0,0,0,0,0,0,0,0,0,0,0,0,0,0,0,0,0,0,0,0,0,0,0,0,0,0,0,0,0,0,0,0,0,0,0,0,0,0,0,0,0,0,0,0,0,0,0,0,0,0,0,0,0,0,0,0,0,0,0,0,0,0,0,0,0,0,0,0,0,0,0,0,0,0,0,0,0,0,0,0,0,0,0,0,0,0,0,0,0,0,0,0,0,0,0,0,0,0,0,0,0,0,0,0,0,0,0,0,0,0,0,0,0,0,0,0,0,0,0,0,0,0,0,0,0,0,0,0,0,0,0,0,0,0,0,0,0,0,0,0,0,0,0,0,0,0,0,0,0,0,0,0,0,0,0,0,0,0,0,0,0,0,0,0,0,0,0,0,0,0,0,0,0,0,0,0,0,0,0,0,0,0,0,0,0,0,0,0,0,0,0,0,0,0,0,0,0,0,0,0,0,0,0,0,0,0,0,0,0,0,0,0,0,0,0,0,0,0,0,0,0,0,0,0,0,0,0,0,0,
0,0,0,0,0,0,0,0,0,0,0,0,0,0,0,0,0,0,0,0,0,0,0,0,0,0,0,0,0,0,0,0,0,0,0,0,0,0,0,0,0,0,0,0,0,0,0,0,0,0,0,0,0,0,0,0,0,0,0,0,0,0,0,0,0,0,0,0,0,0,0,0,0,0,0,0,0,0,0,0,0,0,0,0,0,0,0,0,0,0,0,0,0,0,0,0,0,0,0,0,0,0,0,0,0,0,0,0,0,0,0,0,0,0,0,0,0,0,0,0,0,0,0,0,0,0,0,0,0,0,0,0,0,0,0,0,0,0,0,0,0,0,0,0,0,0,0,0,0,0,0,0,0,0,0,0,0,0,0,0,0,0,0,0,0,0,0,0,0,0,0,0,0,0,0,0,0,0,0,0,0,0,0,0,0,0,0,0,0,0,0,0,0,0,0,0,0,0,0,0,0,0,0,0,0,0,0,0,0,0,0,0,0,0,0,0,0,0,0,0,0,0,0,0,0,0,0,0,0,0,0,0,0,0,0,0,0,0,0,0,0,0,0,0,0,0,0,0,0,0,0,0,0,0,0,0,
0,0,0,0,0,0,0,0,0,0,0,0,0,0,0,0,0,0,0,0,0,0,0,0,0,0,0,0,0,0,0,0,0,0,0,0,0,0,0,0,0,0,0,0,0,0,0,0,0,0,0,0,0,0,0,0,0,0,0,0,0,0,0,0,0,0,0,0,0,0,0,0,0,0,0,0,0,0,0,0,0,0,0,0,0,0,0,0,0,0,0,0,0,0,0,0,0,0,0,0,0,0,0,0,0,0,0,0,0,0,0,0,0,0,0,0,0,0,0,0,0,0,0,0,0,0,0,0,0,0,0,0,0,0,0,0,0,0,0,0,0,0,0,0,0,0,0,0,0,0,0,0,0,0,0,0,0,0,0,0,0,0,0,0,0,0,0,0,0,0,0,0,0,0,0,0,0,0,0,0,0,0,0,0,0,0,0,0,0,0,0,0,0,0,0,0,0,0,0,0,0,0,0,0,0,0,0,0,0,0,0,0,0,0,0,0,0,0,0,0,0,0,0,0,0,0,0,0,0,0,0,0,0,0,0,0,0,0,0,0,0,0,0,0,0,0,0,0,0,0,0,0,0,0,0,0,
0,0,0,0,0,0,0,0,0,0,0,0,0,0,0,0,0,0,0,0,0,0,0,0,0,0,0,0,0,0,0,0,0,0,0,0,0,0,0,0,0,0,0,0,0,0,0,0,0,0,0,0,0,0,0,0,0,0,0,0,0,0,0,0,0,0,0,0,0,0,0,0,0,0,0,0,0,0,0,0,0,0,0,0,0,0,0,0,0,0,0,0,0,0,0,0,0,0,0,0,0,0,0,0,0,0,0,0,0,0,0,0,0,0,0,0,0,0,0,0,0,0,0,0,0,0,0,0,0,0,0,0,0,0,0,0,0,0,0,0,0,0,0,0,0,0,0,0,0,0,0,0,0,0,0,0,0,0,0,0,0,0,0,0,0,0,0,0,0,0,0,0,0,0,0,0,0,0,0,0,0,0,0,0,0,0,0,0,0,0,0,0,0,0,0,0,0,0,0,0,0,0,0,0,0,0,0,0,0,0,0,0,0,0,0,0,0,0,0,0,0,0,0,0,0,0,0,0,0,0,0,0,0,0,0,0,0,0,0,0,0,0,0,0,0,0,0,0,0,0,0,0,0,0,0,0,
0,0,0,0,0,0,0,0,0,0,0,0,0,0,0,0,0,0,0,0,0,0,0,0,0,0,0,0,0,0,0,0,0,0,0,0,0,0,0,0,0,0,0,0,0,0,0,0,0,0,0,0,0,0,0,0,0,0,0,0,0,0,0,0,0,0,0,0,0,0,0,0,0,0,0,0,0,0,0,0,0,0,0,0,0,0,0,0,0,0,0,0,0,0,0,0,0,0,0,0,0,0,0,0,0,0,0,0,0,0,0,0,0,0,0,0,0,0,0,0,0,0,0,0,0,0,0,0,0,0,0,0,0,0,0,0,0,0,0,0,0,0,0,0,0,0,0,0,0,0,0,0,0,0,0,0,0,0,0,0,0,0,0,0,0,0,0,0,0,0,0,0,0,0,0,0,0,0,0,0,0,0,0,0,0,0,0,0,0,0,0,0,0,0,0,0,0,0,0,0,0,0,0,0,0,0,0,0,0,0,0,0,0,0,0,0,0,0,0,0,0,0,0,0,0,0,0,0,0,0,0,0,0,0,0,0,0,0,0,0,0,0,0,0,0,0,0,0,0,0,0,0,0,0,0,0,
0,0,0,0,0,0,0,0,0,0,0,0,0,0,0,0,0,0,0,0,0,0,0,0,0,0,0,0,0,0,0,0,0,0,0,0,0,0,0,0,0,0,0,0,0,0,0,0,0,0,0,0,0,0,0,0,0,0,0,0,0,0,0,0,0,0,0,0,0,0,0,0,0,0,0,0,0,0,0,0,0,0,0,0,0,0,0,0,0,0,0,0,0,0,0,0,0,0,0,0,0,0,0,0,0,0,0,0,0,0,0,0,0,0,0,0,0,0,0,0,0,0,0,0,0,0,0,0,0,0,0,0,0,0,0,0,0,0,0,0,0,0,0,0,0,0,0,0,0,0,0,0,0,0,0,0,0,0,0,0,0,0,0,0,0,0,0,0,0,0,0,0,0,0,0,0,0,0,0,0,0,0,0,0,0,0,0,0,0,0,0,0,0,0,0,0,0,0,0,0,0,0,0,0,0,0,0,0,0,0,0,0,0,0,0,0,0,0,0,0,0,0,0,0,0,0,0,0,0,0,0,0,0,0,0,0,0,0,0,0,0,0,0,0,0,0,0,0,0,0,0,0,0,0,0,0,
0,0,0,0,0,0,0,0,0,0,0,0,0,0,0,0,0,0,0,0,0,0,0,0,0,0,0,0,0,0,0,0,0,0,0,0,0,0,0,0,0,0,0,0,0,0,0,0,0,0,0,0,0,0,0,0,0,0,0,0,0,0,0,0,0,0,0,0,0,0,0,0,0,0,0,0,0,0,0,0,0,0,0,0,0,0,0,0,0,0,0,0,0,0,0,0,0,0,0,0,0,0,0,0,0,0,0,0,0,0,0,0,0,0,0,0,0,0,0,0,0,0,0,0,0,0,0,0,0,0,0,0,0,0,0,0,0,0,0,0,0,0,0,0,0,0,0,0,0,0,0,0,0,0,0,0,0,0,0,0,0,0,0,0,0,0,0,0,0,0,0,0,0,0,0,0,0,0,0,0,0,0,0,0,0,0,0,0,0,0,0,0,0,0,0,0,0,0,0,0,0,0,0,0,0,0,0,0,0,0,0,0,0,0,0,0,0,0,0,0,0,0,0,0,0,0,0,0,0,0,0,0,0,0,0,0,0,0,0,0,0,0,0,0,0,0,0,0,0,0,0,0,0,0,0,0,
0,0,0,0,0,0,0,0,0,0,0,0,0,0,0,0,0,0,0,0,0,0,0,0,0,0,0,0,0,0,0,0,0,0,0,0,0,0,0,0,0,0,0,0,0,0,0,0,0,0,0,0,0,0,0,0,0,0,0,0,0,0,0,0,0,0,0,0,0,0,0,0,0,0,0,0,0,0,0,0,0,0,0,0,0,0,0,0,0,0,0,0,0,0,0,0,0,0,0,0,0,0,0,0,0,0,0,0,0,0,0,0,0,0,0,0,0,0,0,0,0,0,0,0,0,0,0,0,0,0,0,0,0,0,0,0,0,0,0,0,0,0,0,0,0,0,0,0,0,0,0,0,0,0,0,0,0,0,0,0,0,0,0,0,0,0,0,0,0,0,0,0,0,0,0,0,0,0,0,0,0,0,0,0,0,0,0,0,0,0,0,0,0,0,0,0,0,0,0,0,0,0,0,0,0,0,0,0,0,0,0,0,0,0,0,0,0,0,0,0,0,0,0,0,0,0,0,0,0,0,0,0,0,0,0,0,0,0,0,0,0,0,0,0,0,0,0,0,0,0,0,0,0,0,0,0,
0,0,0,0,0,0,0,0,0,0,0,0,0,0,0,0,0,0,0,0,0,0,0,0,0,0,0,0,0,0,0,0,0,0,0,0,0,0,0,0,0,0,0,0,0,0,0,0,0,0,0,0,0,0,0,0,0,0,0,0,0,0,0,0,0,0,0,0,0,0,0,0,0,0,0,0,0,0,0,0,0,0,0,0,0,0,0,0,0,0,0,0,0,0,0,0,0,0,0,0,0,0,0,0,0,0,0,0,0,0,0,0,0,0,0,0,0,0,0,0,0,0,0,0,0,0,0,0,0,0,0,0,0,0,0,0,0,0,0,0,0,0,0,0,0,0,0,0,0,0,0,0,0,0,0,0,0,0,0,0,0,0,0,0,0,0,0,0,0,0,0,0,0,0,0,0,0,0,0,0,0,0,0,0,0,0,0,0,0,0,0,0,0,0,0,0,0,0,0,0,0,0,0,0,0,0,0,0,0,0,0,0,0,0,0,0,0,0,0,0,0,0,0,0,0,0,0,0,0,0,0,0,0,0,0,0,0,0,0,0,0,0,0,0,0,0,0,0,0,0,0,0,0,0,0,0,
0,0,0,0,0,0,0,0,0,0,0,0,0,0,0,0,0,0,0,0,0,0,0,0,0,0,0,0,0,0,0,0,0,0,0,0,0,0,0,0,0,0,0,0,0,0,0,0,0,0,0,0,0,0,0,0,0,0,0,0,0,0,0,0,0,0,0,0,0,0,0,0,0,0,0,0,0,0,0,0,0,0,0,0,0,0,0,0,0,0,0,0,0,0,0,0,0,0,0,0,0,0,0,0,0,0,0,0,0,0,0,0,0,0,0,0,0,0,0,0,0,0,0,0,0,0,0,0,0,0,0,0,0,0,0,0,0,0,0,0,0,0,0,0,0,0,0,0,0,0,0,0,0,0,0,0,0,0,0,0,0,0,0,0,0,0,0,0,0,0,0,0,0,0,0,0,0,0,0,0,0,0,0,0,0,0,0,0,0,0,0,6,0,0,0,0,0,0,0,0,0,0,0,0,0,0,0,0,0,0,0,0,0,0,0,0,0,0,0,0,0,0,0,0,0,0,0,0,0,0,0,0,0,0,0,0,0,0,0,0,0,0,0,0,0,0,0,0,0,0,0,0,0,0,0,0,
0,0,0,0,0,0,0,0,0,0,0,0,0,0,0,0,0,0,0,0,0,0,0,0,0,0,0,0,0,0,0,0,0,0,0,0,0,0,0,0,0,0,0,0,0,0,0,0,0,0,0,0,0,0,0,0,0,0,0,0,0,0,0,0,0,0,0,0,0,0,0,0,0,0,0,0,0,0,0,0,0,0,0,0,0,0,0,0,0,0,0,0,0,0,0,0,0,0,0,0,0,0,0,0,0,0,0,0,0,0,0,0,0,0,0,0,0,0,0,0,0,0,0,0,0,0,0,0,0,0,0,0,0,0,0,0,0,0,0,0,0,0,0,0,0,0,0,0,0,0,0,0,0,0,0,0,0,0,0,0,0,0,0,0,0,0,0,0,0,0,0,0,0,0,0,0,0,0,0,0,0,0,0,0,0,0,0,0,0,0,0,8,0,0,0,0,0,0,0,0,0,0,0,0,0,0,0,0,0,0,0,0,0,0,17,0,0,0,0,0,0,0,0,0,0,0,0,0,0,0,0,0,0,0,0,0,0,0,0,0,0,0,0,0,0,0,0,0,0,0,0,0,0,0,0,0,
0,0,0,0,0,0,0,0,0,0,0,0,0,0,0,0,0,0,0,0,0,0,0,0,0,0,0,0,0,0,0,0,0,0,0,0,0,0,0,0,0,0,0,0,0,0,0,0,0,0,0,0,0,0,0,0,0,0,0,0,0,0,0,0,0,0,0,0,0,0,0,0,0,0,0,0,0,0,0,0,0,0,0,0,0,0,0,0,0,0,0,0,0,0,0,0,0,0,0,0,0,0,0,0,0,0,0,0,0,0,0,0,0,0,0,0,0,0,0,0,0,0,0,0,0,0,0,0,0,0,0,0,0,0,0,0,0,0,0,0,0,0,0,0,0,0,0,0,0,0,0,0,0,0,0,0,0,0,0,0,0,0,0,0,0,0,0,0,0,0,0,0,0,0,0,0,0,0,0,0,0,0,0,0,0,0,0,0,0,0,0,0,9,6,0,0,0,0,7,0,0,0,0,0,0,0,0,0,0,0,0,0,0,0,18,15,0,0,0,0,0,0,0,0,0,0,0,0,0,0,0,0,0,0,0,0,0,0,0,0,0,0,0,0,0,0,0,0,0,0,0,0,0,0,0,0,
0,0,0,0,0,0,0,0,0,0,0,0,0,0,0,0,0,5,2,0,0,0,0,0,0,0,0,0,0,0,0,0,0,0,0,0,0,0,0,0,0,0,0,0,0,0,0,0,0,0,0,0,0,0,0,0,0,0,0,0,0,0,0,0,0,0,0,0,0,0,0,0,0,0,0,0,0,0,0,0,0,0,0,0,0,0,0,0,0,0,0,0,0,0,0,0,0,0,0,0,0,0,0,0,0,0,0,0,0,0,0,0,0,0,0,0,0,0,0,0,0,0,0,0,0,0,0,0,0,0,0,0,0,0,0,0,0,0,0,0,0,0,0,0,0,0,0,0,0,0,0,0,0,0,0,0,0,0,0,0,0,0,0,0,0,0,0,0,0,0,0,0,0,0,0,0,0,0,0,0,0,0,0,0,0,0,0,0,0,0,0,0,6,7,8,0,0,0,0,0,0,0,0,0,0,0,0,0,0,0,0,0,0,0,17,16,0,0,0,0,0,0,0,0,0,19,0,19,0,0,18,0,0,18,0,0,0,0,0,0,0,0,0,0,0,0,0,0,0,0,0,0,0,0,0,0,
0,0,0,0,0,0,0,0,0,0,0,0,0,0,0,0,0,5,5,3,0,0,0,0,0,0,0,0,0,0,0,0,0,0,0,0,0,0,0,0,0,0,0,0,0,0,0,0,0,0,0,0,0,0,0,0,0,0,0,0,0,0,0,0,0,0,0,0,0,0,0,0,0,0,0,0,0,0,0,0,0,0,0,0,0,0,0,0,0,0,0,0,0,0,0,0,0,0,0,0,0,6,0,0,0,0,0,0,0,0,0,0,0,0,0,0,0,0,0,0,0,0,0,0,0,0,0,0,0,0,0,0,0,0,0,0,0,0,0,0,0,0,0,0,0,0,0,0,0,0,0,0,0,0,0,0,0,0,0,0,0,0,0,0,0,0,0,0,0,0,0,0,0,0,0,0,0,0,0,0,0,0,0,0,0,0,0,0,0,0,0,0,0,8,9,0,7,0,0,0,0,0,0,0,0,0,0,0,0,0,0,0,0,0,13,18,17,0,0,0,0,0,0,0,0,18,0,19,19,0,0,19,0,18,0,0,0,0,0,0,0,0,0,0,0,0,0,0,0,0,0,0,0,0,0,0,
18,0,0,0,0,0,0,0,0,0,0,0,0,0,0,0,0,0,0,4,6,0,0,0,0,0,0,0,0,0,0,0,0,0,0,0,0,0,0,0,0,0,0,0,0,0,0,0,0,0,0,0,0,0,0,0,0,0,0,0,0,0,0,0,0,0,0,0,0,0,0,0,0,0,0,0,0,0,0,0,0,0,0,0,0,0,0,0,0,0,0,0,0,0,0,0,0,0,0,0,0,6,0,0,0,0,0,0,0,0,0,0,0,0,0,0,0,0,0,0,0,0,0,0,0,0,0,0,0,0,0,0,0,0,0,0,0,0,0,0,0,0,0,0,0,0,0,0,0,0,0,0,0,0,0,9,0,0,0,0,9,0,0,0,0,0,0,0,0,0,0,0,0,0,0,0,0,0,0,0,0,0,0,0,0,0,0,0,0,0,0,0,0,7,10,10,8,0,0,0,0,0,0,0,0,0,0,0,0,0,0,0,0,0,0,13,12,11,0,0,0,0,0,0,0,18,18,0,19,0,0,0,0,19,19,0,0,0,0,0,0,0,0,0,0,0,0,0,0,0,0,0,0,0,0,0,
18,0,0,0,0,0,0,0,0,0,0,0,0,0,0,0,0,0,0,0,0,0,0,0,0,0,0,12,0,0,0,0,0,0,0,0,0,0,0,0,0,0,0,0,0,0,0,0,0,0,15,0,18,0,14,0,0,0,0,0,0,0,0,0,0,0,0,0,0,0,0,0,0,0,0,0,0,0,0,0,0,0,0,0,0,0,0,0,0,0,0,0,0,0,0,0,0,0,0,0,0,0,0,0,0,0,0,0,0,0,0,0,0,0,0,9,0,0,0,0,0,0,0,0,0,0,0,0,0,0,0,0,0,0,0,0,0,0,0,0,0,0,0,0,0,0,0,0,0,0,0,0,0,0,0,0,9,0,0,0,0,0,0,0,0,0,0,0,0,0,0,0,0,11,0,0,0,0,0,0,0,0,0,0,0,0,0,0,0,0,0,4,0,4,5,11,7,9,0,0,0,0,0,0,0,0,0,0,0,0,0,0,0,13,0,14,13,12,12,0,0,0,0,0,0,0,0,0,0,0,0,0,0,0,19,18,22,0,0,0,0,0,0,0,0,0,0,0,0,0,0,0,0,0,0,0,
0,19,0,0,0,0,0,0,0,0,0,0,0,0,0,0,0,0,0,0,0,0,0,0,0,0,0,0,9,0,0,0,0,17,7,0,0,0,0,0,0,0,0,0,0,18,0,0,0,0,0,0,0,19,0,0,0,0,0,3,0,0,0,0,0,0,0,0,0,0,0,0,0,0,0,0,0,0,0,0,0,0,0,0,0,0,0,0,15,0,0,0,0,0,0,0,0,0,0,0,0,0,0,0,0,0,0,0,0,0,0,0,0,0,0,8,0,0,0,0,11,11,0,0,0,0,0,0,0,0,0,0,0,0,0,0,0,0,0,0,0,0,0,0,0,0,0,0,0,0,0,0,0,0,0,0,9,0,0,0,0,0,0,0,0,0,0,0,0,0,0,0,0,0,0,0,0,0,0,0,0,9,0,0,0,0,0,0,0,10,0,5,4,5,8,0,0,6,0,0,0,0,0,0,0,0,0,0,9,0,0,0,0,0,0,12,0,14,0,0,0,0,0,0,0,0,0,0,0,0,0,20,0,0,0,19,20,0,0,0,0,0,0,0,0,0,0,0,0,0,0,0,0,0,0,0,
0,10,20,14,0,0,0,0,0,0,0,0,0,0,0,0,0,0,0,0,0,0,0,0,0,0,0,12,0,0,0,0,16,16,0,0,0,0,23,0,0,14,0,0,19,16,0,15,0,0,0,0,0,20,0,0,0,0,12,0,6,0,0,4,0,0,0,8,0,0,8,0,0,15,0,0,0,0,0,0,0,0,0,0,0,0,0,0,0,0,0,9,0,0,0,0,0,0,0,0,0,0,0,0,0,0,0,0,0,0,10,0,0,8,0,10,9,0,0,0,12,12,12,0,0,0,0,0,0,0,0,0,0,0,0,0,0,0,0,0,0,0,0,0,0,0,0,0,0,0,0,0,0,0,0,0,8,9,8,0,0,0,12,0,0,0,0,11,0,0,0,0,0,0,12,10,0,0,0,0,12,0,0,0,0,0,0,0,0,0,0,5,0,6,10,7,0,5,0,0,0,0,0,0,0,0,0,0,10,10,0,0,0,0,0,15,0,0,0,0,0,0,0,0,0,0,0,23,0,0,0,0,0,0,18,18,20,0,0,0,0,0,0,0,0,0,0,0,0,0,0,0,0,0,0,0,
0,11,0,0,14,0,0,0,0,0,13,0,0,0,0,0,0,0,0,9,0,0,10,0,0,0,11,13,0,0,0,0,20,0,0,0,0,0,0,0,0,15,15,0,0,21,15,17,0,0,0,15,15,16,9,0,15,0,0,0,0,0,0,0,0,0,0,9,0,0,11,0,0,0,0,0,0,19,23,23,0,0,0,0,0,0,0,0,0,0,0,0,0,0,0,0,0,0,0,0,0,0,0,12,0,0,0,0,0,0,0,9,10,10,9,0,0,0,0,0,0,12,14,0,0,0,0,0,0,0,0,0,0,0,0,0,0,0,0,0,0,0,0,0,0,0,0,0,0,0,0,0,0,0,0,0,0,8,12,0,0,0,12,0,0,0,0,0,11,11,12,0,0,0,15,13,6,0,0,0,10,0,0,0,15,0,0,0,0,0,0,12,18,15,12,7,11,0,13,0,0,0,0,0,0,0,0,0,0,11,0,0,0,0,0,0,21,0,0,0,0,0,0,0,0,0,24,0,24,0,0,0,0,0,0,19,0,0,0,0,0,0,0,0,0,0,0,0,0,0,0,0,0,0,0,0,
0,0,12,14,15,14,6,0,0,0,11,11,0,0,0,0,0,0,0,0,0,9,10,12,12,0,0,0,0,0,0,21,19,16,0,20,18,23,22,0,0,0,16,15,19,16,15,16,16,0,0,16,0,17,12,0,15,0,0,0,0,0,0,0,0,0,0,11,11,0,9,11,0,0,13,16,18,19,21,20,0,0,0,0,0,0,0,0,0,0,0,0,13,0,0,0,0,0,0,0,0,0,0,12,0,0,0,0,0,0,8,9,10,10,23,0,0,9,0,0,0,0,0,0,0,0,0,0,0,0,0,0,0,0,0,0,0,17,0,0,0,0,0,14,0,15,0,0,0,0,0,0,0,0,0,0,14,9,11,0,11,10,0,0,0,0,0,0,0,12,0,0,0,0,13,12,0,0,0,0,0,11,0,0,0,12,0,0,0,13,13,13,18,14,20,12,11,7,11,14,10,0,0,17,8,0,10,0,14,0,13,11,12,0,0,0,24,0,0,0,0,0,9,0,0,0,23,24,25,0,0,0,0,0,0,0,0,0,0,0,0,0,0,0,0,0,0,0,0,0,0,0,0,0,0,0,
0,16,4,17,14,0,7,7,7,0,21,11,12,0,0,0,0,0,0,10,10,11,13,19,19,0,23,0,0,22,0,22,21,17,16,21,20,23,14,0,0,22,21,0,21,20,16,0,17,19,14,17,0,0,0,21,9,17,0,0,0,0,0,0,0,0,0,17,16,0,10,19,0,0,0,10,18,21,19,21,24,11,0,0,0,0,23,0,0,0,0,0,0,0,0,13,0,0,0,0,0,0,0,0,0,0,0,0,0,0,7,9,8,21,0,15,0,16,13,0,0,0,0,0,0,0,0,0,0,0,0,14,0,0,0,0,0,17,17,0,0,0,0,14,0,19,18,0,20,0,16,0,0,0,0,0,0,0,0,12,12,10,0,0,0,0,0,0,8,0,17,17,16,11,14,14,13,0,0,12,16,11,11,0,9,0,14,15,17,15,13,13,14,11,13,11,19,16,0,11,15,0,0,9,17,13,12,0,14,13,12,12,10,0,7,22,24,25,0,14,0,15,0,0,18,0,16,24,23,0,15,0,0,0,0,0,0,0,16,0,0,0,0,0,0,0,0,0,0,0,0,0,0,0,0,0,
5,18,19,14,6,17,6,8,8,0,15,15,0,0,0,0,0,0,0,10,0,12,13,18,21,0,12,0,0,0,0,0,0,19,18,19,21,25,21,15,0,14,15,0,14,20,17,20,0,21,20,18,0,16,23,22,8,14,0,0,0,0,12,0,0,0,0,15,9,0,23,11,20,12,15,16,17,13,14,20,19,18,17,0,0,11,23,0,0,0,0,15,12,15,12,0,14,15,16,0,0,0,0,0,0,0,0,0,0,10,10,7,9,22,21,0,0,0,16,15,0,14,0,0,0,0,0,0,0,0,0,0,0,0,0,0,10,18,18,8,0,0,0,0,19,0,21,20,21,20,15,0,0,11,0,0,0,13,14,12,16,13,15,0,17,0,0,0,0,10,18,17,17,9,11,0,0,0,14,13,13,17,13,12,15,10,15,15,18,12,17,16,16,14,12,15,11,20,19,0,12,24,16,19,18,16,13,11,15,10,10,15,10,8,8,23,23,0,0,0,18,10,17,0,17,16,15,20,0,0,0,15,0,18,0,0,0,0,19,0,0,0,0,0,0,0,0,0,0,0,0,0,0,0,0,0,
8,18,18,7,10,7,17,7,0,8,18,17,0,16,0,0,0,0,19,14,0,0,13,7,22,8,10,12,11,13,25,0,19,19,19,24,22,16,16,17,0,23,14,15,14,16,13,19,21,21,14,13,15,18,15,15,14,15,0,0,0,0,12,14,0,0,17,16,15,15,0,22,24,13,26,19,18,15,18,14,0,2,3,2,14,0,0,0,23,0,19,0,7,13,16,18,16,15,14,0,0,17,0,0,0,0,0,0,0,0,12,8,10,9,19,22,21,0,0,24,0,0,0,0,0,0,14,16,0,0,0,13,15,15,0,0,0,10,11,13,9,10,0,18,0,11,20,0,10,15,16,17,10,14,12,11,14,15,15,17,17,15,15,15,11,11,12,4,9,9,18,16,16,9,10,11,12,0,14,13,15,15,12,14,11,15,16,13,19,18,18,17,14,13,12,13,12,16,16,13,19,17,17,17,17,17,17,13,11,16,17,0,11,24,9,24,24,15,0,24,0,13,20,18,20,17,20,19,20,0,0,23,17,0,0,0,0,0,0,20,13,0,0,0,0,0,0,0,0,0,0,0,0,0,0,0,
8,20,9,19,16,9,20,8,0,11,19,16,17,17,17,20,12,0,10,14,18,0,13,7,22,22,9,10,26,14,16,26,18,20,20,21,14,27,17,19,17,15,24,24,15,15,21,22,20,20,16,14,17,18,16,15,16,17,0,0,0,0,0,14,26,14,0,14,19,14,14,0,23,25,17,23,21,20,16,19,19,3,3,11,15,0,0,0,0,25,0,19,19,7,19,14,20,21,15,21,0,0,21,21,12,0,0,0,0,0,0,0,10,15,20,20,15,19,19,17,25,16,24,15,0,15,15,19,0,0,14,13,0,16,14,16,0,13,11,15,11,11,12,18,19,12,20,14,19,11,10,18,12,13,15,14,15,12,15,14,17,14,16,16,11,13,13,7,8,10,10,15,10,10,12,12,12,14,16,15,13,16,17,16,13,11,14,13,11,18,18,18,18,13,14,14,14,13,13,19,14,18,18,17,13,17,14,13,14,16,16,17,0,16,17,25,23,16,24,25,0,21,22,18,18,12,21,0,20,24,0,24,18,14,0,0,0,0,0,13,21,0,0,22,0,0,0,0,0,0,0,0,0,0,0,0,
8,8,21,18,19,9,0,9,15,16,0,18,20,17,16,19,0,18,12,16,19,19,17,20,12,19,17,27,13,26,27,19,18,19,21,22,18,26,26,11,0,11,15,12,15,15,15,17,21,21,14,17,20,18,18,16,15,20,18,11,0,0,0,12,9,0,14,0,26,14,19,15,17,17,14,24,19,19,21,17,23,19,16,18,17,0,0,0,26,22,0,0,19,15,8,20,17,18,21,19,21,21,13,22,0,11,12,17,0,15,0,0,9,20,0,21,16,0,17,15,12,17,17,16,19,16,17,16,16,0,13,13,13,13,17,15,16,14,24,17,13,15,13,15,20,19,14,14,17,16,9,15,13,17,14,17,15,25,13,0,15,16,17,11,12,19,19,14,15,11,11,19,11,19,18,13,19,15,15,16,25,25,14,18,23,13,14,13,12,19,19,12,21,19,14,15,13,13,13,10,15,17,18,18,18,16,18,18,16,16,18,16,17,17,14,16,17,24,23,24,25,22,22,26,15,20,21,17,0,18,25,23,24,18,14,0,19,0,19,20,13,13,23,0,0,0,0,0,0,0,0,0,0,0,0,0,
14,10,9,17,8,21,20,15,14,13,0,13,6,14,17,21,20,0,22,13,21,16,16,21,15,18,20,20,14,14,27,19,18,19,16,22,19,14,21,21,23,0,12,25,12,23,16,13,23,22,22,17,21,17,15,19,17,17,17,8,0,0,10,12,10,24,21,20,26,20,20,16,21,18,16,14,14,18,22,24,24,19,16,17,18,23,0,14,16,26,22,15,0,16,11,17,18,19,19,8,18,21,22,21,17,12,18,17,0,0,0,0,15,22,0,0,17,0,20,0,18,13,25,0,0,0,0,17,0,18,21,17,19,19,14,17,17,19,16,17,17,18,13,9,15,26,15,17,17,16,10,14,14,13,16,15,16,25,13,0,11,17,17,13,12,15,12,18,13,10,11,16,19,20,16,19,11,16,14,21,15,26,13,14,15,24,24,14,19,19,20,10,19,17,19,15,14,13,15,21,26,26,17,15,16,14,18,19,19,15,16,21,23,19,18,19,18,20,23,19,22,22,26,22,23,17,21,18,12,12,18,18,19,15,15,15,14,19,19,17,18,14,12,0,23,0,0,0,0,0,0,0,0,0,0,0,
21,21,17,11,20,21,17,15,15,0,21,8,7,8,19,16,21,20,21,21,21,20,20,22,19,15,21,22,22,29,29,13,28,19,16,18,16,20,21,21,24,23,25,23,26,16,15,17,18,17,25,16,22,14,15,22,19,18,13,17,17,18,18,11,19,20,24,18,26,20,21,12,17,19,16,15,15,23,23,19,25,17,17,17,20,16,18,14,21,15,16,22,0,16,14,11,11,16,6,14,18,18,22,11,21,12,14,14,18,20,0,18,16,19,23,19,0,0,0,27,19,27,0,16,0,0,0,0,0,17,22,21,18,21,19,17,19,19,17,17,18,18,19,18,25,21,17,15,26,26,17,20,15,23,17,15,16,16,0,14,15,17,15,20,9,14,11,19,10,14,14,8,16,14,20,14,14,15,17,16,18,17,16,27,23,24,24,23,17,19,20,20,12,19,18,15,18,15,16,22,23,23,22,18,14,18,14,11,18,19,24,24,16,21,19,20,23,20,23,22,24,23,24,24,27,18,18,18,17,20,21,19,13,20,18,20,16,18,16,20,17,18,24,0,24,0,0,0,0,0,0,0,0,0,0,0,
12,12,12,12,21,14,15,16,17,20,0,22,23,11,20,17,22,16,20,13,14,20,21,22,21,15,16,18,23,22,29,14,14,20,13,17,19,21,15,22,17,24,25,25,24,27,17,17,17,18,18,24,18,17,17,16,26,13,12,22,18,19,18,13,20,23,25,25,27,16,18,19,22,16,16,16,13,23,23,19,17,17,16,17,17,18,24,15,23,16,17,25,16,15,19,17,16,18,18,8,10,19,23,20,25,13,19,15,15,20,0,16,16,21,16,20,17,19,21,0,0,27,27,0,16,0,0,0,0,18,16,18,19,21,23,21,18,19,20,17,17,12,20,19,16,27,21,18,26,26,17,17,14,18,24,16,16,17,18,16,16,14,16,14,11,15,13,16,16,15,15,14,15,22,21,16,16,16,21,17,20,17,18,23,23,21,23,21,16,18,18,15,13,13,13,16,15,14,15,15,22,14,14,12,17,13,19,16,12,12,25,24,17,0,0,19,22,24,24,26,26,26,24,19,24,23,23,20,21,20,20,18,15,17,18,17,17,17,24,18,23,18,25,28,0,0,0,0,0,0,0,0,0,0,0,0,
23,12,17,20,22,15,15,15,18,21,18,16,24,20,19,18,18,17,21,21,21,20,18,23,24,16,24,16,24,22,18,17,17,10,14,18,18,20,21,17,18,16,19,18,24,17,17,18,18,24,18,26,25,25,20,29,27,27,20,13,20,19,14,21,18,20,14,18,18,17,20,19,15,22,17,16,18,25,20,17,15,20,20,18,18,19,19,16,16,24,17,25,26,19,18,18,17,14,19,12,12,11,21,21,18,22,20,19,27,18,0,19,17,17,17,18,18,20,20,16,0,18,0,17,17,17,0,18,17,0,21,22,20,22,18,19,21,18,16,21,12,11,12,12,21,17,18,27,24,21,19,18,16,17,19,19,26,19,18,23,18,14,15,15,16,11,11,13,22,17,14,15,14,16,23,22,27,20,22,18,18,20,19,19,21,22,22,25,22,17,19,23,23,13,14,14,22,17,20,15,16,15,14,14,17,18,14,18,19,18,19,18,25,0,0,0,19,25,24,21,18,22,25,23,20,24,20,21,19,15,21,17,13,16,17,18,23,20,24,17,24,23,21,19,0,0,0,0,0,0,0,0,0,0,0,0,
13,13,17,22,23,16,23,15,23,23,22,16,24,16,21,20,19,19,22,14,22,18,18,19,17,17,17,23,16,19,24,17,18,18,20,18,13,18,23,23,19,20,20,26,23,19,18,23,19,18,24,28,26,25,22,20,30,29,21,22,21,19,19,18,14,15,20,17,19,19,17,14,15,13,26,25,19,19,26,27,15,14,16,19,21,20,19,19,17,25,17,25,26,18,20,19,17,16,14,12,13,14,19,21,17,15,16,16,21,17,19,17,18,18,18,16,15,20,23,19,17,15,19,16,0,0,25,19,19,17,20,20,20,22,19,20,24,24,18,25,26,21,12,12,12,12,18,23,27,21,19,19,21,15,21,20,20,28,19,27,24,12,16,20,17,17,22,11,21,14,24,23,15,15,24,24,26,28,19,22,22,21,22,19,22,22,23,26,25,24,16,22,12,13,15,15,17,14,16,20,20,16,14,14,16,19,19,19,18,14,20,20,19,18,0,19,19,17,20,20,20,21,25,21,19,20,21,21,17,16,22,17,27,19,18,26,19,24,21,19,22,25,23,23,20,28,0,0,0,0,0,0,0,0,0,0,
13,14,11,13,13,21,23,22,16,19,24,23,24,23,21,24,20,20,19,19,24,26,19,20,18,19,16,25,19,23,19,18,19,19,11,14,14,13,15,23,23,13,19,21,23,25,26,23,20,21,24,24,28,27,24,24,31,22,21,22,23,20,20,18,20,15,14,18,18,17,15,16,15,15,14,13,24,20,18,26,26,27,15,15,16,18,19,18,26,19,21,17,19,23,19,21,19,20,14,16,16,15,15,25,24,17,17,17,17,16,17,20,22,17,19,17,16,16,22,24,23,23,16,20,19,0,0,27,18,19,19,20,21,18,23,21,26,24,27,19,22,22,24,21,13,13,24,24,27,27,15,21,17,16,21,22,20,27,28,28,23,24,12,17,22,18,22,12,21,14,24,14,24,27,20,24,26,24,29,29,20,20,21,23,21,21,22,25,26,25,17,17,23,18,14,21,18,24,17,18,21,22,16,17,17,18,21,20,19,19,16,27,19,24,18,18,23,21,21,21,21,24,22,22,21,28,21,22,17,25,19,18,18,19,20,21,26,21,25,22,19,22,21,25,24,19,30,28,0,0,21,0,0,0,0,0,
13,14,15,12,14,17,23,19,18,17,19,24,24,22,19,18,16,21,20,20,25,26,27,30,21,19,18,25,21,19,24,18,18,22,23,15,16,14,20,16,14,25,20,26,23,23,22,23,20,21,24,28,29,28,23,23,21,23,24,21,18,21,21,20,21,20,14,18,19,14,24,24,27,17,16,17,25,27,28,20,18,18,23,22,24,20,19,24,26,25,24,20,17,21,23,22,19,19,19,17,21,16,21,20,24,17,18,19,28,17,18,24,23,20,25,23,22,24,25,20,22,23,20,21,20,16,17,17,18,25,18,20,21,21,21,23,26,20,20,26,22,23,23,23,19,13,20,24,22,23,16,23,18,17,23,23,22,24,25,26,26,24,24,24,13,20,17,21,21,19,21,22,22,23,22,27,25,24,25,23,22,21,22,20,20,25,21,19,19,19,22,19,18,18,19,19,16,20,17,18,21,16,17,18,18,18,17,19,22,22,22,23,24,20,19,22,20,24,29,22,18,24,25,23,23,20,20,19,23,23,21,24,19,19,17,21,16,19,19,22,18,20,22,19,25,20,26,23,29,0,21,22,0,0,20,0,
23,13,14,24,15,18,23,24,18,16,21,23,24,19,25,19,26,21,21,22,26,27,25,31,24,20,18,19,23,22,17,23,21,19,23,26,15,13,20,22,13,14,20,26,24,25,18,22,21,21,22,26,26,29,19,23,23,24,26,22,20,19,22,21,22,21,24,24,16,15,24,25,16,16,17,28,25,18,27,29,20,28,27,18,15,18,24,23,27,25,24,16,18,21,14,24,22,25,24,17,21,17,20,21,21,19,18,21,28,29,27,18,18,19,25,23,24,24,19,25,20,21,18,23,22,17,22,19,20,25,19,20,21,23,25,22,20,23,29,27,29,22,32,25,24,22,23,23,21,22,23,21,20,18,16,19,28,25,25,26,25,15,20,23,24,24,19,20,23,20,18,25,23,22,22,23,24,25,23,27,23,23,23,23,21,21,26,20,20,19,23,22,19,19,18,19,20,21,12,17,17,15,17,19,24,23,17,22,23,20,18,19,20,20,21,22,25,21,29,21,18,19,23,21,22,27,20,21,19,22,24,24,25,19,21,18,16,22,21,17,20,21,25,27,22,22,23,23,21,20,21,22,20,0,22,21,
21,30,14,27,25,25,24,22,24,17,22,22,25,24,25,24,34,35,26,23,19,27,28,28,19,24,20,30,27,27,23,18,23,20,21,21,21,19,26,21,20,20,24,28,25,27,21,28,20,30,29,28,31,29,20,24,24,24,25,22,23,18,23,22,22,22,23,17,17,23,17,16,15,18,17,18,27,25,29,28,28,29,26,23,20,15,19,24,27,26,19,26,19,15,15,17,23,25,24,25,21,21,21,20,21,21,19,21,24,28,30,24,19,22,17,18,25,29,25,25,26,26,22,20,22,23,22,23,22,27,28,23,24,24,26,27,19,31,24,29,30,25,31,20,27,22,23,27,22,23,24,21,20,21,16,19,18,26,25,23,28,16,20,22,21,21,17,21,23,23,20,26,27,23,25,25,22,25,25,26,29,23,24,23,21,22,22,25,24,22,20,21,22,21,19,20,20,20,19,18,19,19,16,20,21,23,24,18,23,19,19,19,21,22,21,24,22,20,20,23,22,20,20,25,21,22,27,27,16,18,19,19,25,24,20,23,19,22,21,17,17,19,25,25,26,23,24,24,22,23,23,22,20,22,22,22,
22,30,30,25,26,24,25,22,24,23,23,21,24,26,25,25,24,35,24,28,19,26,19,28,29,21,19,29,31,24,29,19,24,21,22,23,22,16,22,16,26,29,25,23,29,26,23,31,18,31,31,25,29,18,23,23,23,21,25,24,22,21,18,17,17,21,23,26,24,24,15,16,16,27,18,29,27,28,21,29,20,27,28,22,19,22,26,19,25,20,20,25,22,20,25,18,28,28,21,26,24,22,22,21,28,21,24,20,18,25,26,22,22,23,19,21,26,26,28,28,27,25,22,26,23,23,23,24,24,23,23,23,21,25,24,28,26,25,32,21,22,26,24,25,25,24,23,23,22,23,23,23,19,17,21,19,26,24,24,24,16,17,25,23,21,25,22,19,19,23,23,22,27,25,21,21,24,24,23,26,26,24,24,24,28,24,27,25,21,25,26,20,23,22,22,21,20,21,20,16,19,24,21,20,21,24,23,25,19,27,21,20,20,18,22,23,24,28,21,20,21,21,21,24,23,25,23,18,20,19,22,19,21,24,27,25,24,21,21,21,27,18,26,21,25,29,25,23,24,24,23,21,20,22,23,23,
26,30,23,25,26,26,27,23,22,26,23,21,29,26,25,26,26,25,25,26,25,27,26,20,28,22,21,19,26,35,31,32,33,33,34,25,24,23,17,20,24,17,29,23,23,23,24,29,29,19,25,30,21,18,23,24,22,26,25,22,21,26,31,28,17,20,21,21,24,22,24,24,25,26,27,28,25,29,27,24,22,27,26,27,21,22,21,23,23,22,26,24,24,24,25,25,25,25,27,27,22,22,19,24,27,28,19,25,19,26,17,23,25,23,16,22,22,20,29,30,28,28,23,26,22,22,20,24,24,24,24,23,21,24,25,22,25,24,18,20,24,25,27,21,22,24,26,24,24,24,24,24,19,20,19,19,23,25,25,26,17,25,18,23,22,22,20,28,19,24,29,23,27,29,23,22,23,27,28,30,26,30,23,25,24,25,24,26,25,33,26,21,21,19,20,19,22,20,22,21,19,20,22,27,26,23,23,24,25,25,20,21,21,23,23,21,23,22,30,21,21,20,24,25,25,27,26,23,21,21,20,21,22,22,22,22,26,19,22,25,28,23,22,23,26,23,27,25,24,25,24,24,21,23,21,24,
27,29,31,19,19,26,28,24,21,27,28,26,29,29,25,28,27,26,29,28,26,23,24,20,29,21,20,22,24,23,23,35,34,26,25,25,24,24,24,20,23,24,25,28,23,32,28,32,30,31,26,26,26,22,25,26,23,28,29,22,22,28,32,29,23,21,22,22,31,25,22,25,25,28,27,27,24,26,25,26,31,23,32,28,23,23,24,22,23,28,26,23,24,25,27,23,30,31,22,23,23,23,21,23,27,22,29,19,20,20,21,18,19,18,24,24,21,20,23,33,31,30,24,24,25,22,22,18,24,21,29,21,22,21,25,25,21,18,19,19,24,30,22,32,22,24,26,26,26,22,25,24,18,19,19,23,25,23,20,27,23,23,24,23,20,23,27,28,29,26,31,29,30,28,23,31,24,27,29,27,30,30,29,24,31,31,21,31,21,32,30,22,24,20,19,25,20,23,18,29,29,24,18,23,23,28,24,26,24,25,22,25,21,22,23,29,24,23,22,21,21,22,25,25,26,25,24,29,21,21,24,24,21,20,23,25,23,24,24,25,31,29,23,22,24,31,26,26,27,26,29,30,25,24,23,23,
24,24,20,21,29,28,26,28,28,25,28,21,27,30,22,29,26,28,24,30,24,26,22,21,29,30,31,24,20,23,27,35,28,22,33,25,20,26,24,26,22,25,27,23,31,33,20,29,18,31,26,27,20,23,24,28,27,22,24,28,28,29,31,26,33,26,26,19,25,24,25,26,23,29,32,31,25,28,25,30,27,29,30,29,26,25,26,22,25,26,26,29,26,25,27,28,28,23,24,23,26,24,23,20,24,23,21,18,20,19,20,17,19,23,26,24,25,24,26,27,33,31,31,28,24,21,22,25,20,20,29,26,23,24,21,26,25,23,25,24,29,26,24,30,30,24,22,25,28,26,26,24,24,20,19,25,27,24,23,23,23,24,22,25,24,33,24,26,24,25,32,30,31,29,29,29,28,27,31,26,28,28,28,29,31,32,33,33,22,25,31,24,25,25,19,26,28,24,21,29,29,27,22,18,22,26,25,27,26,21,24,23,32,21,24,23,31,23,27,29,33,23,22,26,27,25,25,31,24,22,25,22,21,21,24,25,31,30,23,23,23,23,23,22,24,26,27,27,27,29,31,30,32,30,27,24,
26,25,27,20,20,30,30,27,29,25,26,26,30,22,23,24,24,28,27,22,24,25,26,23,22,30,22,24,27,21,21,27,26,27,28,22,27,24,25,29,23,26,21,29,26,34,34,22,20,19,27,27,20,21,25,23,30,27,24,19,28,29,27,30,27,27,30,24,19,25,27,30,30,31,32,31,30,23,29,35,27,30,31,30,27,27,25,27,27,28,21,28,25,27,28,28,28,25,29,31,30,27,27,28,21,21,25,21,20,26,25,29,18,19,25,24,27,25,26,26,25,25,22,29,22,22,25,27,18,29,30,29,34,24,25,25,23,23,29,26,31,30,24,31,26,23,23,23,29,25,26,24,30,29,35,36,27,25,24,23,23,22,27,25,33,23,31,27,26,17,34,33,30,30,33,29,30,31,31,26,28,22,29,31,31,28,33,30,26,33,28,24,25,24,19,26,26,28,26,24,29,28,28,23,23,27,27,26,24,20,14,23,33,27,27,24,31,23,26,29,30,33,23,28,27,30,26,21,23,23,31,25,23,26,24,26,30,27,32,22,28,23,22,22,32,25,31,27,29,30,30,31,32,29,29,24,
23,25,27,28,26,26,26,32,26,28,26,27,28,25,28,29,27,29,25,25,28,26,23,24,29,30,30,24,25,25,24,21,26,28,24,28,28,31,27,29,29,29,25,25,27,27,25,23,24,27,27,21,22,23,23,24,29,32,27,31,20,30,21,30,22,29,27,30,21,22,34,28,31,36,25,31,39,31,34,26,34,30,32,26,27,27,28,25,28,29,28,28,26,26,31,29,30,26,32,31,23,22,29,27,23,25,25,26,24,31,24,19,28,25,26,25,24,27,25,26,26,22,23,26,24,23,26,28,27,22,29,30,35,34,24,24,26,29,25,30,27,21,21,25,24,24,25,23,25,26,28,26,30,36,36,25,26,26,22,25,24,25,23,22,23,28,33,18,27,20,18,18,34,31,33,30,32,28,29,27,30,22,22,31,22,23,31,29,25,30,24,25,25,26,20,20,31,27,27,22,22,29,23,27,28,26,27,23,25,26,27,23,24,33,26,28,25,26,27,37,30,34,33,25,23,31,29,22,22,22,23,28,28,23,25,30,27,27,33,27,30,23,30,23,22,28,27,30,28,29,31,29,29,27,30,27,
26,26,28,24,29,27,24,25,26,25,27,26,24,24,24,25,29,26,28,27,28,29,25,28,26,27,32,31,26,27,29,24,24,25,28,23,30,31,28,30,30,30,23,26,27,27,28,25,29,30,26,22,24,24,24,24,23,30,31,32,32,30,25,23,23,31,23,26,29,22,22,35,25,30,35,25,27,26,26,35,27,33,33,27,26,27,30,28,23,23,28,23,28,29,24,31,32,31,28,32,31,30,30,27,23,31,26,25,25,23,32,25,26,29,26,27,25,28,31,27,26,26,22,25,27,28,26,26,28,28,30,30,30,28,27,28,32,27,26,25,25,28,30,26,26,22,26,24,24,25,21,35,37,38,21,28,26,26,25,26,25,26,24,22,21,29,28,29,20,21,21,23,32,32,30,31,35,29,28,30,31,22,32,31,32,25,24,31,27,31,31,32,25,34,25,21,27,29,21,21,25,23,28,24,27,26,27,25,24,31,25,28,26,24,27,25,29,31,28,29,35,34,21,24,26,23,26,32,23,22,23,32,32,30,28,27,29,25,31,29,30,31,24,33,35,33,30,31,30,27,30,27,31,31,28,31,
28,29,25,25,29,28,26,26,26,28,28,28,33,25,25,31,34,29,27,36,27,39,27,31,25,29,26,25,26,25,26,25,26,25,27,31,33,29,26,26,31,30,32,27,27,31,29,31,30,33,25,33,22,24,25,25,25,24,30,32,33,22,24,24,25,31,24,32,21,22,24,21,34,29,31,27,28,32,28,32,29,28,26,31,27,31,28,26,29,31,25,30,24,30,25,25,29,29,32,25,32,32,31,30,27,24,31,33,21,24,23,21,26,22,29,27,27,27,29,30,28,30,23,26,27,27,26,27,28,29,34,29,30,34,28,32,33,28,28,26,26,31,23,31,23,26,27,28,22,21,23,26,27,22,33,22,21,29,28,30,27,26,23,23,22,28,25,30,24,29,34,24,33,34,34,37,32,31,39,29,28,29,32,32,32,25,34,32,31,31,26,32,34,27,27,26,27,27,28,23,24,25,27,24,22,27,27,24,29,31,29,26,26,33,23,31,34,32,32,30,38,25,22,38,35,27,20,27,32,23,33,33,29,33,27,28,28,25,33,30,30,32,30,34,31,28,29,31,30,28,32,29,32,31,31,32,
23,28,30,26,25,29,27,30,27,27,30,28,28,28,26,25,30,34,26,28,30,39,23,32,26,30,27,23,27,27,26,28,27,27,28,31,31,34,26,33,30,27,28,30,28,32,27,24,30,22,22,34,27,26,25,24,26,29,24,29,26,29,23,30,28,25,31,27,26,24,28,32,30,30,30,30,33,29,28,29,27,27,27,29,32,28,29,32,27,31,24,36,30,30,32,27,29,30,31,31,26,32,26,27,31,32,25,25,27,29,24,29,22,31,30,31,28,28,26,30,26,25,23,26,27,33,24,27,27,28,27,30,29,35,30,29,30,33,30,32,33,28,31,28,28,25,28,27,23,25,22,27,27,28,26,33,30,29,29,30,30,27,26,24,26,29,26,29,31,31,30,34,37,35,27,26,36,29,39,29,28,26,33,33,31,27,27,31,28,30,29,32,27,26,34,28,28,27,27,25,26,25,27,26,25,30,30,25,27,32,31,30,28,33,30,29,35,26,27,33,27,29,40,38,39,31,21,20,28,26,33,34,31,28,28,31,29,27,34,32,30,29,32,26,27,30,29,30,32,33,32,34,31,29,29,31,
32,30,30,29,31,29,27,28,22,28,32,31,32,30,28,35,27,35,27,33,29,29,28,28,26,27,28,30,28,31,27,26,28,29,33,23,32,23,34,36,31,34,27,28,33,29,24,25,30,34,23,23,25,24,27,28,30,31,29,32,34,26,29,29,30,34,32,32,26,30,29,33,28,31,28,27,31,33,36,30,29,34,34,32,30,28,29,29,28,36,26,32,30,29,32,28,29,30,29,27,31,25,26,29,24,24,22,30,28,26,30,23,32,29,32,25,32,29,30,29,27,25,31,24,27,26,25,27,27,29,35,26,30,27,29,33,30,32,32,33,35,33,29,22,28,26,25,27,27,24,32,30,28,31,27,26,33,31,34,27,29,27,27,24,24,26,27,30,25,32,30,34,31,29,28,27,36,36,31,29,31,27,27,34,28,29,27,30,30,31,30,34,27,27,34,32,23,28,27,28,28,26,26,34,25,29,28,28,32,29,32,32,29,28,30,30,37,34,29,29,30,25,30,40,39,21,31,21,25,27,25,26,31,24,27,32,32,29,30,28,28,30,29,27,27,35,33,31,34,32,33,34,34,32,29,32,
29,32,30,30,32,34,35,34,34,23,25,32,32,26,28,26,27,35,32,32,31,26,31,29,28,27,31,26,30,30,31,31,30,32,33,27,24,34,35,36,36,31,27,28,27,28,30,28,28,32,24,30,28,27,29,28,28,27,30,28,27,30,32,32,29,34,36,33,31,35,36,33,32,31,31,31,31,35,37,30,30,30,32,34,30,30,29,38,35,36,37,37,31,30,33,33,31,30,31,28,27,26,29,28,25,24,23,32,22,28,27,26,33,29,30,27,26,31,29,29,29,32,31,39,27,31,31,26,28,30,30,30,32,26,23,31,23,26,33,33,35,35,30,22,27,27,26,29,34,29,28,26,30,31,30,32,32,30,28,28,31,30,26,27,26,28,30,28,31,32,32,33,33,31,30,31,27,39,33,34,31,30,28,27,29,30,22,30,32,32,33,31,34,28,36,35,32,32,28,32,28,28,35,34,34,32,34,29,34,29,34,33,36,31,30,31,37,30,30,29,30,30,30,20,22,24,27,27,36,27,27,27,27,26,31,33,34,30,29,29,28,29,28,28,28,36,27,33,34,33,33,32,30,34,32,29,
34,31,33,33,35,35,32,29,36,34,32,26,31,31,23,26,27,28,24,33,25,31,32,29,37,29,28,37,27,31,31,29,32,31,29,34,28,34,36,34,37,31,29,28,32,32,29,34,29,32,33,27,29,32,30,26,29,32,30,30,28,30,32,37,32,33,36,38,35,35,32,37,33,32,31,32,32,30,36,30,37,35,32,35,35,31,29,33,37,36,29,38,29,32,33,33,31,31,31,30,32,27,26,29,24,27,25,32,24,30,33,33,34,34,28,31,38,31,32,30,31,37,32,38,28,27,33,32,33,29,30,28,24,24,27,23,23,25,26,29,36,30,32,30,27,32,28,29,35,29,29,27,32,32,30,31,33,31,32,31,27,32,28,27,27,26,28,30,28,28,30,34,33,35,29,32,29,28,33,28,31,34,27,27,24,34,24,28,32,34,29,32,32,31,30,33,36,26,34,28,31,26,28,31,29,33,31,29,29,35,34,35,37,30,35,37,37,40,32,30,29,32,31,34,32,24,25,27,23,20,29,28,27,30,31,30,31,30,33,30,34,30,34,28,28,30,25,33,33,34,30,32,31,32,33,30,
32,32,32,34,36,37,33,33,26,26,34,25,26,31,28,27,27,30,28,28,29,27,29,29,31,37,31,32,32,32,35,33,32,32,33,29,32,35,35,35,37,37,29,30,32,32,30,28,28,30,31,34,32,33,32,33,36,37,29,32,33,28,32,36,35,33,33,36,38,33,33,35,34,33,34,32,32,32,27,37,37,38,32,36,32,35,34,33,28,37,30,38,30,32,32,32,31,31,33,30,32,33,31,26,25,27,28,26,25,25,37,34,34,38,36,29,32,31,30,32,31,34,38,36,26,34,33,30,33,35,31,30,34,31,34,27,29,25,26,31,35,31,31,37,31,32,31,38,36,29,30,30,28,33,33,31,32,31,31,32,30,30,30,26,28,28,27,28,33,31,28,32,34,31,30,27,28,33,34,31,29,34,28,28,29,25,25,26,31,34,37,29,34,33,32,31,31,33,30,35,30,36,30,31,29,30,32,26,30,37,35,35,36,33,36,36,37,37,32,30,34,32,30,34,25,25,24,24,32,21,31,37,28,31,35,31,32,36,28,34,31,32,35,32,29,29,31,26,36,36,28,31,32,29,29,32,
33,40,33,30,36,35,34,38,33,27,36,31,27,32,31,25,25,27,25,36,32,27,32,31,34,32,33,33,35,33,33,36,36,32,33,36,33,35,36,33,25,29,34,32,33,33,33,27,29,32,30,30,30,33,34,37,37,37,38,32,32,34,32,37,34,35,35,35,29,38,32,32,37,28,30,29,32,31,30,32,38,28,28,26,32,29,35,32,31,25,31,30,33,27,31,30,32,32,35,34,33,30,32,33,34,32,32,26,26,26,26,32,39,39,38,37,34,33,39,33,31,37,34,37,33,32,31,32,31,30,32,32,36,37,30,29,29,26,34,32,31,36,33,34,34,33,35,38,32,30,30,30,34,33,33,33,32,35,36,32,31,38,34,28,30,28,29,29,33,32,24,32,30,32,31,36,30,33,34,29,31,35,34,33,32,30,34,27,26,34,30,38,28,34,33,31,32,32,33,31,35,37,32,32,35,31,31,35,29,29,32,38,35,35,36,35,36,37,34,36,32,32,30,30,30,26,32,25,24,33,33,36,37,31,31,35,32,36,33,33,34,34,32,37,36,33,30,26,36,35,28,29,30,29,32,33,
34,31,39,33,30,33,37,31,34,35,35,34,32,32,30,37,25,34,35,37,30,30,29,32,30,33,30,34,33,31,34,33,38,31,32,34,30,33,36,34,33,28,35,33,32,33,34,34,34,34,32,35,33,32,36,26,38,39,32,32,32,33,29,29,37,35,36,33,37,38,34,33,37,34,37,31,31,31,31,31,33,28,34,27,27,35,35,30,32,30,25,25,26,27,24,32,33,30,35,29,35,35,29,33,32,32,33,30,27,36,35,34,39,40,39,28,36,40,30,34,35,32,36,37,33,35,33,34,32,31,32,33,30,37,30,29,34,38,28,31,31,35,38,33,34,35,34,36,34,33,33,33,31,35,28,34,33,34,36,36,34,35,32,28,30,31,28,31,33,37,34,25,31,32,33,36,34,30,27,38,28,27,33,34,31,33,30,31,35,26,33,36,35,26,30,32,31,28,34,31,34,33,38,35,36,34,32,31,30,35,36,39,36,35,35,35,37,38,35,36,36,34,31,30,31,30,27,28,35,35,34,37,38,37,32,38,34,39,38,34,34,32,32,31,31,33,32,31,26,27,27,28,31,32,32,32,
33,39,40,38,38,38,37,31,35,37,37,36,34,33,29,32,28,34,35,35,33,30,33,33,34,31,28,34,34,32,32,34,34,38,38,35,31,36,34,34,40,35,30,30,37,37,35,32,29,30,33,36,32,34,34,32,32,27,33,29,34,31,31,29,30,31,32,34,29,28,38,34,37,36,38,34,32,33,33,36,34,34,35,35,34,34,33,31,31,33,31,24,27,28,26,32,33,32,31,33,32,27,37,34,33,32,33,35,29,29,34,35,37,39,36,27,36,36,30,37,35,31,36,32,35,35,35,34,34,32,33,33,32,31,31,35,38,36,28,33,32,37,36,36,34,36,39,37,38,31,30,30,30,35,35,34,34,37,28,31,37,36,36,31,38,31,32,35,32,38,39,27,31,31,26,28,32,36,37,39,28,31,32,34,30,33,32,35,36,28,29,44,36,29,32,33,32,28,35,36,32,32,31,35,32,35,33,35,33,29,32,28,39,34,36,37,34,36,39,36,34,37,35,35,30,30,29,29,36,35,37,30,37,37,39,39,36,34,35,36,35,37,33,38,31,32,33,34,29,29,30,33,32,34,33,33,
34,34,40,39,39,38,40,31,34,35,36,37,29,30,30,30,32,28,36,35,30,34,33,35,33,28,32,28,34,34,30,30,36,32,39,35,33,38,38,35,35,36,35,32,36,37,36,37,34,34,37,38,32,30,33,32,31,27,30,28,37,33,31,32,30,29,31,30,30,38,35,38,34,34,38,36,33,34,36,35,34,35,40,36,36,36,28,32,33,34,29,25,25,29,26,28,27,33,33,33,32,36,37,30,34,34,34,38,30,30,30,33,36,31,37,36,31,39,38,36,35,32,35,32,33,38,36,35,35,34,36,34,34,38,34,29,35,28,32,36,33,37,37,36,37,38,37,33,37,31,31,31,35,30,34,36,35,39,36,30,35,32,29,33,32,40,35,33,34,34,39,39,35,32,33,36,33,37,29,38,36,28,32,33,35,32,35,34,37,29,29,28,35,43,38,32,34,34,30,37,37,38,37,32,34,32,36,36,33,30,37,37,33,36,34,35,34,35,30,36,38,36,34,35,31,30,29,29,35,36,38,30,40,38,41,36,34,35,34,30,30,30,38,32,32,34,32,32,33,30,35,33,31,35,33,34,
35,33,39,41,40,40,40,38,36,34,30,35,30,36,30,31,32,33,28,30,31,36,34,34,34,32,33,29,31,39,32,30,32,36,36,36,33,34,38,31,40,36,30,37,35,38,35,36,37,34,38,41,32,30,33,34,31,31,30,29,44,39,38,34,33,30,32,35,30,38,35,35,35,37,38,35,34,33,38,36,37,35,32,31,37,37,28,38,34,35,33,32,27,28,30,33,27,33,33,33,29,37,36,30,38,31,32,32,40,39,37,36,34,37,36,36,32,37,38,39,36,35,36,36,33,36,35,36,33,36,36,31,36,32,30,29,29,29,33,39,35,39,36,36,35,35,38,35,34,31,31,33,35,36,34,33,39,39,36,36,31,32,30,34,35,40,33,35,37,34,34,34,40,35,34,28,34,35,34,30,36,38,33,37,35,36,37,37,37,38,29,35,37,44,39,38,35,35,35,38,39,38,31,32,34,39,33,39,30,36,35,34,35,36,36,32,31,30,31,37,35,37,33,35,31,33,31,30,30,33,32,34,34,34,40,36,37,37,37,31,32,31,31,30,33,37,33,34,34,34,33,33,36,34,36,35,
34,34,40,41,27,36,34,38,36,38,31,37,34,31,30,29,33,34,38,38,36,36,29,34,35,35,33,34,35,34,43,37,36,34,38,35,33,34,34,38,42,33,32,37,33,37,37,37,32,37,38,31,41,33,34,35,35,35,34,30,42,40,37,35,35,37,30,38,33,39,34,36,30,38,38,39,35,36,40,38,39,31,36,35,32,37,32,33,30,38,36,33,33,28,35,40,34,35,34,34,33,28,31,35,30,31,32,48,32,32,34,38,34,38,36,37,33,36,39,36,36,36,35,35,37,37,37,37,34,40,37,34,33,33,33,30,31,32,33,35,36,35,33,33,31,31,39,38,35,35,35,35,36,34,33,34,34,41,41,37,36,37,36,34,35,35,32,33,33,36,31,34,33,35,34,38,34,36,39,38,30,38,35,36,32,36,31,40,39,40,35,36,36,33,40,36,36,38,36,39,31,38,38,32,34,30,32,34,30,35,35,35,35,38,36,39,38,32,31,33,32,33,37,35,36,38,34,32,35,36,33,31,35,37,41,37,37,35,39,37,31,32,33,29,33,38,35,36,35,34,34,36,34,36,34,36,
36,37,39,41,28,35,35,38,39,31,39,38,37,31,33,31,34,37,39,36,35,37,34,34,35,35,33,31,35,31,43,43,37,37,34,34,34,34,35,38,31,39,34,37,43,42,41,40,34,38,33,34,35,35,39,36,36,35,36,37,46,44,38,37,35,36,37,34,34,33,33,39,32,39,33,39,40,36,36,38,40,31,36,34,34,34,33,39,39,39,39,41,36,28,38,36,40,38,34,35,33,28,36,37,31,31,31,34,48,36,33,39,39,36,32,36,36,36,38,37,40,38,36,37,40,39,42,37,37,37,38,40,37,34,39,33,40,32,32,39,32,38,35,34,38,32,34,31,35,33,36,36,37,41,34,33,38,41,35,35,30,36,37,35,36,35,35,35,33,41,39,36,32,34,35,33,36,35,33,34,38,31,37,35,34,37,32,40,40,37,35,39,36,36,36,39,37,38,35,40,32,35,32,32,32,31,33,40,35,31,38,36,34,37,37,40,38,33,30,33,36,33,34,36,37,37,32,35,37,36,32,38,32,32,29,37,37,35,37,38,37,36,43,32,33,41,38,31,37,35,34,34,35,35,34,34,
36,37,40,40,42,36,34,39,36,39,32,37,31,32,39,42,31,34,36,40,36,36,35,34,34,35,33,33,43,43,44,43,35,37,37,38,35,35,32,35,32,34,41,40,38,31,42,42,38,35,34,34,37,37,37,34,37,37,35,38,46,42,38,37,36,36,34,30,34,37,37,38,38,33,41,41,41,36,37,39,41,31,35,37,37,33,35,39,38,38,39,35,36,36,36,41,37,37,38,41,36,32,31,37,34,33,33,41,34,35,50,33,40,39,33,38,37,37,35,40,37,36,39,36,37,43,40,39,34,38,37,41,37,36,36,34,43,39,40,38,35,32,32,32,33,33,30,34,40,34,37,36,42,36,38,34,39,38,36,32,30,32,38,36,36,35,35,32,35,41,34,37,37,36,36,39,37,35,36,38,36,37,37,38,37,35,38,36,36,41,36,40,39,37,38,36,37,39,38,37,39,33,39,34,34,37,38,35,31,36,40,38,32,33,32,30,40,33,32,38,34,37,36,37,36,37,35,36,34,37,33,32,33,33,43,41,39,37,36,39,37,38,32,42,34,39,39,34,31,32,35,35,35,35,37,35,
37,39,34,43,34,43,34,43,36,43,32,31,37,39,43,40,43,35,37,36,36,36,35,34,38,35,33,34,33,42,40,37,38,34,41,34,36,34,36,33,35,32,40,40,35,33,37,39,39,38,37,37,37,38,39,35,39,38,36,41,40,42,43,36,38,36,32,30,34,38,34,37,39,34,35,38,34,43,45,42,38,32,32,37,34,39,35,35,44,39,40,43,35,42,38,37,42,39,34,38,38,32,35,35,33,34,41,43,32,35,38,34,34,33,34,34,35,38,39,38,41,41,37,36,39,39,38,44,37,40,41,37,36,41,38,38,43,37,38,39,39,36,33,40,31,33,32,33,32,40,41,38,41,39,35,35,40,40,36,37,37,36,38,37,38,35,34,37,38,32,36,38,38,38,37,39,39,36,37,37,37,41,37,38,37,37,38,37,40,41,40,43,40,34,37,32,38,40,32,32,41,37,39,37,34,35,39,39,34,32,37,41,41,39,43,32,38,32,37,32,31,36,38,36,33,35,40,38,29,35,34,34,34,34,37,41,30,39,37,35,35,38,38,35,35,44,36,39,35,34,35,36,37,37,36,37,
38,39,36,32,43,43,35,36,37,35,35,38,38,41,42,44,43,41,40,36,37,41,35,38,37,41,43,34,34,40,44,36,38,35,38,39,34,35,35,35,38,36,41,41,35,32,38,41,41,42,37,38,38,39,40,36,35,39,38,40,40,42,41,42,37,46,39,40,33,34,43,37,44,40,36,43,42,40,41,42,42,38,33,37,39,38,41,35,38,34,40,45,43,44,43,38,40,42,37,42,34,38,35,31,37,34,39,32,43,32,35,48,36,34,39,35,38,39,38,33,40,35,39,40,40,41,39,38,37,36,41,38,35,36,39,39,45,36,36,41,37,36,38,41,40,40,33,39,32,35,41,36,34,40,39,38,40,40,34,38,42,43,38,37,36,36,37,37,40,35,33,34,39,40,40,39,41,40,34,38,38,36,36,38,39,43,37,36,38,38,36,37,42,36,33,37,37,36,35,41,42,40,36,38,38,35,38,42,40,39,41,42,39,40,43,34,34,38,33,38,39,29,40,38,40,36,36,37,38,32,39,35,37,35,34,32,31,38,39,37,38,38,35,37,43,45,43,37,36,38,35,36,36,37,38,36,
36,37,37,40,42,44,35,42,37,36,36,43,38,39,38,44,44,43,43,39,36,33,38,36,36,42,40,40,44,41,41,37,37,37,39,39,38,36,36,35,38,38,39,42,38,41,44,42,43,40,41,37,37,37,39,43,34,36,36,41,41,34,38,44,45,45,35,34,35,42,41,40,40,40,45,46,38,44,45,40,43,41,38,40,36,40,35,38,38,40,41,35,42,43,36,37,41,41,40,43,32,32,35,39,45,35,34,34,33,36,41,39,37,38,40,38,37,38,34,34,36,35,36,42,40,41,43,40,38,36,41,42,36,37,38,40,44,40,36,41,37,37,34,34,39,36,41,39,36,36,43,36,32,34,35,36,46,36,41,38,34,43,34,33,37,36,37,37,38,32,36,33,34,35,35,38,39,37,42,40,38,36,39,40,39,38,38,39,38,37,35,37,38,37,36,40,39,39,37,36,36,39,41,37,38,41,37,43,40,41,41,40,38,39,43,40,33,38,37,32,30,42,34,41,33,38,40,36,35,38,40,41,38,40,33,34,39,41,40,38,42,37,37,38,38,38,37,38,38,37,35,36,36,38,40,37,
45,36,44,38,38,42,44,36,35,39,38,44,44,44,42,43,44,47,42,40,37,40,35,38,39,44,41,41,38,37,42,45,45,43,37,46,38,36,37,37,39,39,38,35,36,40,43,45,39,40,41,41,38,38,41,42,42,40,42,39,40,35,36,46,46,46,37,36,39,35,38,36,41,41,42,39,45,45,46,35,40,41,41,40,39,42,35,39,38,48,41,37,38,44,41,35,42,41,40,38,43,45,35,35,44,42,39,38,36,35,36,40,40,39,39,40,38,37,38,40,37,36,42,40,37,39,44,42,41,41,42,44,37,37,38,41,36,40,40,37,37,40,35,40,40,39,37,41,40,44,35,44,39,33,35,47,47,36,42,42,40,34,39,39,38,39,42,43,43,39,38,34,37,38,36,39,41,38,42,38,41,39,40,40,42,40,41,39,39,38,36,38,38,39,36,38,40,40,45,38,43,41,41,39,39,40,38,44,42,40,40,40,39,39,39,41,40,40,38,38,33,39,33,34,39,40,41,37,42,39,40,43,39,37,40,35,42,34,37,38,42,39,38,38,39,39,38,39,38,37,36,40,39,38,38,38,
38,46,46,45,39,43,41,42,35,41,44,43,42,44,43,43,44,47,44,43,43,38,34,39,43,40,40,40,39,38,39,41,43,42,41,47,47,39,40,39,38,40,41,41,35,41,42,39,44,39,41,41,42,40,41,41,43,45,37,40,35,43,37,39,35,39,38,39,37,36,39,43,46,42,41,46,35,41,45,41,37,42,38,42,40,39,42,36,43,44,48,47,38,38,40,37,38,35,42,43,39,46,46,35,45,45,44,40,39,42,37,37,37,38,40,39,39,38,43,40,38,42,41,43,38,38,39,43,39,41,41,37,43,46,38,44,38,37,38,37,40,35,32,37,42,39,39,42,41,37,40,41,40,41,37,36,34,48,34,39,40,44,33,44,39,39,43,42,43,43,39,39,36,36,43,40,39,40,43,44,45,39,42,41,41,41,40,40,39,39,38,39,40,39,40,41,41,38,39,39,42,37,42,42,41,41,38,40,43,42,41,37,43,41,40,41,42,40,40,37,38,38,38,34,34,39,38,40,39,40,42,41,38,38,42,40,42,41,37,36,38,38,41,38,39,44,40,39,40,39,38,40,41,40,42,39,
38,44,47,47,48,43,42,41,42,41,43,44,44,41,39,48,47,45,43,39,44,44,39,39,39,40,41,40,45,44,38,44,37,44,42,37,38,39,38,39,39,42,42,40,40,42,39,44,39,43,40,40,41,41,44,43,41,42,45,44,41,41,41,35,39,36,41,40,38,38,44,37,41,42,42,36,40,42,36,41,41,39,38,44,42,41,39,43,41,44,41,48,40,40,43,40,45,36,41,41,45,47,35,40,40,40,39,41,43,43,41,42,38,43,40,41,38,40,38,39,44,42,43,43,39,42,41,44,41,42,42,42,42,43,40,43,46,44,39,42,40,34,34,36,39,43,40,40,39,40,44,41,44,42,41,41,35,36,35,34,36,37,40,41,46,40,43,40,43,44,43,38,37,35,43,41,41,39,40,43,40,45,42,40,42,40,38,41,42,46,46,38,39,40,40,41,41,39,44,39,39,36,41,39,38,38,40,39,43,41,37,37,45,42,37,39,43,38,39,40,40,38,34,39,35,40,41,40,41,42,50,42,42,39,42,42,43,41,39,40,39,38,38,42,45,48,40,41,40,39,39,39,39,41,43,39,
39,41,39,41,48,42,42,42,42,44,43,43,43,42,46,46,49,48,39,46,39,45,38,39,44,39,42,42,44,43,49,40,45,44,41,43,42,38,40,40,40,42,43,43,41,45,45,45,40,40,39,42,45,41,44,47,38,42,42,40,44,43,44,43,36,40,42,40,39,39,43,38,42,42,42,40,41,38,37,38,42,45,45,42,43,42,38,41,39,44,42,40,41,42,39,41,40,46,43,42,46,45,47,47,47,47,38,39,41,42,42,42,45,44,41,41,38,41,38,40,45,38,42,47,40,41,44,41,42,44,41,43,40,42,43,40,41,39,44,40,42,35,35,42,45,40,45,46,45,46,44,41,45,45,40,42,47,39,36,44,39,38,39,39,40,39,44,42,41,35,44,40,37,36,41,42,43,41,40,41,42,40,45,41,43,42,44,39,45,46,37,39,45,41,41,44,38,44,44,44,38,40,39,41,42,42,40,41,41,43,42,46,43,43,43,44,42,38,42,40,41,42,40,40,40,38,40,42,43,39,49,43,42,40,37,43,41,49,46,44,39,45,42,45,40,51,49,45,41,38,42,40,37,43,39,43,
41,42,42,44,45,43,43,44,45,44,43,44,44,43,44,41,41,39,39,47,44,40,38,44,42,43,43,41,46,38,40,45,42,41,43,42,40,41,41,42,41,42,43,43,40,46,42,46,41,41,40,44,46,46,44,45,48,41,39,38,44,44,45,42,45,45,45,41,42,39,41,44,43,42,44,43,46,42,42,47,47,45,46,45,43,41,45,43,42,44,42,40,40,44,42,40,42,40,38,43,40,48,48,48,47,47,44,43,44,40,40,45,43,45,41,45,44,41,37,39,41,40,43,46,47,40,41,41,43,45,46,45,43,41,40,42,42,43,42,42,40,41,40,35,43,43,41,45,40,47,37,38,38,46,41,42,48,36,40,46,44,39,41,39,41,38,42,42,43,43,44,37,38,39,40,37,44,40,42,40,43,44,48,48,42,43,42,45,44,44,40,44,38,46,47,43,47,41,39,42,44,42,40,40,40,40,39,45,40,41,44,44,44,43,44,45,43,42,43,43,42,41,40,43,41,39,41,41,42,42,42,45,46,43,39,38,38,41,37,47,40,41,42,44,42,43,39,42,42,43,42,40,41,39,42,40,
42,41,43,45,44,44,44,43,43,46,45,43,44,45,42,42,42,37,37,40,39,44,45,44,44,41,43,42,43,46,41,43,46,48,39,40,42,42,45,42,41,42,45,44,44,43,42,44,44,41,46,42,42,47,40,45,46,40,40,38,46,45,38,42,47,46,42,42,43,42,41,40,40,44,43,53,42,42,42,43,43,45,46,44,46,42,40,42,44,45,44,42,40,42,42,41,44,40,45,45,40,45,43,48,44,43,43,40,39,43,42,38,47,46,46,40,40,44,40,42,38,42,46,44,41,43,43,44,42,45,45,47,46,40,41,40,40,43,42,40,41,43,38,36,35,46,42,45,40,41,39,39,39,39,40,39,41,42,45,44,45,39,39,41,43,39,41,43,41,44,45,41,39,43,41,42,43,42,41,42,42,44,45,49,45,42,45,46,45,46,45,45,39,42,47,42,47,40,43,43,45,42,43,48,39,41,39,44,44,43,44,43,43,45,43,44,42,42,44,44,43,44,44,40,45,46,42,41,41,43,42,44,45,46,41,39,40,39,43,45,46,47,44,44,40,43,45,40,39,40,43,39,41,46,43,42,
43,40,45,44,45,45,46,43,44,44,43,45,42,44,39,47,41,46,39,46,39,45,45,44,44,45,42,46,43,38,39,40,45,42,45,46,41,42,43,43,45,43,44,47,45,44,45,44,43,47,44,42,42,42,43,43,46,42,46,46,39,40,39,42,42,47,42,42,43,45,43,44,41,46,44,46,43,42,42,43,44,43,42,44,46,42,41,43,46,44,44,43,44,43,45,41,40,42,44,46,45,45,47,44,43,44,44,40,40,42,44,47,46,43,46,43,41,46,41,46,44,46,44,46,38,43,43,39,46,45,46,48,40,42,42,45,41,41,40,41,40,44,46,37,39,44,45,46,46,44,42,40,42,40,41,41,42,41,44,45,46,46,41,44,44,44,42,42,41,41,45,48,43,42,44,45,46,43,42,43,44,49,48,42,49,49,46,42,47,47,41,45,40,42,45,41,45,41,50,44,41,46,45,49,49,42,41,42,44,44,42,45,47,40,43,44,39,43,45,41,42,45,44,46,47,46,45,45,46,41,46,46,45,47,40,42,42,40,47,46,48,48,46,42,41,41,45,45,45,43,40,40,40,42,42,43,
46,43,44,42,42,44,46,50,41,45,42,43,43,43,40,47,44,47,45,45,44,45,50,39,45,47,45,47,41,39,40,45,44,43,45,42,44,43,43,44,44,44,47,45,47,44,44,47,44,47,48,44,42,44,46,40,43,42,45,47,42,47,40,40,43,48,48,43,43,42,42,43,44,44,47,46,43,54,43,52,53,47,43,46,48,45,42,44,46,45,46,47,42,44,43,46,43,45,41,47,45,44,46,47,43,43,41,42,42,42,45,44,43,44,45,42,44,41,46,45,47,44,46,44,44,51,41,39,40,47,43,41,42,48,42,44,45,46,47,41,40,43,45,42,42,44,45,46,46,46,45,42,42,42,42,41,44,43,44,46,46,47,47,42,40,48,43,41,42,42,46,43,49,43,42,48,47,45,43,45,44,44,43,43,42,47,47,47,42,42,44,42,41,40,44,43,47,40,43,50,44,41,41,45,44,43,45,44,42,44,45,46,48,49,47,40,44,44,43,43,46,43,47,47,44,47,46,46,45,49,48,44,46,45,40,43,42,46,44,47,47,47,42,45,45,44,44,46,47,47,42,40,43,44,42,43,
47,51,43,42,42,50,44,50,43,42,43,45,43,43,48,46,48,43,47,46,46,45,50,41,46,47,47,46,38,39,40,44,45,44,42,42,43,43,47,44,42,42,47,43,46,47,44,46,47,44,39,44,45,45,44,48,43,44,44,45,44,42,48,48,48,42,41,43,44,47,45,46,40,53,46,47,43,43,39,53,49,47,49,45,47,48,42,43,42,46,42,44,42,45,44,42,44,46,46,47,47,48,45,45,44,38,42,42,43,46,45,43,44,44,46,44,44,49,48,46,46,46,46,45,44,52,40,47,41,45,41,42,50,42,45,46,47,48,47,45,46,46,44,42,43,44,44,47,47,45,47,46,45,43,43,45,43,44,44,45,43,44,48,48,45,49,48,44,41,46,45,48,46,43,42,43,44,46,45,41,44,44,45,43,51,48,44,44,44,44,45,44,42,44,47,44,43,40,47,43,43,46,46,47,45,44,45,45,46,45,45,46,47,50,48,45,46,45,45,45,46,40,46,48,47,48,47,45,46,52,48,51,48,45,49,42,40,43,42,46,47,44,43,43,45,45,42,46,48,47,41,42,45,39,42,43,
48,52,41,42,43,43,43,49,47,42,42,45,43,43,42,42,43,45,45,48,47,43,47,47,45,47,47,47,48,44,46,45,46,47,46,43,39,46,44,48,44,48,43,43,50,45,46,45,46,41,40,48,52,48,48,49,46,47,45,46,45,44,44,43,42,44,42,43,48,48,43,46,46,52,52,43,43,49,44,53,49,45,46,48,43,45,44,44,47,43,49,47,45,46,47,47,44,46,47,49,48,48,47,44,45,43,38,44,44,44,47,47,46,45,46,47,44,46,49,47,48,47,42,44,44,47,44,45,48,48,43,45,45,46,45,43,45,47,48,47,46,46,44,43,48,48,46,44,45,48,46,46,47,45,42,45,45,46,46,46,44,46,46,48,40,46,46,46,45,47,47,49,47,44,46,43,44,47,47,45,46,46,44,45,46,41,44,49,48,50,45,44,49,46,46,45,41,44,45,48,43,44,50,45,46,43,46,45,43,43,44,45,43,47,46,48,45,46,50,45,42,45,44,48,47,49,49,47,49,43,51,48,52,44,47,40,40,39,46,47,45,44,44,43,44,43,42,43,43,48,41,44,43,45,41,43,
48,45,42,45,43,44,44,51,49,44,46,43,43,45,42,43,49,44,44,46,46,49,48,47,42,39,48,43,47,49,45,47,46,46,45,45,41,44,49,49,50,45,47,51,44,45,41,45,46,47,46,51,48,46,44,45,47,47,47,48,45,46,44,45,43,45,44,51,50,43,43,46,47,49,45,48,45,45,45,54,47,50,45,44,44,44,44,45,45,46,46,43,48,47,46,48,42,42,48,50,49,48,47,44,43,45,44,40,46,48,46,48,47,47,49,43,44,47,47,50,45,42,49,42,46,48,47,42,45,49,49,43,43,51,47,44,47,46,47,45,42,47,45,45,47,48,50,45,50,50,51,47,51,51,48,44,48,46,44,46,53,45,49,50,46,41,47,47,44,47,47,47,47,45,49,47,45,46,45,48,45,47,47,51,47,42,50,45,49,49,52,48,51,50,45,46,45,42,45,49,48,47,50,45,45,45,43,46,46,45,43,43,46,45,47,47,46,48,47,45,42,47,45,45,49,49,46,43,47,49,51,51,52,44,43,46,40,49,47,48,48,46,45,48,44,46,43,44,47,45,42,43,42,44,43,43,
46,48,47,45,43,44,44,44,50,45,41,45,49,45,46,43,50,49,47,47,47,49,49,48,42,41,45,44,48,49,49,47,46,47,44,45,41,45,44,49,45,47,49,49,50,44,42,54,42,48,41,51,42,48,49,46,48,48,45,45,48,48,45,44,47,53,45,45,46,43,46,47,49,46,48,53,45,44,47,46,48,46,45,47,47,41,47,46,52,47,47,47,48,48,50,48,42,47,47,49,50,49,47,45,44,45,43,41,49,48,48,49,48,49,47,47,45,48,49,48,45,49,43,47,46,44,49,48,44,46,48,46,48,52,51,47,44,44,47,46,42,42,45,46,49,45,49,45,46,51,48,49,49,44,48,48,51,44,50,45,45,46,50,50,50,41,48,41,48,44,49,45,47,48,49,50,48,48,48,48,46,46,47,44,46,51,50,47,46,50,50,49,46,45,47,45,50,48,46,46,44,44,48,46,46,46,46,48,46,42,45,46,45,48,48,45,46,50,49,51,48,47,45,47,46,43,47,48,44,48,44,47,52,49,49,46,47,43,44,49,48,46,47,49,47,49,47,44,48,45,43,43,46,46,44,44,
50,49,47,45,46,44,48,45,48,47,47,47,49,48,45,48,44,49,45,45,49,51,50,49,43,43,44,46,49,46,45,47,47,47,45,45,46,46,45,48,43,48,50,49,44,53,55,54,45,42,46,44,43,49,45,49,49,46,45,45,45,48,45,45,48,54,52,45,43,49,47,49,50,49,53,54,46,50,50,45,47,48,52,45,49,49,49,44,44,53,49,51,48,48,45,48,46,48,44,46,47,47,47,46,45,50,49,50,50,44,46,47,47,49,49,49,46,45,46,46,48,47,42,45,47,48,45,50,52,47,49,49,50,51,52,48,52,48,48,46,46,46,50,46,46,46,44,49,49,52,47,48,48,46,48,49,51,45,51,49,50,48,51,46,43,47,48,49,48,48,45,48,45,47,45,50,49,49,49,48,46,44,47,47,50,52,45,49,49,51,51,50,44,46,49,49,49,49,49,50,48,44,46,49,46,49,47,47,45,47,45,46,47,47,45,50,47,50,49,49,49,49,48,48,49,44,44,48,45,49,45,53,48,46,49,49,47,43,45,44,46,47,47,48,49,49,47,45,45,46,51,44,44,47,46,46,
50,49,48,50,46,45,45,47,48,48,47,48,47,49,52,48,47,46,46,47,47,48,46,46,47,44,43,45,50,44,44,48,44,50,48,48,43,47,49,49,47,48,44,48,48,45,50,46,45,47,43,49,47,52,49,46,48,46,49,46,47,53,47,48,47,46,52,50,46,47,50,51,50,50,50,53,44,50,49,47,51,48,53,53,48,49,49,46,49,45,46,49,49,47,49,48,46,49,47,47,49,48,49,45,44,47,51,51,49,47,49,47,50,46,49,48,47,47,49,47,46,43,52,49,48,47,46,46,53,52,44,51,51,52,54,53,49,50,49,49,47,50,51,50,54,47,45,45,45,44,50,48,49,47,48,48,47,52,51,50,50,46,49,52,47,46,47,49,46,47,46,48,49,50,46,50,45,51,48,45,49,48,45,47,47,49,50,45,48,46,46,52,48,45,49,49,49,50,47,51,46,47,47,47,50,50,47,46,47,46,47,46,47,47,45,55,51,46,49,49,50,49,49,48,44,46,46,45,46,50,46,53,53,46,47,48,49,49,45,45,46,46,49,48,48,47,48,47,46,45,51,46,45,46,47,49,
50,47,52,47,51,50,46,47,47,49,49,48,48,48,49,48,54,46,46,48,46,49,47,52,51,52,47,45,45,48,44,46,45,45,48,48,44,49,47,50,48,45,45,49,45,46,53,52,52,46,48,48,48,51,55,50,49,49,46,47,48,52,54,43,47,54,53,53,45,47,51,48,53,52,51,53,50,50,50,47,47,48,53,51,51,51,48,50,50,49,47,51,47,49,47,49,48,49,44,42,49,47,53,50,47,49,52,52,50,50,50,50,51,54,49,48,48,50,47,49,47,49,48,51,52,50,51,48,47,52,51,51,52,53,52,50,50,50,51,47,48,50,50,51,49,52,52,45,47,46,49,47,53,48,44,50,49,53,47,54,48,50,47,47,49,50,48,49,48,51,50,47,48,49,46,45,49,44,49,44,50,48,49,48,48,47,46,45,48,48,47,47,48,47,47,50,50,51,49,47,47,47,46,50,52,46,51,51,46,47,48,48,47,47,50,54,47,50,48,47,45,50,48,49,45,47,47,50,47,47,53,51,52,52,51,51,50,45,46,45,48,48,53,49,49,49,49,49,47,50,47,52,50,45,48,50,
53,51,48,52,52,50,51,50,48,48,48,44,48,48,51,49,51,54,54,47,49,49,50,49,53,47,48,47,51,51,48,51,51,49,50,49,48,49,49,48,51,51,51,48,50,53,53,52,52,48,43,47,44,55,47,55,49,49,47,48,47,52,54,54,48,45,53,51,45,49,48,51,51,48,49,54,50,49,48,49,49,55,46,48,52,50,50,51,50,47,48,47,47,49,48,50,47,43,48,45,50,48,50,53,48,47,50,48,47,51,51,51,50,50,55,49,49,50,52,50,48,47,51,47,53,46,53,52,53,47,51,52,52,47,52,54,50,49,52,52,48,52,53,51,55,49,50,53,48,49,46,48,50,55,45,50,48,52,48,46,49,46,51,49,49,50,50,49,49,50,52,46,49,48,46,51,49,52,46,50,50,50,49,47,48,52,47,47,50,46,46,47,50,53,48,51,49,48,50,46,47,48,49,51,51,51,51,51,47,50,50,48,49,47,48,55,48,48,48,49,53,46,47,51,50,48,50,48,52,49,52,50,52,54,53,52,52,51,50,48,52,50,48,50,46,50,51,47,48,50,49,49,50,51,51,49,
52,53,51,51,52,50,51,49,50,50,49,52,49,50,48,52,52,50,50,54,51,49,46,50,54,51,50,47,52,53,50,51,49,53,53,51,49,52,53,50,51,52,53,49,49,49,51,48,48,45,44,48,45,47,50,52,54,54,48,49,47,49,47,54,50,54,52,51,51,48,49,53,52,48,48,53,48,51,48,51,50,51,47,49,48,48,51,50,51,47,48,49,49,49,51,49,50,49,49,46,46,51,53,54,54,55,52,49,52,48,49,53,51,51,55,49,50,46,50,48,51,47,51,50,47,47,49,53,49,52,49,52,49,49,53,52,53,50,50,50,51,51,49,53,48,50,53,47,49,46,46,50,51,51,48,47,52,52,51,52,47,47,52,49,49,49,50,50,51,50,49,52,49,52,49,51,53,50,50,44,49,52,49,50,49,48,50,48,50,48,47,48,51,50,53,47,51,46,47,44,53,51,49,50,52,52,50,47,50,49,52,52,47,50,49,49,49,52,49,51,54,49,46,50,48,50,48,48,49,51,52,51,51,51,54,54,53,51,52,52,49,50,51,51,50,50,50,50,50,49,47,49,50,50,51,50,
53,50,52,51,47,49,51,49,55,51,51,53,50,52,53,48,52,48,53,50,48,49,52,46,54,53,51,51,52,52,53,51,52,50,50,49,52,53,50,51,49,50,53,51,51,51,51,49,50,48,49,46,46,48,51,51,55,53,49,50,49,54,47,48,52,51,49,54,52,50,49,53,50,49,50,53,53,50,49,51,49,52,50,51,51,53,50,52,51,51,49,50,49,49,51,53,54,52,51,55,47,52,51,54,51,53,54,53,53,50,49,51,53,53,50,50,49,47,51,49,53,52,50,52,49,48,52,51,49,52,51,48,51,50,49,52,53,51,52,52,52,51,52,50,49,51,50,53,50,47,48,50,47,53,53,49,49,53,52,52,56,55,55,55,52,50,50,52,52,52,51,50,51,53,50,50,51,53,49,45,46,46,53,50,49,54,51,52,51,51,50,48,51,53,52,53,47,47,45,45,48,48,51,51,51,52,51,48,49,52,53,48,48,53,50,49,51,49,53,51,49,54,50,47,48,51,50,49,52,52,51,53,53,52,53,51,53,53,53,53,52,53,51,51,50,50,51,54,51,50,53,48,52,51,52,51,
56,51,52,51,51,50,50,54,55,53,47,50,54,52,49,52,47,54,54,50,52,54,53,52,54,55,54,49,55,53,53,53,52,49,51,50,54,54,55,51,50,52,50,51,54,53,49,50,52,49,50,46,51,49,49,52,55,54,56,51,53,55,54,52,52,52,49,51,54,50,50,53,51,50,50,52,50,48,56,54,50,52,54,49,54,54,53,53,51,54,50,49,51,53,49,51,54,53,50,51,54,50,52,52,52,49,49,52,53,50,51,50,51,52,51,51,50,53,51,54,53,53,51,51,48,48,49,49,50,50,50,49,50,52,51,52,53,50,52,53,53,51,51,53,50,48,51,54,50,48,53,53,48,48,51,49,53,53,54,55,53,53,50,55,54,52,51,50,48,54,51,52,53,50,51,51,52,53,48,51,47,48,53,50,51,51,50,52,52,50,48,51,51,52,50,53,51,50,47,48,48,48,51,52,49,50,53,52,53,52,54,56,49,53,51,50,53,54,50,51,49,48,51,50,50,52,50,50,51,50,51,53,53,51,50,52,52,52,50,54,53,50,53,49,51,50,54,54,50,50,53,54,51,49,52,52,
52,56,54,50,52,51,49,53,54,52,52,50,54,53,55,53,51,52,55,55,53,54,54,55,53,55,56,54,56,52,54,50,53,57,51,54,53,55,52,56,52,52,52,53,52,49,53,50,52,52,50,53,51,49,53,49,53,54,55,51,53,55,55,57,49,54,53,50,52,50,50,50,49,52,52,52,54,51,54,55,49,52,53,54,53,55,51,55,51,55,53,55,53,53,50,54,50,54,51,53,55,54,51,54,51,50,52,54,52,56,52,52,52,53,53,48,55,52,52,50,49,54,50,49,49,50,54,50,52,49,50,51,50,51,53,54,53,50,52,53,52,52,54,53,51,51,50,53,54,49,53,50,48,49,53,53,53,51,54,54,55,50,50,51,52,50,49,52,49,55,54,52,53,52,54,51,53,52,49,50,51,56,50,50,53,53,52,51,55,52,51,56,51,50,52,51,51,49,49,48,52,53,53,51,50,50,55,52,53,53,54,57,51,54,53,54,51,52,54,50,50,50,50,51,50,53,52,51,51,51,53,59,54,51,52,51,51,52,54,50,50,50,53,52,51,52,53,55,53,51,53,52,52,54,53,53,
51,53,49,58,50,52,52,55,53,53,51,52,52,51,54,51,50,50,53,55,54,54,54,53,54,55,54,57,55,56,52,51,50,52,51,55,53,54,56,56,51,52,52,55,53,53,51,52,52,51,57,52,54,54,49,53,53,56,55,55,53,57,55,55,56,52,55,50,51,50,51,56,50,54,53,53,53,51,52,52,50,54,53,55,54,54,59,55,54,54,54,54,52,53,52,50,53,51,54,52,53,52,51,51,51,52,53,50,53,50,55,53,53,54,54,55,53,49,52,55,51,53,51,49,59,53,55,51,53,52,49,49,51,53,53,56,54,50,57,52,52,53,55,53,52,49,57,50,54,54,54,55,53,52,53,54,52,54,54,53,51,54,52,55,50,54,52,53,53,54,54,53,50,52,52,53,51,53,50,50,55,56,50,52,53,54,54,51,54,52,55,55,54,51,54,52,52,55,52,50,53,50,54,51,49,51,52,55,53,55,54,49,58,53,51,55,52,55,56,50,50,53,52,54,50,51,54,54,51,51,55,54,54,54,53,49,52,53,55,50,50,51,50,52,50,52,52,51,50,53,52,52,53,54,49,53,
50,54,50,54,57,58,53,55,52,55,53,58,54,52,53,54,52,54,54,54,54,51,55,56,52,54,56,55,52,54,52,53,53,57,49,55,53,55,53,56,52,51,53,54,54,56,54,53,53,55,57,51,55,55,53,53,54,53,54,56,54,55,53,56,57,54,56,52,52,51,53,51,56,50,53,54,53,52,50,53,54,56,54,56,56,58,60,53,53,53,52,55,51,53,54,52,50,54,53,51,57,52,53,55,52,53,51,55,52,54,51,54,54,53,55,56,54,56,53,52,52,50,55,52,51,58,55,53,54,54,53,50,54,54,52,52,55,52,52,53,53,52,55,57,53,57,50,52,51,54,55,54,52,53,53,52,53,53,54,54,54,56,53,55,52,52,53,52,53,52,55,53,52,53,53,53,54,56,54,55,55,56,51,51,50,54,54,52,55,53,58,55,51,53,54,55,55,56,57,53,52,53,50,51,52,52,51,53,53,53,54,57,59,54,54,54,55,54,54,56,55,54,54,53,52,53,53,54,59,53,50,52,54,52,53,53,50,53,53,52,52,52,52,53,53,52,52,54,54,54,54,52,53,54,51,51,
52,52,54,53,53,59,55,57,52,55,55,52,53,54,53,53,54,53,54,55,57,57,53,56,53,53,54,56,56,54,55,54,53,54,52,52,53,56,55,52,54,53,55,55,52,57,56,53,53,52,57,55,52,51,56,53,53,54,54,54,56,53,53,54,54,52,54,53,53,53,54,54,52,51,54,52,53,53,54,51,51,54,52,57,53,55,54,54,53,54,55,54,53,54,53,52,51,52,56,55,54,55,56,57,55,52,51,57,57,54,55,55,53,52,54,56,55,51,55,53,50,52,55,53,52,54,52,53,56,54,54,53,54,55,53,52,56,55,56,55,55,54,54,54,53,58,53,52,53,52,52,54,54,54,58,53,54,56,54,54,56,58,53,56,58,54,57,53,55,54,53,55,53,53,56,53,57,55,56,54,53,52,55,53,51,53,56,54,55,58,58,58,55,54,54,54,53,56,53,54,53,53,54,52,52,55,52,54,52,53,57,54,57,54,55,52,57,55,55,55,56,54,55,53,53,53,53,55,58,59,51,50,53,52,53,54,54,54,54,53,53,54,51,53,51,52,54,52,55,53,53,55,56,53,52,50,
53,53,53,54,54,58,55,56,56,55,55,56,59,54,53,54,56,56,55,55,55,56,53,57,56,53,56,57,55,56,55,55,55,55,55,56,53,57,53,55,56,57,55,55,57,55,56,56,56,55,53,55,55,56,55,55,54,55,58,54,58,57,54,53,51,53,56,56,54,55,54,57,54,58,55,54,55,54,54,57,58,54,55,53,58,57,55,58,54,56,55,56,56,56,54,53,53,56,54,52,55,59,56,57,57,55,55,52,54,54,55,55,56,55,53,54,53,54,54,54,58,53,54,53,54,55,56,54,56,53,52,53,53,54,53,52,54,57,57,57,54,53,54,55,55,54,55,54,54,52,56,54,58,55,57,58,55,55,56,54,54,56,57,56,57,54,53,56,55,55,57,56,56,54,55,54,56,55,56,56,54,53,57,56,54,54,53,53,55,56,54,56,58,54,57,57,54,54,54,57,53,54,55,54,56,56,55,51,56,53,56,55,58,55,54,57,54,53,55,52,56,54,55,57,54,52,54,56,58,58,60,58,56,54,54,53,54,54,55,53,54,54,54,54,52,54,54,53,55,53,57,56,55,53,54,56,
56,58,53,57,58,55,56,55,55,57,57,56,59,55,55,55,55,56,56,56,56,54,57,55,51,54,56,54,57,56,55,56,56,57,57,57,57,57,58,57,56,55,56,57,57,56,56,57,57,55,59,56,56,56,56,57,54,55,57,55,54,58,54,53,54,58,55,54,56,56,55,56,55,56,54,54,55,55,55,57,58,58,53,55,54,57,55,58,55,55,53,55,57,56,57,53,56,57,54,56,60,58,53,57,53,57,54,56,56,55,54,56,57,52,55,54,54,55,54,55,58,59,56,55,56,55,55,57,58,55,54,55,54,56,53,54,54,55,58,58,56,54,55,53,56,56,56,54,54,55,55,58,57,56,55,56,54,55,55,55,55,56,57,56,55,57,56,56,58,55,56,56,55,57,55,56,57,55,56,53,55,55,58,55,57,56,54,55,54,57,55,54,58,58,58,59,53,54,55,55,55,54,56,55,57,57,56,52,52,52,55,54,55,54,56,58,56,54,52,52,53,54,59,54,58,52,58,58,59,58,55,59,55,54,55,54,55,60,55,54,55,53,54,53,54,55,55,56,56,55,55,57,55,56,55,57,
55,55,57,58,58,59,59,54,56,58,58,54,56,53,56,57,54,54,57,56,57,54,55,58,56,52,54,55,57,56,56,55,54,56,57,58,56,56,56,56,56,57,55,57,58,57,55,57,57,57,57,54,56,59,57,59,57,55,54,57,56,55,57,54,55,56,55,55,55,54,55,56,54,57,55,55,55,56,56,58,58,57,58,54,57,59,58,56,58,59,58,54,58,58,57,56,57,56,54,57,55,57,53,54,54,54,55,58,55,55,54,55,54,53,55,59,55,56,55,56,55,56,58,55,58,56,58,60,59,56,55,57,55,54,54,53,53,53,56,59,53,55,58,54,60,57,55,56,55,57,56,56,55,57,56,57,56,56,55,55,56,54,56,57,56,57,58,56,55,54,55,57,54,56,56,57,58,56,57,56,58,56,55,58,57,56,53,54,54,52,57,56,58,56,57,56,54,55,54,55,56,53,57,58,56,55,56,55,58,57,55,55,57,56,55,56,57,56,56,53,54,59,55,55,56,57,56,56,54,58,56,60,60,55,56,55,56,56,56,56,57,55,55,58,57,56,57,59,57,55,57,56,57,61,57,56,
58,54,58,56,58,57,56,57,60,58,59,58,53,54,54,59,56,55,56,57,59,59,57,55,56,55,56,55,57,56,57,56,57,54,58,56,57,57,58,58,55,57,55,57,54,56,57,58,57,58,56,55,55,56,55,60,58,55,58,59,59,56,56,57,54,57,56,55,54,57,57,54,55,55,58,59,57,56,56,55,59,58,58,55,56,58,57,54,56,56,60,56,57,59,59,58,57,57,55,58,59,60,55,54,54,57,54,55,57,57,55,55,55,56,58,59,57,56,56,54,56,56,56,59,58,57,57,56,57,56,56,57,55,56,54,58,58,57,55,60,57,57,59,60,55,58,57,56,56,55,56,60,57,58,57,57,57,56,57,57,57,57,55,55,57,57,59,59,56,57,56,58,58,56,57,56,57,58,58,55,59,60,56,59,56,57,56,56,56,54,55,56,57,57,57,54,57,56,56,55,57,54,57,58,57,59,57,56,60,57,56,56,58,58,54,56,58,58,57,55,55,58,54,58,55,58,56,57,55,55,56,57,55,54,57,56,56,56,57,57,54,58,55,58,60,57,57,56,54,59,55,57,56,58,57,60,
57,55,55,58,56,57,57,58,58,60,60,56,56,55,56,60,60,56,56,57,59,55,57,57,56,55,56,57,56,60,59,58,58,55,58,58,57,57,58,57,56,56,58,57,54,56,56,57,57,57,55,58,57,57,61,58,61,56,58,60,58,59,58,58,58,58,57,56,58,56,57,56,56,57,57,55,59,60,57,56,56,57,58,57,57,57,56,58,55,60,60,56,58,56,59,56,58,56,59,57,60,55,60,57,55,58,57,56,59,58,59,55,55,57,57,56,58,57,57,57,55,56,57,58,58,58,58,58,57,57,57,58,58,57,58,59,58,59,59,56,57,57,59,57,60,56,57,56,57,57,58,57,59,56,58,58,55,57,57,57,56,56,58,56,57,57,58,55,58,58,57,59,58,60,60,57,57,57,56,59,56,59,57,56,57,57,56,58,55,56,57,56,58,59,56,56,58,57,57,59,56,58,60,55,58,54,58,57,57,60,60,61,61,59,59,59,59,57,58,58,60,56,58,55,55,58,58,57,56,56,57,56,58,56,58,58,59,55,59,59,57,57,55,54,61,61,58,55,54,55,60,54,55,58,59,60,
57,57,56,58,58,59,57,60,59,58,57,56,57,55,56,56,57,58,57,57,60,57,56,58,57,59,56,58,59,59,60,59,57,57,59,59,59,59,58,56,60,57,59,57,55,57,57,57,58,59,55,58,57,56,61,59,61,57,61,61,60,60,60,60,60,59,60,60,60,56,57,61,57,57,58,60,57,60,56,58,57,58,59,57,58,55,59,57,58,58,56,57,58,57,56,57,57,57,56,57,57,56,59,57,57,56,59,58,59,59,58,60,57,58,57,59,57,58,58,58,58,57,58,58,56,59,58,56,58,57,58,58,56,58,56,57,58,59,58,57,57,58,57,58,60,59,58,58,56,57,57,57,57,57,60,56,56,55,57,59,57,59,59,57,57,56,57,59,60,58,60,57,58,59,57,61,59,59,60,59,59,59,58,56,57,59,59,59,58,60,58,56,58,58,59,56,56,58,57,58,57,59,60,60,56,61,57,57,58,58,58,60,58,57,59,60,59,58,57,60,58,60,58,57,56,57,56,56,58,59,61,59,57,58,58,59,57,58,59,58,59,57,58,60,59,58,59,56,56,59,57,56,56,56,57,61,
58,59,58,59,56,57,59,59,59,59,59,57,59,57,58,58,60,59,60,58,56,60,57,63,59,59,58,58,58,57,61,60,59,57,57,59,60,60,58,57,57,61,59,59,58,58,58,58,60,58,60,56,59,57,57,59,58,61,58,61,60,60,61,60,58,60,60,61,58,60,58,56,59,58,59,57,56,58,60,58,58,59,57,59,58,58,56,59,59,58,58,58,61,58,57,56,59,58,60,57,60,58,61,59,59,57,57,58,59,59,57,59,58,58,57,60,58,59,60,59,58,58,57,58,59,59,59,60,59,59,60,58,58,58,58,58,61,57,58,60,59,59,58,59,59,60,59,57,57,57,57,57,57,57,57,56,57,58,59,60,60,58,59,59,58,60,58,58,58,59,60,58,58,58,59,58,59,58,61,57,61,59,58,59,57,59,60,59,58,61,57,59,61,58,57,59,57,57,60,58,59,58,58,60,60,61,58,60,60,60,58,59,56,58,59,58,61,57,58,59,59,59,60,59,59,58,59,60,59,57,61,58,57,60,59,60,58,57,60,57,57,59,60,60,59,57,60,57,62,58,60,56,59,60,58,57,
61,57,58,59,60,60,58,60,60,63,58,58,60,58,60,59,59,60,59,59,60,59,60,60,62,60,60,59,60,59,58,59,60,59,57,60,60,61,60,59,58,59,57,60,59,60,59,63,61,59,61,59,60,59,61,60,59,61,58,58,60,60,59,61,60,58,60,61,60,58,57,61,59,62,60,58,58,57,59,60,58,57,59,59,59,59,57,60,61,59,59,60,60,58,59,58,59,61,58,57,57,59,59,59,60,60,58,59,58,60,61,58,59,60,57,58,62,59,61,60,59,59,59,59,58,60,60,61,60,60,60,60,58,59,59,58,58,60,58,61,58,59,59,58,60,59,59,60,58,57,58,60,59,58,57,59,57,59,59,60,59,59,60,59,61,59,60,59,60,60,61,61,57,58,58,59,60,60,59,61,60,59,60,58,59,58,59,59,60,59,59,58,62,59,61,59,58,57,60,60,59,59,58,60,60,60,61,60,61,61,60,60,58,60,60,57,58,58,59,61,61,60,60,58,60,57,60,60,58,59,58,61,61,60,59,60,59,63,58,58,59,58,61,59,58,58,60,59,60,59,60,59,60,58,59,60,
59,60,60,58,60,60,61,58,60,60,61,60,59,59,60,61,60,60,61,60,59,60,59,60,61,61,60,59,60,60,61,61,59,60,59,58,59,59,60,59,58,59,58,58,60,61,60,62,63,62,62,59,59,61,59,60,61,59,60,62,60,61,60,61,59,60,60,62,59,60,59,63,60,60,63,61,59,61,60,59,59,62,58,60,59,61,60,59,61,59,62,61,60,61,59,59,60,61,62,58,59,60,60,60,59,59,60,61,60,60,61,61,60,60,60,60,61,59,61,62,60,61,59,60,61,61,61,59,61,60,61,59,59,60,58,60,60,58,61,60,58,60,61,59,61,59,61,59,59,58,59,63,58,62,60,61,58,58,61,61,61,61,60,59,60,59,59,60,60,61,59,62,59,60,59,60,58,59,59,62,61,59,60,61,63,60,60,59,60,59,60,60,63,61,62,59,60,61,58,58,60,59,60,62,59,60,60,61,60,62,61,60,59,59,61,61,59,59,60,61,60,62,61,60,61,61,60,61,59,61,60,59,62,60,59,62,59,60,58,61,59,58,61,60,60,61,60,59,58,58,61,62,60,58,60,60,
60,60,60,62,61,62,61,62,61,62,60,61,61,62,61,61,61,61,60,60,60,59,59,62,61,62,61,62,61,61,61,61,61,59,61,62,60,59,62,60,59,60,60,60,60,60,61,59,60,62,63,62,61,61,60,62,62,61,61,62,61,61,59,61,61,59,61,62,62,62,61,60,62,61,61,60,61,60,61,61,59,61,59,62,60,59,59,61,62,63,62,62,60,60,60,61,60,61,63,60,60,60,60,60,61,59,59,59,61,61,60,60,61,61,61,61,62,60,62,62,62,59,60,60,61,61,62,60,61,61,61,60,60,60,62,61,60,60,60,59,60,60,62,61,60,61,60,62,60,62,60,61,61,60,61,60,62,59,61,60,60,61,60,61,63,60,60,60,63,62,59,63,62,59,61,61,61,60,59,61,62,62,60,61,62,61,60,60,63,59,61,60,60,62,60,62,60,59,59,60,60,60,61,60,61,60,61,59,62,61,62,61,63,62,61,59,59,60,59,60,60,60,60,59,61,61,61,59,62,60,62,60,62,60,61,60,62,60,61,62,62,59,61,61,62,62,62,62,59,61,59,60,62,62,60,61,
62,61,60,62,62,62,62,63,61,63,61,61,61,63,60,62,62,61,62,61,61,62,61,60,62,63,61,61,62,63,63,61,60,63,60,60,61,60,60,62,62,60,61,62,62,63,62,61,61,62,60,61,63,63,62,61,61,63,61,61,60,60,61,61,62,63,60,61,63,62,61,62,62,61,62,60,60,61,61,60,60,60,62,62,63,61,62,61,60,62,61,62,62,62,62,61,61,60,63,62,61,61,61,61,60,60,61,63,61,61,61,61,61,60,62,60,63,61,62,62,62,61,61,61,62,62,60,63,63,62,60,60,61,61,62,63,63,60,62,61,61,61,63,60,61,62,61,60,62,62,60,61,61,60,60,61,62,61,61,61,61,61,60,61,61,62,61,63,61,61,61,61,62,64,62,61,61,60,61,61,61,61,61,61,61,60,60,60,62,60,60,61,60,60,60,61,61,61,63,61,62,60,61,61,62,62,60,60,61,62,61,61,61,63,61,60,61,61,61,62,60,61,62,60,62,61,60,61,62,62,60,62,60,61,62,62,60,62,61,62,63,62,60,62,62,63,62,60,62,62,60,60,61,62,61,61,
63,63,63,63,62,63,61,62,63,62,62,62,62,61,63,62,61,62,62,62,62,63,62,62,62,62,61,61,62,62,61,61,62,63,62,61,62,61,63,62,61,61,61,61,62,62,62,63,62,63,61,62,62,62,62,62,62,61,61,61,62,61,64,61,61,62,62,62,62,62,64,61,63,61,61,61,62,61,62,61,61,61,61,61,63,63,62,61,63,62,63,61,63,61,62,64,62,61,61,62,64,64,64,61,61,62,62,63,63,61,63,62,61,62,62,63,61,62,62,63,63,62,61,62,63,62,62,62,63,63,61,63,61,63,63,63,62,61,61,61,62,62,62,61,63,61,61,61,63,63,62,61,62,61,61,61,62,61,62,62,62,61,62,61,61,63,62,62,63,61,62,61,62,61,63,63,62,61,61,64,62,61,62,61,64,62,61,64,62,62,61,61,63,62,63,62,61,62,63,62,62,62,61,62,62,63,63,61,62,61,63,62,62,63,63,61,62,62,62,62,62,61,63,62,61,62,62,62,62,63,61,61,63,62,63,61,62,62,62,62,62,61,61,63,62,62,62,63,62,62,61,62,62,62,62,62,
63,63,63,63,62,64,62,62,63,62,62,64,62,63,62,62,64,64,62,62,63,64,62,63,63,63,63,63,63,62,62,62,62,64,63,63,64,62,62,64,64,63,63,63,62,62,62,63,62,64,63,63,62,62,63,63,63,62,63,62,62,63,62,62,62,62,63,62,62,63,62,62,64,63,62,63,62,63,62,62,62,62,63,62,62,64,63,62,64,62,62,63,63,63,62,64,64,62,63,64,63,62,62,64,62,63,62,62,63,63,63,64,63,62,63,62,63,62,63,62,63,63,64,62,63,63,62,62,63,63,63,63,63,62,63,62,63,62,62,64,63,63,63,62,62,63,62,63,64,63,63,62,63,62,63,62,62,62,62,63,64,63,63,62,63,64,62,63,63,62,62,63,63,63,62,63,63,62,62,64,62,62,63,63,63,62,62,63,63,63,62,62,63,62,63,62,62,62,62,62,63,62,62,63,62,62,63,62,63,62,63,63,62,63,63,64,62,62,63,64,63,63,62,62,62,62,63,62,62,64,64,63,63,62,63,62,62,63,62,62,64,63,63,63,63,62,63,62,63,62,62,63,62,62,62,62,
63,63,63,64,63,63,63,63,63,64,63,63,63,63,63,63,63,63,63,63,63,63,63,64,63,63,63,64,64,63,64,63,63,63,64,63,64,63,63,63,63,63,63,63,64,63,63,63,63,63,63,63,63,63,63,63,63,63,63,63,64,63,63,63,63,63,63,64,63,63,64,64,64,63,64,63,63,63,63,64,63,63,63,64,63,63,63,63,63,64,63,63,64,63,64,63,63,63,63,64,64,63,64,63,63,63,63,64,64,63,63,63,64,64,64,63,63,64,63,64,63,63,63,63,64,63,63,63,64,63,63,64,64,63,64,63,63,64,63,63,64,63,63,63,64,63,63,63,63,64,63,63,64,63,64,63,63,64,63,63,63,64,63,64,63,63,63,63,63,63,64,63,63,64,63,64,64,63,63,63,64,64,63,63,63,63,63,64,63,63,63,64,63,63,63,63,64,63,63,64,63,63,63,63,63,63,63,63,63,63,63,63,64,64,63,63,63,63,63,63,64,64,63,63,63,63,63,63,63,63,64,64,64,63,63,64,64,64,64,63,63,63,64,63,63,64,63,63,63,63,63,64,64,63,63,64,
64,64,64,64,64,64,64,64,64,64,64,64,64,64,64,64,64,64,64,64,64,64,64,64,64,64,64,64,64,64,64,64,64,64,64,64,64,64,64,64,64,64,64,64,64,64,64,64,64,64,64,64,64,64,64,64,64,64,64,64,64,64,64,64,64,64,64,64,64,64,64,64,64,64,64,64,64,64,64,64,64,64,64,64,64,64,64,64,64,64,64,64,64,64,64,64,64,64,64,64,64,64,64,64,64,64,64,64,64,64,64,64,64,64,64,64,64,64,64,64,64,64,64,64,64,64,64,64,64,64,64,64,64,64,64,64,64,64,64,64,64,64,64,64,64,64,64,64,64,64,64,64,64,64,64,64,64,64,64,64,64,64,64,64,64,64,64,64,64,64,64,64,64,64,64,64,64,64,64,64,64,64,64,64,64,64,64,64,64,64,64,64,64,64,64,64,64,64,64,64,64,64,64,64,64,64,64,64,64,64,64,64,64,64,64,64,64,64,64,64,64,64,64,64,64,64,64,64,64,64,64,64,64,64,64,64,64,64,64,64,64,64,64,64,64,64,64,64,64,64,64,64,64,64,64,64,