[64, 256, 128]
0,0,0,0,0,0,0,0,0,0,0,0,0,0,0,0,0,0,0,0,0,0,0,0,0,0,0,0,0,0,0,0,0,0,0,0,0,0,0,0,0,0,0,0,0,0,0,0,0,0,0,0,0,0,0,0,0,0,0,0,0,0,0,0,0,0,0,0,0,0,0,0,0,0,0,0,0,0,0,0,0,0,0,0,0,0,0,0,0,0,0,0,0,0,0,0,0,0,0,0,0,0,0,0,0,0,0,0,0,0,0,0,0,0,0,0,0,0,0,0,0,0,0,0,0,0,0,0,0,0,0,0,0,0,0,0,0,0,0,0,0,0,0,0,0,0,0,0,0,0,0,0,0,0,0,0,0,0,0,0,0,0,0,0,0,0,0,0,0,0,0,0,0,0,0,0,0,0,0,0,0,0,0,0,0,0,0,0,0,0,0,0,0,0,0,0,0,0,0,0,0,0,0,0,0,0,0,0,0,0,0,0,0,0,0,0,0,0,0,0,0,0,0,0,0,0,0,0,0,0,0,0,0,0,0,0,0,0,0,0,0,0,0,0,0,0,0,0,0,0,0,0,0,0,0,0,
0,0,0,0,0,0,0,0,0,0,0,0,0,0,0,0,0,0,0,0,0,0,0,0,0,0,0,0,0,0,0,0,0,0,0,0,0,0,0,0,0,0,0,0,0,0,0,0,0,0,0,0,0,0,0,0,0,0,0,0,0,0,0,0,0,0,0,0,0,0,0,0,0,0,0,0,0,0,0,0,0,0,0,0,0,0,0,0,0,0,0,0,0,0,0,0,0,0,0,0,0,0,0,0,0,0,0,0,0,0,0,0,0,0,0,0,0,0,0,0,0,0,0,0,0,0,0,0,0,0,0,0,0,0,0,0,0,0,0,0,0,0,0,0,0,0,0,0,0,0,0,0,0,0,0,0,0,0,0,0,0,0,0,0,0,0,0,0,0,0,0,0,0,0,0,0,0,0,0,0,0,0,0,0,0,0,0,0,0,0,0,0,0,0,0,0,0,0,0,0,0,0,0,0,0,0,0,0,0,0,0,0,0,0,0,0,0,0,0,0,0,0,0,0,0,0,0,0,0,0,0,0,0,0,0,0,0,0,0,0,0,0,0,0,0,0,0,0,0,0,0,0,0,0,0,0,
0,0,0,0,0,0,0,0,0,0,0,0,0,0,0,0,0,0,0,0,0,0,0,0,0,0,0,0,0,0,0,0,0,0,0,0,0,0,0,0,0,0,0,0,0,0,0,0,0,0,0,0,0,0,0,0,0,0,0,0,0,0,0,0,0,0,0,0,0,0,0,0,0,0,0,0,0,0,0,0,0,0,0,0,0,0,0,0,0,0,0,0,0,0,0,0,0,0,0,0,0,0,0,0,0,0,0,0,0,0,0,0,0,0,0,0,0,0,0,0,0,0,0,0,0,0,0,0,0,0,0,0,0,0,0,0,0,0,0,0,0,0,0,0,0,0,0,0,0,0,0,0,0,0,0,0,0,0,0,0,0,0,0,0,0,0,0,0,0,0,0,0,0,0,0,0,0,0,0,0,0,0,0,0,0,0,0,0,0,0,0,0,0,0,0,0,0,0,0,0,0,0,0,0,0,0,0,0,0,0,0,0,0,0,0,0,0,0,0,0,0,0,0,0,0,0,0,0,0,0,0,0,0,0,0,0,0,0,0,0,0,0,0,0,0,0,0,0,0,0,0,0,0,0,0,0,
0,0,0,0,0,0,0,0,0,0,0,0,0,0,0,0,0,0,0,0,0,0,0,0,0,0,0,0,0,0,0,0,0,0,0,0,0,0,0,0,0,0,0,0,0,0,0,0,0,0,0,0,0,0,0,0,0,0,0,0,0,0,0,0,0,0,0,0,0,0,0,0,0,0,0,0,0,0,0,0,0,0,0,0,0,0,0,0,0,0,0,0,0,0,0,0,0,0,0,0,0,0,0,0,0,0,0,0,0,0,0,0,0,0,0,0,0,0,0,0,0,0,0,0,0,0,0,0,0,0,0,0,0,0,0,0,0,0,0,0,0,0,0,0,0,0,0,0,0,0,0,0,0,0,0,0,0,0,0,0,0,0,0,0,0,0,0,0,0,0,0,0,0,0,0,0,0,0,0,0,0,0,0,0,0,0,0,0,0,0,0,0,0,0,0,0,0,0,0,0,0,0,0,0,0,0,0,0,0,0,0,0,0,0,0,0,0,0,0,0,0,0,0,0,0,0,0,0,0,0,0,0,0,0,0,0,0,0,0,0,0,0,0,0,0,0,0,0,0,0,0,0,0,0,0,0,
0,0,0,0,0,0,0,0,0,0,0,0,0,0,0,0,0,0,0,0,0,0,0,0,0,0,0,0,0,0,0,0,0,0,0,0,0,0,0,0,0,0,0,0,0,0,0,0,0,0,0,0,0,0,0,0,0,0,0,0,0,0,0,0,0,0,0,0,0,0,0,0,0,0,0,0,0,0,0,0,0,0,0,0,0,0,0,0,0,0,0,0,0,0,0,0,0,0,0,0,0,0,0,0,0,0,0,0,0,0,0,0,0,0,0,0,0,0,0,0,0,0,0,0,0,0,0,0,0,0,0,0,0,0,0,0,0,0,0,0,0,0,0,0,0,0,0,0,0,0,0,0,0,0,0,0,0,0,0,0,0,0,0,0,0,0,0,0,0,0,0,0,0,0,0,0,0,0,0,0,0,0,0,0,0,0,0,0,0,0,0,0,0,0,0,0,0,0,0,0,0,0,0,0,0,0,0,0,0,0,0,0,0,0,0,0,0,0,0,0,0,0,0,0,0,0,0,0,0,0,0,0,0,0,0,0,0,0,0,0,0,0,0,0,0,0,0,0,0,0,0,0,0,0,0,0,
0,0,0,0,0,0,0,0,0,0,0,0,0,0,0,0,0,0,0,0,0,0,0,0,0,0,0,0,0,0,0,0,0,0,0,0,0,0,0,0,0,0,0,0,0,0,0,0,0,0,0,0,0,0,0,0,0,0,0,0,0,0,0,0,0,0,0,0,0,0,0,0,0,0,0,0,0,0,0,0,0,0,0,0,0,0,0,0,0,0,0,0,0,0,0,0,0,0,0,0,0,0,0,0,0,0,0,0,0,0,0,0,0,0,0,0,0,0,0,0,0,0,0,0,0,0,0,0,0,0,0,0,0,0,0,0,0,0,0,0,0,0,0,0,0,0,0,0,0,0,0,0,0,0,0,0,0,0,0,0,0,0,0,0,0,0,0,0,0,0,0,0,0,0,0,0,0,0,0,0,0,0,0,0,0,0,0,0,0,0,0,0,0,0,0,0,0,0,0,0,0,0,0,0,0,0,0,0,0,0,0,0,0,0,0,0,0,0,0,0,0,0,0,0,0,0,0,0,0,0,0,0,0,0,0,0,0,0,0,0,0,0,0,0,0,0,0,0,0,0,0,0,0,0,0,0,
0,0,0,0,0,0,0,0,0,0,0,0,0,0,0,0,0,0,0,0,0,0,0,0,0,0,0,0,0,0,0,0,0,0,0,0,0,0,0,0,0,0,0,0,0,0,0,0,0,0,0,0,0,0,0,0,0,0,0,0,0,0,0,0,0,0,0,0,0,0,0,0,0,0,0,0,0,0,0,0,0,0,0,0,0,0,0,0,0,0,0,0,0,0,0,0,0,0,0,0,0,0,0,0,0,0,0,0,0,0,0,0,0,0,0,0,0,0,0,0,0,0,0,0,0,0,0,0,0,0,0,0,0,0,0,0,0,0,0,0,0,0,0,0,0,0,0,0,0,0,0,0,0,0,0,0,0,0,0,0,0,0,0,0,0,0,0,0,0,0,0,0,0,0,0,0,0,0,0,0,0,0,0,0,0,0,0,0,0,0,0,0,0,0,0,0,0,0,0,0,0,0,0,0,0,0,0,0,0,0,0,0,0,0,0,0,0,0,0,0,0,0,0,0,0,0,0,0,0,0,0,0,0,0,0,0,0,0,0,0,0,0,0,0,0,0,0,0,0,0,0,0,0,0,0,0,
0,0,0,0,0,0,0,0,0,0,0,0,0,0,0,0,0,0,0,0,0,0,0,0,0,0,0,0,0,0,0,0,0,0,0,0,0,0,0,0,0,0,0,0,0,0,0,0,0,0,0,0,0,0,0,0,0,0,0,0,0,0,0,0,0,0,0,0,0,0,0,0,0,0,0,0,0,0,0,0,0,0,0,0,0,0,0,0,0,0,0,0,0,0,0,0,0,0,0,0,0,0,0,0,0,0,0,0,0,0,0,0,0,0,0,0,0,0,0,0,0,0,0,0,0,0,0,0,0,0,0,0,0,0,0,0,0,0,0,0,0,0,0,0,0,0,0,0,0,0,0,0,0,0,0,0,0,0,0,0,0,0,0,0,0,0,0,0,0,0,0,0,0,0,0,0,0,0,0,0,0,0,0,0,0,0,0,0,0,0,0,0,0,0,0,0,0,0,0,0,0,0,0,0,0,0,0,0,0,0,0,0,0,0,0,0,0,0,0,0,0,0,0,0,0,0,0,0,0,0,0,0,0,0,0,0,0,0,0,0,0,0,0,0,0,0,0,0,0,0,0,0,0,0,0,0,
0,0,0,0,0,0,0,0,0,0,0,0,0,0,0,0,0,0,0,0,0,0,0,0,0,0,0,0,0,0,0,0,0,0,0,0,0,0,0,0,0,0,0,0,0,0,0,0,0,0,0,0,0,0,0,0,0,0,0,0,0,0,0,0,0,0,0,0,0,0,0,0,0,0,0,0,0,0,0,0,0,0,0,0,0,0,0,0,0,0,0,0,0,0,0,0,0,0,0,0,0,0,0,0,0,0,0,0,0,0,0,0,0,0,0,0,0,0,0,0,0,0,0,0,0,0,0,0,0,0,0,0,0,0,0,0,0,0,0,0,0,0,0,0,0,0,0,0,0,0,0,0,0,0,0,0,0,0,0,0,0,0,0,0,0,0,0,0,0,0,0,0,0,0,0,0,0,0,0,0,0,0,0,0,0,0,0,0,0,0,0,0,0,0,0,0,0,0,0,0,0,0,0,0,0,0,0,0,0,0,0,0,0,0,0,0,0,0,0,0,0,0,0,0,0,0,0,0,0,0,0,0,0,0,0,0,0,0,0,0,0,0,0,0,0,0,0,0,0,0,0,0,0,0,0,0,
0,0,0,0,0,0,0,0,0,0,0,0,0,0,0,0,0,0,0,0,0,0,0,0,0,0,0,0,0,0,0,0,0,0,0,0,0,0,0,0,0,0,0,0,0,0,0,0,0,0,0,0,0,0,0,0,0,0,0,0,0,0,0,0,0,0,0,0,0,0,0,0,0,0,0,0,0,0,0,0,0,0,0,0,0,0,0,0,0,0,0,0,0,0,0,0,0,0,0,0,0,0,0,0,0,0,0,0,0,0,0,0,0,0,0,0,0,0,0,0,0,0,0,0,0,0,0,0,0,0,0,0,0,0,0,0,0,0,0,0,0,0,0,0,0,0,0,0,0,0,0,0,0,0,0,0,0,0,0,0,0,0,0,0,0,0,0,0,0,0,0,0,0,0,0,0,0,0,0,0,0,0,0,0,0,0,0,0,0,0,0,0,0,0,0,0,0,0,0,0,0,0,0,0,0,0,0,0,0,0,0,0,0,0,0,0,0,0,0,0,0,0,0,0,0,0,0,0,0,0,0,0,0,0,0,0,0,0,0,0,0,0,0,0,0,0,0,0,0,0,0,0,0,0,0,0,
0,0,0,0,0,0,0,0,0,0,0,0,0,0,0,0,0,0,0,0,0,0,0,0,0,0,0,0,0,0,0,0,0,0,0,0,0,0,0,0,0,0,0,0,0,0,0,0,0,0,0,0,0,0,0,0,0,0,0,0,0,0,0,0,0,0,0,0,0,0,0,0,0,0,0,0,0,0,0,0,0,0,0,0,0,0,0,0,0,0,0,0,0,0,0,0,0,0,0,0,0,0,0,0,0,0,0,0,0,0,0,0,0,0,0,0,0,0,0,0,0,0,0,0,0,0,0,0,0,0,0,0,0,0,0,0,0,0,0,0,0,0,0,0,0,0,0,0,0,0,0,0,0,0,0,0,0,0,0,0,0,0,0,0,0,0,0,0,0,0,0,0,0,0,0,0,0,0,0,0,0,0,0,0,0,0,0,0,0,0,0,0,0,0,0,0,0,0,0,0,0,0,0,0,0,0,0,0,0,0,0,0,0,0,0,0,0,0,0,0,0,0,0,0,0,0,0,0,0,0,0,0,0,0,0,0,0,0,0,0,0,0,0,0,0,0,0,0,0,0,0,0,0,0,0,0,
0,0,0,0,0,0,0,0,0,0,0,0,0,0,0,0,0,0,0,0,0,0,0,0,0,0,0,0,0,0,0,0,0,0,0,0,0,0,0,0,0,0,0,0,0,0,0,0,0,0,0,0,0,0,0,0,0,0,0,0,0,0,0,0,0,0,0,0,0,0,0,0,0,0,0,0,0,0,0,0,0,0,0,0,0,0,0,0,0,0,0,0,0,0,0,0,0,0,0,0,0,0,0,0,0,0,0,0,0,0,0,0,0,0,0,0,0,0,0,0,0,0,0,0,0,0,0,0,0,0,0,0,0,0,0,0,0,0,0,0,0,0,0,0,0,0,0,0,0,0,0,0,0,0,0,0,0,0,0,0,0,0,0,0,0,0,0,0,0,0,0,0,0,0,0,0,0,0,0,0,0,0,0,0,0,0,0,0,0,0,0,0,0,0,0,0,0,0,0,0,0,0,0,0,0,0,0,0,0,0,0,0,0,0,0,0,0,0,0,0,0,0,0,0,0,0,0,0,0,0,0,0,0,0,0,0,0,0,0,0,0,0,0,0,0,0,0,0,0,0,0,0,0,0,0,0,
0,0,0,0,0,0,0,0,0,0,0,0,0,0,0,0,0,0,0,0,0,0,0,0,0,0,0,0,0,0,0,0,0,0,0,0,0,0,0,0,0,0,0,0,0,0,0,0,0,0,0,0,0,0,0,0,0,0,0,0,0,0,0,0,0,0,0,0,0,0,0,0,0,0,0,0,0,0,0,0,0,0,0,0,0,0,0,0,0,0,0,0,0,0,0,0,0,0,0,0,0,0,0,0,0,0,0,0,0,0,0,0,0,0,0,0,0,0,0,0,0,0,0,0,0,0,0,0,0,0,0,0,0,0,0,0,0,0,0,0,0,0,0,0,0,0,0,0,0,0,0,0,0,0,0,0,0,0,0,0,0,0,0,0,0,0,0,0,0,0,0,0,0,0,0,0,0,0,0,0,0,0,0,0,0,0,0,0,0,0,0,0,0,0,0,0,0,0,0,0,0,0,0,0,0,0,0,0,0,0,0,0,0,0,0,0,0,0,0,0,0,0,0,0,0,0,0,0,0,0,0,0,0,0,0,0,0,0,0,0,0,0,0,0,0,0,0,0,0,0,0,0,0,0,0,0,
0,0,0,0,0,0,0,0,0,0,0,0,0,0,0,0,0,0,0,0,0,0,0,0,0,0,0,0,0,0,0,0,0,0,0,0,0,0,0,0,0,0,0,0,0,0,0,0,0,0,0,0,0,0,0,0,0,0,0,0,0,0,0,0,0,0,0,0,0,0,0,0,0,0,0,0,0,0,0,0,0,0,0,0,0,0,0,0,0,0,0,0,0,0,0,0,0,0,0,0,0,0,0,0,0,0,0,0,0,0,0,0,0,0,0,0,0,0,0,0,0,0,0,0,0,0,0,0,0,0,0,0,0,0,0,0,0,0,0,0,0,0,0,0,0,0,0,0,0,0,0,0,0,0,0,0,0,0,0,0,0,0,0,0,0,0,0,0,0,0,0,0,0,0,0,0,0,0,0,0,0,0,0,0,0,0,0,0,0,0,0,0,0,0,0,0,0,0,0,0,0,0,0,0,0,0,0,0,0,0,0,0,0,0,0,0,0,0,0,0,0,0,0,0,0,0,0,0,0,0,0,0,0,0,0,0,0,0,0,0,0,0,0,0,0,0,0,0,0,0,0,0,0,0,0,0,
0,0,0,0,0,0,0,0,0,0,0,0,0,0,0,0,0,0,0,0,0,0,0,0,0,0,0,0,0,0,0,0,0,0,0,0,0,0,0,0,0,0,0,0,0,0,0,0,0,0,0,0,0,0,0,0,0,0,0,0,0,0,0,0,0,0,0,0,0,0,0,0,0,0,0,0,0,0,0,0,0,0,0,0,0,0,0,0,0,0,0,0,0,0,0,0,0,0,0,0,0,0,0,0,0,0,0,0,0,0,0,0,0,0,0,0,0,0,0,0,0,0,0,0,0,0,0,0,0,0,0,0,0,0,0,0,0,0,0,0,0,0,0,0,0,0,0,0,0,0,0,0,0,0,0,0,0,0,0,0,0,0,0,0,0,0,0,0,0,0,0,0,0,0,0,0,0,0,0,0,0,0,0,0,0,0,0,0,0,0,0,0,0,0,0,0,0,0,0,0,0,0,0,0,0,0,0,0,0,0,0,0,0,0,0,0,0,0,0,0,0,0,0,0,0,0,0,0,0,0,0,0,0,0,0,0,0,0,0,0,0,0,0,0,0,0,0,0,0,0,0,0,0,0,0,0,
0,0,0,0,0,0,0,0,0,0,0,0,0,0,0,0,0,0,0,0,0,0,0,0,0,0,0,0,0,0,0,0,0,0,0,0,0,0,0,0,0,0,0,0,0,0,0,0,0,0,0,0,0,0,0,0,0,0,0,0,0,0,0,0,0,0,0,0,0,0,0,0,0,0,0,0,0,0,0,0,0,0,0,0,0,0,0,0,0,0,0,0,0,0,0,0,0,0,0,0,0,0,0,0,0,0,0,0,0,0,0,0,0,0,0,0,0,0,0,0,0,0,0,0,0,0,0,0,0,0,0,0,0,0,0,0,0,0,0,0,0,0,0,0,0,0,0,0,0,0,0,0,0,0,0,0,0,0,0,0,0,0,0,0,0,0,0,0,0,0,0,0,0,0,0,0,0,0,0,0,0,0,0,0,0,0,0,0,0,0,0,0,0,0,0,0,0,0,0,0,0,0,0,0,0,0,0,0,0,0,0,0,0,0,0,0,0,0,0,0,0,0,0,0,0,0,0,0,0,0,0,0,0,0,0,0,0,0,0,0,0,0,0,0,0,0,0,0,0,0,0,0,0,0,0,0,
0,0,0,0,0,0,0,0,0,0,0,0,0,0,0,0,0,0,0,0,0,0,0,0,0,0,0,0,0,0,0,0,0,0,0,0,0,0,0,0,0,0,0,0,0,0,0,0,0,0,0,0,0,0,0,0,0,0,0,0,0,0,0,0,0,0,0,0,0,0,0,0,0,0,0,0,0,0,0,0,0,0,0,0,0,0,0,0,0,0,0,0,0,0,0,0,0,0,0,0,0,0,0,0,0,0,0,0,0,0,0,0,0,0,0,0,0,0,0,0,0,0,0,0,0,0,0,0,0,0,0,0,0,0,0,0,0,0,0,0,0,0,0,0,0,0,0,0,0,0,0,0,0,0,0,0,0,0,0,0,0,0,0,0,0,0,0,0,0,0,0,0,0,0,0,0,0,0,0,0,0,0,0,0,0,0,0,0,0,0,0,0,0,0,0,0,0,0,0,0,0,0,0,0,0,0,0,0,0,0,0,0,0,0,0,0,0,0,0,0,0,0,0,0,0,0,0,0,0,0,0,0,0,0,0,0,0,0,0,0,0,0,0,0,0,0,0,0,0,0,0,0,0,0,0,0,
0,0,0,0,0,0,0,0,0,0,0,0,0,0,0,0,0,0,0,0,0,0,0,0,0,0,0,0,0,0,0,0,0,0,0,0,0,0,0,0,0,0,0,0,0,0,0,0,0,0,0,0,0,0,0,0,0,0,0,0,0,0,0,0,0,0,0,0,0,0,0,0,0,0,0,0,0,0,0,0,0,0,0,0,0,0,0,0,0,0,0,0,0,0,0,0,0,0,0,0,0,0,0,0,0,0,0,0,0,0,0,0,0,0,0,0,0,0,0,0,0,0,0,0,0,0,0,0,0,0,0,0,0,0,0,0,0,0,0,0,0,0,0,0,0,0,0,0,0,0,0,0,0,0,0,0,0,0,0,0,0,0,0,0,0,0,0,0,0,0,0,0,0,0,0,0,0,0,0,0,0,0,0,0,0,0,0,0,0,0,0,0,0,0,0,0,0,0,0,0,0,0,0,0,0,0,0,0,0,0,0,0,0,0,0,0,0,0,0,0,0,0,0,0,0,0,0,0,0,0,0,0,0,0,0,0,0,0,0,0,0,0,0,0,0,0,0,0,0,0,0,0,0,0,0,0,
0,0,0,0,0,0,0,0,0,0,0,0,0,0,0,0,0,0,0,0,0,0,0,0,0,0,0,0,0,0,0,0,0,0,0,0,0,0,0,0,0,0,0,0,0,0,0,0,0,0,0,0,0,0,0,0,0,0,0,0,0,0,0,0,0,0,0,0,0,0,0,0,0,0,0,0,0,0,0,0,0,0,0,0,0,0,0,0,0,0,0,0,0,0,0,0,0,0,0,0,0,0,0,0,0,0,0,0,0,0,0,0,0,0,0,0,0,0,0,0,0,0,0,0,0,0,0,0,0,0,0,0,0,0,0,0,0,0,0,0,0,0,0,0,0,0,0,0,0,0,0,0,0,0,0,0,0,0,0,0,0,0,0,0,0,0,0,0,0,0,0,0,0,0,0,0,0,0,0,0,0,0,0,0,0,0,0,0,0,0,0,0,0,0,0,0,0,0,0,0,0,0,0,0,0,0,0,0,0,0,0,0,0,0,0,0,0,0,0,0,0,0,0,0,0,0,0,0,0,0,0,0,0,0,0,0,0,0,0,0,0,0,0,0,0,0,0,0,0,0,0,0,0,0,0,0,
0,0,0,0,0,0,0,0,0,0,0,0,0,0,0,0,0,0,0,0,0,0,0,0,0,0,0,0,0,0,0,0,0,0,0,0,0,0,0,0,0,0,0,0,0,0,0,0,0,0,0,0,0,0,0,0,0,0,0,0,0,0,0,0,0,0,0,0,0,0,0,0,0,0,0,0,0,0,0,0,0,0,0,0,0,0,0,0,0,0,0,0,0,0,0,0,0,0,0,0,0,0,0,0,0,0,0,0,0,0,0,0,0,0,0,0,0,0,0,0,0,0,0,0,0,0,0,0,0,0,0,0,0,0,0,0,0,0,0,0,0,0,0,0,0,0,0,0,0,0,0,0,0,0,0,0,0,0,0,0,0,0,0,0,0,0,0,0,0,0,0,0,0,0,0,0,0,0,0,0,0,0,0,0,0,0,0,0,0,0,0,0,0,0,0,0,0,0,0,0,0,0,0,0,0,0,0,0,0,0,0,0,0,0,0,0,0,0,0,0,0,0,0,0,0,0,0,0,0,0,0,0,0,0,0,0,0,0,0,0,0,0,0,0,0,0,0,0,0,0,0,0,0,0,0,0,
0,0,0,0,0,0,0,0,0,0,0,0,0,0,0,0,0,0,0,0,0,0,0,0,0,0,0,0,0,0,0,0,0,0,0,0,0,0,0,0,0,0,0,0,0,0,0,0,0,0,0,0,0,0,0,0,0,0,0,0,0,0,0,0,0,0,0,0,0,0,0,0,0,0,0,0,0,0,0,0,0,0,0,0,0,0,0,0,0,0,0,0,0,0,0,0,0,0,0,0,0,0,0,0,0,0,0,0,0,0,0,0,0,0,0,0,0,0,0,0,0,0,0,0,0,0,0,0,0,0,0,0,0,0,0,0,0,0,0,0,0,0,0,0,0,0,0,0,0,0,0,0,0,0,0,0,0,0,0,0,0,0,0,0,0,0,0,0,0,0,0,0,0,0,0,0,0,0,0,0,0,0,0,0,0,0,0,0,0,0,0,0,0,0,0,0,0,0,0,0,0,0,0,0,0,0,0,0,0,0,0,0,0,0,0,0,0,0,0,0,0,0,0,0,0,0,0,0,0,0,0,0,0,0,0,0,0,0,0,0,0,0,0,0,0,0,0,0,0,0,0,0,0,0,0,0,
0,0,0,0,0,0,0,0,0,0,0,0,0,0,0,0,0,0,0,0,0,0,0,0,0,0,0,0,0,0,0,0,0,0,0,0,0,0,0,0,0,0,0,0,0,0,0,0,0,0,0,0,0,0,0,0,0,0,0,0,0,0,0,0,0,0,0,0,0,0,0,0,0,0,0,0,0,0,0,0,0,0,0,0,0,0,0,0,0,0,0,0,0,0,0,0,0,0,0,0,0,0,0,0,0,0,0,0,0,0,0,0,0,0,0,0,0,0,0,0,0,0,0,0,0,0,0,0,0,0,0,0,0,0,0,0,0,0,0,0,0,0,0,0,0,0,0,0,0,0,0,0,0,0,0,0,0,0,0,0,0,0,0,0,0,0,0,0,0,0,0,0,0,0,0,0,0,0,0,0,0,0,0,0,0,0,0,0,0,0,0,0,0,0,0,0,0,0,0,0,0,0,0,0,0,0,0,0,0,0,0,0,0,0,0,0,0,0,0,0,0,0,0,0,0,0,0,0,0,0,0,0,0,0,0,0,0,0,0,0,0,0,0,0,0,0,0,0,0,0,0,0,0,0,0,0,
0,0,0,0,0,0,0,0,0,0,0,0,0,0,0,0,0,0,0,0,0,0,0,0,0,0,0,0,0,0,0,0,0,0,0,0,0,0,0,0,0,0,0,0,0,0,0,0,0,0,0,0,0,0,0,0,0,0,0,0,0,0,0,0,0,0,0,0,0,0,0,0,0,0,0,0,0,0,0,0,0,0,0,0,0,0,0,0,0,0,0,0,0,0,0,0,0,0,0,0,0,0,0,0,0,0,0,0,0,0,0,0,0,0,0,0,0,0,0,0,0,0,0,0,0,0,0,0,0,0,0,0,0,0,0,0,0,0,0,0,0,0,0,0,0,0,0,0,0,0,0,0,0,0,0,0,0,0,0,0,0,0,0,0,0,0,0,0,0,0,0,0,0,0,0,0,0,0,0,0,0,0,0,0,0,0,0,0,0,0,0,0,0,0,0,0,0,0,0,0,0,0,0,0,0,0,0,0,0,0,0,0,0,0,0,0,0,0,0,0,0,0,0,0,0,0,0,0,0,0,0,0,0,0,0,0,0,0,0,0,0,0,0,0,0,0,0,0,0,0,0,0,0,0,0,0,
0,0,0,0,0,0,0,0,0,0,0,0,0,0,0,0,0,0,0,0,0,0,0,0,0,0,0,0,0,0,0,0,0,0,0,0,0,0,0,0,0,0,0,0,0,0,0,0,0,0,0,0,0,0,0,0,0,0,0,0,0,0,0,0,0,0,0,0,0,0,0,0,0,0,0,0,0,0,0,0,0,0,0,0,0,0,0,0,0,0,0,0,0,0,0,0,0,0,0,0,0,0,0,0,0,0,0,0,0,0,0,0,0,0,0,0,0,0,0,0,0,0,0,0,0,0,0,0,0,0,0,0,0,0,0,0,0,0,0,0,0,0,0,0,0,0,0,0,0,0,0,0,0,0,0,0,0,0,0,0,0,0,0,0,0,0,0,0,0,0,0,0,0,0,0,0,0,0,0,0,0,0,0,0,0,0,0,0,0,0,0,0,0,0,0,0,0,0,0,0,0,0,0,0,0,0,0,0,0,0,0,0,0,0,0,0,0,0,0,0,0,0,0,0,0,0,0,0,0,0,0,0,0,0,0,0,0,0,0,0,0,0,0,0,0,0,0,0,0,0,0,0,0,0,0,0,
0,0,0,0,0,0,0,0,0,0,0,0,0,0,0,0,0,0,0,0,0,0,0,0,0,0,0,0,0,0,0,0,0,0,0,0,0,0,0,0,0,0,0,0,0,0,0,0,0,0,0,0,0,0,0,0,0,0,0,0,0,0,0,0,0,0,0,0,0,0,0,0,0,0,0,0,0,0,0,0,0,0,0,0,0,0,0,0,0,0,0,0,0,0,0,0,0,0,0,0,0,0,0,0,0,0,0,0,0,0,0,0,0,0,0,0,0,0,0,0,0,0,0,0,0,0,0,0,0,0,0,0,0,0,0,0,0,0,0,0,0,0,0,0,0,0,0,0,0,0,0,0,0,0,0,0,0,0,0,0,0,0,0,0,0,0,0,0,0,0,0,0,0,0,0,0,0,0,0,0,0,0,0,0,0,0,0,0,0,0,0,0,0,0,0,0,0,0,0,0,0,0,0,0,0,0,0,0,0,0,0,0,0,0,0,0,0,0,0,0,0,0,0,0,0,0,0,0,0,0,0,0,0,0,0,0,0,0,0,0,0,0,0,0,0,0,0,0,0,0,0,0,0,0,0,0,
0,0,0,0,0,0,0,0,0,0,0,0,0,0,0,0,0,0,0,0,0,0,0,0,0,0,0,0,0,0,0,0,0,0,0,0,0,0,0,0,0,0,0,0,0,0,0,0,0,0,0,0,0,0,0,0,0,0,0,0,0,0,0,0,0,0,0,0,0,0,0,0,0,0,0,0,0,0,0,0,0,0,0,0,0,0,0,0,0,0,0,0,0,0,0,0,0,0,0,0,0,0,0,0,0,0,0,0,0,0,0,0,0,0,0,0,0,0,0,0,0,0,0,0,0,0,0,0,0,0,0,0,0,0,0,0,0,0,0,0,0,0,0,0,0,0,0,0,0,0,0,0,0,0,0,0,0,0,0,0,0,0,0,0,0,0,0,0,0,0,0,0,0,0,0,0,0,0,0,0,0,0,0,0,0,0,0,0,0,0,0,0,0,0,0,0,0,0,0,0,0,0,0,0,0,0,0,0,0,0,0,0,0,0,0,0,0,0,0,0,0,0,0,0,0,0,0,0,0,0,0,0,0,0,0,0,0,0,0,0,0,0,0,0,0,0,0,0,0,0,0,0,0,0,0,0,
0,0,0,0,0,0,0,0,0,0,0,0,0,0,0,0,0,0,0,0,0,0,0,0,0,0,0,0,0,0,0,0,0,0,0,0,0,0,0,0,0,0,0,0,0,0,0,0,0,0,0,0,0,0,0,0,0,0,0,0,0,0,0,0,0,0,0,0,0,0,0,0,0,0,0,0,0,0,0,0,0,0,0,0,0,0,0,0,0,0,0,0,0,0,0,0,0,0,0,0,0,0,0,0,0,0,0,0,0,0,0,0,0,0,0,0,0,0,0,0,0,0,0,0,0,0,0,0,0,0,0,0,0,0,0,0,0,0,0,0,0,0,0,0,0,0,0,0,0,0,0,0,0,0,0,0,0,0,0,0,0,0,0,0,0,0,0,0,0,0,0,0,0,0,0,0,0,0,0,0,0,0,0,0,0,0,0,0,0,0,0,0,0,0,0,0,0,0,0,0,0,0,0,0,0,0,0,0,0,0,0,0,0,0,0,0,0,0,0,0,0,0,0,0,0,0,0,0,0,0,0,0,0,0,0,0,0,0,0,0,0,0,0,0,0,0,0,0,0,0,0,0,0,0,0,0,
0,0,0,0,0,0,0,0,0,0,0,0,0,0,0,0,0,0,0,0,0,0,0,0,0,0,0,0,0,0,0,0,0,0,0,0,0,0,0,0,0,0,0,0,0,0,0,0,0,0,0,0,0,0,0,0,0,0,0,0,0,0,0,0,0,0,0,0,0,0,0,0,0,0,0,0,0,0,0,0,0,0,0,0,0,0,0,0,0,0,0,0,0,0,0,0,0,0,0,0,0,0,0,0,0,0,0,0,0,0,0,0,0,0,0,0,0,0,0,0,0,0,0,0,0,0,0,0,0,0,0,0,0,0,0,0,0,0,0,0,0,0,0,0,0,0,0,0,0,0,0,0,0,0,0,0,0,0,0,0,0,0,0,0,0,0,0,0,0,0,0,0,0,0,0,0,0,0,0,0,0,0,0,0,0,0,0,0,0,0,0,0,0,0,0,0,0,0,0,0,0,0,0,0,0,0,0,0,0,0,0,0,0,0,0,0,0,0,0,0,0,0,0,0,0,0,0,0,0,0,0,0,0,0,0,0,0,0,0,0,0,0,0,0,0,0,0,0,0,0,0,0,0,0,0,0,
0,0,0,0,0,0,0,0,0,0,0,0,0,0,0,0,0,0,0,0,0,0,0,0,0,0,0,0,0,0,0,0,0,0,0,0,0,0,0,0,0,0,0,0,0,0,0,0,0,0,0,0,0,0,0,0,0,0,0,0,0,0,0,0,0,0,0,0,0,0,0,0,0,0,0,0,0,0,0,0,0,0,0,0,0,0,0,0,0,0,0,0,0,0,0,0,0,0,0,0,0,0,0,0,0,0,0,0,0,0,0,0,0,0,0,0,0,0,0,0,0,0,0,0,0,0,0,0,0,0,0,0,0,0,0,0,0,0,0,0,0,0,0,0,0,0,0,0,0,0,0,0,0,0,0,0,0,0,0,0,0,0,0,0,0,0,0,0,0,0,0,0,0,0,0,0,0,0,0,0,0,0,0,0,0,0,0,0,0,0,0,0,0,0,0,0,0,0,0,0,0,0,0,0,0,0,0,0,0,0,0,0,0,0,0,0,0,0,0,0,0,0,0,0,0,0,0,0,0,0,0,0,0,0,0,0,0,0,0,0,0,0,0,0,0,0,0,0,0,0,0,0,0,0,0,0,
0,0,0,0,0,0,0,0,0,0,0,0,0,0,0,0,0,0,0,0,0,0,0,0,0,0,0,0,0,0,0,0,0,0,0,0,0,0,0,0,0,0,0,0,0,0,0,0,0,0,0,0,0,0,0,0,0,0,0,0,0,0,0,0,0,0,0,0,0,0,0,0,0,0,0,0,0,0,0,0,0,0,0,0,0,0,0,0,0,0,0,0,0,0,0,0,0,0,0,0,0,0,0,0,0,0,0,0,0,0,0,0,0,0,0,0,0,0,0,0,0,0,0,0,0,0,0,0,0,0,0,0,0,0,0,0,0,0,0,0,0,0,0,0,0,0,0,0,0,0,0,0,0,0,0,0,0,0,0,0,0,0,0,0,0,0,0,0,0,0,0,0,0,0,0,0,0,0,0,0,0,0,0,0,0,0,0,0,0,0,0,0,0,0,0,0,0,0,0,0,0,0,0,0,0,0,0,0,0,0,0,0,0,0,0,0,0,0,0,0,0,0,0,0,0,0,0,0,0,0,0,0,0,0,0,0,0,0,0,0,0,0,0,0,0,0,0,0,0,0,0,0,0,0,0,0,
0,0,0,0,0,0,0,0,0,0,0,0,0,0,0,0,0,0,0,0,0,0,0,0,0,0,0,0,0,0,0,0,0,0,0,0,0,0,0,0,0,0,0,0,0,0,0,0,0,0,0,0,0,0,0,0,0,0,0,0,0,0,0,0,0,0,0,0,0,0,0,0,0,0,0,0,0,0,0,0,0,0,0,0,0,0,0,0,0,0,0,0,0,0,0,0,0,0,0,0,0,0,0,0,0,0,0,0,0,0,0,0,0,0,0,0,0,0,0,0,0,0,0,0,0,0,0,0,0,0,0,0,0,0,0,0,0,0,0,0,0,0,0,0,0,0,0,0,0,0,0,0,0,0,0,0,0,0,0,0,0,0,0,0,0,0,0,0,0,0,0,0,0,0,0,0,0,0,0,0,0,0,0,0,0,0,0,0,0,0,0,0,0,0,0,0,0,0,0,0,0,0,0,0,0,0,0,0,0,0,0,0,0,0,0,0,0,0,0,0,0,0,0,0,0,0,0,0,0,0,0,0,0,0,0,0,0,0,0,0,0,0,0,0,0,0,0,0,0,0,0,0,0,0,0,0,
0,0,0,0,0,0,0,0,0,0,0,0,0,0,0,0,0,0,0,0,0,0,0,0,0,0,0,0,0,0,0,0,0,0,0,0,0,0,0,0,0,0,0,0,0,0,0,0,0,0,0,0,0,0,0,0,0,0,0,0,0,0,0,0,0,0,0,0,0,0,0,0,0,0,0,0,0,0,0,0,0,0,0,0,0,0,0,0,0,0,0,0,0,0,0,0,0,0,0,0,0,0,0,0,0,0,0,0,0,0,0,0,0,0,0,0,0,0,0,0,0,0,0,0,0,0,0,0,0,0,0,0,0,0,0,0,0,0,0,0,0,0,0,0,0,0,0,0,0,0,0,0,0,0,0,0,0,0,0,0,0,0,0,0,0,0,0,0,0,0,0,0,0,0,0,0,0,0,0,0,0,0,0,0,0,0,0,0,0,0,0,0,0,0,0,0,0,0,0,0,0,0,0,0,0,0,0,0,0,0,0,0,0,0,0,0,0,0,0,0,0,0,0,0,0,0,0,0,0,0,0,0,0,0,0,0,0,0,0,0,0,0,0,0,0,0,0,0,0,0,0,0,0,0,0,0,
0,0,0,0,0,0,0,0,0,0,0,0,0,0,0,0,0,0,0,0,0,0,0,0,0,0,0,0,0,0,0,0,0,0,0,0,0,0,0,0,0,0,0,0,0,0,0,0,0,0,0,0,0,0,0,0,0,0,0,0,0,0,0,0,0,0,0,0,0,0,0,0,0,0,0,0,0,0,0,0,0,0,0,0,0,0,0,0,0,0,0,0,0,0,0,0,0,0,0,0,0,0,0,0,0,0,0,0,0,0,0,0,0,0,0,0,0,0,0,0,0,0,0,0,0,0,0,0,0,0,0,0,0,0,0,0,0,0,0,0,0,0,0,0,0,0,0,0,0,0,0,0,0,0,0,0,0,0,0,0,0,0,0,0,0,0,0,0,0,0,0,0,0,0,0,0,0,0,0,0,0,0,0,0,0,0,0,0,0,0,0,0,0,0,0,0,0,0,0,0,0,0,0,0,0,0,0,0,0,0,0,0,0,0,0,0,0,0,0,0,0,0,0,0,0,0,0,0,0,0,0,0,0,0,0,0,0,0,0,0,0,0,0,0,0,0,0,0,0,0,0,0,0,0,0,0,
0,0,0,0,0,0,0,0,0,0,0,0,0,0,0,0,0,0,0,0,0,0,0,0,0,0,0,0,0,0,0,0,0,0,0,0,0,0,0,0,0,0,0,0,0,0,0,0,0,0,0,0,0,0,0,0,0,0,0,0,0,0,0,0,0,0,0,0,0,0,0,0,0,0,0,0,0,0,0,0,0,0,0,0,0,0,0,0,0,0,0,0,0,0,0,0,0,0,0,0,0,0,0,0,0,0,0,0,0,0,0,0,0,0,0,0,0,0,0,0,0,0,0,0,0,0,0,0,0,0,0,0,0,0,0,0,0,0,0,0,0,0,0,0,0,0,0,0,0,0,0,0,0,0,0,0,0,0,0,0,0,0,0,0,0,0,0,0,0,0,0,0,0,0,0,0,0,0,0,0,0,0,0,0,0,0,0,0,0,0,0,0,0,0,0,0,0,0,0,0,0,0,0,0,0,0,0,0,0,0,0,0,0,0,0,0,0,0,0,0,0,0,0,0,0,0,0,0,0,0,0,0,0,0,0,0,0,0,0,0,0,0,0,0,0,0,0,0,0,0,0,0,0,0,0,0,
0,0,0,0,0,0,0,0,0,0,0,0,0,0,0,0,0,0,0,0,0,0,0,0,0,0,0,0,0,0,0,0,0,0,0,0,0,0,0,0,0,0,0,0,0,0,0,0,0,0,0,0,0,0,0,0,0,0,0,0,0,0,0,0,0,0,0,0,0,0,0,0,0,0,0,0,0,0,0,0,0,0,0,0,0,0,0,0,0,0,0,0,0,0,0,0,0,0,0,0,0,0,0,0,0,0,0,0,0,0,0,0,0,0,0,0,0,0,0,0,0,0,0,0,0,0,0,0,0,0,0,0,0,0,0,0,0,0,0,0,0,0,0,0,0,0,0,0,0,0,0,0,0,0,0,0,0,0,0,0,0,0,0,0,0,0,0,0,0,0,0,0,0,0,0,0,0,0,0,0,0,0,0,0,0,0,0,0,0,0,0,0,0,0,0,0,0,0,0,0,0,0,0,0,0,0,0,0,0,0,0,0,0,0,0,0,0,0,0,0,0,0,0,0,0,0,0,0,0,0,0,0,0,0,0,0,0,0,0,0,0,0,0,0,0,0,0,0,0,0,0,0,0,0,0,0,
0,0,0,0,0,0,0,0,0,0,0,0,0,0,0,0,0,0,0,0,0,0,0,0,0,0,0,0,0,0,0,0,0,0,0,0,0,0,0,0,0,0,0,0,0,0,0,0,0,0,0,0,0,0,0,0,0,0,0,0,0,0,0,0,0,0,0,0,0,0,0,0,0,0,0,0,0,0,0,0,0,0,0,0,0,0,0,0,0,0,0,0,0,0,0,0,0,0,0,0,0,0,0,0,0,0,0,0,0,0,0,0,0,0,0,0,0,0,0,0,0,0,0,0,0,0,0,0,0,0,0,0,0,0,0,0,0,0,0,0,0,0,0,0,0,0,0,0,0,0,0,0,0,0,0,0,0,0,0,0,0,0,0,0,0,0,0,0,0,0,0,0,0,0,0,0,0,0,0,0,0,0,0,0,0,0,0,0,0,0,0,0,0,0,0,0,0,0,0,0,0,0,0,0,0,0,0,0,0,0,0,0,0,0,0,0,0,0,0,0,0,0,0,0,0,0,0,0,0,0,0,0,0,0,0,0,0,0,0,0,0,0,0,0,0,0,0,0,0,0,0,0,0,0,0,0,
0,0,0,0,0,0,0,0,0,0,0,0,0,0,0,0,0,0,0,0,0,0,0,0,0,0,0,0,0,0,0,0,0,0,0,0,0,0,0,0,0,0,0,0,0,0,0,0,0,0,0,0,0,0,0,0,0,0,0,0,0,0,0,0,0,0,0,0,0,0,0,0,0,0,0,0,0,0,0,0,0,0,0,0,0,0,0,0,0,0,0,0,0,0,0,0,0,0,0,0,0,0,0,0,0,0,0,0,0,0,0,0,0,0,0,0,0,0,0,0,0,0,0,0,0,0,0,0,0,0,0,0,0,0,0,0,0,0,0,0,0,0,0,0,0,0,0,0,0,0,0,0,0,0,0,0,0,0,0,0,0,0,0,0,0,0,0,0,0,0,0,0,0,0,0,0,0,0,0,0,0,0,0,0,0,0,0,0,0,0,0,0,0,0,0,0,0,0,0,0,0,0,0,0,0,0,0,0,0,0,0,0,0,0,0,0,0,0,0,0,0,0,0,0,0,0,0,0,0,0,0,0,0,0,0,0,0,0,0,0,0,0,0,0,0,0,0,0,0,0,0,0,0,0,0,0,
0,0,0,0,0,0,0,0,0,0,0,0,0,0,0,0,0,0,0,0,0,0,0,0,0,0,0,0,0,0,0,0,0,0,0,0,0,0,0,0,0,0,0,0,0,0,0,0,0,0,0,0,0,0,0,0,0,0,0,0,0,0,0,0,0,0,0,0,0,0,0,0,0,0,0,0,0,0,0,0,0,0,0,0,0,0,0,0,0,0,0,0,0,0,0,0,0,0,0,0,0,0,0,0,0,0,0,0,0,0,0,0,0,0,0,0,0,0,0,0,0,0,0,0,0,0,0,0,0,0,0,0,0,0,0,0,0,0,0,0,0,0,0,0,0,0,0,0,0,0,0,0,0,0,0,0,0,0,0,0,0,0,0,0,0,0,0,0,0,0,0,0,0,0,0,0,0,0,0,0,0,0,0,0,0,0,0,0,0,0,0,0,0,0,0,0,0,0,0,0,0,0,0,0,0,0,0,0,0,0,0,0,0,0,0,0,0,0,0,0,0,0,0,0,0,0,0,0,0,0,0,0,0,0,0,0,0,0,0,0,0,0,0,0,0,0,0,0,0,0,0,0,0,0,0,0,
0,0,0,0,0,0,0,0,0,0,0,0,0,0,0,0,0,0,0,0,0,0,0,0,0,0,0,0,0,0,0,0,0,0,0,0,0,0,0,0,0,0,0,0,0,0,0,0,0,0,0,0,0,0,0,0,0,0,0,0,0,0,0,0,0,0,0,0,0,0,0,0,0,0,0,0,0,0,0,0,0,0,0,0,0,0,0,0,0,0,0,0,0,0,0,0,0,0,0,0,0,0,0,0,0,0,0,0,0,0,0,0,0,0,0,0,0,0,0,0,0,0,0,0,0,0,0,0,0,0,0,0,0,0,0,0,0,0,0,0,0,0,0,0,0,0,0,0,0,0,0,0,0,0,0,0,0,0,0,0,0,0,0,0,0,0,0,0,0,0,0,0,0,0,0,0,0,0,0,0,0,0,0,0,0,0,0,0,0,0,0,0,0,0,0,0,0,0,0,0,0,0,0,0,0,0,0,0,0,0,0,0,0,0,0,0,0,0,0,0,0,0,0,0,0,0,0,0,0,0,0,0,0,0,0,0,0,0,0,0,0,0,0,0,0,0,0,0,0,0,0,0,0,0,0,0,
0,0,0,0,0,0,0,0,0,0,0,0,0,0,0,0,0,0,0,0,0,0,0,0,0,0,0,0,0,0,0,0,0,0,0,0,0,0,0,0,0,0,0,0,0,0,0,0,0,0,0,0,0,0,0,0,0,0,0,0,0,0,0,0,0,0,0,0,0,0,0,0,0,0,0,0,0,0,0,0,0,0,0,0,0,0,0,0,0,0,0,0,0,0,0,0,0,0,0,0,0,0,0,0,0,0,0,0,0,0,0,0,0,0,0,0,0,0,0,0,0,0,0,0,0,0,0,0,0,0,0,0,0,0,0,0,0,0,0,0,0,0,0,0,0,0,0,0,0,0,0,0,0,0,0,0,0,0,0,0,0,0,0,0,0,0,0,0,0,0,0,0,0,0,0,0,0,0,0,0,0,0,0,0,0,0,0,0,0,0,0,0,0,0,0,0,0,0,0,0,0,0,0,0,0,0,0,0,0,0,0,0,0,0,0,0,0,0,0,0,0,0,0,0,0,0,0,0,0,0,0,0,0,0,0,0,0,0,0,0,0,0,0,0,0,0,0,0,0,0,0,0,0,0,0,0,
0,0,0,0,0,0,0,0,0,0,0,0,0,0,0,0,0,0,0,0,0,0,0,0,0,0,0,0,0,0,0,0,0,0,0,0,0,0,0,0,0,0,0,0,0,0,0,0,0,0,0,0,0,0,0,0,0,0,0,0,0,0,0,0,0,0,0,0,0,0,0,0,0,0,0,0,0,0,0,0,0,0,0,0,0,0,0,0,0,0,0,0,0,0,0,0,0,0,0,0,0,0,0,0,0,0,0,0,0,0,0,0,0,0,0,0,0,0,0,0,0,0,0,0,0,0,0,0,0,0,0,0,0,0,0,0,0,0,0,0,0,0,0,0,0,0,0,0,0,0,0,0,0,0,0,0,0,0,0,0,0,0,0,0,0,0,0,0,0,0,0,0,0,0,0,0,0,0,0,0,0,0,0,0,0,0,0,0,0,0,5,0,0,0,0,0,0,0,0,0,0,0,0,0,0,0,0,0,0,0,0,0,0,0,0,0,0,0,0,0,0,0,0,0,0,0,0,0,0,0,0,0,0,0,0,0,0,0,0,0,0,0,0,0,0,0,0,0,0,0,0,0,0,0,0,0,
0,0,0,0,0,0,0,0,0,0,0,0,0,0,0,0,0,0,0,0,0,0,0,0,0,0,0,0,0,0,0,0,0,0,0,0,0,0,0,0,0,0,0,0,0,0,0,0,0,0,0,0,0,0,0,0,0,0,0,0,0,0,0,0,0,0,0,0,0,0,0,0,0,0,0,0,0,0,0,0,0,0,0,0,0,0,0,0,0,0,0,0,0,0,0,0,0,0,0,0,0,0,0,0,0,0,0,0,0,0,0,0,0,0,0,0,0,0,0,0,0,0,0,0,0,0,0,0,0,0,0,0,0,0,0,0,0,0,0,0,0,0,0,0,0,0,0,0,0,0,0,0,0,0,0,0,0,0,0,0,0,0,0,0,0,0,0,0,0,0,0,0,0,0,0,0,0,0,0,0,0,0,0,0,0,0,0,0,0,0,0,7,0,0,0,0,0,0,0,0,0,0,0,0,0,0,0,0,0,0,0,0,0,0,0,0,0,0,0,0,0,0,0,0,0,0,0,0,0,0,0,0,0,0,0,0,0,0,0,0,0,0,0,0,0,0,0,0,0,0,0,0,0,0,0,0,
0,0,0,0,0,0,0,0,0,0,0,0,0,0,0,0,0,0,0,0,0,0,0,0,0,0,0,0,0,0,0,0,0,0,0,0,0,0,0,0,0,0,0,0,0,0,0,0,0,0,0,0,0,0,0,0,0,0,0,0,0,0,0,0,0,0,0,0,0,0,0,0,0,0,0,0,0,0,0,0,0,0,0,0,0,0,0,0,0,0,0,0,0,0,0,0,0,0,0,0,0,0,0,0,0,0,0,0,0,0,0,0,0,0,0,0,0,0,0,0,0,0,0,0,0,0,0,0,0,0,0,0,0,0,0,0,0,0,0,0,0,0,0,0,0,0,0,0,0,0,0,0,0,0,0,0,0,0,0,0,0,0,0,0,0,0,0,0,0,0,0,0,0,0,0,0,0,0,0,0,0,0,0,0,0,0,0,0,0,0,0,0,8,0,0,0,0,7,0,0,0,0,0,0,0,0,0,0,0,0,0,0,0,17,17,14,0,0,0,0,0,0,0,0,0,0,0,0,0,0,0,0,0,0,0,0,0,0,0,0,0,0,0,0,0,0,0,0,0,0,0,0,0,0,0,0,
0,0,0,0,0,0,0,0,0,0,0,0,0,0,0,0,0,4,2,0,0,0,0,0,0,0,0,0,0,0,0,0,0,0,0,0,0,0,0,0,0,0,0,0,0,0,0,0,0,0,0,0,0,0,0,0,0,0,0,0,0,0,0,0,0,0,0,0,0,0,0,0,0,0,0,0,0,0,0,0,0,0,0,0,0,0,0,0,0,0,0,0,0,0,0,0,0,0,0,0,0,0,0,0,0,0,0,0,0,0,0,0,0,0,0,0,0,0,0,0,0,0,0,0,0,0,0,0,0,0,0,0,0,0,0,0,0,0,0,0,0,0,0,0,0,0,0,0,0,0,0,0,0,0,0,0,0,0,0,0,0,0,0,0,0,0,0,0,0,0,0,0,0,0,0,0,0,0,0,0,0,0,0,0,0,0,0,0,0,0,0,0,5,7,0,0,0,0,0,0,0,0,0,0,0,0,0,0,0,0,0,0,0,0,16,0,0,0,0,0,0,0,0,0,0,18,0,0,0,0,17,0,0,0,0,0,0,0,0,0,0,0,0,0,0,0,0,0,0,0,0,0,0,0,0,0,
0,0,0,0,0,0,0,0,0,0,0,0,0,0,0,0,4,5,3,0,0,0,0,0,0,0,0,0,0,0,0,0,0,0,0,0,0,0,0,0,0,0,0,0,0,0,0,0,0,0,0,0,0,0,0,0,0,0,0,0,0,0,0,0,0,0,0,0,0,0,0,0,0,0,0,0,0,0,0,0,0,0,0,0,0,0,0,0,0,0,0,0,0,0,0,0,0,0,0,0,5,0,0,0,0,0,0,0,0,0,0,0,0,0,0,0,0,0,0,0,0,0,0,0,0,0,0,0,0,0,0,0,0,0,0,0,0,0,0,0,0,0,0,0,0,0,0,0,0,0,0,0,0,0,0,0,0,0,0,0,0,0,0,0,0,0,0,0,0,0,0,0,0,0,0,0,0,0,0,0,0,0,0,0,0,0,0,0,0,0,0,0,7,8,8,6,0,0,0,0,0,0,0,0,0,0,0,0,0,0,0,0,0,0,12,17,0,0,0,0,0,0,0,0,0,18,0,18,18,0,0,0,17,18,0,0,0,0,0,0,0,0,0,0,0,0,0,0,0,0,0,0,0,0,0,0,
0,0,0,0,0,0,0,0,0,0,0,0,0,0,0,0,0,0,0,3,5,0,0,0,0,0,0,0,0,0,0,0,0,0,0,0,0,0,0,0,0,0,0,0,0,0,0,0,0,0,0,0,0,0,0,0,0,0,0,0,0,0,0,0,0,0,0,0,0,0,0,0,0,0,0,0,0,0,0,0,0,0,0,0,0,0,0,0,0,0,0,0,0,0,0,0,0,0,0,0,6,6,0,0,0,0,0,0,0,0,0,0,0,0,0,0,0,0,0,0,0,0,0,0,0,0,0,0,0,0,0,0,0,0,0,0,0,0,0,0,0,0,0,0,0,0,0,0,0,0,0,0,0,0,8,0,0,0,0,0,8,0,0,0,0,0,0,0,0,0,0,0,0,0,0,0,0,0,0,0,0,0,0,0,0,0,0,0,0,0,0,0,0,7,10,0,0,0,0,0,0,0,0,0,0,0,0,0,0,0,0,0,0,0,0,12,11,10,0,0,0,0,0,0,18,18,0,0,0,0,0,0,0,19,0,0,0,0,0,0,0,0,0,0,0,0,0,0,0,0,0,0,0,0,0,0,
17,0,0,0,0,0,0,0,0,0,0,0,0,0,0,0,0,0,0,0,0,0,0,0,0,0,0,11,0,0,0,0,0,0,0,0,0,0,0,0,0,0,0,0,0,0,0,0,0,0,15,0,18,0,14,0,0,0,0,0,0,0,0,0,0,0,0,0,0,0,0,0,0,0,0,0,0,0,0,0,0,0,0,0,0,0,0,0,0,0,0,0,0,0,0,0,0,0,0,0,0,0,0,0,0,0,0,0,0,0,0,0,0,0,0,0,0,0,0,0,0,0,0,0,0,0,0,0,0,0,0,0,0,0,0,0,0,0,0,0,0,0,0,0,0,0,0,0,0,0,0,0,0,0,0,0,8,0,0,0,0,0,0,0,0,0,0,0,0,0,0,0,0,10,0,0,0,0,0,0,0,0,0,0,0,0,0,0,0,0,3,0,3,4,10,10,8,0,0,0,0,0,0,0,0,0,0,0,0,0,0,0,0,13,14,13,12,11,11,0,0,0,0,0,0,0,0,0,19,0,0,0,0,0,17,0,21,0,0,0,0,0,0,0,0,0,0,0,0,0,0,0,0,0,0,0,
18,0,0,0,0,0,0,0,0,0,0,0,0,0,0,0,0,0,0,0,0,0,0,0,0,0,0,0,9,0,0,0,0,16,6,0,0,0,0,0,0,0,0,0,0,0,0,0,0,0,15,0,0,0,14,0,0,0,2,0,0,0,0,0,0,0,0,0,0,0,0,0,0,0,0,0,0,0,0,0,0,0,0,0,0,0,0,0,0,0,0,0,0,0,0,0,0,0,0,0,0,0,0,0,0,0,0,0,0,0,0,0,0,0,7,9,0,0,0,0,11,11,0,0,0,0,0,0,0,0,0,0,0,0,0,0,0,0,0,0,0,0,0,0,0,0,0,0,0,0,0,0,0,0,0,8,0,0,0,0,0,0,0,0,0,0,0,0,0,0,0,0,0,0,0,0,0,0,0,0,8,0,0,0,0,0,0,0,0,9,4,4,4,4,0,11,0,5,0,0,0,0,0,0,0,0,0,0,8,0,0,0,0,0,0,0,14,12,0,0,0,0,0,0,0,0,0,0,0,0,20,0,0,0,0,18,0,0,0,0,0,0,0,0,0,0,0,0,0,0,0,0,0,0,0,0,
9,19,14,0,0,0,0,0,0,0,0,0,0,0,0,0,0,0,0,0,0,0,0,0,0,0,0,12,0,0,0,0,15,17,0,0,0,22,0,0,0,13,0,0,16,0,0,15,0,0,0,0,0,20,0,0,0,12,0,5,0,0,0,0,0,0,0,8,0,7,0,0,0,14,0,0,0,0,0,0,0,0,0,0,0,0,0,0,0,0,9,0,0,0,0,0,0,0,0,0,0,0,0,0,0,0,0,0,0,9,0,0,0,0,0,9,0,0,0,0,12,11,12,0,0,0,0,0,0,0,0,0,0,0,0,0,0,0,0,0,0,0,0,0,0,0,0,0,0,0,0,0,0,0,0,0,8,0,8,0,0,0,12,0,0,0,11,0,0,0,0,0,0,12,0,0,0,0,0,12,0,0,0,0,0,0,0,0,0,10,0,0,5,5,9,7,0,5,0,0,0,0,0,0,0,0,0,0,9,0,0,0,0,0,0,15,0,0,0,0,0,0,0,0,0,0,0,0,0,0,0,0,0,17,0,17,20,0,0,0,0,0,0,0,0,0,0,0,0,0,0,0,0,0,0,0,
10,10,0,0,0,0,0,0,0,12,0,0,0,0,0,0,0,0,9,0,0,0,0,0,0,0,10,12,0,0,0,20,0,16,0,0,0,0,0,0,0,14,15,0,0,14,0,16,0,0,0,15,15,8,0,0,15,0,12,0,0,0,0,0,0,0,0,8,0,0,0,0,0,0,0,0,0,23,0,22,0,0,0,0,0,0,0,0,0,0,0,0,0,0,0,0,0,0,0,0,0,0,12,0,0,0,0,0,0,0,0,8,10,9,0,10,0,0,0,0,0,11,0,0,0,0,0,0,0,0,0,0,0,0,0,0,0,0,0,0,0,0,0,0,0,0,0,0,0,0,0,0,0,0,0,0,8,7,0,0,0,11,12,0,0,0,0,10,10,12,0,0,0,0,14,13,6,0,0,0,0,0,0,0,0,0,0,0,0,0,0,11,14,11,10,11,0,12,0,0,0,0,0,0,0,0,0,0,11,0,0,0,0,0,0,15,20,0,0,0,0,0,0,0,0,23,0,23,0,0,0,0,0,0,18,18,0,0,0,0,0,0,0,0,0,0,0,0,0,0,0,0,0,0,0,0,
0,11,0,13,14,13,0,0,0,10,13,11,0,0,0,0,0,0,0,0,8,10,10,11,12,0,0,0,0,0,20,0,16,0,19,0,17,22,21,0,0,15,15,19,0,15,14,15,0,0,0,0,15,16,0,15,0,0,0,0,0,0,0,0,0,0,10,9,10,0,8,0,0,0,12,15,17,18,20,20,0,0,0,0,0,0,0,0,0,0,0,0,12,0,0,0,0,0,0,0,0,0,11,0,0,0,0,0,0,8,0,8,10,10,22,0,8,0,0,0,0,12,0,0,0,0,0,0,0,0,0,0,0,0,0,0,0,17,0,0,0,0,13,0,14,0,0,0,0,0,0,0,0,0,0,13,0,11,12,11,0,0,12,0,0,0,0,0,11,11,0,0,0,0,13,11,0,0,0,0,10,0,0,0,0,0,0,0,0,13,0,17,13,20,12,10,11,10,13,0,10,0,0,16,7,0,9,0,13,0,10,11,0,0,0,0,23,0,0,0,0,0,8,0,0,0,23,24,24,0,0,0,0,0,0,0,0,0,0,0,0,0,0,0,0,0,0,0,0,0,0,0,0,0,0,0,
0,15,3,14,15,0,7,6,0,0,20,10,11,0,0,0,0,0,0,9,9,11,13,18,0,0,22,0,0,0,0,21,20,15,0,19,18,22,13,0,0,21,20,0,20,19,16,0,17,18,16,16,0,0,0,20,8,0,0,0,0,0,0,0,0,0,16,11,16,9,19,11,0,0,13,10,17,20,18,23,10,0,0,0,0,0,23,0,0,0,0,0,0,0,12,0,0,0,0,0,0,0,0,0,0,0,0,0,0,0,6,7,10,21,0,0,15,9,12,0,0,0,0,0,0,0,0,0,0,0,13,0,0,0,0,0,17,17,16,0,0,0,0,13,18,15,17,0,20,15,0,0,0,0,0,0,0,0,11,12,10,10,0,0,0,0,0,0,7,17,0,16,11,0,13,14,0,0,0,11,10,11,0,0,0,14,0,14,14,13,12,12,13,10,12,11,16,7,0,11,15,0,0,9,16,13,12,0,13,13,11,11,0,7,0,22,23,0,0,13,0,14,0,17,0,16,23,23,22,0,14,0,0,0,0,0,0,16,0,0,0,0,0,0,0,0,0,0,0,0,0,0,0,0,0,0,
4,19,4,14,6,6,7,7,7,0,15,0,12,0,0,0,0,0,0,0,10,11,17,19,20,11,0,0,0,0,0,0,0,18,18,18,20,24,15,0,14,22,14,0,13,20,16,0,17,21,19,17,16,22,0,8,9,13,0,0,0,0,12,0,0,0,14,17,9,0,22,11,20,14,0,16,12,14,19,18,18,11,16,0,0,10,23,0,0,0,0,14,15,0,12,13,0,15,0,0,0,0,0,0,0,0,0,0,0,9,7,6,22,21,0,15,0,15,13,0,0,0,0,0,0,0,0,0,0,0,0,14,0,0,0,0,9,18,17,7,0,0,0,18,0,0,19,0,20,0,14,0,10,0,0,0,0,13,14,16,12,14,0,16,0,0,0,0,0,9,18,16,8,10,0,14,0,13,12,12,12,16,12,0,9,0,14,18,17,11,16,15,14,11,13,14,11,19,18,0,12,24,16,18,15,13,13,14,14,9,14,10,10,7,22,22,24,0,0,0,17,17,0,16,18,14,20,0,23,0,15,0,0,17,0,0,0,0,18,0,0,0,0,0,0,0,0,0,0,0,0,0,0,0,0,0,
7,17,19,9,6,7,16,0,7,0,17,0,0,15,0,0,0,0,18,13,0,12,12,22,7,0,9,11,12,0,25,0,18,18,23,19,15,25,16,0,0,22,14,14,13,12,17,18,20,20,13,13,14,18,15,14,13,14,0,0,0,0,12,14,0,0,16,15,15,0,21,11,24,12,26,18,15,17,13,0,2,18,2,2,13,0,0,0,0,0,0,15,7,12,15,15,14,14,0,0,0,0,0,0,0,0,0,0,0,11,8,7,9,19,21,21,0,0,16,23,0,0,0,0,0,14,15,0,0,0,13,14,15,0,0,0,0,10,11,13,8,10,17,0,10,0,19,9,15,20,15,10,0,13,10,0,14,14,15,16,14,15,14,10,17,10,3,8,8,10,17,15,9,10,10,0,0,0,14,14,13,15,13,12,10,14,15,18,17,12,16,14,16,12,12,12,11,16,19,18,12,16,16,19,17,16,12,11,11,15,16,11,10,23,23,23,23,15,0,24,0,19,17,19,17,17,20,19,19,0,0,22,17,0,0,0,0,0,0,12,0,0,0,0,0,0,0,0,0,0,0,0,0,0,0,0,
19,18,18,7,15,19,17,0,0,18,18,15,17,17,17,19,0,0,10,14,17,0,12,6,21,8,10,9,13,13,15,25,19,19,20,24,13,26,17,17,0,23,24,15,14,16,20,19,21,19,13,17,17,18,15,15,16,0,0,0,0,0,0,25,0,13,0,14,18,13,13,0,22,24,16,21,19,15,18,19,0,2,2,10,0,0,0,0,25,0,19,18,7,19,16,19,16,20,14,0,0,17,21,20,11,0,0,0,0,0,0,8,10,20,19,20,18,18,0,24,0,15,23,14,0,14,14,0,0,0,13,12,0,14,15,0,12,11,11,15,10,11,17,18,18,11,19,18,10,10,18,11,12,14,14,14,14,11,13,17,16,13,15,10,11,13,13,7,7,9,18,9,10,9,11,11,13,0,14,13,13,16,15,14,13,11,12,13,17,18,18,17,18,13,14,13,13,12,12,14,19,18,17,13,17,16,14,13,13,15,16,16,0,16,16,22,24,15,23,0,0,20,22,17,17,20,0,19,19,0,0,17,17,13,0,0,0,0,0,20,13,0,0,0,0,0,0,0,0,0,0,0,0,0,0,0,
8,20,9,18,8,9,0,14,0,15,0,20,17,16,15,0,12,12,16,14,18,17,13,19,11,18,27,10,25,26,19,26,18,20,21,21,18,25,25,0,10,15,11,24,15,14,16,20,20,13,16,16,18,18,17,15,16,18,0,0,0,0,0,9,26,13,0,0,14,18,14,14,16,25,13,19,21,20,16,17,22,15,18,11,0,0,0,26,21,0,0,0,19,7,19,14,16,20,15,18,20,20,12,0,10,11,16,0,14,0,0,0,20,15,0,16,15,0,14,17,16,17,24,18,0,16,17,16,15,0,13,12,0,12,16,15,15,13,23,17,13,15,14,20,19,13,13,17,19,8,14,12,12,16,13,16,14,13,15,14,17,15,16,11,11,19,14,7,15,10,18,10,10,19,12,12,18,14,14,16,25,13,17,17,22,13,14,11,18,18,12,18,18,13,13,12,14,12,10,19,14,17,17,17,17,18,18,13,15,16,17,16,0,14,15,16,23,23,22,23,24,22,22,26,19,12,20,17,0,24,0,24,17,14,0,0,0,19,0,13,13,0,22,0,0,0,0,0,0,0,0,0,0,0,0,0,
13,9,8,16,7,20,20,14,15,13,12,18,5,17,16,21,20,0,21,20,15,19,20,15,17,19,17,20,14,26,18,19,17,18,21,22,13,26,20,20,0,11,24,11,15,22,12,17,23,22,21,16,16,18,15,16,17,17,18,7,0,0,9,9,9,23,19,0,25,19,20,21,17,17,15,14,13,21,23,17,19,19,16,18,17,22,0,15,26,25,22,0,19,15,11,17,17,19,8,17,21,21,20,17,11,11,17,16,0,0,0,14,9,21,0,0,0,20,0,17,12,12,25,0,19,0,17,0,16,17,16,13,18,18,13,16,19,14,16,17,18,12,13,14,25,19,14,16,16,10,9,13,12,17,15,17,16,24,12,0,16,16,16,11,12,11,19,17,12,9,15,19,18,15,18,13,11,15,13,15,25,26,12,14,24,23,14,18,18,19,19,19,21,19,14,15,13,13,15,25,26,17,16,14,13,16,17,18,14,16,21,16,18,17,14,18,17,19,22,18,22,22,25,21,22,16,20,17,11,18,17,23,19,15,15,13,19,19,19,16,17,13,11,0,22,0,0,0,0,0,0,0,0,0,0,0,
20,10,17,19,8,16,15,15,14,0,20,6,6,7,18,16,21,21,20,13,20,20,21,21,14,18,21,20,29,28,27,12,18,19,15,17,16,19,20,20,23,22,22,25,25,15,15,18,23,17,25,15,21,14,22,19,17,18,12,17,16,17,10,19,19,23,21,25,26,20,20,11,17,18,15,15,22,18,22,24,17,19,16,19,18,15,13,14,20,14,15,22,15,16,13,10,10,16,5,14,17,17,21,21,17,11,13,13,20,0,0,16,18,22,19,0,0,0,0,18,18,26,15,0,0,0,0,0,0,21,21,21,17,20,16,18,17,18,17,17,17,19,13,17,24,21,16,15,25,25,16,19,14,22,16,14,16,0,13,14,15,16,14,19,9,11,12,19,13,10,13,7,16,20,13,13,14,16,16,15,17,15,13,26,22,23,22,14,16,19,20,20,19,18,19,15,14,13,15,21,23,22,21,17,17,13,18,17,18,23,16,15,20,19,19,19,23,22,21,24,22,23,23,22,18,17,17,17,19,21,18,13,19,15,18,19,15,15,19,17,17,17,0,23,23,0,0,0,0,0,0,0,0,0,0,0,
11,11,17,20,13,15,16,15,16,0,21,21,22,10,20,21,21,15,12,21,19,20,20,20,14,15,17,22,22,21,13,13,13,19,16,18,18,20,14,21,16,24,25,24,26,16,17,17,17,17,23,16,17,16,15,22,25,12,22,17,17,18,18,12,23,20,25,18,16,20,18,12,16,15,16,15,12,22,23,19,17,16,16,17,17,17,15,14,22,16,17,24,15,19,14,15,11,18,7,14,18,22,19,11,24,13,19,14,18,20,0,15,16,20,15,19,19,0,0,27,0,27,26,0,15,0,0,0,0,18,15,19,21,22,19,21,17,20,17,16,11,18,18,16,25,26,17,15,25,17,17,16,14,17,23,16,16,16,15,14,16,15,15,13,10,12,15,16,10,15,14,13,14,22,21,15,15,20,17,20,17,17,22,27,22,20,21,15,17,18,18,15,12,13,15,15,18,14,15,14,13,23,13,12,16,12,19,12,18,11,23,24,0,0,19,21,23,20,25,22,25,25,23,18,22,18,22,19,21,19,19,17,14,16,17,16,16,18,17,20,23,18,24,0,0,0,0,0,0,0,0,0,0,0,0,0,
12,12,17,21,14,14,14,14,20,17,0,15,19,11,18,17,22,20,20,20,14,19,17,23,15,15,23,15,24,21,17,17,14,9,17,17,17,20,15,17,18,16,19,18,23,16,16,18,18,17,26,24,24,20,17,27,26,13,19,12,19,18,13,20,17,19,14,17,27,16,19,18,21,16,16,15,24,23,17,14,17,20,18,17,18,18,19,15,15,24,16,24,25,17,19,16,16,18,18,12,12,20,23,21,17,19,19,18,26,17,0,19,16,21,16,18,20,20,16,0,0,18,16,0,17,0,0,17,17,0,20,22,20,22,17,18,20,17,15,21,10,12,11,19,21,17,21,27,24,19,17,16,16,18,18,19,18,17,18,23,17,14,14,14,16,10,11,21,16,15,13,13,15,22,23,21,26,21,18,17,17,19,18,19,21,21,21,24,22,16,18,22,13,12,13,16,21,16,19,14,15,14,14,13,16,17,14,17,18,18,25,17,0,0,0,19,25,24,23,20,17,24,24,20,24,23,19,18,21,21,20,16,12,15,17,17,19,17,17,18,23,23,18,28,0,0,0,0,0,0,0,0,0,0,0,0,
12,12,21,20,22,15,23,22,18,22,22,23,24,15,20,19,18,22,13,21,22,17,18,23,16,16,24,22,15,18,23,17,17,17,17,18,13,22,21,18,18,20,19,25,22,18,18,19,18,18,27,26,25,25,21,29,27,21,20,20,20,18,18,17,14,20,14,19,18,19,14,19,12,25,25,16,19,19,26,14,15,13,18,18,19,19,19,16,16,24,16,25,17,19,19,17,17,15,13,12,13,11,20,21,17,14,16,20,27,17,18,16,18,17,18,15,20,22,20,17,15,18,18,0,0,17,24,19,16,19,21,19,21,22,19,23,23,18,17,25,20,11,11,11,12,17,18,26,24,19,19,19,21,15,20,20,20,18,18,24,18,11,20,16,16,16,10,20,22,14,24,22,14,14,23,23,25,27,21,21,18,22,19,22,22,22,25,25,23,15,19,22,12,14,14,16,22,13,19,19,16,15,13,13,15,18,19,19,17,13,19,18,18,0,0,19,16,25,19,19,18,20,24,18,19,24,21,16,19,15,16,17,19,16,18,26,19,20,24,19,24,22,21,22,19,27,0,0,0,0,0,0,0,0,0,0,
13,13,12,13,23,20,23,21,15,18,23,23,24,21,23,20,20,20,19,18,23,25,19,18,17,16,17,18,16,18,17,19,18,18,10,13,12,18,23,23,22,18,20,23,23,24,25,20,19,20,24,24,27,25,23,23,21,29,21,22,20,19,20,19,14,15,13,17,17,16,15,14,15,15,13,24,19,20,17,26,25,27,15,16,21,18,17,19,19,25,20,16,22,18,19,21,19,16,13,16,14,14,15,25,23,17,17,17,15,17,16,21,18,16,18,15,15,21,23,24,22,22,15,19,0,0,26,18,19,18,19,20,17,22,22,21,25,23,18,25,21,21,20,12,12,12,23,23,27,15,21,17,15,15,21,21,26,28,27,23,24,12,16,17,21,21,22,20,21,13,23,13,26,15,23,24,23,28,28,28,20,20,23,19,20,21,21,24,24,16,16,16,18,13,14,17,17,23,17,17,21,15,16,14,17,19,20,18,18,14,15,27,18,23,18,23,19,20,21,20,20,23,22,21,21,27,20,21,16,18,22,17,18,20,18,25,19,24,21,19,22,21,21,25,18,29,0,0,0,20,0,0,0,0,0,0,
12,14,12,14,17,23,19,22,18,16,18,23,21,23,17,16,20,20,19,19,26,26,29,20,21,19,17,25,20,18,23,17,22,22,11,15,14,14,19,14,23,24,19,25,23,21,22,19,20,20,23,29,28,22,24,23,20,23,20,22,17,20,21,20,19,15,13,18,18,13,23,23,26,17,15,24,24,28,18,19,17,17,22,21,23,19,18,23,25,19,19,17,16,20,21,21,18,18,16,16,20,15,20,20,24,16,17,27,16,16,17,24,22,19,24,22,24,16,24,22,22,23,19,20,15,0,17,17,18,24,19,20,20,20,20,22,25,20,26,21,22,22,23,21,18,19,23,22,27,15,23,21,16,16,22,22,23,27,25,28,25,24,23,13,19,16,22,20,18,14,20,21,22,22,20,26,24,23,25,23,20,20,21,19,21,24,20,18,26,18,18,17,17,18,18,15,18,16,17,17,16,16,16,18,17,16,21,19,22,21,22,22,24,19,18,21,23,21,28,21,24,24,22,22,21,20,20,18,23,25,23,18,19,16,21,21,15,19,25,18,19,19,19,25,25,25,30,23,0,0,21,0,0,0,19,0,
12,14,23,15,14,23,24,19,18,20,23,24,23,18,24,18,21,21,20,21,25,26,30,30,19,18,18,19,21,19,16,23,21,23,25,15,12,14,21,16,13,25,26,26,25,18,22,22,20,21,22,25,25,29,22,23,23,23,21,21,20,22,20,22,21,23,23,18,15,24,24,15,27,17,27,24,17,27,26,28,28,18,26,17,15,23,19,22,25,25,24,15,17,14,23,22,24,19,17,20,21,17,19,20,19,17,17,27,29,26,18,17,17,19,25,24,22,23,18,24,19,20,17,21,17,16,21,19,18,18,20,20,20,24,21,19,26,29,20,26,21,23,24,23,23,21,22,23,21,22,20,23,17,17,18,28,24,24,25,24,26,15,20,23,23,18,17,23,19,19,17,22,22,21,22,24,25,24,27,23,22,22,22,23,20,20,25,20,18,22,22,18,19,18,17,18,19,20,16,18,16,15,16,18,23,22,21,19,23,20,19,23,19,20,21,22,24,21,28,20,17,19,22,21,22,27,20,19,19,23,24,25,18,20,17,15,16,21,19,16,21,20,25,21,25,22,22,20,29,20,20,19,0,0,21,20,
29,13,13,26,25,24,22,24,17,22,21,22,24,24,24,33,26,26,23,19,26,26,27,19,23,20,18,30,26,26,22,17,22,19,20,21,15,26,20,20,20,19,28,26,26,25,20,27,19,29,28,27,29,19,19,23,23,24,26,21,17,19,23,21,21,21,23,16,16,22,15,25,17,16,17,28,26,28,27,27,27,28,25,19,15,18,23,23,27,18,24,25,18,14,15,16,24,25,23,24,20,21,20,21,21,18,18,20,24,27,30,23,21,19,17,18,24,28,25,24,25,25,21,19,22,17,22,21,20,27,19,23,21,25,25,26,30,23,23,29,29,24,30,19,26,21,26,23,22,22,23,20,19,21,16,18,17,25,22,26,27,15,21,20,24,20,16,20,23,20,18,26,22,24,22,24,22,24,23,26,22,23,24,20,21,21,24,20,23,19,20,22,21,21,19,19,20,18,12,18,17,18,15,19,22,23,17,22,22,18,19,19,21,20,21,23,21,19,19,21,18,20,24,21,21,27,26,26,15,17,18,18,25,23,23,18,19,21,17,16,18,21,24,24,22,22,23,21,21,22,22,20,20,21,21,21,
29,29,25,27,26,23,21,22,22,17,21,24,25,24,25,25,34,24,26,27,19,18,28,28,20,24,18,28,24,27,18,18,20,20,21,21,21,21,26,25,20,24,24,28,25,25,22,18,20,30,30,24,29,17,22,23,20,24,25,24,22,21,17,17,17,20,25,17,24,15,17,15,15,26,28,18,26,21,29,28,19,26,21,23,18,25,19,18,19,26,19,24,19,25,15,17,27,28,25,25,22,21,21,20,27,20,23,19,17,24,25,21,22,22,19,26,25,28,25,27,24,21,22,23,22,23,23,23,22,22,28,22,20,25,24,28,24,31,31,21,22,23,31,24,24,24,22,27,22,22,24,22,19,16,18,19,25,24,23,24,15,25,22,22,20,24,22,19,18,23,23,21,24,23,20,20,24,23,22,25,25,23,23,23,28,24,26,20,24,25,20,21,22,21,21,20,19,19,19,18,19,21,16,20,21,23,22,25,18,27,20,20,20,22,22,24,22,28,20,23,21,20,20,24,23,22,27,17,18,21,19,19,23,24,25,23,19,21,21,17,26,18,26,25,28,24,24,22,23,24,22,20,22,23,22,22,
25,29,24,25,26,24,27,22,21,25,22,20,28,25,24,26,25,35,24,25,19,26,26,19,28,22,19,29,25,30,31,33,24,32,24,23,22,17,22,23,17,28,22,22,29,22,24,28,28,18,25,29,21,17,22,24,22,24,22,24,20,31,28,17,16,20,23,20,22,24,24,25,16,25,26,24,27,28,26,23,22,25,26,20,21,22,21,22,25,21,26,23,23,24,24,18,25,28,27,26,21,21,24,21,26,18,24,20,19,25,23,24,22,23,16,21,26,28,29,28,27,27,22,25,22,21,23,24,24,23,23,20,21,24,21,28,25,24,19,21,24,24,20,22,24,24,23,23,23,23,23,19,19,17,19,19,22,24,25,25,17,25,17,22,22,22,27,19,24,23,28,26,28,22,22,21,23,27,23,30,30,24,24,24,23,24,24,25,24,33,20,20,20,18,19,21,20,21,21,16,19,19,22,27,22,23,24,25,25,27,20,20,22,18,20,23,24,21,29,20,21,24,21,25,26,25,23,22,20,19,22,20,22,21,21,26,18,21,21,24,27,22,21,22,25,26,25,24,24,24,23,21,20,20,23,23,
27,28,30,18,18,27,27,20,26,26,27,25,29,26,25,27,27,25,28,25,25,22,20,20,29,20,19,23,26,23,31,34,33,25,25,24,23,24,24,19,22,24,27,22,32,23,31,29,29,25,25,25,21,18,25,25,27,26,21,22,22,27,32,29,20,21,22,30,25,22,24,24,25,26,27,26,24,25,24,25,30,32,26,28,22,23,21,23,23,28,23,24,23,27,25,22,29,30,22,22,22,21,19,22,27,21,18,25,19,21,18,19,25,23,16,24,20,19,23,32,29,28,24,26,25,22,21,17,23,28,24,20,21,24,25,24,21,18,18,23,24,21,27,31,22,25,25,25,24,21,24,23,17,18,22,19,24,23,19,27,22,25,23,23,22,26,20,28,19,30,29,28,28,29,31,22,27,27,28,26,29,29,29,23,30,30,30,26,32,33,21,23,21,19,18,25,20,23,18,28,23,20,17,23,22,27,25,24,24,25,21,21,21,22,22,23,22,22,21,20,21,21,25,25,26,24,29,23,20,23,20,21,22,22,22,23,26,23,25,25,28,23,23,22,23,31,25,27,24,25,28,25,21,24,22,23,
23,29,19,28,28,26,25,28,28,24,27,26,29,30,21,29,28,26,23,29,23,21,24,21,28,29,30,20,24,27,23,27,21,26,32,24,19,26,25,20,21,25,27,22,32,19,28,17,30,31,25,19,26,23,25,27,26,21,23,28,28,31,32,26,32,25,19,22,24,24,24,22,29,28,32,30,25,24,29,26,26,28,30,26,25,23,25,21,25,28,25,25,24,24,26,28,27,22,24,25,23,23,21,19,22,22,17,20,18,20,16,18,22,25,23,24,23,20,25,32,31,31,27,24,21,22,21,24,19,21,25,21,23,20,25,24,21,22,24,24,28,23,22,29,23,21,26,27,26,25,24,24,18,19,18,24,27,23,22,27,23,23,22,25,23,33,23,23,29,24,30,30,30,29,28,31,27,27,30,25,27,27,28,28,30,31,32,21,21,31,30,24,24,18,19,27,20,23,28,29,28,26,22,17,25,24,24,27,20,23,22,32,21,23,23,31,24,22,26,28,33,22,21,27,24,25,30,23,21,21,25,21,20,21,25,31,23,22,24,23,22,22,23,24,24,25,26,26,27,30,30,30,31,26,23,23,
25,25,27,19,29,29,26,26,28,24,25,25,30,23,22,23,23,26,24,22,24,24,25,23,30,21,31,23,26,20,20,25,28,26,28,26,20,24,24,28,22,25,28,23,25,34,21,19,18,18,26,27,21,23,25,22,29,26,24,27,28,29,26,26,33,27,30,18,25,24,27,30,29,30,32,30,29,23,35,26,27,30,29,29,26,24,26,27,27,26,27,25,26,28,27,28,28,25,31,23,30,26,26,28,20,24,21,20,19,25,24,28,18,23,25,24,26,25,25,25,24,31,22,28,22,24,22,27,28,20,28,26,23,24,24,26,22,23,26,30,29,29,23,26,30,23,22,25,29,25,26,29,24,35,35,25,24,23,23,22,23,26,22,25,22,30,26,26,17,25,32,30,31,32,29,28,29,30,30,25,27,21,28,30,31,32,33,29,25,32,28,23,24,25,19,25,28,24,24,29,29,28,27,23,22,26,25,27,20,21,23,32,32,26,24,23,30,22,26,28,30,23,22,26,27,29,25,20,22,22,30,25,22,26,23,26,27,32,21,23,22,21,23,22,31,24,30,29,27,29,31,31,31,28,27,24,
23,26,27,25,20,25,26,32,25,27,25,26,27,27,23,27,24,24,24,22,28,25,23,29,22,30,29,23,24,24,20,27,26,27,27,22,27,26,25,29,29,26,24,25,26,34,22,22,26,19,26,21,20,23,25,28,30,27,24,30,19,20,27,21,28,27,26,29,20,21,34,31,30,35,24,31,30,34,29,26,33,29,31,25,26,27,27,24,27,28,27,27,25,30,28,29,29,31,29,30,22,22,28,26,22,25,24,25,31,26,18,27,18,24,24,24,27,24,26,26,22,25,25,23,22,22,28,27,26,28,30,29,34,34,24,24,26,28,24,29,27,20,24,31,23,24,22,23,24,26,25,24,29,36,24,36,25,21,25,23,23,23,27,21,27,23,33,26,19,17,18,33,30,30,32,31,30,27,27,29,28,21,29,21,22,30,28,24,26,23,24,25,25,26,20,20,27,27,26,21,29,23,28,26,27,25,26,22,25,25,22,23,33,25,27,27,24,26,26,36,30,33,32,25,22,29,21,21,21,21,22,27,22,24,24,26,26,27,32,29,28,29,22,23,22,27,27,27,28,30,30,28,29,27,27,24,
25,25,27,29,26,27,24,26,26,24,25,24,24,25,23,28,25,27,25,27,27,29,28,25,29,26,31,30,25,28,24,21,23,24,22,28,29,31,27,29,29,29,26,25,26,26,27,24,28,25,27,21,24,23,23,22,29,31,27,32,32,29,22,30,23,30,25,28,21,21,34,25,29,36,24,27,25,25,34,34,26,33,33,25,27,26,27,22,28,28,28,27,29,26,30,29,32,27,32,31,23,29,26,22,23,26,25,25,24,31,24,25,28,25,25,26,25,28,30,26,26,25,21,26,24,26,25,27,27,27,29,30,28,34,26,27,31,27,24,30,24,28,26,25,21,24,26,23,23,24,20,34,36,20,36,26,26,24,22,25,24,25,23,21,23,28,28,28,20,20,20,23,31,31,29,34,28,28,28,29,21,22,31,30,24,23,23,30,27,30,24,31,25,24,20,21,29,27,21,24,22,23,23,27,26,26,27,24,23,31,27,23,25,23,26,29,30,26,28,29,33,34,21,24,26,23,26,31,21,22,23,32,29,27,25,29,24,27,31,30,30,31,23,32,34,32,29,30,26,29,29,31,29,27,30,30,
28,24,28,25,28,25,24,26,27,25,28,33,25,24,30,34,28,26,35,27,26,39,30,28,25,29,25,25,25,24,25,25,24,27,28,31,32,29,26,25,31,30,31,26,27,31,29,31,29,32,24,21,24,23,24,25,23,23,30,32,21,30,23,23,24,24,31,26,20,21,24,20,33,30,35,27,32,26,27,31,27,33,25,30,30,27,26,28,31,23,24,29,23,29,24,29,32,32,24,32,31,30,29,27,23,24,30,32,23,23,23,21,25,21,28,26,27,26,29,27,27,29,26,26,27,25,26,28,28,29,33,28,29,28,27,31,32,27,27,26,31,23,30,31,26,26,28,22,24,21,22,25,26,22,32,21,21,28,25,29,26,25,23,22,21,28,29,29,29,21,34,23,32,34,33,37,31,30,39,28,28,28,31,31,31,24,33,31,30,30,25,32,33,26,27,27,27,27,22,21,25,26,28,21,26,26,26,28,24,30,28,26,25,32,31,34,31,31,31,29,37,25,21,37,27,23,19,31,23,32,33,32,29,26,27,28,29,24,32,29,30,31,33,33,28,33,30,29,30,32,30,28,31,30,31,31,
28,27,30,25,24,29,26,29,26,29,28,27,33,25,25,31,30,33,27,36,38,22,31,31,25,27,26,26,26,26,26,26,26,27,27,30,34,29,26,30,26,27,29,28,32,27,29,30,30,21,25,33,25,24,25,25,25,28,23,26,28,22,24,30,25,31,27,32,25,23,31,21,29,30,31,32,28,29,28,26,29,26,26,28,31,28,29,26,29,23,35,29,24,31,25,26,28,30,32,31,31,32,27,30,27,24,31,26,21,29,23,28,30,22,30,27,28,27,29,30,25,22,23,26,32,27,23,26,28,27,26,29,30,35,29,29,33,32,30,32,32,28,27,28,24,26,27,27,24,21,23,27,26,27,32,22,30,28,29,30,26,25,23,23,26,28,25,31,24,29,33,37,35,34,27,26,28,31,38,28,27,25,33,32,30,26,26,30,28,29,31,26,34,34,27,26,27,26,24,25,24,27,27,26,29,27,25,27,29,32,30,29,27,29,23,28,35,27,32,30,26,29,39,37,30,27,20,27,25,23,33,31,28,33,31,29,28,26,31,30,29,32,25,34,29,28,30,31,31,31,32,30,32,28,31,30,
29,30,28,26,30,27,27,27,27,27,32,30,31,28,34,25,26,35,26,32,29,27,27,32,27,30,28,29,30,27,25,27,29,27,32,23,31,23,33,31,30,26,28,30,33,24,24,29,30,23,23,34,23,26,25,28,29,29,24,32,33,28,23,29,28,34,31,32,25,30,29,33,27,30,27,30,33,36,28,29,28,34,34,29,28,28,29,32,35,31,26,31,29,31,27,27,28,29,29,27,30,24,25,28,24,32,21,30,25,30,22,29,29,31,32,24,31,29,26,27,26,24,30,23,26,24,24,27,26,34,27,29,26,35,28,29,30,32,31,32,35,32,22,27,25,24,28,27,26,23,32,29,30,28,26,25,32,30,34,27,26,26,26,24,23,26,29,25,31,31,29,34,28,28,26,26,36,30,39,29,30,26,26,34,27,29,30,31,29,31,30,34,26,33,31,23,28,27,26,27,26,25,25,25,25,27,30,28,32,28,31,30,28,33,30,30,37,33,28,28,25,29,40,39,20,31,30,20,25,24,33,25,23,26,31,31,31,28,27,32,30,29,29,26,26,35,30,33,31,32,32,33,33,31,28,32,
31,29,30,29,33,29,34,34,33,24,32,31,31,27,25,35,27,31,27,30,29,30,28,28,27,31,28,25,29,31,30,29,28,32,33,23,33,23,35,35,31,27,27,27,27,29,27,25,31,34,24,30,28,26,28,27,27,26,29,27,30,26,31,29,33,34,32,30,26,34,35,31,28,30,31,30,34,36,36,29,29,29,31,33,29,28,37,35,28,36,36,31,29,29,32,32,30,29,28,26,31,25,27,29,24,24,22,21,27,26,26,26,32,28,29,26,25,28,30,28,28,30,38,24,26,30,30,25,28,29,29,32,25,23,29,23,30,25,32,35,35,34,29,21,27,27,25,33,28,28,32,25,30,31,29,31,29,31,27,31,29,30,25,26,25,30,27,30,30,32,32,32,31,29,29,30,26,33,31,30,31,27,26,34,29,29,22,29,32,31,32,31,34,35,35,32,31,28,31,28,28,27,35,33,25,34,28,33,32,34,32,36,30,28,30,30,36,29,30,30,30,29,30,20,22,23,27,26,35,27,26,26,25,24,30,34,32,29,29,27,29,30,27,27,27,36,26,32,33,32,33,30,33,32,31,28,
34,30,32,33,34,34,28,35,34,34,32,25,30,30,23,26,26,24,32,32,24,31,31,28,28,27,31,36,26,30,31,29,31,32,28,34,27,35,35,34,31,31,28,28,32,29,30,33,29,32,26,30,28,31,29,28,28,31,29,29,27,30,31,31,29,32,37,33,34,34,31,32,32,30,31,32,31,30,36,37,30,34,35,34,30,30,29,32,36,28,37,38,28,31,32,33,31,30,30,32,27,27,26,24,25,26,31,32,29,32,27,32,34,29,27,37,26,31,29,30,36,32,38,39,28,27,32,26,32,29,30,28,23,24,26,22,23,25,33,36,35,31,30,26,31,27,27,28,34,29,26,26,31,30,31,32,31,30,30,27,31,27,27,27,27,25,29,28,27,28,29,34,32,35,28,28,27,28,33,27,34,30,26,27,23,33,23,27,33,29,33,31,30,29,33,35,32,33,28,31,28,25,27,31,28,33,30,29,34,29,34,35,30,31,37,31,39,30,31,29,29,31,30,33,23,24,24,27,20,27,29,28,26,30,30,33,30,29,33,33,29,33,28,27,29,36,33,33,34,33,31,32,30,31,29,29,
32,31,32,33,35,32,32,25,36,25,25,26,25,31,26,26,29,27,24,28,27,28,28,30,37,30,31,31,27,34,32,29,31,32,29,28,32,34,34,34,36,28,29,30,31,30,29,27,29,29,33,27,31,32,31,33,35,36,28,32,28,31,35,34,33,33,35,37,35,32,32,35,33,34,31,32,31,32,37,36,37,37,35,35,31,34,33,33,36,29,38,30,29,31,31,30,31,30,32,30,31,33,30,25,25,26,27,24,24,24,36,33,33,38,35,31,38,31,29,32,30,33,37,25,28,34,32,29,33,34,31,29,33,34,26,23,29,26,31,29,31,30,36,30,30,30,28,37,36,29,29,27,32,32,30,32,33,31,31,31,29,29,29,27,27,26,27,27,33,30,32,34,30,35,26,27,29,33,30,28,34,34,28,28,25,34,24,30,32,36,29,28,34,33,32,30,33,29,35,28,30,29,28,31,28,29,31,26,36,35,35,36,37,32,36,37,37,40,32,29,34,32,30,24,32,23,25,23,31,21,36,28,31,30,34,31,31,35,33,30,30,31,34,31,28,29,31,35,33,35,27,31,31,28,29,32,
39,32,33,29,35,33,38,33,26,35,34,30,27,31,24,27,24,24,28,31,29,26,30,29,33,31,33,34,32,33,35,35,32,32,33,33,32,35,32,35,29,37,33,31,32,32,30,26,32,30,30,29,30,32,33,37,37,37,31,32,31,34,31,37,33,34,34,36,38,31,33,31,36,27,30,28,30,29,31,37,28,28,32,25,31,28,34,31,24,30,30,30,32,31,32,30,31,34,33,33,29,33,33,33,31,31,25,26,25,25,25,38,34,38,36,29,33,38,30,32,30,36,36,32,26,31,30,31,31,29,31,35,36,31,28,27,25,25,33,31,35,33,34,37,33,32,34,37,32,29,29,29,33,32,32,31,32,36,31,30,37,30,28,26,30,27,28,33,33,32,24,31,29,30,30,30,28,32,28,31,31,35,32,32,29,33,27,26,33,30,37,37,27,33,32,31,31,32,32,34,30,37,31,34,31,30,31,28,30,29,37,35,34,34,34,36,35,36,35,30,31,32,30,29,25,31,24,24,32,21,32,36,28,30,31,35,35,36,32,32,33,31,35,36,35,33,29,35,34,36,28,29,32,32,29,33,
31,38,33,29,33,35,36,30,33,34,34,31,31,32,29,24,25,34,25,37,29,29,28,29,34,32,34,33,33,31,32,36,30,31,33,29,33,33,36,33,33,28,33,32,31,32,33,33,34,31,34,32,30,32,35,25,39,37,31,31,33,34,28,28,35,35,32,36,29,38,32,32,33,28,30,31,32,30,30,30,32,27,26,26,34,29,35,29,32,24,31,24,26,27,24,32,32,34,35,34,34,30,33,31,31,32,32,26,26,35,34,33,38,39,38,27,40,33,34,33,31,37,35,37,32,32,33,32,31,30,31,29,36,29,29,33,29,38,31,32,30,34,37,33,34,35,35,34,32,32,30,30,34,33,27,33,33,35,35,32,34,38,32,29,30,28,27,32,33,33,24,32,30,31,35,34,30,33,37,29,27,35,32,34,32,30,29,31,25,32,30,34,25,34,30,31,30,28,33,30,33,38,34,32,35,31,31,30,29,34,35,38,34,34,36,36,36,37,35,35,32,30,30,30,30,30,26,27,34,33,33,37,37,36,31,38,33,37,33,34,33,31,30,37,30,32,30,26,25,27,27,29,31,29,32,31,
34,39,39,37,38,33,36,34,34,36,35,33,32,32,29,32,33,34,34,33,30,29,32,32,33,30,33,33,33,32,31,33,37,31,35,34,31,35,34,34,39,29,35,30,36,36,34,31,28,32,32,36,31,34,36,31,38,26,28,32,30,30,28,29,30,31,31,34,28,38,34,33,35,38,37,31,31,32,31,33,33,33,35,34,33,33,32,30,32,30,30,23,27,28,25,32,32,31,30,32,31,37,29,32,32,31,34,28,27,28,33,35,36,35,39,26,35,30,30,34,35,30,31,37,35,34,34,33,34,31,32,32,31,31,30,35,37,27,28,32,31,36,35,36,33,35,36,36,38,31,29,30,30,34,34,34,33,36,31,36,35,35,32,38,30,31,28,32,33,39,27,25,30,30,25,28,31,35,37,27,28,30,31,33,32,33,31,36,28,26,28,35,35,31,33,32,31,27,36,31,31,31,34,35,32,34,34,31,33,32,36,39,33,35,36,34,37,36,38,35,33,35,31,34,29,30,28,29,35,34,36,36,38,38,38,36,34,34,35,34,34,32,37,30,31,33,33,28,29,29,27,32,31,34,32,32,
34,39,40,38,38,38,39,30,33,36,37,36,29,29,29,31,27,34,35,29,33,33,34,33,27,31,27,34,34,30,32,30,36,31,38,35,32,37,37,34,35,35,34,36,37,37,35,36,33,33,36,38,31,29,33,31,30,26,29,27,36,31,31,32,29,30,29,34,30,37,35,34,37,34,37,35,32,33,35,35,33,39,35,36,36,35,27,31,32,33,29,24,29,28,26,28,32,32,32,32,32,35,29,34,34,34,37,35,29,30,32,35,35,36,36,30,36,37,30,35,34,34,36,33,35,37,36,34,34,33,33,33,32,37,34,29,34,31,36,33,32,37,35,36,36,38,37,33,37,30,30,34,29,35,34,35,38,35,29,31,31,29,32,31,32,39,33,33,32,39,39,38,34,32,33,33,32,36,29,35,27,31,33,34,35,35,32,33,36,28,28,27,42,29,32,33,33,33,36,37,32,38,36,33,32,31,35,35,32,29,36,28,35,33,35,33,34,34,36,36,35,37,34,34,30,30,29,34,36,35,38,29,40,41,39,35,33,33,35,29,30,37,38,31,33,32,31,34,30,34,30,30,32,35,34,33,
32,38,40,40,40,38,37,35,34,33,35,37,30,30,30,30,32,27,29,35,30,35,33,35,31,28,32,28,39,31,30,30,32,35,35,35,32,34,37,30,35,36,29,37,35,38,34,36,36,34,37,40,30,30,32,30,31,30,28,28,38,37,31,33,29,31,31,29,30,34,34,34,34,37,38,33,33,32,38,36,34,34,30,36,37,27,28,37,33,33,29,32,28,29,29,33,33,32,33,32,37,36,29,30,30,34,31,31,39,38,36,34,36,36,35,36,31,37,37,39,35,36,35,36,36,34,35,35,35,34,35,30,35,32,28,29,28,29,33,39,34,35,37,35,35,38,37,34,30,30,31,32,36,30,33,38,35,38,35,35,32,32,29,34,40,32,35,34,34,34,33,39,34,34,33,34,33,34,33,36,36,37,32,34,35,36,36,36,37,29,29,36,35,38,38,37,35,35,30,37,38,30,37,31,33,38,38,36,29,36,34,35,33,36,31,30,34,29,36,36,34,36,32,30,31,32,30,29,35,32,32,33,33,40,36,36,34,37,31,30,32,30,38,29,36,34,33,34,34,33,33,33,35,33,35,34,
33,40,41,41,36,40,33,37,37,34,37,33,30,36,29,28,34,37,37,30,36,35,29,33,34,32,33,35,31,43,32,36,33,37,36,32,34,34,37,42,40,31,36,37,32,37,36,36,31,36,38,31,32,33,35,34,34,35,30,29,41,36,38,34,33,29,32,37,33,38,35,29,35,37,37,38,34,40,37,36,38,36,32,34,31,36,33,38,37,35,33,32,28,34,39,33,34,33,33,33,32,28,30,34,30,31,48,32,32,33,37,37,33,35,36,36,33,38,38,35,35,35,34,37,33,36,36,34,33,40,33,33,36,32,33,30,29,32,33,34,36,33,32,36,30,38,38,34,34,34,34,35,35,33,33,34,33,40,37,36,35,36,33,34,34,31,33,33,32,36,31,34,32,34,38,33,34,35,38,38,38,34,33,35,31,35,30,38,37,39,34,35,37,40,35,35,35,38,35,39,30,37,31,32,33,29,31,33,34,36,34,34,37,36,38,32,32,30,31,33,32,36,33,35,37,33,33,34,30,33,32,34,34,37,36,36,36,34,39,30,32,31,29,30,37,37,35,36,35,33,35,33,35,34,35,35,
34,38,40,27,27,35,34,38,30,39,31,37,36,30,32,30,33,38,38,34,36,37,33,34,34,35,31,35,35,42,43,42,36,36,33,33,33,34,35,37,30,33,37,37,42,41,41,39,37,37,32,33,34,38,36,36,34,35,35,36,43,40,37,36,35,36,30,34,33,32,38,32,30,32,38,39,39,35,37,40,39,31,35,34,33,34,32,38,38,39,40,35,33,27,35,39,34,37,34,33,33,36,36,35,31,30,33,48,32,32,34,39,38,36,35,37,35,35,36,36,38,35,35,37,38,37,37,37,36,36,40,34,36,38,33,32,40,31,33,39,32,37,34,33,37,32,34,31,34,32,35,36,36,40,32,34,37,40,34,37,29,35,37,35,35,35,32,35,32,40,38,35,31,33,32,38,34,36,32,38,30,38,36,35,33,36,40,40,39,36,35,38,35,35,38,36,37,34,39,39,35,38,31,32,31,32,40,34,30,35,37,35,33,36,39,37,32,32,33,35,32,33,36,35,36,31,34,37,35,32,33,38,32,31,29,37,36,34,36,38,36,43,33,31,40,38,30,36,35,34,33,36,34,36,33,36,
37,37,39,41,28,35,34,38,35,39,36,30,37,32,39,42,30,33,36,39,35,37,35,34,34,32,33,42,42,31,42,34,37,36,36,38,34,35,34,38,33,39,41,37,43,30,42,37,35,38,33,36,35,36,39,36,36,36,35,37,41,37,38,37,35,36,33,29,33,37,36,37,32,39,41,40,40,36,38,38,41,30,34,36,37,34,33,38,38,38,39,35,36,35,35,41,36,36,38,40,35,31,36,37,33,33,31,41,33,34,49,33,39,38,32,38,37,36,35,39,35,38,36,35,36,39,42,38,37,37,41,40,35,36,34,33,43,39,37,39,32,38,32,34,33,32,30,33,33,36,35,42,37,36,33,33,38,36,35,31,32,36,35,35,35,35,31,35,34,33,39,37,35,34,38,33,36,35,37,34,36,36,37,38,37,38,32,35,41,35,39,38,36,37,36,36,37,38,37,36,38,39,32,33,37,37,35,40,31,36,40,37,31,32,32,29,39,32,37,33,33,36,35,36,35,37,35,35,36,33,31,38,32,33,42,39,37,37,39,38,37,37,42,33,33,38,38,33,32,35,34,34,35,35,37,34,
38,37,43,40,33,43,42,39,35,42,31,36,31,43,39,43,31,34,36,36,36,35,35,34,38,35,33,33,41,39,44,37,38,41,37,33,33,35,32,34,31,39,40,40,34,37,39,42,37,35,36,36,37,38,39,39,37,37,35,40,39,42,42,35,38,36,30,30,33,38,37,38,38,33,34,37,34,42,44,41,31,31,36,37,38,33,34,39,43,39,40,42,34,37,36,37,41,38,37,41,31,34,35,33,34,40,33,42,31,35,33,33,32,33,34,38,35,37,38,37,41,36,39,35,38,38,43,36,34,40,40,35,37,38,36,38,37,39,38,38,35,32,32,30,33,33,31,32,31,39,40,37,40,39,34,35,39,39,36,32,36,32,37,36,38,34,36,32,37,31,38,37,38,36,39,38,35,36,36,36,40,37,37,36,37,38,38,37,39,39,36,43,39,34,36,31,37,31,31,37,36,33,38,33,35,37,39,38,31,36,40,41,40,43,32,31,37,32,37,30,36,37,36,32,36,34,39,29,34,34,34,32,33,36,43,40,39,37,36,34,37,38,37,34,34,35,39,34,31,34,35,35,36,37,36,36,
38,39,35,31,42,34,34,35,37,35,32,37,37,42,43,44,43,40,40,35,37,40,34,36,41,35,42,33,33,40,35,37,37,38,39,34,34,34,35,33,37,35,41,35,35,32,37,40,41,38,37,37,38,39,39,35,39,38,37,40,39,41,41,36,36,45,39,33,33,38,36,44,39,39,42,38,41,40,41,41,38,37,33,36,38,37,41,34,37,34,40,45,42,43,37,37,41,39,41,38,38,32,34,30,36,39,41,42,32,32,35,35,34,38,34,34,37,37,39,32,34,41,38,39,40,41,37,36,35,40,38,37,34,35,38,38,44,36,36,40,36,36,40,40,40,39,39,33,31,40,35,38,40,39,35,37,40,39,37,42,37,42,36,37,35,36,37,36,40,34,33,33,39,39,39,39,41,34,37,37,37,35,37,37,38,36,35,37,37,41,35,36,35,34,36,36,38,36,40,41,41,39,35,37,37,35,37,41,39,38,42,41,39,43,33,32,34,37,33,37,28,36,40,38,40,36,36,38,32,39,35,34,34,34,33,31,30,38,36,35,37,38,34,36,42,42,36,36,35,37,35,35,37,36,35,37,
36,39,37,39,41,44,41,36,35,35,35,42,37,37,42,43,42,42,40,36,32,37,35,38,41,40,40,43,34,41,36,36,36,37,38,39,37,35,35,35,38,36,41,41,38,41,43,42,41,41,36,38,37,39,40,33,35,35,38,41,33,42,43,44,45,46,34,34,41,40,43,39,40,39,44,38,42,43,39,42,40,38,37,39,35,39,34,38,38,40,40,41,43,44,35,36,41,40,39,43,32,32,34,39,44,33,39,33,43,35,41,36,36,38,37,35,36,37,33,33,34,35,41,40,40,41,42,38,37,35,40,42,35,36,37,39,43,40,35,41,37,36,34,38,40,36,40,36,32,35,35,31,34,33,35,35,45,41,37,33,42,33,38,36,36,35,37,37,31,36,33,32,34,35,37,39,38,41,39,38,37,39,36,40,38,43,38,39,37,36,34,37,42,35,33,39,38,38,36,35,38,40,40,37,38,40,36,42,39,41,40,37,39,42,39,34,32,37,31,38,41,29,33,41,32,37,40,34,38,37,39,41,37,40,33,32,38,41,40,37,36,36,35,37,37,37,37,37,36,38,34,35,37,37,37,36,
44,35,43,38,37,41,35,34,37,39,38,43,44,41,38,43,46,42,43,40,39,33,35,37,44,42,40,38,44,41,45,37,45,42,45,39,38,36,36,39,38,37,39,34,36,43,44,44,39,39,40,37,37,37,40,41,40,36,41,38,40,35,35,45,45,45,36,38,35,34,37,35,40,40,41,38,45,45,45,34,40,41,40,40,38,34,35,39,37,47,41,37,42,43,35,37,40,41,37,43,42,44,35,43,41,38,37,35,33,34,40,39,39,38,39,38,37,37,34,39,36,41,36,36,38,41,43,41,38,40,43,42,36,37,41,40,39,39,36,37,40,35,39,34,38,36,37,40,39,43,35,43,38,32,34,46,46,36,41,38,39,33,38,38,38,36,42,42,39,37,33,33,37,37,38,38,41,42,37,40,38,39,39,39,41,40,38,38,38,37,38,38,38,38,38,40,39,40,37,36,42,40,41,38,38,39,37,41,40,39,41,39,38,38,40,40,39,40,38,32,39,32,34,38,40,40,40,41,38,39,40,42,37,40,39,41,33,37,40,37,41,38,37,38,38,37,37,38,37,36,35,39,39,38,37,38,
37,46,44,38,42,42,40,41,34,44,38,42,43,44,43,43,44,46,43,43,37,34,38,38,42,39,39,41,38,37,38,42,45,40,37,46,46,39,37,39,37,39,40,40,34,41,42,38,43,38,41,41,40,38,40,42,42,44,37,39,34,36,38,46,34,38,37,38,36,39,38,45,42,41,46,34,40,44,46,40,42,37,41,41,39,41,35,39,44,48,46,38,38,38,36,38,34,41,42,38,43,46,35,44,44,42,40,38,36,36,36,40,37,39,39,39,38,37,43,38,37,40,42,42,37,38,43,42,39,40,40,42,37,45,43,41,36,40,38,37,39,32,37,42,40,39,37,40,40,40,35,41,39,37,35,35,34,47,38,42,39,43,43,39,38,42,42,42,42,43,38,35,37,42,39,39,38,40,43,38,44,38,41,40,42,41,40,39,39,37,36,39,39,38,40,40,37,40,38,38,41,42,42,39,40,40,39,44,42,40,40,36,43,41,39,41,40,40,38,37,33,37,37,33,39,38,39,37,38,39,40,43,38,41,40,39,42,40,36,36,37,41,38,39,44,39,40,39,38,38,38,39,40,39,42,39,
43,46,47,47,39,42,40,42,41,41,43,43,40,44,39,47,46,44,38,43,43,38,34,39,39,40,41,40,45,43,44,37,43,43,42,36,38,39,38,39,41,41,39,41,40,41,38,38,42,39,39,39,40,40,42,40,43,44,43,40,40,43,41,38,35,40,39,37,38,36,43,41,41,42,42,35,39,42,36,40,37,37,38,43,42,41,42,36,40,44,48,47,39,38,42,45,35,35,40,40,45,46,39,35,39,39,39,42,39,42,41,41,42,40,40,40,39,38,37,38,43,42,43,38,38,42,41,41,42,41,42,41,43,40,38,45,38,43,38,42,39,34,33,35,43,40,39,40,38,40,43,40,43,40,37,41,34,35,35,34,35,37,40,46,39,39,39,43,43,44,37,39,36,34,40,40,40,38,39,43,39,44,42,39,42,37,40,41,39,45,37,39,38,39,39,40,38,38,43,39,35,40,42,38,41,40,38,39,42,41,37,36,44,36,38,42,38,40,38,40,39,34,38,38,35,40,41,41,41,49,42,41,41,38,41,42,42,41,39,38,38,37,41,45,47,44,40,39,39,39,38,39,40,42,42,38,
40,38,47,40,47,42,41,42,41,43,43,43,43,41,46,48,47,47,45,39,39,44,37,43,38,40,41,41,44,43,48,39,43,44,40,42,41,38,39,39,39,42,42,40,40,45,44,39,39,39,41,44,41,40,44,37,41,41,40,44,41,42,43,36,39,39,42,40,38,38,42,37,41,41,42,39,41,36,37,41,41,45,44,42,43,42,40,39,41,41,39,48,41,39,43,41,39,46,42,41,44,47,46,46,46,47,38,39,40,41,41,41,44,41,40,40,37,41,39,39,44,37,41,47,39,41,43,40,43,42,40,40,42,43,40,40,46,38,43,40,41,35,41,45,39,39,44,44,39,45,44,40,45,39,41,46,35,39,43,38,36,37,38,41,38,44,42,40,40,34,44,39,36,41,43,41,40,39,39,41,40,45,44,40,43,42,43,39,45,46,37,38,40,40,40,43,37,43,43,37,39,38,41,39,41,42,39,40,40,42,37,45,42,43,43,39,42,38,41,39,40,41,39,39,35,40,41,40,39,49,50,42,40,39,42,42,49,41,45,38,44,42,38,44,39,48,40,40,40,38,41,36,39,42,43,39,
41,41,42,44,44,43,42,44,43,42,43,43,42,43,46,40,39,48,46,46,39,45,38,44,42,42,43,40,46,38,39,41,45,42,41,41,40,40,40,42,40,42,43,40,41,45,41,46,40,40,39,46,46,41,44,47,40,42,37,40,43,43,44,44,36,45,44,40,41,39,41,44,41,42,43,42,42,38,41,46,46,45,45,42,42,44,42,41,42,43,40,40,40,43,40,41,41,39,37,42,39,48,47,47,47,46,43,42,43,39,45,42,45,41,41,44,38,40,36,38,40,39,45,46,40,40,40,41,44,46,45,43,41,39,43,41,42,41,44,39,40,35,39,42,42,40,40,44,39,37,44,37,45,41,40,47,35,39,46,44,39,40,39,40,37,39,42,42,42,35,43,37,38,39,41,36,44,40,41,40,42,43,48,41,41,43,41,45,44,39,37,37,45,46,41,42,46,38,44,41,43,39,39,40,39,40,44,39,41,43,42,43,43,42,44,44,42,42,42,42,41,40,39,42,40,38,41,42,42,42,49,45,45,38,37,37,38,40,36,47,39,42,42,43,41,43,38,41,42,43,42,40,39,42,39,43,
40,42,43,44,44,43,43,43,46,44,45,43,44,45,42,41,37,39,36,39,44,44,38,44,43,40,42,43,46,46,40,42,45,38,43,42,41,45,41,41,41,42,44,43,42,41,42,44,43,40,45,41,42,46,40,45,45,40,39,37,45,38,41,42,47,45,42,41,42,41,41,40,44,42,44,41,46,41,41,42,42,44,45,45,41,41,39,43,42,45,43,41,40,41,42,41,39,40,44,39,40,42,48,47,42,42,39,43,38,43,42,46,43,45,40,39,44,44,39,41,41,45,43,43,40,42,43,43,41,44,47,45,45,40,40,39,42,43,41,39,42,37,40,35,46,42,45,45,40,39,37,38,38,46,38,41,48,44,40,44,44,38,38,42,41,38,40,42,41,44,44,40,38,43,40,41,42,40,42,41,41,44,48,48,44,44,42,45,44,45,45,38,38,42,46,47,39,42,39,43,41,42,47,40,38,40,38,43,43,43,44,43,44,43,43,43,42,41,44,43,43,44,43,39,45,41,41,40,41,43,44,45,44,46,40,39,38,38,44,47,45,47,44,43,40,44,39,39,42,39,43,38,41,45,43,42,
43,40,44,44,44,45,44,42,44,43,44,41,44,38,46,42,40,45,45,40,44,44,45,43,44,45,42,42,43,38,41,44,46,44,39,45,40,42,45,44,42,42,43,46,45,43,44,43,44,47,43,42,41,41,43,42,46,42,45,46,38,39,38,42,46,41,42,42,43,45,42,43,40,45,44,43,42,41,42,43,43,41,46,46,46,41,43,42,45,44,43,44,40,44,42,40,39,41,46,45,44,44,46,43,42,43,39,40,39,41,44,47,46,45,46,40,45,44,40,45,46,42,43,45,37,42,42,39,45,45,45,48,39,41,41,41,40,41,39,39,41,44,45,36,44,46,46,46,40,43,40,39,42,40,40,40,41,43,44,44,45,45,40,44,43,43,42,40,41,44,47,41,41,43,43,44,45,43,41,42,49,44,47,49,45,48,45,47,46,46,40,39,39,42,40,44,47,49,43,43,46,44,43,49,48,40,42,44,44,41,44,45,40,45,42,43,38,42,44,40,44,44,43,46,45,46,44,45,40,45,45,44,45,47,39,42,39,39,47,48,46,48,45,42,40,41,44,44,43,40,39,39,41,42,42,43,
45,42,43,41,41,43,46,40,44,44,42,42,42,42,39,47,43,46,44,43,39,44,49,44,44,45,46,46,40,39,39,45,44,42,41,46,44,42,43,44,43,43,46,46,45,44,46,44,46,47,43,41,43,42,39,43,46,41,45,46,41,46,39,39,43,47,42,42,43,42,43,44,44,43,46,46,42,54,52,52,44,47,42,45,44,42,42,44,46,44,45,46,43,43,45,42,45,42,41,46,45,43,46,44,42,41,44,42,42,42,44,43,46,44,41,43,44,40,45,44,47,43,45,43,44,40,43,39,46,42,46,42,40,41,44,45,45,41,47,40,40,42,41,37,42,43,45,46,46,46,44,41,41,40,42,40,42,43,44,45,46,46,41,41,48,44,42,40,41,41,46,42,42,41,48,46,44,43,44,43,43,42,48,42,41,46,46,46,42,43,42,45,41,39,43,41,40,41,43,50,43,40,45,44,43,43,44,41,44,44,42,45,47,47,39,44,44,43,42,42,45,42,46,46,46,46,45,45,44,48,46,43,46,45,40,42,42,45,46,46,46,47,41,44,41,44,44,46,45,46,42,42,43,42,41,42,
47,50,43,41,42,49,43,42,41,45,43,44,42,48,45,47,47,42,46,45,46,44,49,45,45,47,46,47,38,39,40,44,44,41,45,41,42,46,43,43,41,44,46,42,46,44,44,45,47,39,43,44,44,44,47,40,43,42,44,44,42,41,48,47,43,42,40,43,46,44,46,43,39,53,46,42,42,54,38,52,46,49,43,45,47,41,42,41,46,45,41,43,44,44,43,43,45,45,41,46,46,47,44,47,43,37,41,42,42,45,45,43,43,46,45,43,43,47,45,45,47,45,44,44,43,39,41,41,40,44,41,41,50,41,45,44,46,47,47,44,45,43,45,41,44,44,47,46,46,45,45,45,42,42,44,41,43,43,43,42,46,43,48,42,45,47,43,44,41,46,47,43,45,42,43,48,44,45,44,41,44,44,45,43,50,47,43,47,43,44,44,44,41,47,44,43,42,39,47,42,42,46,47,45,44,45,45,44,45,45,45,47,48,50,44,45,44,44,44,45,46,46,47,48,47,47,45,46,51,49,48,50,44,45,42,43,39,42,45,47,47,42,42,44,44,44,45,46,47,46,42,40,38,44,42,43,
47,51,41,41,42,42,48,47,43,41,41,44,42,41,48,42,48,44,47,47,42,45,47,44,47,47,46,46,48,45,40,45,45,46,42,38,46,43,43,47,43,42,47,49,44,47,44,45,47,40,40,51,45,47,48,48,45,46,45,45,45,43,42,42,48,42,42,47,44,42,45,45,45,51,51,43,42,49,52,53,44,47,45,47,44,43,44,43,43,46,46,44,45,45,47,47,43,46,46,49,47,47,46,44,44,43,38,43,43,46,46,45,44,46,46,43,45,49,48,46,47,46,43,45,43,46,43,47,41,48,42,44,45,45,44,44,46,48,47,46,45,46,43,47,43,47,43,44,48,46,46,46,44,41,44,44,43,45,46,45,45,44,45,47,39,45,45,46,44,46,46,49,46,46,42,42,43,46,46,44,45,43,45,45,46,40,43,47,44,49,44,48,42,46,45,40,43,43,44,42,43,44,49,44,46,45,45,42,46,42,45,46,42,46,45,45,45,45,45,41,44,43,46,46,47,48,46,45,42,52,50,47,44,47,39,42,39,46,42,47,44,43,43,42,43,42,42,42,47,41,41,43,42,44,41,43,
47,44,41,43,43,43,50,49,49,43,42,45,44,41,42,48,43,43,46,48,48,43,46,47,41,47,47,42,48,44,46,45,45,46,44,43,43,46,48,48,50,46,43,50,44,40,46,44,46,47,45,50,46,48,43,45,46,46,45,47,44,46,43,42,42,44,50,43,50,42,46,46,48,44,52,44,43,45,44,53,47,44,46,44,43,43,45,44,44,46,49,42,48,46,47,47,42,46,47,49,48,46,44,44,42,43,38,39,45,47,47,47,46,48,42,44,44,46,50,47,44,41,49,45,44,47,41,44,48,48,48,42,43,50,46,47,45,47,44,47,42,44,44,44,47,49,46,44,50,49,50,46,50,45,48,47,45,46,43,52,44,46,48,46,40,40,46,46,46,46,47,46,44,48,46,47,45,44,47,47,44,46,46,50,46,41,49,44,48,48,47,44,49,46,44,45,44,41,49,47,43,46,49,44,46,44,46,45,44,43,43,42,45,44,47,48,45,47,46,45,46,45,45,44,48,48,43,47,48,50,51,50,51,42,45,40,39,46,46,48,45,44,44,47,45,43,42,44,46,44,42,42,41,44,43,42,
48,47,46,45,42,43,43,49,44,41,44,43,49,45,42,49,49,47,44,47,46,48,47,47,41,44,48,48,47,49,45,47,45,43,45,44,44,44,44,48,46,45,48,48,44,41,41,53,41,47,40,50,47,46,49,45,47,47,44,48,47,44,44,43,47,52,44,44,43,43,45,46,45,47,45,52,44,45,47,45,47,45,44,46,40,44,45,52,46,46,46,47,47,49,47,48,41,46,49,50,50,46,47,44,44,45,42,49,46,47,46,47,47,49,46,47,44,48,47,50,49,42,47,42,46,43,47,44,45,46,45,43,52,50,46,43,43,46,46,45,41,41,45,45,48,44,48,44,45,47,49,47,44,47,48,51,48,44,45,46,44,50,49,49,40,47,47,40,44,47,48,45,46,47,49,47,47,47,45,47,45,46,43,45,47,50,50,46,46,50,48,45,44,50,46,44,50,45,45,45,43,47,50,45,45,45,47,46,46,45,43,46,47,47,44,47,45,50,49,50,47,47,44,46,49,46,46,44,47,48,43,51,48,48,45,46,40,43,43,48,48,47,45,48,46,48,46,48,47,44,42,42,45,44,43,43,
49,48,44,45,45,47,44,47,50,46,46,48,49,44,46,44,50,44,44,47,48,51,49,48,42,43,45,48,48,46,44,46,47,45,44,45,45,44,48,49,42,48,48,49,53,44,53,54,44,45,41,43,42,49,44,49,48,46,44,44,48,48,45,45,54,53,51,44,42,48,48,50,48,46,52,45,45,49,49,47,48,52,45,45,48,48,44,46,44,53,50,47,47,48,47,45,42,47,45,46,46,49,46,44,44,49,49,49,44,48,45,46,47,48,49,46,45,45,46,48,47,47,41,45,47,47,45,50,51,46,48,49,50,52,51,51,44,47,47,45,46,49,45,46,45,45,43,48,51,51,47,47,48,47,48,50,51,44,51,49,47,50,50,45,47,41,47,49,47,44,47,45,47,45,49,50,48,48,48,48,43,46,47,47,49,51,44,48,50,50,50,43,46,49,47,48,48,48,49,46,47,43,49,46,48,46,46,46,45,47,44,45,47,44,48,46,49,48,49,48,48,47,48,47,49,43,44,44,44,45,44,48,46,49,48,46,47,43,44,43,46,46,46,47,49,49,46,44,44,50,43,43,44,46,45,45,
49,49,47,50,44,44,44,48,48,47,47,47,49,48,51,47,47,45,45,47,47,51,46,46,43,42,44,44,49,43,47,43,47,49,47,42,47,46,48,48,46,48,44,48,47,44,49,45,44,42,48,44,51,48,45,45,47,45,48,46,45,52,47,48,47,45,51,46,43,47,50,49,49,49,49,52,43,48,46,45,47,48,52,52,47,49,48,45,48,44,45,48,48,48,47,48,49,46,44,48,47,47,44,46,43,50,49,50,48,48,46,49,45,48,49,47,47,45,48,46,42,47,48,45,47,46,45,50,52,47,43,50,51,51,53,48,48,49,49,46,46,50,50,49,47,45,45,49,43,52,49,48,48,48,48,47,47,51,49,49,49,48,51,52,46,47,48,49,45,47,47,48,49,47,45,45,49,51,48,44,49,44,47,46,47,50,45,49,47,45,51,47,44,49,49,49,48,46,49,45,46,44,46,49,49,49,45,47,46,46,45,46,46,46,44,51,45,50,48,49,50,48,47,48,46,44,44,46,45,49,53,53,52,45,46,47,48,43,45,44,45,49,47,47,49,47,47,46,45,51,45,44,44,46,46,48,
50,46,51,50,46,49,45,46,48,49,49,47,47,48,52,48,54,45,45,45,47,49,51,46,50,52,44,44,47,43,44,44,45,50,47,47,44,48,47,49,45,48,44,44,48,52,50,51,45,47,47,47,50,52,55,50,48,46,45,48,47,52,43,48,46,52,52,50,47,47,50,47,53,50,53,53,49,50,50,46,51,47,51,53,50,47,49,46,49,48,46,51,48,47,48,48,48,48,41,47,49,46,53,46,44,49,52,52,49,50,49,49,50,48,48,48,49,47,46,48,48,48,51,52,48,50,47,46,46,52,50,50,51,52,49,53,49,49,46,49,47,49,49,48,54,51,51,46,45,46,47,48,52,43,48,49,47,46,51,47,50,46,49,48,47,50,48,48,47,51,49,46,47,45,46,44,48,48,48,43,49,48,49,47,47,45,50,47,47,46,46,47,46,45,49,49,50,48,47,46,46,46,50,47,51,45,51,50,45,46,47,47,47,49,45,47,51,48,49,47,44,47,49,48,46,46,46,46,46,52,46,50,51,52,51,49,49,44,45,45,48,52,48,48,48,48,48,48,46,50,52,50,45,47,47,49,
50,48,52,52,51,49,50,47,47,47,43,48,47,51,49,48,54,46,46,48,48,49,49,49,52,46,48,46,50,47,44,50,50,49,49,49,48,49,47,51,48,50,47,49,52,46,52,51,52,47,43,46,43,54,54,48,49,48,48,46,48,51,53,48,47,44,53,44,45,49,47,51,51,47,48,53,49,48,49,47,49,54,45,47,51,50,48,51,50,47,47,51,48,47,49,49,47,43,48,45,47,47,49,47,47,49,52,47,46,50,50,51,49,49,48,48,50,51,49,49,46,49,50,46,52,45,53,51,53,46,51,52,51,52,53,50,49,51,51,47,48,52,50,50,48,49,52,47,48,45,48,47,49,54,44,47,49,51,47,45,48,50,47,48,49,50,49,48,48,51,50,46,47,46,51,45,52,44,45,49,50,49,46,48,47,51,46,46,49,46,45,46,53,47,47,51,47,51,50,46,47,47,48,51,51,50,51,51,46,49,47,48,47,47,54,47,47,50,47,48,53,45,47,49,48,49,47,47,49,51,53,49,51,53,53,52,51,49,46,52,48,47,50,49,49,50,49,48,47,50,48,49,50,50,50,48,
53,52,50,52,51,49,48,50,50,50,51,49,48,48,51,51,51,49,53,50,49,45,50,49,53,51,50,46,52,52,49,50,52,49,52,50,48,52,50,48,50,51,48,48,48,50,48,52,44,44,43,47,44,46,49,52,54,47,47,48,46,48,47,50,48,51,53,50,47,49,48,52,52,48,53,54,48,50,51,49,49,51,47,48,48,50,50,49,51,46,47,48,47,48,48,49,48,43,49,46,45,51,53,54,48,54,51,48,51,47,48,50,51,54,55,48,49,46,47,50,47,47,50,47,46,48,53,48,51,47,48,49,52,49,51,52,50,49,49,50,50,48,53,52,49,49,52,46,46,45,46,49,51,47,45,51,51,52,51,46,47,46,51,49,48,50,49,49,50,49,48,48,51,48,51,51,49,52,44,50,48,49,49,48,47,52,48,47,48,47,46,48,50,50,46,50,49,46,50,43,52,50,48,49,51,51,50,49,47,48,51,48,50,47,49,48,51,48,50,49,54,48,45,48,50,49,48,47,49,51,51,50,50,50,54,53,52,51,52,48,49,50,48,51,49,49,49,47,48,50,48,49,49,51,51,49,
52,50,50,46,48,50,48,49,54,50,51,50,49,52,52,47,52,48,52,49,48,49,51,46,53,52,50,50,51,51,52,50,51,49,53,51,53,50,51,48,49,52,53,51,50,50,51,48,47,48,46,48,47,47,51,51,52,54,49,49,49,53,48,51,50,51,48,53,50,48,48,53,49,49,52,52,48,48,50,51,48,49,51,49,53,48,52,50,50,48,48,50,49,50,51,52,53,51,54,46,46,51,51,53,53,53,52,52,52,49,49,51,52,51,50,50,48,46,50,48,53,52,49,48,47,51,49,51,48,51,50,47,50,48,51,52,52,52,50,51,51,50,49,53,51,50,49,52,50,47,49,46,51,52,53,48,48,52,52,52,54,47,55,55,50,49,49,52,51,51,50,52,50,53,49,51,52,48,50,46,49,53,49,50,54,51,51,48,50,50,47,48,50,51,53,53,46,44,44,44,47,47,51,50,50,51,47,47,48,51,53,48,47,53,50,48,50,53,50,49,54,53,47,50,50,50,49,48,51,51,50,52,51,51,51,54,52,52,53,53,52,50,50,51,49,50,50,54,51,49,53,51,50,51,51,50,
53,50,52,50,47,49,54,49,52,51,49,53,50,52,51,48,54,53,50,50,52,53,51,53,54,54,48,51,53,52,52,52,52,48,51,54,52,53,55,50,51,49,53,51,53,51,48,52,50,49,50,45,49,49,51,52,53,55,49,52,54,54,53,51,51,51,50,53,49,49,49,50,49,49,49,50,47,56,49,53,50,51,54,48,53,52,50,52,54,51,48,50,51,53,50,53,53,53,50,50,53,49,51,54,48,48,54,52,52,49,50,51,50,52,51,50,49,50,51,52,53,52,50,51,47,48,48,48,49,50,51,48,52,50,50,53,49,51,51,53,50,51,51,49,49,47,50,54,50,47,53,47,47,50,53,48,53,52,54,52,52,55,50,54,53,51,50,49,47,54,50,51,49,53,51,50,52,47,50,45,46,47,49,50,50,50,49,52,51,49,51,48,52,53,50,50,47,49,46,47,47,50,51,51,49,50,51,52,49,51,53,55,48,52,50,50,52,54,50,51,48,47,51,49,51,51,49,50,49,52,52,53,53,50,51,51,52,49,53,52,52,52,51,48,50,49,53,50,51,49,52,50,52,48,51,51,
52,53,52,49,51,50,48,52,51,51,47,49,53,52,54,50,51,54,54,55,52,54,55,52,54,55,56,53,56,51,53,50,56,51,51,53,54,54,51,56,52,51,50,53,51,48,50,50,51,49,49,52,51,49,52,49,53,54,56,52,53,54,54,56,48,52,49,49,52,49,50,53,51,50,51,54,51,53,56,54,48,51,52,53,55,50,53,50,51,54,52,54,52,52,49,54,49,50,50,54,53,50,52,53,49,49,51,54,56,51,51,51,52,52,51,48,51,53,52,48,53,49,51,48,48,54,49,49,48,50,49,49,50,52,53,53,52,50,52,51,53,54,52,53,51,51,49,53,54,49,52,50,48,48,53,52,53,51,53,53,49,53,50,51,49,52,51,48,48,54,53,51,52,51,54,50,52,52,49,50,55,48,50,49,52,52,51,50,51,50,51,55,49,51,50,50,51,49,47,47,51,53,53,50,49,55,51,52,52,52,54,57,50,53,53,50,51,53,49,51,49,50,49,50,52,52,52,51,50,52,59,53,53,50,51,51,52,51,53,50,53,50,53,51,51,50,54,54,50,53,52,54,51,53,53,52,
52,48,54,49,51,51,51,55,52,52,52,51,51,54,50,49,51,52,54,54,53,53,54,52,54,55,57,54,55,51,54,51,51,51,51,52,54,55,55,56,51,52,52,54,52,53,50,52,52,51,56,52,54,53,49,53,53,55,55,54,56,55,55,55,52,55,53,49,50,50,51,56,50,53,52,52,52,50,52,52,49,53,52,53,53,54,58,54,54,55,53,54,51,52,51,52,50,53,51,52,55,52,50,54,51,50,50,53,50,54,52,52,52,53,54,55,48,51,54,50,52,50,50,49,58,52,50,50,52,48,50,48,51,52,55,54,49,56,52,51,52,52,52,53,49,51,49,53,53,54,54,53,48,53,54,53,51,54,54,53,51,53,54,51,53,50,52,53,52,54,53,49,53,51,52,51,53,49,49,50,56,56,49,52,52,53,52,54,55,51,54,54,54,53,52,51,54,49,52,49,52,54,53,48,50,50,54,52,54,53,54,48,57,52,50,54,51,56,54,49,49,53,51,49,50,50,53,50,51,50,54,53,54,53,52,49,52,52,54,49,51,50,53,51,49,52,51,50,49,51,52,53,52,48,53,53,
53,53,53,58,57,52,52,51,54,53,57,52,51,51,53,52,53,50,53,54,51,54,55,55,52,53,55,51,54,56,52,51,57,52,54,55,52,52,55,51,51,50,52,53,54,54,51,52,53,57,57,50,54,52,49,52,52,56,55,55,54,57,53,56,54,52,55,51,52,53,50,56,55,49,52,53,52,51,49,52,53,56,53,56,56,59,59,53,53,53,51,54,50,54,51,50,50,54,52,50,57,52,52,54,51,52,55,51,54,50,55,53,53,55,54,54,53,55,52,51,52,49,51,50,59,54,55,52,53,52,49,49,53,54,51,56,54,52,51,52,53,52,54,52,52,56,49,51,54,55,54,51,53,52,53,52,53,53,53,53,53,56,54,55,51,52,51,53,52,52,54,53,51,53,53,52,53,53,55,50,56,56,51,49,53,53,54,51,55,52,58,55,50,54,54,54,52,56,52,52,53,50,54,51,52,51,50,52,52,53,56,49,53,53,54,55,54,53,53,56,54,54,53,51,50,52,52,54,58,50,55,51,53,52,53,49,50,53,52,51,51,51,52,52,51,52,51,53,54,53,52,52,52,53,51,50,
52,51,53,53,58,58,54,57,54,54,51,58,53,52,52,54,54,52,54,54,56,52,55,52,52,53,56,55,54,54,53,53,53,51,51,55,55,55,51,53,52,54,53,54,57,56,55,52,52,56,57,51,50,56,53,52,52,54,53,56,53,53,53,54,54,53,56,52,52,51,53,53,52,53,51,54,52,54,50,53,50,53,56,52,56,53,60,53,52,54,52,54,53,53,52,51,51,51,55,54,53,55,53,56,52,50,51,56,54,54,55,54,53,52,55,54,50,55,52,52,50,54,55,51,51,53,51,52,55,54,52,50,54,52,52,55,55,54,55,55,53,53,54,53,53,53,50,53,51,51,52,53,54,53,57,54,53,54,54,54,55,52,53,55,57,53,56,54,53,53,54,53,52,53,55,53,54,56,53,55,52,54,51,53,50,52,54,52,54,57,57,55,54,54,53,55,52,55,52,52,52,53,53,52,52,54,52,54,53,53,56,56,59,54,54,52,54,55,54,56,56,54,52,53,53,52,52,57,59,58,50,52,51,52,52,54,53,54,54,53,52,54,50,50,53,51,54,54,54,52,52,54,55,51,51,49,
52,53,53,54,57,54,55,55,55,54,54,55,54,54,54,55,54,55,54,54,54,56,56,56,53,56,54,57,54,55,55,54,55,54,55,53,53,52,54,56,57,53,54,54,56,55,55,53,54,52,55,55,52,56,54,53,55,54,53,57,56,56,53,50,52,55,54,56,54,53,57,54,53,57,54,54,53,53,56,51,57,53,53,57,56,55,54,57,56,54,55,54,56,55,53,52,51,56,52,54,54,58,55,57,56,55,55,53,53,54,54,55,54,52,52,52,55,54,53,53,58,54,52,53,54,55,52,55,56,51,54,53,53,55,53,53,56,56,56,56,53,53,55,54,53,53,54,54,53,55,53,54,58,55,57,57,54,56,54,53,55,58,56,56,56,53,52,55,54,54,55,55,53,54,56,53,55,55,56,54,53,53,55,53,51,53,52,52,55,55,53,55,57,54,56,56,54,56,57,54,53,53,55,55,52,56,51,55,52,55,57,57,57,55,56,53,52,55,52,55,53,54,56,53,53,51,55,55,58,60,57,55,53,53,53,52,53,54,52,53,53,54,51,54,53,52,52,52,52,53,55,55,54,54,52,56,
55,58,52,56,57,54,56,54,55,56,56,55,59,54,53,55,54,56,56,55,55,57,53,54,53,55,56,53,56,54,55,55,55,56,56,57,56,58,57,55,54,57,56,56,55,55,56,56,55,55,55,55,55,55,56,55,53,56,54,54,58,57,53,52,54,57,54,53,55,56,55,55,55,55,53,53,54,55,57,58,58,57,53,54,56,57,58,58,54,56,52,54,56,55,56,55,53,53,54,56,59,58,56,57,52,53,55,56,56,54,56,55,56,52,55,53,54,55,54,55,58,55,54,53,55,54,57,57,56,54,53,54,54,56,54,52,53,55,57,58,55,54,54,53,55,54,56,53,54,55,57,54,56,55,56,54,55,55,55,54,55,56,56,55,54,56,55,56,54,55,55,55,54,56,54,56,56,55,56,55,54,57,57,54,56,54,53,54,53,56,55,53,57,58,59,57,52,54,54,54,54,54,56,56,56,55,51,51,51,51,53,54,58,53,55,56,54,51,51,52,52,53,58,53,57,51,58,56,57,58,59,58,53,54,54,53,54,54,55,53,54,54,53,54,54,54,56,53,56,55,57,56,54,55,54,56,
54,56,53,57,57,58,56,53,55,57,53,56,56,52,55,57,54,53,56,56,56,54,57,57,55,52,54,56,56,56,55,55,53,56,57,56,57,56,58,56,57,55,55,58,56,54,57,57,56,56,53,55,56,58,57,58,56,54,57,56,55,56,54,53,54,55,55,54,54,54,55,53,55,55,55,54,55,55,55,57,57,58,57,53,57,58,55,58,57,58,57,57,57,57,56,55,56,57,53,57,55,56,52,53,53,54,54,57,55,55,54,56,52,52,59,54,54,54,54,55,54,57,56,54,55,55,59,58,55,55,54,57,53,56,54,52,53,55,55,58,54,57,54,53,59,57,54,56,57,55,56,58,56,56,55,55,55,55,54,55,55,55,56,55,55,57,57,55,58,55,56,53,55,55,57,58,57,55,56,58,55,54,58,57,56,56,52,53,54,57,55,55,57,55,55,59,53,54,54,54,55,52,57,56,57,55,55,55,57,57,54,54,56,54,54,56,56,55,56,54,58,54,59,55,58,56,55,53,57,58,56,59,60,54,55,56,55,55,55,56,55,55,55,57,57,56,55,58,56,54,56,55,60,56,55,56,
57,58,57,56,58,55,59,57,59,59,58,57,52,53,53,58,54,54,56,56,58,58,56,55,55,54,54,57,57,56,56,55,53,58,57,55,56,57,58,54,57,57,55,53,58,56,57,57,57,57,55,54,55,54,57,60,57,55,57,58,58,55,57,54,53,56,55,55,53,57,56,54,54,57,55,57,55,56,55,58,58,57,54,56,57,57,58,53,55,59,59,56,58,58,58,57,57,55,54,57,59,55,53,53,54,57,53,57,55,56,54,54,54,56,58,59,56,55,55,55,55,55,55,57,58,57,56,56,59,55,55,56,55,53,54,57,57,53,54,59,56,56,58,55,60,56,55,56,55,55,59,56,56,56,56,57,56,55,57,56,56,54,56,54,56,57,59,59,56,54,55,57,54,55,56,57,58,56,57,54,59,55,55,59,56,57,55,55,53,52,55,56,57,57,56,57,54,55,55,57,56,53,57,58,56,57,56,59,58,56,55,55,58,58,54,55,57,56,56,54,58,59,54,57,57,57,56,57,55,55,56,54,54,56,55,55,55,55,57,53,57,55,54,57,57,56,56,53,57,58,55,57,56,56,57,59,
55,54,58,56,56,56,56,57,60,59,59,56,53,55,60,59,59,55,56,59,54,59,57,55,56,54,55,57,56,60,58,58,58,54,58,56,57,56,58,55,55,58,56,57,55,56,57,57,57,56,57,55,57,60,55,60,58,57,59,57,59,59,57,57,57,56,55,57,56,57,55,54,56,55,54,59,59,59,56,55,59,56,58,56,57,56,57,55,56,59,59,56,57,55,56,57,57,55,56,58,60,55,59,57,54,56,55,58,57,58,55,54,55,56,57,56,57,56,56,55,56,57,56,57,57,57,58,58,56,56,57,57,56,58,54,57,58,58,55,55,56,56,58,59,56,58,56,55,57,56,58,56,55,58,57,57,57,56,56,56,56,58,55,56,57,57,57,55,58,57,56,58,57,59,60,57,56,58,55,59,55,56,56,56,56,56,57,56,54,56,56,56,57,58,56,54,57,56,56,58,55,58,60,54,58,53,58,57,56,59,61,60,58,58,59,59,58,58,57,59,55,55,57,54,54,57,57,56,56,55,56,55,58,57,57,57,59,59,57,58,56,58,54,53,60,57,54,53,54,59,53,57,54,59,57,59,
57,55,55,57,56,59,59,58,59,58,56,56,55,55,56,55,56,57,56,59,59,56,57,57,56,59,56,57,58,60,59,58,57,55,59,59,59,57,55,57,57,56,58,55,54,56,56,57,57,58,54,57,55,57,60,58,56,56,61,60,59,59,60,59,59,59,57,59,58,55,60,56,56,57,57,59,59,56,57,57,56,57,58,57,57,54,59,57,58,58,55,56,58,55,59,57,56,56,55,56,60,56,58,56,55,59,57,58,58,58,59,56,55,57,56,58,57,57,57,57,57,58,57,55,58,59,55,57,57,57,57,58,55,56,58,57,58,57,59,56,58,57,56,57,59,57,57,57,55,56,58,57,59,59,58,55,55,57,57,58,57,58,57,56,56,56,58,58,59,58,59,57,57,58,56,60,58,58,59,59,59,57,57,56,58,57,59,58,57,59,55,56,58,57,59,55,56,58,56,56,56,58,60,59,55,60,56,57,58,58,57,57,61,56,58,60,57,56,58,59,58,59,57,57,55,57,55,57,59,60,57,57,58,58,58,56,59,59,57,59,58,56,59,54,58,58,58,55,55,58,57,55,56,58,57,60,
58,57,58,58,56,59,59,60,58,58,59,58,57,56,57,57,59,59,60,58,59,57,57,62,58,58,58,58,57,60,60,60,57,57,57,58,60,58,58,56,61,57,58,59,57,57,58,57,58,59,55,59,56,56,61,58,61,60,60,59,60,61,59,60,57,59,60,60,59,56,57,56,58,57,58,57,55,57,59,57,57,57,59,59,57,55,59,58,57,58,57,58,60,57,56,59,57,57,59,59,57,60,59,59,57,56,59,57,59,59,56,58,57,58,56,59,57,58,59,58,57,58,57,58,58,59,58,59,58,58,59,57,57,57,58,57,60,56,57,59,58,58,58,59,59,58,57,56,56,56,57,56,57,56,56,55,56,57,58,60,59,58,58,57,57,59,58,57,60,59,60,57,57,57,58,61,59,58,57,61,59,58,58,58,58,59,59,59,57,60,56,59,60,57,56,59,56,59,57,58,59,57,60,60,56,60,59,57,60,59,58,56,58,58,57,60,56,58,57,58,59,58,59,58,58,58,56,60,58,57,57,59,59,58,59,59,57,56,59,56,56,59,59,60,57,58,56,56,62,57,56,58,59,57,56,61,
56,57,58,59,60,57,60,59,59,58,59,58,59,57,60,58,59,59,59,58,59,60,60,59,59,59,58,60,58,58,58,60,59,58,57,59,61,59,58,57,57,58,56,59,58,59,63,58,59,61,60,58,60,58,59,58,58,61,57,57,60,59,59,60,59,60,60,60,60,58,57,58,59,61,57,57,57,56,59,58,57,58,57,58,58,58,57,60,60,58,59,59,60,57,59,57,60,58,57,56,57,58,58,58,59,59,57,58,60,60,57,58,58,56,57,58,62,59,60,59,58,58,57,58,57,59,59,60,59,59,60,58,57,59,58,58,60,57,60,60,59,59,57,59,58,60,59,60,58,57,57,59,58,58,58,56,57,58,58,59,58,58,60,59,58,60,59,58,59,60,60,60,56,57,57,59,59,58,58,60,61,59,58,58,57,59,58,59,59,59,59,57,62,58,60,58,58,59,60,59,58,58,57,60,59,59,60,60,60,59,58,60,57,59,59,56,57,58,60,59,60,60,60,58,57,59,59,57,59,58,61,61,60,60,58,59,63,57,60,58,57,58,58,60,57,57,59,59,58,58,58,56,60,59,58,60,
58,60,59,57,59,60,61,60,60,60,59,58,58,58,61,60,59,59,59,58,60,60,59,60,61,60,59,59,59,59,60,60,58,60,57,58,60,59,58,59,58,59,58,60,59,60,59,61,63,62,61,59,60,60,59,59,60,58,59,59,60,60,60,59,59,58,61,58,60,58,57,63,59,62,60,58,58,60,59,60,58,62,57,59,59,60,60,58,60,58,60,60,59,60,58,59,61,61,57,58,57,59,59,59,59,58,60,59,60,59,61,58,60,59,59,60,59,59,61,59,59,60,60,59,60,60,60,59,60,60,60,58,58,58,59,60,60,60,59,61,57,60,58,58,60,61,59,59,58,58,59,62,61,58,61,58,57,60,59,60,61,60,59,59,58,59,58,60,60,60,61,61,58,58,59,59,57,59,61,60,60,59,60,62,59,58,58,59,59,58,60,60,60,59,61,59,60,57,58,57,59,58,59,61,59,60,61,60,59,62,59,60,59,60,60,58,58,58,59,60,59,61,60,59,61,60,59,60,60,59,58,62,61,59,61,60,58,58,61,59,59,60,61,59,58,60,60,57,57,59,60,61,60,59,59,59,
60,59,60,61,60,61,60,62,60,59,61,60,60,60,60,60,60,60,59,60,59,60,58,61,60,61,61,61,60,61,61,61,60,58,60,61,58,61,60,59,59,59,59,60,60,60,58,62,62,62,63,62,60,59,59,61,60,59,61,62,60,59,60,60,58,61,60,61,61,61,59,61,60,60,59,61,59,60,60,59,60,62,58,60,58,59,60,61,61,62,61,62,59,60,60,59,61,62,62,59,60,59,60,59,59,59,58,58,61,60,59,61,60,60,61,62,60,59,61,61,61,60,59,60,61,61,61,59,61,60,60,60,60,59,61,61,59,59,59,60,58,62,61,60,59,60,60,62,60,61,59,60,60,60,60,59,59,60,59,61,60,61,59,60,59,59,59,62,60,61,58,62,58,60,60,61,58,59,58,61,61,60,60,61,61,60,60,62,58,61,60,59,59,61,59,61,59,58,59,58,59,60,59,62,61,60,60,62,60,62,61,61,62,62,59,61,58,58,60,60,60,60,61,60,61,60,61,58,61,62,60,60,61,60,59,62,61,61,58,62,58,58,60,60,61,61,62,61,58,59,61,59,61,61,59,60,
62,60,60,61,61,61,62,62,61,60,60,60,60,59,61,61,61,60,61,60,61,59,59,61,63,62,60,60,63,62,61,60,62,60,60,62,60,60,59,62,59,60,60,61,60,62,61,60,60,61,59,62,62,61,62,60,62,61,60,61,60,61,61,60,61,62,59,60,62,62,61,61,60,61,62,59,60,60,61,60,60,61,61,62,62,61,61,60,59,60,62,62,61,60,61,61,61,60,62,61,61,60,61,60,60,59,61,60,60,61,60,61,61,59,59,61,60,60,62,62,61,59,61,60,61,61,59,62,63,62,59,60,60,61,61,63,59,60,61,60,60,61,62,59,61,61,60,62,61,62,59,60,61,59,60,60,61,60,60,60,60,59,60,60,63,61,62,60,60,62,60,60,61,64,60,61,61,60,60,61,61,60,60,60,60,59,59,62,63,60,59,60,60,60,60,61,60,60,63,62,60,60,61,61,62,60,61,60,62,61,62,60,63,60,61,61,60,60,60,62,59,60,61,62,61,60,59,60,61,59,62,61,60,60,61,60,61,60,61,62,62,61,60,62,62,63,61,59,62,62,60,59,61,60,60,61,
63,61,63,61,62,60,62,61,62,61,62,61,61,60,62,61,61,61,61,62,61,61,62,61,61,60,60,61,62,61,63,60,63,63,61,60,61,60,61,62,60,60,61,60,61,61,62,62,62,62,60,61,63,61,62,61,61,61,61,60,62,64,61,61,61,61,62,62,63,61,63,60,63,60,60,61,60,60,60,60,60,61,61,63,63,61,62,61,61,62,62,62,60,61,63,61,61,61,61,61,64,63,64,61,61,61,61,62,63,60,62,61,61,60,62,60,61,61,61,63,62,61,60,62,62,62,61,61,62,61,62,61,63,62,62,61,63,61,60,61,61,61,60,60,63,60,61,62,62,61,60,60,62,60,60,61,61,62,61,61,61,60,61,60,62,62,61,63,62,60,61,61,62,60,62,61,61,60,60,64,62,60,61,61,64,62,63,60,62,62,60,60,62,63,61,60,61,61,62,62,61,60,62,61,62,62,62,60,62,63,62,61,61,62,61,60,61,61,61,61,61,60,62,62,61,62,61,62,63,62,60,62,60,61,63,61,60,61,61,61,62,60,60,61,62,61,61,62,61,61,61,60,61,61,61,61,
63,63,63,62,61,63,62,62,63,62,61,61,62,61,63,61,63,64,62,62,62,61,62,62,63,63,62,61,62,62,61,61,61,64,63,63,62,62,63,62,63,63,62,61,62,61,62,63,61,62,61,63,61,61,62,63,62,62,61,61,62,62,61,62,61,62,61,62,61,62,61,63,63,63,61,62,61,62,61,61,61,61,61,61,62,62,62,61,63,61,62,62,62,61,61,63,62,61,63,62,62,62,61,63,63,62,61,62,63,63,63,62,61,62,62,62,61,62,61,63,62,63,61,61,62,62,62,62,63,63,62,62,62,63,61,63,62,61,63,61,62,63,62,61,63,62,61,64,63,62,62,61,62,63,61,61,61,61,62,62,62,61,61,62,61,63,62,63,61,61,62,62,62,61,61,63,61,61,63,62,62,62,62,61,62,62,61,62,62,62,61,61,62,62,63,62,62,62,62,63,62,61,61,63,61,61,61,62,62,63,63,61,63,63,62,61,62,61,63,63,62,61,63,61,61,62,62,61,64,63,61,62,63,61,62,61,62,62,61,64,62,61,62,62,62,62,61,62,62,61,61,63,61,61,62,61,
63,62,62,64,63,62,62,63,63,62,62,62,62,62,62,63,62,64,62,63,63,63,62,62,63,63,63,63,63,62,63,62,62,62,63,63,64,62,62,62,64,63,63,62,62,62,63,63,63,63,62,63,62,63,62,63,63,62,62,63,62,62,62,62,62,62,62,64,62,62,63,64,63,62,64,63,62,63,62,64,62,62,64,62,62,63,63,63,63,63,62,63,62,63,64,63,64,62,63,64,63,64,62,62,62,62,62,64,63,63,62,64,63,63,63,63,63,62,63,62,62,62,63,62,62,63,62,62,64,63,64,63,62,62,64,62,63,62,62,63,63,62,63,63,62,63,62,63,62,62,63,62,62,63,63,62,62,63,62,62,64,64,63,62,62,63,62,62,62,63,63,63,63,63,62,63,63,63,62,64,63,64,62,63,63,62,64,63,62,63,62,63,62,62,62,62,62,62,64,62,63,62,63,62,63,63,63,63,63,63,62,63,63,63,62,62,62,62,62,64,64,62,63,62,63,62,62,62,62,64,63,63,63,63,63,63,62,63,63,62,64,63,63,62,63,62,62,62,63,62,62,63,63,63,62,64,
63,64,64,63,63,63,63,63,63,64,63,63,64,63,64,64,63,64,63,63,63,63,63,63,64,63,63,63,63,63,63,63,63,63,63,63,63,63,63,63,63,63,63,64,64,64,63,63,64,63,63,63,64,63,63,63,64,63,64,64,64,63,63,64,63,63,63,64,63,63,63,64,63,63,63,63,63,64,64,63,63,63,64,63,63,63,63,63,64,63,63,64,63,63,64,63,63,63,63,63,64,63,63,63,63,63,63,64,63,64,63,63,63,63,63,64,63,63,64,64,64,64,64,64,64,63,64,63,63,64,64,64,64,64,63,64,63,63,63,63,63,63,63,63,64,63,64,63,63,64,64,63,63,63,64,64,64,63,63,63,63,63,63,63,63,63,63,64,64,63,63,63,63,63,64,63,64,64,63,63,63,64,64,63,63,63,63,64,63,63,64,63,63,63,63,64,63,63,63,63,63,63,63,63,63,63,63,63,64,63,63,63,63,63,63,63,64,63,64,63,63,64,63,63,64,64,63,63,63,63,63,63,63,63,63,64,63,63,63,63,63,63,64,63,64,64,63,63,64,63,63,63,64,63,63,63,
64,64,64,64,64,64,64,64,64,64,64,64,64,64,64,64,64,64,64,64,64,64,64,64,64,64,64,64,64,64,64,64,64,64,64,64,64,64,64,64,64,64,64,64,64,64,64,64,64,64,64,64,64,64,64,64,64,64,64,64,64,64,64,64,64,64,64,64,64,64,64,64,64,64,64,64,64,64,64,64,64,64,64,64,64,64,64,64,64,64,64,64,64,64,64,64,64,64,64,64,64,64,64,64,64,64,64,64,64,64,64,64,64,64,64,64,64,64,64,64,64,64,64,64,64,64,64,64,64,64,64,64,64,64,64,64,64,64,64,64,64,64,64,64,64,64,64,64,64,64,64,64,64,64,64,64,64,64,64,64,64,64,64,64,64,64,64,64,64,64,64,64,64,64,64,64,64,64,64,64,64,64,64,64,64,64,64,64,64,64,64,64,64,64,64,64,64,64,64,64,64,64,64,64,64,64,64,64,64,64,64,64,64,64,64,64,64,64,64,64,64,64,64,64,64,64,64,64,64,64,64,64,64,64,64,64,64,64,64,64,64,64,64,64,64,64,64,64,64,64,64,64,64,64,64,64,