[64, 256, 128]
0,0,0,0,0,0,0,0,0,0,0,0,0,0,0,0,0,0,0,0,0,0,0,0,0,0,0,0,0,0,0,0,0,0,0,0,0,0,0,0,0,0,0,0,0,0,0,0,0,0,0,0,0,0,0,0,0,0,0,0,0,0,0,0,0,0,0,0,0,0,0,0,0,0,0,0,0,0,0,0,0,0,0,0,0,0,0,0,0,0,0,0,0,0,0,0,0,0,0,0,0,0,0,0,0,0,0,0,0,0,0,0,0,0,0,0,0,0,0,0,0,0,0,0,0,0,0,0,0,0,0,0,0,0,0,0,0,0,0,0,0,0,0,0,0,0,0,0,0,0,0,0,0,0,0,0,0,0,0,0,0,0,0,0,0,0,0,0,0,0,0,0,0,0,0,0,0,0,0,0,0,0,0,0,0,0,0,0,0,0,0,0,0,0,0,0,0,0,0,0,0,0,0,0,0,0,0,0,0,0,0,0,0,0,0,0,0,0,0,0,0,0,0,0,0,0,0,0,0,0,0,0,0,0,0,0,0,0,0,0,0,0,0,0,0,0,0,0,0,0,0,0,0,0,0,0,
0,0,0,0,0,0,0,0,0,0,0,0,0,0,0,0,0,0,0,0,0,0,0,0,0,0,0,0,0,0,0,0,0,0,0,0,0,0,0,0,0,0,0,0,0,0,0,0,0,0,0,0,0,0,0,0,0,0,0,0,0,0,0,0,0,0,0,0,0,0,0,0,0,0,0,0,0,0,0,0,0,0,0,0,0,0,0,0,0,0,0,0,0,0,0,0,0,0,0,0,0,0,0,0,0,0,0,0,0,0,0,0,0,0,0,0,0,0,0,0,0,0,0,0,0,0,0,0,0,0,0,0,0,0,0,0,0,0,0,0,0,0,0,0,0,0,0,0,0,0,0,0,0,0,0,0,0,0,0,0,0,0,0,0,0,0,0,0,0,0,0,0,0,0,0,0,0,0,0,0,0,0,0,0,0,0,0,0,0,0,0,0,0,0,0,0,0,0,0,0,0,0,0,0,0,0,0,0,0,0,0,0,0,0,0,0,0,0,0,0,0,0,0,0,0,0,0,0,0,0,0,0,0,0,0,0,0,0,0,0,0,0,0,0,0,0,0,0,0,0,0,0,0,0,0,0,
0,0,0,0,0,0,0,0,0,0,0,0,0,0,0,0,0,0,0,0,0,0,0,0,0,0,0,0,0,0,0,0,0,0,0,0,0,0,0,0,0,0,0,0,0,0,0,0,0,0,0,0,0,0,0,0,0,0,0,0,0,0,0,0,0,0,0,0,0,0,0,0,0,0,0,0,0,0,0,0,0,0,0,0,0,0,0,0,0,0,0,0,0,0,0,0,0,0,0,0,0,0,0,0,0,0,0,0,0,0,0,0,0,0,0,0,0,0,0,0,0,0,0,0,0,0,0,0,0,0,0,0,0,0,0,0,0,0,0,0,0,0,0,0,0,0,0,0,0,0,0,0,0,0,0,0,0,0,0,0,0,0,0,0,0,0,0,0,0,0,0,0,0,0,0,0,0,0,0,0,0,0,0,0,0,0,0,0,0,0,0,0,0,0,0,0,0,0,0,0,0,0,0,0,0,0,0,0,0,0,0,0,0,0,0,0,0,0,0,0,0,0,0,0,0,0,0,0,0,0,0,0,0,0,0,0,0,0,0,0,0,0,0,0,0,0,0,0,0,0,0,0,0,0,0,0,
0,0,0,0,0,0,0,0,0,0,0,0,0,0,0,0,0,0,0,0,0,0,0,0,0,0,0,0,0,0,0,0,0,0,0,0,0,0,0,0,0,0,0,0,0,0,0,0,0,0,0,0,0,0,0,0,0,0,0,0,0,0,0,0,0,0,0,0,0,0,0,0,0,0,0,0,0,0,0,0,0,0,0,0,0,0,0,0,0,0,0,0,0,0,0,0,0,0,0,0,0,0,0,0,0,0,0,0,0,0,0,0,0,0,0,0,0,0,0,0,0,0,0,0,0,0,0,0,0,0,0,0,0,0,0,0,0,0,0,0,0,0,0,0,0,0,0,0,0,0,0,0,0,0,0,0,0,0,0,0,0,0,0,0,0,0,0,0,0,0,0,0,0,0,0,0,0,0,0,0,0,0,0,0,0,0,0,0,0,0,0,0,0,0,0,0,0,0,0,0,0,0,0,0,0,0,0,0,0,0,0,0,0,0,0,0,0,0,0,0,0,0,0,0,0,0,0,0,0,0,0,0,0,0,0,0,0,0,0,0,0,0,0,0,0,0,0,0,0,0,0,0,0,0,0,0,
0,0,0,0,0,0,0,0,0,0,0,0,0,0,0,0,0,0,0,0,0,0,0,0,0,0,0,0,0,0,0,0,0,0,0,0,0,0,0,0,0,0,0,0,0,0,0,0,0,0,0,0,0,0,0,0,0,0,0,0,0,0,0,0,0,0,0,0,0,0,0,0,0,0,0,0,0,0,0,0,0,0,0,0,0,0,0,0,0,0,0,0,0,0,0,0,0,0,0,0,0,0,0,0,0,0,0,0,0,0,0,0,0,0,0,0,0,0,0,0,0,0,0,0,0,0,0,0,0,0,0,0,0,0,0,0,0,0,0,0,0,0,0,0,0,0,0,0,0,0,0,0,0,0,0,0,0,0,0,0,0,0,0,0,0,0,0,0,0,0,0,0,0,0,0,0,0,0,0,0,0,0,0,0,0,0,0,0,0,0,0,0,0,0,0,0,0,0,0,0,0,0,0,0,0,0,0,0,0,0,0,0,0,0,0,0,0,0,0,0,0,0,0,0,0,0,0,0,0,0,0,0,0,0,0,0,0,0,0,0,0,0,0,0,0,0,0,0,0,0,0,0,0,0,0,0,
0,0,0,0,0,0,0,0,0,0,0,0,0,0,0,0,0,0,0,0,0,0,0,0,0,0,0,0,0,0,0,0,0,0,0,0,0,0,0,0,0,0,0,0,0,0,0,0,0,0,0,0,0,0,0,0,0,0,0,0,0,0,0,0,0,0,0,0,0,0,0,0,0,0,0,0,0,0,0,0,0,0,0,0,0,0,0,0,0,0,0,0,0,0,0,0,0,0,0,0,0,0,0,0,0,0,0,0,0,0,0,0,0,0,0,0,0,0,0,0,0,0,0,0,0,0,0,0,0,0,0,0,0,0,0,0,0,0,0,0,0,0,0,0,0,0,0,0,0,0,0,0,0,0,0,0,0,0,0,0,0,0,0,0,0,0,0,0,0,0,0,0,0,0,0,0,0,0,0,0,0,0,0,0,0,0,0,0,0,0,0,0,0,0,0,0,0,0,0,0,0,0,0,0,0,0,0,0,0,0,0,0,0,0,0,0,0,0,0,0,0,0,0,0,0,0,0,0,0,0,0,0,0,0,0,0,0,0,0,0,0,0,0,0,0,0,0,0,0,0,0,0,0,0,0,0,
0,0,0,0,0,0,0,0,0,0,0,0,0,0,0,0,0,0,0,0,0,0,0,0,0,0,0,0,0,0,0,0,0,0,0,0,0,0,0,0,0,0,0,0,0,0,0,0,0,0,0,0,0,0,0,0,0,0,0,0,0,0,0,0,0,0,0,0,0,0,0,0,0,0,0,0,0,0,0,0,0,0,0,0,0,0,0,0,0,0,0,0,0,0,0,0,0,0,0,0,0,0,0,0,0,0,0,0,0,0,0,0,0,0,0,0,0,0,0,0,0,0,0,0,0,0,0,0,0,0,0,0,0,0,0,0,0,0,0,0,0,0,0,0,0,0,0,0,0,0,0,0,0,0,0,0,0,0,0,0,0,0,0,0,0,0,0,0,0,0,0,0,0,0,0,0,0,0,0,0,0,0,0,0,0,0,0,0,0,0,0,0,0,0,0,0,0,0,0,0,0,0,0,0,0,0,0,0,0,0,0,0,0,0,0,0,0,0,0,0,0,0,0,0,0,0,0,0,0,0,0,0,0,0,0,0,0,0,0,0,0,0,0,0,0,0,0,0,0,0,0,0,0,0,0,0,
0,0,0,0,0,0,0,0,0,0,0,0,0,0,0,0,0,0,0,0,0,0,0,0,0,0,0,0,0,0,0,0,0,0,0,0,0,0,0,0,0,0,0,0,0,0,0,0,0,0,0,0,0,0,0,0,0,0,0,0,0,0,0,0,0,0,0,0,0,0,0,0,0,0,0,0,0,0,0,0,0,0,0,0,0,0,0,0,0,0,0,0,0,0,0,0,0,0,0,0,0,0,0,0,0,0,0,0,0,0,0,0,0,0,0,0,0,0,0,0,0,0,0,0,0,0,0,0,0,0,0,0,0,0,0,0,0,0,0,0,0,0,0,0,0,0,0,0,0,0,0,0,0,0,0,0,0,0,0,0,0,0,0,0,0,0,0,0,0,0,0,0,0,0,0,0,0,0,0,0,0,0,0,0,0,0,0,0,0,0,0,0,0,0,0,0,0,0,0,0,0,0,0,0,0,0,0,0,0,0,0,0,0,0,0,0,0,0,0,0,0,0,0,0,0,0,0,0,0,0,0,0,0,0,0,0,0,0,0,0,0,0,0,0,0,0,0,0,0,0,0,0,0,0,0,0,
0,0,0,0,0,0,0,0,0,0,0,0,0,0,0,0,0,0,0,0,0,0,0,0,0,0,0,0,0,0,0,0,0,0,0,0,0,0,0,0,0,0,0,0,0,0,0,0,0,0,0,0,0,0,0,0,0,0,0,0,0,0,0,0,0,0,0,0,0,0,0,0,0,0,0,0,0,0,0,0,0,0,0,0,0,0,0,0,0,0,0,0,0,0,0,0,0,0,0,0,0,0,0,0,0,0,0,0,0,0,0,0,0,0,0,0,0,0,0,0,0,0,0,0,0,0,0,0,0,0,0,0,0,0,0,0,0,0,0,0,0,0,0,0,0,0,0,0,0,0,0,0,0,0,0,0,0,0,0,0,0,0,0,0,0,0,0,0,0,0,0,0,0,0,0,0,0,0,0,0,0,0,0,0,0,0,0,0,0,0,0,0,0,0,0,0,0,0,0,0,0,0,0,0,0,0,0,0,0,0,0,0,0,0,0,0,0,0,0,0,0,0,0,0,0,0,0,0,0,0,0,0,0,0,0,0,0,0,0,0,0,0,0,0,0,0,0,0,0,0,0,0,0,0,0,0,
0,0,0,0,0,0,0,0,0,0,0,0,0,0,0,0,0,0,0,0,0,0,0,0,0,0,0,0,0,0,0,0,0,0,0,0,0,0,0,0,0,0,0,0,0,0,0,0,0,0,0,0,0,0,0,0,0,0,0,0,0,0,0,0,0,0,0,0,0,0,0,0,0,0,0,0,0,0,0,0,0,0,0,0,0,0,0,0,0,0,0,0,0,0,0,0,0,0,0,0,0,0,0,0,0,0,0,0,0,0,0,0,0,0,0,0,0,0,0,0,0,0,0,0,0,0,0,0,0,0,0,0,0,0,0,0,0,0,0,0,0,0,0,0,0,0,0,0,0,0,0,0,0,0,0,0,0,0,0,0,0,0,0,0,0,0,0,0,0,0,0,0,0,0,0,0,0,0,0,0,0,0,0,0,0,0,0,0,0,0,0,0,0,0,0,0,0,0,0,0,0,0,0,0,0,0,0,0,0,0,0,0,0,0,0,0,0,0,0,0,0,0,0,0,0,0,0,0,0,0,0,0,0,0,0,0,0,0,0,0,0,0,0,0,0,0,0,0,0,0,0,0,0,0,0,0,
0,0,0,0,0,0,0,0,0,0,0,0,0,0,0,0,0,0,0,0,0,0,0,0,0,0,0,0,0,0,0,0,0,0,0,0,0,0,0,0,0,0,0,0,0,0,0,0,0,0,0,0,0,0,0,0,0,0,0,0,0,0,0,0,0,0,0,0,0,0,0,0,0,0,0,0,0,0,0,0,0,0,0,0,0,0,0,0,0,0,0,0,0,0,0,0,0,0,0,0,0,0,0,0,0,0,0,0,0,0,0,0,0,0,0,0,0,0,0,0,0,0,0,0,0,0,0,0,0,0,0,0,0,0,0,0,0,0,0,0,0,0,0,0,0,0,0,0,0,0,0,0,0,0,0,0,0,0,0,0,0,0,0,0,0,0,0,0,0,0,0,0,0,0,0,0,0,0,0,0,0,0,0,0,0,0,0,0,0,0,0,0,0,0,0,0,0,0,0,0,0,0,0,0,0,0,0,0,0,0,0,0,0,0,0,0,0,0,0,0,0,0,0,0,0,0,0,0,0,0,0,0,0,0,0,0,0,0,0,0,0,0,0,0,0,0,0,0,0,0,0,0,0,0,0,0,
0,0,0,0,0,0,0,0,0,0,0,0,0,0,0,0,0,0,0,0,0,0,0,0,0,0,0,0,0,0,0,0,0,0,0,0,0,0,0,0,0,0,0,0,0,0,0,0,0,0,0,0,0,0,0,0,0,0,0,0,0,0,0,0,0,0,0,0,0,0,0,0,0,0,0,0,0,0,0,0,0,0,0,0,0,0,0,0,0,0,0,0,0,0,0,0,0,0,0,0,0,0,0,0,0,0,0,0,0,0,0,0,0,0,0,0,0,0,0,0,0,0,0,0,0,0,0,0,0,0,0,0,0,0,0,0,0,0,0,0,0,0,0,0,0,0,0,0,0,0,0,0,0,0,0,0,0,0,0,0,0,0,0,0,0,0,0,0,0,0,0,0,0,0,0,0,0,0,0,0,0,0,0,0,0,0,0,0,0,0,0,0,0,0,0,0,0,0,0,0,0,0,0,0,0,0,0,0,0,0,0,0,0,0,0,0,0,0,0,0,0,0,0,0,0,0,0,0,0,0,0,0,0,0,0,0,0,0,0,0,0,0,0,0,0,0,0,0,0,0,0,0,0,0,0,0,
0,0,0,0,0,0,0,0,0,0,0,0,0,0,0,0,0,0,0,0,0,0,0,0,0,0,0,0,0,0,0,0,0,0,0,0,0,0,0,0,0,0,0,0,0,0,0,0,0,0,0,0,0,0,0,0,0,0,0,0,0,0,0,0,0,0,0,0,0,0,0,0,0,0,0,0,0,0,0,0,0,0,0,0,0,0,0,0,0,0,0,0,0,0,0,0,0,0,0,0,0,0,0,0,0,0,0,0,0,0,0,0,0,0,0,0,0,0,0,0,0,0,0,0,0,0,0,0,0,0,0,0,0,0,0,0,0,0,0,0,0,0,0,0,0,0,0,0,0,0,0,0,0,0,0,0,0,0,0,0,0,0,0,0,0,0,0,0,0,0,0,0,0,0,0,0,0,0,0,0,0,0,0,0,0,0,0,0,0,0,0,0,0,0,0,0,0,0,0,0,0,0,0,0,0,0,0,0,0,0,0,0,0,0,0,0,0,0,0,0,0,0,0,0,0,0,0,0,0,0,0,0,0,0,0,0,0,0,0,0,0,0,0,0,0,0,0,0,0,0,0,0,0,0,0,0,
0,0,0,0,0,0,0,0,0,0,0,0,0,0,0,0,0,0,0,0,0,0,0,0,0,0,0,0,0,0,0,0,0,0,0,0,0,0,0,0,0,0,0,0,0,0,0,0,0,0,0,0,0,0,0,0,0,0,0,0,0,0,0,0,0,0,0,0,0,0,0,0,0,0,0,0,0,0,0,0,0,0,0,0,0,0,0,0,0,0,0,0,0,0,0,0,0,0,0,0,0,0,0,0,0,0,0,0,0,0,0,0,0,0,0,0,0,0,0,0,0,0,0,0,0,0,0,0,0,0,0,0,0,0,0,0,0,0,0,0,0,0,0,0,0,0,0,0,0,0,0,0,0,0,0,0,0,0,0,0,0,0,0,0,0,0,0,0,0,0,0,0,0,0,0,0,0,0,0,0,0,0,0,0,0,0,0,0,0,0,0,0,0,0,0,0,0,0,0,0,0,0,0,0,0,0,0,0,0,0,0,0,0,0,0,0,0,0,0,0,0,0,0,0,0,0,0,0,0,0,0,0,0,0,0,0,0,0,0,0,0,0,0,0,0,0,0,0,0,0,0,0,0,0,0,0,
0,0,0,0,0,0,0,0,0,0,0,0,0,0,0,0,0,0,0,0,0,0,0,0,0,0,0,0,0,0,0,0,0,0,0,0,0,0,0,0,0,0,0,0,0,0,0,0,0,0,0,0,0,0,0,0,0,0,0,0,0,0,0,0,0,0,0,0,0,0,0,0,0,0,0,0,0,0,0,0,0,0,0,0,0,0,0,0,0,0,0,0,0,0,0,0,0,0,0,0,0,0,0,0,0,0,0,0,0,0,0,0,0,0,0,0,0,0,0,0,0,0,0,0,0,0,0,0,0,0,0,0,0,0,0,0,0,0,0,0,0,0,0,0,0,0,0,0,0,0,0,0,0,0,0,0,0,0,0,0,0,0,0,0,0,0,0,0,0,0,0,0,0,0,0,0,0,0,0,0,0,0,0,0,0,0,0,0,0,0,0,0,0,0,0,0,0,0,0,0,0,0,0,0,0,0,0,0,0,0,0,0,0,0,0,0,0,0,0,0,0,0,0,0,0,0,0,0,0,0,0,0,0,0,0,0,0,0,0,0,0,0,0,0,0,0,0,0,0,0,0,0,0,0,0,0,
0,0,0,0,0,0,0,0,0,0,0,0,0,0,0,0,0,0,0,0,0,0,0,0,0,0,0,0,0,0,0,0,0,0,0,0,0,0,0,0,0,0,0,0,0,0,0,0,0,0,0,0,0,0,0,0,0,0,0,0,0,0,0,0,0,0,0,0,0,0,0,0,0,0,0,0,0,0,0,0,0,0,0,0,0,0,0,0,0,0,0,0,0,0,0,0,0,0,0,0,0,0,0,0,0,0,0,0,0,0,0,0,0,0,0,0,0,0,0,0,0,0,0,0,0,0,0,0,0,0,0,0,0,0,0,0,0,0,0,0,0,0,0,0,0,0,0,0,0,0,0,0,0,0,0,0,0,0,0,0,0,0,0,0,0,0,0,0,0,0,0,0,0,0,0,0,0,0,0,0,0,0,0,0,0,0,0,0,0,0,0,0,0,0,0,0,0,0,0,0,0,0,0,0,0,0,0,0,0,0,0,0,0,0,0,0,0,0,0,0,0,0,0,0,0,0,0,0,0,0,0,0,0,0,0,0,0,0,0,0,0,0,0,0,0,0,0,0,0,0,0,0,0,0,0,0,
0,0,0,0,0,0,0,0,0,0,0,0,0,0,0,0,0,0,0,0,0,0,0,0,0,0,0,0,0,0,0,0,0,0,0,0,0,0,0,0,0,0,0,0,0,0,0,0,0,0,0,0,0,0,0,0,0,0,0,0,0,0,0,0,0,0,0,0,0,0,0,0,0,0,0,0,0,0,0,0,0,0,0,0,0,0,0,0,0,0,0,0,0,0,0,0,0,0,0,0,0,0,0,0,0,0,0,0,0,0,0,0,0,0,0,0,0,0,0,0,0,0,0,0,0,0,0,0,0,0,0,0,0,0,0,0,0,0,0,0,0,0,0,0,0,0,0,0,0,0,0,0,0,0,0,0,0,0,0,0,0,0,0,0,0,0,0,0,0,0,0,0,0,0,0,0,0,0,0,0,0,0,0,0,0,0,0,0,0,0,0,0,0,0,0,0,0,0,0,0,0,0,0,0,0,0,0,0,0,0,0,0,0,0,0,0,0,0,0,0,0,0,0,0,0,0,0,0,0,0,0,0,0,0,0,0,0,0,0,0,0,0,0,0,0,0,0,0,0,0,0,0,0,0,0,0,
0,0,0,0,0,0,0,0,0,0,0,0,0,0,0,0,0,0,0,0,0,0,0,0,0,0,0,0,0,0,0,0,0,0,0,0,0,0,0,0,0,0,0,0,0,0,0,0,0,0,0,0,0,0,0,0,0,0,0,0,0,0,0,0,0,0,0,0,0,0,0,0,0,0,0,0,0,0,0,0,0,0,0,0,0,0,0,0,0,0,0,0,0,0,0,0,0,0,0,0,0,0,0,0,0,0,0,0,0,0,0,0,0,0,0,0,0,0,0,0,0,0,0,0,0,0,0,0,0,0,0,0,0,0,0,0,0,0,0,0,0,0,0,0,0,0,0,0,0,0,0,0,0,0,0,0,0,0,0,0,0,0,0,0,0,0,0,0,0,0,0,0,0,0,0,0,0,0,0,0,0,0,0,0,0,0,0,0,0,0,0,0,0,0,0,0,0,0,0,0,0,0,0,0,0,0,0,0,0,0,0,0,0,0,0,0,0,0,0,0,0,0,0,0,0,0,0,0,0,0,0,0,0,0,0,0,0,0,0,0,0,0,0,0,0,0,0,0,0,0,0,0,0,0,0,0,
0,0,0,0,0,0,0,0,0,0,0,0,0,0,0,0,0,0,0,0,0,0,0,0,0,0,0,0,0,0,0,0,0,0,0,0,0,0,0,0,0,0,0,0,0,0,0,0,0,0,0,0,0,0,0,0,0,0,0,0,0,0,0,0,0,0,0,0,0,0,0,0,0,0,0,0,0,0,0,0,0,0,0,0,0,0,0,0,0,0,0,0,0,0,0,0,0,0,0,0,0,0,0,0,0,0,0,0,0,0,0,0,0,0,0,0,0,0,0,0,0,0,0,0,0,0,0,0,0,0,0,0,0,0,0,0,0,0,0,0,0,0,0,0,0,0,0,0,0,0,0,0,0,0,0,0,0,0,0,0,0,0,0,0,0,0,0,0,0,0,0,0,0,0,0,0,0,0,0,0,0,0,0,0,0,0,0,0,0,0,0,0,0,0,0,0,0,0,0,0,0,0,0,0,0,0,0,0,0,0,0,0,0,0,0,0,0,0,0,0,0,0,0,0,0,0,0,0,0,0,0,0,0,0,0,0,0,0,0,0,0,0,0,0,0,0,0,0,0,0,0,0,0,0,0,0,
0,0,0,0,0,0,0,0,0,0,0,0,0,0,0,0,0,0,0,0,0,0,0,0,0,0,0,0,0,0,0,0,0,0,0,0,0,0,0,0,0,0,0,0,0,0,0,0,0,0,0,0,0,0,0,0,0,0,0,0,0,0,0,0,0,0,0,0,0,0,0,0,0,0,0,0,0,0,0,0,0,0,0,0,0,0,0,0,0,0,0,0,0,0,0,0,0,0,0,0,0,0,0,0,0,0,0,0,0,0,0,0,0,0,0,0,0,0,0,0,0,0,0,0,0,0,0,0,0,0,0,0,0,0,0,0,0,0,0,0,0,0,0,0,0,0,0,0,0,0,0,0,0,0,0,0,0,0,0,0,0,0,0,0,0,0,0,0,0,0,0,0,0,0,0,0,0,0,0,0,0,0,0,0,0,0,0,0,0,0,0,0,0,0,0,0,0,0,0,0,0,0,0,0,0,0,0,0,0,0,0,0,0,0,0,0,0,0,0,0,0,0,0,0,0,0,0,0,0,0,0,0,0,0,0,0,0,0,0,0,0,0,0,0,0,0,0,0,0,0,0,0,0,0,0,0,
0,0,0,0,0,0,0,0,0,0,0,0,0,0,0,0,0,0,0,0,0,0,0,0,0,0,0,0,0,0,0,0,0,0,0,0,0,0,0,0,0,0,0,0,0,0,0,0,0,0,0,0,0,0,0,0,0,0,0,0,0,0,0,0,0,0,0,0,0,0,0,0,0,0,0,0,0,0,0,0,0,0,0,0,0,0,0,0,0,0,0,0,0,0,0,0,0,0,0,0,0,0,0,0,0,0,0,0,0,0,0,0,0,0,0,0,0,0,0,0,0,0,0,0,0,0,0,0,0,0,0,0,0,0,0,0,0,0,0,0,0,0,0,0,0,0,0,0,0,0,0,0,0,0,0,0,0,0,0,0,0,0,0,0,0,0,0,0,0,0,0,0,0,0,0,0,0,0,0,0,0,0,0,0,0,0,0,0,0,0,0,0,0,0,0,0,0,0,0,0,0,0,0,0,0,0,0,0,0,0,0,0,0,0,0,0,0,0,0,0,0,0,0,0,0,0,0,0,0,0,0,0,0,0,0,0,0,0,0,0,0,0,0,0,0,0,0,0,0,0,0,0,0,0,0,0,
0,0,0,0,0,0,0,0,0,0,0,0,0,0,0,0,0,0,0,0,0,0,0,0,0,0,0,0,0,0,0,0,0,0,0,0,0,0,0,0,0,0,0,0,0,0,0,0,0,0,0,0,0,0,0,0,0,0,0,0,0,0,0,0,0,0,0,0,0,0,0,0,0,0,0,0,0,0,0,0,0,0,0,0,0,0,0,0,0,0,0,0,0,0,0,0,0,0,0,0,0,0,0,0,0,0,0,0,0,0,0,0,0,0,0,0,0,0,0,0,0,0,0,0,0,0,0,0,0,0,0,0,0,0,0,0,0,0,0,0,0,0,0,0,0,0,0,0,0,0,0,0,0,0,0,0,0,0,0,0,0,0,0,0,0,0,0,0,0,0,0,0,0,0,0,0,0,0,0,0,0,0,0,0,0,0,0,0,0,0,0,0,0,0,0,0,0,0,0,0,0,0,0,0,0,0,0,0,0,0,0,0,0,0,0,0,0,0,0,0,0,0,0,0,0,0,0,0,0,0,0,0,0,0,0,0,0,0,0,0,0,0,0,0,0,0,0,0,0,0,0,0,0,0,0,0,
0,0,0,0,0,0,0,0,0,0,0,0,0,0,0,0,0,0,0,0,0,0,0,0,0,0,0,0,0,0,0,0,0,0,0,0,0,0,0,0,0,0,0,0,0,0,0,0,0,0,0,0,0,0,0,0,0,0,0,0,0,0,0,0,0,0,0,0,0,0,0,0,0,0,0,0,0,0,0,0,0,0,0,0,0,0,0,0,0,0,0,0,0,0,0,0,0,0,0,0,0,0,0,0,0,0,0,0,0,0,0,0,0,0,0,0,0,0,0,0,0,0,0,0,0,0,0,0,0,0,0,0,0,0,0,0,0,0,0,0,0,0,0,0,0,0,0,0,0,0,0,0,0,0,0,0,0,0,0,0,0,0,0,0,0,0,0,0,0,0,0,0,0,0,0,0,0,0,0,0,0,0,0,0,0,0,0,0,0,0,0,0,0,0,0,0,0,0,0,0,0,0,0,0,0,0,0,0,0,0,0,0,0,0,0,0,0,0,0,0,0,0,0,0,0,0,0,0,0,0,0,0,0,0,0,0,0,0,0,0,0,0,0,0,0,0,0,0,0,0,0,0,0,0,0,0,
0,0,0,0,0,0,0,0,0,0,0,0,0,0,0,0,0,0,0,0,0,0,0,0,0,0,0,0,0,0,0,0,0,0,0,0,0,0,0,0,0,0,0,0,0,0,0,0,0,0,0,0,0,0,0,0,0,0,0,0,0,0,0,0,0,0,0,0,0,0,0,0,0,0,0,0,0,0,0,0,0,0,0,0,0,0,0,0,0,0,0,0,0,0,0,0,0,0,0,0,0,0,0,0,0,0,0,0,0,0,0,0,0,0,0,0,0,0,0,0,0,0,0,0,0,0,0,0,0,0,0,0,0,0,0,0,0,0,0,0,0,0,0,0,0,0,0,0,0,0,0,0,0,0,0,0,0,0,0,0,0,0,0,0,0,0,0,0,0,0,0,0,0,0,0,0,0,0,0,0,0,0,0,0,0,0,0,0,0,0,0,0,0,0,0,0,0,0,0,0,0,0,0,0,0,0,0,0,0,0,0,0,0,0,0,0,0,0,0,0,0,0,0,0,0,0,0,0,0,0,0,0,0,0,0,0,0,0,0,0,0,0,0,0,0,0,0,0,0,0,0,0,0,0,0,0,
0,0,0,0,0,0,0,0,0,0,0,0,0,0,0,0,0,0,0,0,0,0,0,0,0,0,0,0,0,0,0,0,0,0,0,0,0,0,0,0,0,0,0,0,0,0,0,0,0,0,0,0,0,0,0,0,0,0,0,0,0,0,0,0,0,0,0,0,0,0,0,0,0,0,0,0,0,0,0,0,0,0,0,0,0,0,0,0,0,0,0,0,0,0,0,0,0,0,0,0,0,0,0,0,0,0,0,0,0,0,0,0,0,0,0,0,0,0,0,0,0,0,0,0,0,0,0,0,0,0,0,0,0,0,0,0,0,0,0,0,0,0,0,0,0,0,0,0,0,0,0,0,0,0,0,0,0,0,0,0,0,0,0,0,0,0,0,0,0,0,0,0,0,0,0,0,0,0,0,0,0,0,0,0,0,0,0,0,0,0,0,0,0,0,0,0,0,0,0,0,0,0,0,0,0,0,0,0,0,0,0,0,0,0,0,0,0,0,0,0,0,0,0,0,0,0,0,0,0,0,0,0,0,0,0,0,0,0,0,0,0,0,0,0,0,0,0,0,0,0,0,0,0,0,0,0,
0,0,0,0,0,0,0,0,0,0,0,0,0,0,0,0,0,0,0,0,0,0,0,0,0,0,0,0,0,0,0,0,0,0,0,0,0,0,0,0,0,0,0,0,0,0,0,0,0,0,0,0,0,0,0,0,0,0,0,0,0,0,0,0,0,0,0,0,0,0,0,0,0,0,0,0,0,0,0,0,0,0,0,0,0,0,0,0,0,0,0,0,0,0,0,0,0,0,0,0,0,0,0,0,0,0,0,0,0,0,0,0,0,0,0,0,0,0,0,0,0,0,0,0,0,0,0,0,0,0,0,0,0,0,0,0,0,0,0,0,0,0,0,0,0,0,0,0,0,0,0,0,0,0,0,0,0,0,0,0,0,0,0,0,0,0,0,0,0,0,0,0,0,0,0,0,0,0,0,0,0,0,0,0,0,0,0,0,0,0,0,0,0,0,0,0,0,0,0,0,0,0,0,0,0,0,0,0,0,0,0,0,0,0,0,0,0,0,0,0,0,0,0,0,0,0,0,0,0,0,0,0,0,0,0,0,0,0,0,0,0,0,0,0,0,0,0,0,0,0,0,0,0,0,0,0,
0,0,0,0,0,0,0,0,0,0,0,0,0,0,0,0,0,0,0,0,0,0,0,0,0,0,0,0,0,0,0,0,0,0,0,0,0,0,0,0,0,0,0,0,0,0,0,0,0,0,0,0,0,0,0,0,0,0,0,0,0,0,0,0,0,0,0,0,0,0,0,0,0,0,0,0,0,0,0,0,0,0,0,0,0,0,0,0,0,0,0,0,0,0,0,0,0,0,0,0,0,0,0,0,0,0,0,0,0,0,0,0,0,0,0,0,0,0,0,0,0,0,0,0,0,0,0,0,0,0,0,0,0,0,0,0,0,0,0,0,0,0,0,0,0,0,0,0,0,0,0,0,0,0,0,0,0,0,0,0,0,0,0,0,0,0,0,0,0,0,0,0,0,0,0,0,0,0,0,0,0,0,0,0,0,0,0,0,0,0,0,0,0,0,0,0,0,0,0,0,0,0,0,0,0,0,0,0,0,0,0,0,0,0,0,0,0,0,0,0,0,0,0,0,0,0,0,0,0,0,0,0,0,0,0,0,0,0,0,0,0,0,0,0,0,0,0,0,0,0,0,0,0,0,0,0,
0,0,0,0,0,0,0,0,0,0,0,0,0,0,0,0,0,0,0,0,0,0,0,0,0,0,0,0,0,0,0,0,0,0,0,0,0,0,0,0,0,0,0,0,0,0,0,0,0,0,0,0,0,0,0,0,0,0,0,0,0,0,0,0,0,0,0,0,0,0,0,0,0,0,0,0,0,0,0,0,0,0,0,0,0,0,0,0,0,0,0,0,0,0,0,0,0,0,0,0,0,0,0,0,0,0,0,0,0,0,0,0,0,0,0,0,0,0,0,0,0,0,0,0,0,0,0,0,0,0,0,0,0,0,0,0,0,0,0,0,0,0,0,0,0,0,0,0,0,0,0,0,0,0,0,0,0,0,0,0,0,0,0,0,0,0,0,0,0,0,0,0,0,0,0,0,0,0,0,0,0,0,0,0,0,0,0,0,0,0,0,0,0,0,0,0,0,0,0,0,0,0,0,0,0,0,0,0,0,0,0,0,0,0,0,0,0,0,0,0,0,0,0,0,0,0,0,0,0,0,0,0,0,0,0,0,0,0,0,0,0,0,0,0,0,0,0,0,0,0,0,0,0,0,0,0,
0,0,0,0,0,0,0,0,0,0,0,0,0,0,0,0,0,0,0,0,0,0,0,0,0,0,0,0,0,0,0,0,0,0,0,0,0,0,0,0,0,0,0,0,0,0,0,0,0,0,0,0,0,0,0,0,0,0,0,0,0,0,0,0,0,0,0,0,0,0,0,0,0,0,0,0,0,0,0,0,0,0,0,0,0,0,0,0,0,0,0,0,0,0,0,0,0,0,0,0,0,0,0,0,0,0,0,0,0,0,0,0,0,0,0,0,0,0,0,0,0,0,0,0,0,0,0,0,0,0,0,0,0,0,0,0,0,0,0,0,0,0,0,0,0,0,0,0,0,0,0,0,0,0,0,0,0,0,0,0,0,0,0,0,0,0,0,0,0,0,0,0,0,0,0,0,0,0,0,0,0,0,0,0,0,0,0,0,0,0,0,0,0,0,0,0,0,0,0,0,0,0,0,0,0,0,0,0,0,0,0,0,0,0,0,0,0,0,0,0,0,0,0,0,0,0,0,0,0,0,0,0,0,0,0,0,0,0,0,0,0,0,0,0,0,0,0,0,0,0,0,0,0,0,0,0,
0,0,0,0,0,0,0,0,0,0,0,0,0,0,0,0,0,0,0,0,0,0,0,0,0,0,0,0,0,0,0,0,0,0,0,0,0,0,0,0,0,0,0,0,0,0,0,0,0,0,0,0,0,0,0,0,0,0,0,0,0,0,0,0,0,0,0,0,0,0,0,0,0,0,0,0,0,0,0,0,0,0,0,0,0,0,0,0,0,0,0,0,0,0,0,0,0,0,0,0,0,0,0,0,0,0,0,0,0,0,0,0,0,0,0,0,0,0,0,0,0,0,0,0,0,0,0,0,0,0,0,0,0,0,0,0,0,0,0,0,0,0,0,0,0,0,0,0,0,0,0,0,0,0,0,0,0,0,0,0,0,0,0,0,0,0,0,0,0,0,0,0,0,0,0,0,0,0,0,0,0,0,0,0,0,0,0,0,0,0,0,0,0,0,0,0,0,0,0,0,0,0,0,0,0,0,0,0,0,0,0,0,0,0,0,0,0,0,0,0,0,0,0,0,0,0,0,0,0,0,0,0,0,0,0,0,0,0,0,0,0,0,0,0,0,0,0,0,0,0,0,0,0,0,0,0,
0,0,0,0,0,0,0,0,0,0,0,0,0,0,0,0,0,0,0,0,0,0,0,0,0,0,0,0,0,0,0,0,0,0,0,0,0,0,0,0,0,0,0,0,0,0,0,0,0,0,0,0,0,0,0,0,0,0,0,0,0,0,0,0,0,0,0,0,0,0,0,0,0,0,0,0,0,0,0,0,0,0,0,0,0,0,0,0,0,0,0,0,0,0,0,0,0,0,0,0,0,0,0,0,0,0,0,0,0,0,0,0,0,0,0,0,0,0,0,0,0,0,0,0,0,0,0,0,0,0,0,0,0,0,0,0,0,0,0,0,0,0,0,0,0,0,0,0,0,0,0,0,0,0,0,0,0,0,0,0,0,0,0,0,0,0,0,0,0,0,0,0,0,0,0,0,0,0,0,0,0,0,0,0,0,0,0,0,0,0,0,0,0,0,0,0,0,0,0,0,0,0,0,0,0,0,0,0,0,0,0,0,0,0,0,0,0,0,0,0,0,0,0,0,0,0,0,0,0,0,0,0,0,0,0,0,0,0,0,0,0,0,0,0,0,0,0,0,0,0,0,0,0,0,0,0,
0,0,0,0,0,0,0,0,0,0,0,0,0,0,0,0,0,0,0,0,0,0,0,0,0,0,0,0,0,0,0,0,0,0,0,0,0,0,0,0,0,0,0,0,0,0,0,0,0,0,0,0,0,0,0,0,0,0,0,0,0,0,0,0,0,0,0,0,0,0,0,0,0,0,0,0,0,0,0,0,0,0,0,0,0,0,0,0,0,0,0,0,0,0,0,0,0,0,0,0,0,0,0,0,0,0,0,0,0,0,0,0,0,0,0,0,0,0,0,0,0,0,0,0,0,0,0,0,0,0,0,0,0,0,0,0,0,0,0,0,0,0,0,0,0,0,0,0,0,0,0,0,0,0,0,0,0,0,0,0,0,0,0,0,0,0,0,0,0,0,0,0,0,0,0,0,0,0,0,0,0,0,0,0,0,0,0,0,0,0,0,0,0,0,0,0,0,0,0,0,0,0,0,0,0,0,0,0,0,0,0,0,0,0,0,0,0,0,0,0,0,0,0,0,0,0,0,0,0,0,0,0,0,0,0,0,0,0,0,0,0,0,0,0,0,0,0,0,0,0,0,0,0,0,0,0,
0,0,0,0,0,0,0,0,0,0,0,0,0,0,0,0,0,0,0,0,0,0,0,0,0,0,0,0,0,0,0,0,0,0,0,0,0,0,0,0,0,0,0,0,0,0,0,0,0,0,0,0,0,0,0,0,0,0,0,0,0,0,0,0,0,0,0,0,0,0,0,0,0,0,0,0,0,0,0,0,0,0,0,0,0,0,0,0,0,0,0,0,0,0,0,0,0,0,0,0,0,0,0,0,0,0,0,0,0,0,0,0,0,0,0,0,0,0,0,0,0,0,0,0,0,0,0,0,0,0,0,0,0,0,0,0,0,0,0,0,0,0,0,0,0,0,0,0,0,0,0,0,0,0,0,0,0,0,0,0,0,0,0,0,0,0,0,0,0,0,0,0,0,0,0,0,0,0,0,0,0,0,0,0,0,0,0,0,0,0,0,0,0,0,0,0,0,0,0,0,0,0,0,0,0,0,0,0,0,0,0,0,0,0,0,0,0,0,0,0,0,0,0,0,0,0,0,0,0,0,0,0,0,0,0,0,0,0,0,0,0,0,0,0,0,0,0,0,0,0,0,0,0,0,0,0,
0,0,0,0,0,0,0,0,0,0,0,0,0,0,0,0,0,0,0,0,0,0,0,0,0,0,0,0,0,0,0,0,0,0,0,0,0,0,0,0,0,0,0,0,0,0,0,0,0,0,0,0,0,0,0,0,0,0,0,0,0,0,0,0,0,0,0,0,0,0,0,0,0,0,0,0,0,0,0,0,0,0,0,0,0,0,0,0,0,0,0,0,0,0,0,0,0,0,0,0,0,0,0,0,0,0,0,0,0,0,0,0,0,0,0,0,0,0,0,0,0,0,0,0,0,0,0,0,0,0,0,0,0,0,0,0,0,0,0,0,0,0,0,0,0,0,0,0,0,0,0,0,0,0,0,0,0,0,0,0,0,0,0,0,0,0,0,0,0,0,0,0,0,0,0,0,0,0,0,0,0,0,0,0,0,0,0,0,0,0,0,0,0,0,0,0,0,0,0,0,0,0,0,0,0,0,0,0,0,0,0,0,0,0,0,0,0,0,0,0,0,0,0,0,0,0,0,0,0,0,0,0,0,0,0,0,0,0,0,0,0,0,0,0,0,0,0,0,0,0,0,0,0,0,0,0,
0,0,0,0,0,0,0,0,0,0,0,0,0,0,0,0,0,0,0,0,0,0,0,0,0,0,0,0,0,0,0,0,0,0,0,0,0,0,0,0,0,0,0,0,0,0,0,0,0,0,0,0,0,0,0,0,0,0,0,0,0,0,0,0,0,0,0,0,0,0,0,0,0,0,0,0,0,0,0,0,0,0,0,0,0,0,0,0,0,0,0,0,0,0,0,0,0,0,0,0,0,0,0,0,0,0,0,0,0,0,0,0,0,0,0,0,0,0,0,0,0,0,0,0,0,0,0,0,0,0,0,0,0,0,0,0,0,0,0,0,0,0,0,0,0,0,0,0,0,0,0,0,0,0,0,0,0,0,0,0,0,0,0,0,0,0,0,0,0,0,0,0,0,0,0,0,0,0,0,0,0,0,0,0,0,0,0,0,0,0,0,0,0,0,0,0,0,0,0,0,0,0,0,0,0,0,0,0,0,0,0,0,0,0,0,0,0,0,0,0,0,0,0,0,0,0,0,0,0,0,0,0,0,0,0,0,0,0,0,0,0,0,0,0,0,0,0,0,0,0,0,0,0,0,0,0,
0,0,0,0,0,0,0,0,0,0,0,0,0,0,0,0,0,0,0,0,0,0,0,0,0,0,0,0,0,0,0,0,0,0,0,0,0,0,0,0,0,0,0,0,0,0,0,0,0,0,0,0,0,0,0,0,0,0,0,0,0,0,0,0,0,0,0,0,0,0,0,0,0,0,0,0,0,0,0,0,0,0,0,0,0,0,0,0,0,0,0,0,0,0,0,0,0,0,0,0,0,0,0,0,0,0,0,0,0,0,0,0,0,0,0,0,0,0,0,0,0,0,0,0,0,0,0,0,0,0,0,0,0,0,0,0,0,0,0,0,0,0,0,0,0,0,0,0,0,0,0,0,0,0,0,0,0,0,0,0,0,0,0,0,0,0,0,0,0,0,0,0,0,0,0,0,0,0,0,0,0,0,0,0,0,0,0,0,0,0,0,0,0,0,0,0,0,0,0,0,0,0,0,0,0,0,0,0,0,0,0,0,0,0,0,0,0,0,0,0,0,0,0,0,0,0,0,0,0,0,0,0,0,0,0,0,0,0,0,0,0,0,0,0,0,0,0,0,0,0,0,0,0,0,0,0,
0,0,0,0,0,0,0,0,0,0,0,0,0,0,0,0,0,0,0,0,0,0,0,0,0,0,0,0,0,0,0,0,0,0,0,0,0,0,0,0,0,0,0,0,0,0,0,0,0,0,0,0,0,0,0,0,0,0,0,0,0,0,0,0,0,0,0,0,0,0,0,0,0,0,0,0,0,0,0,0,0,0,0,0,0,0,0,0,0,0,0,0,0,0,0,0,0,0,0,0,0,0,0,0,0,0,0,0,0,0,0,0,0,0,0,0,0,0,0,0,0,0,0,0,0,0,0,0,0,0,0,0,0,0,0,0,0,0,0,0,0,0,0,0,0,0,0,0,0,0,0,0,0,0,0,0,0,0,0,0,0,0,0,0,0,0,0,0,0,0,0,0,0,0,0,0,0,0,0,0,0,0,0,0,0,0,0,0,0,0,0,0,0,0,0,0,0,0,0,0,0,0,0,0,0,0,0,0,0,0,0,0,0,0,0,0,0,0,0,0,0,0,0,0,0,0,0,0,0,0,0,0,0,0,0,0,0,0,0,0,0,0,0,0,0,0,0,0,0,0,0,0,0,0,0,0,
0,0,0,0,0,0,0,0,0,0,0,0,0,0,0,0,0,0,0,0,0,0,0,0,0,0,0,0,0,0,0,0,0,0,0,0,0,0,0,0,0,0,0,0,0,0,0,0,0,0,0,0,0,0,0,0,0,0,0,0,0,0,0,0,0,0,0,0,0,0,0,0,0,0,0,0,0,0,0,0,0,0,0,0,0,0,0,0,0,0,0,0,0,0,0,0,0,0,0,0,0,0,0,0,0,0,0,0,0,0,0,0,0,0,0,0,0,0,0,0,0,0,0,0,0,0,0,0,0,0,0,0,0,0,0,0,0,0,0,0,0,0,0,0,0,0,0,0,0,0,0,0,0,0,0,0,0,0,0,0,0,0,0,0,0,0,0,0,0,0,0,0,0,0,0,0,0,0,0,0,0,0,0,0,0,0,0,0,0,0,0,0,0,0,0,0,0,0,0,0,0,0,0,0,0,0,0,0,0,0,0,0,0,0,0,0,0,0,0,0,0,0,0,0,0,0,0,0,0,0,0,0,0,0,0,0,0,0,0,0,0,0,0,0,0,0,0,0,0,0,0,0,0,0,0,0,
0,0,0,0,0,0,0,0,0,0,0,0,0,0,0,0,0,0,0,0,0,0,0,0,0,0,0,0,0,0,0,0,0,0,0,0,0,0,0,0,0,0,0,0,0,0,0,0,0,0,0,0,0,0,0,0,0,0,0,0,0,0,0,0,0,0,0,0,0,0,0,0,0,0,0,0,0,0,0,0,0,0,0,0,0,0,0,0,0,0,0,0,0,0,0,0,0,0,0,0,0,0,0,0,0,0,0,0,0,0,0,0,0,0,0,0,0,0,0,0,0,0,0,0,0,0,0,0,0,0,0,0,0,0,0,0,0,0,0,0,0,0,0,0,0,0,0,0,0,0,0,0,0,0,0,0,0,0,0,0,0,0,0,0,0,0,0,0,0,0,0,0,0,0,0,0,0,0,0,0,0,0,0,0,0,0,0,0,0,0,6,0,0,0,0,0,0,0,0,0,0,0,0,0,0,0,0,0,0,0,0,0,0,0,0,0,0,0,0,0,0,0,0,0,0,0,0,0,0,0,0,0,0,0,0,0,0,0,0,0,0,0,0,0,0,0,0,0,0,0,0,0,0,0,0,0,
0,0,0,0,0,0,0,0,0,0,0,0,0,0,0,0,0,0,0,0,0,0,0,0,0,0,0,0,0,0,0,0,0,0,0,0,0,0,0,0,0,0,0,0,0,0,0,0,0,0,0,0,0,0,0,0,0,0,0,0,0,0,0,0,0,0,0,0,0,0,0,0,0,0,0,0,0,0,0,0,0,0,0,0,0,0,0,0,0,0,0,0,0,0,0,0,0,0,0,0,0,0,0,0,0,0,0,0,0,0,0,0,0,0,0,0,0,0,0,0,0,0,0,0,0,0,0,0,0,0,0,0,0,0,0,0,0,0,0,0,0,0,0,0,0,0,0,0,0,0,0,0,0,0,0,0,0,0,0,0,0,0,0,0,0,0,0,0,0,0,0,0,0,0,0,0,0,0,0,0,0,0,0,0,0,0,0,0,0,0,0,6,0,0,0,0,5,0,0,0,0,0,0,0,0,0,0,0,0,0,0,0,15,0,0,13,0,0,0,0,0,0,0,0,0,0,0,0,0,0,0,0,0,0,0,0,0,0,0,0,0,0,0,0,0,0,0,0,0,0,0,0,0,0,0,0,
0,0,0,0,0,0,0,0,0,0,0,0,0,0,0,0,0,0,0,0,0,0,0,0,0,0,0,0,0,0,0,0,0,0,0,0,0,0,0,0,0,0,0,0,0,0,0,0,0,0,0,0,0,0,0,0,0,0,0,0,0,0,0,0,0,0,0,0,0,0,0,0,0,0,0,0,0,0,0,0,0,0,0,0,0,0,0,0,0,0,0,0,0,0,0,0,0,0,0,0,0,0,0,0,0,0,0,0,0,0,0,0,0,0,0,0,0,0,0,0,0,0,0,0,0,0,0,0,0,0,0,0,0,0,0,0,0,0,0,0,0,0,0,0,0,0,0,0,0,0,0,0,0,0,0,0,0,0,0,0,0,0,0,0,0,0,0,0,0,0,0,0,0,0,0,0,0,0,0,0,0,0,0,0,0,0,0,0,0,0,0,0,0,0,0,0,5,5,0,0,0,0,0,0,0,0,0,0,0,0,0,0,14,0,15,0,0,0,0,0,0,0,0,0,0,16,0,0,0,0,0,0,0,0,0,0,0,0,0,0,0,0,0,0,0,0,0,0,0,0,0,0,0,0,0,0,
0,0,0,0,0,0,0,0,0,0,0,0,0,0,0,3,1,0,0,0,0,0,0,0,0,0,0,0,0,0,0,0,0,0,0,0,0,0,0,0,0,0,0,0,0,0,0,0,0,0,0,0,0,0,0,0,0,0,0,0,0,0,0,0,0,0,0,0,0,0,0,0,0,0,0,0,0,0,0,0,0,0,0,0,0,0,0,0,0,0,0,0,0,0,0,0,0,0,0,4,0,0,0,0,0,0,0,0,0,0,0,0,0,0,0,0,0,0,0,0,0,0,0,0,0,0,0,0,0,0,0,0,0,0,0,0,0,0,0,0,0,0,0,0,0,0,0,0,0,0,0,0,0,0,0,0,0,0,0,0,0,0,0,0,0,0,0,0,0,0,0,0,0,0,0,0,0,0,0,0,0,0,0,0,0,0,0,0,0,0,0,4,7,0,0,0,0,0,0,0,0,0,0,0,0,0,0,0,0,0,0,0,0,15,0,0,0,0,0,0,0,0,0,0,0,0,0,0,0,15,0,0,16,0,0,0,0,0,0,0,0,0,0,0,0,0,0,0,0,0,0,0,0,0,0,0,
0,0,0,0,0,0,0,0,0,0,0,0,0,0,0,0,0,1,1,0,3,0,0,0,0,0,0,0,0,0,0,0,0,0,0,0,0,0,0,0,0,0,0,0,0,0,0,0,0,0,0,0,0,0,0,0,0,0,0,0,0,0,0,0,0,0,0,0,0,0,0,0,0,0,0,0,0,0,0,0,0,0,0,0,0,0,0,0,0,0,0,0,0,0,0,0,0,0,0,3,0,0,0,0,0,0,0,0,0,0,0,0,0,0,0,0,0,0,0,0,0,0,0,0,0,0,0,0,0,0,0,0,0,0,0,0,0,0,0,0,0,0,0,0,0,0,0,0,0,0,0,0,0,0,0,0,0,0,6,0,0,0,0,0,0,0,0,0,0,0,0,0,0,0,0,0,0,0,0,0,0,0,0,0,0,0,0,0,0,0,0,5,4,7,0,0,0,0,0,0,0,0,0,0,0,0,0,0,0,0,0,0,11,15,11,8,0,0,0,0,0,0,0,0,0,0,0,17,0,0,0,0,0,18,0,0,0,0,0,0,0,0,0,0,0,0,0,0,0,0,0,0,0,0,0,0,
0,0,0,0,0,0,0,0,0,0,0,0,0,0,0,0,0,2,0,0,4,0,0,0,0,0,0,0,0,0,0,0,0,0,0,0,0,0,0,0,0,0,0,0,0,0,0,0,0,0,0,16,0,13,0,0,0,0,0,0,0,0,0,0,0,0,0,0,0,0,0,0,0,0,0,0,0,0,0,0,0,0,0,0,0,0,0,0,0,0,0,0,0,0,0,0,0,0,0,4,0,0,0,0,0,0,0,0,0,0,0,0,0,0,0,0,0,0,0,0,0,0,0,0,0,0,0,0,0,0,0,0,0,0,0,0,0,0,0,0,0,0,0,0,0,0,0,0,0,0,0,0,0,0,0,6,0,0,0,0,6,0,0,0,0,0,0,0,0,0,0,0,7,0,0,0,0,0,0,0,0,0,0,0,0,0,0,0,0,0,0,0,7,9,0,0,6,0,0,0,0,0,0,0,0,0,0,0,0,0,0,0,12,0,10,10,0,8,9,0,0,0,0,0,0,0,17,0,0,0,0,0,0,18,20,0,0,0,0,0,0,0,0,0,0,0,0,0,0,0,0,0,0,0,0,0,
0,0,0,0,0,0,0,0,0,0,0,0,0,0,0,0,0,0,0,0,4,0,0,0,0,0,0,0,0,0,0,15,0,0,0,0,0,0,0,0,0,0,0,0,0,0,0,0,0,0,0,0,11,13,13,0,0,0,0,0,0,0,0,0,0,0,0,0,0,0,0,0,0,0,0,0,0,0,0,0,0,0,0,0,0,0,0,0,0,0,0,0,0,0,0,0,0,0,0,0,0,0,0,0,0,0,0,0,0,0,0,0,0,0,0,0,0,0,0,11,0,0,0,0,0,0,0,0,0,0,0,0,0,0,0,0,0,0,0,0,0,0,0,0,0,0,0,0,0,0,0,0,0,0,0,8,0,0,0,7,0,0,0,0,0,0,0,0,0,0,0,0,8,0,0,0,0,0,0,0,0,0,0,0,0,0,0,0,7,1,0,2,8,6,0,7,6,0,0,0,0,0,0,0,0,7,0,0,0,0,0,0,0,0,0,11,9,0,0,0,0,0,0,0,0,0,0,0,19,0,0,0,0,0,0,16,0,0,0,0,0,0,0,0,0,0,0,0,0,0,0,0,0,0,0,0,
16,0,0,0,0,0,0,0,0,0,0,0,0,0,0,0,0,0,0,0,0,0,0,0,0,0,10,0,0,0,0,15,0,5,0,0,0,0,0,0,0,0,0,0,14,0,0,0,0,0,0,19,0,0,0,0,11,0,4,0,0,0,0,0,0,0,0,0,0,6,0,0,13,0,0,0,0,0,0,0,0,0,0,0,0,0,0,0,0,0,0,0,0,0,0,0,0,0,0,0,0,0,0,0,0,0,0,0,0,9,0,0,0,6,0,0,0,0,10,0,9,9,0,0,0,0,0,0,0,0,0,0,0,0,0,0,0,0,0,0,0,0,0,0,0,0,0,0,0,0,0,0,0,0,0,0,0,0,0,0,0,0,0,0,0,0,0,0,0,0,0,0,0,0,0,0,0,0,11,0,0,0,0,0,0,0,0,0,0,9,0,2,3,2,6,5,7,0,0,0,0,0,0,0,0,9,7,7,7,0,0,0,0,0,0,11,10,0,0,0,0,0,0,0,0,0,0,0,0,0,0,0,0,0,18,16,0,0,0,0,0,0,0,0,0,0,0,0,0,0,0,0,0,0,0,0,
17,17,0,0,0,0,0,0,0,0,0,0,0,0,0,0,0,6,0,0,0,0,0,0,0,0,8,11,0,0,18,16,0,0,0,0,0,0,0,12,0,14,0,0,0,0,0,0,0,0,13,7,0,0,0,9,12,0,0,0,0,0,0,0,0,0,8,6,0,0,0,0,0,0,0,0,0,21,0,0,0,0,0,0,0,0,0,0,0,0,0,0,0,0,0,0,0,0,0,0,0,0,0,0,0,0,0,7,8,9,0,8,0,8,8,8,0,0,10,0,10,10,0,0,0,0,0,0,0,0,0,0,0,0,0,0,0,0,0,0,0,0,0,0,0,0,0,0,0,0,0,0,0,0,6,0,6,0,0,0,0,10,0,0,0,0,9,9,10,0,0,0,12,0,0,0,0,0,11,0,7,0,0,0,0,0,0,0,0,0,9,11,9,3,8,0,3,0,0,0,0,0,0,0,0,0,9,9,7,0,0,0,0,0,13,0,0,0,0,0,0,0,0,22,0,20,0,0,0,0,0,0,16,0,0,19,0,0,0,0,0,0,0,0,0,0,0,0,0,0,0,0,0,0,0,0,
18,0,0,10,0,0,0,0,0,0,0,0,0,0,0,0,0,0,0,6,0,8,7,10,10,0,0,11,0,0,0,15,0,0,0,0,15,18,0,13,14,12,0,0,16,0,0,0,0,0,0,15,8,13,0,0,0,0,0,0,0,0,0,0,0,0,6,7,0,6,0,0,0,13,0,0,19,22,0,0,0,0,0,0,0,0,0,0,0,0,10,0,0,0,0,0,0,0,0,0,8,0,0,0,0,0,0,6,8,0,10,0,8,9,0,9,7,0,0,0,0,0,0,0,0,0,0,0,0,0,0,0,0,0,0,0,0,15,0,0,0,11,0,0,0,0,0,0,0,0,0,0,0,0,7,7,7,10,0,0,11,11,11,0,0,0,8,8,9,0,0,0,12,11,4,5,5,7,0,0,0,0,0,0,0,0,0,11,0,15,18,0,10,10,10,10,7,0,7,0,0,0,0,5,0,11,0,10,0,8,0,0,0,0,0,0,0,0,0,0,6,0,0,0,22,0,22,0,0,0,0,0,0,0,16,0,0,0,0,0,0,0,0,0,0,0,0,0,0,0,0,0,0,0,0,0,
0,0,14,11,0,6,0,0,0,18,0,8,0,0,0,0,0,0,6,0,10,12,8,0,0,21,0,0,0,19,14,15,0,0,17,0,20,12,19,0,14,0,13,0,16,16,0,0,16,15,14,0,0,15,6,0,0,0,0,0,0,0,0,0,0,0,13,9,6,0,17,10,0,9,0,15,17,19,22,18,7,0,0,0,0,0,0,0,0,0,11,0,0,0,0,0,0,0,0,0,0,0,0,0,0,0,0,6,7,0,6,8,8,0,0,12,9,0,0,0,0,0,0,0,0,0,0,0,0,0,0,0,0,0,14,15,0,13,0,0,0,0,10,0,16,0,0,0,17,0,0,0,0,0,0,0,0,9,9,7,0,11,11,0,0,0,0,0,10,0,0,8,0,11,9,12,0,0,10,0,0,0,0,14,0,12,0,0,10,10,15,7,19,9,10,15,10,0,11,9,0,6,0,14,6,0,12,0,9,10,9,0,5,0,0,22,0,0,0,11,0,0,13,0,22,0,21,0,0,13,0,0,0,0,0,0,14,0,0,0,0,0,0,0,0,0,0,0,0,0,0,0,0,0,0,0,
2,13,14,3,4,0,6,13,0,0,19,11,0,0,0,0,0,0,8,7,9,10,17,0,0,21,0,0,0,20,0,19,17,16,17,17,14,21,0,19,0,21,0,0,0,14,13,18,16,18,19,0,0,16,20,0,0,0,0,0,0,0,0,0,0,0,17,15,7,21,18,8,18,0,10,16,16,18,20,19,17,9,13,8,0,0,22,0,0,0,12,0,11,11,10,0,0,0,0,0,0,0,10,0,0,0,0,0,0,7,7,19,9,18,0,7,10,10,0,0,0,0,0,0,0,0,0,0,0,0,13,0,0,0,15,16,16,5,0,0,0,0,17,0,0,0,0,0,14,0,10,0,0,0,0,0,0,12,11,11,0,0,14,0,0,0,0,0,0,0,0,9,0,11,12,12,0,9,0,10,0,0,0,0,13,16,13,0,10,11,14,12,19,13,10,10,0,12,0,10,0,0,14,13,11,13,11,12,13,10,10,11,5,0,22,21,0,0,14,15,0,0,7,11,0,0,0,23,0,12,13,0,15,0,0,0,16,16,0,0,0,0,0,0,0,0,0,0,0,0,0,0,0,0,0,0,
0,2,13,8,5,13,7,16,13,0,0,0,12,0,0,0,0,0,11,9,9,19,15,4,19,7,0,0,0,0,23,16,17,14,18,22,17,23,13,0,12,21,0,11,13,17,0,0,11,17,14,13,17,0,12,11,0,0,0,0,0,0,12,0,0,0,12,7,15,0,19,9,18,24,0,12,17,18,10,17,17,16,14,0,0,0,23,0,0,6,13,12,11,12,14,0,0,0,0,0,0,0,0,0,0,0,0,9,0,0,6,16,21,19,14,14,8,0,0,0,0,0,0,0,13,0,0,0,0,0,0,0,0,0,0,9,17,15,6,5,8,0,0,16,17,0,17,7,13,13,9,10,0,0,0,12,13,13,12,10,9,11,0,7,0,0,0,7,8,14,12,7,6,0,12,0,0,12,11,10,11,11,0,10,7,13,13,15,13,15,14,11,14,9,9,14,15,17,15,11,13,0,17,13,12,9,12,13,16,10,8,21,21,20,21,21,13,0,0,15,16,0,14,0,14,13,19,18,0,0,21,14,0,0,0,0,16,17,0,0,0,0,0,0,0,0,0,0,0,0,0,0,0,0,0,0,
17,16,3,17,6,6,0,0,17,16,13,0,17,0,0,17,9,0,13,12,15,10,3,5,6,8,0,11,10,12,23,18,17,18,15,23,24,14,14,0,20,11,0,12,12,18,18,0,16,15,16,13,17,13,7,13,12,0,0,0,0,23,12,13,15,14,13,12,10,20,23,22,22,14,24,13,16,11,18,0,17,7,0,1,0,0,0,0,0,5,7,17,13,16,11,13,0,0,0,19,0,0,0,0,0,0,0,0,0,0,5,6,8,19,16,0,0,14,0,0,12,0,0,0,14,12,0,0,0,0,11,9,0,12,0,9,10,9,12,6,10,9,8,17,0,0,9,7,17,15,9,9,0,13,9,12,14,13,14,15,14,14,10,15,8,0,1,4,4,8,13,9,7,9,9,0,0,0,12,14,11,11,11,11,12,14,14,15,14,14,17,15,14,11,10,12,11,18,14,16,16,14,18,15,13,10,14,13,14,13,15,9,23,22,23,21,20,0,22,0,0,21,17,15,18,17,18,0,0,0,21,17,0,0,0,0,0,19,0,0,0,0,0,0,0,0,0,0,0,0,0,0,0,0,0,0,
17,17,9,17,18,7,13,0,18,17,13,17,14,13,18,18,8,9,12,17,16,14,18,4,25,7,8,24,11,17,13,23,19,19,19,20,15,23,0,0,11,21,12,16,14,15,18,18,13,15,15,16,17,14,14,14,15,0,0,0,0,24,23,12,11,0,15,11,12,11,0,11,22,10,17,17,18,19,12,19,1,8,0,0,0,0,0,0,18,0,5,16,18,15,12,12,12,0,13,17,20,0,19,0,0,0,0,0,0,18,6,6,0,19,19,14,0,12,15,0,0,13,22,13,14,14,0,0,0,0,10,0,0,16,0,0,11,10,22,11,8,18,16,9,13,0,5,9,9,14,9,10,11,13,13,9,13,12,15,13,14,9,14,9,12,11,11,7,5,8,7,9,16,9,10,12,0,14,23,11,15,11,20,9,14,10,15,16,18,17,17,17,11,9,11,9,11,11,18,12,15,16,17,18,11,12,14,13,14,14,16,12,14,15,13,20,21,22,0,0,20,25,16,11,14,17,17,17,0,22,11,17,0,0,18,0,0,11,12,11,0,20,0,0,0,0,0,0,0,0,0,0,0,0,0,0,
7,18,16,17,17,18,12,0,10,13,19,14,2,14,20,18,18,9,15,17,13,19,11,15,14,20,9,8,13,17,18,21,20,21,19,20,23,18,24,0,11,13,14,20,16,12,16,18,13,14,14,14,14,18,14,14,16,16,0,0,0,6,25,22,13,0,0,16,12,12,18,15,23,13,16,19,18,15,20,20,17,14,15,19,0,0,0,13,0,0,21,19,18,15,15,14,13,17,15,19,19,21,19,8,8,16,0,0,14,9,19,7,10,0,0,18,0,15,13,9,16,23,0,15,17,15,0,14,14,15,11,11,16,11,11,13,12,15,10,10,12,13,12,17,16,13,13,6,9,9,14,11,12,15,15,13,23,9,14,14,14,14,9,11,8,18,12,17,6,13,8,9,13,11,10,12,0,11,23,23,12,12,16,12,10,17,15,16,17,16,17,16,17,10,10,12,10,23,19,24,14,17,16,17,16,16,13,15,14,19,15,15,12,15,15,22,15,15,22,22,20,22,20,15,11,18,18,10,22,0,16,14,12,0,16,18,17,0,13,8,0,21,20,0,0,0,0,0,0,0,0,0,0,0,0,0,
8,19,18,6,18,19,19,11,15,19,19,3,16,15,15,19,11,19,18,18,14,18,17,16,17,18,20,20,27,10,17,17,17,17,13,13,24,17,19,22,10,23,14,24,14,13,12,24,20,19,18,12,18,15,15,15,9,16,0,0,0,0,17,9,17,24,0,0,18,13,18,8,15,14,14,14,16,20,16,14,15,15,17,10,16,10,12,14,24,19,13,18,17,13,9,16,15,18,2,14,20,19,20,11,9,15,10,0,14,0,17,21,10,21,0,0,0,15,16,15,11,24,0,0,0,15,0,19,14,11,18,11,18,18,17,15,13,15,15,10,15,13,22,13,23,18,13,15,8,9,15,16,15,11,15,15,13,0,15,15,13,8,15,10,10,17,18,16,13,9,18,10,10,11,12,11,14,13,16,16,11,14,10,19,13,13,17,16,17,17,19,16,18,14,13,11,13,14,14,24,24,19,15,17,16,17,15,16,12,13,18,16,15,15,17,16,23,22,20,21,19,21,23,19,16,18,15,15,18,11,17,17,18,14,18,14,19,17,0,11,9,9,0,20,0,0,0,0,0,0,0,0,0,0,0,0,
8,9,11,7,13,13,20,13,0,0,21,19,20,19,16,19,19,14,20,19,19,19,17,13,16,17,18,20,18,12,18,18,18,16,15,17,14,11,15,21,21,21,23,25,26,16,16,16,15,22,16,14,12,20,19,11,16,16,15,0,15,16,18,17,20,22,19,16,14,18,19,15,16,14,15,11,21,22,18,15,16,14,15,11,15,13,12,19,25,23,14,18,18,10,10,8,15,11,16,15,16,22,20,12,11,12,16,11,15,0,15,18,13,21,18,0,0,0,26,17,0,13,0,0,0,0,16,0,16,14,12,16,20,19,17,15,16,18,16,8,11,15,17,23,23,19,14,15,9,15,16,12,20,14,13,16,13,11,0,15,12,15,9,11,7,10,14,14,13,11,6,12,18,18,13,11,14,14,15,13,16,20,11,26,18,21,18,17,18,15,10,20,17,12,15,17,12,15,11,20,21,20,10,16,11,15,16,9,21,21,23,19,0,19,17,17,21,20,20,24,21,17,24,21,16,16,16,15,18,11,12,17,19,18,14,18,15,20,18,16,12,13,0,0,0,0,0,0,0,0,0,0,0,0,0,0,
9,16,17,18,13,14,15,14,14,0,9,19,14,19,22,20,20,20,10,12,19,20,12,19,12,13,17,22,20,14,12,12,7,17,15,14,18,18,15,17,14,24,16,13,14,16,16,17,16,23,22,16,17,15,20,23,11,21,15,15,17,16,22,18,21,12,17,25,14,16,15,15,13,22,15,13,21,13,19,16,15,15,15,16,17,14,13,15,16,16,15,24,15,17,10,13,10,17,11,17,20,19,15,13,17,12,12,23,0,0,14,14,13,13,13,18,0,0,18,0,0,0,14,0,0,0,0,0,0,17,17,21,20,16,20,17,13,18,15,7,9,10,17,24,24,20,24,22,18,10,15,14,15,21,15,14,13,13,16,15,11,16,13,15,8,10,15,13,13,12,10,13,13,22,14,20,16,19,16,15,16,15,18,26,19,19,19,22,19,15,20,11,10,13,14,18,13,12,13,21,12,11,10,10,15,14,11,17,9,21,0,23,0,0,19,18,23,18,23,24,21,22,17,22,18,16,15,20,17,19,16,10,18,17,16,17,15,16,18,17,15,22,0,0,0,0,0,0,0,0,0,0,0,0,0,0,
15,19,16,12,13,13,17,15,18,20,23,14,17,15,15,22,21,18,15,13,18,21,14,19,14,21,13,23,21,15,17,13,16,18,16,12,17,18,15,18,15,14,16,16,14,15,17,16,16,16,24,18,18,16,26,19,25,12,18,17,18,16,14,15,20,12,16,16,17,17,16,11,14,14,23,14,18,12,13,16,20,16,16,18,17,17,13,22,15,16,14,23,16,18,17,14,17,18,9,10,8,22,18,19,16,14,19,13,15,16,16,15,15,15,18,19,19,19,15,0,15,17,14,0,15,23,0,14,17,0,17,22,21,16,20,21,15,23,16,16,9,10,11,20,26,21,23,26,23,18,18,15,14,18,17,18,17,16,16,15,14,14,14,14,9,10,11,20,11,14,21,12,13,21,22,24,26,17,17,20,19,16,18,22,25,19,23,21,17,14,20,10,13,11,16,13,18,18,14,14,13,14,10,13,17,15,12,17,11,16,16,0,0,0,0,13,24,18,18,23,22,23,23,18,21,22,19,16,20,14,10,11,13,17,16,16,15,23,19,16,23,20,21,0,0,0,0,0,0,0,0,0,0,0,0,0,
11,11,20,13,13,22,21,13,21,22,23,19,18,19,18,20,18,16,22,16,19,18,14,14,14,22,20,17,17,21,15,16,13,16,11,17,21,19,20,20,19,24,17,16,16,22,18,17,17,23,21,24,24,20,27,27,19,12,18,19,19,16,18,12,13,10,15,14,19,18,18,18,13,22,14,17,15,19,24,26,12,17,15,17,17,16,17,14,17,23,24,16,15,18,16,17,17,11,10,12,9,23,16,19,15,14,15,14,15,16,14,16,13,15,13,19,18,22,16,20,16,20,0,0,15,15,14,15,16,0,18,22,21,21,20,20,23,18,24,16,18,9,9,11,20,24,24,12,24,14,18,14,15,18,20,17,18,18,25,22,16,15,14,14,19,8,18,10,20,10,21,13,21,21,22,21,25,26,25,17,19,21,18,22,21,19,25,23,22,18,21,14,16,16,20,14,20,17,15,15,14,14,15,16,19,18,16,17,16,18,16,17,16,0,17,14,24,18,21,18,18,24,19,19,26,22,18,20,21,13,16,17,14,16,17,23,16,19,22,23,19,16,21,22,0,0,0,0,0,0,0,0,0,0,0,0,
13,11,10,15,21,19,15,14,16,21,20,21,15,23,18,20,19,18,24,23,23,27,15,17,15,15,23,14,21,15,17,16,17,8,11,17,18,18,21,20,21,17,25,22,18,18,18,18,22,23,27,23,25,25,29,28,19,13,16,19,17,19,16,14,14,14,16,15,15,14,13,15,14,15,22,19,16,24,24,16,26,20,15,15,16,16,18,23,18,24,19,19,17,18,18,16,12,15,12,12,13,12,17,13,16,16,25,15,15,15,22,15,22,14,14,23,22,22,19,20,17,17,14,0,0,16,16,17,18,18,18,17,22,17,20,18,24,23,17,18,21,11,10,15,17,22,26,13,13,13,13,14,14,20,19,26,17,18,21,22,24,21,19,16,20,20,16,11,12,21,18,22,19,19,21,22,25,26,21,17,20,20,19,19,20,20,22,25,23,15,14,11,16,12,13,15,21,15,15,19,13,14,12,13,17,17,20,17,17,21,22,17,16,17,20,18,16,19,19,21,19,24,21,18,19,26,20,20,21,21,17,18,18,12,23,19,17,18,20,23,23,19,19,22,22,27,0,0,18,0,0,0,0,0,0,0,
11,12,12,22,22,18,20,15,17,17,16,23,15,22,18,16,19,17,17,23,28,24,28,18,17,15,17,17,15,21,21,15,18,17,9,12,13,13,18,21,21,22,24,17,19,24,18,19,19,19,27,23,23,20,19,21,18,20,19,17,18,19,18,17,22,15,17,16,22,14,21,22,15,15,15,16,24,26,25,26,17,19,20,16,20,18,21,23,22,21,13,15,14,19,19,20,21,17,20,15,16,18,18,24,16,26,26,15,15,15,15,16,23,22,20,15,23,17,23,17,18,18,18,14,0,17,18,17,19,19,20,18,19,18,18,17,26,24,19,22,21,21,11,22,17,21,21,21,20,14,14,14,14,17,21,26,23,27,22,22,21,22,13,16,16,15,19,17,18,15,20,20,21,18,24,22,23,25,21,21,19,20,22,22,23,17,22,19,17,21,16,15,15,16,14,14,19,15,14,20,14,16,16,13,19,17,18,20,20,21,22,22,19,17,16,22,19,20,26,14,23,19,22,21,26,19,18,17,20,22,17,16,17,19,12,19,25,16,18,14,21,18,22,21,23,19,28,21,18,18,0,0,18,0,0,19,
21,13,24,22,23,22,18,17,21,22,20,23,22,22,18,32,23,17,24,23,25,29,19,16,18,18,18,17,23,14,22,17,21,18,25,13,14,13,19,17,24,26,24,25,23,20,19,17,27,20,25,28,28,29,18,21,23,19,19,18,17,19,19,22,22,14,16,14,15,20,13,23,15,26,25,23,15,26,27,24,26,24,20,21,18,18,15,22,23,23,22,16,11,22,23,21,18,21,19,15,14,19,18,18,16,16,28,24,23,16,16,17,16,23,23,20,22,21,16,20,15,22,18,16,15,21,17,18,21,19,18,19,19,19,19,27,25,26,26,25,23,28,23,19,21,20,20,21,19,20,21,17,15,13,17,22,23,23,19,24,24,13,22,13,23,20,19,19,23,20,20,20,21,19,22,22,21,25,25,23,20,21,17,18,18,23,21,20,17,16,18,18,15,16,17,17,10,16,17,13,15,14,17,16,20,15,17,19,16,21,17,19,19,22,17,23,18,20,16,15,21,17,21,22,25,26,23,17,22,17,23,18,19,19,17,13,19,19,14,21,19,19,19,21,22,18,19,22,19,19,19,19,20,0,18,20,
29,26,25,24,23,21,20,20,15,23,18,23,23,31,23,32,34,25,17,17,24,25,26,23,19,26,21,18,24,24,15,16,19,18,18,25,19,24,22,18,18,21,24,21,24,19,18,18,29,20,26,26,21,18,18,21,22,22,21,15,18,14,16,20,22,15,15,21,12,20,15,15,25,26,27,19,16,26,25,25,27,20,25,18,16,16,17,17,24,25,23,23,16,13,16,27,23,22,23,20,18,21,19,19,18,21,15,28,25,23,19,17,21,17,23,27,23,23,22,18,20,19,19,20,21,21,20,19,19,20,22,22,20,22,28,28,25,31,28,27,22,28,23,24,20,19,26,20,21,22,18,17,16,15,17,22,23,20,20,23,25,21,21,22,22,21,21,20,20,18,21,21,17,20,20,21,22,22,24,24,20,22,24,19,18,23,19,22,21,18,20,19,19,19,17,17,17,16,16,17,13,17,15,17,16,17,16,22,21,17,18,22,20,20,20,20,18,20,21,17,17,22,20,23,19,25,25,18,19,22,16,16,21,24,22,20,20,19,15,25,24,20,23,23,22,23,21,20,21,21,20,20,20,21,20,19,
28,21,25,23,25,19,20,19,18,20,23,25,23,23,23,33,33,34,17,17,25,26,27,19,20,16,28,29,17,25,31,17,29,21,19,21,21,14,24,21,15,27,25,20,22,24,25,18,19,16,26,19,16,20,23,22,18,22,18,16,17,27,17,16,18,22,17,14,14,13,14,24,16,26,23,26,24,26,23,19,20,24,21,21,17,23,20,18,26,25,23,20,21,21,16,23,24,24,22,20,19,20,21,23,25,19,17,17,23,21,21,20,22,19,24,24,26,24,26,25,25,20,23,20,21,22,22,21,21,21,19,22,24,19,23,21,26,31,17,20,28,21,20,23,20,22,22,21,21,22,16,18,16,16,16,24,23,23,23,23,24,21,14,23,21,22,17,22,24,19,22,21,21,18,18,18,21,29,25,25,21,21,23,23,20,19,19,19,23,17,16,20,20,20,17,18,19,18,16,18,18,15,19,22,19,20,24,22,26,19,18,17,17,18,19,20,26,18,22,18,21,23,19,24,22,26,17,16,17,19,17,17,19,24,23,20,19,20,24,21,17,17,23,23,24,21,23,23,20,21,19,20,20,20,21,20,
25,27,15,24,26,26,18,24,19,20,19,25,22,24,24,33,34,26,22,19,17,26,18,16,22,17,24,21,29,29,31,18,23,30,22,21,20,21,25,19,20,24,27,26,21,27,26,22,19,24,27,19,17,22,21,25,19,20,23,20,17,24,28,19,18,19,22,22,14,20,22,23,25,27,21,25,25,24,28,20,21,25,20,19,21,22,26,17,20,26,21,22,20,20,14,26,23,19,25,16,22,20,21,19,26,15,17,20,19,23,23,21,22,22,13,24,21,27,26,25,26,25,21,24,15,22,22,22,25,18,18,19,19,20,19,24,16,31,18,23,24,23,28,24,22,23,21,23,21,22,22,15,17,20,17,23,24,24,20,23,21,24,19,21,23,22,27,28,23,22,26,29,22,22,19,24,25,28,29,29,22,22,23,28,23,23,24,29,24,30,20,17,21,21,18,19,18,21,26,16,18,15,22,21,22,22,24,22,23,26,19,22,18,21,23,19,20,20,19,19,19,22,24,25,26,27,18,17,20,18,19,20,20,19,20,17,21,23,26,21,18,21,21,24,23,25,24,23,21,22,20,19,22,22,22,23,
17,26,18,24,23,24,26,25,22,21,27,28,28,19,25,25,26,27,23,26,18,21,19,26,17,23,25,21,22,23,20,32,25,23,21,24,23,23,26,20,24,25,19,28,31,25,29,29,23,23,25,23,21,17,24,23,18,24,26,20,21,27,28,24,29,19,30,23,22,19,22,22,26,30,27,26,23,24,25,25,22,24,27,20,20,22,21,21,26,20,23,22,25,24,15,21,29,20,22,21,17,18,21,16,19,15,18,18,19,15,17,24,21,14,14,18,18,29,32,26,27,26,23,18,21,20,23,17,22,27,22,18,21,17,22,19,17,17,23,26,22,19,30,18,23,23,23,24,21,23,22,22,16,23,21,23,21,19,20,20,24,22,21,22,24,25,22,26,17,27,26,28,29,29,22,27,25,30,28,22,27,23,23,24,29,23,18,23,30,27,22,23,21,15,18,20,27,21,29,23,16,16,22,16,22,24,24,22,21,24,20,29,19,20,21,29,20,21,24,27,19,20,22,25,22,28,19,19,20,18,19,21,20,20,21,20,21,22,23,20,20,22,22,21,24,23,25,25,23,28,23,20,20,21,23,22,
23,25,18,27,27,24,24,26,23,23,23,22,28,20,19,27,22,27,22,27,19,21,27,27,29,29,23,25,26,25,22,21,24,26,21,24,24,26,18,19,25,27,27,33,32,19,15,17,16,25,24,25,24,22,23,19,23,25,26,27,26,24,31,26,30,23,28,15,23,24,27,24,27,28,28,28,20,32,26,29,26,26,28,24,24,24,20,23,25,23,23,23,22,25,25,22,21,21,21,28,23,24,20,18,20,20,16,19,19,18,23,20,22,23,22,26,19,24,22,31,21,20,26,20,19,20,20,26,18,24,23,22,22,24,23,20,19,21,23,27,22,20,20,21,20,19,24,25,22,26,23,22,17,32,24,20,21,18,21,26,24,21,22,22,33,25,26,27,23,22,28,27,31,26,30,27,26,27,22,23,24,19,28,30,31,31,27,23,31,22,23,22,16,23,27,20,21,28,28,25,24,24,20,25,23,23,25,19,18,25,21,29,23,21,20,30,23,24,25,31,32,19,25,23,18,22,21,22,20,29,23,21,21,24,22,24,21,19,23,22,20,30,22,28,22,25,26,29,28,28,29,25,21,22,21,23,
23,25,22,27,24,25,25,24,23,22,23,24,23,20,25,23,22,21,24,23,23,23,21,28,28,22,22,26,25,18,26,26,24,25,27,26,24,24,23,23,24,22,27,21,20,20,31,25,24,25,26,23,25,21,27,24,22,23,17,27,27,17,21,27,25,26,17,16,18,32,23,27,29,28,28,27,21,32,26,30,28,28,22,26,26,22,24,26,25,22,24,28,27,23,26,23,24,28,28,20,24,24,21,28,21,20,17,23,23,22,22,21,21,23,23,23,24,25,24,24,21,23,19,22,26,20,24,26,28,27,25,33,23,24,25,23,23,22,28,17,22,22,21,23,22,21,24,21,25,23,28,27,34,34,22,21,19,21,22,27,23,25,20,23,22,29,16,26,16,16,29,28,32,32,27,28,26,29,27,26,25,21,20,30,29,26,24,26,20,22,22,22,17,18,25,28,26,24,29,20,26,25,25,25,23,24,23,19,19,21,31,31,26,25,22,25,24,35,27,30,32,20,29,21,18,18,18,18,21,19,24,22,24,24,24,24,31,22,19,26,20,20,20,27,28,26,27,27,27,29,30,26,25,23,23,23,
24,27,23,19,25,26,21,23,24,27,25,25,25,23,21,25,24,23,25,25,24,25,29,29,29,23,23,22,23,24,21,26,26,25,25,21,28,23,23,25,24,23,23,23,32,23,22,24,26,20,26,19,21,21,26,29,25,25,28,28,19,19,27,28,26,28,19,17,19,23,24,34,29,29,22,28,31,31,26,31,27,24,23,24,25,26,21,22,26,25,26,23,29,27,25,27,29,29,22,21,28,20,21,22,23,21,30,18,21,24,25,22,27,24,25,22,23,25,24,25,19,23,24,21,23,25,24,25,28,26,27,33,32,23,23,25,23,24,26,18,18,24,30,21,23,22,21,21,18,24,24,17,34,24,36,23,20,22,22,22,24,20,21,24,25,26,18,17,18,16,28,28,28,31,29,29,25,25,26,22,29,21,28,28,30,26,24,25,26,23,28,23,22,22,17,27,20,24,20,22,20,20,25,23,23,24,23,28,19,21,32,24,26,26,25,27,23,27,35,31,32,19,30,22,27,30,19,21,21,20,30,23,24,22,26,25,26,25,28,27,29,30,21,23,27,27,26,26,26,28,31,30,29,27,28,23,
21,27,28,22,26,26,24,24,24,27,25,32,22,27,26,24,26,24,26,23,26,27,27,22,21,26,28,23,26,19,19,22,21,27,29,22,24,22,24,27,27,27,23,24,33,25,26,25,22,26,21,20,22,21,22,28,29,28,31,29,18,28,21,22,28,22,28,24,20,23,18,30,28,28,31,23,33,26,26,31,32,23,28,24,25,27,20,22,27,26,27,22,24,24,29,26,30,29,30,22,28,22,21,21,22,30,22,22,21,30,23,27,27,24,24,23,25,24,26,26,26,25,26,22,25,26,25,25,25,29,28,28,25,33,25,29,23,24,24,28,27,20,28,22,22,22,22,22,21,19,24,20,35,18,36,24,20,26,23,24,24,20,20,19,25,26,19,20,18,21,29,30,29,31,35,30,37,26,27,26,30,29,29,29,22,21,32,26,26,23,23,31,23,23,24,28,18,21,20,23,24,21,19,24,24,25,26,27,29,24,21,23,29,26,32,28,29,26,28,24,33,20,31,21,22,29,17,29,22,21,27,31,27,23,22,25,25,25,27,29,30,31,26,30,28,29,28,27,27,30,29,30,25,25,30,29,
25,22,29,27,27,26,27,25,27,28,32,33,23,28,29,28,26,27,35,38,24,28,27,28,24,23,24,24,23,24,24,23,25,27,27,28,28,28,28,30,24,24,27,25,31,26,27,31,20,23,32,19,23,22,23,22,21,26,32,31,27,22,22,25,23,31,29,31,23,19,18,24,27,29,33,31,25,33,24,27,24,31,24,28,27,23,27,29,23,27,22,27,22,23,27,30,27,29,30,31,30,26,27,29,25,22,18,23,20,23,24,27,19,25,24,25,25,25,23,26,21,26,25,25,25,25,21,25,27,25,28,29,27,32,30,31,30,23,24,31,30,28,29,22,25,21,22,26,22,20,27,24,21,20,19,36,25,24,24,26,25,23,21,19,19,23,29,28,27,35,22,31,30,32,23,35,37,25,27,27,25,24,30,27,27,22,32,29,28,23,30,31,24,24,25,26,26,20,22,25,25,25,24,26,25,27,26,26,28,30,29,26,31,33,34,29,30,27,27,27,28,33,37,29,26,18,17,25,31,31,22,25,28,26,25,23,25,31,28,29,31,30,23,26,31,31,28,28,30,30,30,28,26,26,30,30,
25,24,22,25,27,28,25,25,24,26,25,30,24,23,33,28,28,31,36,26,39,29,29,28,24,24,28,26,25,24,25,25,25,31,28,30,27,21,33,27,25,31,27,24,21,27,27,30,20,25,32,24,23,23,23,23,23,21,29,31,31,28,22,32,26,29,23,32,27,21,20,27,28,30,34,26,27,26,27,32,31,27,26,30,28,24,28,33,27,29,25,26,24,24,24,29,28,28,24,29,28,25,22,29,30,30,29,28,22,21,27,28,29,25,26,25,25,25,27,22,27,22,21,25,26,24,26,32,28,24,29,29,28,28,31,31,28,31,28,30,20,27,29,23,26,26,25,26,21,20,29,27,29,25,24,27,26,30,25,23,24,22,22,24,20,25,26,27,27,27,36,27,33,34,25,33,37,38,27,28,32,24,32,26,29,28,33,29,28,28,30,32,33,25,21,27,26,26,24,22,22,23,20,27,27,25,27,30,25,28,30,25,30,21,34,35,26,31,30,23,27,28,35,29,26,20,19,27,24,30,22,31,24,29,29,26,25,32,29,30,24,32,24,33,28,32,30,29,31,30,31,31,31,30,28,30,
28,28,31,23,28,27,31,26,27,31,32,30,30,22,32,33,25,29,26,27,27,26,31,30,28,25,27,28,25,27,26,27,25,20,23,20,35,22,30,26,25,27,25,27,24,26,22,24,30,28,33,27,25,24,25,25,24,24,28,30,31,25,28,28,32,29,23,32,28,28,26,20,29,29,27,28,34,26,27,28,30,27,27,27,26,28,35,34,35,31,34,27,27,29,25,32,27,27,25,30,22,22,26,23,30,22,28,20,23,24,28,28,29,24,26,26,26,30,24,24,24,22,21,22,22,23,26,25,26,28,24,33,29,27,21,23,29,29,34,35,34,31,26,25,26,30,27,21,22,25,29,28,29,27,27,30,28,29,26,24,24,25,22,23,28,25,27,30,28,27,30,32,27,27,23,32,28,27,37,29,26,32,31,28,28,28,27,30,29,31,28,29,32,33,29,29,26,27,25,26,35,23,24,31,25,25,26,31,31,31,29,26,32,31,36,35,27,31,31,27,27,27,18,20,29,25,19,20,24,24,23,24,25,27,32,30,27,27,25,26,27,27,25,24,34,23,31,29,30,28,32,31,27,31,26,31,
29,27,27,32,29,33,32,30,27,32,27,30,24,33,33,25,25,28,27,22,29,29,29,26,31,31,25,29,27,30,27,30,27,33,21,31,32,33,34,28,26,26,27,25,28,28,28,24,25,28,29,26,29,25,25,26,27,26,23,33,29,26,28,29,33,29,30,33,24,30,28,29,26,28,30,29,32,34,29,28,27,32,28,27,27,28,34,35,35,35,35,27,30,28,30,28,28,28,25,25,26,24,23,23,29,23,21,30,24,25,25,29,24,27,25,27,26,26,28,26,30,36,37,27,23,23,23,23,30,31,29,22,21,28,21,23,24,32,34,34,27,32,25,26,26,25,25,27,27,31,30,28,30,29,30,29,28,25,30,29,26,24,24,24,28,25,26,28,25,31,33,33,33,27,26,24,33,32,38,27,30,25,20,27,20,26,20,32,27,29,28,33,34,33,32,31,27,26,29,26,25,35,25,26,27,26,28,32,26,34,33,33,29,28,29,36,26,28,28,30,28,27,27,20,23,26,19,26,25,26,27,26,32,28,28,32,27,31,25,25,28,27,27,25,35,32,31,32,31,29,27,32,32,27,27,27,
32,30,32,29,32,23,33,33,23,23,28,29,29,24,24,27,26,25,31,27,26,29,29,29,27,25,29,24,30,29,28,29,27,29,27,26,33,34,33,33,26,26,26,28,27,28,25,27,25,25,31,26,29,26,32,27,27,27,27,26,32,31,31,29,31,36,34,29,29,32,30,29,27,33,29,29,35,29,29,29,29,32,32,29,29,28,31,35,35,35,35,27,27,31,31,30,28,29,30,27,31,25,25,23,24,24,26,22,30,26,34,32,36,28,26,28,30,27,28,29,22,37,26,26,26,29,24,27,30,26,31,30,24,24,26,23,23,27,34,28,33,33,28,28,26,26,26,27,27,26,25,30,29,28,31,30,28,29,29,29,27,27,25,25,25,27,25,25,26,28,34,33,30,33,24,28,30,26,28,32,29,32,26,25,22,29,27,26,31,34,32,33,28,34,34,32,31,27,30,27,24,29,26,27,28,30,23,28,33,34,32,35,28,29,38,29,37,29,34,28,30,31,22,32,20,23,26,20,18,33,27,26,30,27,29,31,28,30,28,29,32,33,25,26,29,32,33,33,25,31,26,28,31,27,31,27,
34,31,32,28,31,35,33,34,24,24,25,25,29,30,25,25,22,30,27,31,26,23,28,32,28,27,32,29,30,30,28,30,31,30,31,31,32,31,32,36,26,27,29,29,28,28,30,28,29,28,26,31,32,30,29,34,27,36,31,26,33,31,29,32,32,35,34,35,31,30,33,29,27,33,31,30,28,27,26,30,35,30,33,28,31,32,29,32,27,36,36,29,27,30,29,31,31,29,29,26,30,30,25,29,29,25,25,23,31,36,35,35,33,29,29,31,27,27,29,30,32,33,28,28,27,27,28,31,33,28,30,28,25,33,27,28,23,30,28,32,30,35,34,32,27,35,35,35,28,26,26,30,30,28,32,31,29,28,30,35,26,26,28,27,26,25,30,31,26,23,34,34,33,34,27,29,26,26,29,26,29,32,31,32,26,31,31,27,36,35,35,33,34,31,29,28,30,32,28,28,30,27,26,32,28,25,30,24,29,35,32,36,30,31,34,39,34,34,30,33,30,32,27,30,29,24,20,21,20,29,28,27,31,32,29,29,34,35,29,29,33,34,32,30,30,28,33,33,34,25,28,28,31,31,31,30,
29,35,27,31,34,36,33,31,33,31,28,25,27,23,25,26,31,24,26,27,27,26,33,33,31,31,30,29,31,34,29,28,30,32,31,31,33,34,33,25,27,30,29,30,31,29,32,31,28,29,31,28,28,33,24,37,35,34,28,30,32,31,25,33,30,35,34,35,37,31,31,30,26,31,31,32,28,28,28,26,25,31,26,29,34,27,28,29,28,28,29,25,22,31,30,30,32,32,34,28,30,31,26,31,29,30,26,25,24,23,36,37,36,27,30,30,32,30,31,30,33,32,35,31,30,30,29,31,28,28,34,35,29,28,32,24,23,36,31,29,33,32,32,33,33,32,31,32,29,27,28,30,31,25,32,34,32,30,36,36,36,27,26,27,27,26,31,30,31,24,23,29,29,28,32,33,28,37,28,31,33,33,33,30,32,26,29,30,29,28,36,23,25,31,29,25,30,29,27,28,29,30,27,33,33,29,29,27,28,33,34,36,34,35,34,33,34,34,31,30,28,31,28,28,24,27,30,21,20,20,31,35,31,29,34,30,30,35,32,29,30,34,33,30,27,25,33,23,32,26,31,30,28,28,32,31,
36,37,36,31,35,35,34,31,33,33,30,29,30,31,23,22,32,32,28,29,28,28,30,32,31,31,32,33,30,35,35,33,31,32,32,32,31,33,33,28,29,28,34,30,31,29,31,31,26,34,32,30,29,30,25,38,38,29,29,31,31,27,26,34,30,31,35,36,27,33,32,33,36,30,29,29,29,30,29,31,32,25,32,25,32,27,30,29,29,28,30,25,30,23,30,31,28,34,35,30,26,32,30,32,26,31,27,35,30,24,33,33,32,38,34,39,28,34,31,30,29,33,36,32,30,31,30,29,29,29,34,34,28,29,28,34,24,26,30,35,33,32,34,32,31,32,34,32,26,30,27,32,31,32,32,31,35,33,29,32,36,34,30,27,27,26,32,32,26,31,23,30,29,30,23,33,28,32,27,28,29,34,31,31,31,34,29,24,29,29,33,28,34,32,32,31,31,31,29,32,33,31,31,32,29,30,31,27,35,34,32,37,33,31,36,35,34,33,35,31,33,28,33,27,25,28,26,33,32,35,32,27,35,36,37,33,34,36,33,33,28,28,28,28,31,26,26,27,24,25,27,30,30,32,30,33,
37,37,37,36,28,35,32,36,35,33,35,30,31,28,32,24,32,33,33,27,30,31,32,31,29,31,33,33,33,29,32,29,30,30,36,30,32,35,32,32,32,34,34,34,33,34,31,30,31,35,32,27,31,31,30,25,24,24,34,28,27,28,28,30,26,31,32,32,36,33,32,35,36,35,31,30,31,33,30,30,37,26,32,33,24,28,31,31,28,28,26,25,26,24,26,30,29,30,30,35,29,27,32,31,29,26,25,27,28,33,33,34,33,38,29,35,39,32,34,31,32,33,30,34,33,32,32,31,30,31,35,36,36,33,32,36,26,27,30,30,30,34,34,32,36,33,32,36,36,29,29,33,32,32,32,38,35,29,30,33,37,28,28,30,31,31,32,37,32,26,33,29,30,29,31,30,34,37,25,31,30,32,32,31,29,34,30,31,26,30,26,33,26,34,30,32,29,31,29,35,33,34,33,32,30,30,30,28,28,36,34,31,34,32,36,36,33,34,35,35,35,32,27,33,28,28,32,35,33,33,36,39,28,36,32,34,33,34,29,35,35,29,29,32,32,33,27,26,32,27,28,31,30,30,32,31,
38,37,38,38,37,29,34,33,35,35,35,28,29,29,29,25,33,35,27,28,27,30,31,32,28,30,32,37,28,28,30,30,37,32,32,33,33,36,28,27,33,33,35,32,33,35,34,31,31,34,30,32,29,30,32,28,25,25,26,37,29,35,30,27,30,30,28,28,35,33,33,36,35,36,31,31,31,36,34,33,35,38,33,34,25,25,30,31,31,28,28,30,27,30,25,31,31,32,31,35,36,34,26,27,29,35,29,26,30,34,35,33,34,34,28,30,37,35,33,33,36,32,30,34,33,34,34,33,33,31,27,31,36,27,34,25,36,36,28,31,31,33,33,36,36,34,31,28,37,33,32,33,31,33,36,36,33,30,30,35,29,27,30,30,39,33,32,32,30,37,36,36,31,30,31,33,31,28,37,35,31,30,33,35,35,34,35,31,28,33,27,25,28,35,32,32,32,28,35,30,27,34,35,31,36,33,34,30,30,33,34,26,31,28,32,32,28,35,31,36,33,29,27,34,30,29,32,29,33,34,31,38,38,34,38,32,32,29,29,29,35,36,36,30,32,32,27,27,33,31,29,32,32,33,31,32,
38,38,38,37,39,37,30,36,32,31,28,29,33,29,33,30,36,29,35,32,28,26,33,29,27,28,37,41,29,29,33,30,29,33,37,32,32,34,40,34,33,29,30,36,37,36,34,33,32,36,29,30,32,31,32,28,30,29,27,34,37,36,32,28,30,30,35,28,32,32,33,36,36,36,36,36,33,34,36,33,35,35,32,35,29,36,35,31,32,32,26,31,27,27,32,31,32,31,32,30,36,29,27,29,29,29,31,30,35,31,31,32,35,35,34,31,30,36,35,34,32,35,32,32,35,33,35,33,34,31,28,30,32,28,34,26,26,31,33,32,33,30,31,28,37,37,32,33,28,33,34,33,33,32,34,32,33,33,33,35,30,31,31,38,29,31,33,32,31,38,37,31,32,32,32,34,33,36,28,36,30,32,30,32,32,35,32,35,28,38,33,34,37,37,36,38,34,34,37,27,29,28,29,33,28,37,31,33,31,35,34,27,32,37,30,29,31,31,30,34,34,30,35,35,30,32,29,31,31,35,32,31,35,35,35,33,31,34,34,28,30,35,28,34,35,35,32,32,32,32,34,33,31,34,32,32,
31,38,25,38,35,35,35,36,37,29,36,34,27,30,28,36,31,31,34,33,35,32,33,32,29,28,33,33,41,42,31,31,35,36,31,31,33,35,34,41,34,34,36,36,38,38,36,34,35,36,31,29,31,33,31,31,33,29,33,28,41,32,33,33,27,32,32,31,36,33,28,33,30,37,37,37,37,32,37,35,29,36,33,33,30,32,36,38,35,34,31,28,34,31,32,32,33,32,31,31,33,28,29,28,30,30,31,31,30,36,36,32,33,36,35,34,37,37,37,35,33,32,34,33,34,35,35,34,34,32,32,34,30,37,28,27,31,30,35,34,36,31,31,34,38,31,32,32,30,34,32,35,38,33,31,33,32,32,35,34,34,31,35,39,29,30,33,31,30,37,31,30,31,31,31,34,29,36,29,28,36,33,31,34,31,37,35,35,37,39,32,33,33,35,33,37,34,37,37,28,36,29,30,33,40,29,33,34,34,34,32,35,33,30,31,31,28,28,31,30,34,31,35,29,36,31,32,32,32,30,31,36,30,28,26,34,33,35,37,32,30,30,28,28,35,36,32,34,31,30,33,33,31,33,34,33,
35,38,40,26,35,32,33,28,34,28,36,30,28,41,28,30,36,37,32,33,32,33,34,33,29,41,33,33,42,41,35,35,34,36,36,33,32,33,35,36,35,40,36,35,29,39,41,37,36,32,37,35,32,33,34,34,34,34,35,35,35,34,33,33,33,31,32,34,32,35,29,37,31,36,39,38,38,38,38,33,37,34,33,33,32,36,33,37,37,34,35,28,34,32,39,33,35,38,29,32,32,34,35,34,30,32,32,31,48,30,31,38,34,37,37,34,35,35,35,37,37,32,33,36,35,36,40,39,35,38,37,35,31,36,31,39,35,32,32,30,36,36,31,30,38,38,35,29,33,39,33,34,35,31,30,36,33,34,34,30,30,35,35,32,34,29,31,32,31,38,36,31,33,36,30,36,32,37,36,34,35,34,36,34,32,30,39,36,37,38,35,34,34,34,38,36,38,34,35,39,37,36,31,34,29,32,30,29,34,35,38,30,34,38,37,29,30,34,31,30,32,32,35,33,34,32,33,33,31,31,35,37,29,39,27,36,36,36,35,36,32,29,29,32,36,35,35,33,32,31,32,33,36,35,34,35,
38,38,40,39,26,40,33,32,40,28,29,36,35,38,40,32,31,34,34,34,35,33,34,36,31,32,41,42,40,40,42,35,30,35,37,33,30,32,36,38,38,39,33,36,38,40,40,34,33,35,32,36,33,38,36,36,34,35,34,38,41,37,33,35,35,34,27,30,35,36,37,30,32,37,39,38,43,36,38,39,34,32,34,37,32,32,36,37,37,39,39,40,33,34,38,34,36,35,39,28,32,37,36,35,30,32,40,32,31,33,31,39,37,31,38,33,35,34,40,37,34,34,36,36,36,36,36,39,41,39,34,38,35,32,42,39,35,32,35,30,36,29,31,31,31,31,29,35,32,37,37,35,38,34,31,31,35,30,34,30,34,35,35,35,34,33,35,33,36,37,36,31,38,36,34,36,35,37,33,37,34,35,34,35,36,31,33,37,39,37,41,38,35,36,34,36,36,35,28,36,35,32,32,35,35,37,28,35,35,36,37,40,31,35,34,30,31,35,36,34,34,33,36,38,35,35,33,31,32,31,32,31,30,29,37,36,34,32,36,37,34,36,31,32,33,32,35,33,34,32,33,33,34,36,35,33,
36,39,28,42,27,31,36,34,35,32,41,37,36,42,41,41,30,33,34,35,34,34,33,32,31,31,33,31,39,33,37,37,40,31,31,37,33,34,32,35,33,32,39,33,42,30,35,38,34,36,36,37,38,38,37,35,36,35,39,39,42,37,38,38,37,35,29,29,31,37,37,36,31,36,40,38,41,38,40,39,37,30,35,36,36,38,37,36,43,40,39,41,34,34,39,39,36,37,36,40,30,32,32,33,38,38,30,29,33,49,33,35,33,36,32,36,37,37,36,38,40,37,34,39,35,41,37,37,38,41,37,35,33,36,37,35,36,36,37,39,39,37,32,36,31,32,28,30,38,38,36,38,34,39,34,32,37,38,36,34,39,36,34,35,38,35,35,34,30,37,31,37,37,38,32,37,34,35,35,34,34,35,33,35,35,34,34,36,39,32,35,33,34,30,35,37,29,33,40,31,36,37,34,35,36,33,38,34,35,40,38,41,41,31,29,30,36,35,36,25,34,36,30,35,36,39,32,32,37,32,32,33,31,32,28,39,33,35,36,36,35,41,32,41,33,38,32,34,33,34,33,35,34,35,33,34,
37,36,35,40,39,42,33,33,33,33,37,40,37,43,41,40,31,39,38,37,38,35,32,40,38,31,32,33,40,34,44,33,37,36,36,33,35,32,32,36,34,39,39,34,39,42,38,39,38,37,37,38,37,38,37,32,36,33,37,39,41,43,39,35,33,38,33,39,32,35,38,39,37,35,36,39,38,39,39,40,36,36,34,32,37,34,38,37,33,41,40,42,42,35,33,41,37,30,41,30,31,32,43,34,37,30,31,40,30,33,49,37,36,36,36,36,38,38,33,31,39,33,39,39,37,34,42,32,38,41,36,32,36,34,37,41,35,37,35,35,34,38,32,38,39,32,38,30,34,32,36,39,33,33,43,35,40,35,40,35,35,34,35,33,37,36,28,35,34,33,32,38,37,35,38,35,32,35,36,35,35,37,36,34,37,38,35,36,40,35,35,36,31,35,35,35,36,35,38,40,39,34,37,34,36,40,39,39,35,36,39,40,40,31,32,33,35,34,38,27,28,38,35,31,36,36,37,37,38,33,37,39,30,32,39,40,35,38,35,36,37,32,37,41,35,41,34,33,33,33,36,35,35,35,34,34,
41,36,35,36,42,40,34,33,40,40,37,42,36,36,43,43,41,41,38,37,37,35,33,36,39,38,35,33,42,35,35,44,35,36,37,35,36,34,35,34,39,40,31,34,34,37,42,40,37,39,36,38,38,39,39,37,33,35,39,33,40,43,43,42,45,32,33,39,32,34,38,39,37,37,36,42,41,43,33,42,38,39,36,38,37,37,35,37,45,39,36,41,42,40,37,40,41,38,42,41,40,32,41,31,33,39,39,33,37,40,35,36,36,36,37,33,31,31,36,32,40,34,39,35,37,41,40,35,38,34,41,35,33,37,38,37,39,33,41,35,38,35,37,34,35,39,34,33,35,39,40,35,32,31,44,40,41,35,36,37,37,36,35,35,41,36,36,30,31,31,31,32,36,35,39,40,37,35,38,36,37,38,37,37,35,41,35,35,36,34,35,35,36,32,35,38,37,36,40,40,38,40,36,38,36,35,36,37,39,35,39,36,38,43,38,33,33,30,30,31,30,33,38,38,36,36,38,31,37,37,37,40,38,36,32,40,40,36,35,35,37,36,36,35,35,41,36,35,32,33,33,35,36,37,36,35,
36,45,37,36,40,40,37,38,34,43,41,43,43,42,42,44,42,41,39,31,39,31,37,36,42,39,35,42,42,37,41,43,45,40,35,37,36,34,35,36,36,40,38,39,38,39,42,41,38,36,38,36,39,40,40,42,36,35,40,31,34,45,34,43,32,35,36,34,33,36,39,39,38,40,36,37,37,40,33,34,41,39,40,40,33,37,37,38,40,40,44,36,40,34,38,33,40,38,41,44,32,42,42,40,32,35,36,33,34,37,37,37,37,37,36,37,34,34,36,35,38,39,34,37,37,40,40,41,39,38,41,35,36,39,39,33,39,38,34,31,38,34,33,36,36,35,37,35,42,41,33,35,32,31,33,31,44,45,37,38,40,37,41,34,41,42,42,41,40,33,31,32,37,39,40,37,38,38,40,37,37,37,38,38,38,37,34,36,36,37,34,38,37,36,38,35,38,37,38,41,41,39,40,39,37,35,37,42,37,39,34,41,36,36,33,38,39,39,31,36,30,33,33,38,38,38,40,34,38,40,38,36,39,39,38,39,37,35,35,41,39,36,36,38,39,36,36,36,35,38,35,38,40,37,36,37,
37,44,44,37,41,38,38,34,39,38,37,42,44,41,45,44,42,44,36,41,42,37,38,37,38,38,38,36,43,41,44,44,45,39,34,38,37,36,40,40,36,37,39,40,39,42,42,43,40,39,40,37,38,36,39,41,41,38,37,32,41,38,37,44,37,36,36,34,37,37,36,39,39,39,33,32,36,43,44,36,35,36,40,40,39,40,37,35,46,46,46,38,36,39,43,33,40,37,43,44,36,33,34,34,37,38,41,36,39,35,35,37,36,38,36,35,35,34,41,39,38,39,35,36,37,40,41,40,42,38,39,36,35,43,40,37,40,38,40,35,37,34,34,38,38,37,38,37,43,42,41,40,37,32,34,32,33,45,33,37,37,41,38,38,35,40,41,40,43,33,34,32,40,38,39,38,38,36,36,41,38,41,38,38,38,39,37,35,35,44,38,39,36,38,38,39,40,33,39,39,41,35,40,39,39,36,36,41,41,33,34,42,36,37,40,39,35,37,32,32,36,35,35,39,39,40,40,38,39,39,40,37,40,40,38,39,38,36,35,35,35,41,43,46,42,39,38,37,37,36,38,39,35,37,36,38,
36,45,43,44,37,40,39,39,42,41,39,41,43,42,44,45,44,45,37,41,43,32,37,37,39,40,43,42,41,42,41,42,41,38,40,34,38,38,36,37,40,40,40,40,39,42,36,39,38,37,39,37,38,38,42,43,42,38,39,38,40,40,39,35,38,40,36,35,34,38,41,39,40,37,34,33,41,35,45,39,35,42,39,41,37,40,42,38,39,36,47,39,38,41,35,37,35,40,40,39,46,37,43,45,38,36,37,37,38,41,43,38,38,40,37,39,36,35,41,40,41,41,46,38,40,40,40,40,40,39,41,36,41,37,44,36,38,41,40,39,39,34,34,44,37,37,39,36,36,42,41,38,39,45,33,41,33,34,33,35,35,39,39,38,39,41,41,32,35,37,38,33,32,42,39,38,36,38,37,38,38,42,41,39,41,35,36,44,44,35,38,38,37,37,43,39,41,41,37,34,40,37,37,40,37,40,37,42,38,35,34,42,37,38,37,41,39,36,36,39,32,38,34,35,39,40,37,47,41,42,39,37,40,41,41,47,40,44,39,42,36,41,36,41,45,43,38,39,36,37,40,40,40,41,38,38,
38,46,40,41,41,42,41,40,41,40,40,44,40,40,38,46,45,44,37,38,36,36,36,40,40,40,39,44,42,35,45,42,42,39,38,39,39,38,37,38,40,41,41,39,39,43,38,37,40,38,43,39,39,45,39,39,43,39,38,37,42,42,34,35,42,40,39,36,37,42,35,41,39,40,38,35,36,43,35,39,42,40,39,40,41,39,42,40,42,39,47,40,38,41,38,38,35,40,40,45,45,46,44,45,46,43,40,41,40,42,43,43,42,39,38,41,35,33,43,35,41,40,44,44,40,40,43,41,41,39,39,42,40,38,38,37,37,37,39,38,37,40,39,40,38,39,42,42,37,43,35,43,39,40,37,33,44,43,35,37,34,38,36,39,43,40,41,33,33,42,37,39,36,42,39,40,40,37,40,38,39,45,40,42,41,36,44,38,45,45,43,38,39,39,38,42,42,42,39,37,38,38,38,37,40,38,36,42,41,40,36,40,43,41,41,38,40,40,37,40,38,39,39,33,39,36,39,40,41,49,47,36,37,40,41,38,48,44,39,37,39,37,38,38,41,46,39,40,40,40,38,41,40,41,38,39,
39,41,41,42,42,40,42,44,42,42,41,43,39,41,44,40,37,41,45,37,35,37,37,41,38,41,39,43,36,36,43,43,44,40,39,40,39,39,40,39,41,41,40,39,40,43,45,38,40,42,38,43,39,41,44,37,40,41,36,43,38,42,43,39,38,43,43,38,39,43,38,40,40,41,42,38,36,36,39,40,41,45,41,40,41,41,39,40,40,43,39,37,38,39,37,38,39,35,37,40,40,45,45,46,39,42,42,41,41,37,44,45,40,39,39,36,36,34,39,43,44,41,45,37,38,40,39,44,44,41,39,42,41,37,38,40,38,42,38,36,38,33,40,41,44,38,43,36,42,35,36,45,40,40,38,46,38,37,44,36,37,36,40,35,38,39,41,34,38,41,35,38,38,43,39,41,39,40,38,42,41,46,40,42,42,42,44,41,42,43,36,44,44,44,43,45,39,43,43,38,38,37,38,39,41,36,42,41,41,41,41,41,42,43,42,41,42,40,41,42,39,40,40,43,37,37,38,40,41,43,48,43,44,38,36,35,36,44,47,46,43,41,41,42,38,38,36,42,37,40,36,38,42,41,42,41,
42,42,41,41,42,43,43,41,44,39,42,35,42,40,43,38,43,35,39,43,38,44,41,42,44,39,41,40,40,39,40,43,42,38,40,39,39,40,40,39,40,43,43,41,41,44,43,45,46,41,41,39,44,40,40,45,41,44,37,36,35,35,40,40,44,41,39,40,40,40,38,41,40,41,42,39,44,40,42,41,46,43,40,44,38,38,43,40,42,44,40,40,40,39,40,39,39,38,42,39,42,46,43,40,36,43,38,42,40,41,45,44,43,41,43,43,42,38,43,39,42,44,42,42,40,43,40,41,47,44,43,39,38,38,40,37,37,40,37,37,42,39,34,33,44,40,38,43,38,36,37,40,39,37,46,42,39,39,38,38,38,38,40,36,39,41,40,42,39,44,38,37,42,39,42,44,39,39,39,39,42,47,47,40,43,41,43,45,44,44,38,37,36,42,46,45,44,46,42,42,45,41,46,47,39,37,43,38,40,41,43,42,44,41,41,44,40,43,41,41,42,45,42,37,44,40,39,44,43,41,42,42,44,45,38,37,43,43,47,44,44,46,38,41,43,38,37,41,36,39,41,38,39,41,40,42,
41,43,39,45,42,43,43,42,42,40,39,43,36,41,41,43,38,43,40,42,43,42,42,42,45,43,40,38,41,41,43,44,39,42,38,41,40,40,41,41,40,41,43,43,41,43,44,45,43,44,40,40,39,43,40,41,42,42,45,40,36,36,41,41,40,42,40,41,44,41,41,45,42,42,40,53,45,40,43,41,40,43,41,45,40,38,44,44,44,41,39,43,41,43,41,41,40,44,42,42,42,44,44,41,42,37,40,40,39,41,41,42,44,40,44,43,43,43,43,41,43,42,42,42,38,41,42,36,46,48,48,40,40,40,39,44,41,38,40,38,43,44,36,34,40,45,45,44,41,36,42,42,39,38,38,40,41,39,44,44,38,39,44,43,39,40,39,43,43,42,45,39,41,42,41,43,39,42,40,40,41,46,44,48,43,45,44,42,44,39,38,38,37,42,38,41,38,47,40,42,43,41,42,41,47,41,42,43,39,43,43,44,38,42,40,39,44,43,42,41,44,45,43,44,43,42,42,44,42,44,42,45,43,45,38,40,46,44,45,44,45,39,38,43,40,40,45,43,43,39,40,38,40,39,41,42,
43,41,42,47,46,41,44,38,42,41,42,40,37,46,41,41,40,42,43,42,44,48,43,42,43,43,44,46,36,42,41,43,41,40,43,40,42,42,43,38,41,43,44,44,44,41,43,43,41,45,41,41,40,37,44,39,41,42,45,40,39,45,38,42,41,42,41,42,45,41,37,43,50,44,43,39,37,50,50,42,40,46,42,39,42,40,38,44,44,43,46,41,44,42,41,42,45,45,44,43,43,42,44,43,40,40,43,41,41,40,41,41,45,41,40,41,39,45,45,42,41,43,41,36,38,41,43,38,39,46,39,47,40,44,41,43,45,40,45,38,43,44,38,37,41,45,44,44,46,42,39,40,38,40,38,42,41,40,45,44,41,44,47,39,44,41,39,44,44,44,45,42,40,46,42,43,43,42,43,41,41,43,47,46,44,41,42,41,40,44,38,39,45,43,39,38,39,39,40,44,38,45,43,42,43,41,42,43,43,43,46,43,45,38,41,42,42,40,39,43,44,45,44,45,44,43,48,44,44,46,44,42,44,40,38,40,44,45,44,44,45,41,39,41,43,43,43,45,44,39,40,38,40,39,39,41,
49,40,43,39,48,42,42,39,42,39,42,41,44,45,47,42,43,42,43,45,43,43,41,44,45,43,45,46,38,37,43,42,42,45,40,35,43,41,45,41,39,42,40,44,45,42,43,39,44,38,42,42,43,40,38,44,40,42,42,46,42,47,47,38,43,41,43,41,44,44,44,38,51,46,41,41,40,49,41,43,47,41,43,43,40,42,39,46,44,43,44,43,41,41,42,44,44,47,45,44,44,43,45,41,39,40,39,40,41,43,43,41,42,40,41,41,43,46,46,46,43,43,44,37,45,40,41,38,46,46,41,40,43,42,43,43,47,47,43,44,40,45,45,41,45,48,44,45,43,46,46,40,42,44,41,42,41,43,44,44,44,46,37,43,47,41,45,42,45,45,42,44,41,43,44,42,43,44,43,42,44,43,43,38,47,42,42,42,42,43,43,40,41,38,43,42,42,41,41,42,44,39,42,42,44,40,43,43,44,44,41,47,44,50,43,43,42,38,45,41,43,46,46,47,46,43,44,50,49,46,45,46,44,41,38,37,41,43,46,43,45,43,41,39,43,44,40,40,44,40,41,38,36,40,40,41,
40,40,40,40,42,49,47,41,40,40,41,40,39,47,46,40,44,45,41,46,42,44,38,44,45,44,41,45,45,38,43,43,43,44,42,36,41,47,45,41,42,40,39,41,45,43,43,43,45,42,39,45,43,47,40,46,43,43,43,43,43,47,40,40,40,47,41,47,43,44,44,45,43,52,50,40,43,52,37,45,44,43,43,42,41,43,42,44,47,45,43,44,43,42,44,41,44,47,48,47,41,43,39,43,37,35,42,42,41,46,46,45,43,46,41,43,44,44,46,46,41,44,45,42,46,46,42,47,39,47,39,40,49,43,44,45,44,42,44,44,39,42,47,42,41,47,47,46,46,45,45,41,42,44,46,44,42,44,45,43,42,46,47,39,44,44,44,45,43,44,43,43,40,44,41,42,43,44,44,41,43,44,44,44,38,42,43,45,47,43,43,45,41,44,43,39,43,41,45,42,45,47,44,42,44,44,40,44,41,45,41,42,45,45,43,46,43,44,42,44,42,44,47,47,42,46,46,51,51,49,47,46,44,41,38,37,44,46,43,47,43,42,41,42,41,44,41,42,43,39,39,38,42,41,41,41,
45,39,41,41,42,48,47,48,41,40,42,39,42,41,48,47,47,45,45,47,42,45,46,39,46,45,41,46,46,46,42,45,40,44,43,41,42,48,48,49,47,41,41,42,46,44,42,45,43,43,38,47,44,43,48,45,43,44,44,46,41,42,41,46,50,41,41,41,48,43,44,45,43,49,51,42,43,52,42,46,42,44,44,41,38,42,42,43,43,47,44,45,46,45,43,42,44,49,49,48,47,42,42,40,42,40,37,44,43,46,46,48,44,41,41,45,44,46,44,43,46,46,43,42,46,46,42,41,47,46,40,42,47,44,40,45,44,43,43,44,41,39,43,46,41,42,41,47,47,47,44,46,45,43,47,41,44,42,44,41,45,45,46,40,38,44,45,46,46,45,46,46,45,41,42,44,42,45,46,45,42,43,43,45,47,48,42,46,43,45,41,47,45,45,42,41,48,43,40,42,47,48,43,44,43,45,42,44,44,42,45,41,44,43,43,45,45,45,43,43,46,42,42,47,42,46,46,46,41,50,45,46,42,44,38,37,44,40,46,46,44,45,45,46,41,41,43,43,40,40,40,41,39,40,41,41,
45,44,42,44,42,44,44,48,40,46,44,46,43,42,48,47,49,43,45,45,45,47,40,40,41,45,46,46,47,43,43,44,45,42,44,42,42,46,48,45,47,48,47,43,43,52,51,51,47,44,41,48,41,49,48,43,46,42,47,46,42,42,42,46,51,42,48,45,49,41,46,44,45,43,50,44,42,49,52,43,46,49,42,38,46,42,43,45,45,51,45,44,47,46,47,47,44,47,44,49,45,42,46,42,42,46,47,42,46,43,47,46,44,45,46,43,44,45,45,45,42,46,41,45,49,47,40,43,44,44,42,49,51,49,43,43,45,44,44,44,43,39,45,46,41,42,47,44,45,45,46,43,42,48,43,42,42,42,47,45,42,48,44,45,45,45,45,47,45,42,46,44,47,49,42,48,45,46,45,46,45,44,42,49,49,42,49,48,48,49,40,43,47,49,45,46,49,43,43,44,46,48,43,44,44,44,44,44,44,45,43,45,45,42,45,47,46,45,46,44,45,42,44,47,41,43,46,41,42,46,44,46,47,45,44,42,38,41,47,45,46,45,46,47,46,44,41,43,42,43,42,41,43,43,41,42,
46,46,43,42,42,45,44,45,41,45,47,47,47,43,45,45,48,43,44,49,44,50,40,42,41,43,48,40,44,42,41,45,45,40,44,43,46,43,46,48,47,41,48,44,51,42,41,43,43,40,43,43,50,43,48,44,46,43,46,44,48,43,43,44,44,49,49,42,47,42,49,48,46,46,50,49,40,45,46,47,51,50,49,45,47,42,44,43,45,49,45,46,45,44,47,47,41,49,45,47,45,47,43,41,42,47,49,42,44,47,44,46,46,47,45,42,44,46,47,46,45,44,42,42,44,49,41,48,50,42,47,42,49,51,50,45,45,46,43,45,45,43,44,45,44,43,46,41,44,47,47,46,47,47,50,45,48,49,47,49,43,50,49,43,46,47,45,47,42,46,47,44,46,44,42,49,49,47,43,47,48,45,45,46,50,48,47,49,49,48,47,48,48,47,48,46,47,49,44,47,42,47,47,47,45,44,43,45,45,42,43,44,46,42,41,44,46,47,46,48,45,45,43,44,48,41,44,43,51,49,45,45,46,47,41,45,42,43,44,45,44,46,47,47,47,44,45,43,43,44,44,41,46,44,45,42,
48,49,48,45,43,44,47,45,46,46,45,48,43,46,51,42,49,43,45,45,50,43,50,41,43,43,48,44,41,41,42,42,44,48,42,44,45,46,46,47,46,42,41,50,49,42,44,43,46,40,47,44,50,43,43,46,43,44,46,51,51,42,47,47,43,49,41,46,46,46,45,47,47,51,51,51,48,45,47,48,48,44,48,46,44,43,48,43,47,45,45,48,44,46,45,48,45,46,49,46,51,44,42,42,43,47,47,46,45,47,45,43,47,45,46,46,44,45,45,47,46,49,48,46,47,43,50,50,51,42,50,49,49,50,47,50,47,44,46,44,47,45,47,50,44,44,44,43,41,50,47,47,47,47,44,46,50,49,47,47,49,47,46,44,47,46,48,48,43,46,46,43,46,44,44,47,46,50,46,47,48,46,46,45,49,47,45,44,46,49,49,44,42,47,48,47,48,45,45,43,46,46,48,47,49,48,44,46,45,44,45,45,43,50,42,50,48,46,45,49,45,46,47,44,43,45,44,44,48,48,50,44,44,46,45,41,47,44,42,43,46,46,47,46,48,46,45,44,51,43,49,43,45,45,46,43,
50,50,49,46,44,44,44,45,44,47,45,49,49,48,47,53,44,46,43,46,48,49,44,46,47,43,44,44,48,43,42,46,44,48,47,47,44,50,47,46,44,44,42,49,51,50,50,45,44,42,43,45,49,53,48,46,46,45,45,45,51,42,45,48,42,50,43,42,43,49,49,49,45,51,51,51,48,46,45,46,50,51,49,51,46,45,50,49,45,46,45,46,46,47,47,46,40,47,46,45,45,52,44,46,50,51,51,48,47,47,48,49,48,45,46,48,45,44,46,48,47,48,47,49,42,44,49,44,50,48,48,50,49,49,49,51,48,46,47,48,49,47,47,48,49,45,51,46,42,45,47,48,48,41,45,45,43,50,47,48,49,48,47,47,46,49,46,44,49,44,47,44,44,46,43,50,47,47,47,47,47,46,47,50,49,44,48,44,44,47,44,50,43,48,48,49,48,46,43,46,44,45,49,47,44,44,49,44,46,48,45,45,45,44,46,51,44,47,42,45,45,45,47,45,47,44,45,44,48,48,49,51,44,52,47,43,48,43,45,51,50,49,48,46,48,47,48,46,45,49,49,49,45,46,50,45,
50,50,51,46,45,45,46,47,47,46,46,47,49,47,50,49,49,45,48,47,43,47,50,46,47,43,48,44,49,49,48,48,50,45,48,47,49,50,48,47,45,48,50,46,45,45,50,45,42,41,42,49,45,53,50,52,48,47,46,47,46,49,49,50,51,51,44,43,44,46,46,51,45,45,50,48,47,48,46,50,51,46,45,46,49,47,47,49,44,45,45,44,47,47,46,47,41,48,47,42,46,51,45,45,46,52,51,45,46,48,48,49,49,54,46,48,44,47,45,48,45,48,51,45,52,43,47,49,45,46,49,51,50,52,48,52,47,49,47,51,49,48,48,49,48,47,47,45,45,45,47,49,43,53,50,49,50,43,47,44,49,44,49,47,46,48,46,46,47,49,45,46,49,45,49,46,50,42,45,47,48,48,47,46,50,49,49,46,43,44,44,46,48,48,47,49,45,51,44,45,48,46,47,51,47,50,49,48,49,49,47,48,46,45,48,46,46,46,47,52,51,44,46,46,45,45,45,50,49,48,47,48,51,52,49,51,48,43,50,47,52,47,50,47,49,48,49,46,46,46,48,49,49,48,50,46,
50,44,48,51,48,46,46,47,51,47,51,48,50,48,49,50,51,52,45,49,49,46,50,51,51,48,47,48,49,48,49,49,51,48,50,48,51,47,49,49,48,50,49,47,49,48,49,46,46,45,41,50,46,47,51,49,53,47,47,47,47,47,45,49,47,47,51,50,47,46,46,51,46,50,51,50,49,49,49,47,48,49,45,51,47,51,49,50,46,46,49,48,48,51,46,47,53,47,44,43,49,49,52,46,46,49,50,49,48,47,48,50,48,54,47,49,46,50,48,51,45,47,45,45,49,52,46,45,45,48,48,51,48,50,48,49,50,48,48,46,46,48,46,48,49,44,51,49,45,47,44,48,53,44,43,51,51,49,50,44,51,53,47,47,48,50,46,50,48,47,51,46,48,48,50,49,47,44,45,47,51,47,48,48,52,47,47,46,45,44,45,50,49,50,46,48,50,41,42,51,44,48,48,47,49,51,48,45,48,50,45,49,50,46,53,47,47,50,46,53,45,47,49,46,47,46,48,49,47,48,48,49,49,53,51,50,49,50,50,51,48,48,48,49,46,50,49,47,50,46,47,48,48,49,47,47,
51,48,45,49,48,51,46,46,50,49,52,48,49,49,45,50,47,48,51,52,49,48,48,51,51,53,45,51,51,51,50,49,52,51,51,50,50,48,46,50,51,51,52,50,50,45,50,50,47,42,46,46,49,46,48,53,52,47,51,53,48,49,49,50,48,50,51,51,48,48,51,51,46,51,47,45,50,52,50,48,49,49,51,51,48,51,50,49,46,47,46,51,48,48,51,47,53,53,52,49,49,52,45,46,52,51,48,48,48,48,49,49,51,49,47,48,49,49,50,51,50,47,47,49,45,45,48,47,50,48,46,49,50,47,52,49,49,48,50,49,49,48,48,49,48,48,52,49,49,46,46,49,53,45,51,50,52,52,49,45,53,53,51,50,49,48,49,46,52,49,49,49,49,52,47,51,45,48,47,44,48,52,49,49,47,47,49,47,46,49,46,50,47,51,47,45,45,42,43,46,45,48,48,47,48,46,47,47,46,50,50,50,50,49,46,48,52,48,47,44,50,46,45,50,49,46,46,49,49,49,51,51,50,48,52,51,51,50,50,48,48,49,47,49,48,47,50,49,49,50,47,48,49,49,49,48,
49,50,49,45,47,50,47,47,49,49,47,50,50,51,53,51,47,48,49,51,52,49,49,53,54,54,46,53,51,52,51,53,50,49,50,51,52,49,49,48,51,53,52,51,51,49,50,51,48,48,47,48,48,49,50,52,48,48,48,50,51,54,55,49,49,46,52,47,48,47,51,48,47,51,52,51,47,48,49,50,49,47,50,47,47,50,50,47,52,48,50,52,51,52,51,51,48,48,51,50,47,51,51,46,46,49,52,49,50,50,48,50,50,49,49,49,51,50,50,51,51,49,48,46,46,46,47,48,48,51,47,46,48,51,50,48,49,49,49,48,50,50,49,45,46,52,53,48,53,46,46,45,48,51,50,52,49,48,53,50,48,54,50,49,49,50,46,46,52,51,48,52,53,50,51,51,50,50,48,45,46,45,48,50,49,50,48,48,48,47,54,49,50,49,49,48,47,46,45,51,48,49,49,52,47,49,48,52,54,50,56,48,50,52,51,47,50,48,49,45,51,48,51,48,50,49,47,49,48,51,53,48,51,50,51,50,51,48,50,50,49,50,52,49,48,52,48,49,47,52,51,53,52,50,50,50,
52,51,46,49,48,50,52,51,50,50,49,52,51,51,50,54,53,53,51,50,50,51,53,52,52,48,47,50,52,48,49,48,49,50,49,52,54,52,55,49,49,51,53,50,49,49,48,49,51,50,51,50,48,50,48,53,55,51,53,51,53,54,51,46,51,47,47,47,47,48,49,55,49,50,52,51,46,50,50,46,46,52,50,51,55,52,52,54,52,51,52,50,50,48,49,49,49,49,49,51,49,52,48,47,49,53,53,50,50,50,51,50,50,53,50,49,51,49,52,49,50,47,48,47,47,47,48,47,48,49,48,47,52,51,51,48,50,50,50,50,51,53,47,49,47,50,48,50,52,52,50,46,46,49,52,49,52,51,52,49,51,49,49,49,49,49,50,51,53,51,50,50,52,48,48,47,51,51,48,46,47,46,47,50,52,51,52,49,49,51,51,53,52,50,49,47,49,47,46,50,52,50,45,48,53,52,52,51,51,50,55,55,47,52,53,54,51,49,50,46,50,49,48,51,50,48,49,50,48,52,51,51,50,50,46,49,50,49,49,51,52,50,49,50,49,48,49,46,48,48,46,52,52,51,51,53,
51,56,47,55,50,50,54,48,50,48,50,49,51,52,51,50,52,51,50,53,51,52,52,53,53,50,53,54,49,50,49,49,50,50,53,53,50,53,54,49,50,51,51,51,51,48,50,49,55,51,48,51,50,47,51,51,55,55,53,51,54,53,55,53,53,51,50,48,48,48,50,51,52,52,50,52,52,51,51,54,47,52,54,54,52,50,53,51,52,53,49,50,50,48,49,48,51,50,49,54,54,50,53,49,51,51,53,49,48,54,51,50,55,53,52,51,53,52,50,49,50,49,47,57,51,52,50,47,49,46,49,48,53,51,49,49,51,49,48,52,50,54,50,50,47,49,49,53,51,53,53,49,51,50,53,51,53,51,53,51,52,52,52,50,50,51,50,52,51,53,51,49,51,50,49,51,48,49,48,55,47,48,50,50,52,51,53,53,52,52,47,54,50,52,50,50,53,50,51,50,52,50,46,47,48,52,51,52,52,54,48,56,51,52,53,53,55,54,48,47,52,51,49,51,50,50,50,51,49,54,53,49,53,47,50,47,52,50,49,50,51,50,49,50,51,50,53,53,53,49,51,46,53,52,49,48,
52,51,51,57,51,52,53,52,48,52,49,51,50,51,52,52,50,52,56,50,51,54,50,53,50,53,54,52,55,51,50,52,49,53,53,50,50,53,49,50,53,49,56,51,52,52,49,51,50,56,49,50,51,53,50,50,52,55,54,53,51,52,56,50,52,54,50,52,51,50,49,52,54,50,52,53,47,51,49,48,55,52,49,57,59,51,50,51,52,51,50,52,53,49,48,49,49,51,50,48,52,54,50,54,47,49,55,52,52,50,55,54,55,50,52,54,51,54,50,48,53,49,49,48,49,48,53,54,52,50,48,47,50,50,50,52,49,50,49,51,51,53,53,51,51,48,49,49,53,49,49,50,51,52,55,50,52,53,55,51,54,54,53,53,50,51,51,52,50,52,51,51,50,51,53,52,51,53,48,49,50,48,48,52,52,49,52,54,53,56,53,53,52,50,53,53,51,49,50,49,50,53,50,52,49,53,52,50,53,52,57,52,51,51,53,53,51,55,54,55,49,52,50,50,50,52,57,50,50,50,49,52,53,51,50,53,48,50,50,52,50,49,50,50,51,51,53,53,50,50,53,51,49,47,48,49,
49,52,55,52,54,53,53,55,49,49,52,50,52,50,52,52,52,51,52,52,53,54,53,51,51,51,55,52,52,52,51,54,51,51,50,53,49,51,52,53,53,54,51,54,54,55,50,49,52,54,50,54,50,54,53,52,53,54,54,53,54,51,51,52,53,54,51,51,51,55,53,51,55,50,53,52,52,51,48,49,54,55,55,50,51,52,51,55,51,53,54,52,50,51,49,51,50,49,51,49,51,52,55,54,52,50,50,52,53,52,52,53,50,49,54,52,50,50,51,57,53,53,50,50,49,49,51,56,55,50,49,52,50,50,50,53,54,50,50,51,52,53,51,52,51,52,48,50,53,53,52,52,51,56,52,51,52,52,53,52,56,50,53,54,51,55,55,52,52,52,50,52,50,52,55,52,52,55,52,51,50,52,49,49,49,53,53,54,57,56,55,53,52,54,50,51,52,54,53,51,52,51,51,56,50,51,53,50,53,53,55,58,52,54,51,53,52,52,52,52,54,50,52,52,52,51,53,55,49,49,51,51,50,50,50,52,50,52,50,53,53,52,49,53,51,52,52,50,53,50,52,51,53,54,48,47,
52,52,53,55,58,54,55,55,54,50,52,52,52,51,52,51,53,52,55,53,55,50,51,51,51,53,57,56,53,53,54,54,52,54,54,55,50,50,56,51,53,53,52,53,52,54,52,51,52,53,53,50,53,55,54,54,53,56,55,55,54,49,49,51,52,54,55,54,53,52,52,53,54,50,51,52,54,49,52,56,52,52,56,55,56,55,53,54,52,53,49,52,53,52,52,50,52,52,53,53,53,53,55,56,54,53,53,52,53,53,53,52,53,50,50,53,51,52,55,52,53,51,54,53,51,56,55,54,51,52,51,52,54,51,50,55,55,56,51,56,53,51,53,52,51,52,51,52,51,52,53,54,53,57,56,56,54,53,52,53,57,57,54,54,51,54,53,54,52,53,51,51,56,53,55,53,53,53,53,55,52,52,54,49,53,52,54,54,55,53,56,53,52,55,57,51,52,52,53,52,51,54,56,53,50,52,49,50,48,55,56,55,55,55,56,54,49,53,50,52,54,53,49,53,49,54,54,56,59,57,55,53,51,52,51,50,52,52,53,51,52,53,52,51,50,52,51,55,53,56,51,53,52,52,53,53,
53,56,56,57,55,54,52,54,55,53,53,53,55,52,53,52,52,54,54,54,55,55,52,52,53,53,54,57,54,53,54,53,53,54,54,56,53,51,56,52,53,55,56,54,53,56,54,51,53,54,54,55,53,55,55,54,53,53,54,56,54,53,50,53,54,54,55,52,51,53,53,53,53,52,51,54,53,55,56,56,55,55,51,56,52,57,57,57,55,55,50,57,54,53,55,52,53,55,55,54,54,54,52,55,51,51,55,55,51,54,54,53,51,57,51,52,54,51,52,53,54,53,51,51,57,57,56,57,53,51,53,52,53,54,51,51,54,53,52,52,50,51,53,52,58,51,52,52,53,52,54,54,55,53,54,54,53,54,52,53,54,53,54,53,54,54,55,57,50,54,54,53,54,54,55,56,54,54,53,52,52,54,52,55,53,51,53,55,55,52,53,55,52,58,51,52,53,51,52,52,53,55,56,54,51,52,53,50,51,52,54,56,52,52,54,53,53,50,53,53,56,56,55,50,54,54,51,54,56,57,57,51,54,54,56,51,53,53,52,52,52,53,53,52,55,53,52,53,54,56,58,53,53,52,53,54,
54,54,55,57,54,58,54,56,55,55,55,55,51,56,52,53,51,53,55,53,57,55,54,53,51,51,51,53,54,54,56,51,55,55,53,55,56,54,53,55,56,56,50,53,54,56,56,55,52,54,52,51,53,57,55,54,52,55,56,55,55,52,54,51,53,54,52,50,56,52,54,51,55,54,56,53,53,54,54,54,54,52,52,54,55,56,57,53,56,57,57,56,56,54,56,54,52,53,54,57,50,50,52,52,56,52,55,53,52,52,52,54,55,59,52,53,53,53,55,52,52,52,56,52,53,53,58,57,53,53,54,54,53,55,51,55,52,50,57,55,56,57,52,57,55,54,55,55,56,53,55,54,56,54,55,55,54,56,53,53,53,55,56,55,53,57,54,57,57,52,51,54,54,54,56,55,55,52,57,54,53,54,55,52,54,51,50,52,54,55,55,56,53,53,59,52,53,52,52,53,52,55,56,54,54,53,54,53,56,52,55,52,51,53,55,55,54,51,51,57,56,57,51,57,54,55,53,52,53,57,51,52,53,53,53,54,55,50,53,55,52,55,55,55,54,54,54,56,55,53,56,55,58,54,54,54,
55,54,55,56,53,54,55,55,58,51,55,56,58,53,58,54,53,55,55,53,54,58,54,53,53,54,54,56,54,55,56,56,56,54,53,55,55,57,55,56,55,56,55,56,55,55,55,54,53,56,52,53,53,57,55,55,55,55,56,55,57,55,53,55,54,55,54,55,55,56,53,53,54,57,56,53,56,54,57,55,55,53,52,55,57,54,58,53,57,53,57,53,56,54,56,55,53,53,56,56,54,51,55,54,53,56,55,57,54,53,54,53,53,54,54,54,54,53,53,54,56,54,54,55,55,55,58,54,56,54,53,53,53,55,54,55,55,54,53,57,53,53,54,58,54,54,54,54,54,55,55,55,56,55,55,56,54,54,55,55,53,53,56,54,55,54,54,54,57,53,56,55,55,57,55,56,55,54,53,53,54,54,54,58,56,56,52,54,57,56,54,53,55,54,54,52,54,52,54,54,52,57,56,55,57,57,54,57,58,54,56,56,52,56,56,56,58,51,52,53,54,52,52,54,55,55,53,53,53,54,53,57,54,54,57,53,56,51,54,55,53,52,55,58,54,52,55,58,55,53,54,52,54,56,57,55,
55,55,54,53,54,55,56,56,56,53,52,52,51,53,57,59,55,56,57,55,57,55,55,54,56,55,54,56,57,56,57,57,57,55,54,58,56,55,53,53,56,55,53,52,54,56,55,52,57,57,56,54,55,54,56,56,56,57,56,57,58,57,57,53,56,55,55,56,58,56,55,54,55,55,53,54,57,54,53,57,57,56,54,54,55,55,54,56,54,53,58,55,56,55,55,54,53,53,53,54,57,58,53,55,52,54,56,55,57,53,54,55,53,56,55,57,55,54,54,54,57,54,54,56,53,57,56,56,55,56,54,53,54,57,55,56,56,54,54,54,54,54,56,57,56,55,55,52,53,54,55,56,58,56,53,55,55,54,54,55,54,56,54,54,55,55,57,56,54,57,56,55,53,58,56,55,55,54,55,58,58,56,54,55,54,56,55,54,53,56,55,56,56,56,53,54,54,54,53,55,53,58,57,55,57,58,54,55,58,61,54,54,59,54,56,56,55,54,53,54,55,56,54,52,56,56,57,54,53,56,55,55,58,55,58,57,55,56,52,59,56,54,52,56,57,55,53,53,55,51,53,52,54,56,57,58,
56,56,56,54,57,56,56,57,56,56,54,53,55,55,54,57,58,56,55,57,57,55,55,56,55,55,59,57,58,58,57,56,56,55,58,58,57,56,54,55,56,56,58,53,55,55,56,55,52,52,57,53,53,56,55,59,58,60,57,57,59,58,57,54,57,56,57,54,58,54,56,54,55,56,57,54,54,56,56,54,58,57,57,55,54,58,56,55,57,55,55,56,54,54,54,54,54,55,54,54,59,57,59,53,53,57,55,56,55,57,56,55,53,57,56,57,56,55,55,56,57,57,53,57,58,56,57,55,55,58,55,54,55,55,55,57,57,57,54,54,56,55,58,55,55,55,53,53,54,54,57,57,57,56,55,55,56,57,56,56,57,54,55,55,56,57,57,57,56,57,55,56,55,57,59,57,56,54,60,59,57,56,56,55,56,56,57,57,55,57,56,56,56,54,55,55,55,57,56,54,57,58,53,54,59,54,55,56,55,58,57,55,57,58,54,57,54,55,57,54,55,57,56,54,56,57,54,56,56,58,56,56,57,56,55,58,56,55,56,54,56,58,56,60,59,58,60,53,58,57,54,53,55,55,60,59,
56,57,55,55,54,59,57,58,57,56,57,57,55,56,58,58,58,57,57,58,55,56,61,55,57,55,57,55,55,58,57,55,54,54,56,56,56,57,55,57,55,56,58,58,56,55,57,58,58,56,59,54,54,56,57,60,58,59,59,57,58,60,59,58,57,57,58,54,54,55,60,57,55,55,55,54,54,56,54,55,55,55,57,56,55,57,57,56,58,57,58,57,59,57,54,58,55,56,54,56,56,58,59,56,55,54,54,59,55,56,53,57,56,55,55,57,59,59,56,56,56,58,55,54,57,58,59,56,56,55,59,56,59,56,56,54,59,56,56,55,56,56,56,59,56,56,56,54,57,55,56,56,54,58,54,55,56,55,57,56,55,55,57,56,57,57,58,60,57,59,59,55,57,55,57,57,57,55,55,58,58,57,57,56,56,56,58,59,57,58,57,54,61,56,56,56,57,57,56,57,59,57,59,59,58,58,55,58,56,58,58,54,56,57,59,55,54,57,59,59,58,59,56,57,57,56,54,56,60,60,55,59,55,57,56,55,57,55,56,56,54,57,57,59,54,57,61,57,56,54,57,54,56,55,59,60,
56,56,57,57,55,58,59,58,57,56,56,56,56,55,59,57,57,56,57,59,58,56,57,56,56,57,57,56,57,56,58,56,56,55,59,57,60,55,57,58,57,55,56,58,58,57,57,61,60,58,56,58,55,57,56,61,59,57,55,57,59,59,59,56,58,59,58,58,55,56,56,56,61,60,56,57,54,56,57,60,56,56,56,57,57,55,57,57,55,57,57,58,57,57,58,60,56,55,55,55,56,57,59,56,56,58,60,59,59,56,56,54,57,57,60,58,60,57,58,58,56,58,55,59,58,58,57,58,57,58,57,55,59,59,58,58,56,60,56,59,54,58,58,59,59,57,58,56,55,55,59,58,57,60,57,57,57,56,57,57,57,58,57,57,57,57,56,58,59,59,56,55,56,56,57,58,58,58,58,58,59,58,60,55,57,58,56,58,57,57,58,56,58,59,56,57,57,56,56,57,57,56,59,58,57,60,58,60,56,57,58,57,57,57,56,55,55,58,58,59,58,57,57,58,57,58,55,57,60,60,58,56,58,59,58,55,56,55,56,56,58,57,56,58,59,59,58,55,57,58,59,58,58,57,56,57,
58,57,58,59,58,59,60,57,59,60,60,57,59,61,60,58,56,57,56,57,59,59,57,58,58,58,58,57,58,58,58,58,60,59,59,59,60,56,59,58,57,56,56,58,57,58,61,60,59,62,59,62,58,57,60,59,60,59,57,57,59,60,58,57,59,56,58,58,59,59,60,57,62,61,58,57,57,59,59,57,56,56,57,57,58,58,58,59,60,58,59,58,58,57,56,59,60,57,56,59,57,57,57,57,59,58,59,58,58,59,56,56,59,58,58,57,61,61,59,59,59,58,57,57,58,59,58,56,58,56,58,57,57,58,58,57,57,58,57,57,59,57,58,58,60,61,58,56,58,56,58,57,59,60,57,59,58,59,59,59,58,58,59,58,61,56,57,60,60,58,59,56,56,60,57,58,59,59,61,58,59,58,59,56,56,57,55,58,57,59,58,58,58,58,60,56,58,56,57,56,57,57,60,59,59,59,59,60,57,61,58,58,58,55,56,57,56,57,59,57,57,59,58,59,59,55,60,57,57,60,58,58,57,57,58,56,60,56,56,57,57,58,57,58,59,60,58,56,56,57,58,58,59,59,57,57,
57,58,58,59,60,61,61,58,60,58,59,57,57,58,61,58,59,59,59,57,58,60,60,60,60,58,59,59,58,59,59,59,59,59,61,59,60,61,56,57,57,58,58,59,58,57,60,60,60,60,56,60,57,59,61,59,58,61,60,60,59,58,60,58,56,60,59,59,60,61,61,58,58,56,59,57,57,57,59,58,61,56,56,58,58,58,58,59,58,59,59,61,58,58,58,60,60,61,60,59,57,57,58,57,59,60,59,59,61,59,59,57,56,60,59,60,58,59,61,58,58,59,59,59,59,60,57,57,61,57,57,58,59,59,59,58,58,59,58,58,60,60,58,57,59,59,59,60,60,58,57,58,56,58,58,57,57,59,59,60,58,59,58,61,60,61,58,59,58,60,59,57,58,60,60,59,59,57,59,60,59,59,58,57,57,60,56,57,58,59,59,58,58,59,58,57,57,57,57,57,57,58,58,60,58,60,60,62,58,61,58,59,59,57,56,59,57,59,59,59,59,60,59,58,59,56,60,58,61,60,59,59,58,58,60,59,58,59,59,60,59,58,61,59,59,60,57,59,59,57,59,58,60,59,58,59,
59,63,58,60,59,61,62,59,59,59,59,59,59,59,59,61,60,59,59,59,59,57,59,60,58,60,58,59,59,59,60,60,58,57,57,62,59,61,61,58,57,58,58,59,59,59,57,58,60,61,62,61,62,59,58,60,59,60,59,61,62,58,59,59,58,60,59,61,60,61,61,59,59,58,60,60,59,59,61,59,59,61,59,60,58,58,58,59,58,59,58,61,61,60,60,58,58,61,61,62,59,60,59,58,57,59,63,59,61,59,61,59,57,59,61,58,60,61,58,59,60,59,59,59,59,61,61,58,59,59,59,60,60,59,59,59,59,61,59,61,60,58,62,58,62,61,60,61,61,57,57,59,57,58,60,60,58,59,60,60,58,58,59,61,60,59,61,59,59,58,59,58,59,58,60,60,63,58,60,61,60,59,59,58,57,60,58,60,58,60,59,60,59,59,58,61,58,58,62,58,58,59,61,61,60,58,60,58,60,59,58,58,60,60,58,58,60,59,60,59,60,60,61,61,61,57,57,59,61,60,59,62,61,59,58,59,60,60,59,61,60,59,62,60,58,57,58,61,60,59,60,58,61,60,59,58,
60,60,59,61,61,59,61,60,61,59,60,59,60,59,61,63,60,59,61,61,60,60,60,61,60,58,59,59,59,59,58,59,62,59,59,62,60,60,60,61,59,58,59,59,59,59,59,59,60,61,60,62,59,59,62,60,61,61,61,60,60,59,59,59,59,58,60,63,60,60,61,62,62,59,61,59,59,60,58,58,58,59,59,61,60,60,60,59,61,60,60,60,58,58,60,59,59,59,61,61,60,64,60,59,60,60,59,61,61,60,60,59,60,58,60,60,60,60,61,63,58,59,58,61,59,60,61,61,61,60,60,60,61,62,60,60,59,59,58,59,59,59,61,61,62,58,61,61,61,59,58,61,59,58,59,60,61,59,59,61,59,59,60,61,60,61,62,59,61,59,59,60,58,59,61,58,58,61,59,60,59,59,59,59,58,61,61,58,59,60,59,61,60,60,61,60,60,60,62,59,59,58,59,62,62,60,59,58,61,60,60,60,61,60,60,60,61,60,62,59,58,61,61,60,61,60,63,61,61,61,63,60,59,60,59,59,60,58,61,59,58,59,59,61,61,60,58,61,59,60,59,59,59,60,61,59,
61,60,60,61,60,59,61,61,60,60,60,61,60,62,62,62,61,60,59,61,61,59,61,61,60,61,59,60,60,60,60,59,59,61,62,60,59,60,61,62,62,62,61,60,61,59,62,60,62,60,62,62,60,61,60,61,61,61,59,61,61,62,59,62,60,60,61,60,61,61,61,62,63,60,59,61,61,59,62,61,64,60,61,61,61,60,60,62,60,61,61,60,59,63,61,61,61,62,62,61,59,60,59,63,60,61,60,63,62,61,62,61,61,61,62,62,61,60,61,63,59,60,60,60,63,60,62,62,61,61,59,60,61,59,63,59,61,60,61,59,62,60,62,60,63,61,60,61,62,60,59,61,61,59,59,60,62,59,60,60,60,61,62,61,60,61,62,60,59,61,61,60,59,61,62,59,59,62,64,62,60,60,61,61,61,62,61,61,60,61,60,60,61,60,60,59,60,59,62,61,59,60,60,60,62,59,61,60,61,61,60,60,59,61,59,61,60,61,61,59,60,60,60,59,60,60,59,62,63,59,60,62,61,62,60,61,60,59,61,59,60,59,60,60,61,60,61,61,60,61,60,60,61,63,62,61,
60,63,61,61,61,60,61,62,61,61,62,62,61,60,61,60,61,61,61,62,60,60,61,61,61,62,62,60,61,63,61,60,62,61,62,60,61,61,61,62,61,62,61,62,62,60,61,63,62,60,60,62,63,61,62,62,61,62,61,61,62,60,60,61,60,61,62,60,61,61,61,60,61,62,61,60,62,64,63,62,62,60,61,61,61,62,61,60,62,62,60,61,61,63,64,62,61,61,63,62,60,61,60,60,60,60,61,63,61,60,62,61,63,61,61,62,62,61,62,63,62,62,62,60,62,62,63,63,61,63,62,61,62,61,62,62,60,62,61,61,63,62,62,61,61,62,60,62,62,61,61,61,63,60,60,62,60,60,61,63,61,62,61,61,61,63,61,60,61,61,61,61,61,60,60,61,60,60,61,60,61,60,62,62,61,62,62,61,60,60,62,60,60,61,62,60,61,61,62,62,61,61,61,62,61,61,62,62,61,62,61,61,61,62,61,60,61,62,63,63,61,60,61,63,61,62,61,61,63,61,60,60,63,62,62,62,62,62,62,62,62,62,63,61,62,60,62,62,61,62,62,62,61,62,63,63,
62,61,62,62,62,61,61,61,63,63,62,62,62,62,62,63,62,62,61,63,61,62,61,61,62,63,62,61,63,63,62,62,62,63,62,61,61,61,63,61,63,61,62,63,63,62,62,61,62,62,61,61,63,63,61,62,63,62,62,62,61,64,61,61,61,61,61,62,62,62,62,61,62,62,63,62,61,61,62,62,62,61,61,62,63,61,61,63,62,63,64,61,61,64,61,62,61,62,63,62,63,61,61,62,61,62,61,62,62,62,61,61,63,62,62,62,62,62,63,62,62,61,63,63,62,63,62,61,63,63,63,61,64,62,62,61,61,61,63,61,62,62,61,62,62,61,62,61,63,63,63,61,61,63,63,61,62,62,61,62,64,61,63,61,62,61,61,62,63,61,63,62,62,62,62,62,62,62,62,62,61,63,61,63,61,63,63,61,62,62,63,61,62,63,63,63,61,61,62,61,62,63,62,62,62,62,61,62,61,62,62,61,62,62,62,61,61,63,62,63,61,61,62,63,63,62,62,63,64,62,61,61,61,62,62,62,63,61,62,62,61,62,62,63,62,62,62,62,61,62,61,61,62,62,63,63,
63,62,62,62,63,63,63,62,62,62,62,63,62,63,63,64,63,63,63,62,62,63,62,62,63,63,63,64,62,63,62,63,62,64,63,62,63,64,62,62,62,62,62,63,62,62,64,62,62,63,63,63,62,63,62,62,62,64,63,62,62,64,62,62,63,62,62,62,62,63,62,63,63,63,63,62,62,63,62,63,62,63,62,62,64,63,62,63,63,63,63,63,63,62,62,63,63,62,62,64,62,63,63,62,62,63,63,62,62,63,62,63,63,62,63,62,63,63,63,62,62,63,64,63,62,64,62,63,62,64,62,62,63,62,62,63,63,63,62,64,63,62,62,62,62,63,64,63,63,63,62,62,63,62,64,64,63,63,62,62,63,63,63,62,62,62,62,63,63,63,63,63,64,63,63,64,62,63,62,62,62,64,62,62,63,62,63,63,63,63,64,63,63,63,62,63,62,62,63,62,63,62,63,63,62,62,62,63,63,63,64,62,63,62,62,64,62,63,62,62,62,64,62,63,63,62,63,63,63,63,62,62,62,63,62,63,63,63,62,63,63,62,63,63,63,63,63,63,62,62,62,63,64,63,63,64,
64,63,63,63,63,64,63,63,63,63,63,63,63,63,63,63,64,63,63,64,63,63,63,63,64,63,64,64,63,63,63,64,63,64,63,63,63,63,63,63,64,63,64,63,63,63,63,63,63,64,64,63,64,63,64,63,63,63,63,63,63,64,63,63,64,64,64,63,64,63,63,63,64,63,63,63,63,63,63,64,63,63,64,63,63,63,63,63,64,63,64,64,63,63,63,63,63,63,64,64,63,63,63,64,63,63,63,63,63,63,64,63,63,64,63,64,64,64,63,64,63,63,63,64,63,63,64,63,63,64,64,63,63,63,63,63,63,64,63,64,63,64,63,63,63,63,64,63,63,63,63,64,63,63,64,64,63,64,63,64,63,63,64,63,63,63,63,64,64,63,63,64,64,63,63,63,64,64,63,64,63,63,64,63,63,63,63,64,64,63,63,63,64,63,63,63,63,63,63,64,64,63,64,64,63,64,64,63,63,63,63,63,64,63,63,64,64,64,63,64,63,64,63,63,63,63,63,63,64,63,64,63,63,63,63,63,63,64,64,63,63,63,64,63,63,63,64,64,64,64,63,63,63,63,63,63,
64,64,64,64,64,64,64,64,64,64,64,64,64,64,64,64,64,64,64,64,64,64,64,64,64,64,64,64,64,64,64,64,64,64,64,64,64,64,64,64,64,64,64,64,64,64,64,64,64,64,64,64,64,64,64,64,64,64,64,64,64,64,64,64,64,64,64,64,64,64,64,64,64,64,64,64,64,64,64,64,64,64,64,64,64,64,64,64,64,64,64,64,64,64,64,64,64,64,64,64,64,64,64,64,64,64,64,64,64,64,64,64,64,64,64,64,64,64,64,64,64,64,64,64,64,64,64,64,64,64,64,64,64,64,64,64,64,64,64,64,64,64,64,64,64,64,64,64,64,64,64,64,64,64,64,64,64,64,64,64,64,64,64,64,64,64,64,64,64,64,64,64,64,64,64,64,64,64,64,64,64,64,64,64,64,64,64,64,64,64,64,64,64,64,64,64,64,64,64,64,64,64,64,64,64,64,64,64,64,64,64,64,64,64,64,64,64,64,64,64,64,64,64,64,64,64,64,64,64,64,64,64,64,64,64,64,64,64,64,64,64,64,64,64,64,64,64,64,64,64,64,64,64,64,64,64,